(1300, 175, 1845, t1) & (2513, 192, 4530, t2=t1+(0, 5)) & (1300, 25, 2513, t3=t2+(0, 4)) -> (1300, 175, 1300, t4=t3+(1, 4))	3	0
(4266, 192, 3289, t1) & (3334, 174, 4963, t2=t1+(0, 4)) & (3289, 140, 4963, t3=t2+(0, 3)) -> (4266, 174, 4963, t4=t3+(1, 4))	3	1
(4357, 184, 1212, t1) & (1336, 148, 2227, t2=t1+(0, 10)) & (4357, 172, 2227, t3=t2+(0, 6)) -> (1212, 172, 4357, t4=t3+(1, 8))	3	2
(2667, 156, 3979, t1) & (2875, 24, 1954, t2=t1+(0, 5)) & (2875, 191, 2667, t3=t2+(0, 6)) -> (3979, 24, 2667, t4=t3+(1, 5))	3	3
(4259, 2, 1404, t1) & (418, 93, 4375, t2=t1+(0, 3)) & (1404, 81, 418, t3=t2+(0, 5)) -> (418, 2, 1404, t4=t3+(1, 4))	3	4
(2096, 58, 1149, t1) & (4163, 44, 1035, t2=t1+(0, 7)) & (4163, 8, 2096, t3=t2+(0, 3)) -> (1149, 8, 4163, t4=t3+(1, 7))	3	5
(2724, 19, 38, t1) & (3933, 68, 2872, t2=t1+(0, 5)) & (38, 64, 3933, t3=t2+(0, 2)) -> (3933, 19, 38, t4=t3+(1, 6))	3	6
(4966, 175, 2627, t1) & (2687, 146, 1315, t2=t1+(0, 6)) & (1315, 86, 4966, t3=t2+(0, 2)) -> (2687, 175, 4966, t4=t3+(1, 4))	3	7
(2163, 22, 4434, t1) & (152, 150, 2327, t2=t1+(0, 2)) & (2327, 40, 2163, t3=t2+(0, 8)) -> (2163, 40, 2327, t4=t3+(1, 4))	3	8
(4365, 64, 1137, t1) & (2555, 166, 2876, t2=t1+(0, 8)) & (2555, 168, 4365, t3=t2+(0, 5)) -> (4365, 166, 4365, t4=t3+(1, 6))	3	9
(3168, 43, 420, t1) & (3263, 134, 2953, t2=t1+(0, 6)) & (3263, 196, 3168, t3=t2+(0, 2)) -> (420, 134, 420, t4=t3+(1, 4))	3	10
(3054, 158, 1717, t1) & (1008, 54, 1122, t2=t1+(0, 4)) & (3054, 158, 1008, t3=t2+(0, 5)) -> (1008, 158, 1008, t4=t3+(1, 7))	3	11
(3604, 128, 4032, t1) & (4114, 24, 2301, t2=t1+(0, 5)) & (4114, 159, 3604, t3=t2+(0, 8)) -> (2301, 159, 4114, t4=t3+(1, 4))	3	12
(2264, 133, 2134, t1) & (875, 18, 822, t2=t1+(0, 10)) & (822, 113, 2264, t3=t2+(0, 4)) -> (822, 113, 822, t4=t3+(1, 10))	3	13
(3255, 54, 383, t1) & (3896, 125, 4375, t2=t1+(0, 3)) & (4375, 151, 3255, t3=t2+(0, 6)) -> (383, 54, 3255, t4=t3+(1, 2))	3	14
(728, 97, 4356, t1) & (4965, 87, 4660, t2=t1+(0, 2)) & (4356, 132, 4660, t3=t2+(0, 7)) -> (4965, 132, 4660, t4=t3+(1, 7))	3	15
(2194, 74, 2873, t1) & (4960, 136, 1350, t2=t1+(0, 5)) & (2194, 132, 4960, t3=t2+(0, 7)) -> (1350, 136, 1350, t4=t3+(1, 5))	3	16
(1096, 88, 2055, t1) & (1224, 109, 1148, t2=t1+(0, 2)) & (1096, 43, 1148, t3=t2+(0, 6)) -> (1148, 43, 2055, t4=t3+(1, 5))	3	17
(2911, 103, 504, t1) & (1796, 45, 4701, t2=t1+(0, 1)) & (1796, 11, 504, t3=t2+(0, 5)) -> (4701, 103, 504, t4=t3+(1, 5))	3	18
(1591, 153, 3089, t1) & (2287, 199, 3241, t2=t1+(0, 4)) & (2287, 110, 1591, t3=t2+(0, 4)) -> (2287, 110, 3241, t4=t3+(1, 1))	3	19
(4123, 81, 1742, t1) & (759, 50, 613, t2=t1+(0, 7)) & (1742, 137, 613, t3=t2+(0, 2)) -> (4123, 137, 4123, t4=t3+(1, 6))	3	20
(3742, 43, 4021, t1) & (1674, 181, 1428, t2=t1+(0, 3)) & (3742, 159, 1428, t3=t2+(0, 3)) -> (3742, 159, 3742, t4=t3+(1, 3))	3	21
(1698, 59, 295, t1) & (2344, 115, 1986, t2=t1+(0, 4)) & (1698, 0, 1986, t3=t2+(0, 5)) -> (1698, 59, 1698, t4=t3+(1, 2))	3	22
(1033, 24, 2528, t1) & (3307, 94, 382, t2=t1+(0, 2)) & (382, 23, 1033, t3=t2+(0, 3)) -> (3307, 24, 1033, t4=t3+(1, 8))	3	23
(658, 142, 3330, t1) & (976, 87, 721, t2=t1+(0, 8)) & (658, 41, 721, t3=t2+(0, 4)) -> (658, 142, 721, t4=t3+(1, 4))	3	24
(4098, 57, 3952, t1) & (2325, 108, 3135, t2=t1+(0, 8)) & (4098, 43, 3135, t3=t2+(0, 5)) -> (2325, 57, 2325, t4=t3+(1, 9))	3	25
(3187, 59, 4410, t1) & (3301, 48, 728, t2=t1+(0, 5)) & (728, 85, 4410, t3=t2+(0, 6)) -> (728, 59, 728, t4=t3+(1, 7))	3	26
(3493, 103, 2460, t1) & (4018, 185, 4390, t2=t1+(0, 3)) & (3493, 81, 4390, t3=t2+(0, 6)) -> (3493, 81, 4018, t4=t3+(1, 5))	3	27
(1150, 173, 2844, t1) & (2001, 138, 215, t2=t1+(0, 7)) & (2844, 180, 215, t3=t2+(0, 9)) -> (215, 180, 215, t4=t3+(1, 6))	3	28
(3868, 84, 2420, t1) & (3513, 123, 1175, t2=t1+(0, 7)) & (3513, 60, 3868, t3=t2+(0, 7)) -> (2420, 84, 2420, t4=t3+(1, 4))	3	29
(4764, 126, 2802, t1) & (238, 87, 4927, t2=t1+(0, 4)) & (238, 102, 2802, t3=t2+(0, 5)) -> (4927, 126, 2802, t4=t3+(1, 8))	3	30
(829, 14, 2213, t1) & (4796, 137, 1789, t2=t1+(0, 7)) & (4796, 102, 2213, t3=t2+(0, 5)) -> (1789, 137, 1789, t4=t3+(1, 4))	3	31
(4341, 163, 3934, t1) & (224, 139, 522, t2=t1+(0, 4)) & (522, 9, 3934, t3=t2+(0, 8)) -> (3934, 9, 4341, t4=t3+(1, 3))	3	32
(3451, 187, 3497, t1) & (3789, 4, 932, t2=t1+(0, 6)) & (3451, 34, 3789, t3=t2+(0, 10)) -> (3451, 34, 3789, t4=t3+(1, 8))	3	33
(3675, 69, 901, t1) & (3929, 151, 990, t2=t1+(0, 4)) & (990, 124, 3675, t3=t2+(0, 7)) -> (3675, 69, 901, t4=t3+(1, 9))	3	34
(1560, 80, 141, t1) & (2807, 187, 1405, t2=t1+(0, 5)) & (141, 68, 1405, t3=t2+(0, 9)) -> (1560, 68, 141, t4=t3+(1, 3))	3	35
(1227, 171, 503, t1) & (4540, 14, 1679, t2=t1+(0, 3)) & (1227, 198, 4540, t3=t2+(0, 4)) -> (4540, 171, 1679, t4=t3+(1, 6))	3	36
(1149, 3, 1959, t1) & (820, 106, 1454, t2=t1+(0, 5)) & (1959, 17, 820, t3=t2+(0, 5)) -> (820, 3, 1454, t4=t3+(1, 4))	3	37
(4010, 47, 3454, t1) & (3249, 106, 4292, t2=t1+(0, 7)) & (4010, 12, 3249, t3=t2+(0, 1)) -> (4292, 12, 4010, t4=t3+(1, 6))	3	38
(2116, 154, 3865, t1) & (740, 23, 3575, t2=t1+(0, 7)) & (3865, 49, 3575, t3=t2+(0, 5)) -> (3575, 49, 740, t4=t3+(1, 8))	3	39
(119, 173, 63, t1) & (1784, 134, 3979, t2=t1+(0, 5)) & (3979, 194, 119, t3=t2+(0, 6)) -> (119, 194, 1784, t4=t3+(1, 9))	3	40
(2632, 86, 4413, t1) & (1409, 149, 267, t2=t1+(0, 1)) & (1409, 89, 2632, t3=t2+(0, 4)) -> (2632, 149, 267, t4=t3+(1, 6))	3	41
(1871, 23, 3779, t1) & (2599, 22, 1686, t2=t1+(0, 3)) & (2599, 94, 3779, t3=t2+(0, 2)) -> (2599, 22, 1686, t4=t3+(1, 7))	3	42
(1852, 182, 4235, t1) & (3889, 116, 4108, t2=t1+(0, 6)) & (3889, 171, 1852, t3=t2+(0, 9)) -> (1852, 116, 4108, t4=t3+(1, 6))	3	43
(1174, 123, 3094, t1) & (4522, 1, 1261, t2=t1+(0, 2)) & (3094, 100, 1261, t3=t2+(0, 6)) -> (3094, 100, 4522, t4=t3+(1, 3))	3	44
(4378, 1, 2559, t1) & (4297, 150, 2892, t2=t1+(0, 5)) & (4378, 189, 2892, t3=t2+(0, 8)) -> (2559, 1, 2559, t4=t3+(1, 2))	3	45
(3054, 106, 1485, t1) & (4875, 177, 3766, t2=t1+(0, 2)) & (4875, 106, 3054, t3=t2+(0, 3)) -> (3054, 106, 3766, t4=t3+(1, 4))	3	46
(1174, 109, 4959, t1) & (1471, 116, 861, t2=t1+(0, 2)) & (861, 93, 1174, t3=t2+(0, 4)) -> (4959, 93, 1174, t4=t3+(1, 5))	3	47
(3253, 153, 4412, t1) & (668, 183, 1002, t2=t1+(0, 7)) & (4412, 152, 1002, t3=t2+(0, 2)) -> (4412, 183, 4412, t4=t3+(1, 5))	3	48
(2336, 23, 167, t1) & (2678, 113, 3033, t2=t1+(0, 3)) & (2336, 178, 2678, t3=t2+(0, 3)) -> (2336, 113, 3033, t4=t3+(1, 4))	3	49
(2582, 100, 2508, t1) & (776, 167, 3981, t2=t1+(0, 2)) & (3981, 23, 2582, t3=t2+(0, 3)) -> (776, 167, 2508, t4=t3+(1, 7))	3	50
(3152, 171, 591, t1) & (3751, 65, 4163, t2=t1+(0, 5)) & (4163, 76, 591, t3=t2+(0, 9)) -> (591, 171, 591, t4=t3+(1, 6))	3	51
(4836, 17, 1809, t1) & (4541, 15, 2667, t2=t1+(0, 3)) & (4836, 120, 2667, t3=t2+(0, 6)) -> (2667, 17, 4836, t4=t3+(1, 9))	3	52
(2877, 10, 1942, t1) & (376, 190, 668, t2=t1+(0, 4)) & (2877, 43, 668, t3=t2+(0, 4)) -> (2877, 43, 668, t4=t3+(1, 4))	3	53
(4636, 148, 7, t1) & (4495, 122, 3399, t2=t1+(0, 11)) & (4495, 122, 4636, t3=t2+(0, 5)) -> (4636, 122, 3399, t4=t3+(1, 4))	3	54
(1713, 27, 4691, t1) & (2275, 164, 2218, t2=t1+(0, 5)) & (2275, 57, 4691, t3=t2+(0, 3)) -> (2218, 27, 1713, t4=t3+(1, 5))	3	55
(4405, 38, 1764, t1) & (4630, 171, 302, t2=t1+(0, 5)) & (4405, 155, 4630, t3=t2+(0, 6)) -> (4630, 155, 4630, t4=t3+(1, 1))	3	56
(3691, 109, 185, t1) & (915, 152, 678, t2=t1+(0, 7)) & (185, 11, 915, t3=t2+(0, 5)) -> (185, 152, 3691, t4=t3+(1, 6))	3	57
(2437, 24, 3728, t1) & (1432, 69, 3660, t2=t1+(0, 8)) & (3728, 176, 3660, t3=t2+(0, 3)) -> (2437, 176, 3728, t4=t3+(1, 7))	3	58
(334, 161, 4703, t1) & (3003, 137, 454, t2=t1+(0, 2)) & (4703, 24, 3003, t3=t2+(0, 9)) -> (454, 161, 334, t4=t3+(1, 5))	3	59
(696, 150, 3772, t1) & (4418, 153, 2098, t2=t1+(0, 2)) & (4418, 174, 696, t3=t2+(0, 3)) -> (3772, 153, 696, t4=t3+(1, 2))	3	60
(266, 130, 4946, t1) & (2486, 44, 4164, t2=t1+(0, 8)) & (4946, 137, 2486, t3=t2+(0, 8)) -> (4946, 137, 4946, t4=t3+(1, 2))	3	61
(3244, 40, 1577, t1) & (2090, 61, 3002, t2=t1+(0, 3)) & (2090, 89, 1577, t3=t2+(0, 4)) -> (3002, 61, 3244, t4=t3+(1, 4))	3	62
(1414, 64, 2818, t1) & (2881, 91, 1153, t2=t1+(0, 2)) & (2818, 5, 1153, t3=t2+(0, 3)) -> (1153, 5, 2818, t4=t3+(1, 4))	3	63
(2611, 10, 1820, t1) & (3272, 124, 2340, t2=t1+(0, 3)) & (1820, 50, 2340, t3=t2+(0, 2)) -> (1820, 50, 1820, t4=t3+(1, 2))	3	64
(3801, 117, 3731, t1) & (3452, 115, 2340, t2=t1+(0, 6)) & (3452, 147, 3731, t3=t2+(0, 2)) -> (3731, 115, 3452, t4=t3+(1, 3))	3	65
(2300, 162, 1759, t1) & (1931, 117, 3092, t2=t1+(0, 4)) & (1931, 124, 2300, t3=t2+(0, 10)) -> (2300, 162, 2300, t4=t3+(1, 4))	3	66
(4084, 72, 2707, t1) & (3297, 100, 4583, t2=t1+(0, 7)) & (4583, 152, 4084, t3=t2+(0, 7)) -> (4084, 72, 2707, t4=t3+(1, 1))	3	67
(1372, 186, 2385, t1) & (4192, 116, 3889, t2=t1+(0, 7)) & (4192, 169, 1372, t3=t2+(0, 5)) -> (1372, 116, 2385, t4=t3+(1, 7))	3	68
(3730, 130, 1373, t1) & (4140, 136, 4003, t2=t1+(0, 5)) & (4003, 45, 3730, t3=t2+(0, 7)) -> (4140, 45, 4003, t4=t3+(1, 6))	3	69
(1325, 0, 4676, t1) & (1256, 80, 4618, t2=t1+(0, 4)) & (1256, 58, 1325, t3=t2+(0, 5)) -> (4676, 0, 1325, t4=t3+(1, 4))	3	70
(67, 171, 4496, t1) & (3753, 83, 2249, t2=t1+(0, 5)) & (4496, 76, 2249, t3=t2+(0, 5)) -> (4496, 76, 2249, t4=t3+(1, 1))	3	71
(4540, 119, 2716, t1) & (3647, 37, 1139, t2=t1+(0, 6)) & (1139, 39, 2716, t3=t2+(0, 6)) -> (1139, 119, 3647, t4=t3+(1, 3))	3	72
(806, 99, 1509, t1) & (567, 74, 3901, t2=t1+(0, 8)) & (3901, 195, 806, t3=t2+(0, 4)) -> (806, 195, 3901, t4=t3+(1, 4))	3	73
(4340, 2, 2977, t1) & (490, 22, 2656, t2=t1+(0, 5)) & (4340, 55, 2656, t3=t2+(0, 6)) -> (2656, 22, 2656, t4=t3+(1, 2))	3	74
(3953, 23, 1134, t1) & (1040, 74, 4217, t2=t1+(0, 5)) & (1040, 98, 3953, t3=t2+(0, 4)) -> (4217, 74, 1040, t4=t3+(1, 3))	3	75
(1176, 135, 3757, t1) & (2569, 35, 793, t2=t1+(0, 6)) & (793, 58, 1176, t3=t2+(0, 6)) -> (793, 58, 1176, t4=t3+(1, 4))	3	76
(4604, 188, 2219, t1) & (1857, 185, 2090, t2=t1+(0, 10)) & (4604, 5, 2090, t3=t2+(0, 7)) -> (2090, 188, 2219, t4=t3+(1, 5))	3	77
(2154, 100, 4523, t1) & (3095, 131, 2552, t2=t1+(0, 8)) & (2552, 104, 2154, t3=t2+(0, 8)) -> (2154, 104, 3095, t4=t3+(1, 4))	3	78
(2422, 135, 2571, t1) & (1209, 156, 3563, t2=t1+(0, 3)) & (1209, 113, 2422, t3=t2+(0, 4)) -> (1209, 113, 2571, t4=t3+(1, 3))	3	79
(2015, 180, 1292, t1) & (561, 19, 1452, t2=t1+(0, 3)) & (2015, 69, 561, t3=t2+(0, 1)) -> (561, 69, 1292, t4=t3+(1, 5))	3	80
(556, 25, 122, t1) & (719, 12, 1761, t2=t1+(0, 4)) & (556, 134, 1761, t3=t2+(0, 7)) -> (556, 25, 556, t4=t3+(1, 7))	3	81
(2814, 165, 4112, t1) & (1616, 179, 1608, t2=t1+(0, 7)) & (1616, 138, 4112, t3=t2+(0, 6)) -> (1616, 165, 1616, t4=t3+(1, 3))	3	82
(1988, 132, 2259, t1) & (2009, 107, 4434, t2=t1+(0, 8)) & (1988, 52, 4434, t3=t2+(0, 8)) -> (2009, 132, 2259, t4=t3+(1, 8))	3	83
(4960, 109, 4207, t1) & (3087, 83, 2301, t2=t1+(0, 9)) & (3087, 158, 4960, t3=t2+(0, 7)) -> (4960, 158, 4207, t4=t3+(1, 7))	3	84
(925, 153, 504, t1) & (1597, 115, 4691, t2=t1+(0, 7)) & (504, 132, 4691, t3=t2+(0, 4)) -> (4691, 132, 925, t4=t3+(1, 11))	3	85
(717, 135, 3458, t1) & (4331, 10, 286, t2=t1+(0, 3)) & (286, 195, 3458, t3=t2+(0, 4)) -> (286, 10, 3458, t4=t3+(1, 4))	3	86
(201, 64, 4617, t1) & (4960, 126, 4373, t2=t1+(0, 3)) & (4373, 41, 4617, t3=t2+(0, 7)) -> (4617, 126, 4617, t4=t3+(1, 7))	3	87
(1226, 182, 1893, t1) & (393, 97, 2597, t2=t1+(0, 5)) & (1226, 63, 393, t3=t2+(0, 4)) -> (1226, 63, 393, t4=t3+(1, 3))	3	88
(4632, 189, 3980, t1) & (4961, 60, 2152, t2=t1+(0, 12)) & (2152, 177, 3980, t3=t2+(0, 4)) -> (4961, 189, 4961, t4=t3+(1, 4))	3	89
(4617, 184, 1963, t1) & (1415, 97, 1645, t2=t1+(0, 6)) & (4617, 134, 1415, t3=t2+(0, 7)) -> (1645, 97, 1645, t4=t3+(1, 2))	3	90
(1525, 42, 3954, t1) & (4927, 43, 4422, t2=t1+(0, 8)) & (1525, 164, 4422, t3=t2+(0, 6)) -> (1525, 42, 1525, t4=t3+(1, 8))	3	91
(1556, 125, 1911, t1) & (4045, 4, 3665, t2=t1+(0, 5)) & (3665, 189, 1911, t3=t2+(0, 5)) -> (3665, 125, 1556, t4=t3+(1, 6))	3	92
(3814, 75, 4537, t1) & (1462, 157, 4227, t2=t1+(0, 3)) & (4537, 3, 4227, t3=t2+(0, 3)) -> (4537, 157, 4227, t4=t3+(1, 6))	3	93
(4626, 131, 3595, t1) & (3829, 17, 3769, t2=t1+(0, 6)) & (3829, 6, 4626, t3=t2+(0, 10)) -> (4626, 131, 4626, t4=t3+(1, 7))	3	94
(1738, 104, 484, t1) & (1634, 68, 20, t2=t1+(0, 3)) & (20, 151, 484, t3=t2+(0, 4)) -> (20, 151, 1738, t4=t3+(1, 7))	3	95
(3624, 71, 4374, t1) & (1664, 107, 206, t2=t1+(0, 4)) & (4374, 66, 206, t3=t2+(0, 8)) -> (4374, 107, 206, t4=t3+(1, 8))	3	96
(3019, 77, 583, t1) & (3509, 129, 754, t2=t1+(0, 4)) & (3019, 58, 754, t3=t2+(0, 9)) -> (3019, 77, 3509, t4=t3+(1, 3))	3	97
(3773, 62, 4194, t1) & (3651, 44, 3662, t2=t1+(0, 7)) & (3773, 182, 3651, t3=t2+(0, 8)) -> (3651, 44, 3651, t4=t3+(1, 4))	3	98
(971, 110, 1019, t1) & (3624, 115, 334, t2=t1+(0, 9)) & (971, 67, 334, t3=t2+(0, 3)) -> (971, 110, 1019, t4=t3+(1, 2))	3	99
(4254, 105, 4491, t1) & (4254, 155, 3869, t2=t1+(0, 2)) -> (4491, 155, 3869, t3=t2+(1, 4))	2	100
(3076, 100, 3569, t1) & (3569, 50, 721, t2=t1+(0, 4)) -> (721, 50, 721, t3=t2+(1, 5))	2	101
(1902, 63, 937, t1) & (937, 8, 2002, t2=t1+(0, 7)) -> (1902, 8, 2002, t3=t2+(1, 5))	2	102
(3434, 33, 3258, t1) & (3258, 142, 3258, t2=t1+(0, 2)) -> (3434, 33, 3258, t3=t2+(1, 4))	2	103
(2677, 133, 688, t1) & (3330, 52, 688, t2=t1+(0, 9)) -> (3330, 52, 2677, t3=t2+(1, 9))	2	104
(3955, 98, 3924, t1) & (3955, 193, 3924, t2=t1+(0, 1)) -> (3955, 98, 3924, t3=t2+(1, 4))	2	105
(4797, 198, 2484, t1) & (2484, 10, 3674, t2=t1+(0, 5)) -> (4797, 10, 2484, t3=t2+(1, 1))	2	106
(893, 77, 2838, t1) & (2838, 81, 2057, t2=t1+(0, 3)) -> (2838, 81, 2057, t3=t2+(1, 6))	2	107
(2493, 95, 1151, t1) & (1151, 165, 1151, t2=t1+(0, 1)) -> (1151, 165, 1151, t3=t2+(1, 2))	2	108
(4464, 44, 4894, t1) & (4894, 152, 4464, t2=t1+(0, 4)) -> (4894, 152, 4894, t3=t2+(1, 3))	2	109
(2696, 179, 3342, t1) & (3342, 34, 3342, t2=t1+(0, 5)) -> (3342, 34, 2696, t3=t2+(1, 7))	2	110
(4378, 11, 2500, t1) & (2433, 197, 4378, t2=t1+(0, 7)) -> (2433, 11, 2500, t3=t2+(1, 8))	2	111
(1775, 199, 1754, t1) & (1775, 171, 1775, t2=t1+(0, 4)) -> (1754, 199, 1754, t3=t2+(1, 5))	2	112
(1172, 196, 2618, t1) & (2618, 179, 2332, t2=t1+(0, 4)) -> (1172, 179, 1172, t3=t2+(1, 6))	2	113
(2549, 39, 1018, t1) & (2507, 198, 1018, t2=t1+(0, 6)) -> (2549, 198, 1018, t3=t2+(1, 9))	2	114
(1234, 154, 2869, t1) & (1234, 26, 1234, t2=t1+(0, 5)) -> (1234, 26, 2869, t3=t2+(1, 3))	2	115
(2868, 139, 1304, t1) & (4749, 190, 2868, t2=t1+(0, 5)) -> (2868, 190, 2868, t3=t2+(1, 3))	2	116
(2951, 30, 1978, t1) & (1978, 186, 1778, t2=t1+(0, 11)) -> (1978, 30, 1778, t3=t2+(1, 5))	2	117
(4640, 5, 2056, t1) & (4640, 16, 4640, t2=t1+(0, 12)) -> (4640, 5, 4640, t3=t2+(1, 8))	2	118
(3135, 97, 2089, t1) & (3135, 63, 2978, t2=t1+(0, 5)) -> (3135, 63, 3135, t3=t2+(1, 6))	2	119
(3103, 167, 167, t1) & (167, 171, 1196, t2=t1+(0, 5)) -> (167, 167, 1196, t3=t2+(1, 6))	2	120
(1193, 74, 210, t1) & (1116, 48, 1193, t2=t1+(0, 5)) -> (210, 74, 1193, t3=t2+(1, 3))	2	121
(1442, 186, 4361, t1) & (1442, 179, 1327, t2=t1+(0, 5)) -> (1327, 179, 1442, t3=t2+(1, 1))	2	122
(4463, 89, 108, t1) & (108, 69, 2385, t2=t1+(0, 3)) -> (108, 69, 108, t3=t2+(1, 6))	2	123
(1329, 34, 4216, t1) & (4216, 198, 1329, t2=t1+(0, 4)) -> (1329, 198, 1329, t3=t2+(1, 5))	2	124
(1640, 51, 4522, t1) & (4675, 103, 4522, t2=t1+(0, 7)) -> (4522, 51, 1640, t3=t2+(1, 6))	2	125
(564, 103, 3423, t1) & (3423, 167, 564, t2=t1+(0, 6)) -> (3423, 103, 564, t3=t2+(1, 3))	2	126
(1663, 196, 2416, t1) & (1663, 193, 700, t2=t1+(0, 6)) -> (1663, 193, 2416, t3=t2+(1, 4))	2	127
(4652, 111, 4147, t1) & (4147, 91, 1297, t2=t1+(0, 5)) -> (4147, 111, 4147, t3=t2+(1, 4))	2	128
(1462, 134, 1409, t1) & (1462, 14, 1462, t2=t1+(0, 6)) -> (1409, 14, 1462, t3=t2+(1, 6))	2	129
(2547, 8, 775, t1) & (2547, 154, 775, t2=t1+(0, 3)) -> (2547, 154, 2547, t3=t2+(1, 7))	2	130
(4978, 7, 4087, t1) & (4087, 170, 4087, t2=t1+(0, 8)) -> (4087, 7, 4087, t3=t2+(1, 2))	2	131
(594, 150, 4761, t1) & (951, 160, 594, t2=t1+(0, 6)) -> (4761, 160, 594, t3=t2+(1, 13))	2	132
(2208, 121, 2776, t1) & (2208, 5, 3221, t2=t1+(0, 7)) -> (2208, 121, 3221, t3=t2+(1, 5))	2	133
(3941, 186, 1602, t1) & (3941, 196, 1677, t2=t1+(0, 4)) -> (1677, 196, 1677, t3=t2+(1, 4))	2	134
(1194, 170, 583, t1) & (4550, 17, 1194, t2=t1+(0, 5)) -> (1194, 17, 1194, t3=t2+(1, 6))	2	135
(4453, 163, 966, t1) & (4255, 34, 4453, t2=t1+(0, 2)) -> (4255, 34, 4255, t3=t2+(1, 12))	2	136
(2320, 175, 4636, t1) & (2320, 88, 3737, t2=t1+(0, 7)) -> (2320, 88, 2320, t3=t2+(1, 2))	2	137
(1517, 125, 4253, t1) & (1517, 127, 77, t2=t1+(0, 3)) -> (1517, 127, 1517, t3=t2+(1, 3))	2	138
(2184, 41, 4467, t1) & (2251, 51, 4467, t2=t1+(0, 6)) -> (4467, 51, 2184, t3=t2+(1, 5))	2	139
(1750, 59, 4135, t1) & (1750, 62, 3273, t2=t1+(0, 2)) -> (3273, 59, 1750, t3=t2+(1, 5))	2	140
(1231, 194, 2909, t1) & (1231, 0, 3046, t2=t1+(0, 3)) -> (1231, 194, 2909, t3=t2+(1, 4))	2	141
(3817, 8, 569, t1) & (300, 163, 569, t2=t1+(0, 3)) -> (569, 8, 569, t3=t2+(1, 6))	2	142
(4408, 157, 1256, t1) & (4408, 82, 4408, t2=t1+(0, 7)) -> (4408, 82, 1256, t3=t2+(1, 3))	2	143
(4632, 50, 789, t1) & (3173, 128, 789, t2=t1+(0, 3)) -> (789, 128, 789, t3=t2+(1, 7))	2	144
(4024, 145, 3564, t1) & (3564, 161, 3103, t2=t1+(0, 10)) -> (3564, 161, 3564, t3=t2+(1, 2))	2	145
(1043, 17, 4755, t1) & (1043, 155, 4366, t2=t1+(0, 2)) -> (1043, 17, 1043, t3=t2+(1, 4))	2	146
(1474, 67, 4251, t1) & (1474, 18, 2065, t2=t1+(0, 1)) -> (4251, 67, 1474, t3=t2+(1, 7))	2	147
(2353, 166, 1518, t1) & (1518, 60, 4322, t2=t1+(0, 5)) -> (2353, 166, 1518, t3=t2+(1, 4))	2	148
(4191, 113, 1623, t1) & (4191, 187, 1363, t2=t1+(0, 6)) -> (4191, 187, 4191, t3=t2+(1, 7))	2	149
(4818, 162, 1261, t1) & (4818, 135, 4818, t2=t1+(0, 2)) -> (4818, 135, 4818, t3=t2+(1, 4))	2	150
(1371, 32, 3634, t1) & (3634, 195, 1371, t2=t1+(0, 4)) -> (3634, 32, 1371, t3=t2+(1, 2))	2	151
(2394, 193, 3516, t1) & (3298, 171, 3516, t2=t1+(0, 3)) -> (3516, 171, 2394, t3=t2+(1, 6))	2	152
(4729, 19, 1977, t1) & (1977, 39, 1977, t2=t1+(0, 4)) -> (1977, 19, 4729, t3=t2+(1, 7))	2	153
(3092, 77, 2887, t1) & (1852, 72, 2887, t2=t1+(0, 6)) -> (3092, 77, 3092, t3=t2+(1, 7))	2	154
(4146, 60, 42, t1) & (4675, 19, 42, t2=t1+(0, 7)) -> (4675, 60, 4675, t3=t2+(1, 4))	2	155
(4275, 1, 412, t1) & (4275, 110, 412, t2=t1+(0, 5)) -> (4275, 110, 412, t3=t2+(1, 3))	2	156
(666, 71, 1061, t1) & (666, 40, 3791, t2=t1+(0, 2)) -> (666, 71, 1061, t3=t2+(1, 6))	2	157
(1714, 118, 1242, t1) & (1242, 111, 103, t2=t1+(0, 5)) -> (1714, 111, 1242, t3=t2+(1, 6))	2	158
(2600, 100, 4560, t1) & (4560, 196, 3025, t2=t1+(0, 10)) -> (2600, 196, 2600, t3=t2+(1, 6))	2	159
(1799, 96, 3602, t1) & (3602, 76, 4483, t2=t1+(0, 5)) -> (4483, 96, 3602, t3=t2+(1, 6))	2	160
(3906, 113, 4151, t1) & (4804, 116, 4151, t2=t1+(0, 7)) -> (4151, 113, 4151, t3=t2+(1, 5))	2	161
(3815, 90, 31, t1) & (3815, 100, 2953, t2=t1+(0, 11)) -> (2953, 100, 2953, t3=t2+(1, 4))	2	162
(2088, 104, 2956, t1) & (2088, 104, 2715, t2=t1+(0, 5)) -> (2088, 104, 2956, t3=t2+(1, 7))	2	163
(1710, 111, 1084, t1) & (1783, 76, 1084, t2=t1+(0, 7)) -> (1084, 76, 1084, t3=t2+(1, 4))	2	164
(210, 112, 1469, t1) & (1469, 63, 3737, t2=t1+(0, 3)) -> (3737, 112, 1469, t3=t2+(1, 3))	2	165
(1074, 118, 3859, t1) & (1074, 88, 1074, t2=t1+(0, 9)) -> (1074, 88, 1074, t3=t2+(1, 4))	2	166
(2464, 179, 1333, t1) & (2464, 78, 4052, t2=t1+(0, 9)) -> (2464, 179, 4052, t3=t2+(1, 6))	2	167
(363, 189, 2019, t1) & (2019, 78, 363, t2=t1+(0, 6)) -> (363, 189, 363, t3=t2+(1, 2))	2	168
(3031, 123, 1533, t1) & (3031, 44, 3031, t2=t1+(0, 4)) -> (3031, 44, 3031, t3=t2+(1, 5))	2	169
(2645, 25, 3646, t1) & (2645, 74, 1157, t2=t1+(0, 3)) -> (1157, 74, 2645, t3=t2+(1, 5))	2	170
(2294, 87, 3343, t1) & (2294, 142, 3343, t2=t1+(0, 5)) -> (2294, 142, 2294, t3=t2+(1, 6))	2	171
(4435, 37, 4462, t1) & (4435, 184, 2300, t2=t1+(0, 5)) -> (4435, 184, 4462, t3=t2+(1, 4))	2	172
(4907, 170, 872, t1) & (4907, 78, 872, t2=t1+(0, 6)) -> (4907, 78, 4907, t3=t2+(1, 5))	2	173
(3273, 133, 2576, t1) & (2576, 11, 2576, t2=t1+(0, 4)) -> (2576, 133, 3273, t3=t2+(1, 9))	2	174
(1495, 118, 4738, t1) & (1495, 99, 186, t2=t1+(0, 6)) -> (186, 118, 186, t3=t2+(1, 8))	2	175
(1800, 194, 4373, t1) & (3345, 83, 4373, t2=t1+(0, 6)) -> (1800, 194, 4373, t3=t2+(1, 5))	2	176
(4435, 106, 3841, t1) & (4435, 177, 3841, t2=t1+(0, 3)) -> (4435, 177, 3841, t3=t2+(1, 5))	2	177
(4604, 169, 60, t1) & (60, 186, 60, t2=t1+(0, 7)) -> (60, 186, 60, t3=t2+(1, 5))	2	178
(1929, 65, 4275, t1) & (4275, 110, 4275, t2=t1+(0, 4)) -> (1929, 65, 4275, t3=t2+(1, 6))	2	179
(94, 81, 2906, t1) & (2906, 77, 2509, t2=t1+(0, 7)) -> (94, 81, 2509, t3=t2+(1, 6))	2	180
(4943, 193, 4916, t1) & (4943, 163, 1802, t2=t1+(0, 6)) -> (4916, 163, 1802, t3=t2+(1, 5))	2	181
(3110, 30, 1403, t1) & (1403, 34, 4353, t2=t1+(0, 6)) -> (3110, 30, 4353, t3=t2+(1, 6))	2	182
(3351, 24, 209, t1) & (3351, 192, 3351, t2=t1+(0, 5)) -> (209, 24, 209, t3=t2+(1, 5))	2	183
(1876, 4, 138, t1) & (3872, 52, 1876, t2=t1+(0, 6)) -> (1876, 52, 138, t3=t2+(1, 3))	2	184
(3979, 149, 2378, t1) & (3979, 100, 3979, t2=t1+(0, 8)) -> (3979, 100, 2378, t3=t2+(1, 9))	2	185
(4075, 102, 3190, t1) & (4075, 24, 4075, t2=t1+(0, 5)) -> (4075, 24, 4075, t3=t2+(1, 8))	2	186
(2089, 139, 4910, t1) & (3511, 173, 2089, t2=t1+(0, 7)) -> (3511, 173, 2089, t3=t2+(1, 3))	2	187
(2445, 45, 2769, t1) & (2769, 38, 2445, t2=t1+(0, 6)) -> (2445, 45, 2445, t3=t2+(1, 2))	2	188
(4986, 147, 4103, t1) & (4986, 18, 4103, t2=t1+(0, 5)) -> (4986, 147, 4103, t3=t2+(1, 5))	2	189
(727, 154, 3653, t1) & (3653, 125, 2886, t2=t1+(0, 0)) -> (2886, 154, 3653, t3=t2+(1, 4))	2	190
(1706, 169, 3470, t1) & (1706, 46, 1706, t2=t1+(0, 2)) -> (1706, 46, 1706, t3=t2+(1, 9))	2	191
(2469, 113, 2507, t1) & (2507, 181, 2469, t2=t1+(0, 4)) -> (2469, 181, 2507, t3=t2+(1, 6))	2	192
(3148, 82, 1026, t1) & (1026, 35, 1026, t2=t1+(0, 5)) -> (3148, 82, 1026, t3=t2+(1, 8))	2	193
(3134, 93, 81, t1) & (1892, 17, 81, t2=t1+(0, 5)) -> (1892, 17, 81, t3=t2+(1, 11))	2	194
(4781, 187, 1830, t1) & (1830, 164, 4781, t2=t1+(0, 7)) -> (4781, 164, 4781, t3=t2+(1, 7))	2	195
(4099, 199, 3637, t1) & (4099, 11, 69, t2=t1+(0, 6)) -> (4099, 11, 3637, t3=t2+(1, 5))	2	196
(921, 41, 1173, t1) & (921, 163, 1173, t2=t1+(0, 2)) -> (921, 163, 921, t3=t2+(1, 5))	2	197
(1489, 94, 2000, t1) & (1489, 153, 2000, t2=t1+(0, 5)) -> (1489, 94, 1489, t3=t2+(1, 8))	2	198
(4812, 84, 3334, t1) & (3334, 55, 4812, t2=t1+(0, 2)) -> (3334, 55, 3334, t3=t2+(1, 7))	2	199
(4589, 32, 1550, t1) -> (1550, 32, 1550, t2=t1+(1, 4))	1	200
(573, 123, 1563, t1) -> (573, 123, 573, t2=t1+(1, 4))	1	201
(2898, 87, 3746, t1) -> (3746, 87, 3746, t2=t1+(1, 6))	1	202
(658, 163, 4118, t1) -> (658, 163, 658, t2=t1+(1, 10))	1	203
(3039, 137, 1532, t1) -> (1532, 137, 3039, t2=t1+(1, 5))	1	204
(3499, 119, 2851, t1) -> (2851, 119, 2851, t2=t1+(1, 7))	1	205
(3353, 145, 2560, t1) -> (2560, 145, 2560, t2=t1+(1, 6))	1	206
(4863, 8, 4959, t1) -> (4863, 8, 4863, t2=t1+(1, 3))	1	207
(2259, 186, 4761, t1) -> (2259, 186, 4761, t2=t1+(1, 9))	1	208
(2331, 44, 1238, t1) -> (2331, 44, 1238, t2=t1+(1, 7))	1	209
(2356, 40, 2080, t1) -> (2356, 40, 2356, t2=t1+(1, 8))	1	210
(3090, 186, 2831, t1) -> (3090, 186, 3090, t2=t1+(1, 4))	1	211
(4118, 114, 2755, t1) -> (4118, 114, 2755, t2=t1+(1, 3))	1	212
(3524, 135, 3237, t1) -> (3237, 135, 3524, t2=t1+(1, 4))	1	213
(2698, 162, 778, t1) -> (2698, 162, 778, t2=t1+(1, 6))	1	214
(3321, 110, 2873, t1) -> (3321, 110, 2873, t2=t1+(1, 5))	1	215
(909, 5, 1617, t1) -> (909, 5, 1617, t2=t1+(1, 7))	1	216
(2467, 75, 4155, t1) -> (2467, 75, 4155, t2=t1+(1, 4))	1	217
(2178, 10, 734, t1) -> (2178, 10, 2178, t2=t1+(1, 3))	1	218
(849, 170, 3479, t1) -> (849, 170, 3479, t2=t1+(1, 3))	1	219
(4249, 116, 1679, t1) -> (4249, 116, 4249, t2=t1+(1, 4))	1	220
(4924, 144, 279, t1) -> (4924, 144, 279, t2=t1+(1, 2))	1	221
(3624, 165, 3547, t1) -> (3624, 165, 3547, t2=t1+(1, 6))	1	222
(1353, 89, 568, t1) -> (1353, 89, 1353, t2=t1+(1, 3))	1	223
(558, 97, 1032, t1) -> (1032, 97, 1032, t2=t1+(1, 7))	1	224
(2235, 74, 4119, t1) -> (4119, 74, 4119, t2=t1+(1, 2))	1	225
(105, 192, 2585, t1) -> (2585, 192, 105, t2=t1+(1, 2))	1	226
(1156, 8, 1358, t1) -> (1156, 8, 1156, t2=t1+(1, 11))	1	227
(3278, 77, 2583, t1) -> (3278, 77, 2583, t2=t1+(1, 4))	1	228
(1089, 19, 4793, t1) -> (1089, 19, 1089, t2=t1+(1, 4))	1	229
(4491, 8, 1847, t1) -> (4491, 8, 1847, t2=t1+(1, 2))	1	230
(3830, 47, 4281, t1) -> (4281, 47, 3830, t2=t1+(1, 8))	1	231
(4540, 21, 2132, t1) -> (4540, 21, 2132, t2=t1+(1, 5))	1	232
(1350, 13, 928, t1) -> (928, 13, 928, t2=t1+(1, 4))	1	233
(1012, 23, 2086, t1) -> (1012, 23, 2086, t2=t1+(1, 5))	1	234
(626, 179, 1081, t1) -> (626, 179, 1081, t2=t1+(1, 2))	1	235
(2226, 106, 4120, t1) -> (4120, 106, 4120, t2=t1+(1, 6))	1	236
(1269, 160, 883, t1) -> (1269, 160, 1269, t2=t1+(1, 8))	1	237
(46, 60, 3146, t1) -> (3146, 60, 46, t2=t1+(1, 4))	1	238
(2373, 162, 2551, t1) -> (2551, 162, 2551, t2=t1+(1, 3))	1	239
(46, 46, 2066, t1) -> (2066, 46, 46, t2=t1+(1, 3))	1	240
(153, 85, 1837, t1) -> (153, 85, 1837, t2=t1+(1, 4))	1	241
(1086, 7, 2051, t1) -> (2051, 7, 2051, t2=t1+(1, 4))	1	242
(4169, 98, 1049, t1) -> (1049, 98, 4169, t2=t1+(1, 5))	1	243
(3646, 130, 3957, t1) -> (3646, 130, 3646, t2=t1+(1, 6))	1	244
(1246, 58, 4300, t1) -> (1246, 58, 4300, t2=t1+(1, 4))	1	245
(1255, 10, 2102, t1) -> (2102, 10, 2102, t2=t1+(1, 6))	1	246
(2206, 148, 2697, t1) -> (2206, 148, 2206, t2=t1+(1, 4))	1	247
(1629, 187, 3581, t1) -> (3581, 187, 1629, t2=t1+(1, 3))	1	248
(924, 41, 667, t1) -> (667, 41, 667, t2=t1+(1, 4))	1	249
(126, 92, 1451, t1) -> (126, 92, 1451, t2=t1+(1, 6))	1	250
(1270, 20, 310, t1) -> (310, 20, 1270, t2=t1+(1, 3))	1	251
(4534, 39, 4782, t1) -> (4534, 39, 4534, t2=t1+(1, 7))	1	252
(2552, 131, 2397, t1) -> (2552, 131, 2552, t2=t1+(1, 7))	1	253
(2328, 151, 2035, t1) -> (2035, 151, 2035, t2=t1+(1, 4))	1	254
(1765, 114, 1383, t1) -> (1383, 114, 1383, t2=t1+(1, 5))	1	255
(2857, 199, 3395, t1) -> (3395, 199, 3395, t2=t1+(1, 5))	1	256
(1866, 22, 711, t1) -> (711, 22, 1866, t2=t1+(1, 3))	1	257
(1482, 70, 3891, t1) -> (1482, 70, 1482, t2=t1+(1, 3))	1	258
(276, 99, 3075, t1) -> (276, 99, 276, t2=t1+(1, 9))	1	259
(3524, 52, 4302, t1) -> (3524, 52, 4302, t2=t1+(1, 2))	1	260
(2340, 194, 4646, t1) -> (4646, 194, 4646, t2=t1+(1, 3))	1	261
(4703, 180, 4455, t1) -> (4455, 180, 4455, t2=t1+(1, 7))	1	262
(221, 63, 1731, t1) -> (1731, 63, 221, t2=t1+(1, 6))	1	263
(3741, 190, 4237, t1) -> (3741, 190, 3741, t2=t1+(1, 3))	1	264
(3309, 166, 1304, t1) -> (3309, 166, 3309, t2=t1+(1, 7))	1	265
(4834, 152, 1245, t1) -> (1245, 152, 4834, t2=t1+(1, 7))	1	266
(1151, 90, 426, t1) -> (426, 90, 426, t2=t1+(1, 9))	1	267
(1015, 139, 1210, t1) -> (1210, 139, 1015, t2=t1+(1, 5))	1	268
(2438, 176, 2572, t1) -> (2572, 176, 2438, t2=t1+(1, 4))	1	269
(4323, 3, 1010, t1) -> (4323, 3, 1010, t2=t1+(1, 7))	1	270
(4071, 142, 3633, t1) -> (4071, 142, 3633, t2=t1+(1, 3))	1	271
(4551, 129, 4155, t1) -> (4155, 129, 4155, t2=t1+(1, 6))	1	272
(1519, 91, 1603, t1) -> (1519, 91, 1603, t2=t1+(1, 4))	1	273
(4547, 41, 3982, t1) -> (3982, 41, 3982, t2=t1+(1, 5))	1	274
(4887, 58, 3012, t1) -> (4887, 58, 4887, t2=t1+(1, 7))	1	275
(3824, 125, 1007, t1) -> (3824, 125, 3824, t2=t1+(1, 9))	1	276
(846, 122, 2629, t1) -> (2629, 122, 2629, t2=t1+(1, 5))	1	277
(2297, 4, 3400, t1) -> (3400, 4, 3400, t2=t1+(1, 4))	1	278
(1679, 125, 2625, t1) -> (2625, 125, 2625, t2=t1+(1, 9))	1	279
(2568, 177, 3866, t1) -> (2568, 177, 3866, t2=t1+(1, 7))	1	280
(44, 138, 797, t1) -> (797, 138, 44, t2=t1+(1, 5))	1	281
(2391, 170, 3988, t1) -> (3988, 170, 3988, t2=t1+(1, 5))	1	282
(3078, 153, 1550, t1) -> (1550, 153, 1550, t2=t1+(1, 3))	1	283
(4836, 171, 982, t1) -> (4836, 171, 4836, t2=t1+(1, 3))	1	284
(2473, 108, 858, t1) -> (858, 108, 858, t2=t1+(1, 4))	1	285
(1455, 174, 1131, t1) -> (1131, 174, 1131, t2=t1+(1, 3))	1	286
(4812, 55, 2782, t1) -> (4812, 55, 4812, t2=t1+(1, 6))	1	287
(2662, 146, 3846, t1) -> (2662, 146, 2662, t2=t1+(1, 6))	1	288
(1999, 70, 4951, t1) -> (1999, 70, 1999, t2=t1+(1, 2))	1	289
(3316, 26, 4564, t1) -> (4564, 26, 3316, t2=t1+(1, 2))	1	290
(3868, 89, 2948, t1) -> (3868, 89, 3868, t2=t1+(1, 4))	1	291
(4322, 53, 3613, t1) -> (3613, 53, 4322, t2=t1+(1, 8))	1	292
(2326, 183, 4136, t1) -> (2326, 183, 4136, t2=t1+(1, 3))	1	293
(506, 78, 3292, t1) -> (3292, 78, 3292, t2=t1+(1, 3))	1	294
(1636, 93, 1732, t1) -> (1732, 93, 1636, t2=t1+(1, 8))	1	295
(333, 122, 3590, t1) -> (333, 122, 333, t2=t1+(1, 6))	1	296
(3610, 174, 2145, t1) -> (3610, 174, 2145, t2=t1+(1, 4))	1	297
(297, 161, 1435, t1) -> (297, 161, 297, t2=t1+(1, 4))	1	298
(1022, 7, 4224, t1) -> (4224, 7, 1022, t2=t1+(1, 5))	1	299
