(134, 99, 4462, t1) & (4945, 32, 1354, t2=t1+(0, 5)) & (134, 47, 1354, t3=t2+(0, 8)) -> (134, 32, 1354, t4=t3+(1, 8))	3	0
(2277, 142, 4079, t1) & (3482, 167, 1801, t2=t1+(0, 8)) & (3482, 190, 2277, t3=t2+(0, 2)) -> (3482, 190, 3482, t4=t3+(1, 3))	3	1
(3781, 30, 1069, t1) & (1409, 163, 647, t2=t1+(0, 5)) & (1409, 191, 1069, t3=t2+(0, 1)) -> (1409, 30, 647, t4=t3+(1, 8))	3	2
(948, 25, 1446, t1) & (4873, 32, 1514, t2=t1+(0, 1)) & (1514, 174, 948, t3=t2+(0, 3)) -> (1514, 32, 1514, t4=t3+(1, 4))	3	3
(1220, 175, 101, t1) & (4859, 113, 3608, t2=t1+(0, 6)) & (3608, 142, 101, t3=t2+(0, 5)) -> (1220, 142, 4859, t4=t3+(1, 4))	3	4
(4756, 195, 98, t1) & (4649, 99, 1006, t2=t1+(0, 7)) & (1006, 36, 4756, t3=t2+(0, 10)) -> (98, 36, 1006, t4=t3+(1, 5))	3	5
(1086, 155, 4210, t1) & (1354, 36, 3036, t2=t1+(0, 3)) & (1354, 13, 1086, t3=t2+(0, 5)) -> (3036, 155, 1354, t4=t3+(1, 5))	3	6
(3543, 150, 4790, t1) & (2852, 147, 2309, t2=t1+(0, 3)) & (4790, 147, 2852, t3=t2+(0, 8)) -> (2852, 147, 2309, t4=t3+(1, 7))	3	7
(4308, 47, 3234, t1) & (2223, 37, 647, t2=t1+(0, 3)) & (4308, 158, 647, t3=t2+(0, 5)) -> (647, 158, 3234, t4=t3+(1, 6))	3	8
(4223, 38, 989, t1) & (787, 53, 1677, t2=t1+(0, 7)) & (989, 26, 1677, t3=t2+(0, 3)) -> (787, 38, 989, t4=t3+(1, 7))	3	9
(566, 59, 226, t1) & (1925, 190, 690, t2=t1+(0, 1)) & (690, 74, 226, t3=t2+(0, 4)) -> (566, 74, 566, t4=t3+(1, 2))	3	10
(1770, 29, 1476, t1) & (4644, 173, 180, t2=t1+(0, 5)) & (1770, 126, 4644, t3=t2+(0, 9)) -> (1770, 126, 1476, t4=t3+(1, 5))	3	11
(2674, 154, 2504, t1) & (398, 124, 902, t2=t1+(0, 3)) & (902, 61, 2674, t3=t2+(0, 4)) -> (2674, 154, 2674, t4=t3+(1, 5))	3	12
(3052, 62, 3612, t1) & (1634, 190, 1594, t2=t1+(0, 7)) & (3612, 96, 1594, t3=t2+(0, 8)) -> (1634, 96, 1634, t4=t3+(1, 5))	3	13
(797, 112, 2983, t1) & (276, 137, 2803, t2=t1+(0, 4)) & (2803, 133, 2983, t3=t2+(0, 4)) -> (2983, 137, 2803, t4=t3+(1, 7))	3	14
(1171, 34, 2983, t1) & (1797, 189, 860, t2=t1+(0, 5)) & (1171, 144, 860, t3=t2+(0, 1)) -> (1797, 34, 1797, t4=t3+(1, 3))	3	15
(3724, 49, 4211, t1) & (3400, 162, 1594, t2=t1+(0, 5)) & (4211, 26, 1594, t3=t2+(0, 6)) -> (3400, 162, 4211, t4=t3+(1, 4))	3	16
(2497, 112, 2259, t1) & (3074, 68, 498, t2=t1+(0, 8)) & (2497, 82, 3074, t3=t2+(0, 6)) -> (2497, 68, 3074, t4=t3+(1, 5))	3	17
(944, 133, 1746, t1) & (3482, 175, 2450, t2=t1+(0, 10)) & (3482, 195, 1746, t3=t2+(0, 4)) -> (1746, 133, 3482, t4=t3+(1, 1))	3	18
(1387, 112, 1100, t1) & (1591, 36, 2936, t2=t1+(0, 7)) & (1387, 100, 1591, t3=t2+(0, 9)) -> (2936, 100, 1387, t4=t3+(1, 2))	3	19
(1415, 175, 568, t1) & (3840, 34, 1455, t2=t1+(0, 3)) & (568, 98, 3840, t3=t2+(0, 3)) -> (1455, 98, 3840, t4=t3+(1, 4))	3	20
(2851, 34, 908, t1) & (1100, 116, 2906, t2=t1+(0, 3)) & (908, 181, 1100, t3=t2+(0, 4)) -> (2906, 116, 2851, t4=t3+(1, 6))	3	21
(1623, 81, 3676, t1) & (2885, 154, 2108, t2=t1+(0, 3)) & (1623, 162, 2885, t3=t2+(0, 7)) -> (2885, 154, 1623, t4=t3+(1, 2))	3	22
(1998, 137, 2681, t1) & (4999, 132, 782, t2=t1+(0, 3)) & (2681, 84, 4999, t3=t2+(0, 3)) -> (2681, 84, 1998, t4=t3+(1, 3))	3	23
(2231, 126, 257, t1) & (2635, 150, 4358, t2=t1+(0, 4)) & (257, 170, 4358, t3=t2+(0, 6)) -> (4358, 170, 257, t4=t3+(1, 6))	3	24
(4287, 80, 653, t1) & (2254, 26, 3578, t2=t1+(0, 5)) & (653, 146, 3578, t3=t2+(0, 4)) -> (4287, 146, 3578, t4=t3+(1, 7))	3	25
(3608, 136, 2491, t1) & (4257, 149, 1702, t2=t1+(0, 6)) & (3608, 38, 4257, t3=t2+(0, 3)) -> (1702, 149, 2491, t4=t3+(1, 3))	3	26
(180, 120, 1470, t1) & (51, 190, 2120, t2=t1+(0, 3)) & (51, 151, 1470, t3=t2+(0, 5)) -> (51, 151, 1470, t4=t3+(1, 7))	3	27
(1455, 55, 3988, t1) & (1503, 174, 3608, t2=t1+(0, 5)) & (1503, 192, 1455, t3=t2+(0, 5)) -> (1503, 192, 1503, t4=t3+(1, 4))	3	28
(779, 65, 4128, t1) & (1594, 50, 2824, t2=t1+(0, 3)) & (2824, 45, 4128, t3=t2+(0, 2)) -> (4128, 45, 2824, t4=t3+(1, 4))	3	29
(2914, 144, 2267, t1) & (1396, 48, 4408, t2=t1+(0, 4)) & (2267, 117, 1396, t3=t2+(0, 6)) -> (1396, 48, 1396, t4=t3+(1, 8))	3	30
(732, 148, 1261, t1) & (3538, 182, 2406, t2=t1+(0, 9)) & (3538, 106, 732, t3=t2+(0, 3)) -> (2406, 106, 3538, t4=t3+(1, 3))	3	31
(596, 39, 1397, t1) & (2954, 51, 2382, t2=t1+(0, 5)) & (2954, 124, 596, t3=t2+(0, 9)) -> (596, 39, 596, t4=t3+(1, 2))	3	32
(4244, 85, 690, t1) & (3657, 158, 3802, t2=t1+(0, 4)) & (4244, 152, 3802, t3=t2+(0, 5)) -> (3802, 158, 3802, t4=t3+(1, 6))	3	33
(316, 112, 797, t1) & (2382, 40, 2681, t2=t1+(0, 2)) & (797, 23, 2681, t3=t2+(0, 4)) -> (2681, 23, 2681, t4=t3+(1, 1))	3	34
(938, 20, 2983, t1) & (4139, 90, 2854, t2=t1+(0, 9)) & (2854, 38, 938, t3=t2+(0, 7)) -> (938, 20, 4139, t4=t3+(1, 5))	3	35
(4453, 33, 3802, t1) & (2043, 110, 4436, t2=t1+(0, 5)) & (4436, 54, 4453, t3=t2+(0, 3)) -> (4453, 33, 3802, t4=t3+(1, 4))	3	36
(4641, 72, 926, t1) & (525, 144, 3695, t2=t1+(0, 5)) & (926, 50, 525, t3=t2+(0, 5)) -> (525, 72, 926, t4=t3+(1, 4))	3	37
(3252, 104, 2983, t1) & (531, 11, 3695, t2=t1+(0, 6)) & (3695, 176, 3252, t3=t2+(0, 2)) -> (531, 104, 2983, t4=t3+(1, 3))	3	38
(3020, 130, 2442, t1) & (201, 59, 1702, t2=t1+(0, 2)) & (1702, 37, 3020, t3=t2+(0, 2)) -> (1702, 59, 201, t4=t3+(1, 7))	3	39
(274, 0, 1591, t1) & (531, 151, 961, t2=t1+(0, 7)) & (274, 151, 531, t3=t2+(0, 8)) -> (531, 151, 531, t4=t3+(1, 6))	3	40
(3680, 172, 1850, t1) & (4894, 83, 960, t2=t1+(0, 5)) & (960, 38, 3680, t3=t2+(0, 4)) -> (960, 83, 4894, t4=t3+(1, 1))	3	41
(1396, 88, 4577, t1) & (1426, 137, 507, t2=t1+(0, 5)) & (1396, 178, 507, t3=t2+(0, 5)) -> (4577, 178, 507, t4=t3+(1, 4))	3	42
(2228, 88, 4803, t1) & (2315, 32, 3020, t2=t1+(0, 7)) & (2315, 6, 4803, t3=t2+(0, 6)) -> (3020, 6, 2228, t4=t3+(1, 3))	3	43
(1060, 12, 1746, t1) & (3400, 193, 2159, t2=t1+(0, 6)) & (1746, 169, 2159, t3=t2+(0, 7)) -> (2159, 193, 1746, t4=t3+(1, 7))	3	44
(4945, 21, 3158, t1) & (3503, 165, 3078, t2=t1+(0, 5)) & (3503, 105, 3158, t3=t2+(0, 6)) -> (3158, 105, 3158, t4=t3+(1, 6))	3	45
(4467, 108, 2880, t1) & (4159, 59, 2629, t2=t1+(0, 4)) & (4467, 35, 4159, t3=t2+(0, 9)) -> (4159, 59, 4159, t4=t3+(1, 7))	3	46
(4523, 160, 782, t1) & (270, 151, 3591, t2=t1+(0, 10)) & (3591, 51, 782, t3=t2+(0, 3)) -> (270, 51, 3591, t4=t3+(1, 3))	3	47
(2871, 118, 1360, t1) & (693, 57, 83, t2=t1+(0, 4)) & (2871, 21, 83, t3=t2+(0, 4)) -> (83, 57, 1360, t4=t3+(1, 5))	3	48
(4308, 42, 2128, t1) & (660, 182, 1100, t2=t1+(0, 2)) & (660, 121, 2128, t3=t2+(0, 4)) -> (1100, 121, 660, t4=t3+(1, 3))	3	49
(3503, 156, 2885, t1) & (780, 183, 4945, t2=t1+(0, 4)) & (780, 120, 2885, t3=t2+(0, 10)) -> (3503, 156, 780, t4=t3+(1, 4))	3	50
(4310, 59, 1060, t1) & (270, 104, 1100, t2=t1+(0, 6)) & (270, 144, 4310, t3=t2+(0, 4)) -> (270, 59, 270, t4=t3+(1, 2))	3	51
(660, 190, 4644, t1) & (2398, 56, 4897, t2=t1+(0, 3)) & (4644, 167, 2398, t3=t2+(0, 5)) -> (2398, 167, 2398, t4=t3+(1, 1))	3	52
(3417, 16, 2505, t1) & (4945, 102, 1850, t2=t1+(0, 5)) & (1850, 186, 2505, t3=t2+(0, 2)) -> (2505, 102, 4945, t4=t3+(1, 7))	3	53
(235, 53, 3036, t1) & (4194, 69, 470, t2=t1+(0, 3)) & (3036, 147, 4194, t3=t2+(0, 6)) -> (4194, 53, 3036, t4=t3+(1, 3))	3	54
(3657, 147, 4600, t1) & (2681, 122, 1226, t2=t1+(0, 9)) & (4600, 6, 1226, t3=t2+(0, 6)) -> (2681, 122, 3657, t4=t3+(1, 4))	3	55
(2986, 38, 2985, t1) & (1634, 117, 1396, t2=t1+(0, 6)) & (2985, 157, 1396, t3=t2+(0, 4)) -> (1396, 117, 1634, t4=t3+(1, 7))	3	56
(3563, 93, 190, t1) & (2277, 148, 4308, t2=t1+(0, 8)) & (2277, 145, 3563, t3=t2+(0, 7)) -> (2277, 148, 2277, t4=t3+(1, 3))	3	57
(2277, 45, 1372, t1) & (2681, 137, 454, t2=t1+(0, 5)) & (2681, 190, 1372, t3=t2+(0, 3)) -> (454, 137, 2681, t4=t3+(1, 9))	3	58
(2983, 49, 4513, t1) & (3011, 156, 765, t2=t1+(0, 4)) & (3011, 85, 4513, t3=t2+(0, 7)) -> (4513, 49, 3011, t4=t3+(1, 7))	3	59
(4813, 63, 3851, t1) & (1409, 109, 2557, t2=t1+(0, 4)) & (2557, 89, 4813, t3=t2+(0, 3)) -> (3851, 89, 4813, t4=t3+(1, 5))	3	60
(808, 55, 3415, t1) & (1514, 134, 2880, t2=t1+(0, 5)) & (2880, 177, 3415, t3=t2+(0, 6)) -> (2880, 55, 2880, t4=t3+(1, 4))	3	61
(1786, 29, 4257, t1) & (3031, 28, 956, t2=t1+(0, 8)) & (4257, 42, 3031, t3=t2+(0, 1)) -> (4257, 28, 1786, t4=t3+(1, 4))	3	62
(2491, 118, 3256, t1) & (4303, 57, 4770, t2=t1+(0, 9)) & (2491, 70, 4303, t3=t2+(0, 3)) -> (2491, 70, 4770, t4=t3+(1, 2))	3	63
(568, 172, 1145, t1) & (3898, 195, 565, t2=t1+(0, 6)) & (3898, 190, 568, t3=t2+(0, 2)) -> (568, 172, 568, t4=t3+(1, 10))	3	64
(4212, 4, 4308, t1) & (4179, 13, 1226, t2=t1+(0, 2)) & (4212, 79, 4179, t3=t2+(0, 9)) -> (4179, 13, 4179, t4=t3+(1, 4))	3	65
(860, 158, 51, t1) & (91, 1, 201, t2=t1+(0, 4)) & (860, 164, 91, t3=t2+(0, 6)) -> (860, 164, 91, t4=t3+(1, 2))	3	66
(3802, 175, 912, t1) & (1418, 23, 4943, t2=t1+(0, 4)) & (3802, 5, 1418, t3=t2+(0, 6)) -> (1418, 175, 3802, t4=t3+(1, 5))	3	67
(4524, 85, 4317, t1) & (1282, 142, 2646, t2=t1+(0, 6)) & (4524, 167, 1282, t3=t2+(0, 7)) -> (2646, 142, 4317, t4=t3+(1, 5))	3	68
(2505, 170, 1594, t1) & (4700, 124, 1262, t2=t1+(0, 3)) & (2505, 18, 1262, t3=t2+(0, 3)) -> (2505, 124, 4700, t4=t3+(1, 3))	3	69
(912, 96, 1797, t1) & (3879, 48, 3671, t2=t1+(0, 6)) & (3671, 63, 1797, t3=t2+(0, 5)) -> (1797, 63, 3671, t4=t3+(1, 7))	3	70
(3933, 72, 1615, t1) & (641, 62, 4841, t2=t1+(0, 2)) & (641, 184, 3933, t3=t2+(0, 3)) -> (3933, 62, 641, t4=t3+(1, 7))	3	71
(4408, 104, 1549, t1) & (1451, 93, 683, t2=t1+(0, 2)) & (683, 75, 1549, t3=t2+(0, 4)) -> (683, 104, 1549, t4=t3+(1, 2))	3	72
(4151, 97, 179, t1) & (1623, 61, 2663, t2=t1+(0, 5)) & (4151, 167, 2663, t3=t2+(0, 10)) -> (4151, 167, 4151, t4=t3+(1, 2))	3	73
(2854, 176, 656, t1) & (2914, 58, 2713, t2=t1+(0, 3)) & (2713, 137, 656, t3=t2+(0, 3)) -> (2713, 58, 656, t4=t3+(1, 3))	3	74
(4591, 177, 1144, t1) & (647, 10, 2099, t2=t1+(0, 4)) & (1144, 27, 647, t3=t2+(0, 6)) -> (4591, 27, 4591, t4=t3+(1, 4))	3	75
(782, 17, 3400, t1) & (642, 152, 3450, t2=t1+(0, 7)) & (642, 78, 3400, t3=t2+(0, 4)) -> (3400, 152, 3400, t4=t3+(1, 7))	3	76
(4591, 195, 2046, t1) & (3802, 43, 3845, t2=t1+(0, 7)) & (4591, 152, 3802, t3=t2+(0, 2)) -> (4591, 195, 3802, t4=t3+(1, 2))	3	77
(2158, 109, 4842, t1) & (2676, 85, 1156, t2=t1+(0, 8)) & (4842, 85, 1156, t3=t2+(0, 2)) -> (2158, 85, 4842, t4=t3+(1, 1))	3	78
(2674, 16, 2851, t1) & (336, 123, 235, t2=t1+(0, 5)) & (336, 151, 2674, t3=t2+(0, 5)) -> (2674, 16, 2851, t4=t3+(1, 6))	3	79
(2005, 44, 4426, t1) & (3791, 109, 2219, t2=t1+(0, 2)) & (4426, 3, 2219, t3=t2+(0, 9)) -> (2005, 44, 3791, t4=t3+(1, 7))	3	80
(531, 40, 3270, t1) & (3802, 182, 1479, t2=t1+(0, 8)) & (3802, 130, 3270, t3=t2+(0, 7)) -> (3802, 182, 3802, t4=t3+(1, 3))	3	81
(3664, 154, 2120, t1) & (1060, 172, 1763, t2=t1+(0, 4)) & (1060, 166, 3664, t3=t2+(0, 7)) -> (3664, 166, 1060, t4=t3+(1, 7))	3	82
(2914, 133, 2210, t1) & (4303, 90, 1541, t2=t1+(0, 7)) & (1541, 53, 2914, t3=t2+(0, 5)) -> (1541, 53, 1541, t4=t3+(1, 4))	3	83
(566, 90, 1634, t1) & (815, 172, 3842, t2=t1+(0, 5)) & (566, 133, 3842, t3=t2+(0, 4)) -> (566, 172, 1634, t4=t3+(1, 4))	3	84
(2862, 179, 3578, t1) & (4436, 155, 4796, t2=t1+(0, 5)) & (4436, 196, 3578, t3=t2+(0, 5)) -> (4796, 196, 3578, t4=t3+(1, 3))	3	85
(397, 189, 2196, t1) & (2109, 175, 1763, t2=t1+(0, 1)) & (397, 71, 2109, t3=t2+(0, 6)) -> (397, 189, 2109, t4=t3+(1, 7))	3	86
(4809, 114, 3791, t1) & (63, 156, 2824, t2=t1+(0, 6)) & (4809, 197, 2824, t3=t2+(0, 2)) -> (3791, 197, 3791, t4=t3+(1, 3))	3	87
(528, 143, 3938, t1) & (2382, 150, 1035, t2=t1+(0, 6)) & (3938, 18, 1035, t3=t2+(0, 3)) -> (3938, 143, 1035, t4=t3+(1, 5))	3	88
(944, 111, 1226, t1) & (4700, 143, 4859, t2=t1+(0, 2)) & (4859, 101, 1226, t3=t2+(0, 3)) -> (4700, 101, 4859, t4=t3+(1, 1))	3	89
(4417, 56, 965, t1) & (2824, 26, 3240, t2=t1+(0, 3)) & (4417, 101, 2824, t3=t2+(0, 6)) -> (965, 26, 2824, t4=t3+(1, 9))	3	90
(1998, 155, 3450, t1) & (1455, 165, 2824, t2=t1+(0, 4)) & (1998, 48, 1455, t3=t2+(0, 7)) -> (1455, 48, 2824, t4=t3+(1, 4))	3	91
(3728, 199, 1594, t1) & (2099, 151, 1171, t2=t1+(0, 7)) & (3728, 167, 2099, t3=t2+(0, 7)) -> (2099, 151, 3728, t4=t3+(1, 5))	3	92
(2681, 162, 3144, t1) & (15, 133, 2646, t2=t1+(0, 6)) & (3144, 109, 2646, t3=t2+(0, 3)) -> (15, 133, 2681, t4=t3+(1, 4))	3	93
(4999, 170, 4943, t1) & (4462, 143, 4308, t2=t1+(0, 2)) & (4308, 57, 4999, t3=t2+(0, 5)) -> (4308, 57, 4999, t4=t3+(1, 8))	3	94
(787, 164, 179, t1) & (531, 109, 889, t2=t1+(0, 2)) & (179, 112, 531, t3=t2+(0, 3)) -> (531, 109, 531, t4=t3+(1, 3))	3	95
(3503, 153, 2552, t1) & (4803, 198, 2880, t2=t1+(0, 7)) & (4803, 87, 2552, t3=t2+(0, 6)) -> (2552, 87, 3503, t4=t3+(1, 11))	3	96
(325, 144, 4331, t1) & (3231, 27, 2259, t2=t1+(0, 8)) & (2259, 186, 325, t3=t2+(0, 8)) -> (2259, 144, 4331, t4=t3+(1, 2))	3	97
(2776, 151, 3680, t1) & (1702, 66, 2210, t2=t1+(0, 6)) & (1702, 81, 2776, t3=t2+(0, 9)) -> (3680, 66, 2776, t4=t3+(1, 7))	3	98
(2120, 188, 531, t1) & (1409, 26, 948, t2=t1+(0, 7)) & (2120, 88, 1409, t3=t2+(0, 6)) -> (1409, 188, 2120, t4=t3+(1, 2))	3	99
(1455, 126, 3880, t1) & (3880, 87, 3880, t2=t1+(0, 5)) -> (1455, 87, 1455, t3=t2+(1, 6))	2	100
(1763, 47, 2885, t1) & (1763, 53, 2885, t2=t1+(0, 2)) -> (1763, 53, 2885, t3=t2+(1, 6))	2	101
(2470, 27, 4642, t1) & (2470, 154, 1156, t2=t1+(0, 4)) -> (1156, 27, 2470, t3=t2+(1, 5))	2	102
(566, 88, 525, t1) & (2497, 105, 525, t2=t1+(0, 4)) -> (525, 105, 566, t3=t2+(1, 3))	2	103
(2222, 90, 3695, t1) & (2222, 2, 4859, t2=t1+(0, 4)) -> (2222, 2, 4859, t3=t2+(1, 4))	2	104
(2983, 131, 4165, t1) & (1199, 144, 2983, t2=t1+(0, 3)) -> (4165, 144, 2983, t3=t2+(1, 2))	2	105
(709, 108, 2862, t1) & (709, 135, 709, t2=t1+(0, 5)) -> (709, 108, 709, t3=t2+(1, 4))	2	106
(2824, 101, 3324, t1) & (3324, 95, 4436, t2=t1+(0, 4)) -> (3324, 95, 2824, t3=t2+(1, 2))	2	107
(3043, 160, 581, t1) & (3043, 122, 3043, t2=t1+(0, 3)) -> (3043, 122, 3043, t3=t2+(1, 5))	2	108
(1302, 97, 3191, t1) & (3191, 198, 1302, t2=t1+(0, 3)) -> (1302, 97, 1302, t3=t2+(1, 7))	2	109
(3693, 88, 3880, t1) & (568, 36, 3693, t2=t1+(0, 5)) -> (3693, 36, 568, t3=t2+(1, 3))	2	110
(2005, 162, 424, t1) & (2115, 137, 2005, t2=t1+(0, 6)) -> (2005, 162, 2005, t3=t2+(1, 7))	2	111
(1850, 16, 568, t1) & (1850, 111, 568, t2=t1+(0, 6)) -> (568, 16, 568, t3=t2+(1, 6))	2	112
(4287, 97, 1396, t1) & (1396, 77, 4287, t2=t1+(0, 5)) -> (4287, 77, 1396, t3=t2+(1, 5))	2	113
(3556, 149, 763, t1) & (3556, 125, 4116, t2=t1+(0, 4)) -> (3556, 149, 3556, t3=t2+(1, 4))	2	114
(3755, 144, 4700, t1) & (4700, 137, 3657, t2=t1+(0, 5)) -> (3657, 137, 3657, t3=t2+(1, 4))	2	115
(763, 1, 3772, t1) & (895, 199, 3772, t2=t1+(0, 3)) -> (3772, 1, 3772, t3=t2+(1, 8))	2	116
(4194, 74, 4945, t1) & (4945, 8, 4194, t2=t1+(0, 5)) -> (4945, 8, 4945, t3=t2+(1, 4))	2	117
(2983, 92, 4703, t1) & (2983, 20, 4528, t2=t1+(0, 5)) -> (2983, 92, 2983, t3=t2+(1, 7))	2	118
(2943, 26, 4244, t1) & (4244, 4, 2943, t2=t1+(0, 3)) -> (2943, 26, 2943, t3=t2+(1, 7))	2	119
(1549, 165, 2485, t1) & (1549, 24, 2485, t2=t1+(0, 6)) -> (1549, 165, 2485, t3=t2+(1, 10))	2	120
(1577, 115, 3400, t1) & (3400, 51, 3400, t2=t1+(0, 7)) -> (3400, 51, 1577, t3=t2+(1, 4))	2	121
(3990, 45, 83, t1) & (3990, 162, 1125, t2=t1+(0, 9)) -> (3990, 45, 83, t3=t2+(1, 5))	2	122
(3134, 3, 3268, t1) & (3134, 183, 2885, t2=t1+(0, 6)) -> (2885, 3, 2885, t3=t2+(1, 8))	2	123
(1487, 138, 3324, t1) & (2907, 103, 3324, t2=t1+(0, 4)) -> (1487, 138, 3324, t3=t2+(1, 3))	2	124
(4212, 94, 4408, t1) & (2938, 119, 4408, t2=t1+(0, 3)) -> (4408, 119, 4408, t3=t2+(1, 2))	2	125
(660, 164, 4257, t1) & (660, 106, 4257, t2=t1+(0, 10)) -> (4257, 164, 660, t3=t2+(1, 7))	2	126
(2450, 168, 3076, t1) & (3503, 73, 2450, t2=t1+(0, 4)) -> (3076, 73, 2450, t3=t2+(1, 6))	2	127
(4069, 66, 1199, t1) & (4945, 19, 4069, t2=t1+(0, 2)) -> (1199, 66, 4945, t3=t2+(1, 7))	2	128
(581, 132, 3914, t1) & (3914, 67, 3287, t2=t1+(0, 3)) -> (3914, 67, 3287, t3=t2+(1, 2))	2	129
(1694, 40, 4457, t1) & (1694, 88, 4303, t2=t1+(0, 7)) -> (1694, 88, 1694, t3=t2+(1, 5))	2	130
(698, 66, 2914, t1) & (2914, 106, 220, t2=t1+(0, 10)) -> (698, 106, 698, t3=t2+(1, 5))	2	131
(2046, 16, 1723, t1) & (4809, 80, 2046, t2=t1+(0, 5)) -> (1723, 80, 2046, t3=t2+(1, 5))	2	132
(1001, 133, 889, t1) & (3134, 124, 1001, t2=t1+(0, 4)) -> (1001, 133, 889, t3=t2+(1, 5))	2	133
(4770, 55, 905, t1) & (4770, 75, 2759, t2=t1+(0, 4)) -> (2759, 55, 4770, t3=t2+(1, 5))	2	134
(1451, 21, 2339, t1) & (3573, 102, 1451, t2=t1+(0, 8)) -> (1451, 21, 3573, t3=t2+(1, 9))	2	135
(1455, 4, 2884, t1) & (2884, 142, 2884, t2=t1+(0, 6)) -> (1455, 4, 2884, t3=t2+(1, 7))	2	136
(2785, 48, 4426, t1) & (4426, 115, 4426, t2=t1+(0, 4)) -> (4426, 48, 4426, t3=t2+(1, 9))	2	137
(2851, 23, 3231, t1) & (2851, 70, 531, t2=t1+(0, 5)) -> (2851, 23, 2851, t3=t2+(1, 3))	2	138
(3871, 93, 2594, t1) & (2594, 191, 3871, t2=t1+(0, 7)) -> (3871, 93, 2594, t3=t2+(1, 5))	2	139
(63, 153, 1586, t1) & (4900, 31, 63, t2=t1+(0, 9)) -> (63, 31, 1586, t3=t2+(1, 3))	2	140
(1541, 175, 1199, t1) & (1541, 36, 1541, t2=t1+(0, 3)) -> (1541, 175, 1541, t3=t2+(1, 3))	2	141
(4219, 112, 4595, t1) & (4219, 86, 3503, t2=t1+(0, 6)) -> (4219, 86, 3503, t3=t2+(1, 7))	2	142
(4047, 120, 2825, t1) & (4832, 52, 2825, t2=t1+(0, 9)) -> (2825, 120, 2825, t3=t2+(1, 3))	2	143
(3324, 135, 2759, t1) & (2210, 77, 2759, t2=t1+(0, 7)) -> (2210, 135, 2759, t3=t2+(1, 5))	2	144
(2906, 116, 3217, t1) & (2327, 26, 3217, t2=t1+(0, 8)) -> (2906, 116, 3217, t3=t2+(1, 3))	2	145
(3144, 148, 3751, t1) & (3144, 66, 3751, t2=t1+(0, 9)) -> (3144, 148, 3751, t3=t2+(1, 6))	2	146
(1577, 10, 1100, t1) & (1876, 96, 1100, t2=t1+(0, 5)) -> (1100, 96, 1100, t3=t2+(1, 6))	2	147
(1594, 65, 690, t1) & (690, 148, 690, t2=t1+(0, 4)) -> (1594, 148, 690, t3=t2+(1, 6))	2	148
(566, 59, 4886, t1) & (4886, 38, 2277, t2=t1+(0, 9)) -> (2277, 59, 566, t3=t2+(1, 3))	2	149
(2397, 160, 3680, t1) & (2397, 74, 4760, t2=t1+(0, 6)) -> (4760, 160, 2397, t3=t2+(1, 7))	2	150
(1763, 70, 2120, t1) & (2803, 3, 1763, t2=t1+(0, 3)) -> (2803, 70, 1763, t3=t2+(1, 4))	2	151
(3563, 185, 3550, t1) & (3612, 126, 3550, t2=t1+(0, 10)) -> (3563, 126, 3563, t3=t2+(1, 11))	2	152
(3582, 94, 4771, t1) & (3582, 154, 3582, t2=t1+(0, 4)) -> (3582, 94, 4771, t3=t2+(1, 5))	2	153
(1226, 35, 3566, t1) & (1226, 115, 270, t2=t1+(0, 2)) -> (1226, 35, 1226, t3=t2+(1, 5))	2	154
(2759, 17, 4210, t1) & (1409, 26, 2759, t2=t1+(0, 4)) -> (4210, 17, 2759, t3=t2+(1, 5))	2	155
(3036, 53, 3157, t1) & (3036, 84, 3036, t2=t1+(0, 5)) -> (3036, 53, 3036, t3=t2+(1, 8))	2	156
(660, 130, 1125, t1) & (1125, 182, 1125, t2=t1+(0, 4)) -> (1125, 130, 1125, t3=t2+(1, 5))	2	157
(4022, 97, 179, t1) & (4022, 156, 4596, t2=t1+(0, 2)) -> (179, 97, 179, t3=t2+(1, 4))	2	158
(351, 169, 4432, t1) & (4223, 17, 351, t2=t1+(0, 5)) -> (4432, 169, 351, t3=t2+(1, 7))	2	159
(280, 181, 1017, t1) & (1017, 136, 1017, t2=t1+(0, 7)) -> (1017, 181, 1017, t3=t2+(1, 7))	2	160
(2555, 30, 4257, t1) & (4257, 72, 2737, t2=t1+(0, 8)) -> (2555, 72, 2555, t3=t2+(1, 5))	2	161
(1634, 80, 2451, t1) & (1086, 187, 1634, t2=t1+(0, 3)) -> (1086, 187, 1634, t3=t2+(1, 5))	2	162
(2132, 83, 3928, t1) & (2132, 73, 3751, t2=t1+(0, 4)) -> (3928, 83, 3928, t3=t2+(1, 6))	2	163
(4308, 1, 3695, t1) & (270, 172, 4308, t2=t1+(0, 7)) -> (4308, 172, 270, t3=t2+(1, 8))	2	164
(2883, 33, 4116, t1) & (2883, 198, 2883, t2=t1+(0, 4)) -> (2883, 198, 2883, t3=t2+(1, 2))	2	165
(1527, 72, 4257, t1) & (4219, 185, 4257, t2=t1+(0, 1)) -> (4219, 72, 1527, t3=t2+(1, 5))	2	166
(348, 42, 656, t1) & (4803, 56, 348, t2=t1+(0, 5)) -> (348, 56, 348, t3=t2+(1, 7))	2	167
(3400, 66, 4436, t1) & (3400, 127, 3400, t2=t1+(0, 9)) -> (4436, 66, 3400, t3=t2+(1, 10))	2	168
(1706, 74, 912, t1) & (4214, 95, 912, t2=t1+(0, 3)) -> (912, 95, 912, t3=t2+(1, 5))	2	169
(3113, 123, 2824, t1) & (3690, 157, 2824, t2=t1+(0, 8)) -> (3113, 157, 3113, t3=t2+(1, 9))	2	170
(1589, 175, 4945, t1) & (1115, 1, 4945, t2=t1+(0, 5)) -> (1115, 175, 4945, t3=t2+(1, 6))	2	171
(4052, 30, 3657, t1) & (4052, 191, 4052, t2=t1+(0, 5)) -> (4052, 191, 4052, t3=t2+(1, 2))	2	172
(3240, 143, 2851, t1) & (2851, 11, 2851, t2=t1+(0, 5)) -> (2851, 11, 2851, t3=t2+(1, 3))	2	173
(1125, 119, 758, t1) & (758, 38, 1881, t2=t1+(0, 6)) -> (1125, 119, 1881, t3=t2+(1, 3))	2	174
(2797, 45, 1549, t1) & (2797, 170, 2797, t2=t1+(0, 4)) -> (1549, 45, 2797, t3=t2+(1, 9))	2	175
(1409, 49, 541, t1) & (465, 182, 1409, t2=t1+(0, 4)) -> (1409, 49, 1409, t3=t2+(1, 6))	2	176
(1746, 91, 4436, t1) & (2005, 105, 1746, t2=t1+(0, 3)) -> (2005, 105, 1746, t3=t2+(1, 5))	2	177
(2453, 151, 4244, t1) & (2453, 73, 2453, t2=t1+(0, 4)) -> (4244, 73, 2453, t3=t2+(1, 5))	2	178
(3563, 199, 1723, t1) & (3563, 100, 1723, t2=t1+(0, 8)) -> (3563, 100, 1723, t3=t2+(1, 12))	2	179
(1338, 40, 1726, t1) & (1338, 142, 2938, t2=t1+(0, 2)) -> (1338, 40, 1338, t3=t2+(1, 5))	2	180
(4110, 127, 3117, t1) & (656, 95, 3117, t2=t1+(0, 6)) -> (3117, 95, 656, t3=t2+(1, 6))	2	181
(1702, 10, 277, t1) & (277, 177, 3117, t2=t1+(0, 7)) -> (1702, 177, 1702, t3=t2+(1, 8))	2	182
(2827, 113, 1374, t1) & (2128, 83, 2827, t2=t1+(0, 3)) -> (2827, 113, 2827, t3=t2+(1, 1))	2	183
(3117, 176, 2862, t1) & (3117, 135, 1850, t2=t1+(0, 4)) -> (3117, 135, 2862, t3=t2+(1, 9))	2	184
(235, 188, 2580, t1) & (2580, 113, 2580, t2=t1+(0, 4)) -> (2580, 113, 2580, t3=t2+(1, 5))	2	185
(1100, 121, 3036, t1) & (3036, 73, 3398, t2=t1+(0, 7)) -> (1100, 121, 3036, t3=t2+(1, 6))	2	186
(568, 41, 1615, t1) & (568, 144, 1310, t2=t1+(0, 3)) -> (1310, 144, 568, t3=t2+(1, 5))	2	187
(4662, 39, 2637, t1) & (2637, 7, 4662, t2=t1+(0, 3)) -> (2637, 7, 2637, t3=t2+(1, 4))	2	188
(2391, 74, 1242, t1) & (2391, 142, 1242, t2=t1+(0, 4)) -> (1242, 74, 1242, t3=t2+(1, 4))	2	189
(4419, 126, 3574, t1) & (3574, 190, 3574, t2=t1+(0, 2)) -> (4419, 190, 4419, t3=t2+(1, 4))	2	190
(4426, 131, 1055, t1) & (1060, 116, 4426, t2=t1+(0, 5)) -> (4426, 131, 4426, t3=t2+(1, 7))	2	191
(655, 46, 4832, t1) & (4832, 120, 655, t2=t1+(0, 4)) -> (4832, 120, 655, t3=t2+(1, 3))	2	192
(2491, 95, 3657, t1) & (2491, 127, 3657, t2=t1+(0, 5)) -> (3657, 95, 2491, t3=t2+(1, 2))	2	193
(1763, 123, 8, t1) & (902, 174, 1763, t2=t1+(0, 3)) -> (902, 123, 1763, t3=t2+(1, 5))	2	194
(2505, 9, 3409, t1) & (3409, 76, 965, t2=t1+(0, 1)) -> (965, 76, 3409, t3=t2+(1, 5))	2	195
(2254, 90, 908, t1) & (1100, 119, 2254, t2=t1+(0, 4)) -> (2254, 90, 1100, t3=t2+(1, 8))	2	196
(3252, 194, 2854, t1) & (4946, 77, 3252, t2=t1+(0, 15)) -> (3252, 77, 3252, t3=t2+(1, 4))	2	197
(4146, 160, 3760, t1) & (3760, 8, 3760, t2=t1+(0, 6)) -> (3760, 8, 3760, t3=t2+(1, 8))	2	198
(3400, 1, 1060, t1) & (3400, 11, 1060, t2=t1+(0, 8)) -> (1060, 1, 1060, t3=t2+(1, 8))	2	199
(2505, 141, 1723, t1) -> (2505, 141, 2505, t2=t1+(1, 2))	1	200
(4257, 61, 2762, t1) -> (2762, 61, 4257, t2=t1+(1, 5))	1	201
(2277, 131, 3414, t1) -> (2277, 131, 2277, t2=t1+(1, 6))	1	202
(3252, 25, 2983, t1) -> (2983, 25, 3252, t2=t1+(1, 2))	1	203
(2824, 137, 2742, t1) -> (2742, 137, 2742, t2=t1+(1, 5))	1	204
(3898, 79, 2277, t1) -> (2277, 79, 3898, t2=t1+(1, 6))	1	205
(4334, 123, 847, t1) -> (847, 123, 847, t2=t1+(1, 5))	1	206
(750, 96, 912, t1) -> (750, 96, 750, t2=t1+(1, 4))	1	207
(1906, 191, 581, t1) -> (1906, 191, 1906, t2=t1+(1, 5))	1	208
(2029, 75, 39, t1) -> (2029, 75, 2029, t2=t1+(1, 10))	1	209
(1487, 175, 4771, t1) -> (1487, 175, 4771, t2=t1+(1, 3))	1	210
(2880, 116, 4200, t1) -> (2880, 116, 4200, t2=t1+(1, 10))	1	211
(2880, 2, 2806, t1) -> (2880, 2, 2806, t2=t1+(1, 5))	1	212
(1744, 23, 1698, t1) -> (1744, 23, 1698, t2=t1+(1, 2))	1	213
(4770, 15, 413, t1) -> (4770, 15, 4770, t2=t1+(1, 6))	1	214
(4477, 165, 3830, t1) -> (3830, 165, 4477, t2=t1+(1, 6))	1	215
(3489, 67, 4423, t1) -> (4423, 67, 3489, t2=t1+(1, 4))	1	216
(2759, 169, 706, t1) -> (2759, 169, 2759, t2=t1+(1, 3))	1	217
(2742, 79, 531, t1) -> (2742, 79, 531, t2=t1+(1, 5))	1	218
(2824, 177, 276, t1) -> (2824, 177, 276, t2=t1+(1, 8))	1	219
(1634, 71, 2070, t1) -> (2070, 71, 2070, t2=t1+(1, 5))	1	220
(4212, 174, 1773, t1) -> (1773, 174, 1773, t2=t1+(1, 3))	1	221
(1836, 181, 3556, t1) -> (1836, 181, 3556, t2=t1+(1, 3))	1	222
(3751, 23, 4866, t1) -> (4866, 23, 4866, t2=t1+(1, 11))	1	223
(782, 146, 3158, t1) -> (782, 146, 782, t2=t1+(1, 2))	1	224
(4946, 172, 1082, t1) -> (4946, 172, 4946, t2=t1+(1, 9))	1	225
(274, 173, 2507, t1) -> (2507, 173, 274, t2=t1+(1, 6))	1	226
(812, 16, 1068, t1) -> (1068, 16, 812, t2=t1+(1, 10))	1	227
(37, 125, 2024, t1) -> (2024, 125, 37, t2=t1+(1, 8))	1	228
(1455, 91, 2029, t1) -> (1455, 91, 2029, t2=t1+(1, 6))	1	229
(4866, 9, 4408, t1) -> (4408, 9, 4408, t2=t1+(1, 5))	1	230
(3067, 153, 8, t1) -> (8, 153, 3067, t2=t1+(1, 5))	1	231
(4709, 20, 4922, t1) -> (4922, 20, 4922, t2=t1+(1, 5))	1	232
(4165, 155, 2406, t1) -> (2406, 155, 4165, t2=t1+(1, 6))	1	233
(3470, 106, 1797, t1) -> (3470, 106, 3470, t2=t1+(1, 2))	1	234
(3519, 192, 3578, t1) -> (3578, 192, 3578, t2=t1+(1, 6))	1	235
(1167, 22, 4457, t1) -> (4457, 22, 4457, t2=t1+(1, 4))	1	236
(683, 38, 4651, t1) -> (4651, 38, 683, t2=t1+(1, 8))	1	237
(860, 31, 4149, t1) -> (4149, 31, 860, t2=t1+(1, 4))	1	238
(325, 139, 2983, t1) -> (2983, 139, 2983, t2=t1+(1, 6))	1	239
(2450, 118, 4846, t1) -> (2450, 118, 2450, t2=t1+(1, 3))	1	240
(2277, 154, 1472, t1) -> (1472, 154, 2277, t2=t1+(1, 5))	1	241
(797, 182, 3036, t1) -> (797, 182, 797, t2=t1+(1, 2))	1	242
(3521, 197, 1702, t1) -> (1702, 197, 3521, t2=t1+(1, 6))	1	243
(4408, 59, 454, t1) -> (454, 59, 454, t2=t1+(1, 2))	1	244
(2242, 12, 4110, t1) -> (2242, 12, 2242, t2=t1+(1, 6))	1	245
(2914, 134, 3724, t1) -> (3724, 134, 2914, t2=t1+(1, 5))	1	246
(3520, 57, 3988, t1) -> (3520, 57, 3520, t2=t1+(1, 8))	1	247
(531, 159, 315, t1) -> (531, 159, 531, t2=t1+(1, 4))	1	248
(3144, 98, 2974, t1) -> (2974, 98, 2974, t2=t1+(1, 7))	1	249
(2580, 17, 2398, t1) -> (2580, 17, 2398, t2=t1+(1, 7))	1	250
(660, 95, 2681, t1) -> (2681, 95, 660, t2=t1+(1, 5))	1	251
(3563, 41, 4600, t1) -> (3563, 41, 4600, t2=t1+(1, 10))	1	252
(1833, 98, 4809, t1) -> (4809, 98, 1833, t2=t1+(1, 3))	1	253
(4223, 64, 2021, t1) -> (2021, 64, 4223, t2=t1+(1, 4))	1	254
(4700, 9, 1594, t1) -> (1594, 9, 4700, t2=t1+(1, 3))	1	255
(3521, 12, 2851, t1) -> (3521, 12, 3521, t2=t1+(1, 5))	1	256
(3349, 24, 4900, t1) -> (4900, 24, 4900, t2=t1+(1, 4))	1	257
(2681, 119, 2132, t1) -> (2132, 119, 2681, t2=t1+(1, 4))	1	258
(4770, 60, 3717, t1) -> (3717, 60, 4770, t2=t1+(1, 5))	1	259
(1171, 59, 1723, t1) -> (1171, 59, 1171, t2=t1+(1, 3))	1	260
(1556, 174, 4143, t1) -> (1556, 174, 4143, t2=t1+(1, 6))	1	261
(3109, 132, 4922, t1) -> (3109, 132, 3109, t2=t1+(1, 3))	1	262
(965, 108, 57, t1) -> (57, 108, 965, t2=t1+(1, 2))	1	263
(2158, 152, 1242, t1) -> (2158, 152, 1242, t2=t1+(1, 8))	1	264
(4529, 74, 4244, t1) -> (4244, 74, 4244, t2=t1+(1, 5))	1	265
(3043, 81, 4266, t1) -> (3043, 81, 3043, t2=t1+(1, 3))	1	266
(4417, 24, 1068, t1) -> (1068, 24, 4417, t2=t1+(1, 4))	1	267
(22, 27, 4897, t1) -> (4897, 27, 22, t2=t1+(1, 6))	1	268
(2277, 3, 1801, t1) -> (1801, 3, 2277, t2=t1+(1, 4))	1	269
(1591, 17, 1784, t1) -> (1591, 17, 1784, t2=t1+(1, 1))	1	270
(4257, 189, 3133, t1) -> (3133, 189, 4257, t2=t1+(1, 3))	1	271
(2906, 141, 122, t1) -> (2906, 141, 122, t2=t1+(1, 3))	1	272
(1409, 83, 3695, t1) -> (1409, 83, 3695, t2=t1+(1, 3))	1	273
(4803, 40, 2101, t1) -> (4803, 40, 2101, t2=t1+(1, 6))	1	274
(39, 93, 4859, t1) -> (4859, 93, 4859, t2=t1+(1, 5))	1	275
(4595, 175, 2259, t1) -> (2259, 175, 4595, t2=t1+(1, 4))	1	276
(551, 157, 4417, t1) -> (4417, 157, 551, t2=t1+(1, 9))	1	277
(2893, 3, 4244, t1) -> (2893, 3, 4244, t2=t1+(1, 5))	1	278
(1956, 53, 1468, t1) -> (1468, 53, 1956, t2=t1+(1, 4))	1	279
(1502, 20, 2222, t1) -> (1502, 20, 1502, t2=t1+(1, 3))	1	280
(3043, 14, 2681, t1) -> (3043, 14, 2681, t2=t1+(1, 2))	1	281
(2382, 155, 226, t1) -> (2382, 155, 226, t2=t1+(1, 5))	1	282
(2806, 37, 656, t1) -> (656, 37, 656, t2=t1+(1, 6))	1	283
(1451, 61, 2046, t1) -> (2046, 61, 2046, t2=t1+(1, 5))	1	284
(2741, 21, 4194, t1) -> (2741, 21, 4194, t2=t1+(1, 5))	1	285
(1797, 50, 4191, t1) -> (1797, 50, 4191, t2=t1+(1, 2))	1	286
(3657, 116, 1242, t1) -> (1242, 116, 1242, t2=t1+(1, 6))	1	287
(3612, 45, 1998, t1) -> (3612, 45, 3612, t2=t1+(1, 9))	1	288
(1594, 137, 3252, t1) -> (1594, 137, 1594, t2=t1+(1, 7))	1	289
(3450, 118, 2580, t1) -> (3450, 118, 2580, t2=t1+(1, 3))	1	290
(3914, 129, 1698, t1) -> (1698, 129, 3914, t2=t1+(1, 3))	1	291
(3134, 59, 3664, t1) -> (3134, 59, 3134, t2=t1+(1, 8))	1	292
(3577, 166, 4832, t1) -> (3577, 166, 3577, t2=t1+(1, 7))	1	293
(3013, 130, 4159, t1) -> (4159, 130, 3013, t2=t1+(1, 3))	1	294
(4056, 8, 4595, t1) -> (4595, 8, 4056, t2=t1+(1, 6))	1	295
(881, 160, 257, t1) -> (881, 160, 257, t2=t1+(1, 4))	1	296
(2531, 92, 693, t1) -> (2531, 92, 2531, t2=t1+(1, 6))	1	297
(4922, 172, 2505, t1) -> (4922, 172, 2505, t2=t1+(1, 6))	1	298
(2914, 154, 2081, t1) -> (2081, 154, 2081, t2=t1+(1, 3))	1	299
