(2759, 3, 3372, t1) & (629, 48, 4868, t2=t1+(0, 3)) & (2759, 193, 4868, t3=t2+(0, 2)) -> (2759, 3, 3372, t4=t3+(1, 2))	3	0
(1966, 107, 24, t1) & (1949, 180, 4944, t2=t1+(0, 5)) & (4944, 7, 24, t3=t2+(0, 3)) -> (4944, 180, 4944, t4=t3+(1, 7))	3	1
(1057, 127, 277, t1) & (4077, 169, 4072, t2=t1+(0, 4)) & (277, 171, 4072, t3=t2+(0, 4)) -> (277, 169, 4077, t4=t3+(1, 3))	3	2
(2187, 14, 119, t1) & (3660, 48, 2688, t2=t1+(0, 10)) & (119, 129, 3660, t3=t2+(0, 6)) -> (2688, 129, 119, t4=t3+(1, 5))	3	3
(4100, 70, 1062, t1) & (1456, 189, 3951, t2=t1+(0, 7)) & (1062, 67, 3951, t3=t2+(0, 6)) -> (3951, 189, 1062, t4=t3+(1, 6))	3	4
(4658, 162, 529, t1) & (2680, 162, 434, t2=t1+(0, 7)) & (2680, 179, 529, t3=t2+(0, 1)) -> (529, 162, 434, t4=t3+(1, 6))	3	5
(4277, 33, 2099, t1) & (59, 153, 2291, t2=t1+(0, 9)) & (4277, 127, 2291, t3=t2+(0, 8)) -> (4277, 153, 2291, t4=t3+(1, 7))	3	6
(1905, 50, 4569, t1) & (1127, 179, 4044, t2=t1+(0, 6)) & (1905, 71, 1127, t3=t2+(0, 1)) -> (1127, 179, 1905, t4=t3+(1, 3))	3	7
(3739, 38, 4056, t1) & (1717, 113, 1126, t2=t1+(0, 4)) & (3739, 174, 1717, t3=t2+(0, 3)) -> (1717, 38, 4056, t4=t3+(1, 3))	3	8
(3124, 7, 3707, t1) & (824, 43, 4707, t2=t1+(0, 6)) & (4707, 22, 3707, t3=t2+(0, 5)) -> (824, 7, 3707, t4=t3+(1, 3))	3	9
(2333, 40, 4720, t1) & (2315, 175, 4305, t2=t1+(0, 0)) & (2315, 76, 4720, t3=t2+(0, 7)) -> (2333, 76, 4720, t4=t3+(1, 5))	3	10
(2785, 66, 2420, t1) & (4374, 100, 2743, t2=t1+(0, 5)) & (2743, 113, 2785, t3=t2+(0, 6)) -> (2743, 113, 2743, t4=t3+(1, 3))	3	11
(2871, 54, 4700, t1) & (3860, 55, 4987, t2=t1+(0, 4)) & (2871, 87, 3860, t3=t2+(0, 5)) -> (3860, 54, 3860, t4=t3+(1, 6))	3	12
(279, 21, 189, t1) & (663, 85, 2061, t2=t1+(0, 7)) & (279, 185, 2061, t3=t2+(0, 5)) -> (279, 85, 279, t4=t3+(1, 6))	3	13
(1653, 95, 3015, t1) & (4563, 33, 1183, t2=t1+(0, 2)) & (4563, 198, 1653, t3=t2+(0, 6)) -> (1653, 198, 1653, t4=t3+(1, 4))	3	14
(151, 145, 2484, t1) & (650, 25, 3872, t2=t1+(0, 5)) & (151, 34, 3872, t3=t2+(0, 5)) -> (2484, 25, 2484, t4=t3+(1, 5))	3	15
(725, 93, 1154, t1) & (2716, 57, 2927, t2=t1+(0, 0)) & (2716, 188, 725, t3=t2+(0, 6)) -> (725, 188, 725, t4=t3+(1, 4))	3	16
(1622, 146, 534, t1) & (668, 150, 945, t2=t1+(0, 3)) & (1622, 124, 668, t3=t2+(0, 5)) -> (534, 124, 668, t4=t3+(1, 3))	3	17
(1966, 108, 2517, t1) & (2904, 151, 3314, t2=t1+(0, 3)) & (2904, 177, 2517, t3=t2+(0, 0)) -> (1966, 177, 3314, t4=t3+(1, 11))	3	18
(790, 120, 4672, t1) & (793, 197, 4410, t2=t1+(0, 5)) & (790, 46, 4410, t3=t2+(0, 3)) -> (4672, 46, 793, t4=t3+(1, 3))	3	19
(3779, 137, 2068, t1) & (3324, 54, 3908, t2=t1+(0, 2)) & (3324, 176, 2068, t3=t2+(0, 3)) -> (3908, 54, 2068, t4=t3+(1, 3))	3	20
(114, 137, 2655, t1) & (1663, 186, 4611, t2=t1+(0, 7)) & (4611, 45, 2655, t3=t2+(0, 6)) -> (2655, 137, 1663, t4=t3+(1, 7))	3	21
(1671, 156, 3852, t1) & (552, 184, 4769, t2=t1+(0, 12)) & (4769, 149, 1671, t3=t2+(0, 6)) -> (3852, 156, 552, t4=t3+(1, 6))	3	22
(338, 54, 1199, t1) & (3903, 79, 2518, t2=t1+(0, 6)) & (2518, 24, 338, t3=t2+(0, 2)) -> (2518, 24, 2518, t4=t3+(1, 2))	3	23
(2776, 137, 2342, t1) & (2264, 39, 22, t2=t1+(0, 5)) & (22, 66, 2776, t3=t2+(0, 1)) -> (2776, 137, 2342, t4=t3+(1, 3))	3	24
(255, 186, 4282, t1) & (4060, 50, 727, t2=t1+(0, 2)) & (4060, 188, 4282, t3=t2+(0, 1)) -> (727, 186, 4060, t4=t3+(1, 10))	3	25
(2707, 57, 2632, t1) & (1834, 113, 513, t2=t1+(0, 6)) & (1834, 172, 2707, t3=t2+(0, 1)) -> (1834, 113, 2707, t4=t3+(1, 3))	3	26
(2969, 78, 473, t1) & (4596, 87, 157, t2=t1+(0, 7)) & (473, 3, 4596, t3=t2+(0, 3)) -> (473, 78, 4596, t4=t3+(1, 3))	3	27
(1635, 117, 3523, t1) & (458, 5, 140, t2=t1+(0, 5)) & (3523, 42, 140, t3=t2+(0, 6)) -> (1635, 117, 458, t4=t3+(1, 3))	3	28
(220, 79, 4505, t1) & (873, 19, 774, t2=t1+(0, 8)) & (220, 65, 774, t3=t2+(0, 6)) -> (873, 19, 4505, t4=t3+(1, 3))	3	29
(3864, 74, 738, t1) & (3096, 40, 4433, t2=t1+(0, 1)) & (738, 1, 4433, t3=t2+(0, 5)) -> (3096, 1, 3096, t4=t3+(1, 5))	3	30
(2213, 54, 3276, t1) & (4588, 137, 1693, t2=t1+(0, 8)) & (4588, 44, 3276, t3=t2+(0, 3)) -> (3276, 44, 3276, t4=t3+(1, 5))	3	31
(2126, 26, 4374, t1) & (3775, 160, 1330, t2=t1+(0, 3)) & (4374, 134, 3775, t3=t2+(0, 8)) -> (2126, 26, 1330, t4=t3+(1, 3))	3	32
(2042, 5, 4195, t1) & (277, 142, 4032, t2=t1+(0, 1)) & (4195, 59, 277, t3=t2+(0, 6)) -> (4195, 59, 277, t4=t3+(1, 2))	3	33
(4963, 114, 2139, t1) & (150, 24, 1132, t2=t1+(0, 5)) & (150, 199, 2139, t3=t2+(0, 0)) -> (4963, 199, 150, t4=t3+(1, 4))	3	34
(1887, 143, 4660, t1) & (2179, 67, 499, t2=t1+(0, 4)) & (1887, 69, 499, t3=t2+(0, 5)) -> (2179, 69, 4660, t4=t3+(1, 9))	3	35
(2809, 91, 1961, t1) & (3850, 14, 2918, t2=t1+(0, 7)) & (1961, 144, 2918, t3=t2+(0, 3)) -> (3850, 144, 1961, t4=t3+(1, 6))	3	36
(1954, 73, 1135, t1) & (851, 108, 4635, t2=t1+(0, 1)) & (1135, 38, 4635, t3=t2+(0, 4)) -> (851, 38, 1135, t4=t3+(1, 5))	3	37
(3616, 65, 2733, t1) & (4567, 166, 3845, t2=t1+(0, 4)) & (3845, 116, 3616, t3=t2+(0, 4)) -> (4567, 166, 2733, t4=t3+(1, 6))	3	38
(70, 153, 1884, t1) & (2698, 158, 309, t2=t1+(0, 4)) & (2698, 24, 1884, t3=t2+(0, 6)) -> (1884, 153, 1884, t4=t3+(1, 2))	3	39
(4793, 130, 1363, t1) & (1214, 148, 4512, t2=t1+(0, 6)) & (1214, 65, 4793, t3=t2+(0, 6)) -> (4793, 130, 1363, t4=t3+(1, 8))	3	40
(2532, 182, 2798, t1) & (952, 117, 2204, t2=t1+(0, 4)) & (952, 135, 2798, t3=t2+(0, 4)) -> (2204, 117, 2798, t4=t3+(1, 10))	3	41
(3351, 129, 3175, t1) & (1221, 29, 133, t2=t1+(0, 4)) & (3175, 18, 133, t3=t2+(0, 3)) -> (3351, 129, 1221, t4=t3+(1, 6))	3	42
(819, 118, 1053, t1) & (1636, 184, 378, t2=t1+(0, 5)) & (1636, 165, 819, t3=t2+(0, 6)) -> (1053, 165, 819, t4=t3+(1, 3))	3	43
(2638, 132, 541, t1) & (566, 3, 961, t2=t1+(0, 6)) & (541, 24, 566, t3=t2+(0, 3)) -> (566, 24, 2638, t4=t3+(1, 2))	3	44
(243, 76, 203, t1) & (1960, 126, 1747, t2=t1+(0, 9)) & (1747, 45, 243, t3=t2+(0, 5)) -> (203, 45, 1960, t4=t3+(1, 5))	3	45
(4726, 9, 565, t1) & (3706, 84, 2794, t2=t1+(0, 5)) & (3706, 86, 4726, t3=t2+(0, 3)) -> (4726, 86, 4726, t4=t3+(1, 3))	3	46
(2925, 3, 3058, t1) & (1933, 38, 707, t2=t1+(0, 5)) & (1933, 193, 2925, t3=t2+(0, 5)) -> (1933, 3, 2925, t4=t3+(1, 6))	3	47
(757, 28, 3856, t1) & (4160, 75, 398, t2=t1+(0, 4)) & (3856, 26, 398, t3=t2+(0, 6)) -> (4160, 26, 3856, t4=t3+(1, 6))	3	48
(1143, 184, 3165, t1) & (4825, 193, 2570, t2=t1+(0, 5)) & (4825, 98, 1143, t3=t2+(0, 5)) -> (2570, 184, 1143, t4=t3+(1, 3))	3	49
(1975, 131, 4480, t1) & (3179, 180, 910, t2=t1+(0, 7)) & (910, 46, 1975, t3=t2+(0, 3)) -> (4480, 131, 1975, t4=t3+(1, 9))	3	50
(3662, 194, 125, t1) & (3136, 20, 972, t2=t1+(0, 5)) & (972, 118, 125, t3=t2+(0, 8)) -> (3136, 118, 972, t4=t3+(1, 6))	3	51
(2098, 17, 1589, t1) & (26, 175, 1313, t2=t1+(0, 3)) & (2098, 128, 1313, t3=t2+(0, 5)) -> (2098, 17, 1313, t4=t3+(1, 3))	3	52
(835, 125, 4176, t1) & (2748, 72, 2500, t2=t1+(0, 8)) & (4176, 21, 2748, t3=t2+(0, 5)) -> (2748, 21, 4176, t4=t3+(1, 1))	3	53
(700, 191, 4734, t1) & (311, 124, 3959, t2=t1+(0, 7)) & (311, 72, 4734, t3=t2+(0, 3)) -> (700, 124, 4734, t4=t3+(1, 4))	3	54
(2565, 29, 2941, t1) & (3278, 74, 2368, t2=t1+(0, 6)) & (2565, 177, 3278, t3=t2+(0, 4)) -> (2565, 177, 2565, t4=t3+(1, 5))	3	55
(2515, 173, 2222, t1) & (2715, 176, 1770, t2=t1+(0, 4)) & (2715, 33, 2222, t3=t2+(0, 7)) -> (2715, 173, 1770, t4=t3+(1, 3))	3	56
(4696, 107, 3280, t1) & (3360, 180, 2282, t2=t1+(0, 3)) & (4696, 103, 2282, t3=t2+(0, 7)) -> (3280, 180, 3360, t4=t3+(1, 1))	3	57
(4172, 71, 1417, t1) & (364, 118, 4060, t2=t1+(0, 4)) & (1417, 39, 364, t3=t2+(0, 3)) -> (1417, 71, 4060, t4=t3+(1, 2))	3	58
(1822, 68, 3666, t1) & (4878, 22, 757, t2=t1+(0, 6)) & (4878, 60, 1822, t3=t2+(0, 7)) -> (1822, 22, 4878, t4=t3+(1, 6))	3	59
(4237, 51, 1795, t1) & (2174, 147, 493, t2=t1+(0, 6)) & (1795, 189, 493, t3=t2+(0, 4)) -> (4237, 189, 1795, t4=t3+(1, 5))	3	60
(2853, 61, 3286, t1) & (4013, 109, 1921, t2=t1+(0, 4)) & (1921, 37, 2853, t3=t2+(0, 4)) -> (2853, 61, 2853, t4=t3+(1, 7))	3	61
(1719, 39, 4680, t1) & (4465, 148, 2151, t2=t1+(0, 4)) & (4680, 170, 4465, t3=t2+(0, 8)) -> (2151, 39, 1719, t4=t3+(1, 4))	3	62
(3844, 59, 3690, t1) & (415, 1, 1056, t2=t1+(0, 6)) & (415, 133, 3690, t3=t2+(0, 3)) -> (3690, 1, 415, t4=t3+(1, 8))	3	63
(2228, 149, 930, t1) & (4716, 145, 4521, t2=t1+(0, 6)) & (930, 52, 4521, t3=t2+(0, 3)) -> (4521, 52, 4716, t4=t3+(1, 4))	3	64
(3787, 118, 4496, t1) & (1729, 121, 4891, t2=t1+(0, 2)) & (3787, 105, 4891, t3=t2+(0, 2)) -> (4496, 121, 4891, t4=t3+(1, 3))	3	65
(4274, 39, 2210, t1) & (2183, 16, 118, t2=t1+(0, 3)) & (118, 17, 4274, t3=t2+(0, 5)) -> (118, 16, 4274, t4=t3+(1, 2))	3	66
(515, 18, 4319, t1) & (823, 104, 2946, t2=t1+(0, 1)) & (2946, 134, 4319, t3=t2+(0, 9)) -> (4319, 18, 823, t4=t3+(1, 4))	3	67
(3466, 130, 1114, t1) & (2979, 62, 3684, t2=t1+(0, 3)) & (3466, 125, 3684, t3=t2+(0, 5)) -> (3466, 130, 3466, t4=t3+(1, 3))	3	68
(4537, 41, 1135, t1) & (358, 56, 3977, t2=t1+(0, 6)) & (358, 105, 1135, t3=t2+(0, 2)) -> (1135, 56, 1135, t4=t3+(1, 6))	3	69
(431, 10, 4909, t1) & (2511, 59, 1236, t2=t1+(0, 5)) & (431, 97, 2511, t3=t2+(0, 3)) -> (2511, 10, 4909, t4=t3+(1, 5))	3	70
(1942, 2, 109, t1) & (1122, 175, 863, t2=t1+(0, 3)) & (863, 77, 1942, t3=t2+(0, 4)) -> (863, 2, 1942, t4=t3+(1, 2))	3	71
(2736, 8, 4723, t1) & (4900, 82, 4663, t2=t1+(0, 2)) & (4663, 117, 4723, t3=t2+(0, 1)) -> (4663, 82, 4663, t4=t3+(1, 2))	3	72
(727, 53, 4619, t1) & (1704, 68, 4940, t2=t1+(0, 12)) & (4940, 50, 4619, t3=t2+(0, 5)) -> (1704, 68, 1704, t4=t3+(1, 4))	3	73
(467, 67, 4177, t1) & (3067, 78, 3672, t2=t1+(0, 6)) & (3672, 46, 467, t3=t2+(0, 8)) -> (3067, 67, 3672, t4=t3+(1, 4))	3	74
(4662, 97, 1173, t1) & (4850, 132, 1278, t2=t1+(0, 8)) & (4662, 12, 4850, t3=t2+(0, 3)) -> (1278, 97, 4662, t4=t3+(1, 9))	3	75
(1909, 91, 1389, t1) & (3899, 78, 3347, t2=t1+(0, 5)) & (3899, 199, 1909, t3=t2+(0, 6)) -> (1909, 91, 3899, t4=t3+(1, 6))	3	76
(2630, 174, 2161, t1) & (2366, 26, 4173, t2=t1+(0, 3)) & (4173, 46, 2630, t3=t2+(0, 6)) -> (2630, 46, 4173, t4=t3+(1, 5))	3	77
(4327, 173, 1711, t1) & (3497, 188, 3079, t2=t1+(0, 5)) & (3497, 3, 4327, t3=t2+(0, 3)) -> (3497, 173, 4327, t4=t3+(1, 6))	3	78
(4546, 60, 6, t1) & (599, 50, 877, t2=t1+(0, 5)) & (4546, 41, 599, t3=t2+(0, 5)) -> (599, 41, 599, t4=t3+(1, 4))	3	79
(425, 75, 3719, t1) & (4022, 72, 1676, t2=t1+(0, 4)) & (4022, 169, 425, t3=t2+(0, 4)) -> (425, 75, 1676, t4=t3+(1, 6))	3	80
(3060, 197, 3358, t1) & (3738, 57, 3706, t2=t1+(0, 3)) & (3738, 191, 3358, t3=t2+(0, 4)) -> (3358, 57, 3358, t4=t3+(1, 5))	3	81
(2410, 196, 4432, t1) & (377, 185, 431, t2=t1+(0, 2)) & (4432, 101, 431, t3=t2+(0, 3)) -> (4432, 101, 431, t4=t3+(1, 7))	3	82
(2871, 14, 4022, t1) & (2026, 89, 160, t2=t1+(0, 10)) & (2026, 191, 4022, t3=t2+(0, 6)) -> (160, 89, 2026, t4=t3+(1, 6))	3	83
(1173, 187, 4037, t1) & (3825, 42, 2573, t2=t1+(0, 5)) & (1173, 75, 2573, t3=t2+(0, 4)) -> (2573, 42, 2573, t4=t3+(1, 3))	3	84
(1311, 43, 4613, t1) & (604, 167, 108, t2=t1+(0, 3)) & (1311, 199, 604, t3=t2+(0, 2)) -> (108, 43, 108, t4=t3+(1, 7))	3	85
(2545, 33, 3145, t1) & (1843, 16, 1883, t2=t1+(0, 5)) & (1883, 126, 3145, t3=t2+(0, 4)) -> (2545, 33, 1883, t4=t3+(1, 12))	3	86
(1126, 162, 759, t1) & (4547, 112, 3238, t2=t1+(0, 4)) & (1126, 108, 3238, t3=t2+(0, 8)) -> (4547, 112, 3238, t4=t3+(1, 4))	3	87
(2555, 40, 4275, t1) & (3293, 195, 3759, t2=t1+(0, 1)) & (2555, 166, 3759, t3=t2+(0, 2)) -> (2555, 166, 2555, t4=t3+(1, 7))	3	88
(3813, 175, 1389, t1) & (399, 123, 2611, t2=t1+(0, 5)) & (1389, 55, 399, t3=t2+(0, 2)) -> (2611, 123, 2611, t4=t3+(1, 7))	3	89
(4911, 46, 2413, t1) & (657, 159, 77, t2=t1+(0, 4)) & (77, 29, 4911, t3=t2+(0, 7)) -> (657, 159, 4911, t4=t3+(1, 7))	3	90
(2222, 7, 1755, t1) & (1065, 199, 2518, t2=t1+(0, 5)) & (2222, 52, 1065, t3=t2+(0, 5)) -> (2222, 52, 2518, t4=t3+(1, 8))	3	91
(2405, 42, 2298, t1) & (1611, 158, 2611, t2=t1+(0, 3)) & (2298, 191, 2611, t3=t2+(0, 7)) -> (2298, 158, 2611, t4=t3+(1, 5))	3	92
(1528, 197, 136, t1) & (1073, 0, 4916, t2=t1+(0, 4)) & (1073, 165, 136, t3=t2+(0, 5)) -> (1528, 0, 1073, t4=t3+(1, 2))	3	93
(933, 22, 3462, t1) & (1499, 91, 2946, t2=t1+(0, 3)) & (1499, 15, 933, t3=t2+(0, 9)) -> (1499, 22, 2946, t4=t3+(1, 5))	3	94
(3183, 155, 312, t1) & (3039, 162, 3140, t2=t1+(0, 6)) & (3039, 24, 3183, t3=t2+(0, 6)) -> (3183, 24, 3039, t4=t3+(1, 7))	3	95
(663, 167, 2102, t1) & (499, 160, 4176, t2=t1+(0, 1)) & (663, 45, 4176, t3=t2+(0, 7)) -> (2102, 167, 4176, t4=t3+(1, 5))	3	96
(515, 196, 596, t1) & (222, 14, 2367, t2=t1+(0, 7)) & (515, 13, 2367, t3=t2+(0, 11)) -> (2367, 13, 515, t4=t3+(1, 6))	3	97
(22, 168, 4401, t1) & (4024, 61, 4362, t2=t1+(0, 7)) & (4024, 90, 4401, t3=t2+(0, 6)) -> (4024, 61, 4401, t4=t3+(1, 9))	3	98
(3580, 49, 2759, t1) & (643, 129, 4853, t2=t1+(0, 4)) & (643, 125, 3580, t3=t2+(0, 5)) -> (2759, 49, 3580, t4=t3+(1, 8))	3	99
(2396, 161, 973, t1) & (2396, 103, 1469, t2=t1+(0, 4)) -> (2396, 161, 2396, t3=t2+(1, 4))	2	100
(1035, 174, 3472, t1) & (1035, 148, 1035, t2=t1+(0, 5)) -> (3472, 148, 1035, t3=t2+(1, 8))	2	101
(317, 64, 1765, t1) & (317, 171, 4422, t2=t1+(0, 4)) -> (4422, 64, 317, t3=t2+(1, 11))	2	102
(2215, 50, 1063, t1) & (2215, 184, 4604, t2=t1+(0, 3)) -> (2215, 50, 1063, t3=t2+(1, 6))	2	103
(2465, 53, 3331, t1) & (2465, 103, 1799, t2=t1+(0, 5)) -> (1799, 103, 2465, t3=t2+(1, 5))	2	104
(2792, 170, 3691, t1) & (2792, 134, 2792, t2=t1+(0, 3)) -> (2792, 134, 2792, t3=t2+(1, 5))	2	105
(3281, 118, 2186, t1) & (2348, 64, 3281, t2=t1+(0, 3)) -> (3281, 118, 2186, t3=t2+(1, 3))	2	106
(829, 81, 2460, t1) & (1161, 23, 2460, t2=t1+(0, 5)) -> (829, 81, 2460, t3=t2+(1, 4))	2	107
(62, 5, 990, t1) & (990, 46, 1348, t2=t1+(0, 5)) -> (1348, 5, 990, t3=t2+(1, 1))	2	108
(4294, 19, 4316, t1) & (4294, 1, 4294, t2=t1+(0, 3)) -> (4294, 19, 4294, t3=t2+(1, 3))	2	109
(2642, 84, 1068, t1) & (4189, 178, 1068, t2=t1+(0, 6)) -> (2642, 178, 1068, t3=t2+(1, 4))	2	110
(3215, 172, 2002, t1) & (2002, 136, 3215, t2=t1+(0, 6)) -> (3215, 172, 3215, t3=t2+(1, 2))	2	111
(1132, 33, 2595, t1) & (1132, 33, 2595, t2=t1+(1, 9)) -> (1132, 33, 2595, t3=t2+(1, 5))	2	112
(183, 100, 4715, t1) & (183, 184, 966, t2=t1+(0, 5)) -> (4715, 184, 966, t3=t2+(1, 8))	2	113
(195, 78, 3940, t1) & (3940, 100, 195, t2=t1+(0, 4)) -> (195, 100, 3940, t3=t2+(1, 4))	2	114
(973, 22, 3561, t1) & (4264, 132, 973, t2=t1+(0, 6)) -> (973, 132, 973, t3=t2+(1, 4))	2	115
(435, 18, 1352, t1) & (2978, 144, 435, t2=t1+(0, 8)) -> (2978, 18, 1352, t3=t2+(1, 9))	2	116
(3542, 16, 2950, t1) & (3161, 167, 3542, t2=t1+(0, 3)) -> (3542, 167, 3161, t3=t2+(1, 5))	2	117
(3747, 97, 837, t1) & (3747, 42, 3747, t2=t1+(0, 4)) -> (3747, 42, 3747, t3=t2+(1, 6))	2	118
(127, 146, 3003, t1) & (3003, 193, 3003, t2=t1+(0, 7)) -> (3003, 146, 127, t3=t2+(1, 2))	2	119
(4232, 155, 3133, t1) & (2031, 130, 4232, t2=t1+(0, 10)) -> (2031, 155, 4232, t3=t2+(1, 6))	2	120
(336, 173, 428, t1) & (656, 76, 428, t2=t1+(0, 4)) -> (656, 76, 428, t3=t2+(1, 4))	2	121
(3851, 150, 2404, t1) & (3738, 70, 3851, t2=t1+(0, 6)) -> (3738, 150, 3851, t3=t2+(1, 1))	2	122
(1976, 178, 3093, t1) & (1099, 154, 3093, t2=t1+(0, 5)) -> (1099, 178, 3093, t3=t2+(1, 4))	2	123
(669, 99, 1719, t1) & (1719, 96, 669, t2=t1+(0, 1)) -> (669, 96, 669, t3=t2+(1, 9))	2	124
(1268, 186, 964, t1) & (964, 24, 1268, t2=t1+(0, 3)) -> (1268, 186, 964, t3=t2+(1, 6))	2	125
(1223, 60, 1102, t1) & (1223, 135, 1102, t2=t1+(0, 1)) -> (1223, 60, 1223, t3=t2+(1, 3))	2	126
(631, 52, 2437, t1) & (631, 20, 2437, t2=t1+(0, 3)) -> (631, 52, 631, t3=t2+(1, 3))	2	127
(2011, 138, 1139, t1) & (1139, 37, 991, t2=t1+(0, 2)) -> (991, 37, 2011, t3=t2+(1, 5))	2	128
(604, 110, 933, t1) & (604, 193, 3104, t2=t1+(0, 5)) -> (604, 110, 3104, t3=t2+(1, 5))	2	129
(3672, 87, 944, t1) & (944, 93, 2524, t2=t1+(0, 6)) -> (3672, 93, 2524, t3=t2+(1, 2))	2	130
(208, 118, 4473, t1) & (4622, 14, 4473, t2=t1+(0, 3)) -> (208, 14, 4622, t3=t2+(1, 5))	2	131
(1906, 102, 703, t1) & (1906, 13, 1304, t2=t1+(0, 7)) -> (703, 102, 1304, t3=t2+(1, 5))	2	132
(4353, 124, 1901, t1) & (1226, 62, 1901, t2=t1+(0, 2)) -> (1226, 62, 4353, t3=t2+(1, 5))	2	133
(1176, 22, 3819, t1) & (2452, 29, 3819, t2=t1+(0, 2)) -> (1176, 22, 3819, t3=t2+(1, 3))	2	134
(811, 16, 4255, t1) & (4717, 198, 4255, t2=t1+(0, 3)) -> (4717, 16, 4255, t3=t2+(1, 7))	2	135
(855, 81, 4768, t1) & (855, 195, 4768, t2=t1+(0, 4)) -> (4768, 195, 855, t3=t2+(1, 2))	2	136
(2818, 162, 4707, t1) & (1001, 120, 2818, t2=t1+(0, 5)) -> (4707, 162, 2818, t3=t2+(1, 2))	2	137
(3006, 171, 1513, t1) & (1513, 46, 1513, t2=t1+(0, 1)) -> (3006, 171, 3006, t3=t2+(1, 4))	2	138
(2685, 10, 4610, t1) & (4610, 46, 4028, t2=t1+(0, 5)) -> (2685, 10, 4610, t3=t2+(1, 4))	2	139
(2396, 181, 3301, t1) & (2396, 96, 1648, t2=t1+(0, 3)) -> (2396, 96, 1648, t3=t2+(1, 3))	2	140
(4122, 133, 3814, t1) & (3814, 45, 3176, t2=t1+(0, 7)) -> (3176, 45, 3176, t3=t2+(1, 6))	2	141
(108, 184, 2635, t1) & (108, 49, 108, t2=t1+(0, 2)) -> (108, 184, 108, t3=t2+(1, 6))	2	142
(2308, 166, 1383, t1) & (2036, 154, 2308, t2=t1+(0, 6)) -> (2308, 154, 2308, t3=t2+(1, 5))	2	143
(760, 136, 2467, t1) & (3841, 50, 760, t2=t1+(0, 4)) -> (760, 50, 2467, t3=t2+(1, 5))	2	144
(381, 81, 2620, t1) & (2620, 81, 674, t2=t1+(0, 11)) -> (2620, 81, 381, t3=t2+(1, 6))	2	145
(4587, 131, 3668, t1) & (138, 38, 4587, t2=t1+(0, 3)) -> (138, 38, 4587, t3=t2+(1, 5))	2	146
(4295, 106, 2332, t1) & (622, 21, 4295, t2=t1+(0, 4)) -> (4295, 106, 4295, t3=t2+(1, 3))	2	147
(4201, 79, 4562, t1) & (2900, 147, 4201, t2=t1+(0, 6)) -> (4562, 79, 4562, t3=t2+(1, 7))	2	148
(1846, 15, 4421, t1) & (4421, 120, 4421, t2=t1+(0, 7)) -> (4421, 120, 4421, t3=t2+(1, 10))	2	149
(52, 88, 1342, t1) & (4692, 89, 52, t2=t1+(0, 7)) -> (4692, 89, 1342, t3=t2+(1, 2))	2	150
(561, 26, 3699, t1) & (3699, 35, 561, t2=t1+(0, 1)) -> (3699, 26, 3699, t3=t2+(1, 4))	2	151
(1873, 74, 894, t1) & (894, 161, 1873, t2=t1+(0, 4)) -> (1873, 161, 894, t3=t2+(1, 3))	2	152
(1768, 1, 4181, t1) & (1768, 118, 1768, t2=t1+(0, 6)) -> (1768, 1, 1768, t3=t2+(1, 5))	2	153
(3471, 57, 2830, t1) & (3471, 3, 3471, t2=t1+(0, 3)) -> (3471, 57, 3471, t3=t2+(1, 3))	2	154
(4454, 64, 4148, t1) & (3982, 29, 4148, t2=t1+(0, 4)) -> (3982, 64, 4454, t3=t2+(1, 1))	2	155
(3975, 120, 2972, t1) & (2353, 101, 2972, t2=t1+(0, 6)) -> (2353, 101, 2353, t3=t2+(1, 5))	2	156
(2139, 16, 2838, t1) & (464, 130, 2838, t2=t1+(0, 3)) -> (2838, 130, 2838, t3=t2+(1, 8))	2	157
(3129, 72, 4834, t1) & (4834, 141, 4573, t2=t1+(0, 8)) -> (4834, 72, 3129, t3=t2+(1, 3))	2	158
(3646, 39, 2812, t1) & (2812, 199, 1702, t2=t1+(0, 6)) -> (1702, 199, 2812, t3=t2+(1, 5))	2	159
(1276, 2, 219, t1) & (2175, 51, 219, t2=t1+(0, 4)) -> (2175, 2, 1276, t3=t2+(1, 5))	2	160
(3656, 155, 1855, t1) & (3656, 186, 590, t2=t1+(0, 8)) -> (590, 186, 3656, t3=t2+(1, 6))	2	161
(3537, 128, 4625, t1) & (4625, 132, 3537, t2=t1+(0, 4)) -> (4625, 132, 4625, t3=t2+(1, 2))	2	162
(564, 133, 3032, t1) & (3032, 68, 3591, t2=t1+(0, 5)) -> (3591, 133, 3032, t3=t2+(1, 3))	2	163
(3068, 13, 2959, t1) & (2959, 32, 2959, t2=t1+(0, 7)) -> (3068, 13, 2959, t3=t2+(1, 4))	2	164
(1880, 70, 904, t1) & (2294, 179, 1880, t2=t1+(0, 4)) -> (1880, 70, 904, t3=t2+(1, 4))	2	165
(4328, 151, 4454, t1) & (800, 74, 4454, t2=t1+(0, 5)) -> (4328, 151, 800, t3=t2+(1, 1))	2	166
(130, 59, 2201, t1) & (2201, 49, 339, t2=t1+(0, 5)) -> (2201, 59, 339, t3=t2+(1, 6))	2	167
(1524, 27, 3044, t1) & (1524, 110, 3745, t2=t1+(0, 2)) -> (3044, 110, 3745, t3=t2+(1, 7))	2	168
(1696, 2, 4766, t1) & (1307, 4, 4766, t2=t1+(0, 5)) -> (4766, 2, 1696, t3=t2+(1, 5))	2	169
(4311, 45, 1075, t1) & (3192, 164, 1075, t2=t1+(0, 5)) -> (4311, 45, 1075, t3=t2+(1, 5))	2	170
(103, 57, 434, t1) & (434, 164, 103, t2=t1+(0, 10)) -> (103, 57, 103, t3=t2+(1, 1))	2	171
(1715, 65, 1951, t1) & (1715, 36, 2745, t2=t1+(0, 4)) -> (1715, 65, 1715, t3=t2+(1, 7))	2	172
(2300, 128, 4650, t1) & (3506, 138, 4650, t2=t1+(0, 7)) -> (2300, 128, 3506, t3=t2+(1, 3))	2	173
(4486, 106, 3884, t1) & (4486, 62, 4870, t2=t1+(0, 5)) -> (4486, 62, 4486, t3=t2+(1, 4))	2	174
(2773, 94, 1451, t1) & (1451, 169, 2773, t2=t1+(0, 5)) -> (1451, 169, 2773, t3=t2+(1, 4))	2	175
(2000, 160, 3574, t1) & (2000, 11, 3574, t2=t1+(0, 5)) -> (3574, 11, 3574, t3=t2+(1, 5))	2	176
(2246, 192, 4686, t1) & (1683, 109, 4686, t2=t1+(0, 5)) -> (1683, 109, 4686, t3=t2+(1, 6))	2	177
(403, 103, 2904, t1) & (403, 133, 403, t2=t1+(0, 6)) -> (2904, 103, 2904, t3=t2+(1, 10))	2	178
(7, 109, 3636, t1) & (7, 0, 2460, t2=t1+(0, 2)) -> (7, 0, 3636, t3=t2+(1, 6))	2	179
(4777, 104, 2022, t1) & (812, 101, 2022, t2=t1+(0, 7)) -> (4777, 104, 2022, t3=t2+(1, 2))	2	180
(4414, 111, 2506, t1) & (2506, 110, 1269, t2=t1+(0, 8)) -> (4414, 111, 1269, t3=t2+(1, 3))	2	181
(1022, 58, 1337, t1) & (1337, 93, 762, t2=t1+(0, 8)) -> (762, 58, 1337, t3=t2+(1, 5))	2	182
(2167, 193, 3609, t1) & (2167, 126, 335, t2=t1+(0, 4)) -> (2167, 193, 2167, t3=t2+(1, 3))	2	183
(524, 116, 1215, t1) & (524, 80, 524, t2=t1+(0, 11)) -> (1215, 80, 524, t3=t2+(1, 1))	2	184
(3726, 92, 3167, t1) & (3167, 170, 3167, t2=t1+(0, 5)) -> (3167, 92, 3726, t3=t2+(1, 4))	2	185
(2469, 24, 3982, t1) & (54, 74, 2469, t2=t1+(0, 3)) -> (2469, 74, 3982, t3=t2+(1, 2))	2	186
(3380, 166, 4603, t1) & (3380, 9, 1938, t2=t1+(0, 6)) -> (1938, 9, 4603, t3=t2+(1, 8))	2	187
(1522, 146, 57, t1) & (3264, 34, 57, t2=t1+(0, 3)) -> (57, 146, 57, t3=t2+(1, 12))	2	188
(623, 129, 3767, t1) & (4187, 113, 3767, t2=t1+(0, 5)) -> (4187, 113, 4187, t3=t2+(1, 7))	2	189
(1564, 153, 572, t1) & (1564, 160, 1806, t2=t1+(0, 4)) -> (1564, 153, 1564, t3=t2+(1, 3))	2	190
(2372, 134, 934, t1) & (934, 93, 2954, t2=t1+(0, 5)) -> (2954, 93, 2954, t3=t2+(1, 6))	2	191
(1556, 90, 4605, t1) & (4605, 73, 1819, t2=t1+(0, 7)) -> (4605, 90, 4605, t3=t2+(1, 9))	2	192
(4111, 2, 2980, t1) & (4111, 107, 2251, t2=t1+(0, 4)) -> (4111, 2, 2251, t3=t2+(1, 5))	2	193
(1418, 22, 2475, t1) & (1418, 86, 1418, t2=t1+(0, 2)) -> (1418, 86, 1418, t3=t2+(1, 11))	2	194
(4970, 143, 3393, t1) & (4970, 8, 4970, t2=t1+(0, 5)) -> (3393, 8, 4970, t3=t2+(1, 5))	2	195
(3378, 52, 4770, t1) & (3378, 75, 2125, t2=t1+(0, 3)) -> (2125, 52, 2125, t3=t2+(1, 2))	2	196
(4359, 62, 3540, t1) & (1622, 194, 4359, t2=t1+(0, 3)) -> (3540, 194, 3540, t3=t2+(1, 5))	2	197
(248, 20, 521, t1) & (521, 82, 1013, t2=t1+(0, 5)) -> (248, 82, 1013, t3=t2+(1, 4))	2	198
(691, 173, 65, t1) & (65, 166, 65, t2=t1+(0, 7)) -> (65, 173, 65, t3=t2+(1, 4))	2	199
(2630, 147, 3985, t1) -> (2630, 147, 2630, t2=t1+(1, 2))	1	200
(3972, 52, 4333, t1) -> (3972, 52, 3972, t2=t1+(1, 4))	1	201
(1265, 45, 2943, t1) -> (2943, 45, 1265, t2=t1+(1, 10))	1	202
(1252, 75, 1094, t1) -> (1252, 75, 1252, t2=t1+(1, 8))	1	203
(3963, 75, 320, t1) -> (320, 75, 3963, t2=t1+(1, 6))	1	204
(779, 44, 2664, t1) -> (2664, 44, 2664, t2=t1+(1, 1))	1	205
(3433, 122, 4339, t1) -> (4339, 122, 3433, t2=t1+(1, 3))	1	206
(2002, 83, 302, t1) -> (302, 83, 2002, t2=t1+(1, 1))	1	207
(134, 54, 2885, t1) -> (2885, 54, 134, t2=t1+(1, 5))	1	208
(2948, 62, 1666, t1) -> (2948, 62, 1666, t2=t1+(1, 5))	1	209
(4286, 42, 1090, t1) -> (1090, 42, 1090, t2=t1+(1, 10))	1	210
(1178, 69, 4160, t1) -> (4160, 69, 4160, t2=t1+(1, 1))	1	211
(3488, 12, 1825, t1) -> (3488, 12, 1825, t2=t1+(1, 5))	1	212
(2842, 106, 4970, t1) -> (4970, 106, 4970, t2=t1+(1, 4))	1	213
(1390, 177, 3452, t1) -> (1390, 177, 3452, t2=t1+(1, 8))	1	214
(679, 59, 74, t1) -> (679, 59, 679, t2=t1+(1, 4))	1	215
(3289, 111, 2526, t1) -> (2526, 111, 2526, t2=t1+(1, 7))	1	216
(4452, 161, 1616, t1) -> (4452, 161, 1616, t2=t1+(1, 9))	1	217
(2748, 130, 4411, t1) -> (2748, 130, 2748, t2=t1+(1, 2))	1	218
(2173, 36, 1846, t1) -> (2173, 36, 1846, t2=t1+(1, 3))	1	219
(2985, 9, 2234, t1) -> (2234, 9, 2985, t2=t1+(1, 4))	1	220
(3504, 5, 1599, t1) -> (3504, 5, 1599, t2=t1+(1, 8))	1	221
(1793, 79, 3632, t1) -> (3632, 79, 1793, t2=t1+(1, 6))	1	222
(529, 171, 593, t1) -> (593, 171, 529, t2=t1+(1, 7))	1	223
(3969, 88, 3687, t1) -> (3687, 88, 3687, t2=t1+(1, 5))	1	224
(1553, 143, 430, t1) -> (430, 143, 1553, t2=t1+(1, 5))	1	225
(177, 13, 3588, t1) -> (3588, 13, 177, t2=t1+(1, 4))	1	226
(4753, 2, 1817, t1) -> (1817, 2, 1817, t2=t1+(1, 6))	1	227
(3611, 136, 3758, t1) -> (3611, 136, 3758, t2=t1+(1, 2))	1	228
(4451, 50, 1049, t1) -> (4451, 50, 1049, t2=t1+(1, 6))	1	229
(742, 93, 454, t1) -> (454, 93, 742, t2=t1+(1, 4))	1	230
(1171, 182, 1163, t1) -> (1163, 182, 1171, t2=t1+(1, 2))	1	231
(496, 128, 2271, t1) -> (2271, 128, 2271, t2=t1+(1, 3))	1	232
(3797, 157, 2685, t1) -> (2685, 157, 2685, t2=t1+(1, 5))	1	233
(1648, 84, 3753, t1) -> (1648, 84, 1648, t2=t1+(1, 4))	1	234
(1679, 57, 1151, t1) -> (1151, 57, 1151, t2=t1+(1, 5))	1	235
(3058, 55, 4578, t1) -> (4578, 55, 4578, t2=t1+(1, 7))	1	236
(99, 79, 4599, t1) -> (99, 79, 99, t2=t1+(1, 5))	1	237
(698, 163, 2127, t1) -> (698, 163, 2127, t2=t1+(1, 4))	1	238
(666, 70, 3024, t1) -> (666, 70, 3024, t2=t1+(1, 7))	1	239
(2539, 14, 2825, t1) -> (2825, 14, 2539, t2=t1+(1, 2))	1	240
(901, 64, 1685, t1) -> (901, 64, 901, t2=t1+(1, 2))	1	241
(355, 132, 488, t1) -> (355, 132, 355, t2=t1+(1, 3))	1	242
(1939, 27, 1412, t1) -> (1939, 27, 1412, t2=t1+(1, 6))	1	243
(244, 46, 2928, t1) -> (2928, 46, 2928, t2=t1+(1, 3))	1	244
(1127, 187, 870, t1) -> (870, 187, 870, t2=t1+(1, 4))	1	245
(2771, 160, 2928, t1) -> (2771, 160, 2928, t2=t1+(1, 6))	1	246
(2383, 127, 1111, t1) -> (2383, 127, 1111, t2=t1+(1, 6))	1	247
(4914, 164, 1854, t1) -> (1854, 164, 4914, t2=t1+(1, 8))	1	248
(590, 18, 167, t1) -> (590, 18, 590, t2=t1+(1, 8))	1	249
(2655, 42, 3136, t1) -> (3136, 42, 2655, t2=t1+(1, 8))	1	250
(2568, 153, 1058, t1) -> (1058, 153, 1058, t2=t1+(1, 3))	1	251
(2247, 156, 30, t1) -> (2247, 156, 2247, t2=t1+(1, 2))	1	252
(622, 11, 1091, t1) -> (622, 11, 622, t2=t1+(1, 3))	1	253
(4277, 19, 2956, t1) -> (4277, 19, 2956, t2=t1+(1, 3))	1	254
(1027, 51, 1203, t1) -> (1203, 51, 1027, t2=t1+(1, 4))	1	255
(1226, 186, 4717, t1) -> (4717, 186, 1226, t2=t1+(1, 4))	1	256
(3135, 51, 1200, t1) -> (3135, 51, 3135, t2=t1+(1, 3))	1	257
(2312, 92, 1188, t1) -> (2312, 92, 2312, t2=t1+(1, 1))	1	258
(2449, 95, 3, t1) -> (3, 95, 2449, t2=t1+(1, 5))	1	259
(3500, 163, 2009, t1) -> (3500, 163, 3500, t2=t1+(1, 4))	1	260
(3126, 170, 4917, t1) -> (4917, 170, 4917, t2=t1+(1, 2))	1	261
(1740, 88, 3681, t1) -> (1740, 88, 1740, t2=t1+(1, 3))	1	262
(1171, 36, 884, t1) -> (1171, 36, 884, t2=t1+(1, 6))	1	263
(3951, 85, 348, t1) -> (3951, 85, 3951, t2=t1+(1, 6))	1	264
(1898, 192, 812, t1) -> (812, 192, 812, t2=t1+(1, 2))	1	265
(2456, 68, 954, t1) -> (2456, 68, 2456, t2=t1+(1, 8))	1	266
(4837, 143, 2299, t1) -> (4837, 143, 4837, t2=t1+(1, 5))	1	267
(4186, 161, 750, t1) -> (4186, 161, 750, t2=t1+(1, 6))	1	268
(4416, 88, 5, t1) -> (4416, 88, 4416, t2=t1+(1, 3))	1	269
(385, 39, 1488, t1) -> (385, 39, 385, t2=t1+(1, 7))	1	270
(3354, 11, 2142, t1) -> (3354, 11, 2142, t2=t1+(1, 6))	1	271
(1384, 137, 3651, t1) -> (1384, 137, 1384, t2=t1+(1, 4))	1	272
(1792, 154, 3288, t1) -> (3288, 154, 1792, t2=t1+(1, 4))	1	273
(1347, 173, 275, t1) -> (1347, 173, 275, t2=t1+(1, 6))	1	274
(3282, 124, 3981, t1) -> (3282, 124, 3282, t2=t1+(1, 4))	1	275
(270, 199, 4841, t1) -> (270, 199, 270, t2=t1+(1, 5))	1	276
(2056, 3, 3404, t1) -> (3404, 3, 3404, t2=t1+(1, 1))	1	277
(3812, 119, 1255, t1) -> (1255, 119, 1255, t2=t1+(1, 2))	1	278
(490, 85, 3021, t1) -> (3021, 85, 490, t2=t1+(1, 3))	1	279
(3371, 93, 2558, t1) -> (2558, 93, 3371, t2=t1+(1, 4))	1	280
(2892, 34, 2472, t1) -> (2472, 34, 2892, t2=t1+(1, 4))	1	281
(4848, 168, 389, t1) -> (389, 168, 389, t2=t1+(1, 3))	1	282
(858, 15, 4871, t1) -> (4871, 15, 4871, t2=t1+(1, 12))	1	283
(1631, 67, 3620, t1) -> (3620, 67, 1631, t2=t1+(1, 4))	1	284
(3844, 16, 4611, t1) -> (4611, 16, 4611, t2=t1+(1, 7))	1	285
(4208, 70, 4316, t1) -> (4208, 70, 4208, t2=t1+(1, 5))	1	286
(2658, 67, 4830, t1) -> (4830, 67, 2658, t2=t1+(1, 7))	1	287
(1054, 72, 2631, t1) -> (2631, 72, 1054, t2=t1+(1, 1))	1	288
(2595, 165, 766, t1) -> (766, 165, 2595, t2=t1+(1, 3))	1	289
(139, 92, 4213, t1) -> (139, 92, 139, t2=t1+(1, 5))	1	290
(992, 67, 2085, t1) -> (2085, 67, 2085, t2=t1+(1, 5))	1	291
(4631, 146, 4550, t1) -> (4631, 146, 4550, t2=t1+(1, 3))	1	292
(2467, 95, 4299, t1) -> (4299, 95, 2467, t2=t1+(1, 4))	1	293
(863, 33, 2937, t1) -> (863, 33, 863, t2=t1+(1, 7))	1	294
(2176, 37, 2864, t1) -> (2864, 37, 2176, t2=t1+(1, 10))	1	295
(1832, 31, 3893, t1) -> (1832, 31, 1832, t2=t1+(1, 9))	1	296
(2321, 59, 3579, t1) -> (2321, 59, 3579, t2=t1+(1, 4))	1	297
(4853, 180, 3006, t1) -> (3006, 180, 3006, t2=t1+(1, 6))	1	298
(4204, 114, 3490, t1) -> (3490, 114, 3490, t2=t1+(1, 5))	1	299
