(2608, 54, 4445, t1) & (4438, 114, 169, t2=t1+(0, 1)) & (169, 70, 4445, t3=t2+(0, 6)) -> (4445, 114, 169, t4=t3+(1, 5))	3	0
(214, 106, 2235, t1) & (1837, 72, 229, t2=t1+(0, 3)) & (1837, 122, 2235, t3=t2+(0, 4)) -> (1837, 72, 1837, t4=t3+(1, 5))	3	1
(3923, 170, 4632, t1) & (4665, 76, 2065, t2=t1+(0, 1)) & (2065, 77, 3923, t3=t2+(0, 2)) -> (2065, 77, 2065, t4=t3+(1, 6))	3	2
(4383, 26, 2310, t1) & (329, 192, 3762, t2=t1+(0, 4)) & (2310, 148, 329, t3=t2+(0, 6)) -> (3762, 148, 329, t4=t3+(1, 2))	3	3
(1222, 194, 2966, t1) & (1612, 150, 2271, t2=t1+(0, 3)) & (1222, 66, 2271, t3=t2+(0, 7)) -> (1612, 150, 1222, t4=t3+(1, 5))	3	4
(473, 193, 2218, t1) & (4200, 185, 2917, t2=t1+(0, 3)) & (2218, 119, 4200, t3=t2+(0, 3)) -> (473, 185, 4200, t4=t3+(1, 5))	3	5
(3500, 35, 1122, t1) & (2371, 12, 1103, t2=t1+(0, 8)) & (3500, 28, 1103, t3=t2+(0, 5)) -> (2371, 28, 1103, t4=t3+(1, 5))	3	6
(2227, 69, 1477, t1) & (2403, 104, 694, t2=t1+(0, 3)) & (2403, 24, 1477, t3=t2+(0, 4)) -> (1477, 69, 2403, t4=t3+(1, 7))	3	7
(3319, 105, 3161, t1) & (1051, 185, 56, t2=t1+(0, 3)) & (56, 72, 3319, t3=t2+(0, 4)) -> (1051, 105, 3319, t4=t3+(1, 9))	3	8
(2670, 197, 4853, t1) & (2522, 158, 3343, t2=t1+(0, 4)) & (2522, 92, 4853, t3=t2+(0, 3)) -> (4853, 92, 4853, t4=t3+(1, 2))	3	9
(2347, 30, 1714, t1) & (4148, 180, 4457, t2=t1+(0, 3)) & (1714, 58, 4457, t3=t2+(0, 3)) -> (2347, 30, 2347, t4=t3+(1, 5))	3	10
(690, 85, 1950, t1) & (1811, 84, 89, t2=t1+(0, 4)) & (690, 55, 89, t3=t2+(0, 6)) -> (1950, 84, 690, t4=t3+(1, 3))	3	11
(550, 12, 3817, t1) & (1599, 19, 3504, t2=t1+(0, 12)) & (3504, 103, 550, t3=t2+(0, 4)) -> (3504, 12, 1599, t4=t3+(1, 3))	3	12
(1025, 72, 3723, t1) & (616, 43, 3488, t2=t1+(0, 2)) & (616, 170, 3723, t3=t2+(0, 8)) -> (3723, 43, 616, t4=t3+(1, 4))	3	13
(4582, 89, 756, t1) & (2858, 172, 1895, t2=t1+(0, 5)) & (4582, 42, 2858, t3=t2+(0, 3)) -> (2858, 172, 4582, t4=t3+(1, 5))	3	14
(970, 62, 4604, t1) & (1889, 24, 675, t2=t1+(0, 5)) & (1889, 180, 4604, t3=t2+(0, 6)) -> (4604, 180, 970, t4=t3+(1, 5))	3	15
(2646, 13, 1342, t1) & (3593, 13, 4875, t2=t1+(0, 7)) & (1342, 98, 3593, t3=t2+(0, 8)) -> (3593, 13, 2646, t4=t3+(1, 5))	3	16
(4316, 8, 556, t1) & (4852, 130, 206, t2=t1+(0, 3)) & (556, 127, 206, t3=t2+(0, 6)) -> (4852, 130, 206, t4=t3+(1, 8))	3	17
(115, 186, 2851, t1) & (1870, 87, 3610, t2=t1+(0, 6)) & (1870, 6, 115, t3=t2+(0, 10)) -> (3610, 87, 1870, t4=t3+(1, 4))	3	18
(4988, 104, 2943, t1) & (3514, 188, 4570, t2=t1+(0, 3)) & (2943, 34, 3514, t3=t2+(0, 1)) -> (3514, 188, 2943, t4=t3+(1, 2))	3	19
(4045, 107, 4373, t1) & (3138, 81, 4304, t2=t1+(0, 2)) & (4045, 135, 4304, t3=t2+(0, 4)) -> (4373, 135, 4304, t4=t3+(1, 7))	3	20
(3821, 53, 4266, t1) & (995, 156, 3828, t2=t1+(0, 5)) & (3821, 186, 3828, t3=t2+(0, 3)) -> (995, 156, 3828, t4=t3+(1, 3))	3	21
(4563, 114, 2812, t1) & (2664, 168, 4977, t2=t1+(0, 12)) & (2664, 195, 4563, t3=t2+(0, 10)) -> (2812, 168, 4563, t4=t3+(1, 4))	3	22
(3923, 120, 1782, t1) & (3717, 186, 2898, t2=t1+(0, 5)) & (3717, 37, 1782, t3=t2+(0, 3)) -> (3717, 186, 3923, t4=t3+(1, 7))	3	23
(4695, 48, 969, t1) & (1270, 8, 653, t2=t1+(0, 4)) & (1270, 96, 969, t3=t2+(0, 4)) -> (969, 96, 4695, t4=t3+(1, 8))	3	24
(162, 172, 331, t1) & (886, 158, 4404, t2=t1+(0, 5)) & (331, 62, 886, t3=t2+(0, 6)) -> (162, 62, 331, t4=t3+(1, 3))	3	25
(4326, 109, 3913, t1) & (1307, 45, 1351, t2=t1+(0, 6)) & (1307, 195, 3913, t3=t2+(0, 3)) -> (3913, 109, 3913, t4=t3+(1, 7))	3	26
(2210, 45, 3543, t1) & (558, 94, 606, t2=t1+(0, 5)) & (606, 67, 2210, t3=t2+(0, 6)) -> (558, 67, 558, t4=t3+(1, 4))	3	27
(4032, 120, 2935, t1) & (1833, 28, 2890, t2=t1+(0, 6)) & (2890, 197, 4032, t3=t2+(0, 4)) -> (2935, 120, 4032, t4=t3+(1, 8))	3	28
(185, 14, 475, t1) & (4663, 10, 1193, t2=t1+(0, 4)) & (4663, 140, 475, t3=t2+(0, 5)) -> (4663, 140, 185, t4=t3+(1, 2))	3	29
(2912, 14, 1014, t1) & (3147, 80, 3754, t2=t1+(0, 4)) & (3147, 105, 1014, t3=t2+(0, 3)) -> (3147, 105, 3147, t4=t3+(1, 3))	3	30
(3583, 0, 1397, t1) & (2872, 153, 4314, t2=t1+(0, 2)) & (4314, 107, 3583, t3=t2+(0, 1)) -> (3583, 107, 3583, t4=t3+(1, 8))	3	31
(4921, 37, 4389, t1) & (2370, 16, 2375, t2=t1+(0, 4)) & (2375, 153, 4389, t3=t2+(0, 6)) -> (4389, 16, 4389, t4=t3+(1, 6))	3	32
(880, 189, 286, t1) & (1047, 178, 4315, t2=t1+(0, 5)) & (1047, 177, 880, t3=t2+(0, 3)) -> (1047, 177, 880, t4=t3+(1, 4))	3	33
(385, 10, 1762, t1) & (2594, 187, 3103, t2=t1+(0, 5)) & (385, 131, 3103, t3=t2+(0, 4)) -> (385, 131, 1762, t4=t3+(1, 4))	3	34
(4453, 159, 1948, t1) & (3640, 117, 3435, t2=t1+(0, 9)) & (3435, 75, 1948, t3=t2+(0, 3)) -> (3640, 75, 3640, t4=t3+(1, 2))	3	35
(443, 62, 4867, t1) & (1214, 137, 1868, t2=t1+(0, 5)) & (443, 90, 1868, t3=t2+(0, 9)) -> (4867, 137, 1214, t4=t3+(1, 6))	3	36
(1956, 24, 937, t1) & (3547, 49, 4938, t2=t1+(0, 7)) & (1956, 19, 4938, t3=t2+(0, 4)) -> (3547, 24, 1956, t4=t3+(1, 9))	3	37
(2895, 95, 1713, t1) & (3053, 56, 1151, t2=t1+(0, 3)) & (1151, 96, 2895, t3=t2+(0, 5)) -> (1151, 96, 1151, t4=t3+(1, 7))	3	38
(3306, 150, 4003, t1) & (3583, 25, 2519, t2=t1+(0, 2)) & (3583, 85, 3306, t3=t2+(0, 2)) -> (3583, 85, 3583, t4=t3+(1, 5))	3	39
(2878, 96, 745, t1) & (2418, 111, 3866, t2=t1+(0, 7)) & (3866, 48, 2878, t3=t2+(0, 4)) -> (3866, 111, 745, t4=t3+(1, 7))	3	40
(561, 112, 2520, t1) & (1316, 148, 2855, t2=t1+(0, 1)) & (2520, 51, 1316, t3=t2+(0, 7)) -> (561, 51, 561, t4=t3+(1, 7))	3	41
(3841, 45, 3695, t1) & (3541, 128, 2931, t2=t1+(0, 5)) & (3695, 161, 3541, t3=t2+(0, 4)) -> (3541, 161, 3541, t4=t3+(1, 5))	3	42
(4964, 178, 3902, t1) & (4916, 58, 1712, t2=t1+(0, 3)) & (1712, 176, 3902, t3=t2+(0, 8)) -> (3902, 58, 1712, t4=t3+(1, 9))	3	43
(4110, 76, 1968, t1) & (387, 91, 3800, t2=t1+(0, 4)) & (1968, 14, 3800, t3=t2+(0, 11)) -> (1968, 91, 3800, t4=t3+(1, 6))	3	44
(1969, 95, 3634, t1) & (1359, 161, 2805, t2=t1+(0, 6)) & (3634, 86, 1359, t3=t2+(0, 6)) -> (1359, 95, 1359, t4=t3+(1, 8))	3	45
(1755, 155, 2397, t1) & (1858, 75, 4966, t2=t1+(0, 6)) & (1858, 144, 1755, t3=t2+(0, 5)) -> (2397, 75, 1858, t4=t3+(1, 7))	3	46
(1250, 16, 3274, t1) & (2986, 129, 4819, t2=t1+(0, 2)) & (1250, 126, 2986, t3=t2+(0, 4)) -> (2986, 126, 2986, t4=t3+(1, 7))	3	47
(628, 5, 4429, t1) & (3986, 115, 4831, t2=t1+(0, 3)) & (628, 132, 3986, t3=t2+(0, 7)) -> (4429, 5, 628, t4=t3+(1, 5))	3	48
(3256, 25, 4811, t1) & (1586, 192, 3017, t2=t1+(0, 8)) & (3256, 71, 3017, t3=t2+(0, 6)) -> (3017, 192, 3017, t4=t3+(1, 2))	3	49
(3062, 103, 1878, t1) & (1879, 86, 355, t2=t1+(0, 4)) & (355, 107, 1878, t3=t2+(0, 8)) -> (3062, 103, 1878, t4=t3+(1, 5))	3	50
(3110, 16, 2425, t1) & (4575, 4, 1595, t2=t1+(0, 6)) & (1595, 11, 3110, t3=t2+(0, 7)) -> (1595, 11, 3110, t4=t3+(1, 3))	3	51
(2353, 154, 3971, t1) & (807, 60, 1559, t2=t1+(0, 6)) & (3971, 97, 807, t3=t2+(0, 2)) -> (807, 60, 1559, t4=t3+(1, 1))	3	52
(4462, 85, 337, t1) & (2142, 64, 685, t2=t1+(0, 5)) & (337, 61, 2142, t3=t2+(0, 7)) -> (685, 64, 4462, t4=t3+(1, 6))	3	53
(3143, 46, 4108, t1) & (4839, 45, 4178, t2=t1+(0, 5)) & (4178, 176, 4108, t3=t2+(0, 4)) -> (4108, 45, 4839, t4=t3+(1, 2))	3	54
(1487, 9, 2556, t1) & (1580, 99, 403, t2=t1+(0, 3)) & (1487, 129, 1580, t3=t2+(0, 7)) -> (2556, 129, 1580, t4=t3+(1, 2))	3	55
(1777, 131, 160, t1) & (4986, 21, 2327, t2=t1+(0, 5)) & (160, 134, 2327, t3=t2+(0, 3)) -> (1777, 134, 4986, t4=t3+(1, 6))	3	56
(4930, 42, 4806, t1) & (4400, 170, 728, t2=t1+(0, 9)) & (4400, 16, 4806, t3=t2+(0, 7)) -> (4806, 170, 4930, t4=t3+(1, 3))	3	57
(782, 137, 3396, t1) & (2903, 151, 2231, t2=t1+(0, 2)) & (2903, 99, 3396, t3=t2+(0, 4)) -> (2231, 151, 2903, t4=t3+(1, 2))	3	58
(2215, 177, 1795, t1) & (1767, 175, 3533, t2=t1+(0, 6)) & (3533, 173, 1795, t3=t2+(0, 9)) -> (1767, 177, 3533, t4=t3+(1, 4))	3	59
(4594, 180, 4666, t1) & (3247, 148, 79, t2=t1+(0, 9)) & (4666, 112, 79, t3=t2+(0, 5)) -> (4666, 112, 4666, t4=t3+(1, 9))	3	60
(128, 92, 4164, t1) & (2475, 87, 1926, t2=t1+(0, 7)) & (128, 32, 1926, t3=t2+(0, 4)) -> (1926, 92, 2475, t4=t3+(1, 6))	3	61
(2063, 129, 4093, t1) & (4085, 91, 308, t2=t1+(0, 7)) & (4093, 148, 308, t3=t2+(0, 6)) -> (308, 129, 308, t4=t3+(1, 9))	3	62
(1128, 82, 3693, t1) & (3702, 196, 517, t2=t1+(0, 7)) & (517, 93, 3693, t3=t2+(0, 3)) -> (517, 93, 517, t4=t3+(1, 4))	3	63
(1589, 135, 4739, t1) & (2781, 64, 624, t2=t1+(0, 5)) & (2781, 174, 1589, t3=t2+(0, 8)) -> (624, 64, 2781, t4=t3+(1, 5))	3	64
(4357, 132, 595, t1) & (2778, 117, 705, t2=t1+(0, 3)) & (2778, 49, 595, t3=t2+(0, 8)) -> (2778, 117, 595, t4=t3+(1, 5))	3	65
(1864, 145, 855, t1) & (245, 137, 906, t2=t1+(0, 3)) & (855, 70, 245, t3=t2+(0, 10)) -> (855, 145, 855, t4=t3+(1, 5))	3	66
(2992, 100, 2620, t1) & (4785, 118, 4766, t2=t1+(0, 5)) & (2992, 197, 4785, t3=t2+(0, 8)) -> (4766, 197, 4785, t4=t3+(1, 4))	3	67
(3540, 22, 4872, t1) & (4941, 192, 784, t2=t1+(0, 5)) & (4872, 19, 784, t3=t2+(0, 3)) -> (4872, 22, 784, t4=t3+(1, 7))	3	68
(510, 79, 863, t1) & (2126, 126, 3373, t2=t1+(0, 5)) & (3373, 81, 510, t3=t2+(0, 6)) -> (510, 81, 863, t4=t3+(1, 6))	3	69
(4778, 59, 4150, t1) & (2771, 116, 2108, t2=t1+(0, 5)) & (4150, 94, 2108, t3=t2+(0, 4)) -> (2108, 116, 2771, t4=t3+(1, 1))	3	70
(4579, 110, 722, t1) & (4983, 56, 1421, t2=t1+(0, 5)) & (4983, 136, 4579, t3=t2+(0, 4)) -> (4579, 110, 4579, t4=t3+(1, 6))	3	71
(3550, 79, 2037, t1) & (2717, 22, 3157, t2=t1+(0, 6)) & (3550, 33, 3157, t3=t2+(0, 1)) -> (3157, 22, 2717, t4=t3+(1, 4))	3	72
(553, 22, 1705, t1) & (2856, 169, 4072, t2=t1+(0, 12)) & (553, 141, 4072, t3=t2+(0, 7)) -> (553, 141, 2856, t4=t3+(1, 4))	3	73
(454, 186, 4088, t1) & (4315, 111, 4118, t2=t1+(0, 0)) & (454, 102, 4315, t3=t2+(0, 7)) -> (4315, 186, 454, t4=t3+(1, 1))	3	74
(2157, 144, 3522, t1) & (3455, 20, 3705, t2=t1+(0, 4)) & (2157, 84, 3455, t3=t2+(0, 6)) -> (3522, 144, 2157, t4=t3+(1, 6))	3	75
(695, 3, 2937, t1) & (4169, 174, 3764, t2=t1+(0, 5)) & (2937, 40, 4169, t3=t2+(0, 4)) -> (4169, 3, 695, t4=t3+(1, 5))	3	76
(1601, 146, 2347, t1) & (1284, 3, 994, t2=t1+(0, 3)) & (2347, 115, 1284, t3=t2+(0, 9)) -> (1601, 146, 2347, t4=t3+(1, 8))	3	77
(1690, 60, 1292, t1) & (281, 27, 1826, t2=t1+(0, 4)) & (1292, 176, 1826, t3=t2+(0, 8)) -> (1292, 60, 1690, t4=t3+(1, 3))	3	78
(4012, 131, 1098, t1) & (3929, 73, 576, t2=t1+(0, 3)) & (1098, 16, 3929, t3=t2+(0, 10)) -> (4012, 73, 1098, t4=t3+(1, 11))	3	79
(150, 112, 4159, t1) & (1920, 38, 234, t2=t1+(0, 4)) & (1920, 151, 150, t3=t2+(0, 3)) -> (1920, 38, 1920, t4=t3+(1, 4))	3	80
(3855, 39, 307, t1) & (1575, 136, 4418, t2=t1+(0, 9)) & (307, 123, 4418, t3=t2+(0, 6)) -> (4418, 39, 307, t4=t3+(1, 4))	3	81
(1339, 145, 50, t1) & (4168, 91, 3343, t2=t1+(0, 3)) & (3343, 169, 50, t3=t2+(0, 5)) -> (3343, 91, 50, t4=t3+(1, 4))	3	82
(888, 117, 4210, t1) & (2605, 115, 2232, t2=t1+(0, 8)) & (2605, 77, 4210, t3=t2+(0, 5)) -> (888, 115, 888, t4=t3+(1, 4))	3	83
(2924, 120, 4582, t1) & (1097, 75, 4487, t2=t1+(0, 8)) & (4487, 135, 2924, t3=t2+(0, 7)) -> (1097, 75, 2924, t4=t3+(1, 5))	3	84
(3632, 59, 1574, t1) & (3912, 174, 2847, t2=t1+(0, 2)) & (3912, 112, 1574, t3=t2+(0, 3)) -> (1574, 174, 1574, t4=t3+(1, 5))	3	85
(2010, 192, 4995, t1) & (4468, 127, 627, t2=t1+(0, 3)) & (627, 194, 2010, t3=t2+(0, 4)) -> (627, 127, 2010, t4=t3+(1, 5))	3	86
(2833, 98, 1022, t1) & (2693, 178, 1219, t2=t1+(0, 6)) & (2693, 172, 1022, t3=t2+(0, 7)) -> (1022, 98, 1022, t4=t3+(1, 4))	3	87
(3323, 198, 462, t1) & (354, 144, 106, t2=t1+(0, 5)) & (3323, 193, 354, t3=t2+(0, 1)) -> (354, 144, 462, t4=t3+(1, 6))	3	88
(1025, 18, 268, t1) & (508, 103, 4233, t2=t1+(0, 5)) & (1025, 102, 4233, t3=t2+(0, 7)) -> (268, 102, 268, t4=t3+(1, 5))	3	89
(4471, 35, 4608, t1) & (3395, 123, 907, t2=t1+(0, 7)) & (907, 164, 4608, t3=t2+(0, 4)) -> (907, 123, 907, t4=t3+(1, 3))	3	90
(674, 47, 4915, t1) & (1016, 161, 1773, t2=t1+(0, 4)) & (674, 116, 1773, t3=t2+(0, 3)) -> (674, 116, 1016, t4=t3+(1, 8))	3	91
(2731, 167, 3957, t1) & (2014, 17, 4649, t2=t1+(0, 2)) & (2014, 155, 3957, t3=t2+(0, 7)) -> (2731, 155, 2014, t4=t3+(1, 7))	3	92
(4354, 88, 2716, t1) & (220, 39, 4237, t2=t1+(0, 6)) & (4354, 60, 4237, t3=t2+(0, 3)) -> (2716, 60, 220, t4=t3+(1, 3))	3	93
(741, 39, 2434, t1) & (1643, 23, 254, t2=t1+(0, 4)) & (1643, 187, 741, t3=t2+(0, 6)) -> (741, 39, 1643, t4=t3+(1, 4))	3	94
(3313, 126, 987, t1) & (2215, 172, 746, t2=t1+(0, 2)) & (987, 24, 746, t3=t2+(0, 3)) -> (2215, 126, 987, t4=t3+(1, 5))	3	95
(3476, 122, 4284, t1) & (4361, 165, 3460, t2=t1+(0, 5)) & (3476, 109, 4361, t3=t2+(0, 5)) -> (3460, 165, 4284, t4=t3+(1, 5))	3	96
(4650, 90, 596, t1) & (4897, 184, 1272, t2=t1+(0, 4)) & (1272, 11, 596, t3=t2+(0, 4)) -> (596, 184, 4650, t4=t3+(1, 8))	3	97
(3258, 94, 4041, t1) & (2271, 51, 2718, t2=t1+(0, 9)) & (3258, 174, 2271, t3=t2+(0, 6)) -> (3258, 51, 2271, t4=t3+(1, 4))	3	98
(495, 47, 4908, t1) & (2568, 23, 3158, t2=t1+(0, 3)) & (3158, 180, 4908, t3=t2+(0, 3)) -> (2568, 47, 4908, t4=t3+(1, 6))	3	99
(739, 155, 1489, t1) & (5, 42, 667, t2=t1+(0, 4)) & (667, 119, 739, t3=t2+(0, 7)) -> (667, 155, 5, t4=t3+(1, 6))	3	100
(2195, 165, 3694, t1) & (508, 121, 901, t2=t1+(0, 2)) & (3694, 62, 901, t3=t2+(0, 4)) -> (901, 121, 508, t4=t3+(1, 4))	3	101
(984, 139, 3, t1) & (2520, 83, 4577, t2=t1+(0, 6)) & (2520, 67, 984, t3=t2+(0, 1)) -> (984, 139, 2520, t4=t3+(1, 6))	3	102
(4744, 117, 561, t1) & (3544, 53, 2650, t2=t1+(0, 9)) & (561, 173, 2650, t3=t2+(0, 4)) -> (2650, 117, 4744, t4=t3+(1, 4))	3	103
(29, 114, 1249, t1) & (4263, 60, 3146, t2=t1+(0, 9)) & (4263, 119, 1249, t3=t2+(0, 8)) -> (4263, 60, 1249, t4=t3+(1, 5))	3	104
(1820, 23, 4735, t1) & (2392, 91, 4935, t2=t1+(0, 4)) & (4735, 16, 2392, t3=t2+(0, 4)) -> (4735, 23, 4735, t4=t3+(1, 12))	3	105
(4774, 39, 1061, t1) & (4168, 47, 3957, t2=t1+(0, 4)) & (4774, 114, 3957, t3=t2+(0, 5)) -> (4774, 47, 1061, t4=t3+(1, 4))	3	106
(2678, 125, 2602, t1) & (3631, 114, 3128, t2=t1+(0, 5)) & (2602, 35, 3631, t3=t2+(0, 3)) -> (3631, 125, 2678, t4=t3+(1, 6))	3	107
(4761, 141, 2298, t1) & (3179, 74, 1710, t2=t1+(0, 2)) & (2298, 14, 3179, t3=t2+(0, 3)) -> (1710, 74, 2298, t4=t3+(1, 7))	3	108
(1736, 121, 3628, t1) & (1131, 7, 4032, t2=t1+(0, 3)) & (1736, 74, 1131, t3=t2+(0, 6)) -> (1131, 74, 1131, t4=t3+(1, 2))	3	109
(995, 158, 3543, t1) & (406, 101, 2835, t2=t1+(0, 4)) & (2835, 39, 995, t3=t2+(0, 5)) -> (406, 39, 3543, t4=t3+(1, 7))	3	110
(812, 111, 1272, t1) & (1513, 82, 820, t2=t1+(0, 8)) & (812, 155, 820, t3=t2+(0, 7)) -> (1272, 82, 812, t4=t3+(1, 2))	3	111
(4883, 65, 4910, t1) & (557, 75, 1515, t2=t1+(0, 11)) & (1515, 178, 4910, t3=t2+(0, 1)) -> (4910, 178, 1515, t4=t3+(1, 8))	3	112
(2499, 125, 2924, t1) & (2137, 182, 792, t2=t1+(0, 2)) & (2137, 85, 2499, t3=t2+(0, 3)) -> (2499, 85, 2499, t4=t3+(1, 6))	3	113
(2776, 51, 2191, t1) & (1252, 191, 3522, t2=t1+(0, 6)) & (2776, 142, 1252, t3=t2+(0, 6)) -> (2776, 142, 2191, t4=t3+(1, 4))	3	114
(3236, 26, 4221, t1) & (4900, 127, 1816, t2=t1+(0, 5)) & (4900, 47, 4221, t3=t2+(0, 5)) -> (4900, 47, 1816, t4=t3+(1, 5))	3	115
(225, 196, 3660, t1) & (1351, 179, 2831, t2=t1+(0, 8)) & (225, 170, 1351, t3=t2+(0, 8)) -> (225, 179, 1351, t4=t3+(1, 6))	3	116
(1198, 193, 4544, t1) & (3118, 181, 2942, t2=t1+(0, 12)) & (3118, 81, 4544, t3=t2+(0, 6)) -> (3118, 81, 4544, t4=t3+(1, 7))	3	117
(200, 58, 1676, t1) & (4115, 76, 2164, t2=t1+(0, 7)) & (200, 55, 2164, t3=t2+(0, 9)) -> (2164, 76, 2164, t4=t3+(1, 3))	3	118
(1184, 34, 4155, t1) & (3525, 105, 616, t2=t1+(0, 4)) & (3525, 143, 4155, t3=t2+(0, 5)) -> (4155, 105, 4155, t4=t3+(1, 2))	3	119
(1351, 66, 1443, t1) & (4539, 68, 1471, t2=t1+(0, 4)) & (1351, 96, 1471, t3=t2+(0, 4)) -> (1351, 66, 1471, t4=t3+(1, 5))	3	120
(627, 54, 1853, t1) & (4488, 110, 4702, t2=t1+(0, 5)) & (4702, 101, 627, t3=t2+(0, 6)) -> (627, 54, 4702, t4=t3+(1, 5))	3	121
(4205, 185, 2286, t1) & (355, 100, 4814, t2=t1+(0, 6)) & (2286, 37, 4814, t3=t2+(0, 5)) -> (4814, 100, 2286, t4=t3+(1, 3))	3	122
(596, 11, 3152, t1) & (2289, 95, 1995, t2=t1+(0, 2)) & (596, 44, 2289, t3=t2+(0, 8)) -> (3152, 44, 596, t4=t3+(1, 2))	3	123
(3950, 116, 2175, t1) & (3786, 96, 1380, t2=t1+(0, 4)) & (3786, 167, 2175, t3=t2+(0, 6)) -> (2175, 96, 1380, t4=t3+(1, 4))	3	124
(422, 66, 2744, t1) & (3925, 128, 156, t2=t1+(0, 3)) & (422, 5, 3925, t3=t2+(0, 2)) -> (2744, 66, 422, t4=t3+(1, 3))	3	125
(372, 171, 521, t1) & (2037, 187, 470, t2=t1+(0, 8)) & (372, 133, 2037, t3=t2+(0, 2)) -> (470, 171, 2037, t4=t3+(1, 8))	3	126
(1566, 131, 4265, t1) & (1624, 15, 1711, t2=t1+(0, 8)) & (4265, 28, 1624, t3=t2+(0, 3)) -> (1624, 131, 1711, t4=t3+(1, 8))	3	127
(3228, 38, 4396, t1) & (303, 153, 4189, t2=t1+(0, 8)) & (303, 36, 3228, t3=t2+(0, 6)) -> (3228, 36, 3228, t4=t3+(1, 6))	3	128
(1795, 191, 3747, t1) & (4661, 146, 4581, t2=t1+(0, 2)) & (1795, 6, 4581, t3=t2+(0, 5)) -> (3747, 146, 1795, t4=t3+(1, 3))	3	129
(391, 166, 1171, t1) & (1040, 41, 443, t2=t1+(0, 3)) & (1171, 180, 443, t3=t2+(0, 3)) -> (1040, 166, 443, t4=t3+(1, 6))	3	130
(2987, 88, 3695, t1) & (646, 145, 2045, t2=t1+(0, 3)) & (2987, 199, 646, t3=t2+(0, 7)) -> (2987, 199, 2987, t4=t3+(1, 5))	3	131
(4103, 157, 718, t1) & (2875, 172, 751, t2=t1+(0, 2)) & (751, 23, 4103, t3=t2+(0, 10)) -> (718, 157, 4103, t4=t3+(1, 8))	3	132
(2547, 42, 1729, t1) & (2559, 118, 4288, t2=t1+(0, 2)) & (2559, 8, 1729, t3=t2+(0, 4)) -> (1729, 8, 1729, t4=t3+(1, 1))	3	133
(2354, 171, 4892, t1) & (4588, 154, 2468, t2=t1+(0, 8)) & (4588, 95, 2354, t3=t2+(0, 6)) -> (4892, 95, 2354, t4=t3+(1, 5))	3	134
(1817, 179, 219, t1) & (98, 87, 3813, t2=t1+(0, 8)) & (219, 124, 98, t3=t2+(0, 2)) -> (219, 179, 1817, t4=t3+(1, 4))	3	135
(3129, 172, 3676, t1) & (2694, 25, 2146, t2=t1+(0, 1)) & (3676, 148, 2694, t3=t2+(0, 4)) -> (2694, 172, 3129, t4=t3+(1, 7))	3	136
(474, 105, 651, t1) & (632, 28, 4219, t2=t1+(0, 5)) & (632, 197, 651, t3=t2+(0, 6)) -> (4219, 197, 651, t4=t3+(1, 8))	3	137
(3627, 36, 1165, t1) & (2255, 196, 4843, t2=t1+(0, 8)) & (4843, 28, 1165, t3=t2+(0, 1)) -> (1165, 36, 3627, t4=t3+(1, 3))	3	138
(4698, 154, 4466, t1) & (3727, 188, 3794, t2=t1+(0, 9)) & (3727, 9, 4698, t3=t2+(0, 8)) -> (3794, 9, 3727, t4=t3+(1, 7))	3	139
(3919, 99, 2210, t1) & (3544, 91, 4976, t2=t1+(0, 6)) & (2210, 16, 4976, t3=t2+(0, 8)) -> (3544, 99, 4976, t4=t3+(1, 6))	3	140
(4056, 155, 2232, t1) & (494, 166, 790, t2=t1+(0, 2)) & (494, 42, 4056, t3=t2+(0, 4)) -> (790, 166, 494, t4=t3+(1, 3))	3	141
(1230, 177, 4343, t1) & (1558, 3, 3866, t2=t1+(0, 5)) & (1230, 85, 3866, t3=t2+(0, 4)) -> (4343, 177, 1558, t4=t3+(1, 2))	3	142
(4082, 34, 4031, t1) & (4622, 112, 1494, t2=t1+(0, 7)) & (1494, 90, 4031, t3=t2+(0, 5)) -> (1494, 34, 1494, t4=t3+(1, 2))	3	143
(4711, 194, 766, t1) & (3000, 83, 3243, t2=t1+(0, 5)) & (3000, 161, 4711, t3=t2+(0, 3)) -> (3000, 194, 4711, t4=t3+(1, 3))	3	144
(4627, 6, 558, t1) & (162, 155, 163, t2=t1+(0, 4)) & (162, 94, 558, t3=t2+(0, 3)) -> (4627, 6, 558, t4=t3+(1, 6))	3	145
(2066, 135, 1872, t1) & (639, 42, 1626, t2=t1+(0, 7)) & (2066, 122, 639, t3=t2+(0, 2)) -> (2066, 122, 1626, t4=t3+(1, 7))	3	146
(2864, 50, 1008, t1) & (3043, 39, 493, t2=t1+(0, 5)) & (3043, 169, 1008, t3=t2+(0, 8)) -> (3043, 39, 2864, t4=t3+(1, 9))	3	147
(3691, 145, 4625, t1) & (4564, 50, 2075, t2=t1+(0, 4)) & (4625, 69, 2075, t3=t2+(0, 1)) -> (2075, 50, 2075, t4=t3+(1, 6))	3	148
(3664, 178, 1750, t1) & (4209, 32, 3925, t2=t1+(0, 7)) & (3925, 114, 1750, t3=t2+(0, 8)) -> (3925, 32, 1750, t4=t3+(1, 3))	3	149
(1869, 25, 695, t1) & (1366, 135, 3044, t2=t1+(0, 5)) & (1869, 24, 3044, t3=t2+(0, 5)) -> (1366, 25, 1366, t4=t3+(1, 4))	3	150
(2075, 84, 3872, t1) & (3260, 99, 635, t2=t1+(0, 5)) & (635, 10, 2075, t3=t2+(0, 9)) -> (635, 84, 3872, t4=t3+(1, 7))	3	151
(4924, 22, 2594, t1) & (2074, 53, 2615, t2=t1+(0, 8)) & (4924, 100, 2615, t3=t2+(0, 6)) -> (2074, 100, 2594, t4=t3+(1, 6))	3	152
(3730, 8, 1652, t1) & (2184, 97, 4344, t2=t1+(0, 3)) & (2184, 79, 1652, t3=t2+(0, 6)) -> (3730, 8, 2184, t4=t3+(1, 1))	3	153
(83, 73, 46, t1) & (1252, 3, 4275, t2=t1+(0, 4)) & (83, 136, 4275, t3=t2+(0, 1)) -> (1252, 136, 4275, t4=t3+(1, 6))	3	154
(3106, 46, 4824, t1) & (2363, 39, 1841, t2=t1+(0, 6)) & (4824, 128, 2363, t3=t2+(0, 4)) -> (2363, 39, 4824, t4=t3+(1, 6))	3	155
(1237, 185, 880, t1) & (2680, 13, 3550, t2=t1+(0, 5)) & (880, 169, 2680, t3=t2+(0, 7)) -> (2680, 169, 1237, t4=t3+(1, 3))	3	156
(4433, 136, 2310, t1) & (322, 144, 1596, t2=t1+(0, 3)) & (1596, 43, 2310, t3=t2+(0, 5)) -> (1596, 136, 2310, t4=t3+(1, 8))	3	157
(3825, 12, 4515, t1) & (2502, 110, 496, t2=t1+(0, 10)) & (496, 161, 3825, t3=t2+(0, 4)) -> (3825, 161, 496, t4=t3+(1, 9))	3	158
(688, 150, 3986, t1) & (723, 189, 4413, t2=t1+(0, 3)) & (688, 53, 4413, t3=t2+(0, 2)) -> (4413, 150, 4413, t4=t3+(1, 5))	3	159
(3144, 96, 1844, t1) & (4883, 123, 280, t2=t1+(0, 7)) & (1844, 155, 280, t3=t2+(0, 5)) -> (280, 96, 1844, t4=t3+(1, 5))	3	160
(1956, 169, 3311, t1) & (4053, 118, 2497, t2=t1+(0, 3)) & (4053, 45, 3311, t3=t2+(0, 3)) -> (3311, 45, 3311, t4=t3+(1, 5))	3	161
(1311, 8, 3124, t1) & (1057, 139, 1767, t2=t1+(0, 6)) & (1311, 191, 1057, t3=t2+(0, 4)) -> (1057, 8, 1057, t4=t3+(1, 4))	3	162
(3034, 195, 4990, t1) & (3106, 95, 192, t2=t1+(0, 1)) & (3106, 99, 3034, t3=t2+(0, 11)) -> (3106, 195, 4990, t4=t3+(1, 2))	3	163
(1622, 43, 1174, t1) & (2094, 55, 525, t2=t1+(0, 3)) & (2094, 45, 1622, t3=t2+(0, 1)) -> (1622, 55, 525, t4=t3+(1, 8))	3	164
(1421, 187, 3599, t1) & (315, 31, 4722, t2=t1+(0, 2)) & (315, 89, 3599, t3=t2+(0, 2)) -> (315, 187, 3599, t4=t3+(1, 6))	3	165
(2482, 3, 1852, t1) & (2468, 31, 1704, t2=t1+(0, 3)) & (1852, 80, 2468, t3=t2+(0, 6)) -> (2468, 31, 1852, t4=t3+(1, 5))	3	166
(3570, 74, 2569, t1) & (177, 49, 3892, t2=t1+(0, 7)) & (3570, 14, 3892, t3=t2+(0, 7)) -> (177, 14, 3892, t4=t3+(1, 2))	3	167
(3556, 137, 874, t1) & (2169, 173, 3688, t2=t1+(0, 5)) & (2169, 66, 3556, t3=t2+(0, 9)) -> (3556, 137, 2169, t4=t3+(1, 4))	3	168
(4722, 154, 1015, t1) & (2734, 83, 4535, t2=t1+(0, 5)) & (4722, 199, 2734, t3=t2+(0, 5)) -> (4535, 199, 1015, t4=t3+(1, 3))	3	169
(1248, 5, 3369, t1) & (4946, 5, 1219, t2=t1+(0, 4)) & (1219, 20, 3369, t3=t2+(0, 5)) -> (1248, 5, 1248, t4=t3+(1, 4))	3	170
(3501, 166, 3981, t1) & (4735, 140, 1634, t2=t1+(0, 2)) & (1634, 16, 3981, t3=t2+(0, 8)) -> (3981, 16, 1634, t4=t3+(1, 3))	3	171
(944, 138, 4756, t1) & (3825, 161, 1748, t2=t1+(0, 2)) & (4756, 159, 1748, t3=t2+(0, 4)) -> (944, 159, 3825, t4=t3+(1, 6))	3	172
(1508, 106, 472, t1) & (4893, 116, 4698, t2=t1+(0, 4)) & (4893, 107, 1508, t3=t2+(0, 9)) -> (1508, 106, 1508, t4=t3+(1, 5))	3	173
(3118, 195, 2970, t1) & (1753, 199, 3144, t2=t1+(0, 3)) & (3144, 30, 3118, t3=t2+(0, 7)) -> (1753, 30, 3144, t4=t3+(1, 4))	3	174
(4900, 165, 1644, t1) & (3212, 102, 2195, t2=t1+(0, 4)) & (1644, 21, 3212, t3=t2+(0, 4)) -> (2195, 165, 1644, t4=t3+(1, 4))	3	175
(4775, 178, 1176, t1) & (4378, 176, 3115, t2=t1+(0, 3)) & (4378, 0, 1176, t3=t2+(0, 4)) -> (1176, 178, 3115, t4=t3+(1, 4))	3	176
(4650, 117, 3432, t1) & (3673, 143, 2391, t2=t1+(0, 5)) & (3432, 165, 2391, t3=t2+(0, 7)) -> (3673, 117, 3673, t4=t3+(1, 7))	3	177
(3471, 154, 1822, t1) & (3510, 113, 4476, t2=t1+(0, 3)) & (1822, 8, 3510, t3=t2+(0, 3)) -> (3471, 113, 3510, t4=t3+(1, 5))	3	178
(4705, 142, 4990, t1) & (3338, 89, 2394, t2=t1+(0, 10)) & (4705, 6, 3338, t3=t2+(0, 7)) -> (4990, 142, 3338, t4=t3+(1, 4))	3	179
(3496, 150, 3463, t1) & (3662, 83, 525, t2=t1+(0, 3)) & (3662, 24, 3463, t3=t2+(0, 4)) -> (3662, 24, 3496, t4=t3+(1, 4))	3	180
(2668, 29, 1524, t1) & (4249, 65, 651, t2=t1+(0, 5)) & (651, 104, 2668, t3=t2+(0, 8)) -> (1524, 29, 1524, t4=t3+(1, 5))	3	181
(4770, 86, 4746, t1) & (4025, 93, 2670, t2=t1+(0, 7)) & (4746, 107, 4025, t3=t2+(0, 7)) -> (4025, 86, 4025, t4=t3+(1, 4))	3	182
(2298, 76, 2885, t1) & (2808, 190, 2236, t2=t1+(0, 3)) & (2808, 58, 2298, t3=t2+(0, 7)) -> (2298, 76, 2298, t4=t3+(1, 6))	3	183
(4698, 12, 1621, t1) & (642, 117, 4494, t2=t1+(0, 7)) & (1621, 109, 4494, t3=t2+(0, 3)) -> (642, 117, 1621, t4=t3+(1, 2))	3	184
(1237, 128, 450, t1) & (1464, 58, 2629, t2=t1+(0, 5)) & (1464, 42, 450, t3=t2+(0, 3)) -> (2629, 128, 2629, t4=t3+(1, 5))	3	185
(1613, 69, 1285, t1) & (3580, 130, 4290, t2=t1+(0, 12)) & (3580, 141, 1285, t3=t2+(0, 5)) -> (3580, 141, 3580, t4=t3+(1, 1))	3	186
(1339, 33, 538, t1) & (2101, 57, 3729, t2=t1+(0, 1)) & (3729, 42, 1339, t3=t2+(0, 3)) -> (1339, 33, 1339, t4=t3+(1, 2))	3	187
(2170, 87, 3628, t1) & (1038, 101, 1330, t2=t1+(0, 7)) & (2170, 72, 1330, t3=t2+(0, 7)) -> (2170, 101, 1330, t4=t3+(1, 6))	3	188
(412, 68, 777, t1) & (3732, 159, 3042, t2=t1+(0, 9)) & (412, 150, 3732, t3=t2+(0, 7)) -> (3732, 68, 777, t4=t3+(1, 6))	3	189
(612, 164, 648, t1) & (3632, 78, 3806, t2=t1+(0, 8)) & (3806, 24, 612, t3=t2+(0, 2)) -> (612, 24, 3806, t4=t3+(1, 8))	3	190
(99, 28, 1978, t1) & (1455, 70, 1499, t2=t1+(0, 5)) & (1455, 36, 99, t3=t2+(0, 4)) -> (99, 28, 1499, t4=t3+(1, 6))	3	191
(957, 106, 1269, t1) & (2696, 171, 756, t2=t1+(0, 5)) & (1269, 30, 2696, t3=t2+(0, 4)) -> (1269, 106, 2696, t4=t3+(1, 5))	3	192
(941, 30, 2474, t1) & (3419, 189, 3453, t2=t1+(0, 2)) & (2474, 38, 3453, t3=t2+(0, 6)) -> (3453, 189, 3453, t4=t3+(1, 3))	3	193
(2890, 21, 754, t1) & (2713, 28, 1388, t2=t1+(0, 2)) & (2713, 68, 754, t3=t2+(0, 4)) -> (754, 28, 1388, t4=t3+(1, 7))	3	194
(2322, 170, 2143, t1) & (1164, 47, 4039, t2=t1+(0, 3)) & (2143, 184, 1164, t3=t2+(0, 3)) -> (2322, 47, 2322, t4=t3+(1, 9))	3	195
(4675, 1, 3503, t1) & (1874, 128, 2579, t2=t1+(0, 8)) & (3503, 56, 1874, t3=t2+(0, 5)) -> (4675, 1, 4675, t4=t3+(1, 1))	3	196
(3680, 103, 2894, t1) & (1235, 109, 4819, t2=t1+(0, 5)) & (2894, 41, 1235, t3=t2+(0, 3)) -> (1235, 41, 1235, t4=t3+(1, 3))	3	197
(2925, 156, 2855, t1) & (976, 87, 3025, t2=t1+(0, 1)) & (976, 105, 2855, t3=t2+(0, 4)) -> (976, 105, 2925, t4=t3+(1, 6))	3	198
(1985, 133, 2719, t1) & (268, 137, 2746, t2=t1+(0, 6)) & (2719, 193, 268, t3=t2+(0, 8)) -> (1985, 137, 268, t4=t3+(1, 1))	3	199
(3528, 34, 3400, t1) & (2361, 62, 3528, t2=t1+(0, 7)) -> (3528, 34, 3528, t3=t2+(1, 1))	2	200
(1337, 76, 2340, t1) & (2340, 170, 1337, t2=t1+(0, 5)) -> (1337, 170, 1337, t3=t2+(1, 2))	2	201
(3036, 57, 1283, t1) & (3036, 113, 2646, t2=t1+(0, 11)) -> (2646, 57, 1283, t3=t2+(1, 5))	2	202
(1980, 61, 336, t1) & (4654, 155, 1980, t2=t1+(0, 6)) -> (1980, 155, 4654, t3=t2+(1, 6))	2	203
(3850, 87, 190, t1) & (2747, 146, 190, t2=t1+(0, 4)) -> (190, 146, 2747, t3=t2+(1, 3))	2	204
(3654, 165, 3855, t1) & (3654, 72, 3654, t2=t1+(0, 7)) -> (3654, 165, 3855, t3=t2+(1, 4))	2	205
(3270, 141, 1263, t1) & (1263, 4, 1263, t2=t1+(0, 3)) -> (1263, 4, 1263, t3=t2+(1, 5))	2	206
(818, 65, 483, t1) & (818, 152, 4634, t2=t1+(0, 3)) -> (4634, 65, 483, t3=t2+(1, 4))	2	207
(3672, 6, 3214, t1) & (4077, 127, 3672, t2=t1+(0, 4)) -> (3672, 6, 4077, t3=t2+(1, 6))	2	208
(615, 181, 2697, t1) & (615, 180, 4569, t2=t1+(0, 3)) -> (2697, 180, 615, t3=t2+(1, 4))	2	209
(3468, 138, 4531, t1) & (1895, 177, 4531, t2=t1+(0, 4)) -> (1895, 177, 3468, t3=t2+(1, 5))	2	210
(3512, 142, 3834, t1) & (898, 187, 3512, t2=t1+(0, 4)) -> (898, 187, 3512, t3=t2+(1, 8))	2	211
(3374, 53, 2150, t1) & (3549, 8, 3374, t2=t1+(0, 7)) -> (3374, 53, 3549, t3=t2+(1, 4))	2	212
(4093, 87, 2455, t1) & (2455, 21, 2455, t2=t1+(0, 3)) -> (2455, 21, 4093, t3=t2+(1, 5))	2	213
(3586, 199, 1572, t1) & (3586, 148, 1572, t2=t1+(0, 4)) -> (1572, 199, 3586, t3=t2+(1, 9))	2	214
(2131, 127, 3836, t1) & (2131, 37, 4937, t2=t1+(0, 10)) -> (2131, 127, 4937, t3=t2+(1, 4))	2	215
(1513, 53, 2750, t1) & (2750, 193, 2431, t2=t1+(0, 2)) -> (2750, 53, 1513, t3=t2+(1, 1))	2	216
(3386, 94, 4176, t1) & (3386, 182, 3386, t2=t1+(0, 8)) -> (3386, 94, 3386, t3=t2+(1, 4))	2	217
(441, 192, 831, t1) & (831, 2, 831, t2=t1+(0, 6)) -> (831, 192, 831, t3=t2+(1, 4))	2	218
(3634, 162, 3022, t1) & (3022, 36, 772, t2=t1+(0, 4)) -> (3022, 36, 3022, t3=t2+(1, 3))	2	219
(676, 26, 1622, t1) & (1459, 128, 676, t2=t1+(0, 7)) -> (676, 26, 1459, t3=t2+(1, 3))	2	220
(3456, 45, 4014, t1) & (2152, 17, 3456, t2=t1+(0, 2)) -> (3456, 45, 4014, t3=t2+(1, 4))	2	221
(2065, 184, 2989, t1) & (2065, 119, 2065, t2=t1+(0, 7)) -> (2989, 184, 2065, t3=t2+(1, 6))	2	222
(549, 122, 4235, t1) & (549, 83, 4452, t2=t1+(0, 4)) -> (4452, 83, 4235, t3=t2+(1, 6))	2	223
(3279, 26, 2406, t1) & (2406, 23, 2406, t2=t1+(0, 10)) -> (2406, 26, 2406, t3=t2+(1, 6))	2	224
(4506, 108, 1626, t1) & (652, 27, 1626, t2=t1+(0, 3)) -> (4506, 108, 4506, t3=t2+(1, 5))	2	225
(4563, 43, 3937, t1) & (3937, 35, 2166, t2=t1+(0, 9)) -> (3937, 43, 3937, t3=t2+(1, 7))	2	226
(1689, 42, 1601, t1) & (1689, 13, 1601, t2=t1+(0, 4)) -> (1601, 42, 1601, t3=t2+(1, 9))	2	227
(1357, 32, 626, t1) & (1833, 8, 1357, t2=t1+(0, 2)) -> (1357, 8, 626, t3=t2+(1, 5))	2	228
(1572, 164, 4354, t1) & (1434, 153, 1572, t2=t1+(0, 5)) -> (1572, 153, 1572, t3=t2+(1, 6))	2	229
(4927, 12, 790, t1) & (790, 57, 1759, t2=t1+(0, 5)) -> (790, 12, 790, t3=t2+(1, 9))	2	230
(1494, 180, 1419, t1) & (1419, 120, 2945, t2=t1+(0, 1)) -> (1419, 180, 1419, t3=t2+(1, 8))	2	231
(1336, 178, 933, t1) & (1461, 131, 933, t2=t1+(0, 3)) -> (1336, 131, 1336, t3=t2+(1, 3))	2	232
(4313, 104, 1009, t1) & (4313, 64, 3039, t2=t1+(0, 7)) -> (3039, 104, 4313, t3=t2+(1, 3))	2	233
(2244, 44, 1398, t1) & (378, 131, 2244, t2=t1+(0, 6)) -> (1398, 44, 378, t3=t2+(1, 1))	2	234
(1468, 124, 90, t1) & (90, 178, 90, t2=t1+(0, 4)) -> (1468, 178, 90, t3=t2+(1, 5))	2	235
(668, 110, 3022, t1) & (3022, 35, 4522, t2=t1+(0, 7)) -> (668, 35, 668, t3=t2+(1, 3))	2	236
(4617, 104, 2937, t1) & (4617, 103, 827, t2=t1+(0, 6)) -> (4617, 103, 4617, t3=t2+(1, 4))	2	237
(3913, 133, 534, t1) & (3913, 121, 2254, t2=t1+(0, 5)) -> (534, 133, 2254, t3=t2+(1, 4))	2	238
(4778, 125, 59, t1) & (2254, 139, 59, t2=t1+(0, 2)) -> (59, 139, 59, t3=t2+(1, 3))	2	239
(4960, 43, 3210, t1) & (4960, 161, 4960, t2=t1+(0, 4)) -> (3210, 161, 4960, t3=t2+(1, 6))	2	240
(1334, 98, 1043, t1) & (853, 158, 1043, t2=t1+(0, 4)) -> (1334, 158, 1043, t3=t2+(1, 3))	2	241
(3707, 194, 4986, t1) & (3420, 119, 4986, t2=t1+(0, 4)) -> (3707, 119, 3707, t3=t2+(1, 6))	2	242
(2816, 21, 3263, t1) & (3263, 149, 896, t2=t1+(0, 3)) -> (3263, 21, 896, t3=t2+(1, 4))	2	243
(2779, 119, 1667, t1) & (1667, 126, 1116, t2=t1+(0, 2)) -> (2779, 126, 1667, t3=t2+(1, 3))	2	244
(2501, 45, 4102, t1) & (4102, 154, 4102, t2=t1+(0, 8)) -> (2501, 45, 2501, t3=t2+(1, 4))	2	245
(3350, 111, 453, t1) & (42, 127, 453, t2=t1+(0, 6)) -> (453, 111, 453, t3=t2+(1, 5))	2	246
(1186, 88, 5, t1) & (5, 175, 4318, t2=t1+(0, 9)) -> (1186, 175, 4318, t3=t2+(1, 5))	2	247
(176, 81, 3023, t1) & (3205, 76, 176, t2=t1+(0, 2)) -> (176, 81, 176, t3=t2+(1, 10))	2	248
(4437, 124, 486, t1) & (486, 30, 4092, t2=t1+(0, 3)) -> (4437, 30, 486, t3=t2+(1, 4))	2	249
(623, 24, 1767, t1) & (4529, 159, 1767, t2=t1+(0, 5)) -> (4529, 24, 1767, t3=t2+(1, 2))	2	250
(364, 103, 1001, t1) & (364, 58, 1001, t2=t1+(0, 6)) -> (364, 103, 1001, t3=t2+(1, 5))	2	251
(1018, 194, 4872, t1) & (3038, 5, 4872, t2=t1+(0, 8)) -> (4872, 5, 3038, t3=t2+(1, 5))	2	252
(460, 118, 219, t1) & (460, 60, 732, t2=t1+(0, 7)) -> (460, 60, 732, t3=t2+(1, 9))	2	253
(1514, 104, 3997, t1) & (1514, 84, 3997, t2=t1+(0, 7)) -> (1514, 104, 1514, t3=t2+(1, 7))	2	254
(3250, 47, 2449, t1) & (3250, 47, 4712, t2=t1+(0, 9)) -> (4712, 47, 3250, t3=t2+(1, 4))	2	255
(397, 107, 4405, t1) & (397, 39, 1652, t2=t1+(0, 3)) -> (4405, 107, 397, t3=t2+(1, 5))	2	256
(2560, 31, 1302, t1) & (1879, 187, 2560, t2=t1+(0, 3)) -> (2560, 31, 2560, t3=t2+(1, 7))	2	257
(4273, 108, 1359, t1) & (4273, 46, 3563, t2=t1+(0, 2)) -> (3563, 46, 4273, t3=t2+(1, 4))	2	258
(2182, 37, 767, t1) & (2182, 23, 767, t2=t1+(0, 7)) -> (767, 23, 767, t3=t2+(1, 7))	2	259
(1140, 197, 2101, t1) & (2101, 133, 2101, t2=t1+(0, 3)) -> (1140, 133, 2101, t3=t2+(1, 6))	2	260
(3926, 68, 2302, t1) & (3926, 131, 1084, t2=t1+(0, 3)) -> (3926, 131, 3926, t3=t2+(1, 4))	2	261
(3940, 155, 4492, t1) & (883, 2, 4492, t2=t1+(0, 8)) -> (4492, 2, 883, t3=t2+(1, 5))	2	262
(388, 157, 2786, t1) & (388, 73, 4855, t2=t1+(0, 4)) -> (4855, 73, 2786, t3=t2+(1, 3))	2	263
(2178, 143, 4528, t1) & (2178, 98, 4295, t2=t1+(0, 3)) -> (2178, 98, 4295, t3=t2+(1, 10))	2	264
(4379, 73, 4461, t1) & (4461, 48, 491, t2=t1+(0, 2)) -> (4379, 48, 4379, t3=t2+(1, 7))	2	265
(3048, 168, 823, t1) & (823, 106, 4565, t2=t1+(0, 1)) -> (823, 168, 823, t3=t2+(1, 7))	2	266
(233, 146, 1456, t1) & (233, 49, 3047, t2=t1+(0, 7)) -> (3047, 146, 3047, t3=t2+(1, 6))	2	267
(429, 108, 3788, t1) & (429, 135, 3499, t2=t1+(0, 8)) -> (429, 135, 3788, t3=t2+(1, 7))	2	268
(4386, 16, 786, t1) & (786, 119, 4386, t2=t1+(0, 6)) -> (786, 16, 786, t3=t2+(1, 3))	2	269
(2691, 61, 3283, t1) & (76, 187, 2691, t2=t1+(0, 1)) -> (2691, 61, 2691, t3=t2+(1, 2))	2	270
(4230, 0, 2527, t1) & (4230, 55, 2254, t2=t1+(0, 5)) -> (2254, 55, 2527, t3=t2+(1, 8))	2	271
(3011, 93, 2687, t1) & (2687, 78, 2687, t2=t1+(0, 2)) -> (2687, 93, 2687, t3=t2+(1, 10))	2	272
(1393, 69, 4977, t1) & (1393, 24, 1393, t2=t1+(0, 6)) -> (1393, 69, 1393, t3=t2+(1, 2))	2	273
(724, 197, 4563, t1) & (580, 70, 4563, t2=t1+(0, 3)) -> (580, 70, 724, t3=t2+(1, 5))	2	274
(4179, 157, 2380, t1) & (4179, 168, 2380, t2=t1+(0, 6)) -> (2380, 157, 2380, t3=t2+(1, 8))	2	275
(4981, 128, 3511, t1) & (3511, 92, 4981, t2=t1+(0, 7)) -> (3511, 92, 3511, t3=t2+(1, 6))	2	276
(520, 177, 3732, t1) & (3732, 19, 2402, t2=t1+(0, 6)) -> (3732, 19, 2402, t3=t2+(1, 4))	2	277
(2215, 106, 571, t1) & (571, 108, 571, t2=t1+(0, 3)) -> (571, 106, 2215, t3=t2+(1, 1))	2	278
(3679, 167, 2158, t1) & (2158, 63, 451, t2=t1+(0, 4)) -> (2158, 63, 3679, t3=t2+(1, 6))	2	279
(1340, 122, 2808, t1) & (2808, 170, 2808, t2=t1+(0, 5)) -> (2808, 122, 1340, t3=t2+(1, 5))	2	280
(1518, 86, 635, t1) & (970, 32, 635, t2=t1+(0, 7)) -> (635, 86, 635, t3=t2+(1, 5))	2	281
(3536, 30, 2747, t1) & (2747, 180, 3536, t2=t1+(0, 3)) -> (2747, 30, 3536, t3=t2+(1, 5))	2	282
(4918, 128, 4286, t1) & (2737, 44, 4918, t2=t1+(0, 4)) -> (2737, 44, 4918, t3=t2+(1, 6))	2	283
(1157, 72, 2154, t1) & (1157, 38, 2154, t2=t1+(0, 5)) -> (1157, 72, 2154, t3=t2+(1, 6))	2	284
(4549, 5, 2072, t1) & (2072, 121, 2072, t2=t1+(0, 2)) -> (2072, 5, 2072, t3=t2+(1, 6))	2	285
(583, 125, 669, t1) & (583, 162, 3752, t2=t1+(0, 5)) -> (583, 125, 583, t3=t2+(1, 5))	2	286
(1712, 70, 1027, t1) & (1027, 23, 1712, t2=t1+(0, 2)) -> (1027, 70, 1712, t3=t2+(1, 9))	2	287
(1439, 76, 4760, t1) & (4760, 194, 2748, t2=t1+(0, 3)) -> (1439, 194, 2748, t3=t2+(1, 7))	2	288
(611, 21, 4200, t1) & (611, 144, 2735, t2=t1+(0, 6)) -> (611, 144, 4200, t3=t2+(1, 3))	2	289
(2043, 38, 3362, t1) & (1780, 91, 2043, t2=t1+(0, 3)) -> (2043, 91, 2043, t3=t2+(1, 2))	2	290
(2728, 22, 3128, t1) & (4915, 93, 3128, t2=t1+(0, 9)) -> (2728, 22, 2728, t3=t2+(1, 3))	2	291
(4864, 71, 4637, t1) & (4864, 104, 59, t2=t1+(0, 2)) -> (4637, 104, 4864, t3=t2+(1, 4))	2	292
(3828, 5, 3136, t1) & (3136, 142, 1805, t2=t1+(0, 9)) -> (3136, 5, 3136, t3=t2+(1, 3))	2	293
(2064, 68, 3427, t1) & (3929, 184, 2064, t2=t1+(0, 5)) -> (2064, 184, 3427, t3=t2+(1, 2))	2	294
(580, 4, 824, t1) & (824, 78, 824, t2=t1+(0, 6)) -> (824, 78, 580, t3=t2+(1, 6))	2	295
(2579, 169, 1934, t1) & (373, 190, 1934, t2=t1+(0, 9)) -> (2579, 169, 2579, t3=t2+(1, 5))	2	296
(1314, 165, 3939, t1) & (3939, 122, 2883, t2=t1+(0, 5)) -> (3939, 122, 1314, t3=t2+(1, 5))	2	297
(2556, 73, 2302, t1) & (3407, 175, 2302, t2=t1+(0, 6)) -> (2302, 175, 2302, t3=t2+(1, 8))	2	298
(2511, 55, 58, t1) & (2511, 73, 2511, t2=t1+(0, 8)) -> (58, 55, 2511, t3=t2+(1, 12))	2	299
(3220, 93, 2337, t1) -> (2337, 93, 2337, t2=t1+(1, 5))	1	300
(3187, 144, 4500, t1) -> (4500, 144, 3187, t2=t1+(1, 4))	1	301
(2004, 39, 3937, t1) -> (2004, 39, 2004, t2=t1+(1, 5))	1	302
(3490, 141, 4974, t1) -> (4974, 141, 4974, t2=t1+(1, 4))	1	303
(1850, 84, 3597, t1) -> (1850, 84, 1850, t2=t1+(1, 3))	1	304
(1689, 11, 369, t1) -> (369, 11, 1689, t2=t1+(1, 8))	1	305
(4903, 51, 4720, t1) -> (4720, 51, 4903, t2=t1+(1, 5))	1	306
(47, 20, 1347, t1) -> (47, 20, 47, t2=t1+(1, 5))	1	307
(1086, 128, 1941, t1) -> (1941, 128, 1086, t2=t1+(1, 9))	1	308
(4181, 12, 3450, t1) -> (3450, 12, 4181, t2=t1+(1, 7))	1	309
(4095, 172, 3944, t1) -> (3944, 172, 4095, t2=t1+(1, 10))	1	310
(2381, 188, 2945, t1) -> (2945, 188, 2945, t2=t1+(1, 7))	1	311
(1927, 35, 2762, t1) -> (1927, 35, 2762, t2=t1+(1, 4))	1	312
(3774, 191, 1163, t1) -> (3774, 191, 3774, t2=t1+(1, 3))	1	313
(4001, 187, 289, t1) -> (289, 187, 4001, t2=t1+(1, 5))	1	314
(3602, 29, 3946, t1) -> (3946, 29, 3602, t2=t1+(1, 5))	1	315
(3087, 160, 1577, t1) -> (1577, 160, 3087, t2=t1+(1, 6))	1	316
(2689, 148, 1230, t1) -> (2689, 148, 1230, t2=t1+(1, 8))	1	317
(2406, 79, 1351, t1) -> (2406, 79, 1351, t2=t1+(1, 3))	1	318
(221, 27, 3015, t1) -> (221, 27, 221, t2=t1+(1, 8))	1	319
(267, 113, 2181, t1) -> (267, 113, 267, t2=t1+(1, 5))	1	320
(2162, 171, 4065, t1) -> (4065, 171, 4065, t2=t1+(1, 6))	1	321
(2416, 131, 4126, t1) -> (4126, 131, 4126, t2=t1+(1, 5))	1	322
(4178, 123, 4217, t1) -> (4217, 123, 4178, t2=t1+(1, 9))	1	323
(3949, 5, 1743, t1) -> (1743, 5, 1743, t2=t1+(1, 6))	1	324
(3245, 40, 2844, t1) -> (2844, 40, 2844, t2=t1+(1, 7))	1	325
(364, 28, 4765, t1) -> (4765, 28, 4765, t2=t1+(1, 8))	1	326
(4391, 60, 1307, t1) -> (4391, 60, 1307, t2=t1+(1, 3))	1	327
(2063, 74, 4793, t1) -> (4793, 74, 4793, t2=t1+(1, 4))	1	328
(2040, 149, 1896, t1) -> (2040, 149, 2040, t2=t1+(1, 9))	1	329
(2996, 81, 3470, t1) -> (2996, 81, 2996, t2=t1+(1, 4))	1	330
(1853, 151, 3917, t1) -> (3917, 151, 3917, t2=t1+(1, 5))	1	331
(4218, 119, 2835, t1) -> (2835, 119, 2835, t2=t1+(1, 3))	1	332
(2284, 3, 2116, t1) -> (2284, 3, 2284, t2=t1+(1, 8))	1	333
(773, 69, 1833, t1) -> (773, 69, 1833, t2=t1+(1, 7))	1	334
(4279, 62, 3541, t1) -> (4279, 62, 4279, t2=t1+(1, 5))	1	335
(1177, 41, 4731, t1) -> (1177, 41, 1177, t2=t1+(1, 1))	1	336
(293, 101, 2026, t1) -> (2026, 101, 2026, t2=t1+(1, 5))	1	337
(1229, 2, 4087, t1) -> (4087, 2, 1229, t2=t1+(1, 5))	1	338
(4181, 98, 691, t1) -> (4181, 98, 691, t2=t1+(1, 8))	1	339
(4166, 54, 4750, t1) -> (4750, 54, 4166, t2=t1+(1, 8))	1	340
(727, 197, 2935, t1) -> (727, 197, 2935, t2=t1+(1, 5))	1	341
(525, 178, 3266, t1) -> (3266, 178, 3266, t2=t1+(1, 2))	1	342
(4858, 128, 3703, t1) -> (4858, 128, 4858, t2=t1+(1, 3))	1	343
(4469, 15, 1907, t1) -> (4469, 15, 1907, t2=t1+(1, 3))	1	344
(4430, 141, 1465, t1) -> (4430, 141, 4430, t2=t1+(1, 4))	1	345
(4848, 178, 4676, t1) -> (4848, 178, 4676, t2=t1+(1, 5))	1	346
(264, 88, 483, t1) -> (264, 88, 264, t2=t1+(1, 5))	1	347
(4328, 188, 2154, t1) -> (2154, 188, 2154, t2=t1+(1, 3))	1	348
(4967, 29, 4868, t1) -> (4967, 29, 4967, t2=t1+(1, 8))	1	349
