(2279, 96, 1458, t1) & (1073, 145, 2527, t2=t1+(0, 1)) & (1073, 93, 1458, t3=t2+(0, 2)) -> (1458, 93, 2527, t4=t3+(1, 6))	3	0
(3993, 128, 4324, t1) & (746, 148, 483, t2=t1+(0, 4)) & (483, 65, 3993, t3=t2+(0, 5)) -> (3993, 128, 483, t4=t3+(1, 5))	3	1
(1169, 170, 3460, t1) & (3005, 57, 4001, t2=t1+(0, 8)) & (4001, 10, 3460, t3=t2+(0, 3)) -> (3460, 170, 1169, t4=t3+(1, 3))	3	2
(1157, 189, 949, t1) & (474, 86, 1866, t2=t1+(0, 2)) & (1866, 178, 1157, t3=t2+(0, 3)) -> (1157, 178, 1866, t4=t3+(1, 3))	3	3
(240, 25, 4149, t1) & (322, 118, 402, t2=t1+(0, 6)) & (402, 64, 4149, t3=t2+(0, 6)) -> (4149, 118, 402, t4=t3+(1, 5))	3	4
(619, 51, 3782, t1) & (1839, 101, 4773, t2=t1+(0, 7)) & (1839, 42, 619, t3=t2+(0, 7)) -> (4773, 51, 619, t4=t3+(1, 4))	3	5
(3792, 47, 293, t1) & (89, 36, 300, t2=t1+(0, 7)) & (300, 171, 293, t3=t2+(0, 6)) -> (293, 171, 300, t4=t3+(1, 10))	3	6
(3827, 41, 3637, t1) & (4121, 55, 3510, t2=t1+(0, 1)) & (3827, 96, 4121, t3=t2+(0, 3)) -> (3510, 96, 3510, t4=t3+(1, 3))	3	7
(2779, 86, 1473, t1) & (2910, 91, 2172, t2=t1+(0, 7)) & (1473, 109, 2910, t3=t2+(0, 5)) -> (2910, 109, 2910, t4=t3+(1, 5))	3	8
(4807, 153, 705, t1) & (2271, 13, 2278, t2=t1+(0, 4)) & (2271, 153, 705, t3=t2+(0, 4)) -> (2271, 153, 2278, t4=t3+(1, 5))	3	9
(39, 1, 4688, t1) & (1138, 2, 4542, t2=t1+(0, 8)) & (39, 190, 4542, t3=t2+(0, 1)) -> (4688, 2, 39, t4=t3+(1, 4))	3	10
(1660, 3, 1704, t1) & (1599, 38, 2034, t2=t1+(0, 4)) & (1599, 116, 1660, t3=t2+(0, 3)) -> (1599, 116, 1660, t4=t3+(1, 8))	3	11
(4713, 113, 1030, t1) & (4427, 153, 4724, t2=t1+(0, 2)) & (1030, 105, 4427, t3=t2+(0, 2)) -> (4724, 153, 1030, t4=t3+(1, 2))	3	12
(1226, 32, 1732, t1) & (1441, 185, 2353, t2=t1+(0, 1)) & (1441, 65, 1226, t3=t2+(0, 5)) -> (1441, 185, 1226, t4=t3+(1, 4))	3	13
(2629, 62, 3236, t1) & (138, 159, 1922, t2=t1+(0, 6)) & (1922, 131, 3236, t3=t2+(0, 6)) -> (1922, 159, 1922, t4=t3+(1, 1))	3	14
(2759, 153, 1880, t1) & (850, 109, 1929, t2=t1+(0, 3)) & (850, 134, 2759, t3=t2+(0, 8)) -> (850, 153, 2759, t4=t3+(1, 5))	3	15
(3748, 81, 273, t1) & (3454, 44, 1361, t2=t1+(0, 7)) & (1361, 102, 273, t3=t2+(0, 4)) -> (3748, 102, 273, t4=t3+(1, 4))	3	16
(4141, 60, 2114, t1) & (4396, 125, 4486, t2=t1+(0, 1)) & (4396, 151, 2114, t3=t2+(0, 3)) -> (2114, 151, 4396, t4=t3+(1, 6))	3	17
(2125, 176, 170, t1) & (2718, 75, 166, t2=t1+(0, 3)) & (2125, 179, 2718, t3=t2+(0, 6)) -> (2125, 176, 170, t4=t3+(1, 4))	3	18
(4913, 33, 2250, t1) & (4212, 30, 3203, t2=t1+(0, 8)) & (4913, 4, 3203, t3=t2+(0, 8)) -> (2250, 30, 4212, t4=t3+(1, 6))	3	19
(2688, 9, 3033, t1) & (3549, 123, 1408, t2=t1+(0, 5)) & (3033, 153, 1408, t3=t2+(0, 8)) -> (1408, 153, 3549, t4=t3+(1, 5))	3	20
(3511, 165, 2334, t1) & (381, 170, 2213, t2=t1+(0, 3)) & (2213, 68, 2334, t3=t2+(0, 7)) -> (2334, 170, 3511, t4=t3+(1, 2))	3	21
(4515, 12, 2011, t1) & (3171, 154, 3212, t2=t1+(0, 5)) & (3171, 87, 2011, t3=t2+(0, 6)) -> (4515, 12, 2011, t4=t3+(1, 5))	3	22
(4890, 125, 458, t1) & (509, 133, 4282, t2=t1+(0, 2)) & (4890, 16, 509, t3=t2+(0, 2)) -> (458, 133, 509, t4=t3+(1, 4))	3	23
(4388, 143, 514, t1) & (2331, 30, 4989, t2=t1+(0, 7)) & (4388, 58, 4989, t3=t2+(0, 3)) -> (4989, 30, 4388, t4=t3+(1, 7))	3	24
(1899, 54, 2516, t1) & (1413, 76, 1899, t2=t1+(0, 3)) -> (2516, 76, 2516, t3=t2+(1, 6))	2	25
(4838, 66, 4044, t1) & (4838, 21, 4838, t2=t1+(0, 8)) -> (4044, 66, 4838, t3=t2+(1, 8))	2	26
(2065, 109, 3612, t1) & (2065, 4, 3612, t2=t1+(0, 1)) -> (3612, 4, 3612, t3=t2+(1, 6))	2	27
(3814, 15, 981, t1) & (3814, 31, 981, t2=t1+(0, 2)) -> (3814, 31, 3814, t3=t2+(1, 5))	2	28
(2561, 23, 723, t1) & (2862, 0, 2561, t2=t1+(0, 11)) -> (2561, 0, 2561, t3=t2+(1, 7))	2	29
(3074, 6, 1437, t1) & (1437, 162, 4176, t2=t1+(0, 10)) -> (1437, 162, 3074, t3=t2+(1, 2))	2	30
(2567, 64, 1597, t1) & (119, 188, 2567, t2=t1+(0, 7)) -> (119, 188, 2567, t3=t2+(1, 3))	2	31
(4406, 2, 380, t1) & (4406, 177, 365, t2=t1+(0, 7)) -> (4406, 177, 4406, t3=t2+(1, 5))	2	32
(396, 195, 1277, t1) & (396, 83, 1277, t2=t1+(0, 6)) -> (396, 195, 396, t3=t2+(1, 6))	2	33
(3680, 3, 1507, t1) & (3680, 49, 4480, t2=t1+(0, 3)) -> (3680, 49, 4480, t3=t2+(1, 2))	2	34
(2611, 5, 2062, t1) & (2062, 54, 2611, t2=t1+(0, 5)) -> (2062, 5, 2611, t3=t2+(1, 5))	2	35
(2114, 2, 4803, t1) & (3482, 150, 4803, t2=t1+(0, 5)) -> (2114, 150, 2114, t3=t2+(1, 6))	2	36
(2710, 197, 3145, t1) & (2686, 131, 3145, t2=t1+(0, 9)) -> (2710, 131, 3145, t3=t2+(1, 9))	2	37
(242, 177, 4427, t1) & (1534, 128, 242, t2=t1+(0, 2)) -> (4427, 177, 242, t3=t2+(1, 3))	2	38
(2140, 173, 3080, t1) & (2140, 187, 3080, t2=t1+(0, 2)) -> (3080, 173, 3080, t3=t2+(1, 6))	2	39
(4815, 17, 1298, t1) & (1298, 142, 4142, t2=t1+(0, 1)) -> (1298, 142, 4142, t3=t2+(1, 2))	2	40
(4538, 36, 950, t1) & (950, 98, 2664, t2=t1+(0, 3)) -> (950, 98, 2664, t3=t2+(1, 5))	2	41
(3424, 87, 2896, t1) & (2612, 154, 3424, t2=t1+(0, 4)) -> (2896, 87, 2612, t3=t2+(1, 8))	2	42
(816, 157, 2660, t1) & (3664, 174, 816, t2=t1+(0, 8)) -> (2660, 157, 816, t3=t2+(1, 6))	2	43
(4776, 34, 927, t1) & (4776, 118, 927, t2=t1+(0, 7)) -> (4776, 118, 927, t3=t2+(1, 6))	2	44
(551, 140, 2817, t1) & (2817, 41, 2817, t2=t1+(0, 3)) -> (2817, 140, 2817, t3=t2+(1, 6))	2	45
(2707, 106, 3721, t1) & (3721, 193, 63, t2=t1+(0, 4)) -> (3721, 106, 3721, t3=t2+(1, 5))	2	46
(4146, 133, 2432, t1) & (4146, 43, 2432, t2=t1+(0, 10)) -> (4146, 133, 4146, t3=t2+(1, 10))	2	47
(3613, 44, 3818, t1) & (3613, 121, 3818, t2=t1+(0, 8)) -> (3613, 44, 3818, t3=t2+(1, 5))	2	48
(2465, 195, 3308, t1) & (2465, 146, 4530, t2=t1+(0, 1)) -> (2465, 195, 2465, t3=t2+(1, 5))	2	49
(2213, 39, 4863, t1) & (4863, 123, 4010, t2=t1+(0, 4)) -> (4863, 123, 4863, t3=t2+(1, 4))	2	50
(737, 125, 2734, t1) & (737, 163, 3897, t2=t1+(0, 6)) -> (2734, 125, 737, t3=t2+(1, 5))	2	51
(2060, 72, 1998, t1) & (1998, 41, 4049, t2=t1+(0, 6)) -> (1998, 72, 4049, t3=t2+(1, 8))	2	52
(4739, 175, 4283, t1) & (4283, 57, 4510, t2=t1+(0, 5)) -> (4283, 175, 4283, t3=t2+(1, 6))	2	53
(4599, 189, 4655, t1) & (4599, 128, 4599, t2=t1+(0, 4)) -> (4599, 189, 4599, t3=t2+(1, 7))	2	54
(4528, 24, 4772, t1) & (1468, 11, 4528, t2=t1+(0, 5)) -> (4528, 24, 1468, t3=t2+(1, 6))	2	55
(1279, 46, 278, t1) & (278, 174, 1279, t2=t1+(0, 6)) -> (1279, 174, 278, t3=t2+(1, 6))	2	56
(3272, 186, 2640, t1) & (2640, 191, 3272, t2=t1+(0, 7)) -> (2640, 186, 3272, t3=t2+(1, 5))	2	57
(3282, 39, 3051, t1) & (4853, 158, 3282, t2=t1+(0, 6)) -> (3282, 158, 4853, t3=t2+(1, 3))	2	58
(2030, 17, 4350, t1) & (2030, 63, 4350, t2=t1+(0, 2)) -> (4350, 17, 2030, t3=t2+(1, 3))	2	59
(1841, 83, 1687, t1) & (1687, 44, 1841, t2=t1+(0, 5)) -> (1687, 83, 1841, t3=t2+(1, 2))	2	60
(137, 100, 2938, t1) & (137, 120, 137, t2=t1+(0, 6)) -> (137, 100, 137, t3=t2+(1, 7))	2	61
(4494, 121, 2573, t1) & (4494, 127, 662, t2=t1+(0, 4)) -> (2573, 127, 4494, t3=t2+(1, 5))	2	62
(2696, 186, 2974, t1) & (2696, 58, 1027, t2=t1+(0, 7)) -> (2696, 58, 2974, t3=t2+(1, 6))	2	63
(1454, 183, 3828, t1) & (3828, 82, 3828, t2=t1+(0, 3)) -> (3828, 183, 1454, t3=t2+(1, 3))	2	64
(1614, 15, 1757, t1) & (1757, 1, 1757, t2=t1+(0, 1)) -> (1614, 1, 1757, t3=t2+(1, 7))	2	65
(4965, 11, 2540, t1) & (4965, 88, 4965, t2=t1+(0, 3)) -> (4965, 11, 2540, t3=t2+(1, 3))	2	66
(1395, 145, 2673, t1) & (2451, 30, 2673, t2=t1+(0, 4)) -> (2673, 145, 2673, t3=t2+(1, 3))	2	67
(1400, 179, 3404, t1) & (4486, 19, 3404, t2=t1+(0, 1)) -> (1400, 19, 3404, t3=t2+(1, 7))	2	68
(4475, 104, 3047, t1) & (4475, 56, 764, t2=t1+(0, 4)) -> (4475, 56, 4475, t3=t2+(1, 11))	2	69
(3096, 22, 1584, t1) & (3096, 198, 1584, t2=t1+(0, 3)) -> (1584, 22, 1584, t3=t2+(1, 9))	2	70
(2653, 161, 902, t1) & (2653, 139, 2653, t2=t1+(0, 4)) -> (2653, 161, 2653, t3=t2+(1, 2))	2	71
(1533, 4, 206, t1) & (1533, 36, 206, t2=t1+(0, 3)) -> (1533, 36, 1533, t3=t2+(1, 7))	2	72
(3072, 54, 2578, t1) & (3072, 79, 3300, t2=t1+(0, 4)) -> (3072, 54, 3300, t3=t2+(1, 6))	2	73
(3784, 169, 3837, t1) & (932, 155, 3837, t2=t1+(0, 6)) -> (3784, 169, 3784, t3=t2+(1, 4))	2	74
(2953, 61, 1922, t1) & (2953, 108, 2953, t2=t1+(0, 1)) -> (2953, 108, 1922, t3=t2+(1, 5))	2	75
(3958, 137, 4644, t1) & (4644, 70, 3958, t2=t1+(0, 6)) -> (4644, 70, 3958, t3=t2+(1, 5))	2	76
(2290, 147, 4508, t1) & (4508, 12, 1103, t2=t1+(0, 8)) -> (4508, 147, 4508, t3=t2+(1, 6))	2	77
(3912, 182, 4512, t1) & (4512, 69, 3912, t2=t1+(0, 9)) -> (4512, 69, 4512, t3=t2+(1, 1))	2	78
(4617, 118, 4257, t1) & (4617, 190, 4257, t2=t1+(0, 5)) -> (4617, 190, 4617, t3=t2+(1, 5))	2	79
(503, 27, 2731, t1) & (503, 2, 4930, t2=t1+(0, 6)) -> (503, 27, 503, t3=t2+(1, 7))	2	80
(937, 159, 2900, t1) & (2900, 192, 798, t2=t1+(0, 6)) -> (798, 192, 2900, t3=t2+(1, 4))	2	81
(2677, 126, 3769, t1) & (2677, 157, 1631, t2=t1+(0, 1)) -> (1631, 126, 3769, t3=t2+(1, 8))	2	82
(1167, 28, 3281, t1) & (3281, 97, 1520, t2=t1+(0, 6)) -> (3281, 28, 1167, t3=t2+(1, 1))	2	83
(4883, 22, 4486, t1) & (4883, 22, 4486, t2=t1+(1, 6)) -> (4486, 22, 4486, t3=t2+(1, 5))	2	84
(4394, 156, 1574, t1) & (4394, 81, 3606, t2=t1+(0, 7)) -> (4394, 81, 3606, t3=t2+(1, 5))	2	85
(3371, 167, 4693, t1) & (1193, 81, 3371, t2=t1+(0, 5)) -> (1193, 167, 3371, t3=t2+(1, 6))	2	86
(4824, 84, 4891, t1) & (4824, 96, 404, t2=t1+(0, 6)) -> (4824, 96, 4824, t3=t2+(1, 7))	2	87
(4066, 33, 2042, t1) & (1912, 9, 4066, t2=t1+(0, 7)) -> (4066, 33, 1912, t3=t2+(1, 5))	2	88
(3366, 46, 4866, t1) & (3366, 37, 3366, t2=t1+(0, 3)) -> (3366, 46, 3366, t3=t2+(1, 5))	2	89
(3168, 183, 790, t1) & (769, 30, 790, t2=t1+(0, 6)) -> (3168, 183, 790, t3=t2+(1, 7))	2	90
(2566, 45, 602, t1) & (2566, 96, 2566, t2=t1+(0, 10)) -> (2566, 96, 2566, t3=t2+(1, 12))	2	91
(3430, 135, 2191, t1) & (1852, 84, 3430, t2=t1+(0, 5)) -> (3430, 135, 1852, t3=t2+(1, 11))	2	92
(3377, 41, 2025, t1) & (3377, 139, 3377, t2=t1+(0, 5)) -> (3377, 41, 3377, t3=t2+(1, 6))	2	93
(1252, 38, 4620, t1) & (4558, 20, 1252, t2=t1+(0, 3)) -> (1252, 38, 4620, t3=t2+(1, 5))	2	94
(3486, 163, 2228, t1) & (3486, 9, 4858, t2=t1+(0, 4)) -> (3486, 9, 2228, t3=t2+(1, 6))	2	95
(3490, 123, 2589, t1) & (1272, 41, 2589, t2=t1+(0, 3)) -> (2589, 41, 2589, t3=t2+(1, 7))	2	96
(329, 169, 937, t1) & (329, 111, 2040, t2=t1+(0, 7)) -> (329, 111, 937, t3=t2+(1, 3))	2	97
(1025, 47, 4473, t1) & (3995, 133, 4473, t2=t1+(0, 4)) -> (4473, 133, 4473, t3=t2+(1, 5))	2	98
(906, 169, 4646, t1) & (4699, 62, 906, t2=t1+(0, 8)) -> (4646, 169, 906, t3=t2+(1, 9))	2	99
(286, 56, 2691, t1) & (1181, 31, 286, t2=t1+(0, 6)) -> (286, 31, 286, t3=t2+(1, 2))	2	100
(2979, 173, 3347, t1) & (3347, 82, 2979, t2=t1+(0, 7)) -> (3347, 173, 3347, t3=t2+(1, 3))	2	101
(216, 19, 2182, t1) & (1124, 191, 216, t2=t1+(0, 3)) -> (216, 191, 216, t3=t2+(1, 4))	2	102
(1542, 28, 2244, t1) & (1542, 84, 2244, t2=t1+(0, 4)) -> (1542, 28, 1542, t3=t2+(1, 3))	2	103
(2706, 180, 4291, t1) & (2794, 131, 4291, t2=t1+(0, 7)) -> (2794, 180, 4291, t3=t2+(1, 7))	2	104
(4449, 192, 3214, t1) & (3937, 128, 4449, t2=t1+(0, 9)) -> (4449, 192, 3214, t3=t2+(1, 6))	2	105
(2912, 117, 2933, t1) & (2912, 65, 2933, t2=t1+(0, 2)) -> (2912, 117, 2933, t3=t2+(1, 7))	2	106
(3624, 191, 2913, t1) & (3624, 131, 4065, t2=t1+(0, 5)) -> (3624, 191, 4065, t3=t2+(1, 3))	2	107
(2149, 197, 964, t1) & (489, 94, 2149, t2=t1+(0, 3)) -> (2149, 94, 489, t3=t2+(1, 4))	2	108
(672, 195, 4268, t1) & (672, 50, 672, t2=t1+(0, 7)) -> (4268, 195, 672, t3=t2+(1, 1))	2	109
(4614, 190, 2384, t1) & (2384, 166, 2384, t2=t1+(0, 6)) -> (2384, 190, 2384, t3=t2+(1, 4))	2	110
(3522, 79, 1577, t1) & (3522, 51, 2280, t2=t1+(0, 5)) -> (3522, 51, 3522, t3=t2+(1, 3))	2	111
(3553, 196, 2595, t1) & (3553, 127, 3553, t2=t1+(0, 3)) -> (2595, 127, 3553, t3=t2+(1, 8))	2	112
(4891, 112, 2195, t1) & (1949, 47, 4891, t2=t1+(0, 4)) -> (4891, 47, 1949, t3=t2+(1, 5))	2	113
(1583, 94, 4300, t1) & (4300, 154, 4300, t2=t1+(0, 5)) -> (4300, 154, 4300, t3=t2+(1, 6))	2	114
(4789, 153, 2389, t1) & (3643, 171, 2389, t2=t1+(0, 4)) -> (2389, 153, 2389, t3=t2+(1, 5))	2	115
(4239, 19, 2449, t1) & (2449, 188, 83, t2=t1+(0, 3)) -> (4239, 19, 4239, t3=t2+(1, 5))	2	116
(1589, 143, 3652, t1) & (3652, 169, 2362, t2=t1+(0, 2)) -> (2362, 169, 2362, t3=t2+(1, 8))	2	117
(2705, 70, 646, t1) & (2355, 149, 646, t2=t1+(0, 3)) -> (2705, 149, 2705, t3=t2+(1, 7))	2	118
(2991, 0, 3883, t1) & (3883, 3, 2991, t2=t1+(0, 3)) -> (3883, 0, 3883, t3=t2+(1, 3))	2	119
(1633, 160, 3008, t1) & (3008, 148, 3008, t2=t1+(0, 4)) -> (3008, 148, 1633, t3=t2+(1, 6))	2	120
(4081, 21, 2351, t1) & (4081, 143, 2351, t2=t1+(0, 10)) -> (2351, 143, 4081, t3=t2+(1, 5))	2	121
(500, 151, 4052, t1) & (1951, 124, 500, t2=t1+(0, 6)) -> (500, 124, 500, t3=t2+(1, 7))	2	122
(2905, 157, 2589, t1) & (2589, 36, 2589, t2=t1+(0, 3)) -> (2589, 36, 2589, t3=t2+(1, 6))	2	123
(4872, 97, 2588, t1) & (4872, 75, 2834, t2=t1+(0, 7)) -> (2834, 97, 2588, t3=t2+(1, 7))	2	124
(3449, 189, 2602, t1) -> (3449, 189, 2602, t2=t1+(1, 6))	1	125
(816, 36, 1289, t1) -> (1289, 36, 816, t2=t1+(1, 3))	1	126
(3744, 23, 2739, t1) -> (3744, 23, 2739, t2=t1+(1, 3))	1	127
(3157, 33, 4627, t1) -> (3157, 33, 4627, t2=t1+(1, 4))	1	128
(2273, 187, 3016, t1) -> (3016, 187, 2273, t2=t1+(1, 9))	1	129
(2658, 20, 3588, t1) -> (3588, 20, 2658, t2=t1+(1, 3))	1	130
(3882, 113, 2057, t1) -> (3882, 113, 2057, t2=t1+(1, 6))	1	131
(579, 27, 1606, t1) -> (579, 27, 579, t2=t1+(1, 2))	1	132
(2537, 36, 613, t1) -> (613, 36, 613, t2=t1+(1, 2))	1	133
(121, 198, 213, t1) -> (213, 198, 121, t2=t1+(1, 8))	1	134
(3250, 85, 1640, t1) -> (1640, 85, 3250, t2=t1+(1, 6))	1	135
(3110, 55, 527, t1) -> (3110, 55, 3110, t2=t1+(1, 5))	1	136
(4201, 36, 3487, t1) -> (4201, 36, 3487, t2=t1+(1, 3))	1	137
(1985, 34, 1036, t1) -> (1036, 34, 1985, t2=t1+(1, 6))	1	138
(1033, 96, 3078, t1) -> (1033, 96, 1033, t2=t1+(1, 2))	1	139
(2633, 148, 868, t1) -> (2633, 148, 2633, t2=t1+(1, 9))	1	140
(2290, 36, 387, t1) -> (2290, 36, 387, t2=t1+(1, 5))	1	141
(952, 130, 4190, t1) -> (4190, 130, 4190, t2=t1+(1, 5))	1	142
(4098, 99, 4908, t1) -> (4908, 99, 4098, t2=t1+(1, 5))	1	143
(4509, 22, 653, t1) -> (4509, 22, 4509, t2=t1+(1, 4))	1	144
(2689, 171, 3451, t1) -> (2689, 171, 2689, t2=t1+(1, 2))	1	145
(917, 44, 2476, t1) -> (917, 44, 917, t2=t1+(1, 2))	1	146
(1694, 129, 2996, t1) -> (1694, 129, 2996, t2=t1+(1, 8))	1	147
(3872, 67, 2160, t1) -> (2160, 67, 3872, t2=t1+(1, 3))	1	148
(3462, 161, 3176, t1) -> (3176, 161, 3176, t2=t1+(1, 1))	1	149
(4866, 145, 1216, t1) -> (1216, 145, 1216, t2=t1+(1, 6))	1	150
(1629, 135, 404, t1) -> (1629, 135, 404, t2=t1+(1, 6))	1	151
(4124, 177, 3260, t1) -> (4124, 177, 4124, t2=t1+(1, 5))	1	152
(3177, 52, 1350, t1) -> (1350, 52, 3177, t2=t1+(1, 6))	1	153
(1186, 176, 3170, t1) -> (1186, 176, 3170, t2=t1+(1, 8))	1	154
(4953, 16, 292, t1) -> (4953, 16, 4953, t2=t1+(1, 1))	1	155
(2639, 179, 2223, t1) -> (2223, 179, 2223, t2=t1+(1, 11))	1	156
(1888, 51, 3830, t1) -> (3830, 51, 3830, t2=t1+(1, 7))	1	157
(4065, 180, 4385, t1) -> (4065, 180, 4065, t2=t1+(1, 3))	1	158
(230, 185, 3250, t1) -> (3250, 185, 230, t2=t1+(1, 3))	1	159
(110, 168, 1789, t1) -> (110, 168, 110, t2=t1+(1, 8))	1	160
(4937, 108, 4149, t1) -> (4149, 108, 4149, t2=t1+(1, 4))	1	161
(146, 177, 1534, t1) -> (1534, 177, 1534, t2=t1+(1, 4))	1	162
(3240, 158, 2802, t1) -> (2802, 158, 3240, t2=t1+(1, 1))	1	163
(3711, 132, 672, t1) -> (672, 132, 3711, t2=t1+(1, 6))	1	164
(295, 49, 3894, t1) -> (295, 49, 3894, t2=t1+(1, 5))	1	165
(1294, 62, 2100, t1) -> (1294, 62, 2100, t2=t1+(1, 2))	1	166
(702, 162, 1591, t1) -> (702, 162, 1591, t2=t1+(1, 5))	1	167
(3950, 128, 4839, t1) -> (3950, 128, 3950, t2=t1+(1, 5))	1	168
(1615, 30, 3685, t1) -> (3685, 30, 1615, t2=t1+(1, 2))	1	169
(4061, 150, 2705, t1) -> (4061, 150, 2705, t2=t1+(1, 6))	1	170
(501, 51, 4922, t1) -> (501, 51, 501, t2=t1+(1, 4))	1	171
(2564, 74, 2571, t1) -> (2564, 74, 2564, t2=t1+(1, 5))	1	172
(1453, 118, 2478, t1) -> (1453, 118, 1453, t2=t1+(1, 4))	1	173
(3625, 72, 3984, t1) -> (3625, 72, 3984, t2=t1+(1, 4))	1	174
(4644, 142, 2379, t1) -> (4644, 142, 2379, t2=t1+(1, 7))	1	175
(3331, 159, 1170, t1) -> (3331, 159, 3331, t2=t1+(1, 5))	1	176
(4823, 183, 603, t1) -> (4823, 183, 603, t2=t1+(1, 5))	1	177
(3192, 179, 2800, t1) -> (2800, 179, 2800, t2=t1+(1, 5))	1	178
(831, 146, 2773, t1) -> (2773, 146, 831, t2=t1+(1, 6))	1	179
(3898, 147, 4368, t1) -> (3898, 147, 3898, t2=t1+(1, 5))	1	180
(4055, 180, 720, t1) -> (720, 180, 4055, t2=t1+(1, 5))	1	181
(4283, 93, 2219, t1) -> (2219, 93, 4283, t2=t1+(1, 3))	1	182
(4582, 137, 4406, t1) -> (4582, 137, 4406, t2=t1+(1, 5))	1	183
(1195, 82, 4947, t1) -> (1195, 82, 4947, t2=t1+(1, 2))	1	184
(877, 186, 3002, t1) -> (877, 186, 3002, t2=t1+(1, 6))	1	185
(167, 108, 4625, t1) -> (4625, 108, 167, t2=t1+(1, 3))	1	186
(2171, 76, 1583, t1) -> (2171, 76, 2171, t2=t1+(1, 6))	1	187
(2039, 128, 4703, t1) -> (4703, 128, 4703, t2=t1+(1, 7))	1	188
(87, 187, 3254, t1) -> (3254, 187, 3254, t2=t1+(1, 2))	1	189
(2020, 103, 3079, t1) -> (3079, 103, 2020, t2=t1+(1, 3))	1	190
(3656, 165, 4757, t1) -> (3656, 165, 4757, t2=t1+(1, 7))	1	191
(3401, 17, 3798, t1) -> (3798, 17, 3798, t2=t1+(1, 8))	1	192
(2684, 31, 1358, t1) -> (1358, 31, 2684, t2=t1+(1, 4))	1	193
(4447, 169, 1957, t1) -> (4447, 169, 4447, t2=t1+(1, 4))	1	194
(4880, 147, 3140, t1) -> (3140, 147, 4880, t2=t1+(1, 3))	1	195
(2933, 98, 164, t1) -> (2933, 98, 2933, t2=t1+(1, 8))	1	196
(715, 140, 4621, t1) -> (4621, 140, 4621, t2=t1+(1, 2))	1	197
(2460, 89, 3564, t1) -> (3564, 89, 3564, t2=t1+(1, 2))	1	198
(1524, 147, 4762, t1) -> (4762, 147, 1524, t2=t1+(1, 4))	1	199
(2388, 51, 65, t1) -> (65, 51, 2388, t2=t1+(1, 3))	1	200
(1563, 104, 2369, t1) -> (1563, 104, 1563, t2=t1+(1, 4))	1	201
(4162, 139, 1303, t1) -> (1303, 139, 1303, t2=t1+(1, 4))	1	202
(1106, 52, 2596, t1) -> (1106, 52, 1106, t2=t1+(1, 5))	1	203
(1046, 37, 1792, t1) -> (1792, 37, 1792, t2=t1+(1, 7))	1	204
(3145, 175, 3691, t1) -> (3145, 175, 3691, t2=t1+(1, 8))	1	205
(1695, 190, 2510, t1) -> (1695, 190, 2510, t2=t1+(1, 4))	1	206
(1036, 171, 806, t1) -> (1036, 171, 1036, t2=t1+(1, 3))	1	207
(1741, 45, 4759, t1) -> (4759, 45, 1741, t2=t1+(1, 3))	1	208
(3996, 29, 1980, t1) -> (3996, 29, 3996, t2=t1+(1, 5))	1	209
(84, 37, 1363, t1) -> (1363, 37, 84, t2=t1+(1, 7))	1	210
(3631, 71, 4092, t1) -> (3631, 71, 3631, t2=t1+(1, 4))	1	211
(873, 46, 1722, t1) -> (1722, 46, 1722, t2=t1+(1, 7))	1	212
(2210, 134, 4202, t1) -> (4202, 134, 2210, t2=t1+(1, 9))	1	213
(1891, 66, 630, t1) -> (630, 66, 630, t2=t1+(1, 3))	1	214
(3986, 24, 2391, t1) -> (2391, 24, 3986, t2=t1+(1, 4))	1	215
(1198, 43, 1608, t1) -> (1608, 43, 1198, t2=t1+(1, 7))	1	216
(1141, 91, 737, t1) -> (1141, 91, 1141, t2=t1+(1, 4))	1	217
(3021, 52, 2303, t1) -> (2303, 52, 2303, t2=t1+(1, 2))	1	218
(1070, 47, 2356, t1) -> (1070, 47, 1070, t2=t1+(1, 5))	1	219
(3057, 108, 1243, t1) -> (3057, 108, 3057, t2=t1+(1, 1))	1	220
(4943, 140, 910, t1) -> (910, 140, 4943, t2=t1+(1, 7))	1	221
(1215, 67, 4855, t1) -> (4855, 67, 4855, t2=t1+(1, 5))	1	222
(763, 114, 1629, t1) -> (763, 114, 1629, t2=t1+(1, 7))	1	223
(1130, 178, 2336, t1) -> (1130, 178, 2336, t2=t1+(1, 8))	1	224
(2452, 185, 3834, t1) -> (3834, 185, 3834, t2=t1+(1, 3))	1	225
(133, 135, 1430, t1) -> (1430, 135, 1430, t2=t1+(1, 7))	1	226
(1378, 23, 3306, t1) -> (3306, 23, 1378, t2=t1+(1, 4))	1	227
(2109, 38, 3976, t1) -> (3976, 38, 3976, t2=t1+(1, 6))	1	228
(4611, 194, 2248, t1) -> (4611, 194, 4611, t2=t1+(1, 6))	1	229
(4810, 56, 2293, t1) -> (2293, 56, 4810, t2=t1+(1, 9))	1	230
(3153, 135, 11, t1) -> (3153, 135, 11, t2=t1+(1, 7))	1	231
(2384, 0, 107, t1) -> (2384, 0, 107, t2=t1+(1, 6))	1	232
(2341, 126, 4442, t1) -> (2341, 126, 2341, t2=t1+(1, 8))	1	233
(4703, 46, 2197, t1) -> (4703, 46, 4703, t2=t1+(1, 5))	1	234
(3412, 58, 2153, t1) -> (2153, 58, 3412, t2=t1+(1, 2))	1	235
(4222, 42, 4528, t1) -> (4528, 42, 4222, t2=t1+(1, 3))	1	236
(2523, 53, 3320, t1) -> (3320, 53, 3320, t2=t1+(1, 3))	1	237
(456, 57, 3331, t1) -> (3331, 57, 3331, t2=t1+(1, 6))	1	238
(1551, 85, 2315, t1) -> (2315, 85, 2315, t2=t1+(1, 4))	1	239
(3431, 143, 1912, t1) -> (3431, 143, 1912, t2=t1+(1, 6))	1	240
(1761, 75, 3059, t1) -> (3059, 75, 3059, t2=t1+(1, 9))	1	241
(3285, 56, 1978, t1) -> (1978, 56, 1978, t2=t1+(1, 2))	1	242
(479, 32, 4054, t1) -> (4054, 32, 4054, t2=t1+(1, 3))	1	243
(698, 110, 559, t1) -> (559, 110, 559, t2=t1+(1, 5))	1	244
(3140, 184, 2857, t1) -> (3140, 184, 3140, t2=t1+(1, 5))	1	245
(4076, 102, 2355, t1) -> (4076, 102, 2355, t2=t1+(1, 3))	1	246
(4814, 131, 3035, t1) -> (4814, 131, 4814, t2=t1+(1, 5))	1	247
(4465, 45, 199, t1) -> (4465, 45, 199, t2=t1+(1, 4))	1	248
(4186, 119, 1199, t1) -> (4186, 119, 4186, t2=t1+(1, 6))	1	249
(4658, 13, 3261, t1) -> (3261, 13, 3261, t2=t1+(1, 7))	1	250
(4912, 40, 513, t1) -> (513, 40, 513, t2=t1+(1, 4))	1	251
(1650, 69, 4322, t1) -> (4322, 69, 4322, t2=t1+(1, 5))	1	252
(763, 145, 4975, t1) -> (763, 145, 4975, t2=t1+(1, 3))	1	253
(4695, 96, 4630, t1) -> (4695, 96, 4695, t2=t1+(1, 6))	1	254
(3564, 159, 1303, t1) -> (3564, 159, 1303, t2=t1+(1, 3))	1	255
(4056, 101, 1909, t1) -> (1909, 101, 4056, t2=t1+(1, 5))	1	256
(2149, 141, 2646, t1) -> (2646, 141, 2149, t2=t1+(1, 8))	1	257
(3245, 172, 4979, t1) -> (4979, 172, 3245, t2=t1+(1, 1))	1	258
(1594, 89, 3514, t1) -> (3514, 89, 3514, t2=t1+(1, 6))	1	259
(3825, 8, 4480, t1) -> (4480, 8, 3825, t2=t1+(1, 2))	1	260
(4829, 148, 3792, t1) -> (4829, 148, 4829, t2=t1+(1, 1))	1	261
(8, 126, 2309, t1) -> (8, 126, 8, t2=t1+(1, 6))	1	262
(3370, 196, 900, t1) -> (900, 196, 3370, t2=t1+(1, 1))	1	263
(2240, 20, 3024, t1) -> (3024, 20, 2240, t2=t1+(1, 6))	1	264
(3427, 168, 96, t1) -> (96, 168, 3427, t2=t1+(1, 6))	1	265
(4464, 9, 534, t1) -> (4464, 9, 534, t2=t1+(1, 7))	1	266
(1064, 189, 288, t1) -> (1064, 189, 1064, t2=t1+(1, 4))	1	267
(372, 147, 44, t1) -> (372, 147, 44, t2=t1+(1, 8))	1	268
(3053, 38, 4511, t1) -> (3053, 38, 3053, t2=t1+(1, 4))	1	269
(1903, 65, 854, t1) -> (1903, 65, 1903, t2=t1+(1, 6))	1	270
(1262, 127, 691, t1) -> (1262, 127, 1262, t2=t1+(1, 13))	1	271
(3955, 67, 465, t1) -> (465, 67, 3955, t2=t1+(1, 7))	1	272
(1804, 108, 2389, t1) -> (1804, 108, 1804, t2=t1+(1, 4))	1	273
(2038, 15, 3814, t1) -> (3814, 15, 3814, t2=t1+(1, 7))	1	274
(2345, 95, 2514, t1) -> (2345, 95, 2345, t2=t1+(1, 4))	1	275
(3723, 101, 2289, t1) -> (2289, 101, 2289, t2=t1+(1, 5))	1	276
(66, 0, 4949, t1) -> (4949, 0, 4949, t2=t1+(1, 5))	1	277
(696, 12, 4788, t1) -> (4788, 12, 4788, t2=t1+(1, 6))	1	278
(3016, 105, 3677, t1) -> (3016, 105, 3016, t2=t1+(1, 9))	1	279
(2744, 99, 2487, t1) -> (2744, 99, 2487, t2=t1+(1, 5))	1	280
(1687, 160, 2706, t1) -> (1687, 160, 2706, t2=t1+(1, 2))	1	281
(4243, 69, 3612, t1) -> (4243, 69, 3612, t2=t1+(1, 6))	1	282
(2542, 19, 3484, t1) -> (2542, 19, 2542, t2=t1+(1, 5))	1	283
(2051, 157, 971, t1) -> (971, 157, 2051, t2=t1+(1, 4))	1	284
(610, 134, 4417, t1) -> (4417, 134, 4417, t2=t1+(1, 1))	1	285
(3943, 194, 1686, t1) -> (3943, 194, 3943, t2=t1+(1, 1))	1	286
(4686, 141, 4608, t1) -> (4608, 141, 4686, t2=t1+(1, 7))	1	287
(4761, 128, 3785, t1) -> (3785, 128, 4761, t2=t1+(1, 4))	1	288
(422, 30, 4625, t1) -> (4625, 30, 422, t2=t1+(1, 4))	1	289
(1789, 199, 4838, t1) -> (1789, 199, 4838, t2=t1+(1, 3))	1	290
(4006, 108, 2475, t1) -> (4006, 108, 2475, t2=t1+(1, 8))	1	291
(1531, 185, 2510, t1) -> (2510, 185, 1531, t2=t1+(1, 11))	1	292
(890, 7, 3341, t1) -> (3341, 7, 890, t2=t1+(1, 6))	1	293
(1749, 129, 4333, t1) -> (1749, 129, 4333, t2=t1+(1, 6))	1	294
(2640, 180, 4145, t1) -> (2640, 180, 2640, t2=t1+(1, 6))	1	295
(3959, 104, 2892, t1) -> (3959, 104, 2892, t2=t1+(1, 4))	1	296
(4300, 108, 4684, t1) -> (4300, 108, 4684, t2=t1+(1, 5))	1	297
(2076, 99, 4538, t1) -> (4538, 99, 2076, t2=t1+(1, 5))	1	298
(2917, 145, 2333, t1) -> (2917, 145, 2333, t2=t1+(1, 8))	1	299
(4428, 16, 789, t1) -> (4428, 16, 4428, t2=t1+(1, 8))	1	300
(1944, 182, 493, t1) -> (1944, 182, 1944, t2=t1+(1, 9))	1	301
(1656, 25, 340, t1) -> (1656, 25, 340, t2=t1+(1, 7))	1	302
(2285, 42, 4823, t1) -> (4823, 42, 2285, t2=t1+(1, 9))	1	303
(4150, 94, 2314, t1) -> (4150, 94, 4150, t2=t1+(1, 6))	1	304
(3603, 182, 1648, t1) -> (3603, 182, 3603, t2=t1+(1, 5))	1	305
(1855, 21, 2867, t1) -> (2867, 21, 1855, t2=t1+(1, 3))	1	306
(900, 88, 812, t1) -> (900, 88, 900, t2=t1+(1, 10))	1	307
(4574, 87, 2997, t1) -> (4574, 87, 4574, t2=t1+(1, 6))	1	308
(4842, 118, 289, t1) -> (4842, 118, 4842, t2=t1+(1, 5))	1	309
(2537, 142, 1414, t1) -> (2537, 142, 2537, t2=t1+(1, 5))	1	310
(4416, 30, 2327, t1) -> (2327, 30, 2327, t2=t1+(1, 5))	1	311
(1303, 19, 852, t1) -> (1303, 19, 852, t2=t1+(1, 5))	1	312
(853, 82, 526, t1) -> (853, 82, 853, t2=t1+(1, 3))	1	313
(2450, 87, 341, t1) -> (341, 87, 2450, t2=t1+(1, 4))	1	314
(116, 34, 4755, t1) -> (116, 34, 4755, t2=t1+(1, 10))	1	315
(2199, 145, 1591, t1) -> (1591, 145, 1591, t2=t1+(1, 4))	1	316
(2268, 10, 2482, t1) -> (2482, 10, 2482, t2=t1+(1, 8))	1	317
(2753, 141, 1712, t1) -> (1712, 141, 2753, t2=t1+(1, 4))	1	318
(551, 35, 684, t1) -> (684, 35, 551, t2=t1+(1, 4))	1	319
(2963, 47, 2077, t1) -> (2077, 47, 2077, t2=t1+(1, 3))	1	320
(391, 97, 3065, t1) -> (391, 97, 391, t2=t1+(1, 2))	1	321
(4133, 62, 3723, t1) -> (4133, 62, 4133, t2=t1+(1, 2))	1	322
(3317, 71, 188, t1) -> (3317, 71, 3317, t2=t1+(1, 4))	1	323
(1870, 19, 1194, t1) -> (1194, 19, 1194, t2=t1+(1, 10))	1	324
(933, 150, 1346, t1) -> (933, 150, 933, t2=t1+(1, 4))	1	325
(2039, 120, 1811, t1) -> (2039, 120, 1811, t2=t1+(1, 2))	1	326
(3413, 41, 1400, t1) -> (3413, 41, 3413, t2=t1+(1, 6))	1	327
(3749, 126, 3527, t1) -> (3749, 126, 3527, t2=t1+(1, 5))	1	328
(144, 43, 4247, t1) -> (4247, 43, 144, t2=t1+(1, 2))	1	329
(2690, 162, 4175, t1) -> (2690, 162, 4175, t2=t1+(1, 3))	1	330
(792, 45, 4379, t1) -> (792, 45, 4379, t2=t1+(1, 5))	1	331
(3386, 115, 2351, t1) -> (2351, 115, 2351, t2=t1+(1, 4))	1	332
(4439, 171, 3549, t1) -> (3549, 171, 4439, t2=t1+(1, 5))	1	333
(2121, 69, 3951, t1) -> (2121, 69, 2121, t2=t1+(1, 2))	1	334
(626, 73, 900, t1) -> (626, 73, 626, t2=t1+(1, 5))	1	335
(4031, 19, 2504, t1) -> (4031, 19, 2504, t2=t1+(1, 6))	1	336
(2952, 62, 213, t1) -> (213, 62, 2952, t2=t1+(1, 6))	1	337
(2592, 20, 3398, t1) -> (2592, 20, 2592, t2=t1+(1, 9))	1	338
(1797, 184, 2568, t1) -> (1797, 184, 2568, t2=t1+(1, 9))	1	339
(3452, 45, 4729, t1) -> (3452, 45, 3452, t2=t1+(1, 5))	1	340
(2017, 22, 1744, t1) -> (1744, 22, 2017, t2=t1+(1, 3))	1	341
(2058, 18, 1060, t1) -> (2058, 18, 1060, t2=t1+(1, 6))	1	342
(4213, 20, 1117, t1) -> (1117, 20, 1117, t2=t1+(1, 5))	1	343
(682, 177, 1547, t1) -> (1547, 177, 682, t2=t1+(1, 6))	1	344
(325, 105, 2757, t1) -> (2757, 105, 325, t2=t1+(1, 3))	1	345
(1392, 98, 4022, t1) -> (1392, 98, 1392, t2=t1+(1, 5))	1	346
(4101, 115, 813, t1) -> (813, 115, 813, t2=t1+(1, 4))	1	347
(38, 18, 2245, t1) -> (2245, 18, 2245, t2=t1+(1, 3))	1	348
(3381, 41, 4831, t1) -> (4831, 41, 4831, t2=t1+(1, 4))	1	349
(3413, 62, 4071, t1) -> (4071, 62, 4071, t2=t1+(1, 6))	1	350
(3138, 134, 1609, t1) -> (3138, 134, 3138, t2=t1+(1, 4))	1	351
(321, 87, 1548, t1) -> (321, 87, 321, t2=t1+(1, 4))	1	352
(1891, 69, 2336, t1) -> (1891, 69, 1891, t2=t1+(1, 3))	1	353
(2602, 87, 4388, t1) -> (4388, 87, 4388, t2=t1+(1, 4))	1	354
(1625, 172, 55, t1) -> (1625, 172, 55, t2=t1+(1, 3))	1	355
(185, 56, 4674, t1) -> (185, 56, 185, t2=t1+(1, 7))	1	356
(3298, 144, 705, t1) -> (3298, 144, 3298, t2=t1+(1, 7))	1	357
(2701, 121, 2662, t1) -> (2662, 121, 2701, t2=t1+(1, 3))	1	358
(4394, 145, 201, t1) -> (4394, 145, 4394, t2=t1+(1, 3))	1	359
(542, 57, 3385, t1) -> (542, 57, 3385, t2=t1+(1, 4))	1	360
(722, 53, 3979, t1) -> (722, 53, 722, t2=t1+(1, 3))	1	361
(4100, 71, 147, t1) -> (147, 71, 147, t2=t1+(1, 5))	1	362
(1204, 127, 4911, t1) -> (1204, 127, 1204, t2=t1+(1, 8))	1	363
(2225, 121, 1455, t1) -> (2225, 121, 2225, t2=t1+(1, 3))	1	364
(1737, 44, 2409, t1) -> (2409, 44, 1737, t2=t1+(1, 7))	1	365
(4664, 56, 827, t1) -> (827, 56, 4664, t2=t1+(1, 5))	1	366
(3316, 198, 1621, t1) -> (1621, 198, 1621, t2=t1+(1, 4))	1	367
(4361, 51, 1474, t1) -> (4361, 51, 4361, t2=t1+(1, 6))	1	368
(1854, 60, 4447, t1) -> (1854, 60, 4447, t2=t1+(1, 4))	1	369
(4330, 112, 982, t1) -> (982, 112, 4330, t2=t1+(1, 3))	1	370
(1570, 122, 4054, t1) -> (4054, 122, 4054, t2=t1+(1, 4))	1	371
(1064, 147, 1628, t1) -> (1628, 147, 1064, t2=t1+(1, 5))	1	372
(2016, 157, 2259, t1) -> (2016, 157, 2016, t2=t1+(1, 3))	1	373
(4266, 137, 1228, t1) -> (4266, 137, 4266, t2=t1+(1, 5))	1	374
(1696, 142, 2861, t1) -> (2861, 142, 1696, t2=t1+(1, 1))	1	375
(3039, 182, 14, t1) -> (3039, 182, 14, t2=t1+(1, 8))	1	376
(2701, 175, 3166, t1) -> (2701, 175, 2701, t2=t1+(1, 6))	1	377
(386, 53, 1148, t1) -> (386, 53, 1148, t2=t1+(1, 4))	1	378
(1995, 12, 3601, t1) -> (1995, 12, 3601, t2=t1+(1, 1))	1	379
(1339, 11, 1532, t1) -> (1532, 11, 1339, t2=t1+(1, 1))	1	380
(1806, 146, 2880, t1) -> (1806, 146, 2880, t2=t1+(1, 6))	1	381
(4529, 67, 3588, t1) -> (3588, 67, 3588, t2=t1+(1, 4))	1	382
(3252, 140, 3902, t1) -> (3252, 140, 3902, t2=t1+(1, 5))	1	383
(4254, 2, 4241, t1) -> (4254, 2, 4254, t2=t1+(1, 1))	1	384
(4172, 94, 959, t1) -> (4172, 94, 959, t2=t1+(1, 4))	1	385
(562, 43, 678, t1) -> (678, 43, 562, t2=t1+(1, 2))	1	386
(3150, 10, 4644, t1) -> (4644, 10, 4644, t2=t1+(1, 5))	1	387
(3550, 60, 3688, t1) -> (3688, 60, 3688, t2=t1+(1, 3))	1	388
(2237, 52, 4391, t1) -> (4391, 52, 2237, t2=t1+(1, 4))	1	389
(4779, 80, 2753, t1) -> (4779, 80, 2753, t2=t1+(1, 3))	1	390
(1730, 61, 4894, t1) -> (1730, 61, 1730, t2=t1+(1, 4))	1	391
(4863, 75, 4861, t1) -> (4863, 75, 4861, t2=t1+(1, 6))	1	392
(1083, 44, 501, t1) -> (1083, 44, 501, t2=t1+(1, 7))	1	393
(2545, 56, 3191, t1) -> (3191, 56, 2545, t2=t1+(1, 5))	1	394
(3491, 66, 1117, t1) -> (1117, 66, 1117, t2=t1+(1, 4))	1	395
(1805, 9, 555, t1) -> (555, 9, 1805, t2=t1+(1, 4))	1	396
(3652, 171, 2149, t1) -> (2149, 171, 3652, t2=t1+(1, 5))	1	397
(3653, 120, 3056, t1) -> (3056, 120, 3056, t2=t1+(1, 1))	1	398
(2659, 132, 3933, t1) -> (3933, 132, 2659, t2=t1+(1, 6))	1	399
(3738, 156, 3069, t1) -> (3738, 156, 3069, t2=t1+(1, 5))	1	400
(3804, 60, 2542, t1) -> (2542, 60, 2542, t2=t1+(1, 5))	1	401
(1654, 77, 4006, t1) -> (1654, 77, 4006, t2=t1+(1, 5))	1	402
(4572, 58, 1990, t1) -> (4572, 58, 4572, t2=t1+(1, 4))	1	403
(2142, 53, 4668, t1) -> (2142, 53, 4668, t2=t1+(1, 3))	1	404
(3776, 161, 4826, t1) -> (3776, 161, 3776, t2=t1+(1, 2))	1	405
(1058, 130, 56, t1) -> (1058, 130, 56, t2=t1+(1, 7))	1	406
(3234, 90, 2569, t1) -> (3234, 90, 2569, t2=t1+(1, 4))	1	407
(124, 101, 4392, t1) -> (124, 101, 124, t2=t1+(1, 3))	1	408
(2202, 2, 1155, t1) -> (1155, 2, 2202, t2=t1+(1, 3))	1	409
(1110, 29, 2914, t1) -> (2914, 29, 1110, t2=t1+(1, 3))	1	410
(1728, 167, 1318, t1) -> (1728, 167, 1728, t2=t1+(1, 5))	1	411
(1625, 54, 841, t1) -> (1625, 54, 1625, t2=t1+(1, 5))	1	412
(2202, 129, 4619, t1) -> (4619, 129, 2202, t2=t1+(1, 2))	1	413
(3971, 126, 3086, t1) -> (3086, 126, 3971, t2=t1+(1, 8))	1	414
(2746, 1, 1034, t1) -> (2746, 1, 2746, t2=t1+(1, 8))	1	415
(3995, 39, 2652, t1) -> (3995, 39, 2652, t2=t1+(1, 7))	1	416
(4234, 132, 2586, t1) -> (2586, 132, 4234, t2=t1+(1, 7))	1	417
(4557, 124, 2703, t1) -> (2703, 124, 4557, t2=t1+(1, 7))	1	418
(4084, 153, 1026, t1) -> (4084, 153, 1026, t2=t1+(1, 5))	1	419
(2552, 75, 4864, t1) -> (2552, 75, 4864, t2=t1+(1, 4))	1	420
(2952, 113, 1305, t1) -> (2952, 113, 1305, t2=t1+(1, 2))	1	421
(4310, 175, 4263, t1) -> (4263, 175, 4310, t2=t1+(1, 5))	1	422
(3043, 40, 4086, t1) -> (4086, 40, 4086, t2=t1+(1, 4))	1	423
(4401, 41, 1008, t1) -> (4401, 41, 4401, t2=t1+(1, 6))	1	424
(3122, 87, 3702, t1) -> (3122, 87, 3122, t2=t1+(1, 5))	1	425
(1000, 98, 1157, t1) -> (1157, 98, 1157, t2=t1+(1, 6))	1	426
(1179, 53, 2182, t1) -> (2182, 53, 1179, t2=t1+(1, 7))	1	427
(4852, 45, 169, t1) -> (169, 45, 4852, t2=t1+(1, 3))	1	428
(846, 173, 338, t1) -> (338, 173, 846, t2=t1+(1, 5))	1	429
(3890, 2, 3018, t1) -> (3018, 2, 3890, t2=t1+(1, 3))	1	430
(2438, 169, 2152, t1) -> (2152, 169, 2438, t2=t1+(1, 5))	1	431
(4584, 129, 439, t1) -> (4584, 129, 439, t2=t1+(1, 9))	1	432
(951, 46, 1539, t1) -> (1539, 46, 1539, t2=t1+(1, 5))	1	433
(2107, 98, 1227, t1) -> (1227, 98, 2107, t2=t1+(1, 6))	1	434
(2937, 110, 3436, t1) -> (3436, 110, 3436, t2=t1+(1, 4))	1	435
(4488, 138, 3908, t1) -> (3908, 138, 3908, t2=t1+(1, 7))	1	436
(132, 34, 4789, t1) -> (132, 34, 4789, t2=t1+(1, 5))	1	437
(4945, 161, 2489, t1) -> (4945, 161, 2489, t2=t1+(1, 4))	1	438
(626, 94, 4510, t1) -> (4510, 94, 4510, t2=t1+(1, 3))	1	439
(3633, 75, 1357, t1) -> (3633, 75, 1357, t2=t1+(1, 5))	1	440
(3591, 188, 527, t1) -> (3591, 188, 527, t2=t1+(1, 5))	1	441
(1156, 3, 3365, t1) -> (3365, 3, 1156, t2=t1+(1, 8))	1	442
(4702, 69, 122, t1) -> (4702, 69, 4702, t2=t1+(1, 8))	1	443
(4065, 78, 1311, t1) -> (4065, 78, 4065, t2=t1+(1, 6))	1	444
(3783, 53, 4292, t1) -> (3783, 53, 4292, t2=t1+(1, 4))	1	445
(749, 88, 2472, t1) -> (2472, 88, 2472, t2=t1+(1, 2))	1	446
(1191, 115, 3992, t1) -> (3992, 115, 3992, t2=t1+(1, 6))	1	447
(3873, 91, 2769, t1) -> (2769, 91, 3873, t2=t1+(1, 7))	1	448
(4781, 74, 3472, t1) -> (4781, 74, 3472, t2=t1+(1, 3))	1	449
(2509, 33, 952, t1) -> (952, 33, 952, t2=t1+(1, 4))	1	450
(543, 83, 3273, t1) -> (3273, 83, 543, t2=t1+(1, 4))	1	451
(3952, 75, 2523, t1) -> (2523, 75, 3952, t2=t1+(1, 5))	1	452
(3138, 32, 73, t1) -> (73, 32, 73, t2=t1+(1, 9))	1	453
(2963, 9, 4176, t1) -> (4176, 9, 2963, t2=t1+(1, 5))	1	454
(1699, 49, 1019, t1) -> (1019, 49, 1019, t2=t1+(1, 3))	1	455
(2727, 55, 3501, t1) -> (3501, 55, 3501, t2=t1+(1, 7))	1	456
(679, 194, 4868, t1) -> (679, 194, 4868, t2=t1+(1, 8))	1	457
(585, 190, 2918, t1) -> (2918, 190, 585, t2=t1+(1, 5))	1	458
(4311, 155, 3147, t1) -> (3147, 155, 4311, t2=t1+(1, 4))	1	459
(4776, 142, 210, t1) -> (210, 142, 210, t2=t1+(1, 5))	1	460
(69, 104, 1433, t1) -> (69, 104, 1433, t2=t1+(1, 5))	1	461
(4223, 60, 4033, t1) -> (4033, 60, 4223, t2=t1+(1, 5))	1	462
(1616, 126, 974, t1) -> (1616, 126, 974, t2=t1+(1, 5))	1	463
(2033, 144, 2664, t1) -> (2664, 144, 2664, t2=t1+(1, 4))	1	464
(4224, 15, 108, t1) -> (4224, 15, 4224, t2=t1+(1, 5))	1	465
(3946, 131, 1886, t1) -> (1886, 131, 3946, t2=t1+(1, 5))	1	466
(1302, 52, 163, t1) -> (163, 52, 1302, t2=t1+(1, 4))	1	467
(3839, 95, 193, t1) -> (3839, 95, 3839, t2=t1+(1, 3))	1	468
(2444, 51, 1661, t1) -> (2444, 51, 2444, t2=t1+(1, 2))	1	469
(1905, 133, 2692, t1) -> (1905, 133, 2692, t2=t1+(1, 8))	1	470
(4465, 123, 1151, t1) -> (4465, 123, 1151, t2=t1+(1, 4))	1	471
(111, 164, 3956, t1) -> (111, 164, 111, t2=t1+(1, 4))	1	472
(4897, 18, 645, t1) -> (4897, 18, 645, t2=t1+(1, 4))	1	473
(612, 94, 2115, t1) -> (612, 94, 2115, t2=t1+(1, 6))	1	474
(2105, 172, 4678, t1) -> (4678, 172, 4678, t2=t1+(1, 4))	1	475
(2579, 31, 451, t1) -> (451, 31, 451, t2=t1+(1, 3))	1	476
(1792, 119, 77, t1) -> (77, 119, 1792, t2=t1+(1, 2))	1	477
(4349, 65, 4038, t1) -> (4349, 65, 4349, t2=t1+(1, 5))	1	478
(2839, 11, 2642, t1) -> (2642, 11, 2839, t2=t1+(1, 5))	1	479
(2579, 29, 2325, t1) -> (2325, 29, 2579, t2=t1+(1, 9))	1	480
(4284, 48, 4276, t1) -> (4284, 48, 4284, t2=t1+(1, 6))	1	481
(2509, 115, 4215, t1) -> (4215, 115, 4215, t2=t1+(1, 4))	1	482
(2839, 143, 2782, t1) -> (2782, 143, 2782, t2=t1+(1, 4))	1	483
(3086, 19, 838, t1) -> (838, 19, 838, t2=t1+(1, 5))	1	484
(3655, 131, 1383, t1) -> (3655, 131, 3655, t2=t1+(1, 6))	1	485
(2014, 45, 1719, t1) -> (1719, 45, 1719, t2=t1+(1, 5))	1	486
(1379, 159, 1452, t1) -> (1379, 159, 1379, t2=t1+(1, 5))	1	487
(749, 65, 1970, t1) -> (1970, 65, 749, t2=t1+(1, 2))	1	488
(2607, 34, 516, t1) -> (2607, 34, 516, t2=t1+(1, 1))	1	489
(3394, 105, 4845, t1) -> (3394, 105, 3394, t2=t1+(1, 4))	1	490
(1575, 93, 3950, t1) -> (1575, 93, 1575, t2=t1+(1, 2))	1	491
(3519, 66, 2131, t1) -> (2131, 66, 3519, t2=t1+(1, 4))	1	492
(804, 129, 4324, t1) -> (804, 129, 4324, t2=t1+(1, 5))	1	493
(77, 119, 242, t1) -> (242, 119, 242, t2=t1+(1, 2))	1	494
(1887, 48, 1034, t1) -> (1887, 48, 1034, t2=t1+(1, 7))	1	495
(622, 181, 3353, t1) -> (622, 181, 622, t2=t1+(1, 1))	1	496
(2386, 115, 1898, t1) -> (1898, 115, 1898, t2=t1+(1, 5))	1	497
(2277, 178, 3701, t1) -> (3701, 178, 3701, t2=t1+(1, 7))	1	498
(1030, 81, 313, t1) -> (313, 81, 1030, t2=t1+(1, 3))	1	499
(2034, 122, 2690, t1) -> (2034, 122, 2034, t2=t1+(1, 7))	1	500
(259, 12, 1073, t1) -> (1073, 12, 259, t2=t1+(1, 7))	1	501
(4864, 187, 871, t1) -> (871, 187, 871, t2=t1+(1, 3))	1	502
(1927, 149, 234, t1) -> (234, 149, 1927, t2=t1+(1, 5))	1	503
(2970, 173, 1818, t1) -> (1818, 173, 1818, t2=t1+(1, 3))	1	504
(4487, 173, 2199, t1) -> (2199, 173, 4487, t2=t1+(1, 1))	1	505
(4340, 184, 185, t1) -> (185, 184, 4340, t2=t1+(1, 8))	1	506
(566, 23, 1545, t1) -> (1545, 23, 1545, t2=t1+(1, 6))	1	507
(4378, 143, 3771, t1) -> (4378, 143, 3771, t2=t1+(1, 5))	1	508
(2507, 47, 3882, t1) -> (2507, 47, 3882, t2=t1+(1, 3))	1	509
(1876, 181, 198, t1) -> (198, 181, 1876, t2=t1+(1, 4))	1	510
(2642, 103, 658, t1) -> (658, 103, 658, t2=t1+(1, 5))	1	511
(4583, 60, 1942, t1) -> (1942, 60, 4583, t2=t1+(1, 4))	1	512
(2174, 11, 4733, t1) -> (2174, 11, 4733, t2=t1+(1, 4))	1	513
(4205, 176, 983, t1) -> (4205, 176, 4205, t2=t1+(1, 11))	1	514
(4423, 151, 3796, t1) -> (4423, 151, 3796, t2=t1+(1, 4))	1	515
(56, 145, 2064, t1) -> (2064, 145, 56, t2=t1+(1, 4))	1	516
(4123, 41, 4215, t1) -> (4215, 41, 4123, t2=t1+(1, 4))	1	517
(4269, 153, 286, t1) -> (286, 153, 286, t2=t1+(1, 4))	1	518
(3710, 64, 2451, t1) -> (3710, 64, 2451, t2=t1+(1, 7))	1	519
(2034, 168, 2784, t1) -> (2784, 168, 2784, t2=t1+(1, 8))	1	520
(4780, 70, 3406, t1) -> (4780, 70, 3406, t2=t1+(1, 3))	1	521
(3685, 121, 723, t1) -> (3685, 121, 723, t2=t1+(1, 7))	1	522
(627, 1, 3178, t1) -> (627, 1, 627, t2=t1+(1, 5))	1	523
(3162, 180, 2391, t1) -> (2391, 180, 2391, t2=t1+(1, 3))	1	524
