(3918, 130, 2548, t1) & (804, 44, 1362, t2=t1+(0, 3)) & (3918, 105, 804, t3=t2+(0, 6)) -> (804, 130, 1362, t4=t3+(1, 5))	3	0
(1875, 33, 1270, t1) & (817, 2, 1177, t2=t1+(0, 4)) & (1875, 102, 1177, t3=t2+(0, 4)) -> (817, 102, 1177, t4=t3+(1, 9))	3	1
(305, 3, 285, t1) & (4207, 162, 1036, t2=t1+(0, 7)) & (1036, 112, 305, t3=t2+(0, 5)) -> (305, 3, 4207, t4=t3+(1, 7))	3	2
(3633, 179, 4959, t1) & (656, 129, 1308, t2=t1+(0, 5)) & (656, 86, 4959, t3=t2+(0, 3)) -> (4959, 179, 656, t4=t3+(1, 3))	3	3
(1650, 104, 1092, t1) & (2096, 59, 4274, t2=t1+(0, 4)) & (1650, 32, 2096, t3=t2+(0, 7)) -> (2096, 59, 1092, t4=t3+(1, 5))	3	4
(2374, 0, 4836, t1) & (20, 38, 474, t2=t1+(0, 10)) & (2374, 123, 474, t3=t2+(0, 8)) -> (20, 38, 2374, t4=t3+(1, 4))	3	5
(2821, 91, 1577, t1) & (4452, 81, 4714, t2=t1+(0, 5)) & (4452, 156, 1577, t3=t2+(0, 6)) -> (1577, 91, 2821, t4=t3+(1, 5))	3	6
(2512, 190, 2088, t1) & (1637, 61, 3017, t2=t1+(0, 5)) & (1637, 79, 2512, t3=t2+(0, 9)) -> (2088, 61, 2088, t4=t3+(1, 3))	3	7
(2865, 114, 4803, t1) & (3407, 184, 3598, t2=t1+(0, 4)) & (3598, 10, 2865, t3=t2+(0, 7)) -> (4803, 114, 2865, t4=t3+(1, 4))	3	8
(3369, 14, 810, t1) & (265, 141, 1458, t2=t1+(0, 7)) & (3369, 66, 265, t3=t2+(0, 3)) -> (3369, 66, 810, t4=t3+(1, 5))	3	9
(4678, 138, 2812, t1) & (3531, 197, 514, t2=t1+(0, 3)) & (2812, 17, 3531, t3=t2+(0, 5)) -> (2812, 138, 514, t4=t3+(1, 6))	3	10
(2542, 94, 2025, t1) & (902, 169, 2571, t2=t1+(0, 2)) & (902, 112, 2542, t3=t2+(0, 2)) -> (2025, 94, 2571, t4=t3+(1, 2))	3	11
(3231, 121, 4159, t1) & (4775, 134, 4899, t2=t1+(0, 4)) & (4775, 153, 4159, t3=t2+(0, 2)) -> (3231, 134, 4159, t4=t3+(1, 5))	3	12
(533, 51, 4140, t1) & (1926, 98, 2300, t2=t1+(0, 4)) & (1926, 150, 4140, t3=t2+(0, 5)) -> (2300, 51, 4140, t4=t3+(1, 3))	3	13
(2930, 50, 3514, t1) & (3846, 196, 967, t2=t1+(0, 3)) & (3514, 122, 967, t3=t2+(0, 3)) -> (967, 196, 967, t4=t3+(1, 4))	3	14
(2722, 90, 3783, t1) & (1817, 13, 2880, t2=t1+(0, 3)) & (1817, 179, 2722, t3=t2+(0, 3)) -> (1817, 179, 1817, t4=t3+(1, 5))	3	15
(4769, 169, 2765, t1) & (3839, 147, 4407, t2=t1+(0, 3)) & (2765, 93, 3839, t3=t2+(0, 3)) -> (2765, 169, 2765, t4=t3+(1, 2))	3	16
(3131, 152, 2699, t1) & (3061, 186, 274, t2=t1+(0, 6)) & (3131, 131, 3061, t3=t2+(0, 3)) -> (3061, 186, 274, t4=t3+(1, 6))	3	17
(2478, 105, 1443, t1) & (4159, 177, 2553, t2=t1+(0, 8)) & (2478, 135, 4159, t3=t2+(0, 4)) -> (4159, 177, 4159, t4=t3+(1, 3))	3	18
(3236, 173, 2292, t1) & (4626, 21, 2700, t2=t1+(0, 4)) & (3236, 44, 2700, t3=t2+(0, 5)) -> (3236, 44, 3236, t4=t3+(1, 4))	3	19
(3923, 66, 763, t1) & (128, 117, 1320, t2=t1+(0, 4)) & (763, 121, 1320, t3=t2+(0, 3)) -> (763, 121, 763, t4=t3+(1, 3))	3	20
(2430, 56, 75, t1) & (2424, 12, 1887, t2=t1+(0, 7)) & (2430, 0, 2424, t3=t2+(0, 3)) -> (2430, 12, 2424, t4=t3+(1, 6))	3	21
(4841, 107, 2105, t1) & (1250, 4, 4142, t2=t1+(0, 3)) & (1250, 2, 2105, t3=t2+(0, 7)) -> (1250, 2, 2105, t4=t3+(1, 7))	3	22
(558, 29, 3442, t1) & (2209, 140, 1961, t2=t1+(0, 4)) & (3442, 118, 1961, t3=t2+(0, 7)) -> (3442, 118, 1961, t4=t3+(1, 4))	3	23
(4917, 24, 932, t1) & (1812, 54, 4405, t2=t1+(0, 3)) & (1812, 137, 932, t3=t2+(0, 5)) -> (4405, 24, 932, t4=t3+(1, 2))	3	24
(64, 48, 1414, t1) & (3407, 183, 141, t2=t1+(0, 4)) & (141, 73, 64, t3=t2+(0, 3)) -> (141, 183, 64, t4=t3+(1, 6))	3	25
(2513, 144, 2913, t1) & (1018, 35, 4284, t2=t1+(0, 4)) & (1018, 138, 2913, t3=t2+(0, 5)) -> (2913, 35, 1018, t4=t3+(1, 5))	3	26
(3680, 173, 575, t1) & (4397, 40, 702, t2=t1+(0, 7)) & (3680, 75, 4397, t3=t2+(0, 4)) -> (575, 40, 4397, t4=t3+(1, 2))	3	27
(4453, 53, 4927, t1) & (4058, 150, 393, t2=t1+(0, 9)) & (4453, 157, 393, t3=t2+(0, 4)) -> (4453, 53, 4058, t4=t3+(1, 7))	3	28
(2140, 84, 3440, t1) & (1519, 114, 2460, t2=t1+(0, 5)) & (2140, 185, 2460, t3=t2+(0, 2)) -> (3440, 84, 2140, t4=t3+(1, 4))	3	29
(2323, 15, 4121, t1) & (3083, 11, 3282, t2=t1+(0, 9)) & (2323, 66, 3083, t3=t2+(0, 7)) -> (3282, 11, 3282, t4=t3+(1, 2))	3	30
(1833, 66, 880, t1) & (1877, 134, 1817, t2=t1+(0, 9)) & (1817, 138, 880, t3=t2+(0, 6)) -> (1877, 134, 1833, t4=t3+(1, 4))	3	31
(3799, 114, 3099, t1) & (25, 52, 1367, t2=t1+(0, 5)) & (3099, 143, 1367, t3=t2+(0, 6)) -> (3799, 143, 3099, t4=t3+(1, 5))	3	32
(2968, 101, 4390, t1) & (1844, 32, 4564, t2=t1+(0, 6)) & (2968, 132, 1844, t3=t2+(0, 9)) -> (1844, 132, 2968, t4=t3+(1, 6))	3	33
(4591, 122, 2070, t1) & (3289, 34, 4358, t2=t1+(0, 6)) & (4591, 31, 3289, t3=t2+(0, 4)) -> (3289, 31, 4358, t4=t3+(1, 3))	3	34
(568, 197, 4431, t1) & (1315, 30, 939, t2=t1+(0, 5)) & (568, 64, 1315, t3=t2+(0, 3)) -> (1315, 197, 568, t4=t3+(1, 4))	3	35
(3061, 15, 2222, t1) & (258, 13, 111, t2=t1+(0, 3)) & (2222, 103, 258, t3=t2+(0, 6)) -> (2222, 13, 2222, t4=t3+(1, 5))	3	36
(1105, 113, 843, t1) & (3540, 156, 3392, t2=t1+(0, 3)) & (1105, 135, 3392, t3=t2+(0, 4)) -> (1105, 113, 843, t4=t3+(1, 6))	3	37
(4602, 194, 4284, t1) & (2124, 93, 1214, t2=t1+(0, 5)) & (2124, 153, 4602, t3=t2+(0, 5)) -> (1214, 153, 1214, t4=t3+(1, 6))	3	38
(1720, 134, 137, t1) & (1003, 19, 1018, t2=t1+(0, 2)) & (1003, 189, 1720, t3=t2+(0, 8)) -> (1003, 189, 1003, t4=t3+(1, 5))	3	39
(1741, 13, 787, t1) & (1998, 159, 398, t2=t1+(0, 5)) & (398, 147, 787, t3=t2+(0, 8)) -> (1998, 159, 398, t4=t3+(1, 4))	3	40
(1442, 99, 240, t1) & (4676, 124, 1510, t2=t1+(0, 4)) & (1510, 169, 240, t3=t2+(0, 5)) -> (1442, 99, 4676, t4=t3+(1, 1))	3	41
(2159, 84, 1673, t1) & (1086, 117, 2266, t2=t1+(0, 1)) & (2266, 113, 2159, t3=t2+(0, 7)) -> (2159, 117, 2266, t4=t3+(1, 5))	3	42
(52, 100, 1557, t1) & (1532, 111, 787, t2=t1+(0, 6)) & (1532, 177, 1557, t3=t2+(0, 7)) -> (1532, 100, 52, t4=t3+(1, 3))	3	43
(4387, 192, 1758, t1) & (2788, 112, 3618, t2=t1+(0, 3)) & (3618, 130, 1758, t3=t2+(0, 4)) -> (3618, 192, 1758, t4=t3+(1, 3))	3	44
(3106, 121, 4512, t1) & (4116, 33, 1695, t2=t1+(0, 5)) & (4512, 44, 4116, t3=t2+(0, 9)) -> (4512, 44, 3106, t4=t3+(1, 3))	3	45
(2558, 9, 3273, t1) & (2418, 15, 3418, t2=t1+(0, 6)) & (2418, 197, 3273, t3=t2+(0, 4)) -> (3273, 15, 2418, t4=t3+(1, 4))	3	46
(144, 170, 983, t1) & (3100, 82, 4124, t2=t1+(0, 6)) & (3100, 57, 983, t3=t2+(0, 3)) -> (144, 57, 4124, t4=t3+(1, 2))	3	47
(4291, 154, 4734, t1) & (4020, 103, 1573, t2=t1+(0, 6)) & (1573, 84, 4734, t3=t2+(0, 3)) -> (1573, 154, 4734, t4=t3+(1, 7))	3	48
(3418, 21, 4461, t1) & (254, 30, 1878, t2=t1+(0, 5)) & (1878, 140, 4461, t3=t2+(0, 8)) -> (4461, 21, 1878, t4=t3+(1, 4))	3	49
(4909, 116, 196, t1) & (4936, 58, 4331, t2=t1+(0, 4)) & (196, 193, 4331, t3=t2+(0, 4)) -> (4909, 193, 4331, t4=t3+(1, 8))	3	50
(427, 1, 4841, t1) & (941, 63, 3949, t2=t1+(0, 7)) & (427, 110, 941, t3=t2+(0, 9)) -> (427, 1, 941, t4=t3+(1, 9))	3	51
(3983, 49, 4203, t1) & (844, 149, 1495, t2=t1+(0, 2)) & (844, 52, 4203, t3=t2+(0, 7)) -> (3983, 149, 844, t4=t3+(1, 9))	3	52
(2961, 196, 1913, t1) & (732, 166, 3061, t2=t1+(0, 8)) & (732, 31, 1913, t3=t2+(0, 4)) -> (1913, 166, 3061, t4=t3+(1, 5))	3	53
(4016, 0, 3422, t1) & (1508, 153, 2607, t2=t1+(0, 3)) & (3422, 111, 2607, t3=t2+(0, 3)) -> (3422, 111, 1508, t4=t3+(1, 3))	3	54
(3156, 169, 1631, t1) & (3630, 178, 779, t2=t1+(0, 6)) & (3156, 90, 779, t3=t2+(0, 4)) -> (3630, 169, 3156, t4=t3+(1, 8))	3	55
(4168, 5, 3673, t1) & (1065, 120, 4939, t2=t1+(0, 5)) & (3673, 113, 1065, t3=t2+(0, 4)) -> (1065, 113, 3673, t4=t3+(1, 7))	3	56
(4045, 31, 1507, t1) & (4793, 101, 2120, t2=t1+(0, 5)) & (4045, 139, 2120, t3=t2+(0, 6)) -> (4793, 139, 1507, t4=t3+(1, 1))	3	57
(3388, 178, 1436, t1) & (1451, 124, 4819, t2=t1+(0, 5)) & (4819, 9, 3388, t3=t2+(0, 2)) -> (4819, 178, 3388, t4=t3+(1, 3))	3	58
(3748, 150, 4227, t1) & (3905, 4, 892, t2=t1+(0, 3)) & (4227, 150, 892, t3=t2+(0, 5)) -> (4227, 150, 892, t4=t3+(1, 4))	3	59
(2039, 112, 172, t1) & (4510, 194, 2333, t2=t1+(0, 4)) & (172, 94, 2333, t3=t2+(0, 3)) -> (172, 94, 2333, t4=t3+(1, 6))	3	60
(2139, 30, 3120, t1) & (1125, 68, 2627, t2=t1+(0, 5)) & (2139, 76, 2627, t3=t2+(0, 6)) -> (2627, 68, 2627, t4=t3+(1, 3))	3	61
(374, 139, 2677, t1) & (2682, 36, 3038, t2=t1+(0, 3)) & (374, 161, 2682, t3=t2+(0, 4)) -> (3038, 139, 2677, t4=t3+(1, 2))	3	62
(1941, 49, 3240, t1) & (183, 195, 2826, t2=t1+(0, 2)) & (1941, 73, 183, t3=t2+(0, 7)) -> (1941, 195, 183, t4=t3+(1, 3))	3	63
(731, 174, 4268, t1) & (1387, 58, 1456, t2=t1+(0, 6)) & (1456, 131, 731, t3=t2+(0, 4)) -> (4268, 131, 731, t4=t3+(1, 4))	3	64
(343, 119, 238, t1) & (4188, 134, 37, t2=t1+(0, 2)) & (238, 153, 37, t3=t2+(0, 5)) -> (4188, 153, 238, t4=t3+(1, 4))	3	65
(3464, 139, 1506, t1) & (2417, 120, 2501, t2=t1+(0, 1)) & (2501, 45, 1506, t3=t2+(0, 8)) -> (2501, 139, 1506, t4=t3+(1, 5))	3	66
(2532, 155, 4196, t1) & (3099, 87, 4598, t2=t1+(0, 5)) & (2532, 81, 3099, t3=t2+(0, 5)) -> (4196, 81, 2532, t4=t3+(1, 5))	3	67
(1333, 7, 1831, t1) & (1727, 106, 3485, t2=t1+(0, 0)) & (3485, 138, 1333, t3=t2+(0, 5)) -> (1831, 7, 1831, t4=t3+(1, 4))	3	68
(2726, 12, 2447, t1) & (4008, 142, 2757, t2=t1+(0, 3)) & (2447, 197, 2757, t3=t2+(0, 7)) -> (2447, 142, 4008, t4=t3+(1, 2))	3	69
(2169, 110, 752, t1) & (2177, 29, 1685, t2=t1+(0, 6)) & (752, 15, 1685, t3=t2+(0, 2)) -> (752, 29, 2177, t4=t3+(1, 8))	3	70
(1526, 51, 4200, t1) & (986, 65, 2063, t2=t1+(0, 4)) & (4200, 119, 2063, t3=t2+(0, 5)) -> (1526, 65, 4200, t4=t3+(1, 7))	3	71
(359, 58, 456, t1) & (2081, 58, 4669, t2=t1+(0, 4)) & (359, 131, 4669, t3=t2+(0, 3)) -> (359, 58, 456, t4=t3+(1, 6))	3	72
(3635, 150, 4829, t1) & (3948, 185, 2374, t2=t1+(0, 8)) & (4829, 185, 2374, t3=t2+(0, 4)) -> (4829, 185, 3635, t4=t3+(1, 2))	3	73
(4988, 168, 3167, t1) & (712, 42, 3052, t2=t1+(0, 4)) & (712, 66, 3167, t3=t2+(0, 5)) -> (3167, 168, 3167, t4=t3+(1, 5))	3	74
(863, 2, 1384, t1) & (3369, 5, 3787, t2=t1+(0, 7)) & (3787, 112, 863, t3=t2+(0, 1)) -> (1384, 112, 1384, t4=t3+(1, 6))	3	75
(54, 89, 4912, t1) & (2902, 188, 443, t2=t1+(0, 5)) & (54, 114, 443, t3=t2+(0, 1)) -> (2902, 188, 443, t4=t3+(1, 6))	3	76
(509, 156, 4254, t1) & (4558, 193, 1501, t2=t1+(0, 5)) & (509, 111, 4558, t3=t2+(0, 7)) -> (509, 111, 509, t4=t3+(1, 4))	3	77
(190, 96, 158, t1) & (4876, 80, 1892, t2=t1+(0, 4)) & (4876, 70, 158, t3=t2+(0, 6)) -> (190, 70, 1892, t4=t3+(1, 7))	3	78
(3836, 42, 1957, t1) & (3415, 42, 774, t2=t1+(0, 7)) & (774, 152, 1957, t3=t2+(0, 5)) -> (774, 152, 3415, t4=t3+(1, 6))	3	79
(4369, 106, 1818, t1) & (2948, 16, 1359, t2=t1+(0, 3)) & (2948, 111, 4369, t3=t2+(0, 5)) -> (4369, 106, 4369, t4=t3+(1, 3))	3	80
(140, 174, 3053, t1) & (3892, 199, 3165, t2=t1+(0, 4)) & (3165, 87, 3053, t3=t2+(0, 8)) -> (140, 199, 3165, t4=t3+(1, 5))	3	81
(3902, 7, 1717, t1) & (3784, 64, 1232, t2=t1+(0, 9)) & (3784, 51, 3902, t3=t2+(0, 3)) -> (1232, 51, 1232, t4=t3+(1, 8))	3	82
(35, 59, 3525, t1) & (2667, 152, 1376, t2=t1+(0, 5)) & (3525, 157, 1376, t3=t2+(0, 3)) -> (3525, 59, 1376, t4=t3+(1, 5))	3	83
(1208, 57, 2190, t1) & (3950, 153, 1359, t2=t1+(0, 2)) & (3950, 177, 2190, t3=t2+(0, 3)) -> (2190, 57, 1208, t4=t3+(1, 5))	3	84
(3828, 182, 1675, t1) & (4471, 52, 852, t2=t1+(0, 4)) & (4471, 124, 3828, t3=t2+(0, 6)) -> (1675, 124, 3828, t4=t3+(1, 8))	3	85
(3931, 19, 3282, t1) & (609, 3, 2432, t2=t1+(0, 4)) & (2432, 92, 3931, t3=t2+(0, 6)) -> (3931, 19, 3282, t4=t3+(1, 6))	3	86
(840, 163, 3093, t1) & (487, 147, 47, t2=t1+(0, 4)) & (840, 194, 487, t3=t2+(0, 5)) -> (840, 194, 487, t4=t3+(1, 7))	3	87
(2339, 129, 1810, t1) & (4293, 165, 2213, t2=t1+(0, 3)) & (2213, 80, 2339, t3=t2+(0, 4)) -> (2213, 129, 2213, t4=t3+(1, 2))	3	88
(4623, 21, 3600, t1) & (4489, 92, 3121, t2=t1+(0, 5)) & (3600, 96, 4489, t3=t2+(0, 4)) -> (4623, 96, 3121, t4=t3+(1, 5))	3	89
(3808, 37, 4404, t1) & (1339, 20, 536, t2=t1+(0, 8)) & (3808, 153, 536, t3=t2+(0, 8)) -> (536, 153, 4404, t4=t3+(1, 7))	3	90
(1400, 88, 4083, t1) & (1799, 96, 144, t2=t1+(0, 4)) & (4083, 37, 1799, t3=t2+(0, 6)) -> (1400, 96, 1799, t4=t3+(1, 5))	3	91
(1818, 108, 1157, t1) & (1210, 167, 3426, t2=t1+(0, 2)) & (1210, 65, 1818, t3=t2+(0, 6)) -> (3426, 108, 1818, t4=t3+(1, 6))	3	92
(2154, 188, 3627, t1) & (1084, 168, 3581, t2=t1+(0, 5)) & (1084, 34, 2154, t3=t2+(0, 4)) -> (1084, 34, 3581, t4=t3+(1, 8))	3	93
(2195, 191, 4718, t1) & (3402, 78, 4785, t2=t1+(0, 2)) & (2195, 177, 4785, t3=t2+(0, 2)) -> (4718, 191, 2195, t4=t3+(1, 8))	3	94
(4917, 171, 3928, t1) & (1093, 23, 3272, t2=t1+(0, 8)) & (1093, 82, 3928, t3=t2+(0, 2)) -> (1093, 82, 1093, t4=t3+(1, 7))	3	95
(1338, 5, 2521, t1) & (2304, 25, 2193, t2=t1+(0, 5)) & (2193, 169, 1338, t3=t2+(0, 0)) -> (2521, 5, 2304, t4=t3+(1, 5))	3	96
(2409, 191, 3982, t1) & (1813, 45, 672, t2=t1+(0, 5)) & (2409, 117, 1813, t3=t2+(0, 2)) -> (672, 117, 672, t4=t3+(1, 6))	3	97
(1847, 16, 2834, t1) & (864, 21, 3044, t2=t1+(0, 5)) & (1847, 120, 864, t3=t2+(0, 8)) -> (864, 16, 1847, t4=t3+(1, 5))	3	98
(3751, 69, 1366, t1) & (2769, 35, 627, t2=t1+(0, 5)) & (3751, 150, 2769, t3=t2+(0, 4)) -> (3751, 35, 2769, t4=t3+(1, 6))	3	99
(4760, 52, 1200, t1) & (391, 102, 4760, t2=t1+(0, 2)) -> (4760, 52, 4760, t3=t2+(1, 5))	2	100
(1441, 90, 3748, t1) & (1441, 133, 3748, t2=t1+(0, 6)) -> (1441, 90, 1441, t3=t2+(1, 7))	2	101
(4541, 129, 2442, t1) & (2442, 189, 2442, t2=t1+(0, 3)) -> (2442, 189, 2442, t3=t2+(1, 10))	2	102
(1150, 107, 1111, t1) & (1111, 184, 1111, t2=t1+(0, 8)) -> (1111, 107, 1111, t3=t2+(1, 1))	2	103
(3736, 89, 3527, t1) & (3527, 125, 3736, t2=t1+(0, 4)) -> (3736, 89, 3527, t3=t2+(1, 3))	2	104
(4263, 126, 2384, t1) & (1, 100, 4263, t2=t1+(0, 8)) -> (1, 100, 1, t3=t2+(1, 5))	2	105
(4331, 14, 449, t1) & (4331, 97, 4331, t2=t1+(0, 6)) -> (449, 14, 4331, t3=t2+(1, 7))	2	106
(289, 95, 4031, t1) & (289, 117, 4008, t2=t1+(0, 2)) -> (289, 117, 289, t3=t2+(1, 6))	2	107
(364, 90, 4193, t1) & (4193, 184, 2961, t2=t1+(0, 2)) -> (364, 90, 4193, t3=t2+(1, 1))	2	108
(2699, 71, 4401, t1) & (1133, 176, 2699, t2=t1+(0, 4)) -> (4401, 176, 4401, t3=t2+(1, 7))	2	109
(3632, 56, 185, t1) & (1338, 32, 3632, t2=t1+(0, 7)) -> (3632, 56, 185, t3=t2+(1, 5))	2	110
(2027, 99, 3564, t1) & (3696, 109, 2027, t2=t1+(0, 3)) -> (2027, 109, 2027, t3=t2+(1, 4))	2	111
(1876, 34, 3410, t1) & (3435, 110, 3410, t2=t1+(0, 3)) -> (3410, 34, 3410, t3=t2+(1, 4))	2	112
(2980, 16, 4214, t1) & (4214, 192, 4214, t2=t1+(0, 7)) -> (4214, 192, 2980, t3=t2+(1, 8))	2	113
(2128, 49, 2826, t1) & (2128, 61, 2128, t2=t1+(0, 7)) -> (2128, 61, 2826, t3=t2+(1, 3))	2	114
(2923, 32, 778, t1) & (778, 198, 1914, t2=t1+(0, 4)) -> (1914, 198, 1914, t3=t2+(1, 2))	2	115
(4581, 128, 310, t1) & (3066, 27, 310, t2=t1+(0, 5)) -> (3066, 27, 310, t3=t2+(1, 3))	2	116
(556, 77, 3380, t1) & (556, 14, 2919, t2=t1+(0, 5)) -> (3380, 77, 3380, t3=t2+(1, 1))	2	117
(122, 94, 4532, t1) & (4518, 176, 122, t2=t1+(0, 5)) -> (4518, 94, 122, t3=t2+(1, 3))	2	118
(3888, 99, 2741, t1) & (1860, 165, 3888, t2=t1+(0, 4)) -> (1860, 99, 2741, t3=t2+(1, 9))	2	119
(3728, 175, 4713, t1) & (3728, 92, 3728, t2=t1+(0, 4)) -> (3728, 175, 3728, t3=t2+(1, 1))	2	120
(4791, 46, 2293, t1) & (4791, 106, 4791, t2=t1+(0, 6)) -> (4791, 46, 4791, t3=t2+(1, 1))	2	121
(2917, 45, 142, t1) & (3710, 156, 2917, t2=t1+(0, 8)) -> (142, 156, 2917, t3=t2+(1, 6))	2	122
(121, 157, 4445, t1) & (4445, 5, 4445, t2=t1+(0, 6)) -> (4445, 157, 4445, t3=t2+(1, 7))	2	123
(4842, 125, 1869, t1) & (1869, 20, 4842, t2=t1+(0, 8)) -> (1869, 20, 4842, t3=t2+(1, 6))	2	124
(3545, 55, 1524, t1) & (1524, 110, 1524, t2=t1+(0, 3)) -> (3545, 55, 1524, t3=t2+(1, 6))	2	125
(985, 3, 3865, t1) & (3865, 141, 3865, t2=t1+(0, 6)) -> (3865, 141, 3865, t3=t2+(1, 4))	2	126
(2282, 111, 3086, t1) & (2282, 181, 2898, t2=t1+(0, 7)) -> (2898, 181, 2282, t3=t2+(1, 4))	2	127
(775, 181, 3339, t1) & (775, 168, 3339, t2=t1+(0, 4)) -> (3339, 181, 3339, t3=t2+(1, 7))	2	128
(1514, 2, 1102, t1) & (4895, 94, 1514, t2=t1+(0, 7)) -> (4895, 94, 1514, t3=t2+(1, 3))	2	129
(78, 103, 3392, t1) & (728, 177, 78, t2=t1+(0, 7)) -> (78, 103, 78, t3=t2+(1, 1))	2	130
(197, 132, 3432, t1) & (3432, 31, 197, t2=t1+(0, 7)) -> (3432, 132, 3432, t3=t2+(1, 2))	2	131
(1316, 79, 4008, t1) & (3569, 181, 1316, t2=t1+(0, 4)) -> (3569, 181, 1316, t3=t2+(1, 5))	2	132
(2805, 49, 1100, t1) & (1665, 48, 1100, t2=t1+(0, 7)) -> (1665, 49, 1100, t3=t2+(1, 2))	2	133
(2115, 49, 1634, t1) & (2628, 57, 2115, t2=t1+(0, 6)) -> (2115, 57, 1634, t3=t2+(1, 3))	2	134
(1542, 88, 1569, t1) & (1569, 14, 1569, t2=t1+(0, 4)) -> (1569, 14, 1569, t3=t2+(1, 9))	2	135
(3843, 27, 1069, t1) & (2723, 151, 1069, t2=t1+(0, 8)) -> (1069, 27, 2723, t3=t2+(1, 2))	2	136
(2123, 17, 2793, t1) & (2123, 153, 2793, t2=t1+(0, 8)) -> (2123, 153, 2123, t3=t2+(1, 6))	2	137
(24, 154, 1381, t1) & (24, 164, 4864, t2=t1+(0, 5)) -> (1381, 164, 24, t3=t2+(1, 5))	2	138
(1244, 148, 4612, t1) & (4612, 154, 4900, t2=t1+(0, 1)) -> (1244, 148, 4612, t3=t2+(1, 5))	2	139
(2759, 157, 1802, t1) & (1802, 0, 1802, t2=t1+(0, 6)) -> (1802, 0, 1802, t3=t2+(1, 11))	2	140
(3844, 57, 1163, t1) & (4214, 135, 1163, t2=t1+(0, 3)) -> (4214, 57, 3844, t3=t2+(1, 7))	2	141
(4673, 156, 2755, t1) & (2755, 4, 4673, t2=t1+(0, 6)) -> (2755, 4, 4673, t3=t2+(1, 1))	2	142
(711, 172, 603, t1) & (3581, 171, 711, t2=t1+(0, 4)) -> (711, 172, 711, t3=t2+(1, 4))	2	143
(4302, 181, 2077, t1) & (2077, 47, 2301, t2=t1+(0, 4)) -> (4302, 181, 2077, t3=t2+(1, 6))	2	144
(374, 67, 4734, t1) & (701, 26, 4734, t2=t1+(0, 2)) -> (4734, 26, 374, t3=t2+(1, 3))	2	145
(1232, 196, 4099, t1) & (3850, 70, 4099, t2=t1+(0, 4)) -> (4099, 196, 1232, t3=t2+(1, 6))	2	146
(2531, 11, 766, t1) & (2531, 112, 3430, t2=t1+(0, 4)) -> (766, 112, 3430, t3=t2+(1, 8))	2	147
(4063, 167, 4290, t1) & (4290, 15, 1154, t2=t1+(0, 2)) -> (4063, 15, 4290, t3=t2+(1, 9))	2	148
(1533, 26, 2166, t1) & (210, 130, 2166, t2=t1+(0, 8)) -> (2166, 130, 2166, t3=t2+(1, 7))	2	149
(1213, 142, 3182, t1) & (3182, 73, 2433, t2=t1+(0, 6)) -> (3182, 142, 1213, t3=t2+(1, 5))	2	150
(4878, 159, 3691, t1) & (3691, 82, 4878, t2=t1+(0, 8)) -> (3691, 82, 3691, t3=t2+(1, 4))	2	151
(3962, 18, 4425, t1) & (601, 168, 4425, t2=t1+(0, 3)) -> (4425, 168, 4425, t3=t2+(1, 2))	2	152
(1250, 144, 4489, t1) & (4489, 97, 1250, t2=t1+(0, 7)) -> (4489, 97, 1250, t3=t2+(1, 7))	2	153
(1001, 59, 1471, t1) & (1001, 47, 1471, t2=t1+(0, 2)) -> (1471, 59, 1471, t3=t2+(1, 7))	2	154
(2625, 13, 543, t1) & (105, 65, 543, t2=t1+(0, 2)) -> (2625, 65, 105, t3=t2+(1, 5))	2	155
(4097, 137, 4833, t1) & (4833, 60, 807, t2=t1+(0, 4)) -> (807, 137, 4097, t3=t2+(1, 4))	2	156
(2668, 66, 4510, t1) & (2668, 63, 2668, t2=t1+(0, 3)) -> (2668, 66, 4510, t3=t2+(1, 4))	2	157
(201, 172, 2988, t1) & (4411, 41, 2988, t2=t1+(0, 5)) -> (2988, 172, 201, t3=t2+(1, 8))	2	158
(4031, 37, 3616, t1) & (3616, 67, 4658, t2=t1+(0, 5)) -> (3616, 67, 4031, t3=t2+(1, 4))	2	159
(2990, 172, 4993, t1) & (3213, 90, 2990, t2=t1+(0, 5)) -> (4993, 172, 2990, t3=t2+(1, 3))	2	160
(2558, 194, 425, t1) & (2558, 143, 425, t2=t1+(0, 0)) -> (425, 143, 425, t3=t2+(1, 6))	2	161
(169, 69, 3292, t1) & (169, 127, 3292, t2=t1+(0, 5)) -> (169, 127, 169, t3=t2+(1, 5))	2	162
(2643, 24, 2398, t1) & (2643, 108, 1667, t2=t1+(0, 5)) -> (1667, 24, 2643, t3=t2+(1, 4))	2	163
(113, 168, 1180, t1) & (113, 32, 4226, t2=t1+(0, 4)) -> (1180, 168, 1180, t3=t2+(1, 6))	2	164
(180, 175, 1196, t1) & (1196, 122, 180, t2=t1+(0, 6)) -> (180, 122, 180, t3=t2+(1, 2))	2	165
(2622, 79, 2803, t1) & (2803, 146, 2622, t2=t1+(0, 1)) -> (2803, 146, 2803, t3=t2+(1, 7))	2	166
(625, 134, 3438, t1) & (625, 28, 3438, t2=t1+(0, 8)) -> (625, 134, 625, t3=t2+(1, 7))	2	167
(1255, 18, 1606, t1) & (1255, 64, 1255, t2=t1+(0, 10)) -> (1255, 64, 1255, t3=t2+(1, 7))	2	168
(4383, 51, 2052, t1) & (2052, 104, 2327, t2=t1+(0, 5)) -> (4383, 104, 2327, t3=t2+(1, 5))	2	169
(4435, 161, 4856, t1) & (4435, 5, 4856, t2=t1+(0, 6)) -> (4435, 5, 4435, t3=t2+(1, 2))	2	170
(168, 127, 275, t1) & (4543, 155, 168, t2=t1+(0, 7)) -> (275, 127, 4543, t3=t2+(1, 4))	2	171
(653, 116, 2846, t1) & (4819, 146, 653, t2=t1+(0, 4)) -> (653, 146, 653, t3=t2+(1, 4))	2	172
(1292, 72, 753, t1) & (1292, 59, 3619, t2=t1+(0, 3)) -> (753, 72, 1292, t3=t2+(1, 8))	2	173
(488, 63, 813, t1) & (488, 69, 488, t2=t1+(0, 7)) -> (488, 69, 813, t3=t2+(1, 2))	2	174
(4617, 161, 3935, t1) & (3935, 77, 4617, t2=t1+(0, 3)) -> (3935, 161, 4617, t3=t2+(1, 11))	2	175
(2482, 19, 4455, t1) & (2482, 95, 2482, t2=t1+(0, 3)) -> (2482, 19, 4455, t3=t2+(1, 5))	2	176
(1562, 165, 1417, t1) & (1417, 27, 1417, t2=t1+(0, 5)) -> (1417, 27, 1417, t3=t2+(1, 9))	2	177
(2031, 92, 3780, t1) & (3780, 187, 26, t2=t1+(0, 7)) -> (2031, 92, 3780, t3=t2+(1, 1))	2	178
(1794, 131, 1136, t1) & (1136, 130, 1794, t2=t1+(0, 5)) -> (1794, 131, 1794, t3=t2+(1, 7))	2	179
(3625, 138, 775, t1) & (1957, 124, 3625, t2=t1+(0, 8)) -> (1957, 124, 1957, t3=t2+(1, 3))	2	180
(2169, 73, 3589, t1) & (737, 183, 3589, t2=t1+(0, 9)) -> (3589, 73, 3589, t3=t2+(1, 8))	2	181
(4521, 51, 3756, t1) & (3756, 114, 4456, t2=t1+(0, 3)) -> (3756, 114, 4456, t3=t2+(1, 4))	2	182
(3107, 90, 4768, t1) & (3107, 69, 3107, t2=t1+(0, 5)) -> (3107, 69, 3107, t3=t2+(1, 7))	2	183
(1927, 110, 4632, t1) & (4593, 148, 1927, t2=t1+(0, 4)) -> (1927, 110, 4593, t3=t2+(1, 4))	2	184
(1280, 166, 4089, t1) & (3948, 144, 1280, t2=t1+(0, 6)) -> (3948, 166, 4089, t3=t2+(1, 6))	2	185
(3953, 28, 1010, t1) & (554, 11, 1010, t2=t1+(0, 6)) -> (3953, 28, 1010, t3=t2+(1, 4))	2	186
(4256, 40, 2968, t1) & (1695, 162, 4256, t2=t1+(0, 3)) -> (1695, 40, 4256, t3=t2+(1, 6))	2	187
(2582, 136, 3968, t1) & (2582, 180, 2582, t2=t1+(0, 3)) -> (2582, 180, 2582, t3=t2+(1, 6))	2	188
(831, 14, 435, t1) & (1219, 128, 831, t2=t1+(0, 4)) -> (831, 128, 435, t3=t2+(1, 12))	2	189
(1623, 124, 210, t1) & (210, 150, 1544, t2=t1+(0, 7)) -> (1623, 124, 210, t3=t2+(1, 9))	2	190
(3351, 107, 4648, t1) & (4648, 166, 4648, t2=t1+(0, 3)) -> (4648, 107, 4648, t3=t2+(1, 6))	2	191
(1520, 71, 90, t1) & (90, 13, 90, t2=t1+(0, 4)) -> (90, 71, 90, t3=t2+(1, 3))	2	192
(2921, 21, 1428, t1) & (2921, 144, 1428, t2=t1+(0, 3)) -> (1428, 21, 1428, t3=t2+(1, 6))	2	193
(4409, 33, 1914, t1) & (4409, 199, 1914, t2=t1+(0, 6)) -> (4409, 33, 4409, t3=t2+(1, 4))	2	194
(2162, 181, 1987, t1) & (2162, 123, 1947, t2=t1+(0, 5)) -> (1987, 123, 1947, t3=t2+(1, 7))	2	195
(3630, 150, 1868, t1) & (3630, 35, 2895, t2=t1+(0, 2)) -> (3630, 35, 2895, t3=t2+(1, 7))	2	196
(3330, 68, 1986, t1) & (3330, 144, 2869, t2=t1+(0, 2)) -> (3330, 68, 1986, t3=t2+(1, 3))	2	197
(3872, 74, 1582, t1) & (3872, 7, 1582, t2=t1+(0, 7)) -> (3872, 74, 3872, t3=t2+(1, 3))	2	198
(3011, 65, 4112, t1) & (1296, 86, 4112, t2=t1+(0, 8)) -> (1296, 65, 3011, t3=t2+(1, 4))	2	199
(2024, 183, 113, t1) -> (2024, 183, 2024, t2=t1+(1, 5))	1	200
(2193, 2, 4146, t1) -> (2193, 2, 4146, t2=t1+(1, 10))	1	201
(3910, 145, 936, t1) -> (3910, 145, 936, t2=t1+(1, 4))	1	202
(616, 156, 634, t1) -> (616, 156, 634, t2=t1+(1, 5))	1	203
(3823, 190, 3549, t1) -> (3549, 190, 3549, t2=t1+(1, 3))	1	204
(3744, 24, 4887, t1) -> (3744, 24, 4887, t2=t1+(1, 5))	1	205
(4362, 186, 1806, t1) -> (4362, 186, 4362, t2=t1+(1, 1))	1	206
(4999, 122, 892, t1) -> (4999, 122, 892, t2=t1+(1, 1))	1	207
(3586, 21, 1029, t1) -> (3586, 21, 3586, t2=t1+(1, 3))	1	208
(3112, 147, 117, t1) -> (3112, 147, 117, t2=t1+(1, 8))	1	209
(4155, 154, 4946, t1) -> (4155, 154, 4946, t2=t1+(1, 7))	1	210
(4349, 98, 1114, t1) -> (1114, 98, 4349, t2=t1+(1, 6))	1	211
(3218, 11, 2412, t1) -> (2412, 11, 2412, t2=t1+(1, 10))	1	212
(1701, 157, 1747, t1) -> (1747, 157, 1747, t2=t1+(1, 7))	1	213
(3116, 95, 2537, t1) -> (2537, 95, 3116, t2=t1+(1, 8))	1	214
(4792, 168, 4875, t1) -> (4875, 168, 4875, t2=t1+(1, 3))	1	215
(810, 27, 4272, t1) -> (810, 27, 810, t2=t1+(1, 5))	1	216
(1846, 180, 1534, t1) -> (1534, 180, 1846, t2=t1+(1, 6))	1	217
(889, 136, 2585, t1) -> (889, 136, 889, t2=t1+(1, 6))	1	218
(1265, 187, 1707, t1) -> (1265, 187, 1265, t2=t1+(1, 6))	1	219
(3744, 126, 1548, t1) -> (1548, 126, 3744, t2=t1+(1, 5))	1	220
(928, 79, 267, t1) -> (928, 79, 267, t2=t1+(1, 5))	1	221
(798, 44, 4295, t1) -> (798, 44, 4295, t2=t1+(1, 7))	1	222
(4965, 72, 1301, t1) -> (1301, 72, 1301, t2=t1+(1, 4))	1	223
(1141, 42, 4825, t1) -> (4825, 42, 1141, t2=t1+(1, 7))	1	224
(3190, 180, 2985, t1) -> (2985, 180, 3190, t2=t1+(1, 4))	1	225
(3278, 35, 520, t1) -> (3278, 35, 520, t2=t1+(1, 6))	1	226
(1081, 142, 2452, t1) -> (1081, 142, 1081, t2=t1+(1, 7))	1	227
(4858, 30, 4290, t1) -> (4290, 30, 4290, t2=t1+(1, 2))	1	228
(2787, 152, 2002, t1) -> (2787, 152, 2787, t2=t1+(1, 4))	1	229
(4820, 29, 1497, t1) -> (1497, 29, 1497, t2=t1+(1, 2))	1	230
(1136, 139, 103, t1) -> (103, 139, 1136, t2=t1+(1, 8))	1	231
(4478, 46, 330, t1) -> (330, 46, 330, t2=t1+(1, 8))	1	232
(4433, 15, 3829, t1) -> (4433, 15, 3829, t2=t1+(1, 3))	1	233
(628, 47, 4081, t1) -> (4081, 47, 628, t2=t1+(1, 6))	1	234
(2867, 48, 1217, t1) -> (2867, 48, 2867, t2=t1+(1, 5))	1	235
(1369, 193, 1531, t1) -> (1369, 193, 1531, t2=t1+(1, 4))	1	236
(3986, 155, 2518, t1) -> (3986, 155, 3986, t2=t1+(1, 4))	1	237
(3040, 161, 640, t1) -> (640, 161, 3040, t2=t1+(1, 1))	1	238
(3028, 23, 907, t1) -> (3028, 23, 3028, t2=t1+(1, 2))	1	239
(2376, 64, 1831, t1) -> (1831, 64, 1831, t2=t1+(1, 5))	1	240
(2188, 106, 2575, t1) -> (2188, 106, 2188, t2=t1+(1, 4))	1	241
(672, 54, 4059, t1) -> (4059, 54, 672, t2=t1+(1, 3))	1	242
(2506, 5, 2332, t1) -> (2332, 5, 2506, t2=t1+(1, 5))	1	243
(3234, 142, 363, t1) -> (3234, 142, 3234, t2=t1+(1, 2))	1	244
(1120, 30, 4813, t1) -> (4813, 30, 4813, t2=t1+(1, 6))	1	245
(4942, 109, 4743, t1) -> (4743, 109, 4743, t2=t1+(1, 2))	1	246
(495, 193, 3406, t1) -> (495, 193, 3406, t2=t1+(1, 5))	1	247
(2167, 175, 3589, t1) -> (2167, 175, 2167, t2=t1+(1, 4))	1	248
(710, 176, 3272, t1) -> (710, 176, 710, t2=t1+(1, 11))	1	249
(2067, 86, 2470, t1) -> (2067, 86, 2470, t2=t1+(1, 1))	1	250
(64, 104, 1701, t1) -> (1701, 104, 64, t2=t1+(1, 3))	1	251
(1215, 31, 557, t1) -> (557, 31, 557, t2=t1+(1, 5))	1	252
(1532, 88, 4964, t1) -> (1532, 88, 4964, t2=t1+(1, 4))	1	253
(284, 164, 3837, t1) -> (3837, 164, 3837, t2=t1+(1, 3))	1	254
(1393, 45, 4638, t1) -> (4638, 45, 4638, t2=t1+(1, 2))	1	255
(4601, 166, 1601, t1) -> (4601, 166, 4601, t2=t1+(1, 4))	1	256
(4046, 115, 391, t1) -> (391, 115, 4046, t2=t1+(1, 5))	1	257
(1854, 95, 4360, t1) -> (1854, 95, 1854, t2=t1+(1, 5))	1	258
(1944, 93, 632, t1) -> (1944, 93, 632, t2=t1+(1, 3))	1	259
(85, 183, 2784, t1) -> (85, 183, 2784, t2=t1+(1, 5))	1	260
(4121, 130, 600, t1) -> (600, 130, 600, t2=t1+(1, 4))	1	261
(3602, 168, 607, t1) -> (607, 168, 3602, t2=t1+(1, 3))	1	262
(4781, 107, 4240, t1) -> (4240, 107, 4781, t2=t1+(1, 3))	1	263
(542, 102, 3593, t1) -> (542, 102, 542, t2=t1+(1, 3))	1	264
(1712, 20, 4853, t1) -> (1712, 20, 1712, t2=t1+(1, 6))	1	265
(2728, 60, 3608, t1) -> (3608, 60, 2728, t2=t1+(1, 5))	1	266
(635, 72, 1618, t1) -> (1618, 72, 635, t2=t1+(1, 5))	1	267
(4209, 110, 623, t1) -> (623, 110, 4209, t2=t1+(1, 6))	1	268
(1020, 129, 1552, t1) -> (1020, 129, 1552, t2=t1+(1, 5))	1	269
(4385, 95, 2361, t1) -> (4385, 95, 2361, t2=t1+(1, 8))	1	270
(1315, 15, 1670, t1) -> (1315, 15, 1315, t2=t1+(1, 5))	1	271
(1727, 50, 3198, t1) -> (3198, 50, 3198, t2=t1+(1, 2))	1	272
(741, 70, 2913, t1) -> (2913, 70, 741, t2=t1+(1, 3))	1	273
(1258, 139, 3658, t1) -> (3658, 139, 1258, t2=t1+(1, 3))	1	274
(3725, 5, 350, t1) -> (3725, 5, 350, t2=t1+(1, 6))	1	275
(2367, 118, 607, t1) -> (607, 118, 607, t2=t1+(1, 5))	1	276
(3738, 33, 898, t1) -> (3738, 33, 898, t2=t1+(1, 3))	1	277
(1907, 182, 2304, t1) -> (2304, 182, 2304, t2=t1+(1, 4))	1	278
(1082, 128, 4684, t1) -> (1082, 128, 1082, t2=t1+(1, 1))	1	279
(3563, 71, 4241, t1) -> (4241, 71, 3563, t2=t1+(1, 7))	1	280
(3106, 109, 3811, t1) -> (3106, 109, 3811, t2=t1+(1, 4))	1	281
(3203, 125, 3228, t1) -> (3203, 125, 3203, t2=t1+(1, 5))	1	282
(1539, 170, 2504, t1) -> (2504, 170, 1539, t2=t1+(1, 3))	1	283
(3364, 59, 3557, t1) -> (3557, 59, 3557, t2=t1+(1, 6))	1	284
(4003, 115, 1421, t1) -> (4003, 115, 4003, t2=t1+(1, 5))	1	285
(4385, 181, 2858, t1) -> (2858, 181, 2858, t2=t1+(1, 7))	1	286
(4144, 3, 4595, t1) -> (4595, 3, 4144, t2=t1+(1, 8))	1	287
(1511, 47, 1507, t1) -> (1507, 47, 1511, t2=t1+(1, 7))	1	288
(1810, 150, 220, t1) -> (220, 150, 1810, t2=t1+(1, 3))	1	289
(4249, 121, 3470, t1) -> (3470, 121, 3470, t2=t1+(1, 5))	1	290
(3722, 3, 4961, t1) -> (3722, 3, 4961, t2=t1+(1, 3))	1	291
(1326, 198, 2906, t1) -> (1326, 198, 2906, t2=t1+(1, 6))	1	292
(214, 145, 2980, t1) -> (214, 145, 214, t2=t1+(1, 6))	1	293
(497, 120, 4230, t1) -> (4230, 120, 4230, t2=t1+(1, 7))	1	294
(3062, 77, 4818, t1) -> (3062, 77, 3062, t2=t1+(1, 4))	1	295
(3044, 104, 29, t1) -> (3044, 104, 3044, t2=t1+(1, 2))	1	296
(1826, 27, 3292, t1) -> (3292, 27, 1826, t2=t1+(1, 7))	1	297
(2515, 126, 2098, t1) -> (2098, 126, 2515, t2=t1+(1, 2))	1	298
(1893, 102, 4524, t1) -> (1893, 102, 4524, t2=t1+(1, 3))	1	299
