(3824, 16, 2594, t1) & (59, 120, 3935, t2=t1+(0, 6)) & (3824, 84, 3935, t3=t2+(0, 5)) -> (3824, 84, 3935, t4=t3+(1, 5))	3	0
(2845, 131, 3248, t1) & (2122, 154, 3397, t2=t1+(0, 6)) & (3397, 74, 3248, t3=t2+(0, 13)) -> (3248, 74, 3248, t4=t3+(1, 8))	3	1
(821, 3, 534, t1) & (2782, 15, 393, t2=t1+(0, 5)) & (821, 106, 2782, t3=t2+(0, 8)) -> (393, 3, 2782, t4=t3+(1, 3))	3	2
(2187, 19, 1578, t1) & (4338, 75, 528, t2=t1+(0, 5)) & (1578, 76, 528, t3=t2+(0, 4)) -> (528, 19, 528, t4=t3+(1, 9))	3	3
(3665, 183, 4665, t1) & (4152, 148, 2586, t2=t1+(0, 5)) & (4152, 87, 4665, t3=t2+(0, 6)) -> (4152, 148, 2586, t4=t3+(1, 8))	3	4
(2745, 46, 1719, t1) & (4539, 63, 4964, t2=t1+(0, 5)) & (1719, 137, 4539, t3=t2+(0, 3)) -> (4539, 63, 4964, t4=t3+(1, 4))	3	5
(4765, 152, 650, t1) & (1149, 27, 723, t2=t1+(0, 3)) & (4765, 9, 723, t3=t2+(0, 4)) -> (4765, 9, 1149, t4=t3+(1, 5))	3	6
(3228, 10, 2738, t1) & (280, 38, 540, t2=t1+(0, 7)) & (2738, 145, 540, t3=t2+(0, 3)) -> (540, 38, 3228, t4=t3+(1, 3))	3	7
(614, 174, 1957, t1) & (900, 183, 4922, t2=t1+(0, 8)) & (900, 147, 614, t3=t2+(0, 6)) -> (614, 174, 900, t4=t3+(1, 7))	3	8
(2725, 170, 639, t1) & (1835, 178, 978, t2=t1+(0, 5)) & (2725, 113, 1835, t3=t2+(0, 8)) -> (1835, 170, 978, t4=t3+(1, 4))	3	9
(1842, 148, 2780, t1) & (3669, 131, 1262, t2=t1+(0, 6)) & (3669, 197, 2780, t3=t2+(0, 7)) -> (3669, 197, 3669, t4=t3+(1, 3))	3	10
(4513, 162, 2283, t1) & (3482, 160, 3490, t2=t1+(0, 5)) & (3490, 138, 4513, t3=t2+(0, 2)) -> (4513, 138, 3482, t4=t3+(1, 4))	3	11
(3512, 128, 2160, t1) & (1967, 58, 2754, t2=t1+(0, 4)) & (1967, 129, 3512, t3=t2+(0, 5)) -> (2160, 128, 3512, t4=t3+(1, 1))	3	12
(1399, 17, 3642, t1) & (214, 27, 1001, t2=t1+(0, 7)) & (214, 145, 3642, t3=t2+(0, 1)) -> (3642, 145, 1001, t4=t3+(1, 6))	3	13
(3266, 172, 807, t1) & (415, 58, 3655, t2=t1+(0, 4)) & (415, 68, 807, t3=t2+(0, 3)) -> (807, 68, 3655, t4=t3+(1, 8))	3	14
(1844, 17, 3637, t1) & (1905, 124, 3362, t2=t1+(0, 5)) & (1905, 118, 3637, t3=t2+(0, 1)) -> (3637, 124, 3637, t4=t3+(1, 2))	3	15
(2597, 14, 1641, t1) & (4678, 157, 3725, t2=t1+(0, 3)) & (2597, 165, 4678, t3=t2+(0, 4)) -> (4678, 157, 3725, t4=t3+(1, 3))	3	16
(1613, 102, 3021, t1) & (4048, 83, 3692, t2=t1+(0, 6)) & (1613, 19, 4048, t3=t2+(0, 2)) -> (1613, 102, 3692, t4=t3+(1, 10))	3	17
(1921, 6, 366, t1) & (4792, 16, 4428, t2=t1+(0, 6)) & (4792, 183, 1921, t3=t2+(0, 6)) -> (1921, 183, 1921, t4=t3+(1, 4))	3	18
(4332, 56, 2954, t1) & (4446, 64, 1522, t2=t1+(0, 3)) & (4446, 177, 2954, t3=t2+(0, 3)) -> (4446, 177, 4332, t4=t3+(1, 5))	3	19
(4415, 25, 4208, t1) & (1950, 86, 4371, t2=t1+(0, 6)) & (4371, 70, 4208, t3=t2+(0, 6)) -> (1950, 86, 1950, t4=t3+(1, 5))	3	20
(4158, 28, 2198, t1) & (1512, 61, 2217, t2=t1+(0, 4)) & (2217, 113, 2198, t3=t2+(0, 12)) -> (1512, 61, 2198, t4=t3+(1, 8))	3	21
(4241, 42, 1036, t1) & (965, 123, 2714, t2=t1+(0, 8)) & (1036, 7, 2714, t3=t2+(0, 5)) -> (2714, 123, 2714, t4=t3+(1, 5))	3	22
(2927, 47, 2000, t1) & (1164, 194, 2189, t2=t1+(0, 5)) & (1164, 66, 2000, t3=t2+(0, 7)) -> (2000, 47, 1164, t4=t3+(1, 7))	3	23
(4511, 143, 3045, t1) & (651, 16, 151, t2=t1+(0, 4)) & (651, 83, 4511, t3=t2+(0, 7)) -> (3045, 143, 651, t4=t3+(1, 7))	3	24
(212, 106, 4495, t1) & (4412, 195, 1802, t2=t1+(0, 9)) & (4495, 129, 1802, t3=t2+(0, 3)) -> (1802, 106, 4495, t4=t3+(1, 1))	3	25
(3295, 49, 3288, t1) & (1899, 42, 4018, t2=t1+(0, 5)) & (3288, 159, 4018, t3=t2+(0, 4)) -> (3288, 159, 1899, t4=t3+(1, 5))	3	26
(1546, 111, 942, t1) & (2230, 11, 805, t2=t1+(0, 5)) & (2230, 176, 1546, t3=t2+(0, 3)) -> (1546, 11, 805, t4=t3+(1, 8))	3	27
(655, 96, 3716, t1) & (2600, 101, 543, t2=t1+(0, 4)) & (543, 0, 655, t3=t2+(0, 5)) -> (543, 96, 543, t4=t3+(1, 4))	3	28
(3944, 162, 1960, t1) & (2434, 45, 4815, t2=t1+(0, 6)) & (4815, 196, 1960, t3=t2+(0, 8)) -> (4815, 45, 1960, t4=t3+(1, 8))	3	29
(63, 68, 1633, t1) & (271, 39, 2047, t2=t1+(0, 0)) & (1633, 75, 2047, t3=t2+(0, 6)) -> (1633, 39, 1633, t4=t3+(1, 5))	3	30
(2352, 52, 3502, t1) & (3402, 19, 4265, t2=t1+(0, 4)) & (3402, 178, 2352, t3=t2+(0, 5)) -> (2352, 52, 2352, t4=t3+(1, 4))	3	31
(1076, 33, 2605, t1) & (4172, 36, 4769, t2=t1+(0, 3)) & (1076, 127, 4172, t3=t2+(0, 4)) -> (2605, 36, 1076, t4=t3+(1, 6))	3	32
(60, 72, 3133, t1) & (2944, 21, 3554, t2=t1+(0, 5)) & (3133, 54, 3554, t3=t2+(0, 4)) -> (2944, 21, 3554, t4=t3+(1, 2))	3	33
(1200, 191, 4076, t1) & (4787, 128, 4897, t2=t1+(0, 2)) & (4787, 186, 1200, t3=t2+(0, 5)) -> (4787, 191, 1200, t4=t3+(1, 5))	3	34
(948, 155, 484, t1) & (4959, 140, 4272, t2=t1+(0, 7)) & (484, 41, 4272, t3=t2+(0, 6)) -> (948, 155, 484, t4=t3+(1, 7))	3	35
(1991, 85, 3572, t1) & (2476, 32, 682, t2=t1+(0, 5)) & (682, 153, 1991, t3=t2+(0, 5)) -> (2476, 85, 2476, t4=t3+(1, 2))	3	36
(527, 113, 2177, t1) & (1940, 33, 3134, t2=t1+(0, 4)) & (1940, 182, 527, t3=t2+(0, 5)) -> (527, 113, 527, t4=t3+(1, 5))	3	37
(2667, 57, 2248, t1) & (3070, 53, 3331, t2=t1+(0, 2)) & (2248, 124, 3070, t3=t2+(0, 6)) -> (3331, 124, 3070, t4=t3+(1, 4))	3	38
(2937, 152, 1765, t1) & (4961, 16, 254, t2=t1+(0, 6)) & (1765, 143, 4961, t3=t2+(0, 1)) -> (1765, 16, 2937, t4=t3+(1, 6))	3	39
(3480, 151, 3479, t1) & (4393, 146, 4349, t2=t1+(0, 6)) & (4393, 155, 3479, t3=t2+(0, 7)) -> (3479, 146, 3479, t4=t3+(1, 1))	3	40
(4425, 139, 2495, t1) & (1466, 37, 4361, t2=t1+(0, 6)) & (4425, 28, 4361, t3=t2+(0, 6)) -> (4425, 28, 4425, t4=t3+(1, 7))	3	41
(1208, 147, 1759, t1) & (1034, 45, 411, t2=t1+(0, 7)) & (1034, 167, 1208, t3=t2+(0, 5)) -> (411, 167, 1208, t4=t3+(1, 2))	3	42
(3252, 139, 2580, t1) & (975, 36, 4566, t2=t1+(0, 7)) & (4566, 31, 2580, t3=t2+(0, 5)) -> (3252, 36, 3252, t4=t3+(1, 4))	3	43
(3827, 92, 3962, t1) & (2893, 53, 89, t2=t1+(0, 3)) & (2893, 167, 3962, t3=t2+(0, 7)) -> (3962, 92, 89, t4=t3+(1, 4))	3	44
(2793, 99, 1114, t1) & (4140, 134, 575, t2=t1+(0, 5)) & (2793, 135, 575, t3=t2+(0, 6)) -> (2793, 134, 2793, t4=t3+(1, 1))	3	45
(3496, 39, 3347, t1) & (1158, 36, 2833, t2=t1+(0, 6)) & (2833, 161, 3496, t3=t2+(0, 3)) -> (2833, 161, 3347, t4=t3+(1, 7))	3	46
(1315, 38, 4980, t1) & (2485, 168, 3249, t2=t1+(0, 7)) & (3249, 97, 4980, t3=t2+(0, 8)) -> (3249, 168, 3249, t4=t3+(1, 1))	3	47
(4933, 142, 1028, t1) & (2529, 65, 2096, t2=t1+(0, 1)) & (1028, 84, 2529, t3=t2+(0, 2)) -> (1028, 65, 2529, t4=t3+(1, 8))	3	48
(3863, 88, 1837, t1) & (2456, 68, 2011, t2=t1+(0, 5)) & (3863, 25, 2011, t3=t2+(0, 4)) -> (2011, 68, 2011, t4=t3+(1, 3))	3	49
(3233, 132, 4474, t1) & (940, 100, 2604, t2=t1+(0, 7)) & (3233, 118, 2604, t3=t2+(0, 4)) -> (3233, 100, 940, t4=t3+(1, 7))	3	50
(4295, 118, 4785, t1) & (3794, 187, 624, t2=t1+(0, 7)) & (624, 168, 4295, t3=t2+(0, 6)) -> (4295, 187, 4295, t4=t3+(1, 4))	3	51
(4168, 102, 614, t1) & (1880, 181, 2897, t2=t1+(0, 9)) & (4168, 175, 2897, t3=t2+(0, 7)) -> (1880, 102, 4168, t4=t3+(1, 6))	3	52
(158, 131, 2165, t1) & (142, 105, 1821, t2=t1+(0, 3)) & (142, 54, 2165, t3=t2+(0, 7)) -> (2165, 131, 2165, t4=t3+(1, 2))	3	53
(2667, 22, 3754, t1) & (3702, 113, 736, t2=t1+(0, 4)) & (736, 129, 3754, t3=t2+(0, 5)) -> (736, 129, 2667, t4=t3+(1, 6))	3	54
(322, 31, 1796, t1) & (4221, 95, 3913, t2=t1+(0, 4)) & (3913, 29, 1796, t3=t2+(0, 11)) -> (4221, 31, 3913, t4=t3+(1, 5))	3	55
(2549, 61, 3270, t1) & (1779, 164, 4687, t2=t1+(0, 6)) & (3270, 149, 4687, t3=t2+(0, 7)) -> (1779, 164, 3270, t4=t3+(1, 4))	3	56
(3723, 187, 4880, t1) & (3657, 51, 619, t2=t1+(0, 1)) & (3657, 10, 3723, t3=t2+(0, 9)) -> (3723, 10, 3723, t4=t3+(1, 1))	3	57
(1854, 122, 329, t1) & (3370, 85, 4322, t2=t1+(0, 7)) & (4322, 149, 1854, t3=t2+(0, 3)) -> (1854, 122, 3370, t4=t3+(1, 5))	3	58
(2193, 101, 3098, t1) & (2386, 94, 3159, t2=t1+(0, 11)) & (3098, 171, 3159, t3=t2+(0, 5)) -> (3159, 101, 2386, t4=t3+(1, 8))	3	59
(35, 33, 1104, t1) & (4260, 80, 2148, t2=t1+(0, 6)) & (4260, 85, 35, t3=t2+(0, 3)) -> (35, 33, 35, t4=t3+(1, 6))	3	60
(2388, 6, 3560, t1) & (179, 15, 2333, t2=t1+(0, 5)) & (2333, 135, 3560, t3=t2+(0, 8)) -> (179, 135, 2333, t4=t3+(1, 4))	3	61
(2158, 122, 2197, t1) & (3739, 46, 1779, t2=t1+(0, 4)) & (1779, 152, 2158, t3=t2+(0, 6)) -> (2158, 122, 2197, t4=t3+(1, 4))	3	62
(3346, 44, 2616, t1) & (1465, 176, 1160, t2=t1+(0, 7)) & (3346, 82, 1465, t3=t2+(0, 7)) -> (2616, 44, 3346, t4=t3+(1, 3))	3	63
(3882, 9, 628, t1) & (314, 194, 2437, t2=t1+(0, 5)) & (628, 168, 2437, t3=t2+(0, 7)) -> (3882, 168, 3882, t4=t3+(1, 5))	3	64
(1172, 65, 460, t1) & (747, 174, 2741, t2=t1+(0, 3)) & (2741, 20, 1172, t3=t2+(0, 8)) -> (2741, 65, 2741, t4=t3+(1, 6))	3	65
(2135, 9, 1775, t1) & (4935, 11, 3210, t2=t1+(0, 8)) & (2135, 33, 4935, t3=t2+(0, 7)) -> (2135, 11, 4935, t4=t3+(1, 4))	3	66
(2103, 105, 1961, t1) & (2969, 91, 331, t2=t1+(0, 6)) & (1961, 72, 331, t3=t2+(0, 7)) -> (1961, 105, 2969, t4=t3+(1, 3))	3	67
(153, 163, 4190, t1) & (513, 39, 3969, t2=t1+(0, 6)) & (3969, 69, 153, t3=t2+(0, 4)) -> (4190, 39, 153, t4=t3+(1, 4))	3	68
(1282, 1, 4384, t1) & (348, 67, 4568, t2=t1+(0, 7)) & (4384, 172, 4568, t3=t2+(0, 8)) -> (4384, 172, 4568, t4=t3+(1, 3))	3	69
(1662, 19, 784, t1) & (302, 46, 1023, t2=t1+(0, 5)) & (1023, 19, 1662, t3=t2+(0, 5)) -> (1023, 19, 1662, t4=t3+(1, 3))	3	70
(2661, 76, 3636, t1) & (4178, 185, 4587, t2=t1+(0, 6)) & (4587, 13, 2661, t3=t2+(0, 2)) -> (3636, 76, 2661, t4=t3+(1, 2))	3	71
(4233, 7, 1146, t1) & (3916, 84, 4119, t2=t1+(0, 4)) & (4119, 18, 1146, t3=t2+(0, 6)) -> (1146, 7, 4233, t4=t3+(1, 9))	3	72
(1734, 153, 834, t1) & (2197, 176, 1031, t2=t1+(0, 5)) & (834, 155, 1031, t3=t2+(0, 3)) -> (834, 176, 834, t4=t3+(1, 9))	3	73
(1993, 17, 1485, t1) & (4586, 158, 3893, t2=t1+(0, 5)) & (3893, 144, 1993, t3=t2+(0, 2)) -> (1485, 144, 4586, t4=t3+(1, 7))	3	74
(3558, 184, 1354, t1) & (1881, 129, 3461, t2=t1+(0, 3)) & (3461, 80, 3558, t3=t2+(0, 3)) -> (3461, 129, 1881, t4=t3+(1, 6))	3	75
(3490, 53, 3777, t1) & (3849, 179, 1807, t2=t1+(0, 8)) & (1807, 77, 3777, t3=t2+(0, 4)) -> (3777, 53, 1807, t4=t3+(1, 2))	3	76
(4082, 20, 3303, t1) & (4713, 163, 2029, t2=t1+(0, 5)) & (2029, 85, 4082, t3=t2+(0, 9)) -> (3303, 20, 2029, t4=t3+(1, 3))	3	77
(4593, 107, 2740, t1) & (1401, 194, 840, t2=t1+(0, 2)) & (4593, 141, 1401, t3=t2+(0, 5)) -> (1401, 194, 1401, t4=t3+(1, 10))	3	78
(1162, 188, 61, t1) & (3855, 19, 3352, t2=t1+(0, 5)) & (1162, 24, 3352, t3=t2+(0, 7)) -> (3352, 19, 3855, t4=t3+(1, 3))	3	79
(4199, 22, 4968, t1) & (1529, 38, 2075, t2=t1+(0, 2)) & (2075, 151, 4968, t3=t2+(0, 8)) -> (4968, 151, 2075, t4=t3+(1, 5))	3	80
(1411, 181, 118, t1) & (361, 74, 2152, t2=t1+(0, 2)) & (361, 93, 1411, t3=t2+(0, 5)) -> (118, 181, 361, t4=t3+(1, 5))	3	81
(1072, 183, 3100, t1) & (192, 177, 4195, t2=t1+(0, 3)) & (192, 83, 1072, t3=t2+(0, 6)) -> (192, 183, 1072, t4=t3+(1, 2))	3	82
(46, 20, 4662, t1) & (2230, 59, 4423, t2=t1+(0, 4)) & (4662, 49, 2230, t3=t2+(0, 3)) -> (4662, 20, 4423, t4=t3+(1, 5))	3	83
(3603, 160, 546, t1) & (3945, 38, 2, t2=t1+(0, 4)) & (2, 76, 3603, t3=t2+(0, 6)) -> (3945, 160, 546, t4=t3+(1, 5))	3	84
(4294, 4, 773, t1) & (4995, 25, 895, t2=t1+(0, 5)) & (4995, 51, 773, t3=t2+(0, 9)) -> (773, 51, 4995, t4=t3+(1, 5))	3	85
(3614, 90, 602, t1) & (221, 87, 4506, t2=t1+(0, 2)) & (602, 77, 4506, t3=t2+(0, 4)) -> (602, 77, 3614, t4=t3+(1, 1))	3	86
(3218, 80, 118, t1) & (4735, 34, 4974, t2=t1+(0, 3)) & (118, 181, 4735, t3=t2+(0, 5)) -> (118, 181, 4974, t4=t3+(1, 6))	3	87
(549, 157, 4021, t1) & (3004, 140, 638, t2=t1+(0, 7)) & (638, 162, 4021, t3=t2+(0, 4)) -> (4021, 140, 4021, t4=t3+(1, 6))	3	88
(1663, 131, 4836, t1) & (2393, 160, 1829, t2=t1+(0, 6)) & (4836, 145, 2393, t3=t2+(0, 4)) -> (4836, 160, 4836, t4=t3+(1, 6))	3	89
(3811, 169, 28, t1) & (163, 199, 1122, t2=t1+(0, 6)) & (28, 185, 1122, t3=t2+(0, 2)) -> (1122, 199, 28, t4=t3+(1, 5))	3	90
(2590, 87, 1712, t1) & (518, 89, 2885, t2=t1+(0, 5)) & (518, 183, 1712, t3=t2+(0, 2)) -> (1712, 89, 1712, t4=t3+(1, 5))	3	91
(1124, 60, 1376, t1) & (1328, 13, 2982, t2=t1+(0, 4)) & (2982, 58, 1124, t3=t2+(0, 4)) -> (1376, 13, 1328, t4=t3+(1, 3))	3	92
(347, 78, 3956, t1) & (4109, 54, 4302, t2=t1+(0, 1)) & (4109, 163, 3956, t3=t2+(0, 5)) -> (347, 78, 3956, t4=t3+(1, 8))	3	93
(4661, 198, 3266, t1) & (34, 26, 2317, t2=t1+(0, 10)) & (3266, 121, 34, t3=t2+(0, 5)) -> (3266, 26, 2317, t4=t3+(1, 6))	3	94
(764, 154, 1091, t1) & (3248, 65, 1756, t2=t1+(0, 1)) & (764, 122, 3248, t3=t2+(0, 6)) -> (764, 154, 3248, t4=t3+(1, 8))	3	95
(3926, 92, 1782, t1) & (3475, 172, 647, t2=t1+(0, 9)) & (3475, 62, 1782, t3=t2+(0, 5)) -> (3926, 92, 1782, t4=t3+(1, 5))	3	96
(4259, 5, 2806, t1) & (3825, 152, 4104, t2=t1+(0, 6)) & (4104, 24, 2806, t3=t2+(0, 0)) -> (2806, 5, 4104, t4=t3+(1, 3))	3	97
(818, 156, 4904, t1) & (1453, 91, 4945, t2=t1+(0, 4)) & (1453, 127, 4904, t3=t2+(0, 6)) -> (4945, 156, 1453, t4=t3+(1, 5))	3	98
(3249, 196, 4451, t1) & (1669, 171, 3378, t2=t1+(0, 8)) & (1669, 104, 3249, t3=t2+(0, 6)) -> (3249, 171, 3249, t4=t3+(1, 6))	3	99
(2100, 75, 2967, t1) & (3997, 184, 3447, t2=t1+(0, 6)) & (3447, 119, 2100, t3=t2+(0, 5)) -> (3997, 184, 2967, t4=t3+(1, 4))	3	100
(4734, 6, 693, t1) & (4398, 117, 4041, t2=t1+(0, 6)) & (4041, 91, 4734, t3=t2+(0, 5)) -> (4734, 91, 4041, t4=t3+(1, 6))	3	101
(4588, 64, 1790, t1) & (4354, 141, 472, t2=t1+(0, 5)) & (472, 24, 4588, t3=t2+(0, 3)) -> (472, 64, 1790, t4=t3+(1, 6))	3	102
(4834, 191, 3470, t1) & (185, 62, 3304, t2=t1+(0, 9)) & (3304, 166, 3470, t3=t2+(0, 2)) -> (3470, 62, 3304, t4=t3+(1, 5))	3	103
(3043, 183, 4604, t1) & (711, 189, 3282, t2=t1+(0, 5)) & (3043, 11, 711, t3=t2+(0, 4)) -> (3043, 11, 4604, t4=t3+(1, 5))	3	104
(420, 178, 3084, t1) & (2781, 19, 4606, t2=t1+(0, 6)) & (4606, 144, 3084, t3=t2+(0, 3)) -> (4606, 178, 420, t4=t3+(1, 7))	3	105
(4421, 188, 1557, t1) & (4936, 159, 629, t2=t1+(0, 6)) & (4936, 193, 1557, t3=t2+(0, 5)) -> (629, 159, 629, t4=t3+(1, 10))	3	106
(2461, 22, 1447, t1) & (4767, 30, 3190, t2=t1+(0, 9)) & (4767, 110, 2461, t3=t2+(0, 3)) -> (4767, 110, 4767, t4=t3+(1, 1))	3	107
(3125, 188, 104, t1) & (4621, 139, 1041, t2=t1+(0, 2)) & (1041, 179, 3125, t3=t2+(0, 6)) -> (3125, 188, 1041, t4=t3+(1, 2))	3	108
(2378, 22, 4876, t1) & (1772, 79, 3198, t2=t1+(0, 5)) & (3198, 3, 2378, t3=t2+(0, 3)) -> (2378, 3, 3198, t4=t3+(1, 3))	3	109
(2307, 150, 2909, t1) & (3289, 59, 1496, t2=t1+(0, 2)) & (1496, 127, 2909, t3=t2+(0, 5)) -> (3289, 127, 2909, t4=t3+(1, 1))	3	110
(2419, 34, 2491, t1) & (2769, 44, 2585, t2=t1+(0, 5)) & (2769, 199, 2491, t3=t2+(0, 6)) -> (2769, 34, 2491, t4=t3+(1, 7))	3	111
(4524, 98, 2814, t1) & (3790, 85, 3331, t2=t1+(0, 6)) & (2814, 129, 3331, t3=t2+(0, 1)) -> (4524, 85, 3790, t4=t3+(1, 9))	3	112
(2685, 196, 2977, t1) & (4476, 57, 1847, t2=t1+(0, 4)) & (2977, 142, 1847, t3=t2+(0, 3)) -> (1847, 196, 1847, t4=t3+(1, 10))	3	113
(935, 5, 2669, t1) & (3439, 180, 2998, t2=t1+(0, 4)) & (2669, 115, 2998, t3=t2+(0, 2)) -> (3439, 115, 2998, t4=t3+(1, 2))	3	114
(4237, 144, 3207, t1) & (2942, 102, 827, t2=t1+(0, 3)) & (827, 106, 4237, t3=t2+(0, 3)) -> (827, 144, 827, t4=t3+(1, 2))	3	115
(4099, 183, 1968, t1) & (115, 191, 1466, t2=t1+(0, 4)) & (115, 144, 1968, t3=t2+(0, 2)) -> (4099, 183, 4099, t4=t3+(1, 8))	3	116
(4423, 74, 1117, t1) & (495, 159, 4505, t2=t1+(0, 2)) & (495, 7, 1117, t3=t2+(0, 8)) -> (495, 74, 1117, t4=t3+(1, 5))	3	117
(885, 15, 3803, t1) & (2205, 96, 3438, t2=t1+(0, 4)) & (3803, 147, 3438, t3=t2+(0, 9)) -> (885, 147, 2205, t4=t3+(1, 4))	3	118
(1661, 23, 1280, t1) & (4388, 46, 698, t2=t1+(0, 4)) & (698, 104, 1661, t3=t2+(0, 3)) -> (4388, 23, 698, t4=t3+(1, 6))	3	119
(4572, 54, 3483, t1) & (660, 13, 3189, t2=t1+(0, 6)) & (4572, 178, 3189, t3=t2+(0, 3)) -> (660, 178, 4572, t4=t3+(1, 5))	3	120
(1324, 40, 1211, t1) & (2402, 165, 2900, t2=t1+(0, 10)) & (1211, 27, 2900, t3=t2+(0, 4)) -> (1211, 165, 2402, t4=t3+(1, 5))	3	121
(2730, 34, 1675, t1) & (2550, 31, 141, t2=t1+(0, 5)) & (2730, 183, 141, t3=t2+(0, 4)) -> (2550, 183, 141, t4=t3+(1, 7))	3	122
(1345, 174, 3835, t1) & (4941, 54, 1033, t2=t1+(0, 6)) & (1033, 166, 3835, t3=t2+(0, 2)) -> (1345, 174, 3835, t4=t3+(1, 4))	3	123
(138, 34, 1543, t1) & (2631, 72, 3543, t2=t1+(0, 3)) & (2631, 78, 138, t3=t2+(0, 5)) -> (1543, 72, 3543, t4=t3+(1, 4))	3	124
(3621, 0, 436, t1) & (2897, 12, 2695, t2=t1+(0, 2)) & (2897, 141, 436, t3=t2+(0, 2)) -> (3621, 141, 436, t4=t3+(1, 4))	3	125
(1183, 20, 230, t1) & (985, 73, 103, t2=t1+(0, 3)) & (1183, 89, 103, t3=t2+(0, 4)) -> (1183, 89, 1183, t4=t3+(1, 4))	3	126
(3342, 177, 930, t1) & (2709, 89, 460, t2=t1+(0, 6)) & (2709, 138, 930, t3=t2+(0, 1)) -> (2709, 177, 930, t4=t3+(1, 3))	3	127
(1377, 105, 3592, t1) & (2828, 21, 2526, t2=t1+(0, 5)) & (2828, 166, 3592, t3=t2+(0, 3)) -> (2526, 21, 3592, t4=t3+(1, 2))	3	128
(163, 113, 3441, t1) & (3167, 91, 824, t2=t1+(0, 4)) & (3441, 130, 824, t3=t2+(0, 7)) -> (163, 113, 3441, t4=t3+(1, 7))	3	129
(3726, 60, 854, t1) & (1075, 14, 807, t2=t1+(0, 3)) & (854, 123, 1075, t3=t2+(0, 12)) -> (1075, 14, 807, t4=t3+(1, 4))	3	130
(1511, 131, 2974, t1) & (879, 187, 701, t2=t1+(0, 4)) & (701, 102, 2974, t3=t2+(0, 4)) -> (879, 102, 701, t4=t3+(1, 10))	3	131
(1261, 60, 4723, t1) & (1727, 26, 4972, t2=t1+(0, 4)) & (1727, 42, 4723, t3=t2+(0, 1)) -> (4723, 26, 1727, t4=t3+(1, 9))	3	132
(3801, 114, 3886, t1) & (1635, 155, 2490, t2=t1+(0, 3)) & (2490, 43, 3801, t3=t2+(0, 8)) -> (1635, 155, 2490, t4=t3+(1, 5))	3	133
(2495, 80, 2631, t1) & (4819, 140, 4731, t2=t1+(0, 7)) & (2495, 28, 4731, t3=t2+(0, 7)) -> (4731, 28, 4819, t4=t3+(1, 5))	3	134
(3791, 78, 3266, t1) & (944, 16, 1836, t2=t1+(0, 5)) & (1836, 114, 3266, t3=t2+(0, 7)) -> (1836, 114, 1836, t4=t3+(1, 1))	3	135
(4907, 20, 3894, t1) & (3485, 46, 2602, t2=t1+(0, 7)) & (3485, 3, 4907, t3=t2+(0, 1)) -> (2602, 46, 2602, t4=t3+(1, 6))	3	136
(1799, 129, 1191, t1) & (3122, 17, 252, t2=t1+(0, 4)) & (1799, 93, 252, t3=t2+(0, 3)) -> (252, 129, 1799, t4=t3+(1, 5))	3	137
(240, 15, 2121, t1) & (1678, 18, 4261, t2=t1+(0, 3)) & (1678, 17, 240, t3=t2+(0, 9)) -> (240, 15, 240, t4=t3+(1, 6))	3	138
(4595, 185, 1151, t1) & (113, 144, 2933, t2=t1+(0, 4)) & (1151, 164, 113, t3=t2+(0, 8)) -> (4595, 144, 1151, t4=t3+(1, 3))	3	139
(3778, 166, 467, t1) & (3620, 180, 4467, t2=t1+(0, 7)) & (3620, 81, 3778, t3=t2+(0, 6)) -> (3620, 81, 467, t4=t3+(1, 4))	3	140
(3376, 155, 3817, t1) & (2163, 37, 1939, t2=t1+(0, 4)) & (3376, 9, 1939, t3=t2+(0, 3)) -> (3376, 155, 1939, t4=t3+(1, 8))	3	141
(3833, 70, 100, t1) & (2095, 56, 3582, t2=t1+(0, 3)) & (3582, 26, 3833, t3=t2+(0, 8)) -> (3582, 56, 100, t4=t3+(1, 4))	3	142
(1173, 11, 3278, t1) & (4697, 134, 373, t2=t1+(0, 9)) & (373, 148, 1173, t3=t2+(0, 2)) -> (3278, 11, 1173, t4=t3+(1, 3))	3	143
(4990, 62, 3742, t1) & (3375, 62, 2911, t2=t1+(0, 8)) & (3375, 38, 4990, t3=t2+(0, 6)) -> (3375, 62, 3375, t4=t3+(1, 8))	3	144
(4436, 125, 2914, t1) & (4894, 6, 4228, t2=t1+(0, 4)) & (4894, 166, 2914, t3=t2+(0, 5)) -> (4894, 166, 4228, t4=t3+(1, 9))	3	145
(1244, 110, 3170, t1) & (3326, 72, 3925, t2=t1+(0, 3)) & (1244, 61, 3925, t3=t2+(0, 4)) -> (3326, 61, 1244, t4=t3+(1, 3))	3	146
(1200, 92, 268, t1) & (710, 21, 4997, t2=t1+(0, 2)) & (710, 147, 1200, t3=t2+(0, 5)) -> (1200, 92, 710, t4=t3+(1, 6))	3	147
(389, 159, 1813, t1) & (2561, 147, 4937, t2=t1+(0, 3)) & (1813, 11, 2561, t3=t2+(0, 2)) -> (2561, 159, 389, t4=t3+(1, 8))	3	148
(300, 26, 2145, t1) & (559, 117, 1351, t2=t1+(0, 3)) & (2145, 43, 559, t3=t2+(0, 2)) -> (2145, 117, 2145, t4=t3+(1, 7))	3	149
(2696, 151, 3041, t1) & (155, 149, 2200, t2=t1+(0, 7)) & (3041, 198, 155, t3=t2+(0, 2)) -> (2696, 149, 2200, t4=t3+(1, 3))	3	150
(3384, 92, 3168, t1) & (1055, 124, 1788, t2=t1+(0, 12)) & (1055, 5, 3384, t3=t2+(0, 8)) -> (1788, 5, 1055, t4=t3+(1, 8))	3	151
(3557, 123, 1257, t1) & (1432, 29, 512, t2=t1+(0, 3)) & (3557, 44, 512, t3=t2+(0, 3)) -> (512, 44, 1432, t4=t3+(1, 3))	3	152
(557, 26, 1641, t1) & (3818, 99, 4432, t2=t1+(0, 4)) & (3818, 20, 557, t3=t2+(0, 7)) -> (3818, 99, 4432, t4=t3+(1, 5))	3	153
(3517, 14, 3619, t1) & (3901, 3, 3393, t2=t1+(0, 4)) & (3517, 68, 3393, t3=t2+(0, 6)) -> (3393, 3, 3393, t4=t3+(1, 4))	3	154
(3493, 131, 2694, t1) & (2146, 129, 2287, t2=t1+(0, 4)) & (2287, 87, 3493, t3=t2+(0, 4)) -> (2694, 131, 3493, t4=t3+(1, 6))	3	155
(503, 158, 4462, t1) & (2590, 93, 1570, t2=t1+(0, 2)) & (1570, 63, 4462, t3=t2+(0, 7)) -> (503, 158, 4462, t4=t3+(1, 8))	3	156
(4170, 74, 3310, t1) & (2856, 32, 919, t2=t1+(0, 4)) & (3310, 9, 2856, t3=t2+(0, 3)) -> (3310, 9, 919, t4=t3+(1, 4))	3	157
(1003, 130, 4985, t1) & (281, 33, 1530, t2=t1+(0, 8)) & (1530, 102, 1003, t3=t2+(0, 1)) -> (4985, 102, 1530, t4=t3+(1, 2))	3	158
(3536, 118, 3146, t1) & (1878, 196, 3873, t2=t1+(0, 3)) & (3873, 170, 3146, t3=t2+(0, 5)) -> (3146, 196, 3146, t4=t3+(1, 5))	3	159
(4241, 186, 1370, t1) & (2045, 28, 1928, t2=t1+(0, 5)) & (4241, 158, 2045, t3=t2+(0, 3)) -> (2045, 186, 1928, t4=t3+(1, 3))	3	160
(2516, 4, 815, t1) & (2791, 103, 2549, t2=t1+(0, 9)) & (2791, 13, 815, t3=t2+(0, 8)) -> (815, 4, 2549, t4=t3+(1, 5))	3	161
(2360, 109, 3607, t1) & (4773, 67, 2601, t2=t1+(0, 7)) & (2601, 176, 3607, t3=t2+(0, 5)) -> (3607, 67, 2601, t4=t3+(1, 4))	3	162
(456, 84, 705, t1) & (4902, 76, 810, t2=t1+(0, 2)) & (705, 64, 810, t3=t2+(0, 8)) -> (705, 64, 810, t4=t3+(1, 4))	3	163
(4210, 136, 954, t1) & (1502, 193, 95, t2=t1+(0, 5)) & (95, 42, 4210, t3=t2+(0, 3)) -> (1502, 42, 95, t4=t3+(1, 5))	3	164
(114, 88, 4422, t1) & (1606, 130, 3186, t2=t1+(0, 0)) & (3186, 164, 4422, t3=t2+(0, 3)) -> (4422, 164, 3186, t4=t3+(1, 6))	3	165
(2056, 190, 518, t1) & (3585, 165, 4300, t2=t1+(0, 8)) & (4300, 69, 2056, t3=t2+(0, 4)) -> (3585, 69, 4300, t4=t3+(1, 4))	3	166
(1824, 132, 2604, t1) & (1971, 26, 789, t2=t1+(0, 4)) & (2604, 57, 789, t3=t2+(0, 6)) -> (2604, 132, 2604, t4=t3+(1, 4))	3	167
(4147, 119, 800, t1) & (4292, 186, 346, t2=t1+(0, 5)) & (4147, 164, 346, t3=t2+(0, 6)) -> (4147, 119, 4292, t4=t3+(1, 4))	3	168
(1, 88, 1249, t1) & (2340, 60, 1696, t2=t1+(0, 5)) & (1, 165, 1696, t3=t2+(0, 8)) -> (1696, 88, 1, t4=t3+(1, 4))	3	169
(3864, 121, 590, t1) & (3248, 90, 3580, t2=t1+(0, 7)) & (3864, 54, 3248, t3=t2+(0, 6)) -> (3864, 90, 3580, t4=t3+(1, 2))	3	170
(960, 192, 1479, t1) & (379, 22, 1658, t2=t1+(0, 7)) & (1479, 50, 379, t3=t2+(0, 5)) -> (1479, 22, 1479, t4=t3+(1, 7))	3	171
(4084, 13, 1366, t1) & (322, 108, 747, t2=t1+(0, 2)) & (322, 59, 1366, t3=t2+(0, 5)) -> (747, 13, 1366, t4=t3+(1, 5))	3	172
(3227, 103, 3052, t1) & (229, 130, 481, t2=t1+(0, 8)) & (3052, 95, 229, t3=t2+(0, 2)) -> (229, 103, 3052, t4=t3+(1, 3))	3	173
(2475, 166, 3908, t1) & (764, 84, 2371, t2=t1+(0, 10)) & (3908, 168, 764, t3=t2+(0, 11)) -> (2371, 84, 3908, t4=t3+(1, 9))	3	174
(4186, 184, 234, t1) & (3709, 76, 885, t2=t1+(0, 3)) & (885, 160, 234, t3=t2+(0, 1)) -> (885, 184, 4186, t4=t3+(1, 7))	3	175
(2670, 37, 4295, t1) & (1373, 40, 2358, t2=t1+(0, 6)) & (2358, 169, 4295, t3=t2+(0, 5)) -> (4295, 40, 2358, t4=t3+(1, 9))	3	176
(3712, 108, 3965, t1) & (2312, 143, 1013, t2=t1+(0, 4)) & (1013, 111, 3712, t3=t2+(0, 7)) -> (1013, 108, 3965, t4=t3+(1, 6))	3	177
(432, 101, 4875, t1) & (2221, 124, 3714, t2=t1+(0, 2)) & (432, 66, 2221, t3=t2+(0, 7)) -> (3714, 66, 4875, t4=t3+(1, 5))	3	178
(4690, 60, 4899, t1) & (2588, 47, 3120, t2=t1+(0, 8)) & (3120, 178, 4899, t3=t2+(0, 6)) -> (4899, 60, 3120, t4=t3+(1, 6))	3	179
(1123, 119, 1820, t1) & (3638, 45, 2848, t2=t1+(0, 5)) & (2848, 89, 1820, t3=t2+(0, 4)) -> (2848, 119, 3638, t4=t3+(1, 4))	3	180
(931, 13, 4772, t1) & (3994, 189, 1890, t2=t1+(0, 5)) & (3994, 51, 931, t3=t2+(0, 8)) -> (4772, 189, 931, t4=t3+(1, 3))	3	181
(979, 188, 2505, t1) & (2079, 73, 4960, t2=t1+(0, 3)) & (2079, 144, 2505, t3=t2+(0, 4)) -> (2505, 188, 2505, t4=t3+(1, 4))	3	182
(2157, 156, 2199, t1) & (3784, 190, 1397, t2=t1+(0, 8)) & (3784, 107, 2157, t3=t2+(0, 5)) -> (2157, 156, 2157, t4=t3+(1, 8))	3	183
(3334, 84, 2421, t1) & (4469, 54, 1590, t2=t1+(0, 1)) & (1590, 109, 3334, t3=t2+(0, 4)) -> (3334, 54, 3334, t4=t3+(1, 8))	3	184
(1468, 98, 4203, t1) & (1878, 28, 2364, t2=t1+(0, 6)) & (1468, 183, 1878, t3=t2+(0, 3)) -> (1878, 98, 1878, t4=t3+(1, 4))	3	185
(4443, 67, 4654, t1) & (13, 78, 4980, t2=t1+(0, 7)) & (13, 196, 4443, t3=t2+(0, 8)) -> (4980, 67, 4443, t4=t3+(1, 4))	3	186
(3492, 175, 3383, t1) & (1440, 8, 760, t2=t1+(0, 3)) & (3383, 150, 1440, t3=t2+(0, 7)) -> (760, 150, 1440, t4=t3+(1, 6))	3	187
(2393, 14, 783, t1) & (898, 95, 3430, t2=t1+(0, 6)) & (783, 5, 898, t3=t2+(0, 8)) -> (2393, 5, 2393, t4=t3+(1, 7))	3	188
(2870, 134, 3673, t1) & (3110, 156, 1215, t2=t1+(0, 10)) & (3673, 24, 1215, t3=t2+(0, 6)) -> (3110, 156, 3673, t4=t3+(1, 11))	3	189
(1273, 84, 4263, t1) & (3813, 91, 2692, t2=t1+(0, 8)) & (1273, 39, 3813, t3=t2+(0, 4)) -> (3813, 39, 2692, t4=t3+(1, 6))	3	190
(2889, 167, 3675, t1) & (4197, 145, 3666, t2=t1+(0, 3)) & (4197, 37, 2889, t3=t2+(0, 8)) -> (3675, 145, 3666, t4=t3+(1, 9))	3	191
(267, 162, 2620, t1) & (4200, 59, 1934, t2=t1+(0, 6)) & (2620, 183, 4200, t3=t2+(0, 5)) -> (2620, 59, 4200, t4=t3+(1, 6))	3	192
(3530, 199, 2516, t1) & (3064, 51, 3956, t2=t1+(0, 4)) & (3530, 4, 3956, t3=t2+(0, 4)) -> (3956, 51, 3956, t4=t3+(1, 8))	3	193
(3983, 171, 753, t1) & (4739, 100, 4243, t2=t1+(0, 6)) & (4243, 108, 753, t3=t2+(0, 2)) -> (753, 171, 753, t4=t3+(1, 6))	3	194
(4878, 164, 3622, t1) & (152, 188, 485, t2=t1+(0, 5)) & (3622, 178, 485, t3=t2+(0, 2)) -> (485, 164, 485, t4=t3+(1, 6))	3	195
(1038, 81, 988, t1) & (1020, 131, 4378, t2=t1+(0, 3)) & (1020, 123, 988, t3=t2+(0, 6)) -> (988, 131, 988, t4=t3+(1, 3))	3	196
(2266, 36, 3824, t1) & (3981, 105, 2107, t2=t1+(0, 7)) & (3824, 36, 3981, t3=t2+(0, 7)) -> (3981, 36, 3981, t4=t3+(1, 4))	3	197
(4529, 33, 1592, t1) & (1830, 146, 4288, t2=t1+(0, 6)) & (1830, 155, 4529, t3=t2+(0, 5)) -> (1830, 33, 1830, t4=t3+(1, 1))	3	198
(1294, 181, 4382, t1) & (1867, 147, 4402, t2=t1+(0, 3)) & (1294, 12, 4402, t3=t2+(0, 3)) -> (1294, 12, 4402, t4=t3+(1, 4))	3	199
(1710, 187, 1050, t1) & (821, 30, 3113, t2=t1+(0, 6)) & (821, 144, 1710, t3=t2+(0, 6)) -> (3113, 187, 1710, t4=t3+(1, 5))	3	200
(3349, 190, 307, t1) & (914, 136, 3662, t2=t1+(0, 4)) & (914, 181, 307, t3=t2+(0, 5)) -> (914, 136, 307, t4=t3+(1, 7))	3	201
(4985, 37, 1797, t1) & (2705, 190, 3978, t2=t1+(0, 5)) & (2705, 0, 4985, t3=t2+(0, 2)) -> (1797, 37, 4985, t4=t3+(1, 5))	3	202
(2453, 114, 263, t1) & (2768, 32, 4599, t2=t1+(0, 4)) & (4599, 119, 2453, t3=t2+(0, 7)) -> (4599, 114, 2768, t4=t3+(1, 6))	3	203
(4556, 47, 2180, t1) & (1280, 139, 3790, t2=t1+(0, 4)) & (4556, 116, 1280, t3=t2+(0, 5)) -> (2180, 139, 4556, t4=t3+(1, 2))	3	204
(1800, 109, 4109, t1) & (1417, 128, 3645, t2=t1+(0, 6)) & (3645, 137, 1800, t3=t2+(0, 3)) -> (1800, 109, 1417, t4=t3+(1, 6))	3	205
(654, 45, 94, t1) & (933, 85, 936, t2=t1+(0, 6)) & (654, 128, 933, t3=t2+(0, 10)) -> (936, 45, 94, t4=t3+(1, 4))	3	206
(3469, 121, 660, t1) & (1572, 145, 1909, t2=t1+(0, 6)) & (1572, 7, 3469, t3=t2+(0, 1)) -> (1572, 7, 1572, t4=t3+(1, 3))	3	207
(419, 168, 1250, t1) & (4647, 52, 2397, t2=t1+(0, 2)) & (1250, 129, 2397, t3=t2+(0, 4)) -> (1250, 52, 419, t4=t3+(1, 3))	3	208
(3788, 122, 2728, t1) & (4720, 17, 148, t2=t1+(0, 5)) & (3788, 156, 4720, t3=t2+(0, 3)) -> (4720, 156, 4720, t4=t3+(1, 3))	3	209
(3779, 67, 1767, t1) & (2032, 22, 4775, t2=t1+(0, 3)) & (3779, 106, 2032, t3=t2+(0, 6)) -> (2032, 67, 2032, t4=t3+(1, 6))	3	210
(2959, 28, 4338, t1) & (4966, 116, 2251, t2=t1+(0, 6)) & (2959, 33, 4966, t3=t2+(0, 5)) -> (2251, 28, 2251, t4=t3+(1, 4))	3	211
(3401, 96, 4639, t1) & (35, 161, 3668, t2=t1+(0, 6)) & (35, 86, 3401, t3=t2+(0, 7)) -> (4639, 86, 3668, t4=t3+(1, 4))	3	212
(1278, 181, 2343, t1) & (4956, 88, 3884, t2=t1+(0, 5)) & (3884, 87, 1278, t3=t2+(0, 3)) -> (4956, 181, 4956, t4=t3+(1, 8))	3	213
(1525, 91, 4783, t1) & (12, 192, 2934, t2=t1+(0, 5)) & (4783, 79, 12, t3=t2+(0, 3)) -> (12, 91, 12, t4=t3+(1, 9))	3	214
(2191, 109, 2312, t1) & (317, 176, 4731, t2=t1+(0, 2)) & (2312, 136, 317, t3=t2+(0, 7)) -> (2312, 136, 317, t4=t3+(1, 5))	3	215
(4989, 66, 494, t1) & (468, 61, 4621, t2=t1+(0, 6)) & (468, 46, 494, t3=t2+(0, 5)) -> (4621, 66, 468, t4=t3+(1, 4))	3	216
(1118, 103, 4246, t1) & (905, 134, 753, t2=t1+(0, 6)) & (1118, 34, 753, t3=t2+(0, 3)) -> (1118, 134, 753, t4=t3+(1, 6))	3	217
(3491, 188, 4038, t1) & (3651, 165, 644, t2=t1+(0, 3)) & (3491, 62, 644, t3=t2+(0, 4)) -> (4038, 188, 644, t4=t3+(1, 7))	3	218
(2488, 150, 1824, t1) & (2980, 91, 253, t2=t1+(0, 5)) & (2980, 128, 1824, t3=t2+(0, 4)) -> (253, 128, 1824, t4=t3+(1, 1))	3	219
(1433, 108, 4569, t1) & (679, 48, 1887, t2=t1+(0, 4)) & (1887, 198, 4569, t3=t2+(0, 5)) -> (4569, 48, 1887, t4=t3+(1, 10))	3	220
(4117, 9, 3591, t1) & (3282, 84, 2773, t2=t1+(0, 2)) & (2773, 123, 4117, t3=t2+(0, 5)) -> (2773, 9, 4117, t4=t3+(1, 5))	3	221
(2017, 108, 2490, t1) & (202, 162, 1362, t2=t1+(0, 4)) & (202, 88, 2490, t3=t2+(0, 5)) -> (2490, 162, 2490, t4=t3+(1, 11))	3	222
(720, 72, 288, t1) & (3992, 58, 1832, t2=t1+(0, 4)) & (720, 75, 1832, t3=t2+(0, 4)) -> (720, 58, 1832, t4=t3+(1, 4))	3	223
(2245, 28, 559, t1) & (1842, 76, 191, t2=t1+(0, 9)) & (1842, 113, 559, t3=t2+(0, 5)) -> (559, 113, 1842, t4=t3+(1, 3))	3	224
(2348, 153, 3130, t1) & (3853, 54, 3775, t2=t1+(0, 5)) & (3130, 72, 3775, t3=t2+(0, 5)) -> (3130, 54, 3130, t4=t3+(1, 3))	3	225
(4899, 154, 4702, t1) & (1974, 120, 4234, t2=t1+(0, 3)) & (4234, 100, 4899, t3=t2+(0, 7)) -> (1974, 154, 4899, t4=t3+(1, 7))	3	226
(2124, 11, 3358, t1) & (4438, 152, 2423, t2=t1+(0, 4)) & (4438, 197, 2124, t3=t2+(0, 2)) -> (3358, 152, 4438, t4=t3+(1, 1))	3	227
(4084, 21, 2737, t1) & (4034, 128, 3763, t2=t1+(0, 3)) & (2737, 118, 3763, t3=t2+(0, 6)) -> (2737, 128, 3763, t4=t3+(1, 3))	3	228
(2434, 100, 4678, t1) & (1094, 28, 2015, t2=t1+(0, 6)) & (2015, 117, 2434, t3=t2+(0, 5)) -> (2015, 100, 2434, t4=t3+(1, 5))	3	229
(4723, 169, 4861, t1) & (2829, 189, 754, t2=t1+(0, 5)) & (4723, 5, 2829, t3=t2+(0, 8)) -> (2829, 5, 2829, t4=t3+(1, 4))	3	230
(76, 137, 1714, t1) & (2052, 43, 2692, t2=t1+(0, 6)) & (1714, 60, 2692, t3=t2+(0, 6)) -> (2692, 43, 76, t4=t3+(1, 5))	3	231
(1472, 188, 642, t1) & (2092, 18, 24, t2=t1+(0, 5)) & (24, 55, 642, t3=t2+(0, 8)) -> (2092, 18, 642, t4=t3+(1, 3))	3	232
(2548, 196, 4580, t1) & (1803, 13, 792, t2=t1+(0, 8)) & (792, 62, 2548, t3=t2+(0, 11)) -> (4580, 196, 1803, t4=t3+(1, 3))	3	233
(4157, 70, 3556, t1) & (2064, 8, 4168, t2=t1+(0, 6)) & (2064, 2, 3556, t3=t2+(0, 5)) -> (4157, 8, 2064, t4=t3+(1, 2))	3	234
(443, 133, 3019, t1) & (4154, 2, 1058, t2=t1+(0, 6)) & (4154, 46, 3019, t3=t2+(0, 7)) -> (4154, 46, 3019, t4=t3+(1, 4))	3	235
(1972, 140, 3666, t1) & (3808, 39, 1060, t2=t1+(0, 7)) & (1972, 71, 3808, t3=t2+(0, 8)) -> (1060, 71, 1972, t4=t3+(1, 4))	3	236
(875, 111, 1181, t1) & (1376, 80, 2764, t2=t1+(0, 6)) & (1376, 156, 1181, t3=t2+(0, 8)) -> (1181, 80, 1181, t4=t3+(1, 5))	3	237
(4050, 86, 2813, t1) & (3645, 109, 307, t2=t1+(0, 6)) & (3645, 59, 4050, t3=t2+(0, 3)) -> (3645, 109, 3645, t4=t3+(1, 4))	3	238
(2826, 24, 4280, t1) & (4603, 178, 154, t2=t1+(0, 3)) & (4603, 121, 2826, t3=t2+(0, 4)) -> (154, 121, 154, t4=t3+(1, 2))	3	239
(2701, 99, 3032, t1) & (3505, 44, 1673, t2=t1+(0, 3)) & (2701, 198, 1673, t3=t2+(0, 5)) -> (1673, 44, 1673, t4=t3+(1, 4))	3	240
(3872, 47, 3779, t1) & (3134, 178, 1635, t2=t1+(0, 6)) & (3779, 69, 3134, t3=t2+(0, 4)) -> (3779, 69, 1635, t4=t3+(1, 10))	3	241
(4796, 146, 3729, t1) & (1119, 176, 2228, t2=t1+(0, 5)) & (2228, 51, 4796, t3=t2+(0, 5)) -> (4796, 146, 4796, t4=t3+(1, 3))	3	242
(3023, 199, 194, t1) & (1360, 120, 3104, t2=t1+(0, 3)) & (3023, 3, 1360, t3=t2+(0, 1)) -> (194, 120, 3023, t4=t3+(1, 7))	3	243
(2228, 34, 4754, t1) & (2064, 160, 1537, t2=t1+(0, 6)) & (4754, 123, 1537, t3=t2+(0, 2)) -> (2064, 34, 2228, t4=t3+(1, 4))	3	244
(3631, 16, 3058, t1) & (1710, 7, 338, t2=t1+(0, 3)) & (338, 193, 3058, t3=t2+(0, 7)) -> (3058, 16, 1710, t4=t3+(1, 4))	3	245
(1656, 180, 3397, t1) & (3096, 67, 460, t2=t1+(0, 4)) & (460, 172, 3397, t3=t2+(0, 7)) -> (460, 180, 3397, t4=t3+(1, 6))	3	246
(1113, 26, 154, t1) & (1297, 112, 1552, t2=t1+(0, 2)) & (1552, 4, 154, t3=t2+(0, 4)) -> (1113, 112, 1552, t4=t3+(1, 2))	3	247
(2710, 142, 2307, t1) & (220, 28, 3285, t2=t1+(0, 10)) & (2307, 53, 3285, t3=t2+(0, 8)) -> (2710, 142, 3285, t4=t3+(1, 4))	3	248
(647, 154, 591, t1) & (2801, 179, 2353, t2=t1+(0, 4)) & (647, 26, 2353, t3=t2+(0, 4)) -> (647, 179, 2801, t4=t3+(1, 1))	3	249
(2338, 117, 3099, t1) & (828, 2, 3593, t2=t1+(0, 6)) & (3593, 4, 2338, t3=t2+(0, 2)) -> (2338, 2, 3099, t4=t3+(1, 3))	3	250
(2229, 160, 1818, t1) & (2252, 195, 4497, t2=t1+(0, 4)) & (1818, 191, 2252, t3=t2+(0, 4)) -> (2252, 195, 2229, t4=t3+(1, 9))	3	251
(974, 30, 3292, t1) & (893, 141, 1626, t2=t1+(0, 4)) & (3292, 155, 893, t3=t2+(0, 4)) -> (893, 155, 1626, t4=t3+(1, 3))	3	252
(389, 112, 2334, t1) & (4326, 40, 2486, t2=t1+(0, 6)) & (389, 30, 2486, t3=t2+(0, 3)) -> (389, 112, 2334, t4=t3+(1, 7))	3	253
(4820, 80, 1088, t1) & (2852, 174, 1140, t2=t1+(0, 1)) & (1140, 186, 4820, t3=t2+(0, 6)) -> (1140, 186, 2852, t4=t3+(1, 6))	3	254
(3065, 176, 286, t1) & (3674, 19, 397, t2=t1+(0, 8)) & (3065, 63, 3674, t3=t2+(0, 1)) -> (3674, 19, 397, t4=t3+(1, 2))	3	255
(3040, 29, 73, t1) & (4921, 193, 2395, t2=t1+(0, 7)) & (4921, 120, 73, t3=t2+(0, 2)) -> (4921, 193, 3040, t4=t3+(1, 4))	3	256
(4617, 162, 1771, t1) & (256, 50, 343, t2=t1+(0, 8)) & (4617, 22, 256, t3=t2+(0, 4)) -> (4617, 162, 4617, t4=t3+(1, 4))	3	257
(3495, 150, 575, t1) & (2090, 75, 2788, t2=t1+(0, 4)) & (2090, 103, 3495, t3=t2+(0, 2)) -> (3495, 150, 3495, t4=t3+(1, 3))	3	258
(663, 141, 2131, t1) & (1481, 196, 3129, t2=t1+(0, 4)) & (2131, 44, 3129, t3=t2+(0, 5)) -> (663, 196, 2131, t4=t3+(1, 3))	3	259
(2149, 139, 1656, t1) & (3230, 198, 21, t2=t1+(0, 7)) & (3230, 149, 2149, t3=t2+(0, 6)) -> (2149, 139, 2149, t4=t3+(1, 3))	3	260
(1891, 69, 4925, t1) & (2524, 53, 1107, t2=t1+(0, 3)) & (1107, 72, 1891, t3=t2+(0, 2)) -> (1107, 69, 1891, t4=t3+(1, 4))	3	261
(2840, 52, 1443, t1) & (2430, 0, 311, t2=t1+(0, 5)) & (2840, 73, 2430, t3=t2+(0, 6)) -> (311, 0, 1443, t4=t3+(1, 6))	3	262
(2091, 21, 2599, t1) & (4261, 70, 3986, t2=t1+(0, 1)) & (3986, 195, 2091, t3=t2+(0, 7)) -> (3986, 21, 2091, t4=t3+(1, 6))	3	263
(2120, 82, 3934, t1) & (1480, 140, 1195, t2=t1+(0, 4)) & (1480, 172, 2120, t3=t2+(0, 6)) -> (1480, 140, 1480, t4=t3+(1, 8))	3	264
(4374, 44, 3194, t1) & (2778, 121, 4273, t2=t1+(0, 8)) & (2778, 154, 4374, t3=t2+(0, 3)) -> (2778, 154, 4374, t4=t3+(1, 4))	3	265
(2074, 91, 4841, t1) & (1591, 93, 3857, t2=t1+(0, 7)) & (2074, 45, 1591, t3=t2+(0, 5)) -> (2074, 45, 1591, t4=t3+(1, 8))	3	266
(4064, 28, 2929, t1) & (4892, 155, 43, t2=t1+(0, 7)) & (2929, 46, 4892, t3=t2+(0, 9)) -> (43, 28, 2929, t4=t3+(1, 3))	3	267
(1666, 118, 3450, t1) & (4239, 117, 484, t2=t1+(0, 6)) & (3450, 24, 4239, t3=t2+(0, 4)) -> (4239, 24, 484, t4=t3+(1, 4))	3	268
(4071, 90, 3266, t1) & (3089, 90, 3874, t2=t1+(0, 7)) & (3266, 69, 3874, t3=t2+(0, 2)) -> (3089, 90, 3874, t4=t3+(1, 7))	3	269
(824, 125, 3655, t1) & (2544, 106, 3271, t2=t1+(0, 5)) & (3271, 151, 3655, t3=t2+(0, 5)) -> (3655, 106, 3655, t4=t3+(1, 5))	3	270
(3465, 125, 3061, t1) & (3501, 50, 954, t2=t1+(0, 3)) & (954, 150, 3465, t3=t2+(0, 5)) -> (3465, 125, 3465, t4=t3+(1, 6))	3	271
(1298, 84, 2612, t1) & (3783, 49, 559, t2=t1+(0, 5)) & (3783, 126, 1298, t3=t2+(0, 5)) -> (2612, 84, 3783, t4=t3+(1, 6))	3	272
(958, 183, 1583, t1) & (2148, 82, 4349, t2=t1+(0, 5)) & (2148, 110, 1583, t3=t2+(0, 6)) -> (1583, 82, 1583, t4=t3+(1, 6))	3	273
(1355, 86, 4675, t1) & (400, 106, 3667, t2=t1+(0, 5)) & (400, 73, 1355, t3=t2+(0, 2)) -> (400, 86, 400, t4=t3+(1, 5))	3	274
(588, 155, 4422, t1) & (3823, 49, 3747, t2=t1+(0, 1)) & (3823, 106, 588, t3=t2+(0, 6)) -> (588, 49, 4422, t4=t3+(1, 6))	3	275
(4305, 19, 2064, t1) & (4563, 144, 3695, t2=t1+(0, 4)) & (3695, 75, 2064, t3=t2+(0, 5)) -> (3695, 19, 2064, t4=t3+(1, 3))	3	276
(967, 102, 1124, t1) & (4897, 74, 2290, t2=t1+(0, 5)) & (4897, 157, 967, t3=t2+(0, 6)) -> (967, 74, 4897, t4=t3+(1, 3))	3	277
(3901, 188, 317, t1) & (4012, 129, 1419, t2=t1+(0, 5)) & (3901, 157, 1419, t3=t2+(0, 4)) -> (3901, 188, 3901, t4=t3+(1, 3))	3	278
(3239, 174, 2189, t1) & (2891, 95, 3639, t2=t1+(0, 5)) & (3639, 19, 2189, t3=t2+(0, 5)) -> (3639, 174, 3639, t4=t3+(1, 2))	3	279
(658, 145, 2035, t1) & (332, 167, 2896, t2=t1+(0, 5)) & (658, 18, 2896, t3=t2+(0, 4)) -> (2896, 167, 658, t4=t3+(1, 4))	3	280
(3384, 80, 1391, t1) & (464, 156, 196, t2=t1+(0, 5)) & (196, 136, 3384, t3=t2+(0, 6)) -> (464, 156, 464, t4=t3+(1, 8))	3	281
(1393, 47, 1659, t1) & (3635, 177, 532, t2=t1+(0, 5)) & (532, 151, 1659, t3=t2+(0, 2)) -> (1659, 151, 3635, t4=t3+(1, 4))	3	282
(3493, 137, 4591, t1) & (4946, 175, 4770, t2=t1+(0, 7)) & (4946, 81, 4591, t3=t2+(0, 4)) -> (4946, 81, 4946, t4=t3+(1, 4))	3	283
(3803, 89, 3291, t1) & (3958, 137, 3, t2=t1+(0, 4)) & (3, 36, 3803, t3=t2+(0, 2)) -> (3, 137, 3291, t4=t3+(1, 5))	3	284
(4411, 92, 4154, t1) & (4986, 5, 1803, t2=t1+(0, 10)) & (4986, 0, 4411, t3=t2+(0, 4)) -> (1803, 92, 4986, t4=t3+(1, 10))	3	285
(4771, 161, 46, t1) & (4995, 25, 3107, t2=t1+(0, 6)) & (3107, 62, 46, t3=t2+(0, 9)) -> (3107, 62, 3107, t4=t3+(1, 3))	3	286
(2967, 85, 3925, t1) & (3679, 80, 3776, t2=t1+(0, 8)) & (3925, 188, 3776, t3=t2+(0, 1)) -> (3679, 188, 3679, t4=t3+(1, 5))	3	287
(1348, 100, 3041, t1) & (2462, 124, 3265, t2=t1+(0, 4)) & (2462, 64, 1348, t3=t2+(0, 3)) -> (3041, 124, 2462, t4=t3+(1, 2))	3	288
(3577, 25, 3276, t1) & (2397, 173, 3153, t2=t1+(0, 3)) & (3577, 31, 2397, t3=t2+(0, 4)) -> (3577, 31, 2397, t4=t3+(1, 4))	3	289
(3250, 50, 369, t1) & (557, 189, 4888, t2=t1+(0, 4)) & (4888, 178, 369, t3=t2+(0, 6)) -> (4888, 189, 4888, t4=t3+(1, 9))	3	290
(1815, 178, 989, t1) & (1505, 80, 3173, t2=t1+(0, 4)) & (1505, 150, 989, t3=t2+(0, 4)) -> (989, 150, 989, t4=t3+(1, 10))	3	291
(422, 0, 4154, t1) & (1324, 130, 3779, t2=t1+(0, 8)) & (4154, 113, 3779, t3=t2+(0, 5)) -> (3779, 113, 3779, t4=t3+(1, 6))	3	292
(4651, 154, 1092, t1) & (730, 75, 4893, t2=t1+(0, 5)) & (4651, 49, 4893, t3=t2+(0, 2)) -> (4893, 75, 4893, t4=t3+(1, 3))	3	293
(4973, 28, 1573, t1) & (3040, 53, 746, t2=t1+(0, 4)) & (3040, 78, 4973, t3=t2+(0, 2)) -> (3040, 78, 4973, t4=t3+(1, 4))	3	294
(4211, 88, 40, t1) & (2701, 107, 4762, t2=t1+(0, 6)) & (2701, 88, 40, t3=t2+(0, 9)) -> (40, 88, 2701, t4=t3+(1, 2))	3	295
(4727, 57, 1039, t1) & (457, 70, 1380, t2=t1+(0, 3)) & (1380, 175, 4727, t3=t2+(0, 4)) -> (457, 70, 4727, t4=t3+(1, 9))	3	296
(4004, 35, 3358, t1) & (3061, 188, 1689, t2=t1+(0, 4)) & (4004, 101, 3061, t3=t2+(0, 6)) -> (3358, 101, 1689, t4=t3+(1, 8))	3	297
(3925, 175, 625, t1) & (1299, 49, 2462, t2=t1+(0, 5)) & (2462, 154, 625, t3=t2+(0, 3)) -> (2462, 154, 3925, t4=t3+(1, 7))	3	298
(1544, 83, 4283, t1) & (3503, 135, 1019, t2=t1+(0, 4)) & (1544, 161, 1019, t3=t2+(0, 5)) -> (1019, 161, 4283, t4=t3+(1, 11))	3	299
(2269, 13, 583, t1) & (516, 133, 4401, t2=t1+(0, 8)) & (4401, 166, 2269, t3=t2+(0, 4)) -> (4401, 133, 2269, t4=t3+(1, 4))	3	300
(2172, 18, 4072, t1) & (3170, 23, 4976, t2=t1+(0, 6)) & (4976, 186, 2172, t3=t2+(0, 6)) -> (4072, 23, 4072, t4=t3+(1, 9))	3	301
(4680, 139, 517, t1) & (3808, 130, 3948, t2=t1+(0, 7)) & (3948, 60, 517, t3=t2+(0, 5)) -> (4680, 139, 3948, t4=t3+(1, 1))	3	302
(1040, 40, 3911, t1) & (1988, 140, 4397, t2=t1+(0, 6)) & (1988, 124, 1040, t3=t2+(0, 4)) -> (1988, 140, 1040, t4=t3+(1, 3))	3	303
(2030, 0, 2340, t1) & (4590, 19, 2059, t2=t1+(0, 12)) & (2340, 151, 4590, t3=t2+(0, 2)) -> (4590, 0, 4590, t4=t3+(1, 2))	3	304
(2385, 74, 2233, t1) & (4592, 27, 2501, t2=t1+(0, 3)) & (2501, 79, 2233, t3=t2+(0, 5)) -> (2501, 74, 2501, t4=t3+(1, 2))	3	305
(3935, 109, 1595, t1) & (753, 149, 886, t2=t1+(0, 9)) & (1595, 111, 886, t3=t2+(0, 5)) -> (1595, 109, 753, t4=t3+(1, 3))	3	306
(667, 115, 568, t1) & (574, 91, 1353, t2=t1+(0, 2)) & (1353, 31, 568, t3=t2+(0, 7)) -> (667, 31, 568, t4=t3+(1, 10))	3	307
(787, 27, 861, t1) & (939, 40, 4628, t2=t1+(0, 7)) & (4628, 158, 861, t3=t2+(0, 4)) -> (4628, 40, 861, t4=t3+(1, 5))	3	308
(4127, 83, 2560, t1) & (230, 61, 2219, t2=t1+(0, 2)) & (2219, 6, 2560, t3=t2+(0, 3)) -> (2560, 61, 2219, t4=t3+(1, 1))	3	309
(1125, 153, 184, t1) & (4513, 77, 2570, t2=t1+(0, 5)) & (184, 188, 2570, t3=t2+(0, 4)) -> (184, 188, 184, t4=t3+(1, 4))	3	310
(361, 51, 3885, t1) & (3654, 75, 221, t2=t1+(0, 3)) & (3885, 177, 221, t3=t2+(0, 9)) -> (3885, 75, 361, t4=t3+(1, 2))	3	311
(1525, 142, 2023, t1) & (80, 17, 4666, t2=t1+(0, 4)) & (4666, 121, 2023, t3=t2+(0, 6)) -> (1525, 142, 2023, t4=t3+(1, 8))	3	312
(132, 145, 4277, t1) & (2744, 106, 3639, t2=t1+(0, 4)) & (132, 98, 3639, t3=t2+(0, 6)) -> (4277, 98, 132, t4=t3+(1, 9))	3	313
(2172, 18, 4198, t1) & (4271, 149, 1427, t2=t1+(0, 2)) & (1427, 137, 4198, t3=t2+(0, 3)) -> (1427, 18, 2172, t4=t3+(1, 6))	3	314
(619, 8, 2422, t1) & (2195, 191, 1715, t2=t1+(0, 6)) & (619, 93, 1715, t3=t2+(0, 5)) -> (2422, 93, 619, t4=t3+(1, 5))	3	315
(4111, 170, 4203, t1) & (208, 67, 1987, t2=t1+(0, 3)) & (4203, 103, 208, t3=t2+(0, 10)) -> (1987, 67, 208, t4=t3+(1, 4))	3	316
(1610, 27, 2253, t1) & (3720, 141, 1782, t2=t1+(0, 2)) & (1782, 57, 1610, t3=t2+(0, 6)) -> (3720, 141, 1782, t4=t3+(1, 5))	3	317
(3028, 10, 4408, t1) & (1799, 3, 4717, t2=t1+(0, 3)) & (4717, 135, 4408, t3=t2+(0, 8)) -> (4408, 10, 1799, t4=t3+(1, 6))	3	318
(4161, 151, 1917, t1) & (1537, 17, 454, t2=t1+(0, 10)) & (4161, 81, 1537, t3=t2+(0, 3)) -> (1917, 81, 4161, t4=t3+(1, 8))	3	319
(2901, 32, 859, t1) & (3505, 64, 3649, t2=t1+(0, 3)) & (3649, 25, 2901, t3=t2+(0, 7)) -> (3649, 64, 3649, t4=t3+(1, 6))	3	320
(3005, 38, 2567, t1) & (103, 78, 3092, t2=t1+(0, 5)) & (3092, 48, 2567, t3=t2+(0, 4)) -> (3092, 48, 103, t4=t3+(1, 5))	3	321
(2879, 24, 4896, t1) & (3177, 41, 3225, t2=t1+(0, 3)) & (3225, 171, 4896, t3=t2+(0, 3)) -> (4896, 171, 4896, t4=t3+(1, 7))	3	322
(2504, 34, 1391, t1) & (1463, 137, 2625, t2=t1+(0, 2)) & (1391, 135, 2625, t3=t2+(0, 6)) -> (1463, 137, 2625, t4=t3+(1, 5))	3	323
(3103, 102, 2547, t1) & (1716, 20, 1881, t2=t1+(0, 4)) & (3103, 133, 1881, t3=t2+(0, 4)) -> (1881, 102, 1881, t4=t3+(1, 7))	3	324
(3627, 87, 3913, t1) & (3363, 73, 4478, t2=t1+(0, 6)) & (4478, 29, 3627, t3=t2+(0, 3)) -> (3627, 73, 3913, t4=t3+(1, 6))	3	325
(301, 67, 2920, t1) & (3804, 71, 4885, t2=t1+(0, 5)) & (301, 92, 3804, t3=t2+(0, 7)) -> (3804, 71, 4885, t4=t3+(1, 5))	3	326
(834, 61, 3929, t1) & (2220, 91, 4513, t2=t1+(0, 3)) & (4513, 149, 834, t3=t2+(0, 5)) -> (4513, 91, 2220, t4=t3+(1, 4))	3	327
(1000, 112, 4687, t1) & (1445, 145, 4079, t2=t1+(0, 1)) & (1445, 62, 1000, t3=t2+(0, 4)) -> (1445, 112, 1000, t4=t3+(1, 7))	3	328
(3182, 35, 4603, t1) & (4483, 9, 2988, t2=t1+(0, 4)) & (4483, 198, 4603, t3=t2+(0, 5)) -> (4483, 198, 2988, t4=t3+(1, 1))	3	329
(2574, 192, 3767, t1) & (569, 7, 3953, t2=t1+(0, 7)) & (3953, 151, 3767, t3=t2+(0, 7)) -> (3953, 192, 3953, t4=t3+(1, 6))	3	330
(104, 97, 1294, t1) & (1119, 148, 2837, t2=t1+(0, 7)) & (1294, 154, 1119, t3=t2+(0, 4)) -> (1294, 97, 1294, t4=t3+(1, 3))	3	331
(2506, 141, 44, t1) & (3861, 77, 3343, t2=t1+(0, 4)) & (3861, 113, 44, t3=t2+(0, 2)) -> (3861, 77, 44, t4=t3+(1, 10))	3	332
(3546, 71, 935, t1) & (245, 6, 1988, t2=t1+(0, 9)) & (1988, 45, 935, t3=t2+(0, 3)) -> (3546, 45, 935, t4=t3+(1, 4))	3	333
(1537, 173, 4806, t1) & (4728, 133, 1845, t2=t1+(0, 5)) & (4806, 142, 1845, t3=t2+(0, 4)) -> (4806, 133, 1845, t4=t3+(1, 6))	3	334
(4923, 79, 4173, t1) & (1298, 11, 2289, t2=t1+(0, 1)) & (2289, 96, 4173, t3=t2+(0, 7)) -> (2289, 96, 2289, t4=t3+(1, 2))	3	335
(1845, 77, 718, t1) & (3974, 148, 930, t2=t1+(0, 3)) & (3974, 163, 718, t3=t2+(0, 5)) -> (930, 163, 930, t4=t3+(1, 10))	3	336
(171, 198, 4108, t1) & (1669, 159, 3191, t2=t1+(0, 5)) & (4108, 173, 1669, t3=t2+(0, 6)) -> (171, 198, 4108, t4=t3+(1, 3))	3	337
(2311, 155, 4132, t1) & (2761, 100, 2720, t2=t1+(0, 4)) & (2311, 43, 2761, t3=t2+(0, 4)) -> (4132, 100, 2720, t4=t3+(1, 7))	3	338
(489, 150, 4455, t1) & (4583, 167, 3000, t2=t1+(0, 10)) & (4455, 155, 4583, t3=t2+(0, 3)) -> (4583, 150, 3000, t4=t3+(1, 2))	3	339
(4506, 70, 1685, t1) & (4050, 14, 1991, t2=t1+(0, 5)) & (1991, 140, 1685, t3=t2+(0, 7)) -> (1991, 140, 1991, t4=t3+(1, 7))	3	340
(4809, 142, 3433, t1) & (3685, 168, 3665, t2=t1+(0, 2)) & (3685, 64, 3433, t3=t2+(0, 5)) -> (3685, 64, 3685, t4=t3+(1, 3))	3	341
(3472, 30, 3944, t1) & (2670, 188, 259, t2=t1+(0, 6)) & (3472, 136, 259, t3=t2+(0, 7)) -> (259, 136, 3472, t4=t3+(1, 3))	3	342
(3862, 67, 1147, t1) & (1495, 27, 4917, t2=t1+(0, 6)) & (4917, 152, 3862, t3=t2+(0, 3)) -> (4917, 27, 1147, t4=t3+(1, 2))	3	343
(4516, 193, 1887, t1) & (3331, 46, 951, t2=t1+(0, 4)) & (951, 152, 1887, t3=t2+(0, 6)) -> (951, 46, 3331, t4=t3+(1, 3))	3	344
(3569, 15, 1037, t1) & (4203, 129, 288, t2=t1+(0, 7)) & (288, 48, 1037, t3=t2+(0, 4)) -> (288, 15, 4203, t4=t3+(1, 6))	3	345
(909, 111, 3451, t1) & (4058, 27, 3776, t2=t1+(0, 2)) & (4058, 183, 909, t3=t2+(0, 5)) -> (909, 27, 4058, t4=t3+(1, 5))	3	346
(4144, 31, 2752, t1) & (4123, 91, 376, t2=t1+(0, 4)) & (4123, 112, 2752, t3=t2+(0, 5)) -> (2752, 112, 2752, t4=t3+(1, 2))	3	347
(4276, 55, 2988, t1) & (1340, 65, 124, t2=t1+(0, 6)) & (4276, 35, 124, t3=t2+(0, 5)) -> (2988, 55, 1340, t4=t3+(1, 2))	3	348
(4608, 51, 4335, t1) & (3524, 110, 1510, t2=t1+(0, 10)) & (1510, 164, 4335, t3=t2+(0, 10)) -> (1510, 110, 3524, t4=t3+(1, 6))	3	349
(1694, 69, 4802, t1) & (730, 1, 3099, t2=t1+(0, 4)) & (3099, 90, 1694, t3=t2+(0, 5)) -> (1694, 69, 3099, t4=t3+(1, 9))	3	350
(1975, 30, 1712, t1) & (936, 74, 810, t2=t1+(0, 3)) & (1712, 68, 810, t3=t2+(0, 4)) -> (1712, 68, 936, t4=t3+(1, 6))	3	351
(3881, 20, 3960, t1) & (1559, 22, 1714, t2=t1+(0, 2)) & (3881, 127, 1559, t3=t2+(0, 3)) -> (3960, 20, 1714, t4=t3+(1, 5))	3	352
(3805, 179, 2029, t1) & (89, 100, 2751, t2=t1+(0, 7)) & (2751, 2, 2029, t3=t2+(0, 3)) -> (2751, 2, 2029, t4=t3+(1, 5))	3	353
(2492, 26, 3713, t1) & (4064, 150, 2918, t2=t1+(0, 4)) & (4064, 101, 2492, t3=t2+(0, 10)) -> (2918, 101, 2492, t4=t3+(1, 4))	3	354
(2187, 57, 3118, t1) & (3035, 84, 1794, t2=t1+(0, 4)) & (2187, 175, 3035, t3=t2+(0, 5)) -> (2187, 175, 3035, t4=t3+(1, 6))	3	355
(495, 113, 2554, t1) & (2236, 76, 3700, t2=t1+(0, 3)) & (495, 125, 3700, t3=t2+(0, 5)) -> (2236, 113, 495, t4=t3+(1, 6))	3	356
(4618, 27, 4562, t1) & (2199, 41, 3576, t2=t1+(0, 4)) & (4562, 9, 3576, t3=t2+(0, 3)) -> (3576, 41, 3576, t4=t3+(1, 6))	3	357
(700, 192, 4741, t1) & (4915, 39, 3473, t2=t1+(0, 5)) & (700, 88, 3473, t3=t2+(0, 4)) -> (700, 88, 4915, t4=t3+(1, 6))	3	358
(453, 55, 1021, t1) & (4920, 124, 4293, t2=t1+(0, 3)) & (453, 53, 4920, t3=t2+(0, 10)) -> (453, 53, 453, t4=t3+(1, 3))	3	359
(3195, 106, 1061, t1) & (3249, 25, 1220, t2=t1+(0, 6)) & (3249, 197, 3195, t3=t2+(0, 8)) -> (3249, 106, 1220, t4=t3+(1, 9))	3	360
(1074, 20, 2791, t1) & (497, 101, 2712, t2=t1+(0, 7)) & (2712, 184, 2791, t3=t2+(0, 6)) -> (1074, 184, 2712, t4=t3+(1, 6))	3	361
(2769, 170, 4276, t1) & (3311, 8, 1278, t2=t1+(0, 2)) & (4276, 98, 1278, t3=t2+(0, 4)) -> (1278, 8, 3311, t4=t3+(1, 3))	3	362
(1549, 74, 2983, t1) & (3858, 71, 2336, t2=t1+(0, 5)) & (2336, 29, 2983, t3=t2+(0, 8)) -> (2336, 29, 1549, t4=t3+(1, 6))	3	363
(1010, 194, 60, t1) & (836, 130, 672, t2=t1+(0, 7)) & (60, 157, 672, t3=t2+(0, 4)) -> (60, 194, 60, t4=t3+(1, 6))	3	364
(1803, 134, 1338, t1) & (2049, 131, 1279, t2=t1+(0, 10)) & (1279, 21, 1338, t3=t2+(0, 7)) -> (1279, 131, 1338, t4=t3+(1, 4))	3	365
(1587, 71, 792, t1) & (3250, 100, 908, t2=t1+(0, 4)) & (3250, 151, 1587, t3=t2+(0, 6)) -> (908, 100, 1587, t4=t3+(1, 7))	3	366
(4280, 156, 735, t1) & (84, 187, 2951, t2=t1+(0, 7)) & (84, 50, 735, t3=t2+(0, 2)) -> (4280, 156, 84, t4=t3+(1, 3))	3	367
(2200, 143, 5, t1) & (2204, 148, 1830, t2=t1+(0, 8)) & (5, 33, 1830, t3=t2+(0, 5)) -> (2200, 148, 1830, t4=t3+(1, 2))	3	368
(2072, 12, 431, t1) & (3475, 47, 1352, t2=t1+(0, 6)) & (1352, 177, 431, t3=t2+(0, 6)) -> (3475, 12, 431, t4=t3+(1, 6))	3	369
(554, 145, 3677, t1) & (1183, 54, 4370, t2=t1+(0, 1)) & (554, 182, 1183, t3=t2+(0, 3)) -> (4370, 54, 1183, t4=t3+(1, 4))	3	370
(2094, 94, 1748, t1) & (3068, 178, 1602, t2=t1+(0, 4)) & (1602, 128, 1748, t3=t2+(0, 5)) -> (1748, 94, 1602, t4=t3+(1, 5))	3	371
(1776, 99, 2030, t1) & (1223, 112, 287, t2=t1+(0, 3)) & (1776, 167, 287, t3=t2+(0, 6)) -> (1776, 99, 2030, t4=t3+(1, 4))	3	372
(1967, 107, 2542, t1) & (2310, 69, 3348, t2=t1+(0, 1)) & (1967, 112, 3348, t3=t2+(0, 6)) -> (1967, 112, 3348, t4=t3+(1, 4))	3	373
(2588, 110, 139, t1) & (946, 67, 1893, t2=t1+(0, 5)) & (2588, 143, 946, t3=t2+(0, 5)) -> (2588, 143, 2588, t4=t3+(1, 5))	3	374
(4723, 62, 3768, t1) & (2656, 105, 2790, t2=t1+(0, 4)) & (2656, 183, 4723, t3=t2+(0, 6)) -> (2656, 183, 4723, t4=t3+(1, 5))	3	375
(4103, 57, 1518, t1) & (4146, 151, 4331, t2=t1+(0, 3)) & (4331, 66, 1518, t3=t2+(0, 4)) -> (4103, 57, 4103, t4=t3+(1, 6))	3	376
(505, 182, 1884, t1) & (3370, 3, 196, t2=t1+(0, 1)) & (3370, 188, 505, t3=t2+(0, 4)) -> (3370, 3, 505, t4=t3+(1, 4))	3	377
(165, 187, 506, t1) & (4420, 166, 1724, t2=t1+(0, 5)) & (506, 87, 1724, t3=t2+(0, 9)) -> (506, 87, 1724, t4=t3+(1, 7))	3	378
(4633, 127, 4949, t1) & (4712, 0, 3372, t2=t1+(0, 4)) & (4712, 48, 4633, t3=t2+(0, 6)) -> (3372, 0, 4633, t4=t3+(1, 3))	3	379
(3292, 118, 2699, t1) & (3356, 42, 1577, t2=t1+(0, 6)) & (3356, 68, 3292, t3=t2+(0, 5)) -> (3292, 68, 3356, t4=t3+(1, 7))	3	380
(4764, 56, 4993, t1) & (4857, 180, 4315, t2=t1+(0, 5)) & (4764, 188, 4315, t3=t2+(0, 6)) -> (4993, 56, 4764, t4=t3+(1, 5))	3	381
(4658, 6, 4050, t1) & (367, 165, 603, t2=t1+(0, 6)) & (367, 101, 4658, t3=t2+(0, 7)) -> (4658, 165, 4658, t4=t3+(1, 5))	3	382
(786, 35, 2361, t1) & (3101, 182, 4811, t2=t1+(0, 3)) & (786, 48, 4811, t3=t2+(0, 3)) -> (786, 182, 3101, t4=t3+(1, 6))	3	383
(3943, 48, 2067, t1) & (4080, 72, 1610, t2=t1+(0, 3)) & (4080, 122, 3943, t3=t2+(0, 2)) -> (4080, 48, 4080, t4=t3+(1, 3))	3	384
(2192, 88, 847, t1) & (2288, 136, 1719, t2=t1+(0, 5)) & (847, 145, 1719, t3=t2+(0, 8)) -> (847, 145, 1719, t4=t3+(1, 3))	3	385
(3099, 164, 4836, t1) & (3648, 21, 1695, t2=t1+(0, 6)) & (3648, 36, 3099, t3=t2+(0, 6)) -> (3099, 21, 3648, t4=t3+(1, 3))	3	386
(1526, 117, 2932, t1) & (4169, 130, 4498, t2=t1+(0, 5)) & (2932, 25, 4169, t3=t2+(0, 6)) -> (4169, 130, 1526, t4=t3+(1, 5))	3	387
(3835, 186, 1305, t1) & (3003, 131, 1807, t2=t1+(0, 4)) & (1807, 48, 1305, t3=t2+(0, 4)) -> (1305, 131, 1305, t4=t3+(1, 7))	3	388
(3497, 24, 1385, t1) & (4939, 92, 1580, t2=t1+(0, 4)) & (1385, 198, 4939, t3=t2+(0, 5)) -> (4939, 92, 1580, t4=t3+(1, 7))	3	389
(3130, 86, 2564, t1) & (2583, 101, 13, t2=t1+(0, 1)) & (2564, 196, 2583, t3=t2+(0, 2)) -> (3130, 86, 2564, t4=t3+(1, 3))	3	390
(1903, 115, 1007, t1) & (27, 20, 4503, t2=t1+(0, 6)) & (1903, 184, 27, t3=t2+(0, 3)) -> (4503, 20, 27, t4=t3+(1, 2))	3	391
(1596, 148, 12, t1) & (4252, 22, 2429, t2=t1+(0, 5)) & (4252, 11, 1596, t3=t2+(0, 5)) -> (1596, 22, 4252, t4=t3+(1, 6))	3	392
(4966, 159, 2764, t1) & (3173, 111, 2226, t2=t1+(0, 4)) & (2764, 122, 3173, t3=t2+(0, 4)) -> (3173, 122, 2764, t4=t3+(1, 6))	3	393
(2100, 138, 2728, t1) & (3194, 114, 1064, t2=t1+(0, 6)) & (1064, 124, 2728, t3=t2+(0, 6)) -> (2728, 114, 1064, t4=t3+(1, 6))	3	394
(4759, 198, 862, t1) & (991, 14, 1553, t2=t1+(0, 5)) & (862, 35, 991, t3=t2+(0, 6)) -> (991, 35, 862, t4=t3+(1, 6))	3	395
(1230, 86, 2391, t1) & (209, 79, 2295, t2=t1+(0, 3)) & (209, 42, 2391, t3=t2+(0, 2)) -> (2391, 42, 209, t4=t3+(1, 3))	3	396
(3178, 1, 1286, t1) & (1531, 56, 912, t2=t1+(0, 4)) & (912, 19, 1286, t3=t2+(0, 5)) -> (1531, 56, 1286, t4=t3+(1, 13))	3	397
(2109, 28, 4178, t1) & (4059, 73, 145, t2=t1+(0, 0)) & (145, 17, 2109, t3=t2+(0, 3)) -> (145, 73, 145, t4=t3+(1, 3))	3	398
(2368, 92, 3011, t1) & (2489, 6, 2942, t2=t1+(0, 3)) & (2489, 24, 3011, t3=t2+(0, 6)) -> (2942, 92, 2489, t4=t3+(1, 4))	3	399
(4472, 105, 3141, t1) & (3141, 26, 4472, t2=t1+(0, 2)) -> (3141, 105, 3141, t3=t2+(1, 2))	2	400
(2977, 183, 4600, t1) & (4600, 152, 2977, t2=t1+(0, 6)) -> (4600, 152, 2977, t3=t2+(1, 6))	2	401
(2820, 184, 1760, t1) & (1166, 94, 2820, t2=t1+(0, 2)) -> (1760, 94, 1760, t3=t2+(1, 5))	2	402
(2853, 76, 1153, t1) & (1153, 33, 2111, t2=t1+(0, 2)) -> (2111, 33, 2111, t3=t2+(1, 6))	2	403
(1096, 94, 458, t1) & (1096, 192, 2129, t2=t1+(0, 1)) -> (1096, 192, 1096, t3=t2+(1, 2))	2	404
(3705, 159, 2503, t1) & (3705, 56, 1650, t2=t1+(0, 7)) -> (3705, 56, 3705, t3=t2+(1, 4))	2	405
(3579, 107, 281, t1) & (281, 182, 281, t2=t1+(0, 4)) -> (281, 182, 281, t3=t2+(1, 4))	2	406
(4474, 70, 1473, t1) & (4474, 37, 1473, t2=t1+(0, 8)) -> (4474, 37, 4474, t3=t2+(1, 8))	2	407
(1309, 71, 4654, t1) & (1309, 11, 1309, t2=t1+(0, 3)) -> (1309, 71, 1309, t3=t2+(1, 4))	2	408
(4396, 68, 1890, t1) & (2614, 113, 4396, t2=t1+(0, 5)) -> (2614, 68, 1890, t3=t2+(1, 5))	2	409
(3464, 97, 1710, t1) & (1710, 8, 2440, t2=t1+(0, 5)) -> (3464, 8, 1710, t3=t2+(1, 3))	2	410
(2671, 128, 3451, t1) & (2671, 64, 3192, t2=t1+(0, 3)) -> (3451, 64, 2671, t3=t2+(1, 8))	2	411
(2575, 149, 4755, t1) & (4755, 0, 3391, t2=t1+(0, 5)) -> (4755, 0, 2575, t3=t2+(1, 6))	2	412
(2122, 67, 1476, t1) & (2408, 186, 1476, t2=t1+(0, 9)) -> (1476, 186, 1476, t3=t2+(1, 5))	2	413
(4486, 67, 3947, t1) & (4486, 64, 4486, t2=t1+(0, 2)) -> (4486, 64, 4486, t3=t2+(1, 5))	2	414
(4949, 44, 4490, t1) & (1466, 102, 4490, t2=t1+(0, 6)) -> (1466, 44, 4949, t3=t2+(1, 6))	2	415
(2780, 178, 1515, t1) & (1515, 126, 4399, t2=t1+(0, 6)) -> (2780, 178, 1515, t3=t2+(1, 2))	2	416
(1793, 9, 2378, t1) & (1793, 101, 3852, t2=t1+(0, 3)) -> (3852, 9, 3852, t3=t2+(1, 2))	2	417
(965, 21, 3626, t1) & (3832, 13, 3626, t2=t1+(0, 6)) -> (3626, 21, 965, t3=t2+(1, 10))	2	418
(2287, 129, 710, t1) & (2287, 180, 4628, t2=t1+(0, 4)) -> (2287, 180, 2287, t3=t2+(1, 6))	2	419
(1503, 99, 2451, t1) & (2451, 4, 2704, t2=t1+(0, 10)) -> (2451, 99, 2704, t3=t2+(1, 7))	2	420
(2714, 22, 329, t1) & (2714, 33, 4140, t2=t1+(0, 2)) -> (4140, 22, 4140, t3=t2+(1, 3))	2	421
(456, 139, 3016, t1) & (4476, 15, 3016, t2=t1+(0, 8)) -> (3016, 139, 456, t3=t2+(1, 4))	2	422
(571, 183, 1865, t1) & (998, 132, 1865, t2=t1+(0, 7)) -> (1865, 183, 1865, t3=t2+(1, 3))	2	423
(2628, 45, 312, t1) & (312, 164, 4560, t2=t1+(0, 7)) -> (4560, 45, 2628, t3=t2+(1, 2))	2	424
(1682, 13, 747, t1) & (747, 58, 4693, t2=t1+(0, 5)) -> (4693, 13, 747, t3=t2+(1, 4))	2	425
(280, 191, 2954, t1) & (1259, 27, 280, t2=t1+(0, 11)) -> (280, 191, 280, t3=t2+(1, 6))	2	426
(3446, 81, 591, t1) & (3350, 171, 591, t2=t1+(0, 5)) -> (591, 171, 591, t3=t2+(1, 3))	2	427
(1147, 90, 1050, t1) & (1147, 135, 1692, t2=t1+(0, 5)) -> (1692, 135, 1147, t3=t2+(1, 3))	2	428
(4773, 147, 4919, t1) & (4919, 154, 4919, t2=t1+(0, 8)) -> (4773, 154, 4773, t3=t2+(1, 2))	2	429
(3071, 104, 4973, t1) & (4973, 23, 4185, t2=t1+(0, 7)) -> (4185, 23, 4185, t3=t2+(1, 3))	2	430
(49, 111, 3830, t1) & (2219, 153, 49, t2=t1+(0, 2)) -> (49, 153, 2219, t3=t2+(1, 4))	2	431
(747, 163, 4220, t1) & (747, 75, 747, t2=t1+(0, 5)) -> (747, 163, 4220, t3=t2+(1, 4))	2	432
(4198, 164, 3022, t1) & (3022, 22, 1293, t2=t1+(0, 2)) -> (3022, 164, 1293, t3=t2+(1, 2))	2	433
(4699, 193, 210, t1) & (210, 135, 210, t2=t1+(0, 5)) -> (210, 193, 4699, t3=t2+(1, 1))	2	434
(900, 26, 1558, t1) & (900, 152, 1558, t2=t1+(0, 7)) -> (1558, 26, 1558, t3=t2+(1, 2))	2	435
(4213, 124, 482, t1) & (4213, 180, 482, t2=t1+(0, 11)) -> (4213, 124, 4213, t3=t2+(1, 2))	2	436
(464, 70, 4491, t1) & (464, 164, 4491, t2=t1+(0, 1)) -> (464, 164, 4491, t3=t2+(1, 2))	2	437
(4586, 137, 3859, t1) & (1992, 193, 3859, t2=t1+(0, 6)) -> (3859, 137, 3859, t3=t2+(1, 4))	2	438
(390, 54, 3084, t1) & (2234, 95, 3084, t2=t1+(0, 4)) -> (3084, 54, 390, t3=t2+(1, 5))	2	439
(1449, 2, 3470, t1) & (1449, 98, 1449, t2=t1+(0, 2)) -> (3470, 98, 1449, t3=t2+(1, 6))	2	440
(1689, 158, 830, t1) & (1689, 159, 4124, t2=t1+(0, 7)) -> (830, 158, 4124, t3=t2+(1, 8))	2	441
(4574, 117, 4258, t1) & (4258, 77, 2715, t2=t1+(0, 5)) -> (4258, 77, 2715, t3=t2+(1, 4))	2	442
(3855, 2, 3711, t1) & (3931, 147, 3711, t2=t1+(0, 4)) -> (3711, 2, 3711, t3=t2+(1, 5))	2	443
(3007, 128, 1839, t1) & (4694, 76, 1839, t2=t1+(0, 5)) -> (3007, 76, 1839, t3=t2+(1, 7))	2	444
(922, 122, 469, t1) & (469, 34, 2554, t2=t1+(0, 7)) -> (469, 122, 922, t3=t2+(1, 8))	2	445
(4778, 150, 454, t1) & (4936, 40, 4778, t2=t1+(0, 0)) -> (4778, 40, 4778, t3=t2+(1, 7))	2	446
(1531, 81, 1201, t1) & (400, 106, 1201, t2=t1+(0, 7)) -> (1201, 81, 400, t3=t2+(1, 8))	2	447
(2914, 121, 1244, t1) & (2914, 26, 2914, t2=t1+(0, 8)) -> (2914, 121, 2914, t3=t2+(1, 5))	2	448
(1145, 38, 1366, t1) & (1145, 31, 1145, t2=t1+(0, 3)) -> (1145, 31, 1145, t3=t2+(1, 5))	2	449
(3250, 128, 2623, t1) & (1180, 40, 2623, t2=t1+(0, 8)) -> (2623, 40, 1180, t3=t2+(1, 6))	2	450
(1499, 114, 2264, t1) & (2264, 94, 2264, t2=t1+(0, 3)) -> (2264, 94, 1499, t3=t2+(1, 4))	2	451
(2123, 26, 2063, t1) & (1933, 91, 2063, t2=t1+(0, 4)) -> (2063, 26, 2063, t3=t2+(1, 4))	2	452
(2760, 102, 4805, t1) & (4805, 117, 4805, t2=t1+(0, 6)) -> (4805, 102, 4805, t3=t2+(1, 5))	2	453
(3008, 56, 1130, t1) & (3008, 53, 4164, t2=t1+(0, 5)) -> (4164, 53, 1130, t3=t2+(1, 6))	2	454
(3326, 77, 770, t1) & (372, 90, 3326, t2=t1+(0, 2)) -> (3326, 77, 372, t3=t2+(1, 4))	2	455
(3140, 68, 665, t1) & (4506, 193, 3140, t2=t1+(0, 4)) -> (3140, 68, 4506, t3=t2+(1, 6))	2	456
(4518, 106, 661, t1) & (4351, 195, 661, t2=t1+(0, 6)) -> (661, 106, 661, t3=t2+(1, 4))	2	457
(4352, 107, 2737, t1) & (2626, 189, 2737, t2=t1+(0, 9)) -> (2626, 107, 4352, t3=t2+(1, 5))	2	458
(3612, 174, 1916, t1) & (3612, 178, 3907, t2=t1+(0, 3)) -> (3612, 174, 3907, t3=t2+(1, 9))	2	459
(3278, 95, 2918, t1) & (3278, 170, 2661, t2=t1+(0, 4)) -> (2918, 170, 3278, t3=t2+(1, 3))	2	460
(1176, 21, 2660, t1) & (2660, 24, 2660, t2=t1+(0, 7)) -> (2660, 21, 2660, t3=t2+(1, 4))	2	461
(847, 173, 2244, t1) & (2244, 64, 3297, t2=t1+(0, 2)) -> (847, 64, 2244, t3=t2+(1, 6))	2	462
(3293, 30, 4562, t1) & (4562, 59, 2506, t2=t1+(0, 3)) -> (4562, 59, 2506, t3=t2+(1, 6))	2	463
(2944, 98, 4420, t1) & (2944, 64, 4420, t2=t1+(0, 5)) -> (4420, 98, 2944, t3=t2+(1, 7))	2	464
(1705, 159, 2421, t1) & (2421, 112, 1325, t2=t1+(0, 5)) -> (2421, 112, 1705, t3=t2+(1, 4))	2	465
(720, 161, 245, t1) & (1005, 178, 720, t2=t1+(0, 7)) -> (720, 161, 720, t3=t2+(1, 8))	2	466
(3173, 9, 1827, t1) & (1827, 196, 1827, t2=t1+(0, 3)) -> (1827, 196, 1827, t3=t2+(1, 2))	2	467
(4711, 95, 1826, t1) & (4711, 116, 1826, t2=t1+(0, 5)) -> (1826, 95, 1826, t3=t2+(1, 4))	2	468
(87, 53, 4903, t1) & (4903, 80, 4903, t2=t1+(0, 7)) -> (87, 53, 4903, t3=t2+(1, 4))	2	469
(1800, 125, 267, t1) & (267, 70, 3744, t2=t1+(0, 1)) -> (1800, 125, 3744, t3=t2+(1, 4))	2	470
(1964, 62, 2697, t1) & (2697, 10, 2697, t2=t1+(0, 6)) -> (2697, 10, 1964, t3=t2+(1, 3))	2	471
(2253, 58, 4388, t1) & (4388, 128, 4388, t2=t1+(0, 4)) -> (2253, 58, 2253, t3=t2+(1, 4))	2	472
(3421, 48, 3764, t1) & (3421, 174, 3421, t2=t1+(0, 10)) -> (3764, 174, 3764, t3=t2+(1, 6))	2	473
(2, 157, 3006, t1) & (2, 66, 3006, t2=t1+(0, 4)) -> (2, 157, 2, t3=t2+(1, 4))	2	474
(4208, 110, 2765, t1) & (2765, 5, 757, t2=t1+(0, 5)) -> (757, 5, 4208, t3=t2+(1, 6))	2	475
(3404, 99, 2268, t1) & (3404, 23, 2268, t2=t1+(0, 5)) -> (2268, 23, 3404, t3=t2+(1, 5))	2	476
(4893, 28, 660, t1) & (1413, 104, 4893, t2=t1+(0, 6)) -> (4893, 28, 660, t3=t2+(1, 4))	2	477
(4025, 160, 857, t1) & (4025, 45, 857, t2=t1+(0, 4)) -> (857, 160, 4025, t3=t2+(1, 2))	2	478
(2947, 194, 626, t1) & (626, 9, 139, t2=t1+(0, 7)) -> (2947, 194, 626, t3=t2+(1, 1))	2	479
(3626, 157, 937, t1) & (937, 16, 937, t2=t1+(0, 5)) -> (937, 16, 937, t3=t2+(1, 8))	2	480
(3437, 5, 3049, t1) & (1858, 160, 3049, t2=t1+(0, 5)) -> (3437, 5, 1858, t3=t2+(1, 8))	2	481
(4100, 199, 4837, t1) & (4100, 11, 2490, t2=t1+(0, 5)) -> (2490, 199, 2490, t3=t2+(1, 8))	2	482
(895, 65, 2984, t1) & (895, 126, 3463, t2=t1+(0, 7)) -> (3463, 65, 3463, t3=t2+(1, 5))	2	483
(1845, 79, 1897, t1) & (1897, 95, 3656, t2=t1+(0, 3)) -> (1897, 95, 3656, t3=t2+(1, 3))	2	484
(4938, 195, 3624, t1) & (4938, 114, 4938, t2=t1+(0, 4)) -> (4938, 114, 4938, t3=t2+(1, 8))	2	485
(3554, 174, 4034, t1) & (3215, 164, 4034, t2=t1+(0, 5)) -> (4034, 174, 3554, t3=t2+(1, 4))	2	486
(3799, 151, 3107, t1) & (3107, 184, 3799, t2=t1+(0, 3)) -> (3107, 151, 3799, t3=t2+(1, 7))	2	487
(517, 153, 1874, t1) & (1874, 169, 4332, t2=t1+(0, 5)) -> (517, 169, 4332, t3=t2+(1, 3))	2	488
(1523, 47, 2890, t1) & (2890, 100, 2890, t2=t1+(0, 6)) -> (2890, 47, 2890, t3=t2+(1, 5))	2	489
(4264, 145, 3300, t1) & (140, 167, 3300, t2=t1+(0, 4)) -> (3300, 167, 3300, t3=t2+(1, 3))	2	490
(2187, 167, 4619, t1) & (2285, 2, 4619, t2=t1+(0, 9)) -> (4619, 167, 2285, t3=t2+(1, 7))	2	491
(4515, 75, 870, t1) & (1836, 70, 870, t2=t1+(0, 4)) -> (1836, 75, 870, t3=t2+(1, 6))	2	492
(1200, 113, 1211, t1) & (1200, 64, 1211, t2=t1+(0, 5)) -> (1200, 64, 1211, t3=t2+(1, 3))	2	493
(286, 6, 752, t1) & (3581, 161, 752, t2=t1+(0, 6)) -> (752, 6, 3581, t3=t2+(1, 2))	2	494
(300, 162, 814, t1) & (814, 176, 1116, t2=t1+(0, 3)) -> (814, 162, 1116, t3=t2+(1, 4))	2	495
(2999, 30, 1312, t1) & (2999, 164, 2999, t2=t1+(0, 8)) -> (1312, 164, 1312, t3=t2+(1, 8))	2	496
(989, 149, 163, t1) & (163, 40, 163, t2=t1+(0, 4)) -> (163, 149, 163, t3=t2+(1, 4))	2	497
(3133, 52, 2040, t1) & (2040, 19, 3133, t2=t1+(0, 5)) -> (3133, 19, 3133, t3=t2+(1, 5))	2	498
(3272, 108, 3322, t1) & (2065, 184, 3322, t2=t1+(0, 2)) -> (3322, 108, 3322, t3=t2+(1, 4))	2	499
(3097, 57, 2220, t1) -> (2220, 57, 2220, t2=t1+(1, 11))	1	500
(3133, 42, 4066, t1) -> (3133, 42, 4066, t2=t1+(1, 5))	1	501
(1299, 78, 4945, t1) -> (1299, 78, 4945, t2=t1+(1, 5))	1	502
(2426, 25, 4431, t1) -> (4431, 25, 2426, t2=t1+(1, 2))	1	503
(3371, 181, 1939, t1) -> (1939, 181, 3371, t2=t1+(1, 1))	1	504
(1138, 164, 4120, t1) -> (4120, 164, 4120, t2=t1+(1, 9))	1	505
(3268, 189, 2164, t1) -> (3268, 189, 3268, t2=t1+(1, 2))	1	506
(3706, 114, 2926, t1) -> (3706, 114, 3706, t2=t1+(1, 4))	1	507
(2361, 65, 1136, t1) -> (1136, 65, 2361, t2=t1+(1, 7))	1	508
(1094, 71, 3402, t1) -> (3402, 71, 1094, t2=t1+(1, 6))	1	509
(4882, 190, 1655, t1) -> (4882, 190, 1655, t2=t1+(1, 7))	1	510
(3593, 41, 2602, t1) -> (2602, 41, 3593, t2=t1+(1, 3))	1	511
(4213, 24, 4320, t1) -> (4320, 24, 4320, t2=t1+(1, 8))	1	512
(3575, 35, 1725, t1) -> (1725, 35, 3575, t2=t1+(1, 5))	1	513
(4928, 155, 4226, t1) -> (4226, 155, 4226, t2=t1+(1, 6))	1	514
(4256, 30, 219, t1) -> (4256, 30, 4256, t2=t1+(1, 4))	1	515
(56, 10, 2329, t1) -> (2329, 10, 56, t2=t1+(1, 3))	1	516
(873, 124, 3794, t1) -> (873, 124, 3794, t2=t1+(1, 2))	1	517
(4104, 56, 334, t1) -> (4104, 56, 4104, t2=t1+(1, 3))	1	518
(672, 169, 3531, t1) -> (3531, 169, 3531, t2=t1+(1, 3))	1	519
(1539, 76, 4632, t1) -> (4632, 76, 1539, t2=t1+(1, 5))	1	520
(849, 173, 1795, t1) -> (849, 173, 1795, t2=t1+(1, 8))	1	521
(1297, 101, 4886, t1) -> (1297, 101, 4886, t2=t1+(1, 4))	1	522
(1437, 34, 2489, t1) -> (1437, 34, 2489, t2=t1+(1, 5))	1	523
(1655, 14, 1649, t1) -> (1649, 14, 1655, t2=t1+(1, 5))	1	524
