(2958, 176, 1999, t1) & (1125, 169, 3570, t2=t1+(0, 7)) & (1999, 28, 3570, t3=t2+(0, 4)) -> (1999, 28, 3570, t4=t3+(1, 4))	3	0
(1434, 155, 4526, t1) & (2946, 104, 1707, t2=t1+(0, 6)) & (2946, 185, 4526, t3=t2+(0, 3)) -> (2946, 155, 4526, t4=t3+(1, 1))	3	1
(3217, 199, 4238, t1) & (4836, 169, 1383, t2=t1+(0, 4)) & (4836, 52, 3217, t3=t2+(0, 4)) -> (4836, 52, 4836, t4=t3+(1, 6))	3	2
(1981, 61, 4013, t1) & (2346, 57, 3206, t2=t1+(0, 11)) & (2346, 153, 1981, t3=t2+(0, 5)) -> (4013, 153, 4013, t4=t3+(1, 2))	3	3
(3381, 71, 2091, t1) & (3952, 11, 2855, t2=t1+(0, 5)) & (2855, 171, 3381, t3=t2+(0, 5)) -> (2855, 71, 3381, t4=t3+(1, 7))	3	4
(4409, 46, 232, t1) & (3279, 180, 486, t2=t1+(0, 4)) & (232, 176, 486, t3=t2+(0, 3)) -> (486, 176, 4409, t4=t3+(1, 3))	3	5
(2077, 73, 106, t1) & (2789, 197, 3638, t2=t1+(0, 3)) & (3638, 43, 2077, t3=t2+(0, 7)) -> (3638, 73, 3638, t4=t3+(1, 6))	3	6
(292, 168, 1387, t1) & (2654, 127, 1587, t2=t1+(0, 4)) & (292, 67, 2654, t3=t2+(0, 5)) -> (2654, 127, 292, t4=t3+(1, 4))	3	7
(4857, 17, 783, t1) & (2249, 41, 4032, t2=t1+(0, 6)) & (783, 35, 4032, t3=t2+(0, 6)) -> (783, 35, 2249, t4=t3+(1, 7))	3	8
(4120, 114, 2098, t1) & (4493, 169, 1148, t2=t1+(0, 5)) & (4493, 95, 4120, t3=t2+(0, 4)) -> (1148, 95, 4493, t4=t3+(1, 4))	3	9
(759, 130, 4693, t1) & (1444, 84, 2157, t2=t1+(0, 3)) & (4693, 134, 1444, t3=t2+(0, 9)) -> (2157, 130, 1444, t4=t3+(1, 4))	3	10
(4817, 10, 4920, t1) & (2271, 172, 1975, t2=t1+(0, 2)) & (4817, 68, 1975, t3=t2+(0, 3)) -> (4920, 68, 2271, t4=t3+(1, 7))	3	11
(939, 68, 4862, t1) & (2084, 180, 753, t2=t1+(0, 4)) & (2084, 156, 939, t3=t2+(0, 8)) -> (939, 68, 4862, t4=t3+(1, 5))	3	12
(4305, 51, 1945, t1) & (4033, 194, 3500, t2=t1+(0, 3)) & (1945, 183, 4033, t3=t2+(0, 5)) -> (1945, 51, 4033, t4=t3+(1, 6))	3	13
(3646, 179, 4004, t1) & (4799, 94, 4879, t2=t1+(0, 6)) & (4879, 25, 4004, t3=t2+(0, 5)) -> (4004, 94, 4879, t4=t3+(1, 5))	3	14
(4791, 123, 654, t1) & (577, 80, 1030, t2=t1+(0, 6)) & (4791, 187, 577, t3=t2+(0, 3)) -> (654, 80, 654, t4=t3+(1, 6))	3	15
(1588, 136, 870, t1) & (2836, 124, 3381, t2=t1+(0, 3)) & (2836, 121, 1588, t3=t2+(0, 10)) -> (3381, 121, 2836, t4=t3+(1, 4))	3	16
(3009, 79, 4671, t1) & (4345, 87, 4508, t2=t1+(0, 7)) & (4508, 158, 4671, t3=t2+(0, 7)) -> (4345, 158, 4508, t4=t3+(1, 7))	3	17
(727, 65, 672, t1) & (1559, 24, 3668, t2=t1+(0, 7)) & (1559, 44, 672, t3=t2+(0, 5)) -> (672, 65, 1559, t4=t3+(1, 4))	3	18
(2605, 17, 2915, t1) & (3649, 194, 3785, t2=t1+(0, 7)) & (2915, 123, 3649, t3=t2+(0, 2)) -> (2915, 17, 2605, t4=t3+(1, 7))	3	19
(3095, 2, 3782, t1) & (2223, 100, 2052, t2=t1+(0, 2)) & (2223, 73, 3782, t3=t2+(0, 7)) -> (3782, 2, 2223, t4=t3+(1, 7))	3	20
(1690, 53, 730, t1) & (3357, 110, 1270, t2=t1+(0, 7)) & (1690, 16, 1270, t3=t2+(0, 3)) -> (1690, 16, 730, t4=t3+(1, 3))	3	21
(1301, 139, 3916, t1) & (1412, 178, 1978, t2=t1+(0, 4)) & (1978, 45, 3916, t3=t2+(0, 1)) -> (1301, 178, 3916, t4=t3+(1, 6))	3	22
(3339, 69, 53, t1) & (4784, 117, 1033, t2=t1+(0, 4)) & (1033, 168, 53, t3=t2+(0, 3)) -> (4784, 117, 1033, t4=t3+(1, 3))	3	23
(939, 166, 3134, t1) & (3174, 84, 2536, t2=t1+(0, 6)) & (939, 25, 2536, t3=t2+(0, 4)) -> (939, 84, 2536, t4=t3+(1, 6))	3	24
(2732, 130, 4155, t1) & (388, 117, 2165, t2=t1+(0, 4)) & (2165, 4, 2732, t3=t2+(0, 4)) -> (4155, 130, 2165, t4=t3+(1, 2))	3	25
(3224, 47, 4004, t1) & (2583, 80, 3194, t2=t1+(0, 6)) & (4004, 9, 2583, t3=t2+(0, 3)) -> (2583, 9, 4004, t4=t3+(1, 7))	3	26
(2333, 177, 3506, t1) & (1521, 154, 3990, t2=t1+(0, 6)) & (2333, 194, 1521, t3=t2+(0, 4)) -> (2333, 194, 1521, t4=t3+(1, 4))	3	27
(4758, 9, 935, t1) & (4362, 63, 4238, t2=t1+(0, 3)) & (4238, 171, 4758, t3=t2+(0, 1)) -> (935, 63, 4238, t4=t3+(1, 5))	3	28
(2848, 153, 705, t1) & (3979, 61, 297, t2=t1+(0, 7)) & (705, 86, 297, t3=t2+(0, 8)) -> (3979, 61, 3979, t4=t3+(1, 10))	3	29
(3273, 145, 36, t1) & (106, 118, 557, t2=t1+(0, 4)) & (557, 45, 3273, t3=t2+(0, 9)) -> (3273, 145, 106, t4=t3+(1, 3))	3	30
(999, 10, 1327, t1) & (3504, 73, 3119, t2=t1+(0, 5)) & (3119, 74, 999, t3=t2+(0, 8)) -> (999, 73, 1327, t4=t3+(1, 1))	3	31
(100, 79, 1306, t1) & (506, 74, 4848, t2=t1+(0, 6)) & (506, 95, 100, t3=t2+(0, 6)) -> (506, 79, 506, t4=t3+(1, 3))	3	32
(2142, 170, 526, t1) & (1264, 35, 2366, t2=t1+(0, 7)) & (526, 159, 1264, t3=t2+(0, 2)) -> (1264, 159, 526, t4=t3+(1, 4))	3	33
(1269, 127, 527, t1) & (1634, 169, 626, t2=t1+(0, 6)) & (1269, 24, 1634, t3=t2+(0, 6)) -> (1269, 127, 1634, t4=t3+(1, 5))	3	34
(1308, 145, 3759, t1) & (1645, 95, 2118, t2=t1+(0, 5)) & (1645, 3, 3759, t3=t2+(0, 5)) -> (1645, 95, 1645, t4=t3+(1, 2))	3	35
(4703, 138, 1698, t1) & (2288, 38, 850, t2=t1+(0, 3)) & (4703, 52, 2288, t3=t2+(0, 5)) -> (850, 52, 850, t4=t3+(1, 7))	3	36
(2047, 19, 68, t1) & (188, 53, 4195, t2=t1+(0, 5)) & (2047, 106, 188, t3=t2+(0, 8)) -> (2047, 19, 4195, t4=t3+(1, 1))	3	37
(2879, 120, 1466, t1) & (3044, 10, 1565, t2=t1+(0, 9)) & (1565, 91, 2879, t3=t2+(0, 5)) -> (1565, 120, 3044, t4=t3+(1, 7))	3	38
(2399, 171, 4713, t1) & (2586, 180, 4256, t2=t1+(0, 3)) & (4256, 27, 4713, t3=t2+(0, 3)) -> (4256, 27, 4713, t4=t3+(1, 4))	3	39
(2668, 109, 306, t1) & (1775, 3, 3703, t2=t1+(0, 4)) & (1775, 173, 2668, t3=t2+(0, 6)) -> (3703, 3, 1775, t4=t3+(1, 4))	3	40
(3235, 82, 3886, t1) & (1720, 199, 1189, t2=t1+(0, 6)) & (1189, 145, 3886, t3=t2+(0, 5)) -> (3886, 145, 1189, t4=t3+(1, 9))	3	41
(3284, 48, 3363, t1) & (303, 4, 3850, t2=t1+(0, 3)) & (3850, 105, 3363, t3=t2+(0, 6)) -> (3284, 105, 3850, t4=t3+(1, 5))	3	42
(1945, 87, 3968, t1) & (694, 168, 3066, t2=t1+(0, 10)) & (3968, 51, 694, t3=t2+(0, 5)) -> (3968, 87, 694, t4=t3+(1, 6))	3	43
(1903, 174, 2947, t1) & (1618, 110, 473, t2=t1+(0, 2)) & (2947, 2, 1618, t3=t2+(0, 2)) -> (2947, 2, 1903, t4=t3+(1, 6))	3	44
(2782, 135, 4003, t1) & (1314, 32, 2428, t2=t1+(0, 4)) & (2782, 36, 1314, t3=t2+(0, 2)) -> (4003, 32, 2428, t4=t3+(1, 3))	3	45
(1788, 179, 4067, t1) & (3572, 85, 2531, t2=t1+(0, 5)) & (1788, 175, 2531, t3=t2+(0, 5)) -> (1788, 179, 2531, t4=t3+(1, 4))	3	46
(3916, 16, 744, t1) & (4159, 169, 1213, t2=t1+(0, 5)) & (4159, 48, 3916, t3=t2+(0, 3)) -> (3916, 16, 3916, t4=t3+(1, 8))	3	47
(4864, 52, 1055, t1) & (3849, 80, 2722, t2=t1+(0, 6)) & (1055, 101, 3849, t3=t2+(0, 3)) -> (3849, 52, 3849, t4=t3+(1, 6))	3	48
(4007, 31, 2200, t1) & (3767, 177, 1284, t2=t1+(0, 5)) & (3767, 102, 2200, t3=t2+(0, 3)) -> (3767, 102, 3767, t4=t3+(1, 1))	3	49
(1540, 141, 1531, t1) & (3949, 76, 1005, t2=t1+(0, 7)) & (3949, 171, 1540, t3=t2+(0, 8)) -> (1531, 141, 3949, t4=t3+(1, 6))	3	50
(3067, 98, 4979, t1) & (4609, 65, 4090, t2=t1+(0, 6)) & (4090, 154, 4979, t3=t2+(0, 7)) -> (4090, 65, 4090, t4=t3+(1, 2))	3	51
(1300, 129, 3884, t1) & (2358, 28, 2213, t2=t1+(0, 7)) & (1300, 163, 2358, t3=t2+(0, 5)) -> (2213, 163, 2358, t4=t3+(1, 2))	3	52
(2094, 108, 3721, t1) & (532, 42, 336, t2=t1+(0, 3)) & (336, 113, 2094, t3=t2+(0, 5)) -> (2094, 108, 2094, t4=t3+(1, 5))	3	53
(3399, 14, 3376, t1) & (4722, 157, 4885, t2=t1+(0, 1)) & (4885, 133, 3376, t3=t2+(0, 7)) -> (3376, 133, 4885, t4=t3+(1, 1))	3	54
(1509, 193, 4117, t1) & (1636, 128, 1168, t2=t1+(0, 5)) & (1168, 34, 1509, t3=t2+(0, 3)) -> (1509, 34, 1168, t4=t3+(1, 5))	3	55
(1686, 123, 4910, t1) & (1121, 142, 139, t2=t1+(0, 5)) & (1686, 76, 139, t3=t2+(0, 9)) -> (139, 76, 1121, t4=t3+(1, 5))	3	56
(140, 2, 4991, t1) & (1301, 86, 1056, t2=t1+(0, 14)) & (140, 72, 1056, t3=t2+(0, 3)) -> (1056, 2, 140, t4=t3+(1, 5))	3	57
(4800, 84, 806, t1) & (3056, 75, 1403, t2=t1+(0, 6)) & (1403, 26, 4800, t3=t2+(0, 2)) -> (3056, 75, 806, t4=t3+(1, 5))	3	58
(4437, 114, 4385, t1) & (1659, 123, 2618, t2=t1+(0, 8)) & (4385, 195, 2618, t3=t2+(0, 7)) -> (4385, 114, 1659, t4=t3+(1, 4))	3	59
(1400, 122, 4079, t1) & (3801, 107, 3444, t2=t1+(0, 5)) & (4079, 155, 3444, t3=t2+(0, 8)) -> (4079, 122, 3444, t4=t3+(1, 12))	3	60
(2305, 116, 3137, t1) & (3431, 151, 4396, t2=t1+(0, 6)) & (3137, 157, 4396, t3=t2+(0, 3)) -> (2305, 151, 4396, t4=t3+(1, 6))	3	61
(4462, 143, 2043, t1) & (1303, 121, 1941, t2=t1+(0, 6)) & (4462, 56, 1303, t3=t2+(0, 9)) -> (1303, 121, 1303, t4=t3+(1, 5))	3	62
(378, 121, 1403, t1) & (2582, 0, 3976, t2=t1+(0, 6)) & (1403, 92, 2582, t3=t2+(0, 5)) -> (2582, 121, 1403, t4=t3+(1, 3))	3	63
(3619, 71, 144, t1) & (3445, 180, 4349, t2=t1+(0, 7)) & (144, 9, 4349, t3=t2+(0, 10)) -> (4349, 71, 3445, t4=t3+(1, 9))	3	64
(3441, 186, 2197, t1) & (1131, 101, 1884, t2=t1+(0, 3)) & (1884, 30, 2197, t3=t2+(0, 4)) -> (1884, 101, 1131, t4=t3+(1, 8))	3	65
(4585, 17, 1929, t1) & (3233, 180, 524, t2=t1+(0, 5)) & (524, 42, 1929, t3=t2+(0, 5)) -> (524, 42, 1929, t4=t3+(1, 2))	3	66
(998, 175, 4562, t1) & (1418, 24, 1248, t2=t1+(0, 5)) & (1418, 102, 998, t3=t2+(0, 5)) -> (998, 102, 998, t4=t3+(1, 6))	3	67
(3555, 50, 1727, t1) & (4718, 59, 4474, t2=t1+(0, 5)) & (4474, 178, 3555, t3=t2+(0, 4)) -> (4474, 50, 4474, t4=t3+(1, 4))	3	68
(2909, 85, 2861, t1) & (4029, 113, 471, t2=t1+(0, 2)) & (471, 166, 2909, t3=t2+(0, 6)) -> (2861, 166, 2861, t4=t3+(1, 7))	3	69
(2074, 39, 1661, t1) & (3949, 142, 3439, t2=t1+(0, 5)) & (2074, 135, 3949, t3=t2+(0, 5)) -> (3949, 135, 3949, t4=t3+(1, 7))	3	70
(2992, 70, 4401, t1) & (2112, 166, 3171, t2=t1+(0, 3)) & (3171, 112, 4401, t3=t2+(0, 7)) -> (3171, 70, 3171, t4=t3+(1, 1))	3	71
(3328, 16, 4780, t1) & (1083, 17, 870, t2=t1+(0, 9)) & (1083, 24, 4780, t3=t2+(0, 4)) -> (3328, 24, 1083, t4=t3+(1, 5))	3	72
(3493, 57, 962, t1) & (3567, 131, 4809, t2=t1+(0, 4)) & (962, 185, 4809, t3=t2+(0, 7)) -> (962, 185, 4809, t4=t3+(1, 6))	3	73
(341, 55, 3826, t1) & (529, 180, 3314, t2=t1+(0, 5)) & (3314, 39, 341, t3=t2+(0, 3)) -> (3314, 55, 3314, t4=t3+(1, 3))	3	74
(2136, 115, 1320, t1) & (2571, 67, 2974, t2=t1+(0, 9)) & (2136, 36, 2974, t3=t2+(0, 3)) -> (2974, 67, 2974, t4=t3+(1, 3))	3	75
(4739, 89, 1515, t1) & (3903, 104, 319, t2=t1+(0, 6)) & (319, 27, 1515, t3=t2+(0, 7)) -> (4739, 27, 3903, t4=t3+(1, 4))	3	76
(932, 142, 748, t1) & (2480, 108, 4632, t2=t1+(0, 4)) & (748, 27, 4632, t3=t2+(0, 2)) -> (748, 27, 932, t4=t3+(1, 9))	3	77
(839, 52, 3760, t1) & (999, 98, 3032, t2=t1+(0, 6)) & (3032, 128, 3760, t3=t2+(0, 6)) -> (3032, 52, 3032, t4=t3+(1, 6))	3	78
(3043, 97, 4943, t1) & (884, 83, 610, t2=t1+(0, 5)) & (3043, 142, 884, t3=t2+(0, 2)) -> (4943, 83, 4943, t4=t3+(1, 4))	3	79
(1137, 10, 419, t1) & (1520, 126, 2211, t2=t1+(0, 7)) & (419, 145, 2211, t3=t2+(0, 5)) -> (419, 145, 419, t4=t3+(1, 4))	3	80
(653, 9, 4077, t1) & (1629, 97, 2137, t2=t1+(0, 5)) & (653, 102, 1629, t3=t2+(0, 5)) -> (653, 102, 4077, t4=t3+(1, 5))	3	81
(2632, 182, 3292, t1) & (3136, 103, 2343, t2=t1+(0, 5)) & (3136, 59, 2632, t3=t2+(0, 7)) -> (3292, 103, 2343, t4=t3+(1, 3))	3	82
(438, 146, 564, t1) & (2249, 110, 2050, t2=t1+(0, 1)) & (2050, 156, 438, t3=t2+(0, 4)) -> (438, 146, 2050, t4=t3+(1, 6))	3	83
(4431, 10, 747, t1) & (890, 43, 3746, t2=t1+(0, 7)) & (3746, 21, 4431, t3=t2+(0, 6)) -> (3746, 10, 3746, t4=t3+(1, 3))	3	84
(275, 155, 2918, t1) & (2960, 77, 2889, t2=t1+(0, 6)) & (2889, 189, 275, t3=t2+(0, 5)) -> (275, 189, 275, t4=t3+(1, 2))	3	85
(2755, 96, 3562, t1) & (4228, 97, 2800, t2=t1+(0, 4)) & (2800, 17, 2755, t3=t2+(0, 5)) -> (2800, 17, 2755, t4=t3+(1, 2))	3	86
(2217, 172, 3146, t1) & (3980, 124, 1706, t2=t1+(0, 6)) & (3980, 36, 3146, t3=t2+(0, 2)) -> (3980, 124, 3980, t4=t3+(1, 3))	3	87
(3617, 127, 2949, t1) & (771, 134, 1436, t2=t1+(0, 2)) & (3617, 111, 771, t3=t2+(0, 6)) -> (1436, 134, 3617, t4=t3+(1, 6))	3	88
(4739, 10, 1362, t1) & (1841, 55, 2829, t2=t1+(0, 5)) & (2829, 149, 4739, t3=t2+(0, 3)) -> (2829, 55, 4739, t4=t3+(1, 4))	3	89
(1155, 121, 4881, t1) & (4520, 160, 1910, t2=t1+(0, 8)) & (4520, 10, 4881, t3=t2+(0, 5)) -> (4881, 121, 1155, t4=t3+(1, 6))	3	90
(3954, 193, 3457, t1) & (3032, 137, 3397, t2=t1+(0, 3)) & (3457, 117, 3032, t3=t2+(0, 5)) -> (3032, 137, 3457, t4=t3+(1, 8))	3	91
(2239, 122, 3599, t1) & (4849, 64, 1079, t2=t1+(0, 6)) & (4849, 138, 2239, t3=t2+(0, 4)) -> (4849, 122, 3599, t4=t3+(1, 4))	3	92
(3803, 135, 1098, t1) & (605, 118, 2832, t2=t1+(0, 9)) & (605, 124, 3803, t3=t2+(0, 5)) -> (605, 135, 605, t4=t3+(1, 7))	3	93
(3648, 1, 3617, t1) & (3314, 165, 123, t2=t1+(0, 4)) & (3648, 166, 123, t3=t2+(0, 4)) -> (3648, 1, 123, t4=t3+(1, 5))	3	94
(4872, 168, 3987, t1) & (1166, 148, 2765, t2=t1+(0, 7)) & (3987, 197, 2765, t3=t2+(0, 7)) -> (3987, 148, 1166, t4=t3+(1, 3))	3	95
(3456, 26, 3236, t1) & (3466, 176, 1625, t2=t1+(0, 5)) & (1625, 33, 3236, t3=t2+(0, 3)) -> (3456, 33, 3236, t4=t3+(1, 3))	3	96
(4096, 108, 243, t1) & (207, 28, 2548, t2=t1+(0, 8)) & (2548, 123, 4096, t3=t2+(0, 7)) -> (243, 123, 2548, t4=t3+(1, 5))	3	97
(2738, 130, 3754, t1) & (991, 27, 808, t2=t1+(0, 8)) & (808, 177, 2738, t3=t2+(0, 13)) -> (808, 27, 808, t4=t3+(1, 8))	3	98
(2131, 121, 2673, t1) & (3057, 104, 2887, t2=t1+(0, 1)) & (3057, 148, 2673, t3=t2+(0, 4)) -> (3057, 104, 3057, t4=t3+(1, 8))	3	99
(1999, 71, 2655, t1) & (4216, 91, 4940, t2=t1+(0, 9)) & (2655, 18, 4216, t3=t2+(0, 6)) -> (4940, 18, 1999, t4=t3+(1, 6))	3	100
(2027, 181, 4751, t1) & (3323, 146, 325, t2=t1+(0, 4)) & (4751, 170, 325, t3=t2+(0, 4)) -> (4751, 181, 325, t4=t3+(1, 8))	3	101
(3655, 43, 1360, t1) & (3292, 36, 1589, t2=t1+(0, 5)) & (3292, 75, 1360, t3=t2+(0, 6)) -> (1360, 43, 1589, t4=t3+(1, 3))	3	102
(4493, 72, 2414, t1) & (961, 122, 3641, t2=t1+(0, 3)) & (4493, 31, 3641, t3=t2+(0, 8)) -> (4493, 72, 961, t4=t3+(1, 3))	3	103
(4513, 51, 4553, t1) & (908, 61, 3190, t2=t1+(0, 5)) & (4553, 120, 3190, t3=t2+(0, 7)) -> (3190, 61, 908, t4=t3+(1, 5))	3	104
(4139, 29, 4892, t1) & (4506, 64, 1229, t2=t1+(0, 7)) & (1229, 94, 4892, t3=t2+(0, 8)) -> (4892, 64, 4506, t4=t3+(1, 2))	3	105
(3681, 126, 2671, t1) & (4838, 24, 2348, t2=t1+(0, 9)) & (3681, 18, 2348, t3=t2+(0, 3)) -> (3681, 126, 3681, t4=t3+(1, 4))	3	106
(1359, 50, 2576, t1) & (3018, 180, 1350, t2=t1+(0, 5)) & (1350, 92, 2576, t3=t2+(0, 6)) -> (1350, 180, 3018, t4=t3+(1, 3))	3	107
(4077, 178, 2871, t1) & (4702, 130, 925, t2=t1+(0, 4)) & (925, 101, 4077, t3=t2+(0, 6)) -> (4077, 101, 925, t4=t3+(1, 4))	3	108
(3996, 61, 2544, t1) & (3105, 131, 1107, t2=t1+(0, 4)) & (2544, 37, 1107, t3=t2+(0, 7)) -> (3105, 61, 2544, t4=t3+(1, 5))	3	109
(2468, 10, 2980, t1) & (245, 93, 891, t2=t1+(0, 5)) & (245, 114, 2468, t3=t2+(0, 6)) -> (891, 10, 245, t4=t3+(1, 4))	3	110
(869, 56, 2139, t1) & (1594, 60, 2582, t2=t1+(0, 6)) & (1594, 116, 869, t3=t2+(0, 4)) -> (1594, 60, 869, t4=t3+(1, 5))	3	111
(1740, 123, 3748, t1) & (2782, 19, 3888, t2=t1+(0, 7)) & (3888, 48, 3748, t3=t2+(0, 4)) -> (3748, 123, 1740, t4=t3+(1, 6))	3	112
(1699, 136, 125, t1) & (4671, 118, 2171, t2=t1+(0, 7)) & (4671, 191, 1699, t3=t2+(0, 6)) -> (1699, 136, 1699, t4=t3+(1, 6))	3	113
(4468, 195, 3690, t1) & (1296, 90, 378, t2=t1+(0, 7)) & (3690, 106, 1296, t3=t2+(0, 2)) -> (3690, 106, 3690, t4=t3+(1, 6))	3	114
(4953, 83, 990, t1) & (2199, 72, 1806, t2=t1+(0, 5)) & (1806, 169, 990, t3=t2+(0, 2)) -> (990, 169, 2199, t4=t3+(1, 8))	3	115
(4854, 121, 1598, t1) & (3479, 119, 846, t2=t1+(0, 4)) & (3479, 145, 4854, t3=t2+(0, 6)) -> (4854, 121, 3479, t4=t3+(1, 5))	3	116
(3391, 171, 4977, t1) & (1459, 101, 2722, t2=t1+(0, 7)) & (4977, 196, 1459, t3=t2+(0, 5)) -> (4977, 101, 3391, t4=t3+(1, 2))	3	117
(4385, 0, 4617, t1) & (3206, 32, 4815, t2=t1+(0, 4)) & (4617, 106, 4815, t3=t2+(0, 3)) -> (4385, 106, 4385, t4=t3+(1, 5))	3	118
(4300, 120, 3595, t1) & (78, 37, 1582, t2=t1+(0, 5)) & (4300, 80, 1582, t3=t2+(0, 4)) -> (78, 37, 3595, t4=t3+(1, 7))	3	119
(1183, 45, 1020, t1) & (4952, 76, 2287, t2=t1+(0, 8)) & (1020, 2, 4952, t3=t2+(0, 5)) -> (1183, 45, 2287, t4=t3+(1, 4))	3	120
(2911, 150, 579, t1) & (2394, 8, 2617, t2=t1+(0, 3)) & (579, 97, 2617, t3=t2+(0, 1)) -> (2394, 8, 2911, t4=t3+(1, 5))	3	121
(845, 58, 1797, t1) & (404, 33, 2878, t2=t1+(0, 2)) & (2878, 14, 1797, t3=t2+(0, 7)) -> (1797, 58, 404, t4=t3+(1, 3))	3	122
(790, 95, 2970, t1) & (4049, 168, 2654, t2=t1+(0, 4)) & (2970, 42, 4049, t3=t2+(0, 7)) -> (4049, 95, 2970, t4=t3+(1, 3))	3	123
(3174, 144, 4391, t1) & (3312, 19, 3506, t2=t1+(0, 7)) & (3506, 71, 3174, t3=t2+(0, 7)) -> (4391, 19, 3506, t4=t3+(1, 5))	3	124
(4573, 99, 2542, t1) & (268, 155, 2552, t2=t1+(0, 2)) & (4573, 65, 268, t3=t2+(0, 5)) -> (268, 155, 2552, t4=t3+(1, 4))	3	125
(2724, 46, 4324, t1) & (4260, 153, 986, t2=t1+(0, 5)) & (986, 16, 4324, t3=t2+(0, 6)) -> (4260, 16, 4324, t4=t3+(1, 4))	3	126
(554, 114, 4576, t1) & (3411, 187, 2142, t2=t1+(0, 3)) & (554, 60, 3411, t3=t2+(0, 5)) -> (3411, 60, 2142, t4=t3+(1, 3))	3	127
(284, 165, 294, t1) & (1267, 91, 4964, t2=t1+(0, 7)) & (284, 12, 4964, t3=t2+(0, 6)) -> (4964, 165, 294, t4=t3+(1, 7))	3	128
(3737, 64, 1229, t1) & (4253, 40, 4186, t2=t1+(0, 3)) & (1229, 34, 4186, t3=t2+(0, 4)) -> (4186, 40, 1229, t4=t3+(1, 7))	3	129
(4386, 49, 3694, t1) & (4066, 156, 2122, t2=t1+(0, 4)) & (4386, 181, 2122, t3=t2+(0, 9)) -> (2122, 49, 2122, t4=t3+(1, 6))	3	130
(4794, 188, 3474, t1) & (2575, 96, 781, t2=t1+(0, 9)) & (3474, 12, 2575, t3=t2+(0, 3)) -> (781, 188, 4794, t4=t3+(1, 4))	3	131
(4987, 66, 4871, t1) & (2663, 51, 4373, t2=t1+(0, 3)) & (4871, 46, 2663, t3=t2+(0, 4)) -> (4373, 66, 2663, t4=t3+(1, 4))	3	132
(2598, 89, 4310, t1) & (870, 71, 3328, t2=t1+(0, 3)) & (870, 172, 4310, t3=t2+(0, 8)) -> (3328, 172, 3328, t4=t3+(1, 2))	3	133
(511, 183, 2756, t1) & (2115, 34, 1662, t2=t1+(0, 4)) & (1662, 199, 2756, t3=t2+(0, 4)) -> (1662, 199, 2115, t4=t3+(1, 3))	3	134
(4766, 63, 2465, t1) & (671, 193, 4753, t2=t1+(0, 2)) & (2465, 64, 671, t3=t2+(0, 3)) -> (2465, 193, 2465, t4=t3+(1, 5))	3	135
(2910, 141, 3735, t1) & (2462, 10, 1608, t2=t1+(0, 4)) & (3735, 36, 2462, t3=t2+(0, 4)) -> (1608, 141, 1608, t4=t3+(1, 8))	3	136
(50, 3, 3466, t1) & (651, 49, 1635, t2=t1+(0, 6)) & (651, 97, 50, t3=t2+(0, 9)) -> (651, 97, 50, t4=t3+(1, 6))	3	137
(2812, 26, 581, t1) & (1500, 81, 3128, t2=t1+(0, 8)) & (581, 74, 1500, t3=t2+(0, 3)) -> (3128, 74, 1500, t4=t3+(1, 5))	3	138
(1594, 134, 3271, t1) & (2476, 45, 1405, t2=t1+(0, 4)) & (1405, 61, 1594, t3=t2+(0, 8)) -> (2476, 45, 1405, t4=t3+(1, 13))	3	139
(2004, 96, 2554, t1) & (516, 153, 3167, t2=t1+(0, 2)) & (516, 109, 2554, t3=t2+(0, 6)) -> (3167, 153, 3167, t4=t3+(1, 6))	3	140
(1458, 94, 2018, t1) & (3093, 163, 1437, t2=t1+(0, 7)) & (1437, 199, 2018, t3=t2+(0, 6)) -> (1437, 94, 1437, t4=t3+(1, 7))	3	141
(11, 173, 1465, t1) & (3296, 198, 146, t2=t1+(0, 7)) & (1465, 106, 3296, t3=t2+(0, 3)) -> (1465, 198, 3296, t4=t3+(1, 5))	3	142
(563, 110, 4751, t1) & (2586, 192, 4294, t2=t1+(0, 2)) & (4751, 75, 2586, t3=t2+(0, 2)) -> (2586, 75, 2586, t4=t3+(1, 4))	3	143
(32, 51, 1075, t1) & (4167, 136, 2258, t2=t1+(0, 1)) & (32, 40, 2258, t3=t2+(0, 4)) -> (2258, 40, 4167, t4=t3+(1, 5))	3	144
(1407, 138, 2785, t1) & (4997, 153, 1586, t2=t1+(0, 5)) & (4997, 40, 2785, t3=t2+(0, 5)) -> (1407, 138, 1586, t4=t3+(1, 3))	3	145
(4747, 155, 3976, t1) & (4159, 145, 2620, t2=t1+(0, 1)) & (4747, 29, 2620, t3=t2+(0, 6)) -> (3976, 155, 4747, t4=t3+(1, 2))	3	146
(1521, 143, 2421, t1) & (3581, 161, 2241, t2=t1+(0, 2)) & (2421, 54, 3581, t3=t2+(0, 6)) -> (3581, 161, 2241, t4=t3+(1, 3))	3	147
(2382, 141, 3296, t1) & (1693, 45, 3358, t2=t1+(0, 4)) & (3296, 39, 1693, t3=t2+(0, 4)) -> (1693, 39, 3296, t4=t3+(1, 5))	3	148
(2505, 92, 1927, t1) & (2635, 130, 1387, t2=t1+(0, 2)) & (1927, 60, 1387, t3=t2+(0, 6)) -> (2505, 92, 1927, t4=t3+(1, 2))	3	149
(4381, 83, 44, t1) & (834, 47, 1842, t2=t1+(0, 5)) & (834, 182, 44, t3=t2+(0, 2)) -> (834, 182, 44, t4=t3+(1, 7))	3	150
(666, 104, 3424, t1) & (1465, 27, 2598, t2=t1+(0, 5)) & (1465, 45, 666, t3=t2+(0, 4)) -> (666, 45, 1465, t4=t3+(1, 7))	3	151
(3317, 64, 3983, t1) & (2449, 101, 3204, t2=t1+(0, 4)) & (2449, 199, 3317, t3=t2+(0, 3)) -> (3204, 199, 2449, t4=t3+(1, 6))	3	152
(1694, 126, 3764, t1) & (325, 100, 3051, t2=t1+(0, 7)) & (325, 197, 1694, t3=t2+(0, 3)) -> (3764, 100, 1694, t4=t3+(1, 4))	3	153
(4598, 114, 1495, t1) & (3664, 167, 2444, t2=t1+(0, 7)) & (1495, 113, 3664, t3=t2+(0, 8)) -> (1495, 113, 2444, t4=t3+(1, 7))	3	154
(424, 44, 4427, t1) & (4478, 76, 3361, t2=t1+(0, 5)) & (424, 184, 3361, t3=t2+(0, 3)) -> (424, 44, 4427, t4=t3+(1, 6))	3	155
(299, 59, 1794, t1) & (840, 19, 2736, t2=t1+(0, 3)) & (840, 176, 299, t3=t2+(0, 2)) -> (299, 176, 840, t4=t3+(1, 4))	3	156
(3551, 186, 532, t1) & (3025, 60, 732, t2=t1+(0, 5)) & (3025, 194, 532, t3=t2+(0, 5)) -> (3025, 60, 732, t4=t3+(1, 6))	3	157
(134, 10, 2569, t1) & (295, 95, 2387, t2=t1+(0, 1)) & (2569, 21, 2387, t3=t2+(0, 8)) -> (295, 95, 2387, t4=t3+(1, 4))	3	158
(4912, 64, 3848, t1) & (4389, 1, 3365, t2=t1+(0, 7)) & (4912, 160, 3365, t3=t2+(0, 2)) -> (4912, 64, 4912, t4=t3+(1, 3))	3	159
(112, 103, 4069, t1) & (262, 174, 4039, t2=t1+(0, 3)) & (112, 127, 262, t3=t2+(0, 6)) -> (262, 127, 4039, t4=t3+(1, 2))	3	160
(3269, 85, 1161, t1) & (4458, 126, 4097, t2=t1+(0, 6)) & (1161, 167, 4458, t3=t2+(0, 6)) -> (3269, 126, 4097, t4=t3+(1, 6))	3	161
(346, 44, 1262, t1) & (935, 107, 390, t2=t1+(0, 5)) & (1262, 91, 935, t3=t2+(0, 5)) -> (1262, 107, 1262, t4=t3+(1, 7))	3	162
(33, 72, 96, t1) & (3539, 113, 2962, t2=t1+(0, 1)) & (33, 194, 3539, t3=t2+(0, 2)) -> (33, 72, 2962, t4=t3+(1, 4))	3	163
(2977, 57, 2486, t1) & (4184, 155, 2224, t2=t1+(0, 7)) & (2224, 141, 2486, t3=t2+(0, 4)) -> (2224, 57, 4184, t4=t3+(1, 7))	3	164
(3180, 163, 3545, t1) & (1941, 148, 3550, t2=t1+(0, 9)) & (1941, 33, 3545, t3=t2+(0, 3)) -> (3550, 163, 1941, t4=t3+(1, 3))	3	165
(2856, 14, 3011, t1) & (4866, 164, 1316, t2=t1+(0, 6)) & (1316, 44, 2856, t3=t2+(0, 3)) -> (2856, 14, 2856, t4=t3+(1, 7))	3	166
(194, 92, 2181, t1) & (1260, 145, 2610, t2=t1+(0, 3)) & (194, 185, 2610, t3=t2+(0, 4)) -> (2181, 92, 2610, t4=t3+(1, 8))	3	167
(1946, 183, 4791, t1) & (3961, 72, 3609, t2=t1+(0, 9)) & (3961, 53, 4791, t3=t2+(0, 8)) -> (3961, 183, 3961, t4=t3+(1, 3))	3	168
(2533, 48, 3298, t1) & (705, 144, 2220, t2=t1+(0, 4)) & (705, 152, 3298, t3=t2+(0, 5)) -> (3298, 144, 705, t4=t3+(1, 4))	3	169
(4280, 4, 3616, t1) & (2692, 42, 4336, t2=t1+(0, 4)) & (3616, 79, 4336, t3=t2+(0, 6)) -> (3616, 4, 3616, t4=t3+(1, 5))	3	170
(1177, 97, 106, t1) & (1651, 87, 2743, t2=t1+(0, 7)) & (106, 110, 2743, t3=t2+(0, 3)) -> (2743, 110, 106, t4=t3+(1, 5))	3	171
(4733, 177, 4737, t1) & (1540, 12, 4865, t2=t1+(0, 6)) & (4737, 35, 4865, t3=t2+(0, 2)) -> (4865, 35, 4865, t4=t3+(1, 4))	3	172
(2314, 105, 2062, t1) & (2804, 134, 104, t2=t1+(0, 2)) & (104, 99, 2314, t3=t2+(0, 4)) -> (2062, 134, 2314, t4=t3+(1, 2))	3	173
(538, 8, 575, t1) & (2520, 196, 3340, t2=t1+(0, 6)) & (3340, 38, 538, t3=t2+(0, 5)) -> (538, 196, 3340, t4=t3+(1, 5))	3	174
(3362, 173, 2932, t1) & (823, 11, 1414, t2=t1+(0, 4)) & (3362, 89, 823, t3=t2+(0, 2)) -> (3362, 89, 1414, t4=t3+(1, 8))	3	175
(58, 132, 1536, t1) & (124, 57, 3966, t2=t1+(0, 7)) & (1536, 39, 124, t3=t2+(0, 9)) -> (124, 132, 1536, t4=t3+(1, 4))	3	176
(2243, 123, 3516, t1) & (2363, 111, 1501, t2=t1+(0, 4)) & (3516, 26, 2363, t3=t2+(0, 7)) -> (3516, 26, 1501, t4=t3+(1, 2))	3	177
(2819, 58, 3198, t1) & (4417, 198, 2733, t2=t1+(0, 5)) & (4417, 126, 3198, t3=t2+(0, 3)) -> (3198, 58, 2733, t4=t3+(1, 4))	3	178
(3217, 63, 1431, t1) & (3453, 18, 4014, t2=t1+(0, 2)) & (1431, 106, 4014, t3=t2+(0, 5)) -> (1431, 63, 4014, t4=t3+(1, 2))	3	179
(352, 137, 988, t1) & (1397, 79, 2281, t2=t1+(0, 7)) & (2281, 195, 352, t3=t2+(0, 4)) -> (352, 137, 352, t4=t3+(1, 10))	3	180
(2936, 60, 1902, t1) & (3177, 96, 4341, t2=t1+(0, 2)) & (4341, 27, 2936, t3=t2+(0, 8)) -> (4341, 27, 2936, t4=t3+(1, 8))	3	181
(3361, 16, 960, t1) & (4392, 158, 2393, t2=t1+(0, 5)) & (3361, 65, 2393, t3=t2+(0, 7)) -> (4392, 158, 4392, t4=t3+(1, 7))	3	182
(1710, 77, 2300, t1) & (3363, 143, 946, t2=t1+(0, 5)) & (3363, 42, 2300, t3=t2+(0, 4)) -> (3363, 77, 946, t4=t3+(1, 2))	3	183
(4938, 199, 1041, t1) & (2126, 66, 2068, t2=t1+(0, 9)) & (1041, 62, 2126, t3=t2+(0, 8)) -> (2126, 62, 1041, t4=t3+(1, 7))	3	184
(1717, 174, 747, t1) & (1513, 155, 4589, t2=t1+(0, 5)) & (747, 102, 4589, t3=t2+(0, 4)) -> (4589, 155, 4589, t4=t3+(1, 2))	3	185
(4154, 100, 198, t1) & (2850, 124, 3406, t2=t1+(0, 3)) & (4154, 185, 2850, t3=t2+(0, 4)) -> (4154, 100, 2850, t4=t3+(1, 3))	3	186
(3683, 59, 1509, t1) & (4026, 82, 3494, t2=t1+(0, 9)) & (3494, 28, 3683, t3=t2+(0, 6)) -> (4026, 28, 4026, t4=t3+(1, 5))	3	187
(2046, 199, 3447, t1) & (4374, 12, 2313, t2=t1+(0, 7)) & (3447, 77, 2313, t3=t2+(0, 4)) -> (2313, 77, 3447, t4=t3+(1, 2))	3	188
(1229, 85, 2969, t1) & (3289, 11, 3143, t2=t1+(0, 6)) & (1229, 76, 3143, t3=t2+(0, 5)) -> (3143, 85, 2969, t4=t3+(1, 8))	3	189
(676, 188, 4059, t1) & (4103, 178, 3671, t2=t1+(0, 2)) & (3671, 5, 4059, t3=t2+(0, 3)) -> (4059, 5, 3671, t4=t3+(1, 5))	3	190
(3565, 67, 1783, t1) & (4558, 65, 3140, t2=t1+(0, 2)) & (1783, 4, 4558, t3=t2+(0, 2)) -> (1783, 4, 3140, t4=t3+(1, 7))	3	191
(4231, 55, 4051, t1) & (267, 57, 4513, t2=t1+(0, 2)) & (4513, 14, 4051, t3=t2+(0, 9)) -> (4051, 57, 267, t4=t3+(1, 12))	3	192
(2089, 173, 920, t1) & (2745, 75, 885, t2=t1+(0, 4)) & (2745, 24, 920, t3=t2+(0, 4)) -> (920, 75, 2745, t4=t3+(1, 10))	3	193
(3770, 185, 3604, t1) & (1178, 5, 891, t2=t1+(0, 6)) & (891, 181, 3604, t3=t2+(0, 4)) -> (3770, 185, 3770, t4=t3+(1, 5))	3	194
(3490, 25, 3959, t1) & (2458, 58, 1384, t2=t1+(0, 6)) & (1384, 143, 3490, t3=t2+(0, 4)) -> (3959, 25, 3490, t4=t3+(1, 5))	3	195
(3475, 46, 4070, t1) & (3742, 48, 4031, t2=t1+(0, 2)) & (3742, 110, 4070, t3=t2+(0, 4)) -> (4031, 46, 3742, t4=t3+(1, 6))	3	196
(259, 167, 1585, t1) & (4329, 181, 2934, t2=t1+(0, 5)) & (4329, 15, 1585, t3=t2+(0, 4)) -> (259, 15, 259, t4=t3+(1, 3))	3	197
(4884, 192, 3655, t1) & (1748, 162, 1573, t2=t1+(0, 4)) & (1748, 110, 4884, t3=t2+(0, 1)) -> (1748, 162, 1573, t4=t3+(1, 3))	3	198
(4267, 71, 3827, t1) & (3229, 111, 4223, t2=t1+(0, 2)) & (4223, 54, 4267, t3=t2+(0, 5)) -> (3229, 111, 4223, t4=t3+(1, 4))	3	199
(1594, 151, 3539, t1) & (4425, 109, 4278, t2=t1+(0, 6)) & (4278, 21, 1594, t3=t2+(0, 5)) -> (4425, 109, 1594, t4=t3+(1, 3))	3	200
(4973, 155, 522, t1) & (2474, 69, 1657, t2=t1+(0, 6)) & (2474, 22, 522, t3=t2+(0, 1)) -> (2474, 69, 522, t4=t3+(1, 4))	3	201
(1500, 144, 4297, t1) & (2426, 19, 3534, t2=t1+(0, 4)) & (3534, 123, 1500, t3=t2+(0, 4)) -> (2426, 123, 3534, t4=t3+(1, 8))	3	202
(1869, 137, 1061, t1) & (2840, 46, 1986, t2=t1+(0, 3)) & (1986, 122, 1061, t3=t2+(0, 7)) -> (1061, 46, 2840, t4=t3+(1, 6))	3	203
(4808, 66, 3841, t1) & (1219, 67, 1750, t2=t1+(0, 5)) & (1750, 17, 4808, t3=t2+(0, 1)) -> (1219, 17, 1219, t4=t3+(1, 3))	3	204
(339, 108, 1718, t1) & (1574, 166, 2562, t2=t1+(0, 5)) & (1574, 9, 339, t3=t2+(0, 7)) -> (1574, 166, 339, t4=t3+(1, 5))	3	205
(2181, 130, 3186, t1) & (3232, 3, 723, t2=t1+(0, 5)) & (723, 190, 3186, t3=t2+(0, 3)) -> (723, 190, 3232, t4=t3+(1, 2))	3	206
(1550, 57, 3630, t1) & (1958, 158, 3023, t2=t1+(0, 2)) & (3023, 169, 1550, t3=t2+(0, 2)) -> (1958, 57, 1550, t4=t3+(1, 10))	3	207
(3336, 80, 20, t1) & (754, 148, 1251, t2=t1+(0, 5)) & (3336, 20, 1251, t3=t2+(0, 5)) -> (754, 148, 3336, t4=t3+(1, 6))	3	208
(4688, 0, 3421, t1) & (1337, 147, 648, t2=t1+(0, 7)) & (1337, 149, 4688, t3=t2+(0, 7)) -> (4688, 147, 4688, t4=t3+(1, 6))	3	209
(3660, 103, 4150, t1) & (4997, 163, 2127, t2=t1+(0, 1)) & (3660, 30, 2127, t3=t2+(0, 5)) -> (4997, 163, 3660, t4=t3+(1, 4))	3	210
(2841, 123, 300, t1) & (736, 29, 2281, t2=t1+(0, 5)) & (736, 56, 2841, t3=t2+(0, 4)) -> (2281, 123, 736, t4=t3+(1, 5))	3	211
(4475, 8, 4876, t1) & (4098, 75, 186, t2=t1+(0, 7)) & (186, 7, 4876, t3=t2+(0, 4)) -> (4475, 8, 186, t4=t3+(1, 4))	3	212
(1709, 93, 1802, t1) & (1106, 141, 1100, t2=t1+(0, 7)) & (1709, 155, 1100, t3=t2+(0, 6)) -> (1709, 141, 1709, t4=t3+(1, 7))	3	213
(4468, 170, 4836, t1) & (1467, 151, 2941, t2=t1+(0, 4)) & (4836, 15, 2941, t3=t2+(0, 6)) -> (4468, 151, 4468, t4=t3+(1, 5))	3	214
(2503, 13, 4463, t1) & (921, 39, 1444, t2=t1+(0, 5)) & (4463, 104, 921, t3=t2+(0, 3)) -> (921, 104, 1444, t4=t3+(1, 7))	3	215
(2588, 9, 2318, t1) & (3759, 174, 1001, t2=t1+(0, 3)) & (2588, 110, 1001, t3=t2+(0, 6)) -> (2318, 110, 2588, t4=t3+(1, 2))	3	216
(4615, 109, 4439, t1) & (666, 71, 2597, t2=t1+(0, 9)) & (666, 86, 4615, t3=t2+(0, 4)) -> (666, 71, 666, t4=t3+(1, 6))	3	217
(4810, 12, 3843, t1) & (2200, 49, 3535, t2=t1+(0, 0)) & (3843, 169, 2200, t3=t2+(0, 7)) -> (2200, 49, 4810, t4=t3+(1, 5))	3	218
(990, 39, 2321, t1) & (4382, 169, 4435, t2=t1+(0, 6)) & (4435, 58, 2321, t3=t2+(0, 1)) -> (4435, 58, 2321, t4=t3+(1, 7))	3	219
(1205, 142, 4673, t1) & (4413, 147, 207, t2=t1+(0, 4)) & (1205, 20, 4413, t3=t2+(0, 10)) -> (4413, 147, 4673, t4=t3+(1, 7))	3	220
(921, 9, 763, t1) & (2907, 137, 4439, t2=t1+(0, 1)) & (4439, 181, 763, t3=t2+(0, 4)) -> (2907, 137, 4439, t4=t3+(1, 3))	3	221
(2967, 32, 1798, t1) & (983, 89, 360, t2=t1+(0, 1)) & (360, 140, 2967, t3=t2+(0, 0)) -> (1798, 89, 360, t4=t3+(1, 5))	3	222
(4045, 110, 2627, t1) & (2070, 118, 3062, t2=t1+(0, 7)) & (3062, 38, 4045, t3=t2+(0, 3)) -> (3062, 118, 2070, t4=t3+(1, 6))	3	223
(2075, 44, 2033, t1) & (2120, 163, 730, t2=t1+(0, 11)) & (730, 6, 2033, t3=t2+(0, 5)) -> (2033, 6, 2075, t4=t3+(1, 5))	3	224
(4553, 38, 4640, t1) & (2340, 150, 199, t2=t1+(0, 4)) & (4553, 107, 2340, t3=t2+(0, 3)) -> (4553, 38, 4640, t4=t3+(1, 5))	3	225
(2366, 65, 1810, t1) & (839, 25, 4432, t2=t1+(0, 3)) & (1810, 77, 4432, t3=t2+(0, 7)) -> (2366, 25, 1810, t4=t3+(1, 6))	3	226
(4059, 21, 3454, t1) & (515, 185, 4582, t2=t1+(0, 6)) & (4059, 38, 515, t3=t2+(0, 4)) -> (515, 38, 3454, t4=t3+(1, 8))	3	227
(4542, 2, 3529, t1) & (450, 25, 2714, t2=t1+(0, 5)) & (3529, 76, 2714, t3=t2+(0, 6)) -> (3529, 76, 2714, t4=t3+(1, 5))	3	228
(4933, 11, 107, t1) & (1106, 54, 1819, t2=t1+(0, 9)) & (1106, 165, 107, t3=t2+(0, 2)) -> (1106, 54, 1106, t4=t3+(1, 3))	3	229
(2976, 131, 2758, t1) & (2592, 37, 3469, t2=t1+(0, 6)) & (3469, 136, 2758, t3=t2+(0, 7)) -> (2976, 37, 3469, t4=t3+(1, 6))	3	230
(1271, 154, 1797, t1) & (2392, 94, 1024, t2=t1+(0, 2)) & (1271, 102, 2392, t3=t2+(0, 5)) -> (1024, 154, 1271, t4=t3+(1, 8))	3	231
(640, 12, 4705, t1) & (4619, 41, 2172, t2=t1+(0, 10)) & (640, 169, 2172, t3=t2+(0, 1)) -> (2172, 12, 2172, t4=t3+(1, 6))	3	232
(541, 156, 1325, t1) & (3884, 194, 4738, t2=t1+(0, 3)) & (3884, 115, 541, t3=t2+(0, 5)) -> (3884, 156, 541, t4=t3+(1, 2))	3	233
(3202, 159, 2158, t1) & (4071, 164, 65, t2=t1+(0, 2)) & (3202, 179, 65, t3=t2+(0, 5)) -> (3202, 159, 4071, t4=t3+(1, 4))	3	234
(670, 127, 1504, t1) & (3489, 59, 4599, t2=t1+(0, 7)) & (3489, 106, 1504, t3=t2+(0, 6)) -> (1504, 59, 1504, t4=t3+(1, 2))	3	235
(1371, 126, 4912, t1) & (503, 152, 3648, t2=t1+(0, 4)) & (1371, 130, 503, t3=t2+(0, 6)) -> (3648, 152, 1371, t4=t3+(1, 4))	3	236
(2519, 17, 4339, t1) & (582, 164, 3907, t2=t1+(0, 10)) & (2519, 179, 3907, t3=t2+(0, 5)) -> (4339, 179, 3907, t4=t3+(1, 3))	3	237
(2190, 4, 902, t1) & (3527, 22, 2578, t2=t1+(0, 8)) & (2190, 26, 2578, t3=t2+(0, 4)) -> (902, 22, 2578, t4=t3+(1, 5))	3	238
(1448, 143, 344, t1) & (2648, 130, 4013, t2=t1+(0, 5)) & (1448, 7, 2648, t3=t2+(0, 1)) -> (2648, 130, 2648, t4=t3+(1, 4))	3	239
(4234, 102, 930, t1) & (3720, 44, 1900, t2=t1+(0, 1)) & (3720, 0, 930, t3=t2+(0, 5)) -> (930, 0, 930, t4=t3+(1, 3))	3	240
(1090, 3, 1815, t1) & (2306, 22, 4310, t2=t1+(0, 5)) & (1090, 128, 2306, t3=t2+(0, 5)) -> (1090, 22, 2306, t4=t3+(1, 6))	3	241
(447, 140, 3873, t1) & (4157, 72, 2651, t2=t1+(0, 4)) & (4157, 189, 3873, t3=t2+(0, 4)) -> (2651, 189, 3873, t4=t3+(1, 4))	3	242
(1186, 68, 2269, t1) & (405, 50, 4468, t2=t1+(0, 2)) & (405, 158, 2269, t3=t2+(0, 6)) -> (2269, 158, 405, t4=t3+(1, 5))	3	243
(1758, 9, 3530, t1) & (2462, 167, 2699, t2=t1+(0, 7)) & (2462, 72, 3530, t3=t2+(0, 2)) -> (2462, 9, 2462, t4=t3+(1, 5))	3	244
(1476, 66, 4078, t1) & (4305, 149, 326, t2=t1+(0, 2)) & (1476, 175, 326, t3=t2+(0, 7)) -> (326, 149, 326, t4=t3+(1, 5))	3	245
(2208, 145, 2780, t1) & (478, 87, 2512, t2=t1+(0, 3)) & (2208, 196, 2512, t3=t2+(0, 9)) -> (2780, 145, 2512, t4=t3+(1, 2))	3	246
(3028, 117, 3881, t1) & (4192, 61, 2295, t2=t1+(0, 6)) & (4192, 195, 3881, t3=t2+(0, 4)) -> (3028, 61, 3028, t4=t3+(1, 2))	3	247
(3271, 155, 2332, t1) & (3221, 185, 563, t2=t1+(0, 5)) & (563, 165, 2332, t3=t2+(0, 1)) -> (3271, 155, 2332, t4=t3+(1, 6))	3	248
(249, 178, 4822, t1) & (259, 59, 1537, t2=t1+(0, 4)) & (4822, 30, 259, t3=t2+(0, 5)) -> (4822, 59, 259, t4=t3+(1, 5))	3	249
(3089, 79, 4054, t1) & (389, 108, 1755, t2=t1+(0, 4)) & (1755, 145, 3089, t3=t2+(0, 8)) -> (1755, 79, 389, t4=t3+(1, 2))	3	250
(130, 1, 4539, t1) & (3821, 187, 1207, t2=t1+(0, 6)) & (4539, 25, 3821, t3=t2+(0, 7)) -> (130, 1, 130, t4=t3+(1, 6))	3	251
(346, 116, 928, t1) & (1171, 199, 4067, t2=t1+(0, 6)) & (4067, 111, 346, t3=t2+(0, 7)) -> (346, 111, 4067, t4=t3+(1, 6))	3	252
(2830, 43, 4560, t1) & (911, 51, 3128, t2=t1+(0, 1)) & (911, 44, 2830, t3=t2+(0, 5)) -> (2830, 44, 2830, t4=t3+(1, 6))	3	253
(1522, 105, 1810, t1) & (1780, 129, 1092, t2=t1+(0, 7)) & (1522, 168, 1092, t3=t2+(0, 7)) -> (1522, 129, 1092, t4=t3+(1, 2))	3	254
(2774, 133, 3869, t1) & (2054, 194, 4043, t2=t1+(0, 6)) & (4043, 15, 2774, t3=t2+(0, 6)) -> (2054, 194, 2774, t4=t3+(1, 3))	3	255
(2028, 119, 681, t1) & (1378, 52, 2904, t2=t1+(0, 3)) & (2028, 71, 2904, t3=t2+(0, 7)) -> (681, 71, 2028, t4=t3+(1, 3))	3	256
(4939, 184, 3117, t1) & (1035, 190, 2718, t2=t1+(0, 4)) & (3117, 178, 2718, t3=t2+(0, 6)) -> (2718, 178, 1035, t4=t3+(1, 6))	3	257
(3853, 0, 3552, t1) & (4780, 152, 3891, t2=t1+(0, 6)) & (4780, 45, 3552, t3=t2+(0, 3)) -> (4780, 45, 3552, t4=t3+(1, 6))	3	258
(1082, 32, 1133, t1) & (1536, 63, 3548, t2=t1+(0, 6)) & (3548, 54, 1133, t3=t2+(0, 4)) -> (1082, 32, 3548, t4=t3+(1, 7))	3	259
(47, 20, 4286, t1) & (3020, 13, 1292, t2=t1+(0, 6)) & (3020, 131, 47, t3=t2+(0, 9)) -> (3020, 131, 4286, t4=t3+(1, 8))	3	260
(2682, 128, 4996, t1) & (3458, 28, 4212, t2=t1+(0, 9)) & (4996, 97, 3458, t3=t2+(0, 5)) -> (4212, 128, 4212, t4=t3+(1, 8))	3	261
(4988, 28, 4047, t1) & (4675, 136, 2326, t2=t1+(0, 3)) & (4675, 30, 4988, t3=t2+(0, 0)) -> (4047, 28, 4047, t4=t3+(1, 3))	3	262
(2232, 76, 1350, t1) & (706, 32, 2583, t2=t1+(0, 4)) & (1350, 69, 2583, t3=t2+(0, 5)) -> (1350, 32, 1350, t4=t3+(1, 3))	3	263
(4523, 171, 1497, t1) & (2012, 120, 2620, t2=t1+(0, 5)) & (1497, 141, 2620, t3=t2+(0, 2)) -> (2620, 120, 1497, t4=t3+(1, 4))	3	264
(574, 154, 99, t1) & (2239, 114, 308, t2=t1+(0, 3)) & (308, 38, 99, t3=t2+(0, 6)) -> (308, 38, 308, t4=t3+(1, 4))	3	265
(2018, 166, 1419, t1) & (4241, 174, 2343, t2=t1+(0, 8)) & (1419, 122, 4241, t3=t2+(0, 7)) -> (1419, 174, 4241, t4=t3+(1, 2))	3	266
(440, 117, 3045, t1) & (1248, 20, 2834, t2=t1+(0, 6)) & (1248, 147, 440, t3=t2+(0, 6)) -> (440, 20, 440, t4=t3+(1, 4))	3	267
(2173, 173, 3130, t1) & (3153, 58, 4673, t2=t1+(0, 6)) & (3130, 98, 3153, t3=t2+(0, 3)) -> (2173, 98, 2173, t4=t3+(1, 6))	3	268
(3888, 192, 1036, t1) & (507, 90, 163, t2=t1+(0, 5)) & (507, 113, 3888, t3=t2+(0, 6)) -> (507, 192, 507, t4=t3+(1, 3))	3	269
(3660, 20, 4430, t1) & (1333, 49, 2075, t2=t1+(0, 2)) & (4430, 158, 1333, t3=t2+(0, 5)) -> (1333, 49, 2075, t4=t3+(1, 5))	3	270
(3317, 118, 4173, t1) & (4950, 111, 4757, t2=t1+(0, 3)) & (4173, 76, 4950, t3=t2+(0, 6)) -> (3317, 111, 4173, t4=t3+(1, 5))	3	271
(2501, 111, 657, t1) & (1949, 93, 843, t2=t1+(0, 4)) & (843, 127, 2501, t3=t2+(0, 1)) -> (843, 127, 843, t4=t3+(1, 8))	3	272
(2062, 196, 559, t1) & (4761, 197, 1592, t2=t1+(0, 2)) & (1592, 111, 559, t3=t2+(0, 8)) -> (559, 111, 4761, t4=t3+(1, 2))	3	273
(1051, 63, 3953, t1) & (4581, 141, 1643, t2=t1+(0, 6)) & (4581, 177, 1051, t3=t2+(0, 5)) -> (1051, 63, 1643, t4=t3+(1, 2))	3	274
(1520, 107, 565, t1) & (2572, 13, 856, t2=t1+(0, 3)) & (565, 176, 856, t3=t2+(0, 7)) -> (1520, 176, 2572, t4=t3+(1, 7))	3	275
(2121, 27, 2227, t1) & (2783, 158, 2459, t2=t1+(0, 3)) & (2783, 25, 2227, t3=t2+(0, 4)) -> (2227, 158, 2227, t4=t3+(1, 2))	3	276
(2348, 178, 3611, t1) & (2689, 11, 3163, t2=t1+(0, 11)) & (3163, 8, 3611, t3=t2+(0, 4)) -> (3163, 11, 2348, t4=t3+(1, 4))	3	277
(1772, 69, 2456, t1) & (1196, 3, 117, t2=t1+(0, 3)) & (1196, 194, 1772, t3=t2+(0, 3)) -> (117, 194, 1772, t4=t3+(1, 6))	3	278
(528, 141, 3432, t1) & (3320, 17, 3263, t2=t1+(0, 5)) & (528, 87, 3263, t3=t2+(0, 9)) -> (3263, 141, 3263, t4=t3+(1, 3))	3	279
(2263, 190, 59, t1) & (3800, 113, 242, t2=t1+(0, 5)) & (242, 41, 59, t3=t2+(0, 6)) -> (3800, 190, 2263, t4=t3+(1, 6))	3	280
(3703, 12, 3180, t1) & (2198, 110, 1405, t2=t1+(0, 3)) & (3180, 169, 2198, t3=t2+(0, 4)) -> (2198, 110, 1405, t4=t3+(1, 4))	3	281
(4797, 127, 2992, t1) & (1596, 20, 1081, t2=t1+(0, 2)) & (1596, 127, 2992, t3=t2+(0, 7)) -> (2992, 20, 4797, t4=t3+(1, 5))	3	282
(715, 20, 3524, t1) & (429, 104, 2155, t2=t1+(0, 3)) & (429, 11, 3524, t3=t2+(0, 4)) -> (2155, 20, 715, t4=t3+(1, 8))	3	283
(355, 7, 3373, t1) & (795, 116, 3124, t2=t1+(0, 5)) & (795, 101, 355, t3=t2+(0, 6)) -> (355, 101, 3124, t4=t3+(1, 5))	3	284
(417, 72, 3298, t1) & (3862, 83, 1084, t2=t1+(0, 8)) & (1084, 174, 417, t3=t2+(0, 2)) -> (417, 72, 1084, t4=t3+(1, 4))	3	285
(1358, 127, 307, t1) & (4892, 132, 600, t2=t1+(0, 4)) & (307, 176, 4892, t3=t2+(0, 10)) -> (1358, 127, 4892, t4=t3+(1, 2))	3	286
(385, 19, 987, t1) & (3145, 60, 4167, t2=t1+(0, 6)) & (4167, 130, 385, t3=t2+(0, 4)) -> (987, 130, 385, t4=t3+(1, 2))	3	287
(2296, 105, 3014, t1) & (3274, 140, 280, t2=t1+(0, 5)) & (2296, 142, 3274, t3=t2+(0, 3)) -> (3274, 140, 280, t4=t3+(1, 4))	3	288
(344, 16, 884, t1) & (1491, 166, 2986, t2=t1+(0, 4)) & (2986, 100, 344, t3=t2+(0, 5)) -> (1491, 100, 2986, t4=t3+(1, 8))	3	289
(1838, 88, 4709, t1) & (1658, 153, 3833, t2=t1+(0, 4)) & (3833, 78, 1838, t3=t2+(0, 2)) -> (3833, 78, 1838, t4=t3+(1, 2))	3	290
(1679, 161, 31, t1) & (4475, 191, 1233, t2=t1+(0, 6)) & (1679, 10, 4475, t3=t2+(0, 2)) -> (1233, 191, 1233, t4=t3+(1, 1))	3	291
(2866, 39, 4415, t1) & (4297, 7, 3501, t2=t1+(0, 7)) & (4297, 130, 4415, t3=t2+(0, 2)) -> (4415, 7, 2866, t4=t3+(1, 4))	3	292
(3536, 130, 1055, t1) & (4593, 33, 2870, t2=t1+(0, 8)) & (3536, 97, 4593, t3=t2+(0, 3)) -> (1055, 33, 3536, t4=t3+(1, 3))	3	293
(342, 150, 4488, t1) & (1955, 7, 2907, t2=t1+(0, 5)) & (4488, 112, 2907, t3=t2+(0, 2)) -> (1955, 7, 4488, t4=t3+(1, 6))	3	294
(1650, 78, 2881, t1) & (3824, 9, 3702, t2=t1+(0, 4)) & (3824, 148, 2881, t3=t2+(0, 6)) -> (2881, 148, 3824, t4=t3+(1, 9))	3	295
(2594, 14, 4824, t1) & (2654, 127, 340, t2=t1+(0, 4)) & (4824, 80, 2654, t3=t2+(0, 7)) -> (2654, 80, 2654, t4=t3+(1, 5))	3	296
(3767, 188, 3397, t1) & (1990, 51, 122, t2=t1+(0, 5)) & (122, 168, 3397, t3=t2+(0, 3)) -> (3397, 168, 3397, t4=t3+(1, 6))	3	297
(523, 0, 2328, t1) & (4867, 98, 890, t2=t1+(0, 6)) & (2328, 194, 890, t3=t2+(0, 3)) -> (523, 0, 4867, t4=t3+(1, 5))	3	298
(4067, 108, 441, t1) & (3107, 37, 2941, t2=t1+(0, 5)) & (441, 153, 2941, t3=t2+(0, 5)) -> (441, 108, 441, t4=t3+(1, 7))	3	299
(3841, 106, 4332, t1) & (2905, 99, 4980, t2=t1+(0, 8)) & (4332, 56, 4980, t3=t2+(0, 3)) -> (4980, 99, 4332, t4=t3+(1, 1))	3	300
(3706, 103, 2012, t1) & (2783, 75, 2852, t2=t1+(0, 6)) & (2012, 10, 2852, t3=t2+(0, 10)) -> (2012, 75, 2012, t4=t3+(1, 5))	3	301
(871, 8, 1454, t1) & (3550, 152, 2017, t2=t1+(0, 8)) & (2017, 197, 871, t3=t2+(0, 4)) -> (2017, 152, 871, t4=t3+(1, 4))	3	302
(2318, 134, 3159, t1) & (3595, 36, 646, t2=t1+(0, 8)) & (646, 121, 3159, t3=t2+(0, 4)) -> (2318, 36, 2318, t4=t3+(1, 6))	3	303
(2125, 100, 3569, t1) & (3607, 154, 3165, t2=t1+(0, 5)) & (3607, 113, 3569, t3=t2+(0, 2)) -> (3569, 100, 3607, t4=t3+(1, 3))	3	304
(4952, 195, 3072, t1) & (694, 53, 284, t2=t1+(0, 3)) & (4952, 129, 284, t3=t2+(0, 1)) -> (284, 53, 284, t4=t3+(1, 2))	3	305
(4758, 112, 3019, t1) & (3362, 31, 3211, t2=t1+(0, 3)) & (3211, 104, 3019, t3=t2+(0, 3)) -> (3211, 112, 4758, t4=t3+(1, 2))	3	306
(786, 21, 1862, t1) & (4762, 17, 2081, t2=t1+(0, 6)) & (4762, 86, 1862, t3=t2+(0, 6)) -> (4762, 86, 2081, t4=t3+(1, 7))	3	307
(480, 130, 471, t1) & (2130, 61, 215, t2=t1+(0, 9)) & (2130, 16, 471, t3=t2+(0, 11)) -> (2130, 16, 471, t4=t3+(1, 3))	3	308
(112, 88, 101, t1) & (3250, 103, 2152, t2=t1+(0, 9)) & (2152, 151, 101, t3=t2+(0, 8)) -> (2152, 103, 112, t4=t3+(1, 8))	3	309
(3890, 85, 653, t1) & (4299, 10, 698, t2=t1+(0, 6)) & (3890, 76, 4299, t3=t2+(0, 6)) -> (4299, 76, 3890, t4=t3+(1, 5))	3	310
(4537, 141, 4603, t1) & (2465, 22, 2038, t2=t1+(0, 4)) & (4603, 15, 2465, t3=t2+(0, 7)) -> (4603, 15, 2038, t4=t3+(1, 3))	3	311
(4349, 99, 1809, t1) & (1212, 162, 2118, t2=t1+(0, 4)) & (1809, 48, 2118, t3=t2+(0, 4)) -> (1809, 162, 2118, t4=t3+(1, 6))	3	312
(1822, 122, 3860, t1) & (3650, 23, 1034, t2=t1+(0, 5)) & (3860, 178, 3650, t3=t2+(0, 7)) -> (3860, 122, 1822, t4=t3+(1, 3))	3	313
(4696, 137, 2199, t1) & (2970, 16, 1805, t2=t1+(0, 5)) & (4696, 41, 1805, t3=t2+(0, 6)) -> (1805, 41, 4696, t4=t3+(1, 5))	3	314
(3494, 183, 192, t1) & (4639, 69, 2332, t2=t1+(0, 8)) & (3494, 68, 4639, t3=t2+(0, 6)) -> (4639, 183, 4639, t4=t3+(1, 4))	3	315
(2670, 77, 2979, t1) & (602, 105, 4022, t2=t1+(0, 7)) & (2979, 188, 602, t3=t2+(0, 4)) -> (602, 188, 602, t4=t3+(1, 2))	3	316
(2183, 13, 367, t1) & (3533, 121, 322, t2=t1+(0, 9)) & (2183, 145, 322, t3=t2+(0, 2)) -> (3533, 145, 367, t4=t3+(1, 7))	3	317
(680, 162, 4391, t1) & (1130, 87, 4465, t2=t1+(0, 3)) & (680, 155, 4465, t3=t2+(0, 3)) -> (1130, 162, 4465, t4=t3+(1, 5))	3	318
(1024, 9, 4170, t1) & (2787, 127, 1304, t2=t1+(0, 4)) & (4170, 64, 2787, t3=t2+(0, 4)) -> (1024, 64, 1024, t4=t3+(1, 5))	3	319
(4483, 43, 3490, t1) & (4401, 128, 776, t2=t1+(0, 2)) & (776, 36, 4483, t3=t2+(0, 0)) -> (3490, 43, 776, t4=t3+(1, 3))	3	320
(1328, 77, 1132, t1) & (4191, 148, 4191, t2=t1+(0, 5)) & (4191, 109, 1328, t3=t2+(0, 3)) -> (1132, 109, 4191, t4=t3+(1, 3))	3	321
(4113, 198, 3191, t1) & (4359, 1, 1501, t2=t1+(0, 3)) & (4113, 174, 4359, t3=t2+(0, 5)) -> (4113, 198, 4113, t4=t3+(1, 9))	3	322
(2549, 105, 2904, t1) & (2655, 157, 4963, t2=t1+(0, 6)) & (2655, 101, 2549, t3=t2+(0, 5)) -> (4963, 101, 2549, t4=t3+(1, 5))	3	323
(4599, 5, 1733, t1) & (3175, 197, 1645, t2=t1+(0, 5)) & (1645, 99, 1733, t3=t2+(0, 3)) -> (3175, 197, 1645, t4=t3+(1, 7))	3	324
(1001, 155, 4539, t1) & (4881, 28, 1771, t2=t1+(0, 2)) & (4539, 28, 4881, t3=t2+(0, 5)) -> (4881, 28, 4881, t4=t3+(1, 8))	3	325
(3804, 113, 2130, t1) & (3531, 162, 3443, t2=t1+(0, 7)) & (3804, 118, 3443, t3=t2+(0, 3)) -> (3443, 118, 2130, t4=t3+(1, 2))	3	326
(240, 18, 3865, t1) & (1451, 153, 4260, t2=t1+(0, 5)) & (3865, 97, 4260, t3=t2+(0, 2)) -> (3865, 153, 240, t4=t3+(1, 7))	3	327
(3816, 52, 1404, t1) & (2958, 51, 4034, t2=t1+(0, 7)) & (3816, 151, 4034, t3=t2+(0, 3)) -> (2958, 52, 4034, t4=t3+(1, 4))	3	328
(4166, 19, 1190, t1) & (750, 63, 4389, t2=t1+(0, 5)) & (750, 118, 1190, t3=t2+(0, 8)) -> (1190, 63, 4389, t4=t3+(1, 9))	3	329
(846, 19, 1082, t1) & (4863, 80, 4323, t2=t1+(0, 10)) & (1082, 105, 4863, t3=t2+(0, 2)) -> (1082, 19, 4323, t4=t3+(1, 10))	3	330
(2586, 169, 3907, t1) & (1032, 97, 2777, t2=t1+(0, 3)) & (1032, 36, 2586, t3=t2+(0, 4)) -> (1032, 36, 2586, t4=t3+(1, 6))	3	331
(1494, 118, 4044, t1) & (911, 161, 3752, t2=t1+(0, 5)) & (911, 51, 1494, t3=t2+(0, 3)) -> (4044, 161, 4044, t4=t3+(1, 4))	3	332
(1431, 125, 3917, t1) & (576, 169, 4072, t2=t1+(0, 6)) & (576, 24, 3917, t3=t2+(0, 4)) -> (4072, 169, 576, t4=t3+(1, 3))	3	333
(3918, 87, 715, t1) & (2200, 62, 4100, t2=t1+(0, 2)) & (2200, 126, 3918, t3=t2+(0, 1)) -> (3918, 87, 2200, t4=t3+(1, 4))	3	334
(4940, 75, 3875, t1) & (4728, 70, 345, t2=t1+(0, 7)) & (3875, 44, 345, t3=t2+(0, 7)) -> (345, 44, 3875, t4=t3+(1, 3))	3	335
(2068, 43, 4319, t1) & (4347, 28, 3464, t2=t1+(0, 4)) & (4347, 85, 2068, t3=t2+(0, 8)) -> (2068, 43, 2068, t4=t3+(1, 4))	3	336
(3296, 184, 4981, t1) & (1647, 85, 1022, t2=t1+(0, 5)) & (4981, 111, 1022, t3=t2+(0, 2)) -> (1022, 111, 4981, t4=t3+(1, 8))	3	337
(3556, 4, 2253, t1) & (4765, 30, 1836, t2=t1+(0, 4)) & (2253, 117, 4765, t3=t2+(0, 6)) -> (3556, 117, 3556, t4=t3+(1, 12))	3	338
(2954, 14, 3381, t1) & (245, 192, 4349, t2=t1+(0, 4)) & (3381, 5, 245, t3=t2+(0, 2)) -> (245, 192, 3381, t4=t3+(1, 4))	3	339
(4298, 22, 3845, t1) & (4704, 80, 3284, t2=t1+(0, 7)) & (3845, 101, 3284, t3=t2+(0, 7)) -> (4298, 22, 3845, t4=t3+(1, 1))	3	340
(3362, 23, 2053, t1) & (2045, 29, 3030, t2=t1+(0, 3)) & (2045, 108, 3362, t3=t2+(0, 8)) -> (2045, 108, 3362, t4=t3+(1, 3))	3	341
(4523, 93, 4076, t1) & (4745, 26, 321, t2=t1+(0, 2)) & (4523, 24, 321, t3=t2+(0, 5)) -> (321, 26, 4076, t4=t3+(1, 6))	3	342
(3832, 38, 3807, t1) & (1789, 135, 2287, t2=t1+(0, 6)) & (1789, 171, 3807, t3=t2+(0, 3)) -> (3807, 38, 2287, t4=t3+(1, 8))	3	343
(4083, 21, 3369, t1) & (4968, 147, 4, t2=t1+(0, 7)) & (4083, 183, 4, t3=t2+(0, 5)) -> (4968, 21, 4083, t4=t3+(1, 5))	3	344
(4421, 58, 4251, t1) & (3250, 70, 3498, t2=t1+(0, 8)) & (3498, 170, 4421, t3=t2+(0, 1)) -> (4421, 170, 3250, t4=t3+(1, 7))	3	345
(3302, 193, 1965, t1) & (2620, 174, 4813, t2=t1+(0, 1)) & (1965, 60, 4813, t3=t2+(0, 7)) -> (4813, 174, 1965, t4=t3+(1, 8))	3	346
(155, 68, 3734, t1) & (1604, 111, 1680, t2=t1+(0, 1)) & (155, 9, 1604, t3=t2+(0, 5)) -> (1604, 9, 155, t4=t3+(1, 4))	3	347
(2729, 199, 833, t1) & (3775, 148, 4340, t2=t1+(0, 4)) & (4340, 124, 833, t3=t2+(0, 3)) -> (3775, 148, 833, t4=t3+(1, 1))	3	348
(2767, 130, 1490, t1) & (3423, 115, 1121, t2=t1+(0, 8)) & (2767, 68, 3423, t3=t2+(0, 9)) -> (1490, 130, 3423, t4=t3+(1, 4))	3	349
(4447, 194, 1435, t1) & (2450, 14, 936, t2=t1+(0, 6)) & (4447, 163, 2450, t3=t2+(0, 5)) -> (2450, 14, 2450, t4=t3+(1, 7))	3	350
(4700, 119, 3938, t1) & (1703, 165, 1940, t2=t1+(0, 7)) & (1940, 47, 4700, t3=t2+(0, 8)) -> (1940, 165, 1940, t4=t3+(1, 4))	3	351
(578, 185, 636, t1) & (3144, 16, 2472, t2=t1+(0, 6)) & (636, 4, 2472, t3=t2+(0, 6)) -> (2472, 4, 2472, t4=t3+(1, 5))	3	352
(2071, 70, 4185, t1) & (1747, 15, 1263, t2=t1+(0, 3)) & (4185, 104, 1747, t3=t2+(0, 1)) -> (1263, 104, 4185, t4=t3+(1, 6))	3	353
(1467, 182, 3942, t1) & (1384, 26, 3794, t2=t1+(0, 6)) & (3794, 198, 3942, t3=t2+(0, 1)) -> (1384, 182, 1467, t4=t3+(1, 4))	3	354
(4579, 72, 4061, t1) & (267, 131, 837, t2=t1+(0, 3)) & (267, 126, 4061, t3=t2+(0, 8)) -> (267, 131, 267, t4=t3+(1, 6))	3	355
(254, 85, 1779, t1) & (2347, 39, 3699, t2=t1+(0, 4)) & (1779, 143, 2347, t3=t2+(0, 4)) -> (2347, 143, 3699, t4=t3+(1, 1))	3	356
(4128, 163, 3139, t1) & (2703, 174, 372, t2=t1+(0, 3)) & (2703, 131, 3139, t3=t2+(0, 3)) -> (2703, 163, 4128, t4=t3+(1, 6))	3	357
(676, 115, 470, t1) & (1827, 183, 254, t2=t1+(0, 3)) & (676, 56, 254, t3=t2+(0, 6)) -> (254, 56, 676, t4=t3+(1, 4))	3	358
(3984, 177, 3617, t1) & (3024, 164, 1355, t2=t1+(0, 4)) & (3617, 71, 3024, t3=t2+(0, 6)) -> (1355, 164, 3024, t4=t3+(1, 1))	3	359
(17, 77, 26, t1) & (2604, 15, 3394, t2=t1+(0, 5)) & (3394, 107, 26, t3=t2+(0, 8)) -> (3394, 107, 26, t4=t3+(1, 5))	3	360
(2117, 37, 2767, t1) & (3097, 121, 3977, t2=t1+(0, 7)) & (3097, 15, 2767, t3=t2+(0, 5)) -> (3097, 37, 3097, t4=t3+(1, 8))	3	361
(2940, 77, 1347, t1) & (4222, 186, 3540, t2=t1+(0, 2)) & (4222, 167, 1347, t3=t2+(0, 5)) -> (2940, 77, 1347, t4=t3+(1, 5))	3	362
(2877, 134, 615, t1) & (3995, 118, 2109, t2=t1+(0, 3)) & (2877, 52, 3995, t3=t2+(0, 4)) -> (2877, 52, 615, t4=t3+(1, 5))	3	363
(2313, 65, 4017, t1) & (4252, 13, 380, t2=t1+(0, 7)) & (4017, 161, 4252, t3=t2+(0, 8)) -> (4017, 13, 4017, t4=t3+(1, 3))	3	364
(3561, 26, 3622, t1) & (1056, 85, 1942, t2=t1+(0, 9)) & (3622, 122, 1942, t3=t2+(0, 6)) -> (3622, 85, 1942, t4=t3+(1, 3))	3	365
(2710, 54, 2304, t1) & (3698, 35, 2392, t2=t1+(0, 2)) & (2710, 172, 3698, t3=t2+(0, 6)) -> (3698, 54, 3698, t4=t3+(1, 5))	3	366
(3538, 109, 4960, t1) & (3844, 147, 4062, t2=t1+(0, 7)) & (4960, 74, 3844, t3=t2+(0, 3)) -> (4960, 109, 4960, t4=t3+(1, 3))	3	367
(3464, 115, 523, t1) & (641, 134, 4738, t2=t1+(0, 3)) & (3464, 45, 641, t3=t2+(0, 3)) -> (641, 45, 4738, t4=t3+(1, 3))	3	368
(18, 84, 4574, t1) & (3509, 72, 2043, t2=t1+(0, 7)) & (4574, 132, 2043, t3=t2+(0, 3)) -> (3509, 132, 3509, t4=t3+(1, 4))	3	369
(2335, 149, 1539, t1) & (170, 164, 703, t2=t1+(0, 3)) & (2335, 115, 703, t3=t2+(0, 5)) -> (703, 164, 2335, t4=t3+(1, 5))	3	370
(4240, 42, 4075, t1) & (3179, 23, 3347, t2=t1+(0, 6)) & (4240, 2, 3179, t3=t2+(0, 8)) -> (4240, 42, 4240, t4=t3+(1, 5))	3	371
(1489, 115, 2584, t1) & (1408, 83, 1940, t2=t1+(0, 13)) & (1408, 66, 1489, t3=t2+(0, 8)) -> (1408, 115, 1489, t4=t3+(1, 2))	3	372
(104, 43, 3570, t1) & (3059, 98, 4942, t2=t1+(0, 5)) & (3570, 19, 4942, t3=t2+(0, 6)) -> (3570, 19, 4942, t4=t3+(1, 3))	3	373
(4428, 45, 3632, t1) & (4068, 139, 1042, t2=t1+(0, 2)) & (4068, 36, 4428, t3=t2+(0, 2)) -> (4428, 45, 4428, t4=t3+(1, 3))	3	374
(2561, 123, 1609, t1) & (2396, 122, 3585, t2=t1+(0, 0)) & (2396, 49, 2561, t3=t2+(0, 2)) -> (2561, 122, 2396, t4=t3+(1, 3))	3	375
(3158, 62, 407, t1) & (10, 132, 841, t2=t1+(0, 2)) & (10, 4, 407, t3=t2+(0, 4)) -> (841, 62, 407, t4=t3+(1, 1))	3	376
(4907, 155, 1769, t1) & (3138, 42, 3711, t2=t1+(0, 7)) & (3138, 39, 1769, t3=t2+(0, 3)) -> (3138, 155, 3138, t4=t3+(1, 4))	3	377
(4068, 154, 2404, t1) & (3821, 180, 734, t2=t1+(0, 5)) & (734, 159, 2404, t3=t2+(0, 7)) -> (4068, 180, 2404, t4=t3+(1, 4))	3	378
(862, 140, 313, t1) & (3787, 53, 4029, t2=t1+(0, 4)) & (4029, 100, 313, t3=t2+(0, 4)) -> (4029, 100, 862, t4=t3+(1, 3))	3	379
(92, 188, 3786, t1) & (1423, 168, 1672, t2=t1+(0, 2)) & (3786, 124, 1672, t3=t2+(0, 8)) -> (3786, 124, 92, t4=t3+(1, 2))	3	380
(3316, 144, 2712, t1) & (947, 75, 1939, t2=t1+(0, 4)) & (1939, 72, 2712, t3=t2+(0, 8)) -> (1939, 72, 1939, t4=t3+(1, 6))	3	381
(4053, 86, 3655, t1) & (1735, 60, 707, t2=t1+(0, 4)) & (3655, 20, 1735, t3=t2+(0, 5)) -> (1735, 20, 707, t4=t3+(1, 6))	3	382
(968, 186, 3332, t1) & (2962, 179, 1808, t2=t1+(0, 3)) & (968, 145, 1808, t3=t2+(0, 5)) -> (1808, 145, 968, t4=t3+(1, 6))	3	383
(4184, 97, 3954, t1) & (2851, 40, 1967, t2=t1+(0, 7)) & (2851, 37, 3954, t3=t2+(0, 4)) -> (4184, 37, 2851, t4=t3+(1, 9))	3	384
(4730, 26, 4326, t1) & (124, 168, 2516, t2=t1+(0, 5)) & (4730, 119, 124, t3=t2+(0, 2)) -> (124, 168, 124, t4=t3+(1, 5))	3	385
(2917, 85, 3198, t1) & (2964, 160, 4958, t2=t1+(0, 2)) & (3198, 2, 4958, t3=t2+(0, 4)) -> (2964, 160, 2917, t4=t3+(1, 8))	3	386
(3975, 19, 1477, t1) & (3443, 121, 1480, t2=t1+(0, 3)) & (1477, 187, 1480, t3=t2+(0, 6)) -> (3443, 121, 3443, t4=t3+(1, 4))	3	387
(457, 100, 2613, t1) & (2493, 198, 3291, t2=t1+(0, 5)) & (2613, 123, 3291, t3=t2+(0, 6)) -> (3291, 198, 3291, t4=t3+(1, 3))	3	388
(1438, 146, 3026, t1) & (211, 4, 85, t2=t1+(0, 5)) & (3026, 179, 85, t3=t2+(0, 7)) -> (211, 146, 85, t4=t3+(1, 6))	3	389
(2308, 148, 591, t1) & (18, 132, 483, t2=t1+(0, 6)) & (483, 98, 2308, t3=t2+(0, 4)) -> (591, 98, 2308, t4=t3+(1, 3))	3	390
(3088, 68, 4386, t1) & (2475, 53, 585, t2=t1+(0, 1)) & (2475, 113, 4386, t3=t2+(0, 5)) -> (2475, 113, 3088, t4=t3+(1, 6))	3	391
(2512, 136, 4771, t1) & (2317, 184, 3932, t2=t1+(0, 5)) & (2317, 145, 4771, t3=t2+(0, 4)) -> (2512, 145, 4771, t4=t3+(1, 3))	3	392
(335, 159, 3090, t1) & (2103, 79, 2472, t2=t1+(0, 5)) & (335, 81, 2472, t3=t2+(0, 5)) -> (2472, 159, 2472, t4=t3+(1, 5))	3	393
(3073, 28, 770, t1) & (97, 19, 4606, t2=t1+(0, 11)) & (97, 87, 770, t3=t2+(0, 4)) -> (770, 19, 3073, t4=t3+(1, 5))	3	394
(3258, 62, 134, t1) & (2367, 48, 1711, t2=t1+(0, 2)) & (3258, 149, 2367, t3=t2+(0, 3)) -> (134, 62, 3258, t4=t3+(1, 4))	3	395
(3375, 82, 1415, t1) & (3603, 131, 4552, t2=t1+(0, 6)) & (3375, 86, 4552, t3=t2+(0, 5)) -> (3603, 86, 4552, t4=t3+(1, 7))	3	396
(2844, 107, 2648, t1) & (3749, 51, 559, t2=t1+(0, 11)) & (2648, 41, 3749, t3=t2+(0, 4)) -> (2648, 41, 3749, t4=t3+(1, 2))	3	397
(1155, 128, 4003, t1) & (4416, 74, 3731, t2=t1+(0, 8)) & (3731, 180, 1155, t3=t2+(0, 7)) -> (3731, 74, 4003, t4=t3+(1, 6))	3	398
(4682, 148, 4509, t1) & (1578, 56, 1245, t2=t1+(0, 8)) & (4682, 35, 1245, t3=t2+(0, 6)) -> (4682, 35, 1245, t4=t3+(1, 8))	3	399
(4087, 172, 290, t1) & (4087, 151, 290, t2=t1+(0, 8)) -> (4087, 172, 4087, t3=t2+(1, 2))	2	400
(3284, 167, 2179, t1) & (3284, 57, 2968, t2=t1+(0, 9)) -> (3284, 57, 2968, t3=t2+(1, 5))	2	401
(625, 97, 4972, t1) & (625, 71, 4972, t2=t1+(0, 3)) -> (4972, 97, 4972, t3=t2+(1, 5))	2	402
(4740, 52, 4117, t1) & (4117, 68, 1035, t2=t1+(0, 5)) -> (4740, 52, 1035, t3=t2+(1, 8))	2	403
(3170, 151, 3612, t1) & (3612, 59, 3170, t2=t1+(0, 6)) -> (3612, 151, 3170, t3=t2+(1, 8))	2	404
(1744, 100, 2374, t1) & (1744, 179, 2332, t2=t1+(0, 2)) -> (2332, 100, 1744, t3=t2+(1, 7))	2	405
(1396, 123, 4702, t1) & (1272, 197, 4702, t2=t1+(0, 2)) -> (4702, 123, 1272, t3=t2+(1, 2))	2	406
(2841, 91, 4023, t1) & (1613, 52, 4023, t2=t1+(0, 2)) -> (2841, 52, 2841, t3=t2+(1, 4))	2	407
(4263, 133, 1350, t1) & (2660, 181, 4263, t2=t1+(0, 3)) -> (4263, 133, 4263, t3=t2+(1, 2))	2	408
(810, 27, 1715, t1) & (810, 125, 810, t2=t1+(0, 2)) -> (810, 27, 810, t3=t2+(1, 4))	2	409
(3281, 39, 52, t1) & (3281, 96, 3281, t2=t1+(0, 6)) -> (52, 96, 3281, t3=t2+(1, 5))	2	410
(3811, 85, 3277, t1) & (3811, 38, 3118, t2=t1+(0, 7)) -> (3811, 85, 3811, t3=t2+(1, 2))	2	411
(1517, 63, 11, t1) & (11, 170, 1517, t2=t1+(0, 3)) -> (11, 170, 11, t3=t2+(1, 4))	2	412
(3065, 29, 3593, t1) & (3593, 195, 4040, t2=t1+(0, 8)) -> (3593, 29, 3065, t3=t2+(1, 5))	2	413
(2508, 15, 1674, t1) & (1674, 153, 2508, t2=t1+(0, 2)) -> (2508, 153, 1674, t3=t2+(1, 4))	2	414
(1669, 103, 3387, t1) & (1669, 101, 1669, t2=t1+(0, 5)) -> (3387, 103, 1669, t3=t2+(1, 7))	2	415
(3088, 110, 3543, t1) & (4879, 41, 3088, t2=t1+(0, 5)) -> (3088, 41, 3088, t3=t2+(1, 6))	2	416
(2636, 28, 2069, t1) & (4681, 104, 2636, t2=t1+(0, 3)) -> (2069, 28, 2636, t3=t2+(1, 7))	2	417
(3269, 44, 4301, t1) & (3269, 96, 4301, t2=t1+(0, 4)) -> (3269, 44, 4301, t3=t2+(1, 1))	2	418
(1784, 90, 2823, t1) & (1784, 3, 1958, t2=t1+(0, 7)) -> (2823, 90, 1958, t3=t2+(1, 5))	2	419
(1605, 48, 866, t1) & (1605, 57, 866, t2=t1+(0, 5)) -> (1605, 48, 866, t3=t2+(1, 7))	2	420
(390, 151, 1936, t1) & (1936, 103, 1936, t2=t1+(0, 8)) -> (1936, 151, 390, t3=t2+(1, 4))	2	421
(2768, 84, 3849, t1) & (2768, 59, 2768, t2=t1+(0, 4)) -> (3849, 59, 2768, t3=t2+(1, 5))	2	422
(662, 67, 1202, t1) & (662, 85, 2512, t2=t1+(0, 8)) -> (2512, 67, 2512, t3=t2+(1, 6))	2	423
(282, 47, 1619, t1) & (1619, 75, 4375, t2=t1+(0, 9)) -> (282, 47, 282, t3=t2+(1, 2))	2	424
(501, 98, 3629, t1) & (3629, 20, 3629, t2=t1+(0, 3)) -> (3629, 20, 3629, t3=t2+(1, 5))	2	425
(1385, 24, 1580, t1) & (1580, 134, 1580, t2=t1+(0, 6)) -> (1580, 134, 1385, t3=t2+(1, 6))	2	426
(3653, 188, 3924, t1) & (1311, 103, 3653, t2=t1+(0, 13)) -> (3924, 103, 3924, t3=t2+(1, 8))	2	427
(4081, 153, 4465, t1) & (4081, 90, 3435, t2=t1+(0, 8)) -> (3435, 90, 4081, t3=t2+(1, 5))	2	428
(2916, 117, 380, t1) & (380, 68, 3525, t2=t1+(0, 6)) -> (380, 117, 3525, t3=t2+(1, 3))	2	429
(410, 86, 1509, t1) & (410, 146, 410, t2=t1+(0, 6)) -> (410, 146, 410, t3=t2+(1, 4))	2	430
(1291, 68, 2006, t1) & (1936, 88, 1291, t2=t1+(0, 6)) -> (1291, 68, 1936, t3=t2+(1, 7))	2	431
(2168, 143, 3550, t1) & (3550, 56, 2914, t2=t1+(0, 7)) -> (3550, 143, 2914, t3=t2+(1, 6))	2	432
(3006, 31, 3379, t1) & (1630, 160, 3379, t2=t1+(0, 6)) -> (3006, 31, 3379, t3=t2+(1, 6))	2	433
(3312, 107, 3857, t1) & (3857, 172, 4553, t2=t1+(0, 6)) -> (3857, 172, 3857, t3=t2+(1, 5))	2	434
(944, 156, 737, t1) & (3356, 47, 944, t2=t1+(0, 2)) -> (737, 156, 3356, t3=t2+(1, 3))	2	435
(4812, 20, 2830, t1) & (2830, 148, 2830, t2=t1+(0, 6)) -> (4812, 20, 2830, t3=t2+(1, 6))	2	436
(4454, 2, 2025, t1) & (2025, 87, 2025, t2=t1+(0, 9)) -> (2025, 87, 2025, t3=t2+(1, 6))	2	437
(250, 191, 3288, t1) & (3288, 199, 3288, t2=t1+(0, 8)) -> (250, 199, 250, t3=t2+(1, 3))	2	438
(3175, 191, 1827, t1) & (3828, 30, 1827, t2=t1+(0, 7)) -> (3828, 191, 3828, t3=t2+(1, 2))	2	439
(2508, 14, 1345, t1) & (2508, 52, 3075, t2=t1+(0, 3)) -> (2508, 14, 1345, t3=t2+(1, 6))	2	440
(1690, 11, 2573, t1) & (2566, 114, 1690, t2=t1+(0, 4)) -> (2573, 11, 2573, t3=t2+(1, 3))	2	441
(4331, 7, 4168, t1) & (132, 178, 4331, t2=t1+(0, 1)) -> (4331, 178, 4331, t3=t2+(1, 3))	2	442
(4950, 97, 3572, t1) & (4950, 103, 4950, t2=t1+(0, 4)) -> (4950, 103, 4950, t3=t2+(1, 3))	2	443
(1516, 33, 2745, t1) & (1516, 146, 1516, t2=t1+(0, 6)) -> (1516, 33, 1516, t3=t2+(1, 8))	2	444
(3686, 194, 4315, t1) & (1989, 162, 3686, t2=t1+(0, 8)) -> (4315, 194, 3686, t3=t2+(1, 5))	2	445
(2627, 1, 4948, t1) & (1292, 86, 2627, t2=t1+(0, 8)) -> (2627, 86, 2627, t3=t2+(1, 4))	2	446
(4728, 127, 2970, t1) & (4728, 108, 2970, t2=t1+(0, 6)) -> (4728, 127, 4728, t3=t2+(1, 6))	2	447
(8, 160, 3106, t1) & (8, 58, 1052, t2=t1+(0, 4)) -> (8, 160, 3106, t3=t2+(1, 7))	2	448
(1152, 199, 4267, t1) & (4267, 159, 4267, t2=t1+(0, 5)) -> (4267, 199, 4267, t3=t2+(1, 2))	2	449
(256, 54, 3168, t1) & (3168, 55, 256, t2=t1+(0, 6)) -> (256, 54, 3168, t3=t2+(1, 5))	2	450
(4607, 177, 3087, t1) & (975, 103, 4607, t2=t1+(0, 5)) -> (3087, 103, 4607, t3=t2+(1, 5))	2	451
(712, 89, 1264, t1) & (712, 142, 800, t2=t1+(0, 5)) -> (800, 89, 800, t3=t2+(1, 3))	2	452
(2249, 10, 3403, t1) & (3403, 163, 2124, t2=t1+(0, 4)) -> (3403, 163, 3403, t3=t2+(1, 6))	2	453
(3045, 16, 3578, t1) & (3045, 48, 3891, t2=t1+(0, 4)) -> (3891, 16, 3045, t3=t2+(1, 2))	2	454
(1645, 50, 1102, t1) & (1645, 79, 1645, t2=t1+(0, 4)) -> (1645, 50, 1645, t3=t2+(1, 3))	2	455
(96, 163, 4583, t1) & (4583, 0, 792, t2=t1+(0, 2)) -> (96, 163, 4583, t3=t2+(1, 8))	2	456
(4523, 104, 4571, t1) & (2468, 15, 4523, t2=t1+(0, 6)) -> (4523, 15, 4571, t3=t2+(1, 5))	2	457
(4117, 27, 1236, t1) & (3243, 18, 4117, t2=t1+(0, 4)) -> (3243, 18, 3243, t3=t2+(1, 5))	2	458
(26, 9, 3020, t1) & (3020, 12, 1416, t2=t1+(0, 3)) -> (3020, 9, 3020, t3=t2+(1, 7))	2	459
(3652, 77, 4495, t1) & (4495, 55, 4495, t2=t1+(0, 6)) -> (4495, 55, 4495, t3=t2+(1, 5))	2	460
(2939, 116, 4360, t1) & (4360, 6, 4360, t2=t1+(0, 4)) -> (2939, 116, 4360, t3=t2+(1, 6))	2	461
(4398, 80, 3471, t1) & (3471, 32, 2042, t2=t1+(0, 3)) -> (2042, 80, 3471, t3=t2+(1, 3))	2	462
(1818, 194, 1341, t1) & (1744, 72, 1818, t2=t1+(0, 4)) -> (1818, 72, 1341, t3=t2+(1, 7))	2	463
(68, 94, 4402, t1) & (4402, 86, 4191, t2=t1+(0, 5)) -> (68, 86, 68, t3=t2+(1, 8))	2	464
(3021, 55, 251, t1) & (932, 106, 3021, t2=t1+(0, 6)) -> (932, 55, 932, t3=t2+(1, 6))	2	465
(1879, 53, 1334, t1) & (3486, 87, 1334, t2=t1+(0, 6)) -> (1334, 87, 3486, t3=t2+(1, 7))	2	466
(3468, 112, 375, t1) & (2936, 50, 3468, t2=t1+(0, 4)) -> (3468, 112, 2936, t3=t2+(1, 5))	2	467
(4601, 176, 488, t1) & (488, 15, 2467, t2=t1+(0, 5)) -> (488, 15, 488, t3=t2+(1, 3))	2	468
(4710, 180, 3961, t1) & (3961, 52, 526, t2=t1+(0, 6)) -> (4710, 180, 4710, t3=t2+(1, 5))	2	469
(4816, 189, 3415, t1) & (4816, 82, 4561, t2=t1+(0, 7)) -> (4816, 189, 4561, t3=t2+(1, 5))	2	470
(3052, 191, 3232, t1) & (797, 17, 3052, t2=t1+(0, 2)) -> (797, 191, 797, t3=t2+(1, 5))	2	471
(1632, 85, 3423, t1) & (3423, 126, 4590, t2=t1+(0, 4)) -> (4590, 85, 3423, t3=t2+(1, 4))	2	472
(1742, 40, 3622, t1) & (1742, 66, 1742, t2=t1+(0, 8)) -> (3622, 66, 1742, t3=t2+(1, 7))	2	473
(2643, 145, 1477, t1) & (1477, 164, 2643, t2=t1+(0, 5)) -> (2643, 164, 1477, t3=t2+(1, 5))	2	474
(2726, 66, 3432, t1) & (2726, 57, 2852, t2=t1+(0, 6)) -> (2852, 57, 2726, t3=t2+(1, 7))	2	475
(4114, 38, 1545, t1) & (2093, 153, 4114, t2=t1+(0, 8)) -> (2093, 153, 1545, t3=t2+(1, 4))	2	476
(1612, 10, 4704, t1) & (1612, 165, 2501, t2=t1+(0, 9)) -> (2501, 10, 2501, t3=t2+(1, 7))	2	477
(990, 76, 2094, t1) & (2094, 144, 990, t2=t1+(0, 4)) -> (990, 76, 2094, t3=t2+(1, 3))	2	478
(1419, 89, 2266, t1) & (1419, 149, 3188, t2=t1+(0, 8)) -> (1419, 149, 2266, t3=t2+(1, 3))	2	479
(3142, 68, 1348, t1) & (3142, 131, 1348, t2=t1+(0, 2)) -> (1348, 68, 3142, t3=t2+(1, 8))	2	480
(3175, 119, 1811, t1) & (1811, 78, 1047, t2=t1+(0, 8)) -> (1811, 119, 1811, t3=t2+(1, 6))	2	481
(4374, 172, 546, t1) & (4374, 20, 2693, t2=t1+(0, 6)) -> (546, 20, 546, t3=t2+(1, 4))	2	482
(3837, 93, 3758, t1) & (3758, 5, 2716, t2=t1+(0, 4)) -> (3837, 5, 3758, t3=t2+(1, 8))	2	483
(4697, 191, 3684, t1) & (1216, 191, 3684, t2=t1+(0, 6)) -> (1216, 191, 1216, t3=t2+(1, 8))	2	484
(3580, 144, 4801, t1) & (4823, 192, 4801, t2=t1+(0, 3)) -> (4801, 192, 3580, t3=t2+(1, 4))	2	485
(2945, 90, 1972, t1) & (2945, 164, 8, t2=t1+(0, 3)) -> (1972, 164, 8, t3=t2+(1, 4))	2	486
(574, 67, 2930, t1) & (318, 43, 574, t2=t1+(0, 7)) -> (574, 67, 318, t3=t2+(1, 2))	2	487
(4740, 17, 4727, t1) & (4740, 198, 4772, t2=t1+(0, 5)) -> (4740, 17, 4727, t3=t2+(1, 7))	2	488
(3968, 142, 2369, t1) & (2369, 42, 2369, t2=t1+(0, 7)) -> (2369, 42, 2369, t3=t2+(1, 7))	2	489
(1045, 179, 4661, t1) & (383, 138, 1045, t2=t1+(0, 2)) -> (1045, 138, 1045, t3=t2+(1, 1))	2	490
(3133, 170, 2653, t1) & (4134, 56, 3133, t2=t1+(0, 4)) -> (2653, 56, 2653, t3=t2+(1, 2))	2	491
(3444, 160, 964, t1) & (964, 48, 3444, t2=t1+(0, 9)) -> (3444, 160, 964, t3=t2+(1, 5))	2	492
(1940, 37, 2770, t1) & (1940, 141, 4962, t2=t1+(0, 3)) -> (4962, 141, 4962, t3=t2+(1, 6))	2	493
(3819, 99, 1793, t1) & (1793, 178, 1793, t2=t1+(0, 4)) -> (1793, 178, 1793, t3=t2+(1, 5))	2	494
(2457, 80, 2542, t1) & (2457, 10, 2457, t2=t1+(0, 9)) -> (2457, 80, 2457, t3=t2+(1, 5))	2	495
(1620, 47, 491, t1) & (491, 73, 491, t2=t1+(0, 2)) -> (491, 73, 491, t3=t2+(1, 4))	2	496
(1586, 137, 2065, t1) & (486, 90, 2065, t2=t1+(0, 5)) -> (486, 90, 2065, t3=t2+(1, 9))	2	497
(3781, 178, 720, t1) & (4082, 10, 3781, t2=t1+(0, 10)) -> (3781, 178, 3781, t3=t2+(1, 6))	2	498
(3498, 158, 2202, t1) & (537, 63, 2202, t2=t1+(0, 6)) -> (2202, 158, 2202, t3=t2+(1, 2))	2	499
(3243, 68, 137, t1) -> (3243, 68, 3243, t2=t1+(1, 5))	1	500
(2957, 110, 2113, t1) -> (2957, 110, 2113, t2=t1+(1, 7))	1	501
(4569, 38, 2732, t1) -> (2732, 38, 4569, t2=t1+(1, 8))	1	502
(1173, 10, 2041, t1) -> (2041, 10, 2041, t2=t1+(1, 3))	1	503
(1163, 34, 4064, t1) -> (4064, 34, 1163, t2=t1+(1, 4))	1	504
(4805, 164, 1484, t1) -> (1484, 164, 1484, t2=t1+(1, 7))	1	505
(4811, 107, 2033, t1) -> (4811, 107, 2033, t2=t1+(1, 5))	1	506
(2081, 96, 1724, t1) -> (1724, 96, 2081, t2=t1+(1, 6))	1	507
(1821, 106, 3493, t1) -> (3493, 106, 3493, t2=t1+(1, 6))	1	508
(3898, 110, 3438, t1) -> (3438, 110, 3898, t2=t1+(1, 5))	1	509
(270, 154, 1066, t1) -> (1066, 154, 1066, t2=t1+(1, 4))	1	510
(149, 152, 1594, t1) -> (149, 152, 1594, t2=t1+(1, 4))	1	511
(4751, 134, 754, t1) -> (754, 134, 754, t2=t1+(1, 10))	1	512
(3584, 164, 2164, t1) -> (3584, 164, 3584, t2=t1+(1, 3))	1	513
(1698, 75, 4486, t1) -> (1698, 75, 1698, t2=t1+(1, 6))	1	514
(4954, 44, 1985, t1) -> (1985, 44, 4954, t2=t1+(1, 2))	1	515
(1917, 64, 3433, t1) -> (1917, 64, 1917, t2=t1+(1, 4))	1	516
(4942, 175, 4226, t1) -> (4226, 175, 4942, t2=t1+(1, 5))	1	517
(2306, 27, 2698, t1) -> (2306, 27, 2698, t2=t1+(1, 8))	1	518
(1418, 127, 2502, t1) -> (2502, 127, 1418, t2=t1+(1, 9))	1	519
(2099, 177, 2560, t1) -> (2560, 177, 2560, t2=t1+(1, 5))	1	520
(4366, 175, 2525, t1) -> (2525, 175, 2525, t2=t1+(1, 6))	1	521
(445, 115, 4447, t1) -> (4447, 115, 4447, t2=t1+(1, 8))	1	522
(651, 40, 3896, t1) -> (3896, 40, 3896, t2=t1+(1, 2))	1	523
(549, 14, 2698, t1) -> (2698, 14, 549, t2=t1+(1, 5))	1	524
