(956, 53, 97, t1) & (2809, 28, 4498, t2=t1+(0, 10)) & (4498, 78, 956, t3=t2+(0, 6)) -> (4498, 28, 97, t4=t3+(1, 5))	3	0
(1180, 180, 3148, t1) & (2478, 175, 602, t2=t1+(0, 6)) & (602, 101, 3148, t3=t2+(0, 2)) -> (602, 175, 1180, t4=t3+(1, 6))	3	1
(264, 42, 4319, t1) & (2641, 9, 4276, t2=t1+(0, 9)) & (2641, 171, 264, t3=t2+(0, 2)) -> (4276, 9, 2641, t4=t3+(1, 3))	3	2
(4398, 109, 3384, t1) & (667, 9, 3111, t2=t1+(0, 5)) & (3111, 62, 3384, t3=t2+(0, 5)) -> (667, 9, 4398, t4=t3+(1, 11))	3	3
(813, 71, 2317, t1) & (4674, 184, 678, t2=t1+(0, 6)) & (2317, 84, 4674, t3=t2+(0, 6)) -> (678, 184, 4674, t4=t3+(1, 1))	3	4
(2856, 135, 2518, t1) & (2522, 59, 1786, t2=t1+(0, 0)) & (2518, 188, 1786, t3=t2+(0, 4)) -> (2518, 59, 1786, t4=t3+(1, 1))	3	5
(2349, 53, 1084, t1) & (4742, 46, 3583, t2=t1+(0, 3)) & (2349, 58, 4742, t3=t2+(0, 7)) -> (4742, 46, 1084, t4=t3+(1, 4))	3	6
(4252, 140, 3431, t1) & (924, 150, 1878, t2=t1+(0, 6)) & (3431, 35, 1878, t3=t2+(0, 3)) -> (3431, 140, 1878, t4=t3+(1, 5))	3	7
(3730, 154, 3471, t1) & (336, 163, 4845, t2=t1+(0, 2)) & (336, 87, 3471, t3=t2+(0, 5)) -> (3730, 154, 4845, t4=t3+(1, 1))	3	8
(922, 86, 3052, t1) & (2450, 183, 340, t2=t1+(0, 6)) & (340, 146, 922, t3=t2+(0, 6)) -> (2450, 146, 340, t4=t3+(1, 6))	3	9
(1268, 193, 1262, t1) & (2787, 26, 2694, t2=t1+(0, 7)) & (2694, 118, 1262, t3=t2+(0, 8)) -> (2787, 193, 1262, t4=t3+(1, 3))	3	10
(1688, 3, 2146, t1) & (43, 133, 4643, t2=t1+(0, 5)) & (1688, 67, 4643, t3=t2+(0, 4)) -> (4643, 3, 4643, t4=t3+(1, 4))	3	11
(2181, 24, 3842, t1) & (1364, 90, 4384, t2=t1+(0, 15)) & (3842, 42, 4384, t3=t2+(0, 8)) -> (3842, 24, 3842, t4=t3+(1, 3))	3	12
(2301, 48, 527, t1) & (4363, 77, 418, t2=t1+(0, 3)) & (418, 14, 2301, t3=t2+(0, 10)) -> (2301, 48, 418, t4=t3+(1, 3))	3	13
(4759, 137, 971, t1) & (1578, 6, 1338, t2=t1+(0, 6)) & (1338, 145, 971, t3=t2+(0, 6)) -> (971, 145, 1338, t4=t3+(1, 6))	3	14
(1657, 10, 1035, t1) & (1607, 21, 2241, t2=t1+(0, 6)) & (1035, 109, 1607, t3=t2+(0, 4)) -> (1607, 10, 1657, t4=t3+(1, 5))	3	15
(1485, 40, 283, t1) & (4014, 37, 2028, t2=t1+(0, 4)) & (4014, 79, 283, t3=t2+(0, 3)) -> (2028, 79, 2028, t4=t3+(1, 7))	3	16
(3036, 50, 4600, t1) & (373, 150, 4578, t2=t1+(0, 3)) & (4578, 26, 3036, t3=t2+(0, 5)) -> (373, 150, 3036, t4=t3+(1, 1))	3	17
(3466, 88, 4921, t1) & (576, 140, 2482, t2=t1+(0, 9)) & (2482, 137, 4921, t3=t2+(0, 3)) -> (4921, 137, 4921, t4=t3+(1, 6))	3	18
(1516, 76, 2084, t1) & (4306, 169, 743, t2=t1+(0, 3)) & (743, 162, 2084, t3=t2+(0, 11)) -> (4306, 169, 743, t4=t3+(1, 1))	3	19
(242, 23, 2819, t1) & (588, 166, 504, t2=t1+(0, 6)) & (2819, 119, 504, t3=t2+(0, 9)) -> (2819, 166, 504, t4=t3+(1, 8))	3	20
(4620, 38, 3062, t1) & (2857, 104, 4268, t2=t1+(0, 7)) & (3062, 155, 2857, t3=t2+(0, 2)) -> (2857, 104, 3062, t4=t3+(1, 1))	3	21
(3819, 105, 4298, t1) & (2800, 139, 3565, t2=t1+(0, 3)) & (3565, 118, 4298, t3=t2+(0, 3)) -> (3565, 105, 3565, t4=t3+(1, 4))	3	22
(2333, 86, 2380, t1) & (3537, 11, 4718, t2=t1+(0, 6)) & (2333, 53, 4718, t3=t2+(0, 4)) -> (2333, 11, 3537, t4=t3+(1, 5))	3	23
(3083, 191, 1285, t1) & (3310, 64, 3913, t2=t1+(0, 4)) & (3310, 61, 3083, t3=t2+(0, 8)) -> (1285, 64, 1285, t4=t3+(1, 5))	3	24
(2343, 72, 3320, t1) & (1734, 90, 4679, t2=t1+(0, 4)) & (4679, 71, 3320, t3=t2+(0, 1)) -> (3320, 71, 3320, t4=t3+(1, 7))	3	25
(2809, 127, 3931, t1) & (131, 144, 4182, t2=t1+(0, 5)) & (3931, 151, 4182, t3=t2+(0, 6)) -> (2809, 144, 4182, t4=t3+(1, 8))	3	26
(3422, 84, 3846, t1) & (3866, 150, 3066, t2=t1+(0, 4)) & (3066, 113, 3846, t3=t2+(0, 6)) -> (3846, 150, 3066, t4=t3+(1, 5))	3	27
(3031, 146, 3627, t1) & (4766, 180, 2327, t2=t1+(0, 4)) & (4766, 113, 3627, t3=t2+(0, 7)) -> (3031, 180, 2327, t4=t3+(1, 11))	3	28
(10, 92, 4439, t1) & (3223, 133, 3995, t2=t1+(0, 7)) & (4439, 4, 3995, t3=t2+(0, 5)) -> (10, 133, 3223, t4=t3+(1, 6))	3	29
(521, 46, 4174, t1) & (3734, 138, 3723, t2=t1+(0, 8)) & (4174, 11, 3723, t3=t2+(0, 4)) -> (4174, 11, 4174, t4=t3+(1, 3))	3	30
(3188, 11, 4778, t1) & (1408, 104, 3100, t2=t1+(0, 5)) & (3188, 1, 3100, t3=t2+(0, 3)) -> (3100, 1, 1408, t4=t3+(1, 6))	3	31
(4132, 52, 2487, t1) & (256, 103, 2142, t2=t1+(0, 4)) & (256, 160, 2487, t3=t2+(0, 3)) -> (2142, 103, 256, t4=t3+(1, 3))	3	32
(3045, 21, 4924, t1) & (1095, 20, 1475, t2=t1+(0, 3)) & (1095, 136, 4924, t3=t2+(0, 2)) -> (1475, 21, 1095, t4=t3+(1, 2))	3	33
(2671, 157, 1425, t1) & (1965, 11, 2477, t2=t1+(0, 5)) & (1425, 107, 1965, t3=t2+(0, 2)) -> (2477, 11, 1965, t4=t3+(1, 7))	3	34
(154, 121, 1972, t1) & (3175, 32, 2564, t2=t1+(0, 6)) & (2564, 145, 1972, t3=t2+(0, 4)) -> (2564, 32, 3175, t4=t3+(1, 3))	3	35
(1881, 83, 3714, t1) & (2724, 30, 1511, t2=t1+(0, 5)) & (1881, 88, 2724, t3=t2+(0, 7)) -> (3714, 30, 1881, t4=t3+(1, 8))	3	36
(1959, 81, 3862, t1) & (4721, 9, 351, t2=t1+(0, 4)) & (3862, 100, 4721, t3=t2+(0, 9)) -> (351, 9, 3862, t4=t3+(1, 4))	3	37
(2909, 89, 2972, t1) & (4516, 151, 4170, t2=t1+(0, 5)) & (2909, 105, 4516, t3=t2+(0, 4)) -> (2909, 105, 2972, t4=t3+(1, 9))	3	38
(2401, 50, 4511, t1) & (3144, 138, 2839, t2=t1+(0, 8)) & (2401, 74, 2839, t3=t2+(0, 3)) -> (2401, 50, 2401, t4=t3+(1, 5))	3	39
(1653, 118, 3332, t1) & (302, 104, 1422, t2=t1+(0, 4)) & (302, 56, 1653, t3=t2+(0, 4)) -> (1653, 56, 1653, t4=t3+(1, 4))	3	40
(2749, 30, 2690, t1) & (4429, 94, 2280, t2=t1+(0, 8)) & (2690, 34, 4429, t3=t2+(0, 5)) -> (4429, 94, 4429, t4=t3+(1, 5))	3	41
(2112, 4, 558, t1) & (1771, 151, 1814, t2=t1+(0, 3)) & (1814, 133, 558, t3=t2+(0, 3)) -> (2112, 4, 1771, t4=t3+(1, 3))	3	42
(4610, 194, 1188, t1) & (2340, 65, 604, t2=t1+(0, 8)) & (2340, 113, 1188, t3=t2+(0, 5)) -> (2340, 65, 1188, t4=t3+(1, 5))	3	43
(1057, 0, 2800, t1) & (2736, 1, 3969, t2=t1+(0, 7)) & (2736, 60, 1057, t3=t2+(0, 3)) -> (1057, 0, 1057, t4=t3+(1, 4))	3	44
(1566, 181, 2461, t1) & (1240, 9, 3805, t2=t1+(0, 2)) & (3805, 0, 1566, t3=t2+(0, 6)) -> (1240, 181, 1566, t4=t3+(1, 4))	3	45
(28, 85, 3349, t1) & (928, 18, 2799, t2=t1+(0, 2)) & (928, 172, 3349, t3=t2+(0, 5)) -> (3349, 18, 928, t4=t3+(1, 8))	3	46
(3002, 24, 4992, t1) & (2551, 133, 110, t2=t1+(0, 4)) & (110, 99, 4992, t3=t2+(0, 3)) -> (4992, 99, 4992, t4=t3+(1, 4))	3	47
(538, 26, 3258, t1) & (1870, 185, 3418, t2=t1+(0, 3)) & (538, 191, 1870, t3=t2+(0, 3)) -> (1870, 26, 538, t4=t3+(1, 6))	3	48
(1616, 165, 2010, t1) & (688, 188, 1548, t2=t1+(0, 4)) & (1616, 101, 688, t3=t2+(0, 1)) -> (1616, 165, 2010, t4=t3+(1, 5))	3	49
(2346, 109, 4324, t1) & (2169, 3, 3610, t2=t1+(0, 6)) & (2169, 26, 2346, t3=t2+(0, 8)) -> (2346, 26, 2169, t4=t3+(1, 2))	3	50
(2518, 28, 255, t1) & (2872, 149, 1978, t2=t1+(0, 9)) & (1978, 145, 255, t3=t2+(0, 7)) -> (1978, 149, 255, t4=t3+(1, 5))	3	51
(1935, 27, 932, t1) & (340, 162, 3321, t2=t1+(0, 3)) & (932, 55, 3321, t3=t2+(0, 2)) -> (932, 162, 3321, t4=t3+(1, 4))	3	52
(963, 108, 4957, t1) & (2252, 145, 3124, t2=t1+(0, 6)) & (3124, 54, 4957, t3=t2+(0, 3)) -> (963, 54, 4957, t4=t3+(1, 4))	3	53
(3390, 138, 310, t1) & (2861, 19, 4060, t2=t1+(0, 2)) & (4060, 175, 310, t3=t2+(0, 5)) -> (2861, 138, 3390, t4=t3+(1, 6))	3	54
(650, 122, 2837, t1) & (4886, 176, 2534, t2=t1+(0, 3)) & (650, 132, 2534, t3=t2+(0, 9)) -> (2534, 176, 650, t4=t3+(1, 3))	3	55
(722, 181, 4774, t1) & (1891, 87, 41, t2=t1+(0, 6)) & (722, 73, 41, t3=t2+(0, 5)) -> (722, 181, 722, t4=t3+(1, 1))	3	56
(2545, 175, 4476, t1) & (3168, 60, 627, t2=t1+(0, 5)) & (3168, 31, 2545, t3=t2+(0, 4)) -> (627, 175, 2545, t4=t3+(1, 6))	3	57
(2313, 154, 2671, t1) & (274, 114, 4880, t2=t1+(0, 6)) & (4880, 139, 2671, t3=t2+(0, 6)) -> (2671, 154, 274, t4=t3+(1, 1))	3	58
(1246, 148, 3921, t1) & (3072, 121, 3279, t2=t1+(0, 5)) & (1246, 85, 3279, t3=t2+(0, 6)) -> (3072, 85, 1246, t4=t3+(1, 5))	3	59
(4380, 101, 1635, t1) & (706, 40, 1052, t2=t1+(0, 5)) & (1052, 61, 4380, t3=t2+(0, 1)) -> (706, 61, 1052, t4=t3+(1, 3))	3	60
(2751, 56, 4520, t1) & (1073, 190, 698, t2=t1+(0, 3)) & (698, 106, 2751, t3=t2+(0, 8)) -> (698, 106, 1073, t4=t3+(1, 5))	3	61
(1569, 35, 82, t1) & (2484, 12, 2360, t2=t1+(0, 4)) & (1569, 22, 2484, t3=t2+(0, 3)) -> (2484, 35, 2484, t4=t3+(1, 5))	3	62
(1143, 115, 4144, t1) & (3694, 23, 44, t2=t1+(0, 3)) & (4144, 0, 3694, t3=t2+(0, 8)) -> (1143, 23, 4144, t4=t3+(1, 2))	3	63
(4178, 176, 3872, t1) & (1426, 62, 4307, t2=t1+(0, 3)) & (4178, 191, 4307, t3=t2+(0, 8)) -> (4178, 191, 4178, t4=t3+(1, 5))	3	64
(951, 115, 25, t1) & (3453, 152, 671, t2=t1+(0, 6)) & (3453, 129, 25, t3=t2+(0, 5)) -> (671, 115, 671, t4=t3+(1, 2))	3	65
(3478, 78, 2158, t1) & (2618, 184, 3107, t2=t1+(0, 5)) & (2158, 69, 3107, t3=t2+(0, 4)) -> (3107, 78, 2158, t4=t3+(1, 7))	3	66
(4410, 87, 3309, t1) & (1093, 27, 2154, t2=t1+(0, 2)) & (1093, 64, 4410, t3=t2+(0, 4)) -> (2154, 27, 1093, t4=t3+(1, 5))	3	67
(4421, 117, 3289, t1) & (4160, 63, 2035, t2=t1+(0, 7)) & (2035, 4, 3289, t3=t2+(0, 6)) -> (3289, 117, 2035, t4=t3+(1, 2))	3	68
(3885, 4, 4464, t1) & (4530, 50, 1449, t2=t1+(0, 5)) & (3885, 54, 4530, t3=t2+(0, 2)) -> (4530, 54, 1449, t4=t3+(1, 4))	3	69
(4950, 103, 3848, t1) & (1083, 28, 4706, t2=t1+(0, 8)) & (4706, 132, 4950, t3=t2+(0, 8)) -> (1083, 28, 4706, t4=t3+(1, 5))	3	70
(922, 98, 2449, t1) & (2267, 149, 781, t2=t1+(0, 3)) & (922, 7, 2267, t3=t2+(0, 5)) -> (2267, 98, 922, t4=t3+(1, 3))	3	71
(2507, 99, 4832, t1) & (1610, 185, 3997, t2=t1+(0, 7)) & (2507, 69, 3997, t3=t2+(0, 4)) -> (1610, 69, 3997, t4=t3+(1, 5))	3	72
(3626, 55, 3679, t1) & (1798, 198, 2334, t2=t1+(0, 4)) & (3679, 32, 1798, t3=t2+(0, 6)) -> (3679, 55, 1798, t4=t3+(1, 8))	3	73
(88, 169, 2261, t1) & (1225, 91, 69, t2=t1+(0, 4)) & (88, 161, 1225, t3=t2+(0, 8)) -> (69, 91, 2261, t4=t3+(1, 1))	3	74
(1298, 126, 2899, t1) & (1252, 5, 638, t2=t1+(0, 6)) & (1252, 51, 2899, t3=t2+(0, 3)) -> (2899, 5, 1298, t4=t3+(1, 6))	3	75
(1224, 146, 4520, t1) & (1688, 89, 4119, t2=t1+(0, 3)) & (1224, 75, 1688, t3=t2+(0, 5)) -> (1688, 75, 4520, t4=t3+(1, 3))	3	76
(3521, 154, 3880, t1) & (4868, 32, 3505, t2=t1+(0, 12)) & (3880, 120, 3505, t3=t2+(0, 2)) -> (3505, 120, 3880, t4=t3+(1, 5))	3	77
(3656, 23, 32, t1) & (528, 78, 1884, t2=t1+(0, 2)) & (1884, 122, 3656, t3=t2+(0, 5)) -> (528, 23, 32, t4=t3+(1, 5))	3	78
(2941, 31, 384, t1) & (4847, 104, 2221, t2=t1+(0, 1)) & (2941, 89, 2221, t3=t2+(0, 3)) -> (2221, 89, 4847, t4=t3+(1, 10))	3	79
(1135, 1, 2553, t1) & (3947, 166, 2189, t2=t1+(0, 3)) & (2189, 66, 2553, t3=t2+(0, 2)) -> (2553, 1, 3947, t4=t3+(1, 3))	3	80
(1594, 197, 1258, t1) & (585, 114, 664, t2=t1+(0, 5)) & (585, 53, 1258, t3=t2+(0, 2)) -> (585, 114, 1594, t4=t3+(1, 3))	3	81
(2762, 170, 3233, t1) & (4327, 168, 1183, t2=t1+(0, 3)) & (2762, 96, 4327, t3=t2+(0, 2)) -> (4327, 168, 4327, t4=t3+(1, 4))	3	82
(993, 69, 2781, t1) & (4564, 8, 4990, t2=t1+(0, 7)) & (4990, 39, 2781, t3=t2+(0, 3)) -> (4990, 8, 4990, t4=t3+(1, 5))	3	83
(4178, 136, 4972, t1) & (62, 19, 1392, t2=t1+(0, 4)) & (62, 96, 4972, t3=t2+(0, 4)) -> (62, 136, 1392, t4=t3+(1, 4))	3	84
(4785, 112, 1593, t1) & (1605, 12, 955, t2=t1+(0, 4)) & (1593, 173, 955, t3=t2+(0, 6)) -> (1593, 12, 955, t4=t3+(1, 2))	3	85
(4248, 171, 550, t1) & (2016, 7, 4859, t2=t1+(0, 7)) & (2016, 154, 4248, t3=t2+(0, 5)) -> (4248, 171, 2016, t4=t3+(1, 8))	3	86
(3771, 88, 2629, t1) & (4253, 175, 3463, t2=t1+(0, 10)) & (3771, 84, 4253, t3=t2+(0, 7)) -> (3463, 88, 4253, t4=t3+(1, 8))	3	87
(4633, 104, 3675, t1) & (2947, 85, 1802, t2=t1+(0, 4)) & (2947, 83, 4633, t3=t2+(0, 6)) -> (4633, 83, 2947, t4=t3+(1, 6))	3	88
(4182, 173, 2291, t1) & (2247, 4, 2224, t2=t1+(0, 3)) & (2224, 58, 2291, t3=t2+(0, 5)) -> (2291, 4, 2224, t4=t3+(1, 3))	3	89
(799, 131, 1360, t1) & (3688, 194, 1038, t2=t1+(0, 5)) & (799, 55, 1038, t3=t2+(0, 3)) -> (1038, 55, 799, t4=t3+(1, 5))	3	90
(2291, 170, 4080, t1) & (686, 32, 2024, t2=t1+(0, 5)) & (686, 112, 4080, t3=t2+(0, 6)) -> (4080, 32, 686, t4=t3+(1, 10))	3	91
(4384, 10, 4251, t1) & (3013, 73, 3532, t2=t1+(0, 6)) & (4384, 174, 3013, t3=t2+(0, 5)) -> (4384, 73, 3532, t4=t3+(1, 4))	3	92
(1477, 72, 2234, t1) & (3357, 91, 958, t2=t1+(0, 3)) & (958, 17, 1477, t3=t2+(0, 7)) -> (2234, 91, 1477, t4=t3+(1, 4))	3	93
(4098, 51, 975, t1) & (4326, 38, 3349, t2=t1+(0, 7)) & (975, 167, 3349, t3=t2+(0, 4)) -> (975, 167, 3349, t4=t3+(1, 4))	3	94
(4222, 30, 3802, t1) & (4573, 83, 3350, t2=t1+(0, 3)) & (3350, 41, 4222, t3=t2+(0, 2)) -> (3350, 30, 3350, t4=t3+(1, 7))	3	95
(180, 108, 3295, t1) & (1503, 189, 4077, t2=t1+(0, 6)) & (4077, 192, 180, t3=t2+(0, 7)) -> (3295, 192, 1503, t4=t3+(1, 9))	3	96
(4923, 43, 695, t1) & (1706, 117, 3424, t2=t1+(0, 6)) & (1706, 57, 4923, t3=t2+(0, 4)) -> (4923, 117, 695, t4=t3+(1, 6))	3	97
(2907, 126, 3234, t1) & (2048, 112, 3433, t2=t1+(0, 2)) & (2907, 186, 2048, t3=t2+(0, 9)) -> (2907, 112, 2907, t4=t3+(1, 6))	3	98
(872, 140, 2503, t1) & (4726, 184, 2391, t2=t1+(0, 5)) & (2503, 131, 2391, t3=t2+(0, 5)) -> (2391, 184, 2503, t4=t3+(1, 5))	3	99
(4985, 87, 896, t1) & (886, 162, 4351, t2=t1+(0, 6)) & (886, 35, 896, t3=t2+(0, 6)) -> (886, 162, 4985, t4=t3+(1, 7))	3	100
(2965, 16, 3860, t1) & (4083, 198, 4345, t2=t1+(0, 9)) & (3860, 41, 4083, t3=t2+(0, 7)) -> (2965, 198, 4345, t4=t3+(1, 1))	3	101
(2658, 8, 199, t1) & (3164, 38, 4583, t2=t1+(0, 4)) & (4583, 117, 2658, t3=t2+(0, 7)) -> (3164, 117, 2658, t4=t3+(1, 5))	3	102
(1259, 146, 4829, t1) & (114, 188, 1002, t2=t1+(0, 6)) & (114, 102, 4829, t3=t2+(0, 5)) -> (1259, 188, 114, t4=t3+(1, 3))	3	103
(600, 45, 857, t1) & (2272, 142, 2147, t2=t1+(0, 10)) & (600, 45, 2272, t3=t2+(0, 4)) -> (600, 142, 600, t4=t3+(1, 6))	3	104
(2979, 28, 560, t1) & (2451, 35, 1711, t2=t1+(0, 6)) & (2451, 176, 560, t3=t2+(0, 3)) -> (560, 35, 1711, t4=t3+(1, 4))	3	105
(455, 130, 3361, t1) & (1380, 196, 1671, t2=t1+(0, 3)) & (1380, 75, 3361, t3=t2+(0, 1)) -> (3361, 130, 3361, t4=t3+(1, 2))	3	106
(1877, 79, 2836, t1) & (250, 69, 968, t2=t1+(0, 5)) & (250, 138, 1877, t3=t2+(0, 4)) -> (968, 69, 250, t4=t3+(1, 3))	3	107
(925, 88, 3416, t1) & (4878, 138, 3511, t2=t1+(0, 3)) & (925, 123, 4878, t3=t2+(0, 3)) -> (4878, 138, 3416, t4=t3+(1, 3))	3	108
(3825, 179, 2768, t1) & (2947, 183, 3482, t2=t1+(0, 5)) & (3825, 129, 2947, t3=t2+(0, 11)) -> (3482, 179, 2947, t4=t3+(1, 7))	3	109
(1405, 46, 234, t1) & (4212, 84, 1935, t2=t1+(0, 8)) & (234, 33, 1935, t3=t2+(0, 5)) -> (1405, 33, 234, t4=t3+(1, 3))	3	110
(1406, 19, 2885, t1) & (3289, 185, 3253, t2=t1+(0, 2)) & (2885, 110, 3253, t3=t2+(0, 7)) -> (2885, 185, 3253, t4=t3+(1, 7))	3	111
(196, 44, 4235, t1) & (1525, 110, 4303, t2=t1+(0, 5)) & (4235, 123, 4303, t3=t2+(0, 8)) -> (4303, 110, 196, t4=t3+(1, 4))	3	112
(754, 175, 3823, t1) & (623, 163, 551, t2=t1+(0, 7)) & (754, 13, 551, t3=t2+(0, 4)) -> (551, 13, 754, t4=t3+(1, 8))	3	113
(1946, 183, 1282, t1) & (564, 94, 1130, t2=t1+(0, 7)) & (1282, 153, 1130, t3=t2+(0, 2)) -> (564, 153, 1130, t4=t3+(1, 2))	3	114
(58, 36, 2592, t1) & (2104, 10, 3626, t2=t1+(0, 3)) & (2104, 102, 2592, t3=t2+(0, 6)) -> (2592, 10, 58, t4=t3+(1, 5))	3	115
(3347, 102, 3068, t1) & (772, 8, 66, t2=t1+(0, 5)) & (3068, 90, 66, t3=t2+(0, 4)) -> (3068, 102, 3068, t4=t3+(1, 9))	3	116
(3850, 122, 2873, t1) & (3089, 10, 2627, t2=t1+(0, 4)) & (3089, 145, 2873, t3=t2+(0, 2)) -> (2873, 145, 3850, t4=t3+(1, 6))	3	117
(1507, 182, 2637, t1) & (1084, 150, 1989, t2=t1+(0, 7)) & (1507, 192, 1084, t3=t2+(0, 10)) -> (1989, 150, 1989, t4=t3+(1, 3))	3	118
(1061, 170, 454, t1) & (3019, 193, 4007, t2=t1+(0, 3)) & (1061, 186, 4007, t3=t2+(0, 5)) -> (4007, 170, 4007, t4=t3+(1, 7))	3	119
(2868, 116, 1607, t1) & (4693, 67, 1359, t2=t1+(0, 3)) & (4693, 76, 2868, t3=t2+(0, 3)) -> (2868, 76, 4693, t4=t3+(1, 5))	3	120
(4730, 77, 2297, t1) & (175, 163, 3223, t2=t1+(0, 1)) & (175, 128, 2297, t3=t2+(0, 6)) -> (2297, 163, 2297, t4=t3+(1, 7))	3	121
(2739, 90, 3539, t1) & (4976, 142, 1916, t2=t1+(0, 6)) & (2739, 147, 1916, t3=t2+(0, 4)) -> (1916, 142, 2739, t4=t3+(1, 3))	3	122
(2133, 134, 4795, t1) & (1178, 115, 2513, t2=t1+(0, 5)) & (4795, 70, 2513, t3=t2+(0, 6)) -> (1178, 134, 4795, t4=t3+(1, 4))	3	123
(802, 126, 1943, t1) & (2244, 12, 2903, t2=t1+(0, 6)) & (802, 180, 2903, t3=t2+(0, 9)) -> (802, 12, 2903, t4=t3+(1, 9))	3	124
(2605, 52, 1210, t1) & (3504, 76, 3082, t2=t1+(0, 5)) & (1210, 120, 3082, t3=t2+(0, 7)) -> (3082, 52, 3504, t4=t3+(1, 3))	3	125
(4747, 115, 2619, t1) & (2456, 132, 3364, t2=t1+(0, 1)) & (2456, 163, 4747, t3=t2+(0, 3)) -> (2456, 115, 2456, t4=t3+(1, 7))	3	126
(4873, 108, 8, t1) & (3243, 110, 1956, t2=t1+(0, 3)) & (3243, 138, 4873, t3=t2+(0, 5)) -> (1956, 138, 4873, t4=t3+(1, 3))	3	127
(4803, 133, 4211, t1) & (1330, 10, 21, t2=t1+(0, 3)) & (1330, 73, 4803, t3=t2+(0, 4)) -> (21, 133, 1330, t4=t3+(1, 5))	3	128
(1114, 184, 1253, t1) & (2153, 54, 2410, t2=t1+(0, 7)) & (1114, 136, 2410, t3=t2+(0, 6)) -> (2153, 54, 2410, t4=t3+(1, 5))	3	129
(4113, 96, 1204, t1) & (3452, 13, 129, t2=t1+(0, 5)) & (4113, 193, 3452, t3=t2+(0, 5)) -> (3452, 96, 1204, t4=t3+(1, 5))	3	130
(4619, 111, 4455, t1) & (498, 127, 3947, t2=t1+(0, 6)) & (4455, 117, 3947, t3=t2+(0, 3)) -> (3947, 111, 498, t4=t3+(1, 6))	3	131
(4750, 0, 929, t1) & (4170, 141, 75, t2=t1+(0, 4)) & (75, 74, 929, t3=t2+(0, 9)) -> (75, 0, 4750, t4=t3+(1, 6))	3	132
(4646, 24, 1053, t1) & (4849, 103, 2873, t2=t1+(0, 5)) & (1053, 46, 4849, t3=t2+(0, 6)) -> (1053, 24, 2873, t4=t3+(1, 1))	3	133
(1020, 198, 2593, t1) & (4187, 17, 564, t2=t1+(0, 4)) & (4187, 143, 1020, t3=t2+(0, 6)) -> (4187, 143, 1020, t4=t3+(1, 6))	3	134
(1191, 175, 4556, t1) & (248, 188, 2805, t2=t1+(0, 4)) & (4556, 105, 248, t3=t2+(0, 7)) -> (248, 105, 2805, t4=t3+(1, 3))	3	135
(2058, 157, 853, t1) & (3944, 179, 3547, t2=t1+(0, 4)) & (853, 60, 3944, t3=t2+(0, 5)) -> (853, 60, 2058, t4=t3+(1, 8))	3	136
(4297, 192, 1909, t1) & (4292, 127, 4893, t2=t1+(0, 4)) & (4292, 126, 1909, t3=t2+(0, 0)) -> (4297, 192, 4292, t4=t3+(1, 5))	3	137
(1415, 91, 2501, t1) & (2507, 88, 1980, t2=t1+(0, 2)) & (1415, 41, 1980, t3=t2+(0, 6)) -> (2507, 91, 1980, t4=t3+(1, 4))	3	138
(1987, 112, 1153, t1) & (1810, 120, 3590, t2=t1+(0, 3)) & (1810, 171, 1153, t3=t2+(0, 4)) -> (1153, 112, 1153, t4=t3+(1, 4))	3	139
(2451, 74, 3242, t1) & (1847, 155, 616, t2=t1+(0, 3)) & (616, 24, 3242, t3=t2+(0, 3)) -> (1847, 155, 3242, t4=t3+(1, 11))	3	140
(8, 106, 1194, t1) & (1512, 167, 2784, t2=t1+(0, 2)) & (8, 99, 1512, t3=t2+(0, 10)) -> (8, 167, 8, t4=t3+(1, 5))	3	141
(4194, 20, 2849, t1) & (2626, 153, 590, t2=t1+(0, 7)) & (590, 152, 2849, t3=t2+(0, 6)) -> (4194, 153, 2849, t4=t3+(1, 9))	3	142
(2861, 120, 4358, t1) & (4189, 155, 2203, t2=t1+(0, 3)) & (2203, 23, 2861, t3=t2+(0, 5)) -> (4189, 120, 2203, t4=t3+(1, 2))	3	143
(4393, 41, 321, t1) & (3867, 64, 727, t2=t1+(0, 10)) & (4393, 77, 3867, t3=t2+(0, 4)) -> (321, 41, 3867, t4=t3+(1, 4))	3	144
(2310, 95, 1027, t1) & (2628, 80, 1280, t2=t1+(0, 4)) & (1027, 61, 1280, t3=t2+(0, 7)) -> (1027, 80, 1027, t4=t3+(1, 2))	3	145
(3570, 108, 502, t1) & (1173, 106, 1065, t2=t1+(0, 3)) & (1065, 14, 3570, t3=t2+(0, 2)) -> (502, 108, 3570, t4=t3+(1, 6))	3	146
(4148, 62, 3758, t1) & (3324, 33, 2061, t2=t1+(0, 6)) & (3324, 198, 4148, t3=t2+(0, 3)) -> (3324, 198, 4148, t4=t3+(1, 7))	3	147
(750, 57, 4136, t1) & (3872, 58, 3317, t2=t1+(0, 3)) & (3317, 52, 750, t3=t2+(0, 2)) -> (3872, 57, 4136, t4=t3+(1, 7))	3	148
(1451, 23, 1939, t1) & (1773, 149, 710, t2=t1+(0, 3)) & (1773, 125, 1939, t3=t2+(0, 6)) -> (1773, 23, 1939, t4=t3+(1, 6))	3	149
(2111, 68, 1988, t1) & (4234, 139, 3719, t2=t1+(0, 7)) & (2111, 88, 3719, t3=t2+(0, 7)) -> (4234, 88, 2111, t4=t3+(1, 4))	3	150
(300, 186, 143, t1) & (703, 153, 4019, t2=t1+(0, 6)) & (4019, 111, 143, t3=t2+(0, 7)) -> (4019, 111, 143, t4=t3+(1, 5))	3	151
(734, 119, 671, t1) & (1493, 181, 3568, t2=t1+(0, 2)) & (671, 47, 1493, t3=t2+(0, 5)) -> (734, 47, 1493, t4=t3+(1, 7))	3	152
(1744, 11, 3555, t1) & (3908, 159, 1633, t2=t1+(0, 8)) & (3555, 63, 3908, t3=t2+(0, 5)) -> (1633, 63, 1744, t4=t3+(1, 10))	3	153
(234, 85, 2798, t1) & (3174, 91, 1235, t2=t1+(0, 4)) & (1235, 82, 234, t3=t2+(0, 5)) -> (1235, 82, 3174, t4=t3+(1, 5))	3	154
(811, 141, 4097, t1) & (4897, 124, 315, t2=t1+(0, 3)) & (315, 137, 811, t3=t2+(0, 7)) -> (811, 124, 4097, t4=t3+(1, 5))	3	155
(1575, 193, 1678, t1) & (3427, 7, 2320, t2=t1+(0, 5)) & (1575, 101, 3427, t3=t2+(0, 7)) -> (3427, 7, 3427, t4=t3+(1, 4))	3	156
(2944, 55, 3570, t1) & (1475, 169, 3414, t2=t1+(0, 10)) & (3414, 183, 3570, t3=t2+(0, 4)) -> (3414, 183, 3570, t4=t3+(1, 6))	3	157
(858, 17, 3439, t1) & (3937, 89, 197, t2=t1+(0, 4)) & (858, 92, 197, t3=t2+(0, 6)) -> (197, 89, 858, t4=t3+(1, 9))	3	158
(795, 52, 1194, t1) & (3734, 80, 2254, t2=t1+(0, 5)) & (3734, 73, 795, t3=t2+(0, 3)) -> (3734, 73, 795, t4=t3+(1, 7))	3	159
(3997, 139, 4164, t1) & (702, 11, 531, t2=t1+(0, 3)) & (531, 26, 4164, t3=t2+(0, 8)) -> (702, 26, 4164, t4=t3+(1, 7))	3	160
(949, 85, 3725, t1) & (3515, 176, 1182, t2=t1+(0, 5)) & (949, 188, 3515, t3=t2+(0, 5)) -> (3515, 176, 949, t4=t3+(1, 2))	3	161
(3861, 188, 1377, t1) & (3961, 16, 2478, t2=t1+(0, 7)) & (3961, 195, 3861, t3=t2+(0, 8)) -> (3961, 195, 3861, t4=t3+(1, 5))	3	162
(127, 3, 2575, t1) & (2373, 136, 411, t2=t1+(0, 5)) & (2575, 118, 2373, t3=t2+(0, 2)) -> (2575, 3, 2373, t4=t3+(1, 3))	3	163
(3163, 114, 3450, t1) & (3110, 58, 241, t2=t1+(0, 4)) & (3110, 33, 3163, t3=t2+(0, 5)) -> (3450, 58, 3110, t4=t3+(1, 8))	3	164
(4516, 41, 2017, t1) & (3099, 190, 3872, t2=t1+(0, 5)) & (4516, 180, 3099, t3=t2+(0, 8)) -> (2017, 180, 3872, t4=t3+(1, 3))	3	165
(3922, 146, 4111, t1) & (3402, 123, 1156, t2=t1+(0, 6)) & (4111, 166, 1156, t3=t2+(0, 3)) -> (4111, 123, 1156, t4=t3+(1, 8))	3	166
(2282, 165, 647, t1) & (1054, 119, 1610, t2=t1+(0, 6)) & (2282, 50, 1054, t3=t2+(0, 5)) -> (1054, 119, 647, t4=t3+(1, 6))	3	167
(1262, 50, 1271, t1) & (1157, 116, 3687, t2=t1+(0, 4)) & (3687, 35, 1262, t3=t2+(0, 7)) -> (1157, 35, 1262, t4=t3+(1, 5))	3	168
(3871, 50, 4556, t1) & (3172, 66, 2069, t2=t1+(0, 2)) & (4556, 157, 3172, t3=t2+(0, 4)) -> (3871, 66, 3172, t4=t3+(1, 3))	3	169
(3518, 107, 168, t1) & (2173, 149, 3981, t2=t1+(0, 4)) & (2173, 169, 3518, t3=t2+(0, 4)) -> (3518, 149, 2173, t4=t3+(1, 5))	3	170
(2936, 19, 1365, t1) & (1557, 23, 1566, t2=t1+(0, 5)) & (1557, 62, 1365, t3=t2+(0, 4)) -> (1557, 23, 1365, t4=t3+(1, 4))	3	171
(1402, 139, 271, t1) & (337, 177, 4090, t2=t1+(0, 6)) & (337, 82, 1402, t3=t2+(0, 3)) -> (1402, 139, 1402, t4=t3+(1, 3))	3	172
(522, 3, 4103, t1) & (2595, 54, 3299, t2=t1+(0, 6)) & (522, 100, 2595, t3=t2+(0, 5)) -> (2595, 100, 522, t4=t3+(1, 1))	3	173
(3771, 188, 1491, t1) & (3404, 144, 4370, t2=t1+(0, 7)) & (3771, 175, 4370, t3=t2+(0, 5)) -> (1491, 188, 3771, t4=t3+(1, 7))	3	174
(319, 1, 2181, t1) & (4369, 1, 1878, t2=t1+(0, 4)) & (2181, 139, 4369, t3=t2+(0, 4)) -> (319, 1, 2181, t4=t3+(1, 10))	3	175
(1365, 9, 3388, t1) & (4800, 169, 550, t2=t1+(0, 6)) & (550, 59, 1365, t3=t2+(0, 6)) -> (1365, 59, 4800, t4=t3+(1, 4))	3	176
(1327, 26, 1729, t1) & (4574, 181, 3485, t2=t1+(0, 5)) & (4574, 108, 1729, t3=t2+(0, 4)) -> (1327, 108, 1729, t4=t3+(1, 7))	3	177
(2744, 105, 2878, t1) & (1618, 40, 1949, t2=t1+(0, 6)) & (1618, 149, 2878, t3=t2+(0, 8)) -> (1618, 105, 2744, t4=t3+(1, 4))	3	178
(3581, 189, 1635, t1) & (3654, 79, 3978, t2=t1+(0, 5)) & (3978, 12, 3581, t3=t2+(0, 2)) -> (3654, 12, 3581, t4=t3+(1, 4))	3	179
(3516, 179, 2910, t1) & (4497, 6, 631, t2=t1+(0, 5)) & (2910, 182, 4497, t3=t2+(0, 8)) -> (2910, 6, 3516, t4=t3+(1, 4))	3	180
(2862, 56, 3011, t1) & (844, 41, 2252, t2=t1+(0, 8)) & (3011, 156, 844, t3=t2+(0, 2)) -> (3011, 156, 2252, t4=t3+(1, 7))	3	181
(2001, 56, 4292, t1) & (3397, 171, 1915, t2=t1+(0, 4)) & (4292, 3, 1915, t3=t2+(0, 3)) -> (1915, 56, 1915, t4=t3+(1, 4))	3	182
(3478, 69, 993, t1) & (4090, 158, 2279, t2=t1+(0, 2)) & (3478, 109, 4090, t3=t2+(0, 5)) -> (993, 69, 3478, t4=t3+(1, 3))	3	183
(4814, 136, 3357, t1) & (1307, 49, 14, t2=t1+(0, 2)) & (1307, 155, 4814, t3=t2+(0, 5)) -> (4814, 155, 1307, t4=t3+(1, 6))	3	184
(1815, 81, 2088, t1) & (1937, 76, 1799, t2=t1+(0, 5)) & (1937, 84, 1815, t3=t2+(0, 3)) -> (1815, 76, 1937, t4=t3+(1, 6))	3	185
(423, 1, 297, t1) & (3258, 10, 1646, t2=t1+(0, 10)) & (1646, 191, 297, t3=t2+(0, 2)) -> (423, 191, 1646, t4=t3+(1, 4))	3	186
(1937, 182, 9, t1) & (3852, 77, 2809, t2=t1+(0, 3)) & (9, 184, 2809, t3=t2+(0, 1)) -> (2809, 182, 9, t4=t3+(1, 6))	3	187
(3806, 102, 3371, t1) & (372, 29, 1504, t2=t1+(0, 4)) & (372, 172, 3371, t3=t2+(0, 5)) -> (3371, 172, 3371, t4=t3+(1, 7))	3	188
(2321, 125, 4238, t1) & (490, 172, 4823, t2=t1+(0, 3)) & (4823, 97, 2321, t3=t2+(0, 7)) -> (4238, 97, 4238, t4=t3+(1, 8))	3	189
(511, 170, 3414, t1) & (1510, 55, 3254, t2=t1+(0, 6)) & (1510, 154, 511, t3=t2+(0, 8)) -> (511, 55, 1510, t4=t3+(1, 5))	3	190
(1329, 88, 984, t1) & (3016, 96, 2807, t2=t1+(0, 2)) & (1329, 72, 3016, t3=t2+(0, 4)) -> (3016, 96, 1329, t4=t3+(1, 6))	3	191
(1584, 173, 992, t1) & (1316, 144, 2590, t2=t1+(0, 4)) & (1584, 51, 1316, t3=t2+(0, 2)) -> (992, 173, 2590, t4=t3+(1, 5))	3	192
(2173, 107, 446, t1) & (4697, 50, 4420, t2=t1+(0, 6)) & (4420, 117, 2173, t3=t2+(0, 8)) -> (4420, 117, 4697, t4=t3+(1, 4))	3	193
(279, 106, 2999, t1) & (510, 184, 2652, t2=t1+(0, 2)) & (510, 116, 279, t3=t2+(0, 7)) -> (279, 106, 2999, t4=t3+(1, 5))	3	194
(2105, 73, 648, t1) & (1673, 179, 1219, t2=t1+(0, 5)) & (648, 152, 1219, t3=t2+(0, 8)) -> (2105, 179, 1673, t4=t3+(1, 8))	3	195
(2002, 52, 3704, t1) & (1168, 39, 2573, t2=t1+(0, 2)) & (2002, 138, 1168, t3=t2+(0, 5)) -> (3704, 138, 2002, t4=t3+(1, 5))	3	196
(1133, 125, 763, t1) & (292, 173, 3139, t2=t1+(0, 7)) & (292, 28, 1133, t3=t2+(0, 12)) -> (1133, 125, 292, t4=t3+(1, 5))	3	197
(2768, 70, 977, t1) & (4313, 52, 2802, t2=t1+(0, 4)) & (2768, 120, 2802, t3=t2+(0, 6)) -> (4313, 70, 2802, t4=t3+(1, 4))	3	198
(4083, 135, 2670, t1) & (4230, 196, 852, t2=t1+(0, 2)) & (4083, 137, 4230, t3=t2+(0, 5)) -> (852, 135, 4230, t4=t3+(1, 8))	3	199
(552, 192, 2345, t1) & (1689, 50, 2151, t2=t1+(0, 2)) & (1689, 147, 2345, t3=t2+(0, 6)) -> (1689, 50, 2151, t4=t3+(1, 3))	3	200
(356, 171, 1871, t1) & (1656, 176, 3325, t2=t1+(0, 4)) & (1871, 176, 1656, t3=t2+(0, 4)) -> (1871, 171, 3325, t4=t3+(1, 4))	3	201
(1288, 189, 18, t1) & (3668, 42, 4671, t2=t1+(0, 3)) & (3668, 7, 1288, t3=t2+(0, 1)) -> (18, 7, 1288, t4=t3+(1, 6))	3	202
(1319, 55, 482, t1) & (344, 109, 3654, t2=t1+(0, 8)) & (3654, 5, 1319, t3=t2+(0, 4)) -> (482, 5, 3654, t4=t3+(1, 6))	3	203
(1018, 114, 1821, t1) & (2356, 24, 4871, t2=t1+(0, 5)) & (1018, 73, 2356, t3=t2+(0, 4)) -> (4871, 24, 1018, t4=t3+(1, 3))	3	204
(4937, 177, 3714, t1) & (4564, 127, 536, t2=t1+(0, 7)) & (4937, 174, 4564, t3=t2+(0, 3)) -> (4937, 177, 3714, t4=t3+(1, 5))	3	205
(2460, 144, 654, t1) & (2231, 57, 1064, t2=t1+(0, 1)) & (654, 89, 2231, t3=t2+(0, 2)) -> (654, 144, 2460, t4=t3+(1, 4))	3	206
(744, 186, 930, t1) & (938, 155, 3378, t2=t1+(0, 8)) & (3378, 142, 930, t3=t2+(0, 5)) -> (938, 142, 930, t4=t3+(1, 4))	3	207
(763, 151, 4864, t1) & (1013, 146, 3917, t2=t1+(0, 2)) & (3917, 161, 763, t3=t2+(0, 4)) -> (1013, 151, 1013, t4=t3+(1, 4))	3	208
(1891, 49, 1557, t1) & (1670, 192, 218, t2=t1+(0, 6)) & (1670, 58, 1557, t3=t2+(0, 3)) -> (218, 58, 1891, t4=t3+(1, 4))	3	209
(1713, 78, 3548, t1) & (75, 45, 4505, t2=t1+(0, 9)) & (1713, 87, 4505, t3=t2+(0, 6)) -> (4505, 78, 75, t4=t3+(1, 1))	3	210
(99, 71, 3961, t1) & (2545, 179, 4642, t2=t1+(0, 4)) & (4642, 111, 99, t3=t2+(0, 1)) -> (4642, 179, 4642, t4=t3+(1, 10))	3	211
(2466, 118, 3903, t1) & (3847, 126, 3982, t2=t1+(0, 4)) & (3982, 99, 2466, t3=t2+(0, 5)) -> (3982, 118, 3982, t4=t3+(1, 5))	3	212
(519, 73, 1257, t1) & (601, 100, 1407, t2=t1+(0, 3)) & (1407, 105, 1257, t3=t2+(0, 5)) -> (1257, 73, 1407, t4=t3+(1, 8))	3	213
(3436, 56, 1340, t1) & (382, 6, 4122, t2=t1+(0, 5)) & (3436, 157, 4122, t3=t2+(0, 7)) -> (4122, 157, 4122, t4=t3+(1, 9))	3	214
(4145, 166, 2042, t1) & (4290, 113, 1952, t2=t1+(0, 5)) & (4145, 157, 4290, t3=t2+(0, 6)) -> (1952, 157, 4290, t4=t3+(1, 2))	3	215
(570, 46, 179, t1) & (95, 23, 2038, t2=t1+(0, 7)) & (570, 103, 2038, t3=t2+(0, 9)) -> (2038, 23, 570, t4=t3+(1, 2))	3	216
(3133, 97, 1851, t1) & (3584, 128, 746, t2=t1+(0, 2)) & (746, 17, 1851, t3=t2+(0, 6)) -> (746, 97, 746, t4=t3+(1, 8))	3	217
(4113, 69, 2768, t1) & (1795, 42, 4956, t2=t1+(0, 3)) & (2768, 20, 1795, t3=t2+(0, 1)) -> (4956, 20, 4956, t4=t3+(1, 4))	3	218
(4775, 123, 283, t1) & (1816, 102, 1594, t2=t1+(0, 5)) & (283, 43, 1594, t3=t2+(0, 4)) -> (1594, 123, 1816, t4=t3+(1, 4))	3	219
(74, 54, 4991, t1) & (2828, 46, 2847, t2=t1+(0, 4)) & (74, 105, 2847, t3=t2+(0, 7)) -> (2828, 46, 74, t4=t3+(1, 5))	3	220
(1619, 90, 1322, t1) & (4400, 40, 3337, t2=t1+(0, 0)) & (4400, 154, 1619, t3=t2+(0, 5)) -> (3337, 154, 1619, t4=t3+(1, 4))	3	221
(3728, 43, 3389, t1) & (4699, 154, 3298, t2=t1+(0, 2)) & (3298, 2, 3389, t3=t2+(0, 7)) -> (3389, 154, 3389, t4=t3+(1, 4))	3	222
(2164, 155, 1521, t1) & (3060, 5, 4028, t2=t1+(0, 4)) & (1521, 95, 3060, t3=t2+(0, 6)) -> (2164, 95, 3060, t4=t3+(1, 8))	3	223
(3554, 135, 3030, t1) & (1350, 22, 3362, t2=t1+(0, 6)) & (1350, 83, 3030, t3=t2+(0, 5)) -> (1350, 22, 3554, t4=t3+(1, 6))	3	224
(333, 7, 1257, t1) & (1826, 141, 2350, t2=t1+(0, 6)) & (1257, 184, 1826, t3=t2+(0, 9)) -> (1257, 184, 333, t4=t3+(1, 5))	3	225
(1959, 160, 678, t1) & (2743, 76, 4757, t2=t1+(0, 5)) & (2743, 165, 678, t3=t2+(0, 4)) -> (678, 165, 2743, t4=t3+(1, 3))	3	226
(4476, 133, 777, t1) & (4226, 61, 2320, t2=t1+(0, 6)) & (2320, 140, 4476, t3=t2+(0, 9)) -> (4476, 133, 777, t4=t3+(1, 3))	3	227
(2967, 56, 1273, t1) & (1154, 95, 4812, t2=t1+(0, 7)) & (1154, 138, 1273, t3=t2+(0, 8)) -> (1273, 95, 1273, t4=t3+(1, 6))	3	228
(4062, 171, 481, t1) & (2668, 123, 653, t2=t1+(0, 3)) & (2668, 150, 4062, t3=t2+(0, 3)) -> (653, 123, 4062, t4=t3+(1, 9))	3	229
(620, 81, 1739, t1) & (281, 122, 3256, t2=t1+(0, 5)) & (281, 166, 1739, t3=t2+(0, 2)) -> (281, 81, 281, t4=t3+(1, 5))	3	230
(2056, 29, 3974, t1) & (1636, 81, 1072, t2=t1+(0, 2)) & (1072, 141, 2056, t3=t2+(0, 5)) -> (2056, 141, 2056, t4=t3+(1, 3))	3	231
(2968, 60, 626, t1) & (1091, 40, 1150, t2=t1+(0, 4)) & (2968, 168, 1091, t3=t2+(0, 5)) -> (2968, 60, 1091, t4=t3+(1, 10))	3	232
(3988, 30, 476, t1) & (83, 137, 488, t2=t1+(0, 10)) & (476, 195, 488, t3=t2+(0, 3)) -> (488, 137, 83, t4=t3+(1, 4))	3	233
(47, 45, 2423, t1) & (1563, 13, 782, t2=t1+(0, 4)) & (2423, 110, 1563, t3=t2+(0, 4)) -> (2423, 45, 2423, t4=t3+(1, 4))	3	234
(939, 82, 2367, t1) & (3367, 25, 788, t2=t1+(0, 3)) & (2367, 136, 788, t3=t2+(0, 4)) -> (3367, 82, 2367, t4=t3+(1, 5))	3	235
(1478, 146, 4821, t1) & (2279, 158, 3587, t2=t1+(0, 2)) & (4821, 153, 3587, t3=t2+(0, 0)) -> (3587, 158, 4821, t4=t3+(1, 5))	3	236
(986, 77, 1849, t1) & (786, 189, 326, t2=t1+(0, 3)) & (1849, 151, 326, t3=t2+(0, 8)) -> (1849, 189, 786, t4=t3+(1, 5))	3	237
(1238, 33, 1920, t1) & (3162, 35, 3030, t2=t1+(0, 3)) & (1920, 152, 3162, t3=t2+(0, 6)) -> (1920, 33, 1920, t4=t3+(1, 6))	3	238
(448, 109, 3270, t1) & (2356, 136, 3443, t2=t1+(0, 6)) & (3270, 170, 2356, t3=t2+(0, 7)) -> (3270, 109, 3443, t4=t3+(1, 7))	3	239
(4715, 145, 1787, t1) & (3425, 162, 3062, t2=t1+(0, 4)) & (3425, 198, 1787, t3=t2+(0, 2)) -> (1787, 198, 1787, t4=t3+(1, 7))	3	240
(1271, 67, 2641, t1) & (4262, 38, 4399, t2=t1+(0, 5)) & (4399, 43, 2641, t3=t2+(0, 3)) -> (4399, 43, 2641, t4=t3+(1, 1))	3	241
(666, 61, 2289, t1) & (2906, 192, 742, t2=t1+(0, 6)) & (742, 151, 2289, t3=t2+(0, 2)) -> (742, 192, 2289, t4=t3+(1, 7))	3	242
(3445, 136, 1386, t1) & (2916, 87, 1032, t2=t1+(0, 3)) & (1032, 177, 1386, t3=t2+(0, 6)) -> (1032, 177, 1032, t4=t3+(1, 5))	3	243
(2531, 1, 4091, t1) & (4567, 151, 3589, t2=t1+(0, 6)) & (2531, 161, 4567, t3=t2+(0, 6)) -> (4091, 151, 4567, t4=t3+(1, 2))	3	244
(3945, 198, 2077, t1) & (2113, 14, 2137, t2=t1+(0, 10)) & (2137, 196, 2077, t3=t2+(0, 6)) -> (2137, 14, 3945, t4=t3+(1, 7))	3	245
(4497, 196, 657, t1) & (4201, 87, 4700, t2=t1+(0, 6)) & (657, 23, 4201, t3=t2+(0, 8)) -> (4201, 196, 657, t4=t3+(1, 3))	3	246
(1082, 87, 744, t1) & (3460, 173, 2790, t2=t1+(0, 4)) & (2790, 84, 744, t3=t2+(0, 6)) -> (2790, 87, 3460, t4=t3+(1, 6))	3	247
(2959, 89, 1473, t1) & (2737, 2, 3193, t2=t1+(0, 2)) & (2959, 127, 3193, t3=t2+(0, 4)) -> (2959, 2, 2959, t4=t3+(1, 6))	3	248
(2561, 89, 4344, t1) & (794, 117, 2532, t2=t1+(0, 5)) & (4344, 191, 2532, t3=t2+(0, 8)) -> (2532, 191, 4344, t4=t3+(1, 6))	3	249
(3630, 183, 84, t1) & (1322, 34, 278, t2=t1+(0, 4)) & (3630, 74, 1322, t3=t2+(0, 5)) -> (3630, 74, 3630, t4=t3+(1, 2))	3	250
(4214, 93, 738, t1) & (4244, 15, 2422, t2=t1+(0, 8)) & (4244, 182, 4214, t3=t2+(0, 5)) -> (4214, 182, 738, t4=t3+(1, 8))	3	251
(2594, 166, 4003, t1) & (234, 66, 900, t2=t1+(0, 9)) & (4003, 95, 900, t3=t2+(0, 7)) -> (900, 95, 900, t4=t3+(1, 4))	3	252
(1111, 177, 3217, t1) & (2190, 26, 3009, t2=t1+(0, 6)) & (3217, 135, 2190, t3=t2+(0, 3)) -> (3217, 135, 1111, t4=t3+(1, 2))	3	253
(290, 85, 945, t1) & (847, 61, 2883, t2=t1+(0, 4)) & (290, 126, 2883, t3=t2+(0, 6)) -> (847, 126, 2883, t4=t3+(1, 6))	3	254
(3428, 83, 3562, t1) & (140, 199, 3089, t2=t1+(0, 5)) & (3089, 99, 3428, t3=t2+(0, 8)) -> (3428, 83, 3089, t4=t3+(1, 2))	3	255
(1950, 106, 1774, t1) & (418, 121, 3607, t2=t1+(0, 6)) & (3607, 96, 1950, t3=t2+(0, 6)) -> (1774, 121, 1774, t4=t3+(1, 7))	3	256
(3153, 113, 4140, t1) & (3306, 29, 2917, t2=t1+(0, 7)) & (4140, 55, 2917, t3=t2+(0, 3)) -> (4140, 55, 4140, t4=t3+(1, 1))	3	257
(4975, 184, 1727, t1) & (3667, 40, 320, t2=t1+(0, 10)) & (1727, 169, 320, t3=t2+(0, 10)) -> (4975, 40, 320, t4=t3+(1, 2))	3	258
(3864, 147, 1633, t1) & (1913, 160, 3571, t2=t1+(0, 4)) & (1633, 9, 3571, t3=t2+(0, 4)) -> (3571, 160, 1913, t4=t3+(1, 7))	3	259
(2240, 63, 3004, t1) & (3359, 98, 2118, t2=t1+(0, 2)) & (3004, 118, 2118, t3=t2+(0, 3)) -> (2240, 63, 3359, t4=t3+(1, 4))	3	260
(3191, 31, 984, t1) & (765, 148, 1227, t2=t1+(0, 7)) & (765, 41, 3191, t3=t2+(0, 10)) -> (984, 41, 984, t4=t3+(1, 4))	3	261
(4948, 10, 3683, t1) & (3571, 160, 1757, t2=t1+(0, 9)) & (3571, 119, 4948, t3=t2+(0, 6)) -> (3683, 10, 4948, t4=t3+(1, 5))	3	262
(1911, 135, 2666, t1) & (3270, 129, 3463, t2=t1+(0, 8)) & (3463, 165, 1911, t3=t2+(0, 5)) -> (3270, 135, 3463, t4=t3+(1, 4))	3	263
(1678, 128, 3917, t1) & (821, 14, 3147, t2=t1+(0, 3)) & (3917, 24, 3147, t3=t2+(0, 5)) -> (821, 14, 3147, t4=t3+(1, 3))	3	264
(2752, 108, 3763, t1) & (2603, 8, 705, t2=t1+(0, 6)) & (3763, 162, 2603, t3=t2+(0, 9)) -> (2752, 108, 705, t4=t3+(1, 6))	3	265
(3029, 22, 3110, t1) & (114, 164, 3097, t2=t1+(0, 5)) & (3097, 28, 3110, t3=t2+(0, 5)) -> (114, 28, 3097, t4=t3+(1, 5))	3	266
(253, 94, 3142, t1) & (3139, 144, 1259, t2=t1+(0, 5)) & (3139, 182, 253, t3=t2+(0, 0)) -> (253, 94, 3139, t4=t3+(1, 5))	3	267
(4243, 161, 3348, t1) & (4273, 147, 1750, t2=t1+(0, 6)) & (3348, 157, 1750, t3=t2+(0, 7)) -> (3348, 157, 4273, t4=t3+(1, 5))	3	268
(2461, 126, 4705, t1) & (2354, 12, 3856, t2=t1+(0, 5)) & (3856, 174, 2461, t3=t2+(0, 2)) -> (2461, 174, 3856, t4=t3+(1, 2))	3	269
(3775, 134, 3859, t1) & (1522, 32, 2337, t2=t1+(0, 6)) & (3859, 64, 1522, t3=t2+(0, 10)) -> (2337, 64, 2337, t4=t3+(1, 7))	3	270
(2926, 47, 3916, t1) & (1496, 66, 665, t2=t1+(0, 6)) & (2926, 166, 665, t3=t2+(0, 10)) -> (1496, 166, 2926, t4=t3+(1, 5))	3	271
(274, 194, 3242, t1) & (4717, 79, 2185, t2=t1+(0, 4)) & (3242, 138, 2185, t3=t2+(0, 3)) -> (4717, 79, 3242, t4=t3+(1, 2))	3	272
(2619, 49, 249, t1) & (1370, 102, 560, t2=t1+(0, 2)) & (249, 161, 560, t3=t2+(0, 6)) -> (2619, 102, 1370, t4=t3+(1, 6))	3	273
(3039, 86, 1594, t1) & (1478, 66, 502, t2=t1+(0, 3)) & (1594, 169, 1478, t3=t2+(0, 10)) -> (1594, 169, 502, t4=t3+(1, 4))	3	274
(3461, 168, 1145, t1) & (1266, 103, 2254, t2=t1+(0, 5)) & (3461, 139, 2254, t3=t2+(0, 3)) -> (3461, 168, 1266, t4=t3+(1, 6))	3	275
(4835, 124, 3567, t1) & (900, 53, 2840, t2=t1+(0, 10)) & (900, 180, 4835, t3=t2+(0, 4)) -> (900, 180, 4835, t4=t3+(1, 3))	3	276
(4173, 129, 2355, t1) & (1712, 52, 3171, t2=t1+(0, 4)) & (4173, 40, 1712, t3=t2+(0, 3)) -> (4173, 52, 1712, t4=t3+(1, 4))	3	277
(4754, 93, 2187, t1) & (910, 91, 4462, t2=t1+(0, 3)) & (910, 67, 2187, t3=t2+(0, 6)) -> (2187, 67, 4462, t4=t3+(1, 7))	3	278
(1368, 60, 1917, t1) & (4168, 61, 2220, t2=t1+(0, 5)) & (4168, 45, 1368, t3=t2+(0, 3)) -> (1917, 45, 4168, t4=t3+(1, 2))	3	279
(880, 8, 4602, t1) & (3904, 105, 1164, t2=t1+(0, 5)) & (3904, 137, 4602, t3=t2+(0, 7)) -> (3904, 105, 3904, t4=t3+(1, 7))	3	280
(1968, 21, 604, t1) & (2015, 193, 2276, t2=t1+(0, 4)) & (604, 154, 2276, t3=t2+(0, 6)) -> (2276, 154, 604, t4=t3+(1, 6))	3	281
(4846, 162, 3600, t1) & (3801, 7, 3661, t2=t1+(0, 7)) & (3600, 53, 3661, t3=t2+(0, 5)) -> (3600, 7, 3801, t4=t3+(1, 3))	3	282
(3338, 132, 1501, t1) & (3881, 38, 2826, t2=t1+(0, 0)) & (2826, 198, 1501, t3=t2+(0, 4)) -> (3338, 38, 3881, t4=t3+(1, 5))	3	283
(1217, 104, 224, t1) & (4236, 47, 1426, t2=t1+(0, 5)) & (1217, 179, 1426, t3=t2+(0, 4)) -> (1217, 179, 1217, t4=t3+(1, 5))	3	284
(4437, 98, 4297, t1) & (737, 22, 81, t2=t1+(0, 5)) & (81, 3, 4437, t3=t2+(0, 5)) -> (4437, 3, 4297, t4=t3+(1, 8))	3	285
(1944, 145, 1874, t1) & (395, 167, 185, t2=t1+(0, 5)) & (1944, 149, 395, t3=t2+(0, 4)) -> (1944, 167, 395, t4=t3+(1, 4))	3	286
(3712, 176, 2476, t1) & (2277, 89, 3912, t2=t1+(0, 8)) & (3912, 1, 3712, t3=t2+(0, 3)) -> (3912, 1, 3912, t4=t3+(1, 3))	3	287
(723, 176, 3610, t1) & (1502, 69, 2901, t2=t1+(0, 2)) & (723, 44, 1502, t3=t2+(0, 4)) -> (1502, 69, 1502, t4=t3+(1, 2))	3	288
(4050, 13, 4264, t1) & (4221, 87, 1587, t2=t1+(0, 8)) & (4050, 110, 1587, t3=t2+(0, 4)) -> (4050, 87, 1587, t4=t3+(1, 4))	3	289
(4503, 134, 837, t1) & (3517, 54, 3804, t2=t1+(0, 9)) & (3517, 82, 4503, t3=t2+(0, 5)) -> (837, 134, 837, t4=t3+(1, 9))	3	290
(4674, 184, 32, t1) & (657, 139, 2615, t2=t1+(0, 3)) & (2615, 183, 4674, t3=t2+(0, 1)) -> (4674, 139, 2615, t4=t3+(1, 5))	3	291
(4867, 172, 2910, t1) & (1268, 121, 4746, t2=t1+(0, 5)) & (2910, 7, 1268, t3=t2+(0, 4)) -> (1268, 172, 2910, t4=t3+(1, 5))	3	292
(4347, 157, 4404, t1) & (2473, 132, 149, t2=t1+(0, 9)) & (2473, 55, 4404, t3=t2+(0, 7)) -> (149, 157, 2473, t4=t3+(1, 1))	3	293
(1660, 118, 2581, t1) & (4293, 53, 4000, t2=t1+(0, 1)) & (2581, 116, 4293, t3=t2+(0, 5)) -> (2581, 53, 4293, t4=t3+(1, 4))	3	294
(3760, 178, 125, t1) & (2459, 15, 191, t2=t1+(0, 5)) & (191, 173, 125, t3=t2+(0, 4)) -> (191, 178, 191, t4=t3+(1, 6))	3	295
(2124, 23, 1654, t1) & (3945, 86, 2701, t2=t1+(0, 4)) & (1654, 159, 2701, t3=t2+(0, 8)) -> (1654, 86, 1654, t4=t3+(1, 8))	3	296
(1506, 72, 3511, t1) & (633, 6, 139, t2=t1+(0, 4)) & (139, 110, 1506, t3=t2+(0, 0)) -> (3511, 6, 1506, t4=t3+(1, 8))	3	297
(4376, 37, 4589, t1) & (2976, 141, 699, t2=t1+(0, 1)) & (699, 126, 4376, t3=t2+(0, 6)) -> (4376, 126, 699, t4=t3+(1, 5))	3	298
(1348, 72, 4850, t1) & (1380, 92, 4844, t2=t1+(0, 7)) & (1348, 21, 4844, t3=t2+(0, 4)) -> (1380, 21, 4850, t4=t3+(1, 7))	3	299
(3725, 69, 514, t1) & (2330, 159, 2611, t2=t1+(0, 7)) & (3725, 173, 2330, t3=t2+(0, 6)) -> (514, 69, 2611, t4=t3+(1, 2))	3	300
(361, 0, 3667, t1) & (3111, 192, 4012, t2=t1+(0, 5)) & (361, 153, 4012, t3=t2+(0, 6)) -> (361, 192, 361, t4=t3+(1, 5))	3	301
(4937, 167, 3558, t1) & (2695, 51, 1619, t2=t1+(0, 6)) & (4937, 45, 2695, t3=t2+(0, 4)) -> (2695, 51, 4937, t4=t3+(1, 4))	3	302
(1904, 108, 4286, t1) & (4964, 87, 200, t2=t1+(0, 6)) & (200, 119, 1904, t3=t2+(0, 6)) -> (200, 119, 1904, t4=t3+(1, 5))	3	303
(1805, 162, 67, t1) & (3716, 77, 2213, t2=t1+(0, 7)) & (1805, 14, 2213, t3=t2+(0, 6)) -> (2213, 162, 2213, t4=t3+(1, 1))	3	304
(2729, 159, 4015, t1) & (2980, 54, 2559, t2=t1+(0, 6)) & (4015, 104, 2980, t3=t2+(0, 2)) -> (2559, 159, 4015, t4=t3+(1, 4))	3	305
(1808, 99, 1067, t1) & (3215, 198, 22, t2=t1+(0, 5)) & (22, 5, 1808, t3=t2+(0, 3)) -> (1808, 198, 3215, t4=t3+(1, 3))	3	306
(904, 34, 4053, t1) & (4170, 129, 4470, t2=t1+(0, 9)) & (904, 190, 4470, t3=t2+(0, 7)) -> (4053, 190, 904, t4=t3+(1, 5))	3	307
(2727, 21, 4828, t1) & (2589, 11, 1773, t2=t1+(0, 2)) & (2727, 138, 1773, t3=t2+(0, 4)) -> (1773, 21, 2727, t4=t3+(1, 7))	3	308
(375, 179, 3247, t1) & (4989, 144, 2029, t2=t1+(0, 6)) & (2029, 19, 375, t3=t2+(0, 4)) -> (3247, 144, 2029, t4=t3+(1, 4))	3	309
(4060, 134, 1591, t1) & (2858, 198, 3044, t2=t1+(0, 5)) & (1591, 11, 2858, t3=t2+(0, 10)) -> (2858, 134, 2858, t4=t3+(1, 3))	3	310
(3662, 9, 315, t1) & (855, 76, 2050, t2=t1+(0, 2)) & (855, 104, 315, t3=t2+(0, 9)) -> (3662, 104, 2050, t4=t3+(1, 5))	3	311
(4680, 77, 3300, t1) & (3345, 83, 3546, t2=t1+(0, 3)) & (3546, 32, 3300, t3=t2+(0, 2)) -> (3546, 83, 3345, t4=t3+(1, 3))	3	312
(4435, 79, 862, t1) & (4940, 121, 1465, t2=t1+(0, 3)) & (4435, 53, 4940, t3=t2+(0, 7)) -> (1465, 121, 4435, t4=t3+(1, 3))	3	313
(4732, 57, 2060, t1) & (2430, 120, 679, t2=t1+(0, 4)) & (4732, 28, 679, t3=t2+(0, 4)) -> (679, 28, 4732, t4=t3+(1, 6))	3	314
(4672, 48, 3199, t1) & (1220, 123, 4696, t2=t1+(0, 5)) & (1220, 130, 4672, t3=t2+(0, 5)) -> (1220, 48, 4696, t4=t3+(1, 3))	3	315
(2422, 24, 3159, t1) & (4196, 58, 4706, t2=t1+(0, 6)) & (3159, 178, 4196, t3=t2+(0, 6)) -> (3159, 58, 4706, t4=t3+(1, 9))	3	316
(1928, 107, 3810, t1) & (2731, 0, 3608, t2=t1+(0, 3)) & (2731, 176, 1928, t3=t2+(0, 4)) -> (3608, 0, 1928, t4=t3+(1, 6))	3	317
(103, 137, 451, t1) & (4485, 16, 4928, t2=t1+(0, 4)) & (451, 185, 4485, t3=t2+(0, 3)) -> (4928, 137, 4485, t4=t3+(1, 4))	3	318
(1551, 150, 4782, t1) & (2983, 187, 377, t2=t1+(0, 4)) & (377, 72, 1551, t3=t2+(0, 5)) -> (1551, 72, 4782, t4=t3+(1, 2))	3	319
(2469, 23, 2040, t1) & (1620, 172, 2705, t2=t1+(0, 4)) & (2705, 118, 2040, t3=t2+(0, 7)) -> (1620, 172, 1620, t4=t3+(1, 6))	3	320
(3065, 10, 3961, t1) & (3147, 176, 2666, t2=t1+(0, 1)) & (3065, 10, 3147, t3=t2+(0, 7)) -> (3065, 176, 3065, t4=t3+(1, 6))	3	321
(140, 179, 3371, t1) & (1417, 18, 1147, t2=t1+(0, 4)) & (3371, 198, 1147, t3=t2+(0, 8)) -> (1417, 198, 1147, t4=t3+(1, 7))	3	322
(2737, 40, 1529, t1) & (1222, 107, 2448, t2=t1+(0, 2)) & (2737, 116, 1222, t3=t2+(0, 5)) -> (1222, 107, 2737, t4=t3+(1, 2))	3	323
(2854, 161, 887, t1) & (3478, 26, 4124, t2=t1+(0, 0)) & (3478, 12, 887, t3=t2+(0, 4)) -> (887, 12, 4124, t4=t3+(1, 6))	3	324
(2526, 79, 216, t1) & (4416, 102, 1074, t2=t1+(0, 7)) & (216, 114, 4416, t3=t2+(0, 3)) -> (2526, 79, 1074, t4=t3+(1, 1))	3	325
(3429, 158, 2632, t1) & (4668, 30, 23, t2=t1+(0, 2)) & (4668, 46, 2632, t3=t2+(0, 5)) -> (2632, 46, 2632, t4=t3+(1, 5))	3	326
(115, 132, 55, t1) & (378, 132, 4063, t2=t1+(0, 4)) & (378, 155, 55, t3=t2+(0, 5)) -> (4063, 132, 55, t4=t3+(1, 6))	3	327
(4571, 147, 1101, t1) & (1894, 61, 2892, t2=t1+(0, 5)) & (4571, 81, 2892, t3=t2+(0, 9)) -> (1894, 81, 2892, t4=t3+(1, 6))	3	328
(402, 103, 39, t1) & (4280, 118, 472, t2=t1+(0, 8)) & (472, 19, 39, t3=t2+(0, 2)) -> (39, 19, 39, t4=t3+(1, 10))	3	329
(4913, 148, 3839, t1) & (4834, 180, 1685, t2=t1+(0, 6)) & (4913, 40, 4834, t3=t2+(0, 4)) -> (4913, 148, 3839, t4=t3+(1, 4))	3	330
(3504, 183, 4417, t1) & (1661, 59, 4411, t2=t1+(0, 4)) & (4417, 177, 4411, t3=t2+(0, 7)) -> (4411, 183, 4411, t4=t3+(1, 4))	3	331
(160, 112, 3943, t1) & (4000, 86, 1856, t2=t1+(0, 4)) & (4000, 41, 160, t3=t2+(0, 6)) -> (160, 41, 4000, t4=t3+(1, 7))	3	332
(2440, 94, 3812, t1) & (3177, 87, 1521, t2=t1+(0, 5)) & (3812, 24, 1521, t3=t2+(0, 5)) -> (3177, 94, 1521, t4=t3+(1, 5))	3	333
(2893, 178, 3074, t1) & (319, 117, 2558, t2=t1+(0, 7)) & (3074, 74, 319, t3=t2+(0, 3)) -> (2558, 178, 319, t4=t3+(1, 4))	3	334
(1078, 90, 2992, t1) & (3907, 65, 4903, t2=t1+(0, 7)) & (4903, 22, 1078, t3=t2+(0, 4)) -> (1078, 22, 1078, t4=t3+(1, 4))	3	335
(3687, 133, 1340, t1) & (982, 96, 884, t2=t1+(0, 8)) & (884, 115, 3687, t3=t2+(0, 7)) -> (3687, 133, 3687, t4=t3+(1, 7))	3	336
(1426, 30, 3295, t1) & (4694, 20, 1080, t2=t1+(0, 5)) & (3295, 16, 1080, t3=t2+(0, 6)) -> (3295, 16, 3295, t4=t3+(1, 4))	3	337
(2552, 123, 1699, t1) & (4933, 162, 4079, t2=t1+(0, 7)) & (2552, 41, 4933, t3=t2+(0, 7)) -> (1699, 162, 1699, t4=t3+(1, 7))	3	338
(2626, 105, 4601, t1) & (727, 75, 4143, t2=t1+(0, 6)) & (4601, 76, 4143, t3=t2+(0, 6)) -> (2626, 105, 4601, t4=t3+(1, 10))	3	339
(3592, 131, 2824, t1) & (4658, 93, 2924, t2=t1+(0, 6)) & (3592, 72, 2924, t3=t2+(0, 5)) -> (2924, 131, 3592, t4=t3+(1, 7))	3	340
(892, 95, 4542, t1) & (2255, 62, 1101, t2=t1+(0, 2)) & (2255, 142, 892, t3=t2+(0, 6)) -> (1101, 62, 4542, t4=t3+(1, 5))	3	341
(2789, 156, 2622, t1) & (2893, 66, 933, t2=t1+(0, 5)) & (2622, 178, 2893, t3=t2+(0, 0)) -> (2622, 178, 2622, t4=t3+(1, 5))	3	342
(1544, 157, 3078, t1) & (4000, 179, 2451, t2=t1+(0, 5)) & (4000, 182, 1544, t3=t2+(0, 9)) -> (2451, 182, 4000, t4=t3+(1, 5))	3	343
(2805, 165, 2821, t1) & (1408, 158, 4335, t2=t1+(0, 2)) & (4335, 172, 2805, t3=t2+(0, 4)) -> (2805, 158, 2805, t4=t3+(1, 5))	3	344
(3206, 12, 2610, t1) & (1398, 104, 4435, t2=t1+(0, 2)) & (1398, 102, 2610, t3=t2+(0, 1)) -> (2610, 104, 3206, t4=t3+(1, 3))	3	345
(3898, 1, 4406, t1) & (2104, 10, 3090, t2=t1+(0, 9)) & (4406, 72, 3090, t3=t2+(0, 6)) -> (4406, 72, 3090, t4=t3+(1, 4))	3	346
(2504, 142, 1551, t1) & (33, 183, 2538, t2=t1+(0, 9)) & (2538, 93, 2504, t3=t2+(0, 6)) -> (2538, 93, 33, t4=t3+(1, 7))	3	347
(1316, 3, 2879, t1) & (375, 7, 785, t2=t1+(0, 8)) & (1316, 26, 785, t3=t2+(0, 6)) -> (1316, 3, 1316, t4=t3+(1, 6))	3	348
(216, 19, 463, t1) & (1951, 72, 3045, t2=t1+(0, 4)) & (463, 79, 3045, t3=t2+(0, 4)) -> (463, 79, 463, t4=t3+(1, 4))	3	349
(1460, 72, 3073, t1) & (3724, 175, 1828, t2=t1+(0, 6)) & (1460, 47, 1828, t3=t2+(0, 3)) -> (3724, 47, 3073, t4=t3+(1, 4))	3	350
(3769, 190, 4107, t1) & (1834, 53, 2324, t2=t1+(0, 8)) & (1834, 24, 3769, t3=t2+(0, 6)) -> (4107, 24, 2324, t4=t3+(1, 5))	3	351
(2851, 21, 802, t1) & (4763, 149, 2687, t2=t1+(0, 2)) & (2851, 7, 4763, t3=t2+(0, 6)) -> (2687, 149, 2687, t4=t3+(1, 8))	3	352
(4532, 36, 2822, t1) & (3931, 59, 1992, t2=t1+(0, 8)) & (3931, 13, 4532, t3=t2+(0, 5)) -> (3931, 13, 3931, t4=t3+(1, 2))	3	353
(3963, 32, 3800, t1) & (2012, 30, 3175, t2=t1+(0, 5)) & (2012, 0, 3800, t3=t2+(0, 5)) -> (3963, 32, 3963, t4=t3+(1, 7))	3	354
(4274, 126, 188, t1) & (1299, 10, 158, t2=t1+(0, 4)) & (1299, 91, 4274, t3=t2+(0, 2)) -> (1299, 126, 1299, t4=t3+(1, 6))	3	355
(1254, 136, 3372, t1) & (227, 132, 612, t2=t1+(0, 9)) & (3372, 124, 227, t3=t2+(0, 7)) -> (612, 124, 227, t4=t3+(1, 9))	3	356
(2244, 42, 3249, t1) & (456, 7, 3161, t2=t1+(0, 7)) & (3161, 51, 3249, t3=t2+(0, 3)) -> (2244, 42, 3249, t4=t3+(1, 7))	3	357
(4259, 28, 1328, t1) & (431, 163, 1047, t2=t1+(0, 5)) & (431, 70, 4259, t3=t2+(0, 3)) -> (431, 70, 4259, t4=t3+(1, 7))	3	358
(3567, 181, 3676, t1) & (4747, 116, 650, t2=t1+(0, 3)) & (3676, 54, 4747, t3=t2+(0, 6)) -> (3676, 181, 4747, t4=t3+(1, 4))	3	359
(1747, 111, 2874, t1) & (3878, 72, 2740, t2=t1+(0, 3)) & (2874, 82, 2740, t3=t2+(0, 2)) -> (2874, 111, 2874, t4=t3+(1, 5))	3	360
(1323, 60, 1, t1) & (4309, 122, 1517, t2=t1+(0, 4)) & (1517, 106, 1323, t3=t2+(0, 2)) -> (1323, 106, 1323, t4=t3+(1, 5))	3	361
(1913, 0, 3643, t1) & (2087, 30, 3119, t2=t1+(0, 1)) & (2087, 31, 3643, t3=t2+(0, 2)) -> (3643, 31, 3643, t4=t3+(1, 9))	3	362
(101, 70, 2981, t1) & (4298, 153, 1256, t2=t1+(0, 5)) & (1256, 175, 2981, t3=t2+(0, 2)) -> (2981, 153, 2981, t4=t3+(1, 3))	3	363
(4873, 91, 3787, t1) & (4470, 161, 4999, t2=t1+(0, 6)) & (4470, 171, 3787, t3=t2+(0, 3)) -> (4470, 161, 3787, t4=t3+(1, 4))	3	364
(4348, 124, 311, t1) & (3174, 114, 769, t2=t1+(0, 6)) & (3174, 116, 311, t3=t2+(0, 8)) -> (769, 114, 4348, t4=t3+(1, 6))	3	365
(4283, 7, 3457, t1) & (1456, 99, 3703, t2=t1+(0, 3)) & (4283, 192, 1456, t3=t2+(0, 5)) -> (3457, 99, 1456, t4=t3+(1, 2))	3	366
(3542, 92, 686, t1) & (1996, 98, 2036, t2=t1+(0, 2)) & (2036, 56, 3542, t3=t2+(0, 6)) -> (2036, 56, 3542, t4=t3+(1, 7))	3	367
(4344, 80, 4591, t1) & (3064, 9, 611, t2=t1+(0, 8)) & (4591, 172, 3064, t3=t2+(0, 9)) -> (4344, 9, 3064, t4=t3+(1, 8))	3	368
(4810, 114, 1209, t1) & (455, 184, 967, t2=t1+(0, 2)) & (4810, 77, 455, t3=t2+(0, 5)) -> (4810, 77, 967, t4=t3+(1, 4))	3	369
(4637, 12, 3583, t1) & (1662, 185, 2400, t2=t1+(0, 4)) & (3583, 19, 2400, t3=t2+(0, 8)) -> (1662, 185, 4637, t4=t3+(1, 9))	3	370
(4757, 53, 3454, t1) & (1248, 49, 716, t2=t1+(0, 2)) & (3454, 157, 1248, t3=t2+(0, 3)) -> (3454, 157, 1248, t4=t3+(1, 1))	3	371
(4833, 167, 2559, t1) & (4231, 38, 1875, t2=t1+(0, 8)) & (2559, 9, 4231, t3=t2+(0, 4)) -> (2559, 167, 4231, t4=t3+(1, 7))	3	372
(2508, 156, 645, t1) & (3275, 142, 3889, t2=t1+(0, 5)) & (3889, 114, 2508, t3=t2+(0, 9)) -> (2508, 114, 645, t4=t3+(1, 6))	3	373
(3012, 174, 1029, t1) & (2303, 181, 673, t2=t1+(0, 6)) & (2303, 104, 1029, t3=t2+(0, 10)) -> (3012, 181, 2303, t4=t3+(1, 1))	3	374
(2855, 149, 4654, t1) & (4435, 39, 4111, t2=t1+(0, 3)) & (4111, 7, 2855, t3=t2+(0, 7)) -> (4435, 7, 4111, t4=t3+(1, 7))	3	375
(4772, 51, 2014, t1) & (4821, 92, 452, t2=t1+(0, 3)) & (2014, 173, 452, t3=t2+(0, 4)) -> (452, 92, 4772, t4=t3+(1, 3))	3	376
(4833, 44, 3840, t1) & (671, 115, 4965, t2=t1+(0, 11)) & (4833, 194, 4965, t3=t2+(0, 8)) -> (3840, 115, 4965, t4=t3+(1, 3))	3	377
(1523, 169, 4369, t1) & (1431, 90, 2287, t2=t1+(0, 6)) & (1431, 36, 4369, t3=t2+(0, 5)) -> (1431, 169, 4369, t4=t3+(1, 3))	3	378
(4867, 166, 2911, t1) & (333, 89, 2665, t2=t1+(0, 5)) & (2665, 114, 4867, t3=t2+(0, 5)) -> (2911, 89, 2911, t4=t3+(1, 1))	3	379
(432, 159, 4690, t1) & (4880, 174, 4427, t2=t1+(0, 5)) & (432, 24, 4427, t3=t2+(0, 4)) -> (4427, 174, 432, t4=t3+(1, 6))	3	380
(3011, 75, 3233, t1) & (3252, 72, 894, t2=t1+(0, 7)) & (3233, 184, 3252, t3=t2+(0, 6)) -> (894, 75, 3252, t4=t3+(1, 7))	3	381
(1852, 117, 2608, t1) & (3090, 25, 29, t2=t1+(0, 6)) & (3090, 13, 1852, t3=t2+(0, 5)) -> (2608, 13, 2608, t4=t3+(1, 9))	3	382
(4657, 88, 4360, t1) & (1394, 19, 1523, t2=t1+(0, 7)) & (4657, 22, 1394, t3=t2+(0, 5)) -> (4657, 88, 1394, t4=t3+(1, 12))	3	383
(2952, 50, 3584, t1) & (1808, 185, 3548, t2=t1+(0, 4)) & (3584, 163, 3548, t3=t2+(0, 5)) -> (3584, 50, 1808, t4=t3+(1, 4))	3	384
(2966, 66, 4288, t1) & (2218, 148, 4984, t2=t1+(0, 6)) & (4288, 186, 2218, t3=t2+(0, 1)) -> (4288, 186, 4288, t4=t3+(1, 7))	3	385
(3553, 71, 4942, t1) & (4362, 66, 4123, t2=t1+(0, 5)) & (4362, 54, 4942, t3=t2+(0, 6)) -> (4942, 66, 4942, t4=t3+(1, 2))	3	386
(2685, 111, 3513, t1) & (3302, 77, 1975, t2=t1+(0, 6)) & (3513, 57, 1975, t3=t2+(0, 2)) -> (1975, 77, 2685, t4=t3+(1, 9))	3	387
(838, 95, 3364, t1) & (1167, 199, 471, t2=t1+(0, 3)) & (838, 22, 1167, t3=t2+(0, 4)) -> (3364, 22, 1167, t4=t3+(1, 4))	3	388
(986, 16, 4677, t1) & (3106, 194, 4935, t2=t1+(0, 3)) & (3106, 30, 986, t3=t2+(0, 2)) -> (986, 30, 4677, t4=t3+(1, 5))	3	389
(3286, 123, 1892, t1) & (4344, 5, 2449, t2=t1+(0, 2)) & (1892, 52, 4344, t3=t2+(0, 4)) -> (1892, 52, 4344, t4=t3+(1, 9))	3	390
(2052, 113, 3833, t1) & (2784, 179, 4810, t2=t1+(0, 4)) & (2784, 83, 3833, t3=t2+(0, 8)) -> (2052, 83, 2784, t4=t3+(1, 5))	3	391
(1367, 72, 1832, t1) & (4468, 79, 2006, t2=t1+(0, 4)) & (4468, 28, 1832, t3=t2+(0, 10)) -> (4468, 28, 4468, t4=t3+(1, 5))	3	392
(4387, 147, 3561, t1) & (3334, 141, 2449, t2=t1+(0, 7)) & (2449, 197, 4387, t3=t2+(0, 3)) -> (2449, 197, 2449, t4=t3+(1, 4))	3	393
(4516, 125, 3558, t1) & (4762, 48, 3576, t2=t1+(0, 1)) & (4516, 50, 3576, t3=t2+(0, 2)) -> (3576, 48, 4516, t4=t3+(1, 2))	3	394
(4696, 42, 2642, t1) & (2487, 69, 3875, t2=t1+(0, 3)) & (2642, 79, 3875, t3=t2+(0, 3)) -> (2487, 79, 3875, t4=t3+(1, 5))	3	395
(3956, 122, 1042, t1) & (698, 165, 3335, t2=t1+(0, 3)) & (1042, 103, 3335, t3=t2+(0, 6)) -> (3335, 103, 698, t4=t3+(1, 7))	3	396
(1345, 92, 4813, t1) & (3019, 116, 1717, t2=t1+(0, 6)) & (3019, 87, 1345, t3=t2+(0, 6)) -> (3019, 87, 4813, t4=t3+(1, 4))	3	397
(4798, 176, 798, t1) & (929, 65, 4872, t2=t1+(0, 1)) & (4872, 189, 798, t3=t2+(0, 7)) -> (4798, 176, 929, t4=t3+(1, 3))	3	398
(451, 68, 4550, t1) & (3932, 82, 1111, t2=t1+(0, 6)) & (4550, 146, 3932, t3=t2+(0, 6)) -> (451, 146, 3932, t4=t3+(1, 3))	3	399
(1147, 193, 4670, t1) & (4670, 73, 1619, t2=t1+(0, 7)) -> (1147, 193, 4670, t3=t2+(1, 4))	2	400
(3525, 33, 3502, t1) & (3525, 79, 2398, t2=t1+(0, 5)) -> (3525, 79, 3525, t3=t2+(1, 7))	2	401
(1982, 144, 111, t1) & (278, 142, 111, t2=t1+(0, 4)) -> (111, 142, 111, t3=t2+(1, 10))	2	402
(4219, 127, 877, t1) & (877, 157, 4955, t2=t1+(0, 7)) -> (877, 157, 877, t3=t2+(1, 3))	2	403
(771, 102, 85, t1) & (771, 140, 85, t2=t1+(0, 2)) -> (771, 102, 771, t3=t2+(1, 5))	2	404
(3060, 186, 4416, t1) & (2922, 41, 3060, t2=t1+(0, 5)) -> (3060, 41, 3060, t3=t2+(1, 5))	2	405
(3706, 5, 1143, t1) & (3706, 125, 4656, t2=t1+(0, 5)) -> (1143, 125, 3706, t3=t2+(1, 6))	2	406
(2286, 47, 2125, t1) & (560, 127, 2125, t2=t1+(0, 7)) -> (2125, 127, 2125, t3=t2+(1, 3))	2	407
(834, 144, 2822, t1) & (2822, 40, 2554, t2=t1+(0, 6)) -> (834, 144, 2822, t3=t2+(1, 4))	2	408
(1729, 141, 1508, t1) & (1007, 141, 1729, t2=t1+(0, 6)) -> (1007, 141, 1508, t3=t2+(1, 6))	2	409
(4149, 36, 2037, t1) & (3390, 115, 4149, t2=t1+(0, 6)) -> (3390, 115, 2037, t3=t2+(1, 4))	2	410
(3917, 17, 1430, t1) & (3917, 2, 3349, t2=t1+(0, 4)) -> (3349, 17, 3917, t3=t2+(1, 3))	2	411
(4641, 1, 1458, t1) & (1837, 117, 1458, t2=t1+(0, 5)) -> (1458, 1, 1837, t3=t2+(1, 5))	2	412
(3919, 63, 3794, t1) & (3791, 122, 3794, t2=t1+(0, 3)) -> (3794, 122, 3794, t3=t2+(1, 4))	2	413
(3754, 17, 807, t1) & (3754, 152, 807, t2=t1+(0, 3)) -> (807, 17, 3754, t3=t2+(1, 5))	2	414
(3449, 72, 3977, t1) & (3977, 199, 1799, t2=t1+(0, 2)) -> (3977, 72, 3977, t3=t2+(1, 3))	2	415
(2264, 197, 4052, t1) & (4052, 118, 2987, t2=t1+(0, 4)) -> (4052, 118, 4052, t3=t2+(1, 2))	2	416
(1674, 123, 2155, t1) & (2155, 116, 3238, t2=t1+(0, 8)) -> (1674, 123, 2155, t3=t2+(1, 5))	2	417
(299, 83, 4245, t1) & (4153, 144, 4245, t2=t1+(0, 10)) -> (4153, 83, 299, t3=t2+(1, 8))	2	418
(3333, 38, 43, t1) & (43, 151, 4442, t2=t1+(0, 6)) -> (4442, 151, 43, t3=t2+(1, 1))	2	419
(3233, 102, 236, t1) & (236, 139, 3233, t2=t1+(0, 4)) -> (3233, 102, 236, t3=t2+(1, 8))	2	420
(3060, 38, 270, t1) & (4863, 85, 3060, t2=t1+(0, 6)) -> (4863, 38, 270, t3=t2+(1, 4))	2	421
(1248, 30, 1985, t1) & (1248, 182, 1985, t2=t1+(0, 8)) -> (1248, 30, 1248, t3=t2+(1, 6))	2	422
(2785, 123, 3091, t1) & (2785, 84, 4300, t2=t1+(0, 6)) -> (2785, 123, 4300, t3=t2+(1, 7))	2	423
(4725, 41, 2303, t1) & (4725, 69, 2024, t2=t1+(0, 5)) -> (2024, 69, 4725, t3=t2+(1, 5))	2	424
(649, 139, 470, t1) & (3465, 12, 649, t2=t1+(0, 2)) -> (3465, 12, 649, t3=t2+(1, 5))	2	425
(971, 92, 1641, t1) & (4713, 7, 1641, t2=t1+(0, 3)) -> (971, 7, 971, t3=t2+(1, 2))	2	426
(2516, 6, 2509, t1) & (2516, 14, 4982, t2=t1+(0, 3)) -> (2509, 6, 2516, t3=t2+(1, 8))	2	427
(901, 176, 2994, t1) & (2994, 40, 2994, t2=t1+(0, 2)) -> (2994, 176, 2994, t3=t2+(1, 9))	2	428
(4198, 69, 1373, t1) & (1373, 11, 4198, t2=t1+(0, 4)) -> (1373, 69, 4198, t3=t2+(1, 4))	2	429
(919, 19, 4634, t1) & (919, 188, 2317, t2=t1+(0, 4)) -> (919, 188, 919, t3=t2+(1, 6))	2	430
(4341, 167, 4604, t1) & (664, 29, 4604, t2=t1+(0, 4)) -> (4604, 29, 4341, t3=t2+(1, 3))	2	431
(1846, 97, 3540, t1) & (1846, 68, 4582, t2=t1+(0, 7)) -> (1846, 97, 1846, t3=t2+(1, 3))	2	432
(2596, 159, 1352, t1) & (2596, 77, 2596, t2=t1+(0, 1)) -> (2596, 159, 2596, t3=t2+(1, 10))	2	433
(2000, 126, 1308, t1) & (2434, 151, 2000, t2=t1+(0, 8)) -> (2000, 151, 2000, t3=t2+(1, 5))	2	434
(2608, 49, 4775, t1) & (2608, 145, 2608, t2=t1+(0, 2)) -> (2608, 49, 2608, t3=t2+(1, 5))	2	435
(551, 35, 1142, t1) & (1142, 58, 551, t2=t1+(0, 7)) -> (1142, 35, 1142, t3=t2+(1, 1))	2	436
(1055, 80, 126, t1) & (1331, 53, 1055, t2=t1+(0, 6)) -> (1331, 80, 126, t3=t2+(1, 3))	2	437
(226, 175, 741, t1) & (741, 115, 2136, t2=t1+(0, 5)) -> (741, 115, 741, t3=t2+(1, 9))	2	438
(4104, 165, 1873, t1) & (1873, 175, 4104, t2=t1+(0, 4)) -> (1873, 165, 1873, t3=t2+(1, 6))	2	439
(4460, 85, 3714, t1) & (4460, 38, 3658, t2=t1+(0, 2)) -> (4460, 85, 4460, t3=t2+(1, 2))	2	440
(2417, 79, 1435, t1) & (2417, 117, 2417, t2=t1+(0, 8)) -> (2417, 79, 2417, t3=t2+(1, 4))	2	441
(4667, 103, 2924, t1) & (1074, 73, 4667, t2=t1+(0, 8)) -> (2924, 73, 4667, t3=t2+(1, 1))	2	442
(4846, 12, 2194, t1) & (4846, 51, 4846, t2=t1+(0, 7)) -> (4846, 51, 4846, t3=t2+(1, 4))	2	443
(3975, 67, 1757, t1) & (1091, 18, 3975, t2=t1+(0, 5)) -> (1091, 18, 3975, t3=t2+(1, 5))	2	444
(1446, 115, 2588, t1) & (249, 112, 1446, t2=t1+(0, 3)) -> (249, 112, 2588, t3=t2+(1, 9))	2	445
(36, 173, 3882, t1) & (4031, 16, 3882, t2=t1+(0, 2)) -> (3882, 173, 36, t3=t2+(1, 8))	2	446
(1713, 87, 3257, t1) & (1713, 119, 3483, t2=t1+(0, 5)) -> (3483, 119, 3483, t3=t2+(1, 6))	2	447
(425, 113, 30, t1) & (425, 51, 2570, t2=t1+(0, 6)) -> (2570, 51, 2570, t3=t2+(1, 2))	2	448
(2672, 81, 1790, t1) & (1790, 29, 4183, t2=t1+(0, 0)) -> (2672, 29, 1790, t3=t2+(1, 7))	2	449
(2409, 19, 3399, t1) & (512, 15, 2409, t2=t1+(0, 6)) -> (2409, 19, 512, t3=t2+(1, 8))	2	450
(33, 176, 1258, t1) & (428, 78, 1258, t2=t1+(0, 3)) -> (1258, 78, 1258, t3=t2+(1, 10))	2	451
(3724, 27, 4031, t1) & (2017, 78, 4031, t2=t1+(0, 5)) -> (3724, 27, 4031, t3=t2+(1, 7))	2	452
(3330, 142, 3393, t1) & (3393, 18, 3330, t2=t1+(0, 2)) -> (3393, 18, 3393, t3=t2+(1, 5))	2	453
(1809, 61, 1476, t1) & (1809, 145, 1476, t2=t1+(0, 3)) -> (1476, 61, 1809, t3=t2+(1, 7))	2	454
(1970, 66, 518, t1) & (1970, 113, 1698, t2=t1+(0, 3)) -> (1970, 66, 1970, t3=t2+(1, 5))	2	455
(2494, 108, 3119, t1) & (2494, 176, 4643, t2=t1+(0, 4)) -> (3119, 176, 4643, t3=t2+(1, 7))	2	456
(59, 120, 375, t1) & (1095, 56, 59, t2=t1+(0, 5)) -> (1095, 120, 375, t3=t2+(1, 6))	2	457
(1062, 50, 4036, t1) & (4036, 86, 4036, t2=t1+(0, 3)) -> (1062, 50, 1062, t3=t2+(1, 9))	2	458
(4929, 139, 533, t1) & (4929, 20, 533, t2=t1+(0, 4)) -> (4929, 139, 4929, t3=t2+(1, 2))	2	459
(3541, 8, 3845, t1) & (3845, 102, 3845, t2=t1+(0, 4)) -> (3845, 102, 3845, t3=t2+(1, 8))	2	460
(1764, 140, 3311, t1) & (1764, 188, 1764, t2=t1+(0, 4)) -> (1764, 140, 1764, t3=t2+(1, 6))	2	461
(2486, 180, 3634, t1) & (2486, 198, 3743, t2=t1+(0, 3)) -> (2486, 198, 2486, t3=t2+(1, 1))	2	462
(376, 156, 3808, t1) & (3808, 41, 1675, t2=t1+(0, 5)) -> (3808, 156, 376, t3=t2+(1, 2))	2	463
(1598, 51, 2309, t1) & (2309, 135, 2309, t2=t1+(0, 6)) -> (2309, 135, 2309, t3=t2+(1, 9))	2	464
(2846, 91, 2621, t1) & (2621, 64, 2846, t2=t1+(0, 6)) -> (2621, 64, 2846, t3=t2+(1, 7))	2	465
(892, 120, 2591, t1) & (2591, 4, 3284, t2=t1+(0, 6)) -> (2591, 120, 892, t3=t2+(1, 4))	2	466
(3711, 24, 4327, t1) & (4327, 191, 2190, t2=t1+(0, 4)) -> (4327, 24, 3711, t3=t2+(1, 4))	2	467
(312, 24, 4163, t1) & (512, 72, 4163, t2=t1+(0, 2)) -> (4163, 72, 4163, t3=t2+(1, 6))	2	468
(3742, 179, 3092, t1) & (3092, 49, 3742, t2=t1+(0, 8)) -> (3742, 179, 3092, t3=t2+(1, 6))	2	469
(4095, 55, 697, t1) & (4095, 138, 697, t2=t1+(0, 5)) -> (4095, 138, 697, t3=t2+(1, 5))	2	470
(3850, 167, 187, t1) & (187, 34, 94, t2=t1+(0, 4)) -> (3850, 167, 94, t3=t2+(1, 7))	2	471
(1595, 6, 356, t1) & (546, 177, 356, t2=t1+(0, 5)) -> (546, 6, 356, t3=t2+(1, 5))	2	472
(2186, 20, 3858, t1) & (2186, 31, 214, t2=t1+(0, 7)) -> (2186, 31, 2186, t3=t2+(1, 7))	2	473
(4240, 157, 2839, t1) & (2839, 46, 2839, t2=t1+(0, 4)) -> (2839, 46, 2839, t3=t2+(1, 5))	2	474
(1210, 177, 2158, t1) & (1210, 170, 4004, t2=t1+(0, 6)) -> (1210, 170, 1210, t3=t2+(1, 5))	2	475
(149, 111, 4145, t1) & (4151, 50, 4145, t2=t1+(0, 4)) -> (4145, 111, 149, t3=t2+(1, 4))	2	476
(1438, 8, 843, t1) & (843, 83, 3303, t2=t1+(0, 4)) -> (1438, 8, 1438, t3=t2+(1, 3))	2	477
(149, 137, 4856, t1) & (149, 103, 4994, t2=t1+(0, 6)) -> (149, 103, 149, t3=t2+(1, 7))	2	478
(2255, 52, 1190, t1) & (711, 74, 2255, t2=t1+(0, 5)) -> (2255, 74, 1190, t3=t2+(1, 6))	2	479
(2344, 154, 1746, t1) & (3741, 36, 2344, t2=t1+(0, 8)) -> (2344, 154, 2344, t3=t2+(1, 4))	2	480
(2225, 97, 4145, t1) & (2225, 83, 2225, t2=t1+(0, 4)) -> (2225, 83, 2225, t3=t2+(1, 4))	2	481
(1870, 31, 3681, t1) & (3479, 140, 1870, t2=t1+(0, 3)) -> (3479, 31, 1870, t3=t2+(1, 5))	2	482
(3896, 119, 874, t1) & (1220, 71, 3896, t2=t1+(0, 5)) -> (874, 119, 3896, t3=t2+(1, 2))	2	483
(4713, 183, 4276, t1) & (4713, 70, 4713, t2=t1+(0, 4)) -> (4713, 70, 4713, t3=t2+(1, 5))	2	484
(1614, 176, 874, t1) & (874, 49, 1614, t2=t1+(0, 3)) -> (1614, 49, 1614, t3=t2+(1, 7))	2	485
(4443, 163, 1553, t1) & (564, 177, 1553, t2=t1+(0, 7)) -> (1553, 163, 1553, t3=t2+(1, 2))	2	486
(592, 25, 4384, t1) & (592, 168, 4807, t2=t1+(0, 4)) -> (4384, 25, 4807, t3=t2+(1, 6))	2	487
(2692, 26, 236, t1) & (2692, 114, 2692, t2=t1+(0, 6)) -> (2692, 114, 2692, t3=t2+(1, 5))	2	488
(4053, 175, 3424, t1) & (4053, 59, 3424, t2=t1+(0, 4)) -> (4053, 59, 4053, t3=t2+(1, 5))	2	489
(1240, 13, 4933, t1) & (1240, 53, 1240, t2=t1+(0, 7)) -> (4933, 13, 1240, t3=t2+(1, 5))	2	490
(3275, 25, 2499, t1) & (2499, 2, 1528, t2=t1+(0, 6)) -> (2499, 2, 3275, t3=t2+(1, 4))	2	491
(3666, 179, 2723, t1) & (3666, 105, 2723, t2=t1+(0, 7)) -> (3666, 179, 3666, t3=t2+(1, 9))	2	492
(3275, 40, 4883, t1) & (3275, 179, 2772, t2=t1+(0, 3)) -> (3275, 40, 3275, t3=t2+(1, 5))	2	493
(3784, 82, 244, t1) & (1830, 15, 3784, t2=t1+(0, 8)) -> (1830, 82, 3784, t3=t2+(1, 4))	2	494
(4226, 58, 169, t1) & (4786, 85, 169, t2=t1+(0, 5)) -> (4226, 85, 169, t3=t2+(1, 8))	2	495
(907, 177, 4640, t1) & (105, 191, 4640, t2=t1+(0, 8)) -> (105, 191, 4640, t3=t2+(1, 6))	2	496
(2818, 89, 3646, t1) & (2818, 67, 3646, t2=t1+(0, 5)) -> (3646, 89, 2818, t3=t2+(1, 2))	2	497
(155, 24, 2307, t1) & (1149, 89, 2307, t2=t1+(0, 5)) -> (2307, 24, 2307, t3=t2+(1, 4))	2	498
(1492, 189, 3123, t1) & (3123, 149, 2684, t2=t1+(0, 2)) -> (3123, 149, 1492, t3=t2+(1, 3))	2	499
(514, 170, 2507, t1) -> (514, 170, 514, t2=t1+(1, 3))	1	500
(4516, 178, 993, t1) -> (993, 178, 993, t2=t1+(1, 2))	1	501
(1754, 131, 2476, t1) -> (1754, 131, 1754, t2=t1+(1, 1))	1	502
(2130, 48, 1085, t1) -> (2130, 48, 2130, t2=t1+(1, 2))	1	503
(1869, 142, 3399, t1) -> (1869, 142, 3399, t2=t1+(1, 8))	1	504
(3491, 123, 236, t1) -> (3491, 123, 236, t2=t1+(1, 4))	1	505
(2449, 5, 3780, t1) -> (3780, 5, 3780, t2=t1+(1, 1))	1	506
(949, 70, 3556, t1) -> (3556, 70, 949, t2=t1+(1, 3))	1	507
(493, 77, 4286, t1) -> (493, 77, 493, t2=t1+(1, 5))	1	508
(2586, 63, 2220, t1) -> (2220, 63, 2586, t2=t1+(1, 8))	1	509
(1514, 86, 2450, t1) -> (2450, 86, 1514, t2=t1+(1, 6))	1	510
(2235, 5, 3925, t1) -> (3925, 5, 3925, t2=t1+(1, 2))	1	511
(3872, 121, 3458, t1) -> (3872, 121, 3872, t2=t1+(1, 3))	1	512
(3955, 126, 2879, t1) -> (2879, 126, 3955, t2=t1+(1, 3))	1	513
(2757, 79, 691, t1) -> (691, 79, 2757, t2=t1+(1, 5))	1	514
(440, 152, 3072, t1) -> (3072, 152, 3072, t2=t1+(1, 8))	1	515
(3422, 137, 3818, t1) -> (3422, 137, 3422, t2=t1+(1, 3))	1	516
(4030, 172, 1041, t1) -> (1041, 172, 4030, t2=t1+(1, 3))	1	517
(149, 125, 2006, t1) -> (2006, 125, 2006, t2=t1+(1, 5))	1	518
(2066, 139, 46, t1) -> (2066, 139, 2066, t2=t1+(1, 10))	1	519
(3409, 179, 2602, t1) -> (2602, 179, 2602, t2=t1+(1, 4))	1	520
(3662, 98, 1547, t1) -> (3662, 98, 1547, t2=t1+(1, 5))	1	521
(1219, 80, 4297, t1) -> (4297, 80, 1219, t2=t1+(1, 2))	1	522
(1698, 181, 2911, t1) -> (1698, 181, 1698, t2=t1+(1, 4))	1	523
(1420, 62, 1905, t1) -> (1420, 62, 1905, t2=t1+(1, 4))	1	524
