(2927, 118, 1750, t1) & (591, 130, 3952, t2=t1+(0, 2)) & (3952, 186, 1750, t3=t2+(0, 8)) -> (2927, 186, 3952, t4=t3+(1, 4))	3	0
(4969, 122, 2810, t1) & (4004, 134, 2298, t2=t1+(0, 3)) & (4004, 191, 4969, t3=t2+(0, 5)) -> (4004, 134, 2810, t4=t3+(1, 5))	3	1
(3198, 193, 3104, t1) & (597, 178, 1619, t2=t1+(0, 9)) & (3104, 57, 1619, t3=t2+(0, 7)) -> (1619, 57, 1619, t4=t3+(1, 12))	3	2
(3842, 34, 3133, t1) & (35, 128, 4097, t2=t1+(0, 6)) & (3133, 133, 35, t3=t2+(0, 6)) -> (35, 128, 4097, t4=t3+(1, 10))	3	3
(4035, 160, 2594, t1) & (4158, 46, 4417, t2=t1+(0, 4)) & (4035, 49, 4158, t3=t2+(0, 3)) -> (2594, 160, 4417, t4=t3+(1, 3))	3	4
(2415, 75, 3280, t1) & (912, 195, 4235, t2=t1+(0, 4)) & (4235, 163, 3280, t3=t2+(0, 6)) -> (2415, 163, 912, t4=t3+(1, 6))	3	5
(2462, 166, 2050, t1) & (1559, 168, 886, t2=t1+(0, 9)) & (2462, 159, 1559, t3=t2+(0, 6)) -> (2462, 166, 2462, t4=t3+(1, 6))	3	6
(3600, 124, 1354, t1) & (1017, 87, 798, t2=t1+(0, 6)) & (798, 36, 3600, t3=t2+(0, 4)) -> (798, 124, 3600, t4=t3+(1, 8))	3	7
(4238, 36, 4362, t1) & (736, 135, 11, t2=t1+(0, 5)) & (4238, 169, 11, t3=t2+(0, 1)) -> (11, 36, 11, t4=t3+(1, 5))	3	8
(2640, 21, 3267, t1) & (736, 12, 1313, t2=t1+(0, 1)) & (1313, 122, 3267, t3=t2+(0, 4)) -> (2640, 12, 3267, t4=t3+(1, 10))	3	9
(2927, 128, 4555, t1) & (3813, 22, 1363, t2=t1+(0, 6)) & (1363, 37, 4555, t3=t2+(0, 12)) -> (3813, 37, 1363, t4=t3+(1, 3))	3	10
(3494, 134, 4798, t1) & (2676, 113, 2731, t2=t1+(0, 4)) & (2731, 83, 3494, t3=t2+(0, 3)) -> (3494, 113, 2676, t4=t3+(1, 4))	3	11
(476, 183, 1661, t1) & (765, 89, 2250, t2=t1+(0, 3)) & (765, 104, 476, t3=t2+(0, 3)) -> (765, 89, 476, t4=t3+(1, 6))	3	12
(832, 187, 3185, t1) & (1007, 34, 3329, t2=t1+(0, 4)) & (832, 165, 1007, t3=t2+(0, 2)) -> (1007, 34, 3329, t4=t3+(1, 5))	3	13
(2504, 119, 4810, t1) & (4050, 30, 256, t2=t1+(0, 3)) & (2504, 92, 4050, t3=t2+(0, 7)) -> (4810, 92, 4810, t4=t3+(1, 4))	3	14
(1536, 182, 3211, t1) & (4673, 138, 912, t2=t1+(0, 6)) & (4673, 70, 1536, t3=t2+(0, 5)) -> (4673, 138, 1536, t4=t3+(1, 2))	3	15
(4144, 90, 3133, t1) & (2389, 172, 956, t2=t1+(0, 6)) & (2389, 138, 4144, t3=t2+(0, 11)) -> (956, 138, 4144, t4=t3+(1, 6))	3	16
(25, 119, 4897, t1) & (2697, 10, 4726, t2=t1+(0, 5)) & (2697, 24, 25, t3=t2+(0, 3)) -> (2697, 119, 4726, t4=t3+(1, 4))	3	17
(3917, 21, 4996, t1) & (2136, 25, 2640, t2=t1+(0, 5)) & (4996, 26, 2640, t3=t2+(0, 3)) -> (2136, 26, 4996, t4=t3+(1, 9))	3	18
(4222, 99, 1118, t1) & (88, 144, 3449, t2=t1+(0, 2)) & (88, 55, 1118, t3=t2+(0, 8)) -> (1118, 55, 3449, t4=t3+(1, 8))	3	19
(4677, 170, 1132, t1) & (1055, 40, 3083, t2=t1+(0, 4)) & (1055, 58, 1132, t3=t2+(0, 2)) -> (3083, 170, 1132, t4=t3+(1, 2))	3	20
(3025, 150, 4288, t1) & (1619, 97, 1256, t2=t1+(0, 9)) & (4288, 97, 1619, t3=t2+(0, 9)) -> (1256, 97, 1619, t4=t3+(1, 11))	3	21
(4996, 112, 1671, t1) & (4881, 92, 1241, t2=t1+(0, 5)) & (4996, 14, 4881, t3=t2+(0, 3)) -> (1671, 112, 4996, t4=t3+(1, 4))	3	22
(1297, 18, 810, t1) & (2612, 11, 2496, t2=t1+(0, 4)) & (810, 123, 2496, t3=t2+(0, 5)) -> (810, 11, 2496, t4=t3+(1, 7))	3	23
(1154, 188, 2617, t1) & (3300, 51, 2734, t2=t1+(0, 4)) & (3300, 20, 2617, t3=t2+(0, 6)) -> (3300, 51, 3300, t4=t3+(1, 6))	3	24
(3335, 45, 4673, t1) & (570, 83, 3463, t2=t1+(0, 5)) & (3463, 199, 3335, t3=t2+(0, 1)) -> (3463, 45, 4673, t4=t3+(1, 6))	3	25
(1944, 68, 2946, t1) & (2770, 116, 723, t2=t1+(0, 3)) & (1944, 113, 723, t3=t2+(0, 5)) -> (723, 113, 2770, t4=t3+(1, 6))	3	26
(2298, 78, 1536, t1) & (4971, 101, 1775, t2=t1+(0, 7)) & (2298, 77, 1775, t3=t2+(0, 7)) -> (2298, 78, 2298, t4=t3+(1, 6))	3	27
(3393, 88, 1463, t1) & (3769, 191, 3335, t2=t1+(0, 4)) & (1463, 115, 3335, t3=t2+(0, 2)) -> (3335, 115, 1463, t4=t3+(1, 5))	3	28
(1669, 10, 268, t1) & (3227, 68, 4227, t2=t1+(0, 5)) & (4227, 127, 1669, t3=t2+(0, 8)) -> (4227, 10, 1669, t4=t3+(1, 6))	3	29
(4420, 161, 1522, t1) & (736, 83, 4811, t2=t1+(0, 5)) & (736, 23, 4420, t3=t2+(0, 7)) -> (4420, 161, 736, t4=t3+(1, 3))	3	30
(1966, 16, 2913, t1) & (4544, 179, 4238, t2=t1+(0, 6)) & (4544, 2, 2913, t3=t2+(0, 8)) -> (2913, 179, 4238, t4=t3+(1, 3))	3	31
(4496, 136, 2083, t1) & (395, 130, 305, t2=t1+(0, 4)) & (2083, 29, 305, t3=t2+(0, 8)) -> (305, 136, 4496, t4=t3+(1, 7))	3	32
(3339, 57, 3462, t1) & (1272, 197, 1561, t2=t1+(0, 9)) & (1561, 163, 3462, t3=t2+(0, 4)) -> (1561, 197, 3462, t4=t3+(1, 5))	3	33
(597, 5, 4552, t1) & (511, 82, 476, t2=t1+(0, 3)) & (4552, 87, 476, t3=t2+(0, 4)) -> (4552, 5, 4552, t4=t3+(1, 2))	3	34
(172, 34, 832, t1) & (545, 35, 4971, t2=t1+(0, 4)) & (545, 3, 172, t3=t2+(0, 3)) -> (4971, 35, 832, t4=t3+(1, 6))	3	35
(492, 78, 3975, t1) & (15, 5, 502, t2=t1+(0, 3)) & (15, 43, 492, t3=t2+(0, 9)) -> (502, 78, 492, t4=t3+(1, 4))	3	36
(1283, 67, 3952, t1) & (35, 157, 3227, t2=t1+(0, 4)) & (35, 95, 1283, t3=t2+(0, 4)) -> (1283, 95, 1283, t4=t3+(1, 5))	3	37
(1839, 17, 455, t1) & (1832, 103, 3350, t2=t1+(0, 6)) & (3350, 188, 455, t3=t2+(0, 4)) -> (455, 17, 1832, t4=t3+(1, 3))	3	38
(4391, 125, 3316, t1) & (1179, 52, 1327, t2=t1+(0, 3)) & (4391, 73, 1179, t3=t2+(0, 5)) -> (1179, 52, 3316, t4=t3+(1, 12))	3	39
(983, 38, 3620, t1) & (3775, 186, 4881, t2=t1+(0, 8)) & (4881, 80, 3620, t3=t2+(0, 6)) -> (3775, 80, 3620, t4=t3+(1, 6))	3	40
(2770, 162, 650, t1) & (1022, 36, 4704, t2=t1+(0, 3)) & (650, 62, 4704, t3=t2+(0, 9)) -> (2770, 36, 650, t4=t3+(1, 3))	3	41
(485, 187, 2055, t1) & (15, 108, 2075, t2=t1+(0, 6)) & (15, 139, 485, t3=t2+(0, 4)) -> (2055, 139, 15, t4=t3+(1, 8))	3	42
(4999, 155, 1108, t1) & (1320, 173, 483, t2=t1+(0, 7)) & (4999, 15, 1320, t3=t2+(0, 7)) -> (1320, 173, 483, t4=t3+(1, 3))	3	43
(4939, 98, 1796, t1) & (4897, 181, 4484, t2=t1+(0, 6)) & (4484, 48, 1796, t3=t2+(0, 4)) -> (4939, 98, 4484, t4=t3+(1, 2))	3	44
(4704, 179, 2249, t1) & (2927, 43, 4820, t2=t1+(0, 5)) & (4704, 106, 2927, t3=t2+(0, 6)) -> (2249, 106, 2249, t4=t3+(1, 4))	3	45
(543, 146, 1312, t1) & (2913, 144, 3393, t2=t1+(0, 4)) & (3393, 36, 543, t3=t2+(0, 5)) -> (3393, 146, 3393, t4=t3+(1, 2))	3	46
(4238, 185, 567, t1) & (1760, 116, 2504, t2=t1+(0, 4)) & (2504, 170, 567, t3=t2+(0, 1)) -> (1760, 116, 1760, t4=t3+(1, 4))	3	47
(1894, 178, 4897, t1) & (58, 140, 1312, t2=t1+(0, 6)) & (1312, 23, 4897, t3=t2+(0, 3)) -> (1894, 23, 1894, t4=t3+(1, 6))	3	48
(4687, 23, 2541, t1) & (3418, 40, 4544, t2=t1+(0, 3)) & (4687, 29, 3418, t3=t2+(0, 6)) -> (4687, 40, 3418, t4=t3+(1, 4))	3	49
(3441, 14, 594, t1) & (1989, 120, 1171, t2=t1+(0, 5)) & (1171, 53, 594, t3=t2+(0, 5)) -> (594, 120, 1989, t4=t3+(1, 5))	3	50
(406, 179, 36, t1) & (1944, 106, 4075, t2=t1+(0, 4)) & (36, 73, 4075, t3=t2+(0, 4)) -> (1944, 73, 406, t4=t3+(1, 4))	3	51
(1327, 94, 406, t1) & (1216, 83, 3109, t2=t1+(0, 4)) & (1327, 122, 1216, t3=t2+(0, 5)) -> (1327, 94, 1216, t4=t3+(1, 5))	3	52
(2403, 73, 1445, t1) & (865, 175, 1669, t2=t1+(0, 4)) & (1445, 157, 1669, t3=t2+(0, 9)) -> (1669, 175, 865, t4=t3+(1, 5))	3	53
(1069, 94, 384, t1) & (2207, 141, 272, t2=t1+(0, 5)) & (272, 172, 1069, t3=t2+(0, 6)) -> (2207, 172, 272, t4=t3+(1, 3))	3	54
(3293, 150, 3643, t1) & (597, 51, 1313, t2=t1+(0, 7)) & (1313, 31, 3293, t3=t2+(0, 5)) -> (3643, 150, 597, t4=t3+(1, 2))	3	55
(1760, 161, 2262, t1) & (3381, 138, 4673, t2=t1+(0, 6)) & (3381, 136, 2262, t3=t2+(0, 3)) -> (2262, 136, 3381, t4=t3+(1, 3))	3	56
(63, 78, 4359, t1) & (3729, 93, 886, t2=t1+(0, 6)) & (886, 128, 63, t3=t2+(0, 8)) -> (63, 78, 63, t4=t3+(1, 2))	3	57
(2091, 39, 1965, t1) & (517, 64, 1313, t2=t1+(0, 7)) & (517, 169, 1965, t3=t2+(0, 5)) -> (1313, 64, 1965, t4=t3+(1, 5))	3	58
(11, 129, 798, t1) & (2617, 51, 3091, t2=t1+(0, 5)) & (11, 103, 3091, t3=t2+(0, 7)) -> (11, 51, 11, t4=t3+(1, 6))	3	59
(1294, 156, 3494, t1) & (2618, 53, 543, t2=t1+(0, 0)) & (1294, 40, 2618, t3=t2+(0, 5)) -> (2618, 53, 3494, t4=t3+(1, 4))	3	60
(1368, 78, 2620, t1) & (4007, 7, 4544, t2=t1+(0, 6)) & (4544, 152, 1368, t3=t2+(0, 6)) -> (1368, 152, 4544, t4=t3+(1, 3))	3	61
(551, 15, 1536, t1) & (4704, 164, 4687, t2=t1+(0, 2)) & (4687, 65, 551, t3=t2+(0, 9)) -> (551, 15, 551, t4=t3+(1, 3))	3	62
(3083, 175, 3950, t1) & (1536, 17, 468, t2=t1+(0, 5)) & (3950, 136, 468, t3=t2+(0, 3)) -> (468, 17, 1536, t4=t3+(1, 4))	3	63
(1241, 171, 736, t1) & (4524, 70, 2088, t2=t1+(0, 7)) & (2088, 63, 1241, t3=t2+(0, 2)) -> (1241, 171, 736, t4=t3+(1, 5))	3	64
(1847, 161, 4542, t1) & (1038, 67, 4484, t2=t1+(0, 10)) & (4542, 10, 1038, t3=t2+(0, 5)) -> (1038, 67, 4542, t4=t3+(1, 4))	3	65
(1821, 119, 3031, t1) & (654, 146, 1536, t2=t1+(0, 3)) & (3031, 166, 654, t3=t2+(0, 5)) -> (3031, 119, 654, t4=t3+(1, 7))	3	66
(3262, 146, 3200, t1) & (3453, 112, 871, t2=t1+(0, 3)) & (871, 144, 3200, t3=t2+(0, 3)) -> (3200, 146, 3200, t4=t3+(1, 7))	3	67
(1710, 177, 736, t1) & (1924, 47, 2445, t2=t1+(0, 3)) & (1924, 70, 1710, t3=t2+(0, 6)) -> (1924, 47, 1710, t4=t3+(1, 6))	3	68
(2635, 117, 4555, t1) & (1171, 122, 742, t2=t1+(0, 5)) & (742, 29, 2635, t3=t2+(0, 4)) -> (742, 29, 742, t4=t3+(1, 7))	3	69
(91, 167, 597, t1) & (3339, 86, 4257, t2=t1+(0, 4)) & (91, 195, 3339, t3=t2+(0, 3)) -> (597, 86, 3339, t4=t3+(1, 3))	3	70
(210, 181, 2770, t1) & (1589, 115, 476, t2=t1+(0, 1)) & (2770, 180, 476, t3=t2+(0, 6)) -> (1589, 115, 210, t4=t3+(1, 1))	3	71
(2014, 119, 4035, t1) & (4023, 144, 45, t2=t1+(0, 4)) & (4035, 150, 45, t3=t2+(0, 4)) -> (45, 119, 4035, t4=t3+(1, 4))	3	72
(4146, 2, 2640, t1) & (4940, 50, 1969, t2=t1+(0, 6)) & (4146, 184, 4940, t3=t2+(0, 3)) -> (2640, 50, 4146, t4=t3+(1, 6))	3	73
(2403, 169, 4050, t1) & (2318, 0, 256, t2=t1+(0, 9)) & (4050, 78, 2318, t3=t2+(0, 5)) -> (256, 0, 2403, t4=t3+(1, 3))	3	74
(4286, 128, 4629, t1) & (3722, 121, 100, t2=t1+(0, 4)) & (4286, 30, 100, t3=t2+(0, 5)) -> (3722, 128, 4286, t4=t3+(1, 6))	3	75
(2555, 158, 2050, t1) & (4104, 176, 4897, t2=t1+(0, 3)) & (4104, 150, 2050, t3=t2+(0, 1)) -> (2050, 158, 4897, t4=t3+(1, 4))	3	76
(268, 35, 3168, t1) & (4227, 139, 269, t2=t1+(0, 1)) & (268, 132, 4227, t3=t2+(0, 6)) -> (268, 132, 268, t4=t3+(1, 4))	3	77
(4673, 172, 3252, t1) & (174, 164, 1320, t2=t1+(0, 11)) & (174, 45, 4673, t3=t2+(0, 3)) -> (1320, 45, 1320, t4=t3+(1, 2))	3	78
(1750, 6, 1037, t1) & (2164, 42, 3865, t2=t1+(0, 5)) & (1750, 62, 3865, t3=t2+(0, 3)) -> (3865, 6, 2164, t4=t3+(1, 1))	3	79
(468, 185, 2731, t1) & (4673, 45, 2727, t2=t1+(0, 5)) & (4673, 142, 2731, t3=t2+(0, 4)) -> (4673, 185, 4673, t4=t3+(1, 3))	3	80
(200, 172, 2439, t1) & (1662, 39, 1026, t2=t1+(0, 3)) & (2439, 119, 1026, t3=t2+(0, 7)) -> (1026, 119, 1662, t4=t3+(1, 4))	3	81
(4035, 192, 977, t1) & (1037, 73, 1839, t2=t1+(0, 4)) & (1839, 170, 4035, t3=t2+(0, 4)) -> (4035, 73, 977, t4=t3+(1, 11))	3	82
(736, 25, 2369, t1) & (3048, 86, 213, t2=t1+(0, 1)) & (3048, 38, 2369, t3=t2+(0, 6)) -> (3048, 25, 2369, t4=t3+(1, 3))	3	83
(58, 195, 2827, t1) & (2620, 90, 1037, t2=t1+(0, 6)) & (1037, 39, 58, t3=t2+(0, 6)) -> (1037, 195, 2620, t4=t3+(1, 2))	3	84
(3558, 108, 3729, t1) & (1139, 123, 4798, t2=t1+(0, 5)) & (4798, 127, 3729, t3=t2+(0, 5)) -> (4798, 108, 3729, t4=t3+(1, 5))	3	85
(4704, 170, 3950, t1) & (4004, 81, 3184, t2=t1+(0, 7)) & (4704, 27, 3184, t3=t2+(0, 5)) -> (3950, 170, 4704, t4=t3+(1, 8))	3	86
(3473, 35, 352, t1) & (4359, 174, 1113, t2=t1+(0, 7)) & (3473, 131, 1113, t3=t2+(0, 4)) -> (4359, 131, 4359, t4=t3+(1, 5))	3	87
(4983, 78, 3170, t1) & (2250, 14, 4881, t2=t1+(0, 4)) & (4881, 147, 4983, t3=t2+(0, 4)) -> (2250, 14, 4983, t4=t3+(1, 7))	3	88
(2998, 103, 654, t1) & (15, 87, 4359, t2=t1+(0, 4)) & (4359, 93, 2998, t3=t2+(0, 5)) -> (15, 87, 15, t4=t3+(1, 7))	3	89
(3425, 14, 4940, t1) & (1938, 28, 2635, t2=t1+(0, 7)) & (1938, 75, 3425, t3=t2+(0, 1)) -> (2635, 75, 1938, t4=t3+(1, 6))	3	90
(4097, 24, 2000, t1) & (1750, 58, 272, t2=t1+(0, 4)) & (272, 86, 2000, t3=t2+(0, 6)) -> (1750, 58, 272, t4=t3+(1, 6))	3	91
(4784, 43, 1469, t1) & (4507, 94, 1368, t2=t1+(0, 8)) & (4507, 12, 1469, t3=t2+(0, 5)) -> (4784, 12, 1469, t4=t3+(1, 7))	3	92
(2207, 191, 4183, t1) & (1876, 110, 1322, t2=t1+(0, 2)) & (1322, 192, 2207, t3=t2+(0, 2)) -> (1876, 110, 2207, t4=t3+(1, 4))	3	93
(256, 83, 934, t1) & (50, 134, 4654, t2=t1+(0, 7)) & (256, 80, 4654, t3=t2+(0, 3)) -> (4654, 134, 256, t4=t3+(1, 9))	3	94
(1313, 45, 2153, t1) & (2649, 197, 3280, t2=t1+(0, 1)) & (3280, 56, 1313, t3=t2+(0, 1)) -> (3280, 56, 1313, t4=t3+(1, 7))	3	95
(597, 158, 4542, t1) & (2620, 163, 3214, t2=t1+(0, 6)) & (4542, 68, 3214, t3=t2+(0, 3)) -> (3214, 158, 4542, t4=t3+(1, 4))	3	96
(744, 75, 2262, t1) & (2640, 38, 4555, t2=t1+(0, 6)) & (2640, 180, 744, t3=t2+(0, 6)) -> (744, 38, 2640, t4=t3+(1, 4))	3	97
(1298, 48, 946, t1) & (674, 186, 4427, t2=t1+(0, 7)) & (674, 114, 946, t3=t2+(0, 4)) -> (674, 48, 1298, t4=t3+(1, 2))	3	98
(2770, 186, 2131, t1) & (1750, 29, 1522, t2=t1+(0, 7)) & (1750, 37, 2770, t3=t2+(0, 5)) -> (2770, 37, 1750, t4=t3+(1, 9))	3	99
(3252, 104, 268, t1) & (268, 163, 1352, t2=t1+(0, 9)) -> (268, 163, 3252, t3=t2+(1, 2))	2	100
(4345, 180, 2827, t1) & (2827, 73, 2827, t2=t1+(0, 2)) -> (2827, 73, 2827, t3=t2+(1, 3))	2	101
(650, 12, 3677, t1) & (3677, 179, 650, t2=t1+(0, 3)) -> (3677, 179, 650, t3=t2+(1, 5))	2	102
(4075, 33, 625, t1) & (4932, 146, 625, t2=t1+(0, 3)) -> (4932, 146, 625, t3=t2+(1, 7))	2	103
(4704, 5, 2464, t1) & (4704, 74, 4704, t2=t1+(0, 6)) -> (4704, 74, 4704, t3=t2+(1, 3))	2	104
(4704, 95, 4146, t1) & (4146, 144, 2592, t2=t1+(0, 2)) -> (4146, 144, 4704, t3=t2+(1, 7))	2	105
(4800, 164, 1327, t1) & (4800, 63, 4073, t2=t1+(0, 5)) -> (4800, 63, 4800, t3=t2+(1, 5))	2	106
(810, 95, 2685, t1) & (1017, 41, 810, t2=t1+(0, 5)) -> (810, 95, 810, t3=t2+(1, 9))	2	107
(1069, 147, 256, t1) & (1069, 74, 1069, t2=t1+(0, 3)) -> (1069, 74, 1069, t3=t2+(1, 5))	2	108
(4734, 56, 1815, t1) & (1815, 133, 4734, t2=t1+(0, 4)) -> (4734, 133, 1815, t3=t2+(1, 9))	2	109
(1873, 183, 153, t1) & (1873, 181, 1297, t2=t1+(0, 8)) -> (153, 183, 1297, t3=t2+(1, 4))	2	110
(91, 31, 4177, t1) & (1368, 17, 91, t2=t1+(0, 4)) -> (91, 17, 4177, t3=t2+(1, 5))	2	111
(1, 22, 310, t1) & (3227, 46, 310, t2=t1+(0, 5)) -> (310, 22, 310, t3=t2+(1, 2))	2	112
(2298, 100, 1368, t1) & (2298, 123, 1828, t2=t1+(0, 4)) -> (2298, 100, 1368, t3=t2+(1, 5))	2	113
(1710, 108, 3293, t1) & (912, 124, 1710, t2=t1+(0, 7)) -> (912, 108, 912, t3=t2+(1, 2))	2	114
(2051, 57, 1368, t1) & (3320, 118, 1368, t2=t1+(0, 5)) -> (2051, 57, 1368, t3=t2+(1, 3))	2	115
(91, 99, 384, t1) & (1164, 84, 91, t2=t1+(0, 4)) -> (384, 84, 91, t3=t2+(1, 4))	2	116
(4704, 34, 4050, t1) & (4704, 68, 1343, t2=t1+(0, 5)) -> (4704, 68, 1343, t3=t2+(1, 6))	2	117
(4482, 30, 2697, t1) & (2697, 145, 597, t2=t1+(0, 10)) -> (2697, 30, 2697, t3=t2+(1, 5))	2	118
(3820, 78, 2051, t1) & (2051, 134, 4687, t2=t1+(0, 3)) -> (2051, 78, 2051, t3=t2+(1, 8))	2	119
(4130, 159, 865, t1) & (2090, 151, 4130, t2=t1+(0, 9)) -> (4130, 151, 4130, t3=t2+(1, 4))	2	120
(258, 158, 2496, t1) & (2496, 95, 1037, t2=t1+(0, 3)) -> (2496, 158, 258, t3=t2+(1, 5))	2	121
(2810, 185, 996, t1) & (1312, 37, 996, t2=t1+(0, 5)) -> (2810, 37, 1312, t3=t2+(1, 9))	2	122
(2211, 55, 1037, t1) & (1794, 103, 1037, t2=t1+(0, 4)) -> (2211, 55, 1037, t3=t2+(1, 1))	2	123
(4974, 128, 633, t1) & (832, 31, 4974, t2=t1+(0, 4)) -> (4974, 128, 832, t3=t2+(1, 4))	2	124
(3031, 60, 1750, t1) & (3031, 154, 2606, t2=t1+(0, 6)) -> (2606, 154, 3031, t3=t2+(1, 6))	2	125
(1313, 93, 1108, t1) & (1108, 33, 1313, t2=t1+(0, 5)) -> (1313, 93, 1313, t3=t2+(1, 6))	2	126
(2080, 158, 4135, t1) & (4345, 116, 2080, t2=t1+(0, 5)) -> (4135, 158, 2080, t3=t2+(1, 6))	2	127
(73, 90, 4971, t1) & (4971, 87, 73, t2=t1+(0, 7)) -> (73, 90, 73, t3=t2+(1, 8))	2	128
(4670, 153, 1775, t1) & (1775, 186, 1775, t2=t1+(0, 6)) -> (1775, 153, 1775, t3=t2+(1, 2))	2	129
(4238, 94, 4687, t1) & (2087, 65, 4687, t2=t1+(0, 6)) -> (4687, 94, 4687, t3=t2+(1, 4))	2	130
(1712, 61, 256, t1) & (256, 149, 1712, t2=t1+(0, 5)) -> (256, 61, 256, t3=t2+(1, 5))	2	131
(4673, 11, 3965, t1) & (715, 14, 4673, t2=t1+(0, 4)) -> (4673, 11, 4673, t3=t2+(1, 7))	2	132
(2369, 110, 58, t1) & (58, 73, 2238, t2=t1+(0, 5)) -> (58, 73, 58, t3=t2+(1, 5))	2	133
(4820, 164, 2629, t1) & (4820, 174, 4820, t2=t1+(0, 6)) -> (4820, 164, 2629, t3=t2+(1, 4))	2	134
(4704, 59, 169, t1) & (3024, 11, 4704, t2=t1+(0, 7)) -> (3024, 59, 169, t3=t2+(1, 5))	2	135
(650, 80, 3653, t1) & (1828, 18, 3653, t2=t1+(0, 4)) -> (3653, 80, 3653, t3=t2+(1, 4))	2	136
(384, 126, 2924, t1) & (2924, 49, 1313, t2=t1+(0, 4)) -> (2924, 49, 2924, t3=t2+(1, 7))	2	137
(2635, 176, 4553, t1) & (633, 110, 2635, t2=t1+(0, 3)) -> (4553, 110, 633, t3=t2+(1, 4))	2	138
(3558, 77, 4358, t1) & (4358, 87, 2088, t2=t1+(0, 5)) -> (2088, 87, 3558, t3=t2+(1, 6))	2	139
(15, 49, 2362, t1) & (2362, 50, 736, t2=t1+(0, 7)) -> (15, 50, 736, t3=t2+(1, 6))	2	140
(3297, 54, 4971, t1) & (3297, 80, 4971, t2=t1+(0, 4)) -> (4971, 80, 4971, t3=t2+(1, 8))	2	141
(468, 116, 543, t1) & (543, 118, 4673, t2=t1+(0, 3)) -> (543, 116, 4673, t3=t2+(1, 3))	2	142
(3769, 66, 4895, t1) & (1239, 142, 4895, t2=t1+(0, 8)) -> (4895, 142, 4895, t3=t2+(1, 6))	2	143
(3381, 122, 3297, t1) & (3297, 21, 3381, t2=t1+(0, 6)) -> (3381, 122, 3381, t3=t2+(1, 9))	2	144
(3846, 23, 798, t1) & (4704, 3, 798, t2=t1+(0, 9)) -> (3846, 23, 3846, t3=t2+(1, 7))	2	145
(3620, 33, 3104, t1) & (3620, 8, 4804, t2=t1+(0, 4)) -> (3620, 8, 3104, t3=t2+(1, 4))	2	146
(4182, 3, 3516, t1) & (4182, 91, 3516, t2=t1+(0, 4)) -> (3516, 91, 4182, t3=t2+(1, 3))	2	147
(1522, 145, 3528, t1) & (1662, 193, 1522, t2=t1+(0, 4)) -> (1662, 193, 3528, t3=t2+(1, 3))	2	148
(2617, 134, 3671, t1) & (2617, 130, 3671, t2=t1+(0, 6)) -> (2617, 134, 3671, t3=t2+(1, 7))	2	149
(2013, 104, 1502, t1) & (2013, 93, 256, t2=t1+(0, 3)) -> (256, 104, 2013, t3=t2+(1, 9))	2	150
(406, 57, 4704, t1) & (406, 3, 1410, t2=t1+(0, 2)) -> (1410, 3, 406, t3=t2+(1, 5))	2	151
(1857, 10, 1313, t1) & (1857, 99, 1857, t2=t1+(0, 5)) -> (1313, 99, 1313, t3=t2+(1, 13))	2	152
(2713, 183, 884, t1) & (2713, 198, 884, t2=t1+(0, 4)) -> (2713, 183, 884, t3=t2+(1, 2))	2	153
(2611, 51, 1989, t1) & (2611, 132, 2611, t2=t1+(0, 4)) -> (2611, 132, 2611, t3=t2+(1, 4))	2	154
(3950, 93, 2620, t1) & (3950, 105, 3200, t2=t1+(0, 2)) -> (3950, 93, 3950, t3=t2+(1, 4))	2	155
(144, 7, 411, t1) & (3145, 26, 144, t2=t1+(0, 8)) -> (411, 26, 144, t3=t2+(1, 7))	2	156
(719, 51, 25, t1) & (416, 53, 25, t2=t1+(0, 8)) -> (25, 51, 25, t3=t2+(1, 2))	2	157
(1669, 97, 4206, t1) & (2640, 7, 1669, t2=t1+(0, 3)) -> (1669, 7, 1669, t3=t2+(1, 6))	2	158
(3297, 71, 4515, t1) & (3297, 168, 3766, t2=t1+(0, 5)) -> (4515, 71, 3766, t3=t2+(1, 7))	2	159
(2439, 150, 3393, t1) & (3393, 154, 4104, t2=t1+(0, 4)) -> (3393, 154, 2439, t3=t2+(1, 5))	2	160
(4602, 16, 183, t1) & (2946, 122, 183, t2=t1+(0, 10)) -> (4602, 16, 4602, t3=t2+(1, 6))	2	161
(15, 139, 4704, t1) & (4704, 169, 15, t2=t1+(0, 5)) -> (15, 169, 4704, t3=t2+(1, 3))	2	162
(511, 196, 183, t1) & (4097, 134, 511, t2=t1+(0, 5)) -> (183, 134, 4097, t3=t2+(1, 2))	2	163
(915, 16, 1788, t1) & (915, 142, 4677, t2=t1+(0, 0)) -> (4677, 142, 1788, t3=t2+(1, 3))	2	164
(2050, 95, 3031, t1) & (4127, 115, 2050, t2=t1+(0, 3)) -> (2050, 95, 2050, t3=t2+(1, 7))	2	165
(3558, 100, 913, t1) & (746, 104, 3558, t2=t1+(0, 5)) -> (3558, 100, 746, t3=t2+(1, 7))	2	166
(1658, 199, 4311, t1) & (1312, 115, 4311, t2=t1+(0, 2)) -> (4311, 199, 4311, t3=t2+(1, 4))	2	167
(2410, 48, 4345, t1) & (2410, 121, 3716, t2=t1+(0, 2)) -> (2410, 48, 2410, t3=t2+(1, 7))	2	168
(4810, 175, 8, t1) & (3952, 108, 8, t2=t1+(0, 5)) -> (8, 175, 3952, t3=t2+(1, 8))	2	169
(142, 111, 1810, t1) & (1810, 158, 1810, t2=t1+(0, 2)) -> (142, 111, 1810, t3=t2+(1, 6))	2	170
(4555, 25, 2611, t1) & (2611, 129, 2611, t2=t1+(0, 5)) -> (4555, 25, 2611, t3=t2+(1, 2))	2	171
(723, 79, 1529, t1) & (723, 88, 723, t2=t1+(0, 7)) -> (1529, 88, 723, t3=t2+(1, 5))	2	172
(4670, 16, 2727, t1) & (4670, 177, 2491, t2=t1+(0, 5)) -> (2491, 16, 4670, t3=t2+(1, 8))	2	173
(1069, 119, 3335, t1) & (3335, 76, 4238, t2=t1+(0, 5)) -> (3335, 119, 3335, t3=t2+(1, 1))	2	174
(2189, 48, 4484, t1) & (2189, 105, 2189, t2=t1+(0, 3)) -> (4484, 105, 4484, t3=t2+(1, 8))	2	175
(1522, 183, 2238, t1) & (1839, 109, 2238, t2=t1+(0, 2)) -> (1839, 109, 2238, t3=t2+(1, 10))	2	176
(3656, 2, 1710, t1) & (3492, 96, 3656, t2=t1+(0, 5)) -> (3492, 2, 3656, t3=t2+(1, 6))	2	177
(3058, 148, 2635, t1) & (3185, 82, 3058, t2=t1+(0, 6)) -> (3058, 148, 3058, t3=t2+(1, 4))	2	178
(2617, 30, 2587, t1) & (1038, 151, 2587, t2=t1+(0, 3)) -> (1038, 151, 2617, t3=t2+(1, 4))	2	179
(2754, 23, 58, t1) & (3230, 159, 2754, t2=t1+(0, 7)) -> (2754, 23, 3230, t3=t2+(1, 5))	2	180
(798, 127, 1857, t1) & (1857, 4, 1256, t2=t1+(0, 5)) -> (1256, 127, 1857, t3=t2+(1, 5))	2	181
(3917, 132, 886, t1) & (886, 128, 886, t2=t1+(0, 3)) -> (886, 128, 886, t3=t2+(1, 4))	2	182
(4974, 173, 4507, t1) & (91, 21, 4974, t2=t1+(0, 4)) -> (91, 21, 4974, t3=t2+(1, 1))	2	183
(4996, 0, 1688, t1) & (3842, 63, 1688, t2=t1+(0, 4)) -> (3842, 0, 1688, t3=t2+(1, 5))	2	184
(2104, 41, 2755, t1) & (2104, 123, 2755, t2=t1+(0, 4)) -> (2104, 123, 2755, t3=t2+(1, 7))	2	185
(4654, 39, 3950, t1) & (4654, 169, 1224, t2=t1+(0, 9)) -> (4654, 169, 4654, t3=t2+(1, 6))	2	186
(172, 104, 1750, t1) & (4590, 65, 1750, t2=t1+(0, 6)) -> (172, 104, 1750, t3=t2+(1, 3))	2	187
(1529, 13, 2075, t1) & (2075, 82, 2979, t2=t1+(0, 5)) -> (2075, 13, 2075, t3=t2+(1, 7))	2	188
(3492, 99, 3151, t1) & (3151, 183, 4045, t2=t1+(0, 4)) -> (3151, 99, 4045, t3=t2+(1, 8))	2	189
(492, 109, 4602, t1) & (4602, 184, 4602, t2=t1+(0, 4)) -> (492, 184, 492, t3=t2+(1, 5))	2	190
(4172, 64, 4555, t1) & (4172, 161, 4971, t2=t1+(0, 2)) -> (4971, 161, 4172, t3=t2+(1, 5))	2	191
(834, 19, 1193, t1) & (1193, 11, 1224, t2=t1+(0, 2)) -> (1193, 19, 1193, t3=t2+(1, 6))	2	192
(314, 111, 15, t1) & (3073, 79, 15, t2=t1+(0, 4)) -> (15, 111, 314, t3=t2+(1, 11))	2	193
(2617, 12, 276, t1) & (2617, 169, 276, t2=t1+(0, 5)) -> (276, 12, 2617, t3=t2+(1, 5))	2	194
(1704, 94, 1595, t1) & (1704, 15, 1635, t2=t1+(0, 8)) -> (1635, 15, 1704, t3=t2+(1, 6))	2	195
(2748, 174, 597, t1) & (511, 112, 2748, t2=t1+(0, 7)) -> (597, 174, 597, t3=t2+(1, 5))	2	196
(839, 162, 1312, t1) & (4762, 150, 1312, t2=t1+(0, 0)) -> (1312, 150, 1312, t3=t2+(1, 9))	2	197
(4932, 75, 4914, t1) & (4932, 124, 3194, t2=t1+(0, 3)) -> (4914, 75, 3194, t3=t2+(1, 6))	2	198
(256, 1, 2267, t1) & (1545, 129, 256, t2=t1+(0, 4)) -> (1545, 129, 256, t3=t2+(1, 4))	2	199
(514, 40, 3393, t1) -> (514, 40, 514, t2=t1+(1, 3))	1	200
(4328, 37, 1750, t1) -> (4328, 37, 4328, t2=t1+(1, 7))	1	201
(169, 46, 2640, t1) -> (169, 46, 2640, t2=t1+(1, 2))	1	202
(4705, 21, 4104, t1) -> (4705, 21, 4104, t2=t1+(1, 3))	1	203
(723, 62, 3453, t1) -> (723, 62, 723, t2=t1+(1, 1))	1	204
(492, 120, 882, t1) -> (882, 120, 492, t2=t1+(1, 5))	1	205
(15, 9, 4206, t1) -> (4206, 9, 4206, t2=t1+(1, 4))	1	206
(3026, 42, 2620, t1) -> (2620, 42, 2620, t2=t1+(1, 4))	1	207
(4172, 51, 2051, t1) -> (4172, 51, 2051, t2=t1+(1, 5))	1	208
(4683, 45, 15, t1) -> (4683, 45, 15, t2=t1+(1, 6))	1	209
(1293, 186, 3820, t1) -> (3820, 186, 3820, t2=t1+(1, 3))	1	210
(4810, 92, 262, t1) -> (262, 92, 4810, t2=t1+(1, 7))	1	211
(1669, 135, 2594, t1) -> (1669, 135, 2594, t2=t1+(1, 5))	1	212
(2692, 96, 3906, t1) -> (2692, 96, 2692, t2=t1+(1, 9))	1	213
(689, 8, 4974, t1) -> (4974, 8, 4974, t2=t1+(1, 7))	1	214
(412, 125, 563, t1) -> (563, 125, 412, t2=t1+(1, 8))	1	215
(3882, 97, 2504, t1) -> (2504, 97, 3882, t2=t1+(1, 3))	1	216
(2585, 170, 2153, t1) -> (2585, 170, 2585, t2=t1+(1, 6))	1	217
(3077, 73, 276, t1) -> (3077, 73, 276, t2=t1+(1, 3))	1	218
(15, 199, 395, t1) -> (15, 199, 395, t2=t1+(1, 7))	1	219
(258, 77, 25, t1) -> (25, 77, 25, t2=t1+(1, 7))	1	220
(3516, 36, 3252, t1) -> (3252, 36, 3252, t2=t1+(1, 8))	1	221
(4035, 19, 4486, t1) -> (4486, 19, 4035, t2=t1+(1, 9))	1	222
(3906, 119, 4227, t1) -> (4227, 119, 3906, t2=t1+(1, 4))	1	223
(3775, 165, 1007, t1) -> (1007, 165, 3775, t2=t1+(1, 5))	1	224
(871, 99, 1873, t1) -> (871, 99, 871, t2=t1+(1, 5))	1	225
(4971, 189, 2817, t1) -> (2817, 189, 2817, t2=t1+(1, 1))	1	226
(15, 133, 446, t1) -> (446, 133, 446, t2=t1+(1, 3))	1	227
(4897, 109, 1953, t1) -> (4897, 109, 4897, t2=t1+(1, 6))	1	228
(4971, 120, 886, t1) -> (4971, 120, 886, t2=t1+(1, 7))	1	229
(4996, 197, 925, t1) -> (4996, 197, 925, t2=t1+(1, 4))	1	230
(4104, 178, 25, t1) -> (25, 178, 25, t2=t1+(1, 4))	1	231
(4427, 149, 4375, t1) -> (4375, 149, 4375, t2=t1+(1, 4))	1	232
(1619, 195, 882, t1) -> (1619, 195, 1619, t2=t1+(1, 3))	1	233
(650, 189, 1313, t1) -> (1313, 189, 1313, t2=t1+(1, 2))	1	234
(1037, 199, 4897, t1) -> (4897, 199, 4897, t2=t1+(1, 6))	1	235
(2592, 19, 11, t1) -> (11, 19, 11, t2=t1+(1, 5))	1	236
(3716, 187, 3104, t1) -> (3716, 187, 3104, t2=t1+(1, 7))	1	237
(4004, 150, 58, t1) -> (4004, 150, 58, t2=t1+(1, 5))	1	238
(723, 131, 3651, t1) -> (723, 131, 723, t2=t1+(1, 4))	1	239
(4311, 143, 814, t1) -> (4311, 143, 814, t2=t1+(1, 2))	1	240
(3227, 31, 4629, t1) -> (3227, 31, 4629, t2=t1+(1, 4))	1	241
(1796, 137, 511, t1) -> (511, 137, 1796, t2=t1+(1, 3))	1	242
(2764, 61, 2755, t1) -> (2755, 61, 2755, t2=t1+(1, 9))	1	243
(1704, 34, 3561, t1) -> (3561, 34, 1704, t2=t1+(1, 6))	1	244
(3822, 7, 3049, t1) -> (3822, 7, 3822, t2=t1+(1, 2))	1	245
(236, 166, 3954, t1) -> (236, 166, 236, t2=t1+(1, 10))	1	246
(3917, 66, 3267, t1) -> (3917, 66, 3917, t2=t1+(1, 3))	1	247
(605, 82, 4144, t1) -> (4144, 82, 605, t2=t1+(1, 5))	1	248
(4996, 142, 2497, t1) -> (2497, 142, 4996, t2=t1+(1, 4))	1	249
(1976, 98, 2430, t1) -> (2430, 98, 1976, t2=t1+(1, 5))	1	250
(4668, 42, 1986, t1) -> (1986, 42, 4668, t2=t1+(1, 7))	1	251
(707, 94, 4555, t1) -> (4555, 94, 707, t2=t1+(1, 4))	1	252
(2249, 49, 4417, t1) -> (2249, 49, 2249, t2=t1+(1, 5))	1	253
(1529, 82, 3335, t1) -> (1529, 82, 3335, t2=t1+(1, 4))	1	254
(4104, 95, 837, t1) -> (837, 95, 837, t2=t1+(1, 9))	1	255
(4427, 125, 3703, t1) -> (4427, 125, 3703, t2=t1+(1, 5))	1	256
(2629, 127, 3091, t1) -> (2629, 127, 3091, t2=t1+(1, 7))	1	257
(3952, 174, 4761, t1) -> (3952, 174, 4761, t2=t1+(1, 3))	1	258
(1171, 159, 1145, t1) -> (1171, 159, 1145, t2=t1+(1, 5))	1	259
(2051, 168, 1604, t1) -> (1604, 168, 1604, t2=t1+(1, 7))	1	260
(4011, 97, 47, t1) -> (47, 97, 47, t2=t1+(1, 5))	1	261
(2582, 136, 2698, t1) -> (2698, 136, 2582, t2=t1+(1, 9))	1	262
(4971, 120, 2755, t1) -> (4971, 120, 4971, t2=t1+(1, 3))	1	263
(723, 66, 3267, t1) -> (3267, 66, 3267, t2=t1+(1, 6))	1	264
(180, 54, 3117, t1) -> (180, 54, 3117, t2=t1+(1, 6))	1	265
(3775, 77, 4263, t1) -> (3775, 77, 4263, t2=t1+(1, 4))	1	266
(2748, 109, 1824, t1) -> (1824, 109, 1824, t2=t1+(1, 5))	1	267
(3359, 97, 63, t1) -> (3359, 97, 63, t2=t1+(1, 9))	1	268
(2764, 138, 3524, t1) -> (3524, 138, 2764, t2=t1+(1, 3))	1	269
(2770, 113, 4996, t1) -> (2770, 113, 2770, t2=t1+(1, 4))	1	270
(3300, 117, 2770, t1) -> (3300, 117, 3300, t2=t1+(1, 4))	1	271
(654, 192, 2250, t1) -> (2250, 192, 654, t2=t1+(1, 4))	1	272
(2298, 63, 4511, t1) -> (4511, 63, 4511, t2=t1+(1, 7))	1	273
(35, 27, 4035, t1) -> (35, 27, 4035, t2=t1+(1, 3))	1	274
(276, 87, 4403, t1) -> (4403, 87, 4403, t2=t1+(1, 1))	1	275
(571, 165, 4715, t1) -> (571, 165, 4715, t2=t1+(1, 2))	1	276
(4971, 46, 1839, t1) -> (4971, 46, 4971, t2=t1+(1, 4))	1	277
(412, 8, 3469, t1) -> (412, 8, 412, t2=t1+(1, 8))	1	278
(736, 175, 4098, t1) -> (4098, 175, 736, t2=t1+(1, 4))	1	279
(4974, 62, 3258, t1) -> (3258, 62, 4974, t2=t1+(1, 3))	1	280
(594, 74, 511, t1) -> (594, 74, 594, t2=t1+(1, 1))	1	281
(1965, 35, 192, t1) -> (192, 35, 1965, t2=t1+(1, 2))	1	282
(2757, 65, 3352, t1) -> (3352, 65, 2757, t2=t1+(1, 10))	1	283
(773, 191, 3558, t1) -> (3558, 191, 773, t2=t1+(1, 2))	1	284
(4590, 157, 1662, t1) -> (4590, 157, 1662, t2=t1+(1, 6))	1	285
(3185, 75, 765, t1) -> (3185, 75, 3185, t2=t1+(1, 5))	1	286
(2568, 72, 2266, t1) -> (2266, 72, 2568, t2=t1+(1, 5))	1	287
(4940, 33, 1619, t1) -> (4940, 33, 4940, t2=t1+(1, 2))	1	288
(3906, 105, 3516, t1) -> (3906, 105, 3516, t2=t1+(1, 4))	1	289
(4349, 20, 3006, t1) -> (3006, 20, 4349, t2=t1+(1, 1))	1	290
(3194, 61, 884, t1) -> (3194, 61, 884, t2=t1+(1, 1))	1	291
(4629, 21, 3098, t1) -> (3098, 21, 3098, t2=t1+(1, 5))	1	292
(1536, 175, 956, t1) -> (1536, 175, 956, t2=t1+(1, 5))	1	293
(501, 13, 2395, t1) -> (501, 13, 2395, t2=t1+(1, 4))	1	294
(15, 83, 4983, t1) -> (4983, 83, 4983, t2=t1+(1, 4))	1	295
(4895, 10, 4801, t1) -> (4801, 10, 4895, t2=t1+(1, 9))	1	296
(480, 194, 1313, t1) -> (480, 194, 1313, t2=t1+(1, 5))	1	297
(1585, 88, 1322, t1) -> (1322, 88, 1322, t2=t1+(1, 6))	1	298
(182, 72, 597, t1) -> (182, 72, 182, t2=t1+(1, 7))	1	299
