(57, 54, 2148, t1) & (100, 43, 863, t2=t1+(0, 7)) & (57, 129, 863, t3=t2+(0, 6)) -> (57, 54, 863, t4=t3+(1, 3))	3	0
(4022, 127, 2678, t1) & (3284, 119, 3673, t2=t1+(0, 6)) & (4022, 137, 3284, t3=t2+(0, 3)) -> (2678, 127, 3284, t4=t3+(1, 7))	3	1
(3820, 50, 4456, t1) & (2756, 190, 1775, t2=t1+(0, 5)) & (1775, 121, 4456, t3=t2+(0, 6)) -> (2756, 50, 1775, t4=t3+(1, 5))	3	2
(3049, 109, 2497, t1) & (2429, 128, 3239, t2=t1+(0, 2)) & (2497, 118, 3239, t3=t2+(0, 5)) -> (3049, 118, 3239, t4=t3+(1, 8))	3	3
(4678, 77, 2678, t1) & (3126, 14, 2986, t2=t1+(0, 5)) & (2678, 5, 3126, t3=t2+(0, 6)) -> (2986, 14, 4678, t4=t3+(1, 3))	3	4
(2579, 138, 3724, t1) & (2620, 13, 2931, t2=t1+(0, 7)) & (2579, 150, 2620, t3=t2+(0, 3)) -> (3724, 13, 2579, t4=t3+(1, 5))	3	5
(2931, 129, 3170, t1) & (2678, 50, 4573, t2=t1+(0, 3)) & (2678, 99, 3170, t3=t2+(0, 4)) -> (2931, 50, 3170, t4=t3+(1, 1))	3	6
(903, 183, 3837, t1) & (4456, 132, 2955, t2=t1+(0, 4)) & (2955, 96, 3837, t3=t2+(0, 8)) -> (3837, 183, 3837, t4=t3+(1, 1))	3	7
(377, 131, 2974, t1) & (4805, 138, 4179, t2=t1+(0, 4)) & (377, 165, 4179, t3=t2+(0, 9)) -> (4805, 138, 4179, t4=t3+(1, 5))	3	8
(2492, 163, 3029, t1) & (1567, 165, 4906, t2=t1+(0, 2)) & (2492, 89, 1567, t3=t2+(0, 8)) -> (1567, 165, 3029, t4=t3+(1, 4))	3	9
(377, 149, 4465, t1) & (3538, 1, 2006, t2=t1+(0, 2)) & (3538, 176, 4465, t3=t2+(0, 5)) -> (4465, 176, 4465, t4=t3+(1, 6))	3	10
(4994, 161, 2616, t1) & (3021, 12, 4458, t2=t1+(0, 4)) & (4994, 21, 4458, t3=t2+(0, 5)) -> (4994, 161, 2616, t4=t3+(1, 2))	3	11
(4319, 21, 1964, t1) & (3895, 119, 2497, t2=t1+(0, 3)) & (2497, 94, 4319, t3=t2+(0, 1)) -> (3895, 94, 1964, t4=t3+(1, 7))	3	12
(3337, 191, 3272, t1) & (4324, 9, 498, t2=t1+(0, 6)) & (498, 118, 3272, t3=t2+(0, 4)) -> (498, 9, 3272, t4=t3+(1, 7))	3	13
(69, 189, 3274, t1) & (3587, 48, 305, t2=t1+(0, 4)) & (3587, 131, 69, t3=t2+(0, 2)) -> (3587, 48, 3587, t4=t3+(1, 2))	3	14
(1679, 195, 1433, t1) & (4879, 6, 4904, t2=t1+(0, 9)) & (1679, 63, 4879, t3=t2+(0, 3)) -> (4879, 63, 1433, t4=t3+(1, 1))	3	15
(1512, 37, 1240, t1) & (22, 104, 2574, t2=t1+(0, 9)) & (1512, 49, 22, t3=t2+(0, 6)) -> (1512, 49, 2574, t4=t3+(1, 8))	3	16
(2416, 190, 3429, t1) & (4878, 177, 1267, t2=t1+(0, 2)) & (1267, 137, 3429, t3=t2+(0, 10)) -> (1267, 137, 2416, t4=t3+(1, 3))	3	17
(3272, 123, 1735, t1) & (1781, 129, 306, t2=t1+(0, 5)) & (3272, 173, 1781, t3=t2+(0, 5)) -> (3272, 129, 1781, t4=t3+(1, 9))	3	18
(205, 5, 2259, t1) & (3694, 173, 4502, t2=t1+(0, 1)) & (3694, 112, 2259, t3=t2+(0, 9)) -> (2259, 5, 2259, t4=t3+(1, 4))	3	19
(1251, 9, 2909, t1) & (654, 183, 3051, t2=t1+(0, 5)) & (654, 46, 1251, t3=t2+(0, 5)) -> (1251, 46, 654, t4=t3+(1, 4))	3	20
(3772, 44, 442, t1) & (2147, 121, 2955, t2=t1+(0, 4)) & (3772, 90, 2147, t3=t2+(0, 9)) -> (2955, 44, 3772, t4=t3+(1, 4))	3	21
(4985, 94, 4334, t1) & (815, 190, 2931, t2=t1+(0, 3)) & (815, 162, 4334, t3=t2+(0, 4)) -> (4334, 190, 4985, t4=t3+(1, 6))	3	22
(1304, 50, 4380, t1) & (269, 120, 1777, t2=t1+(0, 6)) & (269, 184, 4380, t3=t2+(0, 5)) -> (269, 50, 1777, t4=t3+(1, 5))	3	23
(3844, 183, 2620, t1) & (269, 31, 3820, t2=t1+(0, 2)) & (3820, 147, 2620, t3=t2+(0, 2)) -> (3844, 31, 2620, t4=t3+(1, 4))	3	24
(3694, 193, 1427, t1) & (2492, 137, 4707, t2=t1+(0, 7)) & (2492, 168, 3694, t3=t2+(0, 3)) -> (3694, 193, 1427, t4=t3+(1, 4))	3	25
(1942, 149, 3428, t1) & (1149, 69, 2363, t2=t1+(0, 5)) & (1149, 35, 3428, t3=t2+(0, 2)) -> (3428, 35, 1942, t4=t3+(1, 4))	3	26
(719, 121, 3461, t1) & (3376, 79, 4190, t2=t1+(0, 7)) & (3461, 125, 3376, t3=t2+(0, 4)) -> (3461, 79, 3376, t4=t3+(1, 10))	3	27
(3029, 148, 654, t1) & (3824, 19, 258, t2=t1+(0, 3)) & (654, 21, 258, t3=t2+(0, 5)) -> (654, 19, 3029, t4=t3+(1, 8))	3	28
(1376, 15, 2270, t1) & (906, 157, 4036, t2=t1+(0, 5)) & (4036, 123, 2270, t3=t2+(0, 8)) -> (4036, 123, 2270, t4=t3+(1, 7))	3	29
(388, 198, 1180, t1) & (2955, 108, 2764, t2=t1+(0, 3)) & (1180, 123, 2955, t3=t2+(0, 3)) -> (388, 198, 1180, t4=t3+(1, 3))	3	30
(3099, 8, 4953, t1) & (4417, 119, 4179, t2=t1+(0, 11)) & (4179, 171, 3099, t3=t2+(0, 4)) -> (4417, 8, 4179, t4=t3+(1, 7))	3	31
(869, 45, 3329, t1) & (4509, 171, 43, t2=t1+(0, 7)) & (43, 166, 3329, t3=t2+(0, 5)) -> (869, 166, 3329, t4=t3+(1, 9))	3	32
(3668, 163, 2931, t1) & (3683, 136, 4107, t2=t1+(0, 1)) & (2931, 95, 3683, t3=t2+(0, 9)) -> (3683, 163, 2931, t4=t3+(1, 8))	3	33
(222, 124, 3114, t1) & (1747, 108, 4078, t2=t1+(0, 7)) & (1747, 22, 3114, t3=t2+(0, 8)) -> (3114, 108, 1747, t4=t3+(1, 4))	3	34
(2453, 110, 651, t1) & (4534, 141, 100, t2=t1+(0, 6)) & (100, 19, 2453, t3=t2+(0, 5)) -> (4534, 19, 4534, t4=t3+(1, 1))	3	35
(4566, 94, 2647, t1) & (2545, 44, 1191, t2=t1+(0, 6)) & (2545, 137, 2647, t3=t2+(0, 5)) -> (4566, 94, 4566, t4=t3+(1, 13))	3	36
(4664, 44, 3294, t1) & (2332, 54, 1229, t2=t1+(0, 2)) & (3294, 73, 1229, t3=t2+(0, 6)) -> (1229, 54, 2332, t4=t3+(1, 7))	3	37
(4664, 64, 4465, t1) & (4955, 27, 4543, t2=t1+(0, 8)) & (4465, 56, 4543, t3=t2+(0, 10)) -> (4465, 27, 4465, t4=t3+(1, 6))	3	38
(4664, 7, 3739, t1) & (980, 123, 2148, t2=t1+(0, 8)) & (980, 84, 4664, t3=t2+(0, 3)) -> (4664, 84, 980, t4=t3+(1, 3))	3	39
(1180, 197, 4037, t1) & (2407, 179, 731, t2=t1+(0, 8)) & (2407, 119, 4037, t3=t2+(0, 5)) -> (4037, 197, 4037, t4=t3+(1, 3))	3	40
(4465, 163, 4201, t1) & (3540, 6, 3941, t2=t1+(0, 9)) & (3540, 96, 4201, t3=t2+(0, 6)) -> (4201, 163, 4201, t4=t3+(1, 3))	3	41
(1149, 106, 511, t1) & (550, 69, 4326, t2=t1+(0, 4)) & (1149, 101, 550, t3=t2+(0, 2)) -> (4326, 69, 550, t4=t3+(1, 3))	3	42
(394, 154, 4994, t1) & (2618, 123, 2368, t2=t1+(0, 5)) & (2368, 115, 4994, t3=t2+(0, 3)) -> (2368, 123, 394, t4=t3+(1, 5))	3	43
(2270, 62, 2241, t1) & (1814, 164, 2111, t2=t1+(0, 5)) & (2241, 163, 2111, t3=t2+(0, 8)) -> (2111, 164, 2111, t4=t3+(1, 4))	3	44
(4860, 128, 1968, t1) & (407, 84, 3074, t2=t1+(0, 6)) & (4860, 168, 407, t3=t2+(0, 3)) -> (4860, 128, 4860, t4=t3+(1, 3))	3	45
(205, 69, 1443, t1) & (22, 43, 4955, t2=t1+(0, 3)) & (205, 54, 22, t3=t2+(0, 3)) -> (4955, 54, 4955, t4=t3+(1, 3))	3	46
(622, 5, 3218, t1) & (2776, 183, 3174, t2=t1+(0, 2)) & (3174, 119, 622, t3=t2+(0, 4)) -> (622, 183, 3218, t4=t3+(1, 2))	3	47
(804, 57, 2419, t1) & (3088, 44, 4656, t2=t1+(0, 7)) & (2419, 154, 3088, t3=t2+(0, 8)) -> (3088, 57, 3088, t4=t3+(1, 4))	3	48
(694, 0, 4281, t1) & (1376, 31, 2920, t2=t1+(0, 6)) & (4281, 12, 2920, t3=t2+(0, 5)) -> (2920, 12, 4281, t4=t3+(1, 6))	3	49
(52, 19, 558, t1) & (22, 168, 2061, t2=t1+(0, 3)) & (558, 38, 2061, t3=t2+(0, 3)) -> (558, 38, 558, t4=t3+(1, 6))	3	50
(4987, 68, 785, t1) & (141, 148, 4319, t2=t1+(0, 4)) & (785, 41, 4319, t3=t2+(0, 7)) -> (785, 148, 4319, t4=t3+(1, 7))	3	51
(3088, 186, 2613, t1) & (3255, 23, 4244, t2=t1+(0, 9)) & (3255, 95, 2613, t3=t2+(0, 5)) -> (3088, 23, 3088, t4=t3+(1, 4))	3	52
(1305, 105, 2497, t1) & (4079, 124, 744, t2=t1+(0, 4)) & (2497, 121, 4079, t3=t2+(0, 4)) -> (2497, 105, 1305, t4=t3+(1, 4))	3	53
(2784, 127, 4142, t1) & (532, 71, 4640, t2=t1+(0, 4)) & (2784, 46, 532, t3=t2+(0, 7)) -> (4640, 127, 532, t4=t3+(1, 4))	3	54
(2899, 9, 185, t1) & (2149, 195, 2020, t2=t1+(0, 5)) & (2149, 94, 2899, t3=t2+(0, 4)) -> (2899, 9, 2899, t4=t3+(1, 5))	3	55
(3837, 198, 1811, t1) & (1963, 59, 3029, t2=t1+(0, 2)) & (3837, 22, 3029, t3=t2+(0, 4)) -> (3029, 59, 1811, t4=t3+(1, 2))	3	56
(1512, 34, 3064, t1) & (4465, 176, 2596, t2=t1+(0, 3)) & (4465, 165, 3064, t3=t2+(0, 8)) -> (3064, 165, 4465, t4=t3+(1, 4))	3	57
(3218, 125, 2615, t1) & (2270, 125, 4850, t2=t1+(0, 3)) & (2615, 84, 4850, t3=t2+(0, 12)) -> (2615, 84, 3218, t4=t3+(1, 1))	3	58
(2931, 138, 4675, t1) & (910, 96, 4640, t2=t1+(0, 5)) & (4640, 13, 2931, t3=t2+(0, 3)) -> (2931, 96, 2931, t4=t3+(1, 2))	3	59
(2297, 168, 548, t1) & (982, 136, 511, t2=t1+(0, 5)) & (2297, 150, 511, t3=t2+(0, 6)) -> (982, 168, 2297, t4=t3+(1, 2))	3	60
(686, 41, 719, t1) & (1191, 70, 4996, t2=t1+(0, 4)) & (1191, 124, 719, t3=t2+(0, 6)) -> (4996, 70, 4996, t4=t3+(1, 5))	3	61
(4440, 198, 404, t1) & (4038, 176, 4278, t2=t1+(0, 5)) & (404, 194, 4038, t3=t2+(0, 4)) -> (404, 194, 404, t4=t3+(1, 6))	3	62
(1465, 148, 4038, t1) & (3105, 149, 2676, t2=t1+(0, 6)) & (3105, 91, 1465, t3=t2+(0, 3)) -> (2676, 149, 1465, t4=t3+(1, 10))	3	63
(566, 125, 907, t1) & (2954, 128, 199, t2=t1+(0, 10)) & (199, 124, 907, t3=t2+(0, 2)) -> (2954, 124, 199, t4=t3+(1, 6))	3	64
(2374, 140, 2619, t1) & (446, 167, 1376, t2=t1+(0, 4)) & (2619, 157, 446, t3=t2+(0, 6)) -> (2374, 140, 2619, t4=t3+(1, 3))	3	65
(548, 56, 4879, t1) & (4332, 95, 1436, t2=t1+(0, 5)) & (4332, 132, 548, t3=t2+(0, 5)) -> (548, 56, 4332, t4=t3+(1, 9))	3	66
(4384, 127, 4912, t1) & (137, 125, 887, t2=t1+(0, 6)) & (4384, 172, 137, t3=t2+(0, 8)) -> (137, 127, 887, t4=t3+(1, 2))	3	67
(4078, 41, 1571, t1) & (4469, 160, 42, t2=t1+(0, 8)) & (4078, 163, 42, t3=t2+(0, 4)) -> (42, 41, 4078, t4=t3+(1, 2))	3	68
(789, 163, 1679, t1) & (548, 20, 3623, t2=t1+(0, 8)) & (3623, 5, 1679, t3=t2+(0, 4)) -> (3623, 20, 3623, t4=t3+(1, 4))	3	69
(4850, 132, 1844, t1) & (694, 133, 2444, t2=t1+(0, 7)) & (1844, 9, 2444, t3=t2+(0, 7)) -> (694, 132, 4850, t4=t3+(1, 6))	3	70
(622, 92, 4286, t1) & (2416, 123, 4355, t2=t1+(0, 6)) & (622, 101, 2416, t3=t2+(0, 5)) -> (622, 101, 622, t4=t3+(1, 4))	3	71
(1897, 151, 3425, t1) & (4154, 177, 4079, t2=t1+(0, 3)) & (1897, 11, 4079, t3=t2+(0, 7)) -> (4079, 151, 4079, t4=t3+(1, 3))	3	72
(3183, 170, 3694, t1) & (788, 168, 4612, t2=t1+(0, 2)) & (3183, 119, 4612, t3=t2+(0, 5)) -> (3694, 119, 4612, t4=t3+(1, 6))	3	73
(548, 118, 4850, t1) & (548, 127, 4640, t2=t1+(0, 2)) & (548, 128, 548, t3=t2+(0, 3)) -> (4640, 128, 548, t4=t3+(1, 10))	3	74
(660, 94, 1379, t1) & (1723, 121, 4378, t2=t1+(0, 4)) & (4378, 94, 1379, t3=t2+(0, 6)) -> (4378, 94, 4378, t4=t3+(1, 3))	3	75
(1344, 6, 2954, t1) & (711, 93, 3201, t2=t1+(0, 4)) & (3201, 94, 1344, t3=t2+(0, 3)) -> (1344, 93, 1344, t4=t3+(1, 4))	3	76
(2446, 54, 1963, t1) & (1229, 118, 3274, t2=t1+(0, 4)) & (3274, 88, 1963, t3=t2+(0, 6)) -> (3274, 54, 1963, t4=t3+(1, 8))	3	77
(4759, 104, 2538, t1) & (622, 138, 57, t2=t1+(0, 7)) & (2538, 69, 622, t3=t2+(0, 2)) -> (2538, 138, 622, t4=t3+(1, 6))	3	78
(1321, 56, 1436, t1) & (4111, 86, 3256, t2=t1+(0, 7)) & (3256, 94, 1436, t3=t2+(0, 7)) -> (3256, 56, 3256, t4=t3+(1, 6))	3	79
(2846, 132, 1531, t1) & (2954, 68, 4465, t2=t1+(0, 7)) & (2954, 122, 2846, t3=t2+(0, 10)) -> (2954, 132, 1531, t4=t3+(1, 5))	3	80
(2626, 103, 3474, t1) & (3179, 37, 2223, t2=t1+(0, 3)) & (2223, 96, 3474, t3=t2+(0, 3)) -> (2626, 96, 2626, t4=t3+(1, 7))	3	81
(4656, 54, 367, t1) & (3682, 119, 869, t2=t1+(0, 1)) & (367, 7, 869, t3=t2+(0, 5)) -> (869, 119, 3682, t4=t3+(1, 3))	3	82
(3657, 33, 729, t1) & (2813, 31, 2497, t2=t1+(0, 5)) & (2813, 138, 3657, t3=t2+(0, 5)) -> (729, 31, 2497, t4=t3+(1, 6))	3	83
(1942, 9, 1004, t1) & (4318, 61, 3533, t2=t1+(0, 9)) & (4318, 2, 1942, t3=t2+(0, 7)) -> (1942, 9, 1004, t4=t3+(1, 7))	3	84
(459, 175, 719, t1) & (1695, 8, 2678, t2=t1+(0, 6)) & (1695, 119, 459, t3=t2+(0, 3)) -> (1695, 175, 459, t4=t3+(1, 7))	3	85
(1964, 53, 1963, t1) & (192, 58, 1571, t2=t1+(0, 5)) & (192, 127, 1964, t3=t2+(0, 3)) -> (192, 53, 1964, t4=t3+(1, 3))	3	86
(2203, 140, 2678, t1) & (4987, 121, 1933, t2=t1+(0, 10)) & (4987, 94, 2203, t3=t2+(0, 4)) -> (4987, 140, 2203, t4=t3+(1, 4))	3	87
(4079, 165, 4107, t1) & (377, 54, 2909, t2=t1+(0, 5)) & (4079, 9, 2909, t3=t2+(0, 4)) -> (2909, 9, 2909, t4=t3+(1, 7))	3	88
(3410, 124, 1891, t1) & (4566, 96, 498, t2=t1+(0, 6)) & (1891, 121, 498, t3=t2+(0, 6)) -> (498, 121, 498, t4=t3+(1, 6))	3	89
(4326, 20, 4805, t1) & (819, 194, 2111, t2=t1+(0, 3)) & (4326, 136, 2111, t3=t2+(0, 2)) -> (819, 20, 2111, t4=t3+(1, 6))	3	90
(377, 21, 4579, t1) & (2160, 131, 4476, t2=t1+(0, 2)) & (4476, 98, 4579, t3=t2+(0, 5)) -> (2160, 98, 4579, t4=t3+(1, 1))	3	91
(2513, 118, 1376, t1) & (1764, 127, 523, t2=t1+(0, 6)) & (2513, 125, 1764, t3=t2+(0, 3)) -> (523, 125, 523, t4=t3+(1, 5))	3	92
(1101, 81, 2955, t1) & (1303, 96, 3694, t2=t1+(0, 4)) & (1303, 148, 2955, t3=t2+(0, 6)) -> (1303, 81, 1303, t4=t3+(1, 5))	3	93
(3623, 10, 2076, t1) & (905, 173, 4465, t2=t1+(0, 8)) & (4465, 33, 3623, t3=t2+(0, 5)) -> (3623, 10, 4465, t4=t3+(1, 5))	3	94
(4278, 22, 739, t1) & (3064, 163, 2104, t2=t1+(0, 3)) & (3064, 34, 739, t3=t2+(0, 6)) -> (4278, 163, 739, t4=t3+(1, 2))	3	95
(1956, 100, 2350, t1) & (4996, 25, 3029, t2=t1+(0, 4)) & (4996, 62, 1956, t3=t2+(0, 6)) -> (1956, 62, 4996, t4=t3+(1, 5))	3	96
(4573, 136, 2522, t1) & (3376, 141, 454, t2=t1+(0, 4)) & (454, 73, 4573, t3=t2+(0, 4)) -> (454, 73, 2522, t4=t3+(1, 9))	3	97
(1679, 124, 2176, t1) & (4372, 180, 2986, t2=t1+(0, 3)) & (2176, 124, 2986, t3=t2+(0, 6)) -> (2176, 124, 2986, t4=t3+(1, 5))	3	98
(1963, 46, 2807, t1) & (3824, 119, 3284, t2=t1+(0, 6)) & (1963, 143, 3284, t3=t2+(0, 7)) -> (2807, 143, 3284, t4=t3+(1, 5))	3	99
(298, 115, 4355, t1) & (298, 29, 4355, t2=t1+(0, 4)) -> (4355, 115, 298, t3=t2+(1, 8))	2	100
(3183, 119, 4582, t1) & (4107, 33, 4582, t2=t1+(0, 2)) -> (4107, 33, 4582, t3=t2+(1, 2))	2	101
(510, 194, 3398, t1) & (3398, 187, 4005, t2=t1+(0, 3)) -> (4005, 187, 3398, t3=t2+(1, 6))	2	102
(3029, 169, 1617, t1) & (3029, 68, 4741, t2=t1+(0, 5)) -> (3029, 68, 3029, t3=t2+(1, 3))	2	103
(541, 48, 2927, t1) & (654, 21, 541, t2=t1+(0, 3)) -> (654, 48, 654, t3=t2+(1, 6))	2	104
(2148, 170, 1897, t1) & (1897, 79, 4154, t2=t1+(0, 3)) -> (2148, 79, 1897, t3=t2+(1, 11))	2	105
(4171, 163, 4461, t1) & (4461, 113, 2270, t2=t1+(0, 8)) -> (2270, 113, 4171, t3=t2+(1, 5))	2	106
(3340, 82, 4394, t1) & (453, 33, 3340, t2=t1+(0, 4)) -> (453, 33, 3340, t3=t2+(1, 4))	2	107
(1891, 88, 4560, t1) & (1891, 84, 4560, t2=t1+(0, 5)) -> (1891, 88, 4560, t3=t2+(1, 9))	2	108
(1949, 189, 3201, t1) & (3201, 137, 488, t2=t1+(0, 3)) -> (1949, 189, 488, t3=t2+(1, 7))	2	109
(334, 118, 2899, t1) & (510, 176, 334, t2=t1+(0, 7)) -> (2899, 118, 334, t3=t2+(1, 4))	2	110
(3682, 94, 2869, t1) & (3682, 171, 1571, t2=t1+(0, 7)) -> (2869, 171, 2869, t3=t2+(1, 3))	2	111
(3518, 96, 305, t1) & (3518, 170, 4303, t2=t1+(0, 5)) -> (3518, 170, 3518, t3=t2+(1, 4))	2	112
(993, 195, 147, t1) & (993, 183, 147, t2=t1+(0, 4)) -> (993, 195, 147, t3=t2+(1, 2))	2	113
(2149, 27, 2769, t1) & (2149, 63, 141, t2=t1+(0, 2)) -> (141, 27, 2149, t3=t2+(1, 6))	2	114
(2508, 153, 4093, t1) & (2508, 198, 4093, t2=t1+(0, 3)) -> (4093, 153, 4093, t3=t2+(1, 8))	2	115
(3149, 94, 2497, t1) & (3149, 6, 1109, t2=t1+(0, 6)) -> (1109, 6, 1109, t3=t2+(1, 5))	2	116
(4440, 85, 2613, t1) & (4440, 54, 347, t2=t1+(0, 3)) -> (4440, 54, 4440, t3=t2+(1, 3))	2	117
(4213, 22, 1304, t1) & (4213, 158, 3972, t2=t1+(0, 2)) -> (1304, 22, 4213, t3=t2+(1, 4))	2	118
(347, 43, 662, t1) & (347, 78, 662, t2=t1+(0, 8)) -> (662, 43, 347, t3=t2+(1, 2))	2	119
(4805, 176, 3654, t1) & (2625, 9, 3654, t2=t1+(0, 3)) -> (3654, 176, 3654, t3=t2+(1, 9))	2	120
(2160, 123, 4302, t1) & (4302, 152, 1229, t2=t1+(0, 5)) -> (2160, 123, 4302, t3=t2+(1, 9))	2	121
(1146, 32, 3787, t1) & (4432, 125, 3787, t2=t1+(0, 7)) -> (3787, 125, 4432, t3=t2+(1, 6))	2	122
(3813, 190, 3337, t1) & (3337, 57, 3877, t2=t1+(0, 7)) -> (3337, 57, 3813, t3=t2+(1, 2))	2	123
(550, 62, 1172, t1) & (550, 148, 2954, t2=t1+(0, 5)) -> (1172, 62, 550, t3=t2+(1, 7))	2	124
(2626, 137, 3589, t1) & (821, 22, 3589, t2=t1+(0, 13)) -> (3589, 137, 3589, t3=t2+(1, 3))	2	125
(4417, 21, 1964, t1) & (2160, 1, 1964, t2=t1+(0, 6)) -> (2160, 1, 4417, t3=t2+(1, 1))	2	126
(1964, 20, 2769, t1) & (2769, 97, 3224, t2=t1+(0, 7)) -> (2769, 20, 3224, t3=t2+(1, 6))	2	127
(2475, 119, 3837, t1) & (3837, 86, 3736, t2=t1+(0, 4)) -> (3736, 119, 3736, t3=t2+(1, 6))	2	128
(1723, 82, 41, t1) & (41, 20, 41, t2=t1+(0, 5)) -> (41, 82, 1723, t3=t2+(1, 8))	2	129
(1616, 92, 2217, t1) & (1616, 118, 2217, t2=t1+(0, 7)) -> (2217, 118, 2217, t3=t2+(1, 3))	2	130
(2522, 92, 2931, t1) & (2931, 189, 3772, t2=t1+(0, 5)) -> (2931, 189, 2931, t3=t2+(1, 4))	2	131
(3180, 171, 2813, t1) & (2613, 137, 2813, t2=t1+(0, 3)) -> (2613, 137, 3180, t3=t2+(1, 5))	2	132
(1922, 58, 4972, t1) & (1922, 125, 876, t2=t1+(0, 4)) -> (1922, 125, 1922, t3=t2+(1, 6))	2	133
(318, 87, 2676, t1) & (318, 0, 3330, t2=t1+(0, 2)) -> (318, 0, 318, t3=t2+(1, 10))	2	134
(2615, 88, 4634, t1) & (4634, 92, 2615, t2=t1+(0, 7)) -> (2615, 92, 2615, t3=t2+(1, 6))	2	135
(886, 171, 4387, t1) & (4387, 118, 4863, t2=t1+(0, 7)) -> (886, 118, 4863, t3=t2+(1, 6))	2	136
(1740, 181, 1891, t1) & (1891, 27, 1891, t2=t1+(0, 13)) -> (1740, 181, 1740, t3=t2+(1, 1))	2	137
(2270, 124, 2865, t1) & (2865, 50, 3673, t2=t1+(0, 1)) -> (3673, 124, 2865, t3=t2+(1, 7))	2	138
(1933, 129, 3683, t1) & (3683, 19, 4640, t2=t1+(0, 4)) -> (3683, 19, 3683, t3=t2+(1, 8))	2	139
(3624, 50, 3274, t1) & (3624, 21, 3274, t2=t1+(0, 6)) -> (3274, 21, 3624, t3=t2+(1, 7))	2	140
(285, 118, 1244, t1) & (285, 119, 562, t2=t1+(0, 2)) -> (1244, 118, 562, t3=t2+(1, 6))	2	141
(2685, 51, 2149, t1) & (2149, 41, 1891, t2=t1+(0, 3)) -> (2149, 51, 1891, t3=t2+(1, 4))	2	142
(1004, 88, 3820, t1) & (3820, 165, 2613, t2=t1+(0, 8)) -> (1004, 88, 3820, t3=t2+(1, 4))	2	143
(1195, 124, 3016, t1) & (1330, 148, 1195, t2=t1+(0, 4)) -> (1330, 148, 1330, t3=t2+(1, 10))	2	144
(2899, 125, 1190, t1) & (2899, 197, 2899, t2=t1+(0, 2)) -> (2899, 125, 2899, t3=t2+(1, 6))	2	145
(2769, 50, 4533, t1) & (2769, 33, 3035, t2=t1+(0, 7)) -> (4533, 50, 2769, t3=t2+(1, 5))	2	146
(4909, 44, 2746, t1) & (4909, 99, 4909, t2=t1+(0, 5)) -> (4909, 99, 4909, t3=t2+(1, 4))	2	147
(2813, 150, 2986, t1) & (2986, 88, 2986, t2=t1+(0, 7)) -> (2986, 88, 2986, t3=t2+(1, 5))	2	148
(2, 6, 1979, t1) & (1979, 106, 141, t2=t1+(0, 3)) -> (141, 106, 1979, t3=t2+(1, 5))	2	149
(660, 125, 478, t1) & (956, 9, 478, t2=t1+(0, 5)) -> (660, 125, 660, t3=t2+(1, 6))	2	150
(4332, 9, 4664, t1) & (170, 190, 4664, t2=t1+(0, 5)) -> (4664, 9, 4664, t3=t2+(1, 3))	2	151
(305, 4, 3218, t1) & (4049, 189, 305, t2=t1+(0, 7)) -> (305, 4, 305, t3=t2+(1, 3))	2	152
(660, 151, 2899, t1) & (660, 127, 4128, t2=t1+(0, 4)) -> (660, 151, 660, t3=t2+(1, 7))	2	153
(1229, 56, 1538, t1) & (1538, 69, 4640, t2=t1+(0, 10)) -> (1229, 56, 4640, t3=t2+(1, 7))	2	154
(2020, 140, 4107, t1) & (2020, 168, 2020, t2=t1+(0, 8)) -> (2020, 140, 2020, t3=t2+(1, 8))	2	155
(4387, 121, 2297, t1) & (4387, 149, 563, t2=t1+(0, 10)) -> (4387, 149, 2297, t3=t2+(1, 6))	2	156
(4662, 173, 4718, t1) & (4662, 150, 4662, t2=t1+(0, 2)) -> (4718, 150, 4662, t3=t2+(1, 3))	2	157
(548, 119, 3218, t1) & (3272, 64, 548, t2=t1+(0, 4)) -> (548, 119, 548, t3=t2+(1, 5))	2	158
(4791, 163, 4985, t1) & (4985, 94, 4985, t2=t1+(0, 4)) -> (4985, 163, 4791, t3=t2+(1, 5))	2	159
(2676, 95, 2416, t1) & (3886, 95, 2416, t2=t1+(0, 2)) -> (2676, 95, 2676, t3=t2+(1, 6))	2	160
(2420, 118, 2445, t1) & (2420, 124, 2445, t2=t1+(0, 6)) -> (2445, 124, 2445, t3=t2+(1, 5))	2	161
(2480, 129, 1321, t1) & (1321, 51, 1321, t2=t1+(0, 5)) -> (1321, 51, 1321, t3=t2+(1, 5))	2	162
(4883, 92, 1330, t1) & (4883, 65, 4883, t2=t1+(0, 7)) -> (4883, 92, 4883, t3=t2+(1, 5))	2	163
(1968, 101, 57, t1) & (57, 22, 57, t2=t1+(0, 8)) -> (57, 101, 57, t3=t2+(1, 1))	2	164
(575, 119, 4103, t1) & (575, 190, 4765, t2=t1+(0, 2)) -> (4765, 190, 575, t3=t2+(1, 5))	2	165
(2293, 171, 3170, t1) & (2293, 162, 1687, t2=t1+(0, 7)) -> (1687, 171, 3170, t3=t2+(1, 3))	2	166
(2909, 88, 4107, t1) & (4107, 85, 3461, t2=t1+(0, 4)) -> (2909, 88, 2909, t3=t2+(1, 2))	2	167
(2048, 40, 544, t1) & (544, 137, 544, t2=t1+(0, 2)) -> (2048, 137, 544, t3=t2+(1, 7))	2	168
(2390, 107, 2615, t1) & (2615, 165, 2390, t2=t1+(0, 0)) -> (2390, 165, 2390, t3=t2+(1, 2))	2	169
(2931, 128, 4355, t1) & (3088, 125, 2931, t2=t1+(0, 3)) -> (2931, 128, 3088, t3=t2+(1, 9))	2	170
(4078, 129, 4659, t1) & (4659, 145, 4400, t2=t1+(0, 2)) -> (4400, 145, 4659, t3=t2+(1, 3))	2	171
(4465, 72, 2223, t1) & (1830, 121, 4465, t2=t1+(0, 4)) -> (2223, 121, 1830, t3=t2+(1, 9))	2	172
(3883, 110, 4001, t1) & (4001, 69, 3883, t2=t1+(0, 9)) -> (3883, 110, 4001, t3=t2+(1, 4))	2	173
(2160, 114, 389, t1) & (1191, 20, 389, t2=t1+(0, 4)) -> (389, 114, 1191, t3=t2+(1, 7))	2	174
(3673, 163, 2676, t1) & (2605, 90, 3673, t2=t1+(0, 7)) -> (3673, 163, 3673, t3=t2+(1, 3))	2	175
(1794, 93, 4851, t1) & (2121, 22, 4851, t2=t1+(0, 2)) -> (4851, 22, 4851, t3=t2+(1, 11))	2	176
(2626, 79, 785, t1) & (4111, 110, 2626, t2=t1+(0, 5)) -> (2626, 79, 2626, t3=t2+(1, 3))	2	177
(1949, 177, 178, t1) & (1949, 73, 1949, t2=t1+(0, 4)) -> (1949, 177, 1949, t3=t2+(1, 6))	2	178
(3126, 57, 4881, t1) & (4881, 122, 178, t2=t1+(0, 2)) -> (178, 57, 4881, t3=t2+(1, 3))	2	179
(1817, 37, 3623, t1) & (2420, 173, 3623, t2=t1+(0, 5)) -> (1817, 173, 2420, t3=t2+(1, 5))	2	180
(2782, 118, 493, t1) & (493, 154, 2782, t2=t1+(0, 1)) -> (493, 154, 493, t3=t2+(1, 6))	2	181
(1296, 46, 3990, t1) & (3990, 62, 1296, t2=t1+(0, 7)) -> (1296, 46, 3990, t3=t2+(1, 6))	2	182
(1146, 147, 4022, t1) & (1146, 22, 4022, t2=t1+(0, 3)) -> (1146, 147, 4022, t3=t2+(1, 3))	2	183
(4507, 183, 2452, t1) & (550, 121, 2452, t2=t1+(0, 11)) -> (2452, 121, 2452, t3=t2+(1, 7))	2	184
(4573, 119, 1191, t1) & (1191, 97, 4573, t2=t1+(0, 5)) -> (1191, 97, 1191, t3=t2+(1, 2))	2	185
(1379, 176, 3088, t1) & (1571, 163, 3088, t2=t1+(0, 8)) -> (1379, 163, 3088, t3=t2+(1, 6))	2	186
(1787, 165, 22, t1) & (22, 21, 22, t2=t1+(0, 2)) -> (22, 165, 22, t3=t2+(1, 5))	2	187
(910, 128, 4854, t1) & (910, 29, 2579, t2=t1+(0, 8)) -> (910, 128, 2579, t3=t2+(1, 3))	2	188
(4507, 4, 725, t1) & (4507, 96, 4507, t2=t1+(0, 6)) -> (4507, 96, 4507, t3=t2+(1, 7))	2	189
(4440, 159, 521, t1) & (4440, 31, 3294, t2=t1+(0, 4)) -> (521, 31, 3294, t3=t2+(1, 6))	2	190
(1968, 127, 3260, t1) & (3260, 6, 4261, t2=t1+(0, 2)) -> (3260, 127, 1968, t3=t2+(1, 9))	2	191
(2865, 64, 4741, t1) & (4741, 197, 2865, t2=t1+(0, 8)) -> (2865, 64, 4741, t3=t2+(1, 1))	2	192
(1372, 120, 1611, t1) & (3152, 92, 1372, t2=t1+(0, 7)) -> (1611, 92, 3152, t3=t2+(1, 2))	2	193
(4638, 127, 3724, t1) & (1401, 108, 3724, t2=t1+(0, 7)) -> (3724, 108, 4638, t3=t2+(1, 2))	2	194
(2517, 177, 2368, t1) & (2626, 128, 2517, t2=t1+(0, 3)) -> (2517, 177, 2517, t3=t2+(1, 2))	2	195
(207, 92, 460, t1) & (207, 183, 207, t2=t1+(0, 4)) -> (207, 92, 207, t3=t2+(1, 9))	2	196
(2368, 148, 4423, t1) & (2368, 108, 2368, t2=t1+(0, 2)) -> (4423, 108, 2368, t3=t2+(1, 7))	2	197
(2931, 114, 2831, t1) & (2831, 154, 2831, t2=t1+(0, 4)) -> (2931, 114, 2831, t3=t2+(1, 6))	2	198
(1998, 79, 992, t1) & (1998, 177, 992, t2=t1+(0, 10)) -> (1998, 79, 1998, t3=t2+(1, 4))	2	199
(4387, 109, 364, t1) -> (364, 109, 364, t2=t1+(1, 15))	1	200
(3300, 165, 2575, t1) -> (3300, 165, 2575, t2=t1+(1, 7))	1	201
(1072, 50, 399, t1) -> (399, 50, 1072, t2=t1+(1, 1))	1	202
(2538, 163, 1891, t1) -> (2538, 163, 1891, t2=t1+(1, 4))	1	203
(725, 121, 2813, t1) -> (725, 121, 2813, t2=t1+(1, 6))	1	204
(4326, 37, 3621, t1) -> (3621, 37, 4326, t2=t1+(1, 9))	1	205
(3126, 21, 1885, t1) -> (1885, 21, 3126, t2=t1+(1, 6))	1	206
(865, 50, 3736, t1) -> (3736, 50, 865, t2=t1+(1, 4))	1	207
(1197, 5, 548, t1) -> (1197, 5, 548, t2=t1+(1, 3))	1	208
(4000, 119, 2613, t1) -> (2613, 119, 2613, t2=t1+(1, 2))	1	209
(3410, 119, 4026, t1) -> (4026, 119, 4026, t2=t1+(1, 7))	1	210
(4190, 22, 287, t1) -> (287, 22, 287, t2=t1+(1, 3))	1	211
(4432, 50, 389, t1) -> (389, 50, 389, t2=t1+(1, 11))	1	212
(2955, 29, 2439, t1) -> (2955, 29, 2439, t2=t1+(1, 3))	1	213
(4640, 5, 3156, t1) -> (4640, 5, 3156, t2=t1+(1, 3))	1	214
(2128, 163, 1964, t1) -> (2128, 163, 2128, t2=t1+(1, 5))	1	215
(3256, 183, 4656, t1) -> (4656, 183, 4656, t2=t1+(1, 4))	1	216
(2176, 68, 1571, t1) -> (2176, 68, 1571, t2=t1+(1, 2))	1	217
(2180, 191, 1433, t1) -> (2180, 191, 2180, t2=t1+(1, 5))	1	218
(347, 124, 1571, t1) -> (1571, 124, 347, t2=t1+(1, 3))	1	219
(4881, 128, 518, t1) -> (4881, 128, 4881, t2=t1+(1, 6))	1	220
(2121, 32, 1679, t1) -> (1679, 32, 1679, t2=t1+(1, 7))	1	221
(4038, 21, 228, t1) -> (228, 21, 228, t2=t1+(1, 5))	1	222
(2931, 54, 2270, t1) -> (2270, 54, 2931, t2=t1+(1, 2))	1	223
(4006, 190, 3330, t1) -> (4006, 190, 4006, t2=t1+(1, 3))	1	224
(4526, 109, 305, t1) -> (4526, 109, 4526, t2=t1+(1, 13))	1	225
(4581, 123, 377, t1) -> (377, 123, 4581, t2=t1+(1, 3))	1	226
(372, 92, 1777, t1) -> (1777, 92, 1777, t2=t1+(1, 5))	1	227
(4213, 136, 2420, t1) -> (4213, 136, 4213, t2=t1+(1, 7))	1	228
(1004, 163, 4417, t1) -> (4417, 163, 4417, t2=t1+(1, 2))	1	229
(2297, 38, 3016, t1) -> (3016, 38, 3016, t2=t1+(1, 6))	1	230
(3592, 133, 1964, t1) -> (3592, 133, 1964, t2=t1+(1, 7))	1	231
(1998, 94, 2838, t1) -> (1998, 94, 2838, t2=t1+(1, 7))	1	232
(42, 152, 4882, t1) -> (4882, 152, 4882, t2=t1+(1, 7))	1	233
(622, 143, 2332, t1) -> (622, 143, 622, t2=t1+(1, 6))	1	234
(2605, 163, 4403, t1) -> (4403, 163, 2605, t2=t1+(1, 3))	1	235
(3573, 73, 805, t1) -> (805, 73, 805, t2=t1+(1, 5))	1	236
(3540, 109, 2974, t1) -> (3540, 109, 3540, t2=t1+(1, 4))	1	237
(3256, 45, 599, t1) -> (599, 45, 3256, t2=t1+(1, 1))	1	238
(4640, 157, 3538, t1) -> (3538, 157, 4640, t2=t1+(1, 7))	1	239
(662, 173, 2334, t1) -> (662, 173, 662, t2=t1+(1, 5))	1	240
(2412, 29, 2297, t1) -> (2412, 29, 2412, t2=t1+(1, 4))	1	241
(2513, 190, 2270, t1) -> (2513, 190, 2513, t2=t1+(1, 8))	1	242
(4138, 50, 3843, t1) -> (3843, 50, 4138, t2=t1+(1, 3))	1	243
(2149, 161, 3151, t1) -> (3151, 161, 2149, t2=t1+(1, 7))	1	244
(3025, 118, 4465, t1) -> (4465, 118, 3025, t2=t1+(1, 4))	1	245
(3375, 9, 49, t1) -> (3375, 9, 3375, t2=t1+(1, 3))	1	246
(1942, 104, 562, t1) -> (1942, 104, 1942, t2=t1+(1, 4))	1	247
(4681, 189, 4333, t1) -> (4333, 189, 4681, t2=t1+(1, 4))	1	248
(2160, 123, 34, t1) -> (34, 123, 2160, t2=t1+(1, 5))	1	249
(22, 9, 3088, t1) -> (22, 9, 3088, t2=t1+(1, 8))	1	250
(1489, 94, 4904, t1) -> (4904, 94, 4904, t2=t1+(1, 5))	1	251
(3640, 106, 2784, t1) -> (2784, 106, 2784, t2=t1+(1, 6))	1	252
(1109, 176, 887, t1) -> (1109, 176, 1109, t2=t1+(1, 1))	1	253
(4167, 123, 488, t1) -> (4167, 123, 488, t2=t1+(1, 8))	1	254
(2931, 119, 1489, t1) -> (1489, 119, 1489, t2=t1+(1, 4))	1	255
(3322, 121, 488, t1) -> (488, 121, 3322, t2=t1+(1, 9))	1	256
(4037, 96, 285, t1) -> (285, 96, 4037, t2=t1+(1, 4))	1	257
(662, 110, 586, t1) -> (586, 110, 586, t2=t1+(1, 9))	1	258
(1580, 173, 2931, t1) -> (2931, 173, 2931, t2=t1+(1, 8))	1	259
(2596, 132, 1830, t1) -> (2596, 132, 1830, t2=t1+(1, 7))	1	260
(4213, 21, 1963, t1) -> (1963, 21, 1963, t2=t1+(1, 7))	1	261
(3029, 109, 4501, t1) -> (4501, 109, 3029, t2=t1+(1, 6))	1	262
(3673, 91, 4355, t1) -> (3673, 91, 3673, t2=t1+(1, 3))	1	263
(2297, 79, 3724, t1) -> (3724, 79, 3724, t2=t1+(1, 3))	1	264
(4177, 108, 4985, t1) -> (4985, 108, 4985, t2=t1+(1, 6))	1	265
(556, 151, 3093, t1) -> (556, 151, 3093, t2=t1+(1, 5))	1	266
(3911, 173, 3294, t1) -> (3911, 173, 3911, t2=t1+(1, 1))	1	267
(4078, 87, 563, t1) -> (563, 87, 563, t2=t1+(1, 5))	1	268
(3821, 51, 1986, t1) -> (3821, 51, 3821, t2=t1+(1, 2))	1	269
(2931, 69, 4049, t1) -> (2931, 69, 2931, t2=t1+(1, 6))	1	270
(1580, 124, 550, t1) -> (550, 124, 1580, t2=t1+(1, 4))	1	271
(1385, 140, 1306, t1) -> (1306, 140, 1385, t2=t1+(1, 2))	1	272
(3170, 62, 488, t1) -> (488, 62, 3170, t2=t1+(1, 5))	1	273
(699, 54, 694, t1) -> (699, 54, 694, t2=t1+(1, 6))	1	274
(3805, 175, 3272, t1) -> (3272, 175, 3805, t2=t1+(1, 5))	1	275
(1004, 197, 4805, t1) -> (1004, 197, 4805, t2=t1+(1, 6))	1	276
(453, 138, 563, t1) -> (563, 138, 563, t2=t1+(1, 3))	1	277
(2626, 119, 989, t1) -> (2626, 119, 989, t2=t1+(1, 5))	1	278
(3877, 190, 1179, t1) -> (1179, 190, 3877, t2=t1+(1, 4))	1	279
(2, 50, 548, t1) -> (2, 50, 2, t2=t1+(1, 4))	1	280
(2445, 44, 3210, t1) -> (2445, 44, 3210, t2=t1+(1, 9))	1	281
(4984, 117, 2517, t1) -> (4984, 117, 4984, t2=t1+(1, 10))	1	282
(3815, 109, 4276, t1) -> (4276, 109, 3815, t2=t1+(1, 6))	1	283
(3507, 109, 4150, t1) -> (3507, 109, 3507, t2=t1+(1, 1))	1	284
(1792, 195, 2270, t1) -> (1792, 195, 2270, t2=t1+(1, 3))	1	285
(3152, 118, 3375, t1) -> (3152, 118, 3152, t2=t1+(1, 4))	1	286
(4079, 84, 1580, t1) -> (4079, 84, 1580, t2=t1+(1, 3))	1	287
(2416, 154, 4324, t1) -> (2416, 154, 2416, t2=t1+(1, 6))	1	288
(4793, 118, 3483, t1) -> (3483, 118, 4793, t2=t1+(1, 3))	1	289
(4387, 29, 3029, t1) -> (4387, 29, 3029, t2=t1+(1, 7))	1	290
(785, 110, 4195, t1) -> (4195, 110, 785, t2=t1+(1, 6))	1	291
(548, 12, 2579, t1) -> (548, 12, 2579, t2=t1+(1, 7))	1	292
(4878, 110, 57, t1) -> (4878, 110, 57, t2=t1+(1, 6))	1	293
(1590, 1, 4642, t1) -> (4642, 1, 4642, t2=t1+(1, 3))	1	294
(548, 9, 2513, t1) -> (2513, 9, 548, t2=t1+(1, 4))	1	295
(708, 61, 1747, t1) -> (708, 61, 1747, t2=t1+(1, 4))	1	296
(4326, 4, 879, t1) -> (4326, 4, 879, t2=t1+(1, 5))	1	297
(660, 195, 52, t1) -> (660, 195, 660, t2=t1+(1, 2))	1	298
(4094, 119, 2130, t1) -> (4094, 119, 2130, t2=t1+(1, 4))	1	299
