(4504, 197, 1362, t1) & (3722, 170, 348, t2=t1+(0, 1)) & (4504, 71, 348, t3=t2+(0, 7)) -> (3722, 170, 1362, t4=t3+(1, 3))	3	0
(67, 184, 2011, t1) & (627, 108, 1977, t2=t1+(0, 4)) & (1977, 44, 2011, t3=t2+(0, 6)) -> (67, 108, 627, t4=t3+(1, 4))	3	1
(4594, 171, 291, t1) & (3836, 94, 1735, t2=t1+(0, 4)) & (3836, 0, 4594, t3=t2+(0, 4)) -> (291, 171, 4594, t4=t3+(1, 3))	3	2
(3195, 16, 265, t1) & (1533, 180, 2017, t2=t1+(0, 8)) & (3195, 78, 1533, t3=t2+(0, 5)) -> (1533, 16, 1533, t4=t3+(1, 4))	3	3
(2478, 172, 4614, t1) & (2822, 172, 3151, t2=t1+(0, 6)) & (2478, 153, 2822, t3=t2+(0, 3)) -> (2478, 153, 4614, t4=t3+(1, 3))	3	4
(751, 65, 4510, t1) & (2526, 9, 2667, t2=t1+(0, 3)) & (2667, 93, 4510, t3=t2+(0, 3)) -> (2667, 93, 751, t4=t3+(1, 5))	3	5
(4007, 7, 3988, t1) & (4764, 164, 1148, t2=t1+(0, 2)) & (4007, 15, 1148, t3=t2+(0, 10)) -> (4764, 7, 4007, t4=t3+(1, 10))	3	6
(2017, 76, 4117, t1) & (4228, 13, 4785, t2=t1+(0, 9)) & (4117, 87, 4785, t3=t2+(0, 2)) -> (4117, 87, 4228, t4=t3+(1, 4))	3	7
(3419, 116, 2360, t1) & (3744, 64, 2749, t2=t1+(0, 6)) & (3419, 181, 2749, t3=t2+(0, 5)) -> (2749, 181, 2749, t4=t3+(1, 3))	3	8
(3606, 23, 153, t1) & (2921, 59, 3661, t2=t1+(0, 3)) & (153, 97, 2921, t3=t2+(0, 7)) -> (153, 97, 153, t4=t3+(1, 5))	3	9
(4701, 131, 2594, t1) & (1068, 115, 368, t2=t1+(0, 8)) & (2594, 51, 368, t3=t2+(0, 4)) -> (2594, 51, 368, t4=t3+(1, 7))	3	10
(4315, 11, 4705, t1) & (4467, 110, 915, t2=t1+(0, 1)) & (4315, 144, 915, t3=t2+(0, 6)) -> (4467, 110, 915, t4=t3+(1, 2))	3	11
(3936, 193, 1709, t1) & (2253, 54, 4818, t2=t1+(0, 6)) & (1709, 67, 4818, t3=t2+(0, 5)) -> (1709, 54, 2253, t4=t3+(1, 7))	3	12
(345, 99, 452, t1) & (4565, 146, 423, t2=t1+(0, 6)) & (423, 155, 452, t3=t2+(0, 5)) -> (345, 99, 4565, t4=t3+(1, 4))	3	13
(3936, 166, 39, t1) & (3219, 116, 2866, t2=t1+(0, 5)) & (2866, 165, 39, t3=t2+(0, 6)) -> (2866, 165, 3219, t4=t3+(1, 5))	3	14
(3039, 182, 2923, t1) & (683, 116, 1863, t2=t1+(0, 1)) & (2923, 140, 683, t3=t2+(0, 6)) -> (683, 140, 1863, t4=t3+(1, 2))	3	15
(2849, 98, 915, t1) & (3498, 8, 2709, t2=t1+(0, 4)) & (3498, 143, 915, t3=t2+(0, 3)) -> (2849, 8, 3498, t4=t3+(1, 6))	3	16
(3780, 97, 1097, t1) & (2988, 20, 4627, t2=t1+(0, 3)) & (1097, 2, 2988, t3=t2+(0, 9)) -> (3780, 97, 3780, t4=t3+(1, 4))	3	17
(3106, 3, 2814, t1) & (873, 54, 3332, t2=t1+(0, 3)) & (2814, 135, 873, t3=t2+(0, 6)) -> (2814, 3, 873, t4=t3+(1, 4))	3	18
(1660, 62, 3454, t1) & (2015, 98, 4045, t2=t1+(0, 3)) & (2015, 88, 3454, t3=t2+(0, 4)) -> (3454, 88, 2015, t4=t3+(1, 7))	3	19
(4651, 3, 4293, t1) & (1392, 197, 572, t2=t1+(0, 4)) & (4651, 19, 572, t3=t2+(0, 5)) -> (4293, 3, 1392, t4=t3+(1, 5))	3	20
(3606, 184, 4627, t1) & (3606, 14, 53, t2=t1+(0, 7)) & (53, 137, 4627, t3=t2+(0, 5)) -> (3606, 137, 4627, t4=t3+(1, 4))	3	21
(4910, 187, 4795, t1) & (1816, 89, 1216, t2=t1+(0, 8)) & (4795, 108, 1816, t3=t2+(0, 8)) -> (1216, 108, 4795, t4=t3+(1, 7))	3	22
(766, 20, 4839, t1) & (1660, 32, 2542, t2=t1+(0, 4)) & (766, 20, 1660, t3=t2+(0, 5)) -> (1660, 20, 1660, t4=t3+(1, 7))	3	23
(3252, 105, 2338, t1) & (470, 23, 4594, t2=t1+(0, 4)) & (2338, 129, 470, t3=t2+(0, 7)) -> (2338, 129, 4594, t4=t3+(1, 9))	3	24
(265, 161, 4441, t1) & (4760, 65, 3332, t2=t1+(0, 3)) & (265, 156, 4760, t3=t2+(0, 5)) -> (4441, 156, 265, t4=t3+(1, 3))	3	25
(3911, 147, 2292, t1) & (3836, 111, 566, t2=t1+(0, 5)) & (3911, 38, 3836, t3=t2+(0, 7)) -> (3911, 111, 3911, t4=t3+(1, 10))	3	26
(291, 143, 627, t1) & (1316, 83, 4939, t2=t1+(0, 0)) & (627, 10, 1316, t3=t2+(0, 4)) -> (627, 10, 4939, t4=t3+(1, 5))	3	27
(2912, 144, 3057, t1) & (2807, 115, 2542, t2=t1+(0, 8)) & (2912, 66, 2542, t3=t2+(0, 5)) -> (3057, 115, 3057, t4=t3+(1, 6))	3	28
(4936, 14, 2560, t1) & (4594, 57, 3424, t2=t1+(0, 8)) & (4594, 107, 2560, t3=t2+(0, 3)) -> (2560, 14, 3424, t4=t3+(1, 6))	3	29
(3683, 109, 1575, t1) & (3708, 167, 4723, t2=t1+(0, 4)) & (4723, 101, 3683, t3=t2+(0, 2)) -> (4723, 109, 3708, t4=t3+(1, 6))	3	30
(3498, 162, 4007, t1) & (1535, 190, 1793, t2=t1+(0, 7)) & (4007, 79, 1535, t3=t2+(0, 1)) -> (1535, 190, 1793, t4=t3+(1, 5))	3	31
(3166, 89, 1097, t1) & (2297, 26, 1635, t2=t1+(0, 8)) & (3166, 139, 1635, t3=t2+(0, 3)) -> (3166, 139, 2297, t4=t3+(1, 3))	3	32
(3887, 128, 2539, t1) & (4605, 82, 4060, t2=t1+(0, 7)) & (3887, 197, 4605, t3=t2+(0, 3)) -> (3887, 128, 4060, t4=t3+(1, 5))	3	33
(600, 87, 349, t1) & (2988, 69, 1093, t2=t1+(0, 7)) & (1093, 174, 600, t3=t2+(0, 3)) -> (1093, 174, 2988, t4=t3+(1, 3))	3	34
(4582, 125, 1929, t1) & (1575, 13, 2709, t2=t1+(0, 2)) & (1929, 87, 2709, t3=t2+(0, 6)) -> (2709, 13, 2709, t4=t3+(1, 1))	3	35
(4747, 197, 1734, t1) & (1011, 90, 966, t2=t1+(0, 8)) & (4747, 193, 1011, t3=t2+(0, 3)) -> (1011, 193, 1011, t4=t3+(1, 6))	3	36
(992, 76, 4862, t1) & (2880, 7, 1098, t2=t1+(0, 2)) & (992, 173, 1098, t3=t2+(0, 3)) -> (992, 76, 4862, t4=t3+(1, 4))	3	37
(4719, 7, 4630, t1) & (3435, 107, 2758, t2=t1+(0, 4)) & (4719, 124, 2758, t3=t2+(0, 6)) -> (2758, 124, 4630, t4=t3+(1, 9))	3	38
(1636, 8, 1450, t1) & (1987, 8, 3601, t2=t1+(0, 4)) & (1450, 99, 3601, t3=t2+(0, 6)) -> (1450, 8, 3601, t4=t3+(1, 7))	3	39
(2539, 6, 4127, t1) & (2399, 130, 3936, t2=t1+(0, 3)) & (2399, 62, 2539, t3=t2+(0, 3)) -> (2399, 62, 2539, t4=t3+(1, 10))	3	40
(53, 109, 1734, t1) & (3606, 145, 4311, t2=t1+(0, 2)) & (3606, 34, 53, t3=t2+(0, 4)) -> (53, 34, 3606, t4=t3+(1, 5))	3	41
(1297, 45, 4102, t1) & (2749, 12, 1863, t2=t1+(0, 6)) & (2749, 7, 1297, t3=t2+(0, 3)) -> (4102, 45, 1297, t4=t3+(1, 4))	3	42
(1575, 142, 2996, t1) & (4344, 180, 3744, t2=t1+(0, 6)) & (3744, 156, 1575, t3=t2+(0, 3)) -> (3744, 156, 1575, t4=t3+(1, 4))	3	43
(2155, 60, 1014, t1) & (3380, 16, 2795, t2=t1+(0, 8)) & (3380, 30, 1014, t3=t2+(0, 5)) -> (2155, 16, 3380, t4=t3+(1, 8))	3	44
(1774, 170, 3836, t1) & (2017, 184, 3936, t2=t1+(0, 7)) & (3936, 143, 1774, t3=t2+(0, 6)) -> (3936, 143, 2017, t4=t3+(1, 2))	3	45
(3270, 33, 1635, t1) & (1348, 191, 2325, t2=t1+(0, 8)) & (3270, 100, 1348, t3=t2+(0, 4)) -> (1348, 33, 1348, t4=t3+(1, 2))	3	46
(3594, 120, 3836, t1) & (4155, 154, 1638, t2=t1+(0, 4)) & (3836, 25, 4155, t3=t2+(0, 6)) -> (3836, 120, 3836, t4=t3+(1, 1))	3	47
(2130, 106, 1635, t1) & (2788, 40, 1392, t2=t1+(0, 3)) & (1635, 94, 2788, t3=t2+(0, 8)) -> (1635, 94, 1392, t4=t3+(1, 4))	3	48
(4840, 68, 3429, t1) & (3001, 172, 1548, t2=t1+(0, 8)) & (4840, 50, 3001, t3=t2+(0, 4)) -> (3001, 172, 4840, t4=t3+(1, 2))	3	49
(3300, 178, 734, t1) & (2795, 166, 1635, t2=t1+(0, 5)) & (1635, 179, 734, t3=t2+(0, 5)) -> (734, 178, 1635, t4=t3+(1, 6))	3	50
(2419, 35, 3233, t1) & (2170, 153, 4939, t2=t1+(0, 9)) & (4939, 21, 2419, t3=t2+(0, 5)) -> (4939, 153, 4939, t4=t3+(1, 6))	3	51
(4605, 136, 3208, t1) & (825, 193, 3433, t2=t1+(0, 4)) & (3208, 19, 3433, t3=t2+(0, 5)) -> (3433, 19, 4605, t4=t3+(1, 8))	3	52
(2808, 142, 3252, t1) & (1578, 22, 2312, t2=t1+(0, 6)) & (2312, 69, 3252, t3=t2+(0, 3)) -> (3252, 69, 2312, t4=t3+(1, 9))	3	53
(4090, 72, 4329, t1) & (2155, 36, 4524, t2=t1+(0, 2)) & (4329, 175, 4524, t3=t2+(0, 3)) -> (4090, 175, 4329, t4=t3+(1, 4))	3	54
(916, 69, 4609, t1) & (1600, 188, 1923, t2=t1+(0, 5)) & (1600, 156, 916, t3=t2+(0, 0)) -> (1600, 188, 1600, t4=t3+(1, 6))	3	55
(4711, 20, 1936, t1) & (3961, 165, 2996, t2=t1+(0, 4)) & (4711, 87, 2996, t3=t2+(0, 6)) -> (4711, 87, 2996, t4=t3+(1, 4))	3	56
(4775, 164, 3946, t1) & (2378, 117, 1316, t2=t1+(0, 4)) & (3946, 172, 2378, t3=t2+(0, 5)) -> (4775, 164, 3946, t4=t3+(1, 4))	3	57
(3798, 109, 4785, t1) & (3185, 185, 1575, t2=t1+(0, 1)) & (3185, 100, 3798, t3=t2+(0, 9)) -> (3185, 109, 3185, t4=t3+(1, 9))	3	58
(291, 109, 3868, t1) & (2619, 77, 2077, t2=t1+(0, 7)) & (3868, 181, 2077, t3=t2+(0, 7)) -> (2077, 109, 2077, t4=t3+(1, 4))	3	59
(113, 198, 2070, t1) & (2130, 54, 1499, t2=t1+(0, 4)) & (2130, 116, 2070, t3=t2+(0, 3)) -> (2070, 54, 2070, t4=t3+(1, 9))	3	60
(3332, 168, 3371, t1) & (2058, 5, 3836, t2=t1+(0, 4)) & (3836, 157, 3371, t3=t2+(0, 7)) -> (3332, 5, 2058, t4=t3+(1, 3))	3	61
(2795, 143, 4245, t1) & (3853, 100, 4017, t2=t1+(0, 3)) & (4017, 189, 2795, t3=t2+(0, 3)) -> (2795, 189, 4017, t4=t3+(1, 2))	3	62
(4795, 176, 2297, t1) & (2912, 169, 4329, t2=t1+(0, 4)) & (4329, 63, 2297, t3=t2+(0, 6)) -> (4329, 176, 2297, t4=t3+(1, 7))	3	63
(1761, 60, 3332, t1) & (1852, 197, 4017, t2=t1+(0, 3)) & (1761, 9, 1852, t3=t2+(0, 3)) -> (1761, 9, 1761, t4=t3+(1, 3))	3	64
(764, 160, 3488, t1) & (2419, 28, 3498, t2=t1+(0, 2)) & (3488, 77, 3498, t3=t2+(0, 4)) -> (3498, 77, 764, t4=t3+(1, 5))	3	65
(291, 163, 4883, t1) & (723, 58, 2378, t2=t1+(0, 4)) & (723, 168, 4883, t3=t2+(0, 7)) -> (291, 163, 723, t4=t3+(1, 6))	3	66
(20, 194, 572, t1) & (2070, 156, 3963, t2=t1+(0, 5)) & (572, 196, 3963, t3=t2+(0, 4)) -> (2070, 196, 3963, t4=t3+(1, 5))	3	67
(2781, 183, 2560, t1) & (2769, 122, 3606, t2=t1+(0, 7)) & (2781, 24, 3606, t3=t2+(0, 2)) -> (3606, 24, 2781, t4=t3+(1, 1))	3	68
(657, 142, 4870, t1) & (1936, 182, 720, t2=t1+(0, 3)) & (1936, 77, 4870, t3=t2+(0, 1)) -> (1936, 77, 1936, t4=t3+(1, 2))	3	69
(81, 35, 218, t1) & (2966, 94, 827, t2=t1+(0, 5)) & (827, 30, 218, t3=t2+(0, 7)) -> (827, 35, 81, t4=t3+(1, 3))	3	70
(4936, 65, 4, t1) & (4902, 32, 1995, t2=t1+(0, 5)) & (4902, 137, 4, t3=t2+(0, 4)) -> (4, 137, 4902, t4=t3+(1, 1))	3	71
(4775, 17, 41, t1) & (1626, 176, 777, t2=t1+(0, 5)) & (41, 10, 1626, t3=t2+(0, 4)) -> (1626, 10, 777, t4=t3+(1, 7))	3	72
(1693, 195, 4234, t1) & (3151, 57, 572, t2=t1+(0, 4)) & (4234, 27, 3151, t3=t2+(0, 2)) -> (3151, 57, 3151, t4=t3+(1, 5))	3	73
(1163, 5, 3348, t1) & (4635, 107, 2731, t2=t1+(0, 4)) & (3348, 156, 2731, t3=t2+(0, 5)) -> (4635, 107, 3348, t4=t3+(1, 5))	3	74
(830, 104, 3270, t1) & (3606, 125, 423, t2=t1+(0, 4)) & (830, 81, 423, t3=t2+(0, 3)) -> (423, 125, 3606, t4=t3+(1, 9))	3	75
(4723, 195, 825, t1) & (325, 105, 1635, t2=t1+(0, 8)) & (4723, 64, 325, t3=t2+(0, 8)) -> (1635, 195, 325, t4=t3+(1, 3))	3	76
(3661, 107, 2478, t1) & (3837, 73, 3236, t2=t1+(0, 6)) & (3837, 67, 3661, t3=t2+(0, 7)) -> (3837, 67, 3837, t4=t3+(1, 1))	3	77
(2259, 159, 3429, t1) & (2028, 20, 199, t2=t1+(0, 9)) & (199, 110, 3429, t3=t2+(0, 6)) -> (3429, 110, 3429, t4=t3+(1, 7))	3	78
(3315, 161, 758, t1) & (1068, 40, 4582, t2=t1+(0, 3)) & (4582, 45, 3315, t3=t2+(0, 4)) -> (4582, 40, 758, t4=t3+(1, 3))	3	79
(2419, 165, 4916, t1) & (4102, 35, 4795, t2=t1+(0, 5)) & (4916, 23, 4102, t3=t2+(0, 5)) -> (4916, 165, 2419, t4=t3+(1, 5))	3	80
(327, 90, 1833, t1) & (653, 92, 3744, t2=t1+(0, 6)) & (3744, 16, 1833, t3=t2+(0, 7)) -> (3744, 90, 1833, t4=t3+(1, 4))	3	81
(2749, 107, 736, t1) & (972, 157, 3698, t2=t1+(0, 4)) & (972, 38, 2749, t3=t2+(0, 4)) -> (2749, 107, 972, t4=t3+(1, 9))	3	82
(2832, 172, 3498, t1) & (3233, 190, 1816, t2=t1+(0, 5)) & (3233, 157, 2832, t3=t2+(0, 9)) -> (2832, 190, 1816, t4=t3+(1, 5))	3	83
(3606, 157, 3836, t1) & (4348, 132, 3153, t2=t1+(0, 5)) & (3153, 153, 3606, t3=t2+(0, 5)) -> (3836, 153, 3606, t4=t3+(1, 7))	3	84
(4117, 177, 4311, t1) & (2924, 191, 1098, t2=t1+(0, 8)) & (2924, 117, 4311, t3=t2+(0, 8)) -> (4311, 117, 1098, t4=t3+(1, 1))	3	85
(1655, 0, 4017, t1) & (2297, 90, 4007, t2=t1+(0, 7)) & (1655, 151, 4007, t3=t2+(0, 5)) -> (1655, 0, 2297, t4=t3+(1, 5))	3	86
(2222, 191, 731, t1) & (3708, 124, 2451, t2=t1+(0, 9)) & (3708, 112, 2222, t3=t2+(0, 1)) -> (3708, 124, 2222, t4=t3+(1, 4))	3	87
(3179, 47, 4795, t1) & (2613, 189, 4247, t2=t1+(0, 6)) & (4247, 188, 3179, t3=t2+(0, 5)) -> (3179, 47, 4247, t4=t3+(1, 4))	3	88
(4994, 190, 791, t1) & (1578, 150, 3151, t2=t1+(0, 2)) & (3151, 77, 791, t3=t2+(0, 2)) -> (791, 77, 791, t4=t3+(1, 3))	3	89
(1636, 164, 4524, t1) & (1548, 76, 4045, t2=t1+(0, 4)) & (1636, 43, 1548, t3=t2+(0, 4)) -> (1636, 43, 1636, t4=t3+(1, 4))	3	90
(1156, 85, 4704, t1) & (1977, 134, 3513, t2=t1+(0, 7)) & (3513, 4, 4704, t3=t2+(0, 7)) -> (3513, 4, 4704, t4=t3+(1, 9))	3	91
(423, 149, 59, t1) & (4245, 6, 3833, t2=t1+(0, 6)) & (4245, 118, 59, t3=t2+(0, 4)) -> (4245, 6, 59, t4=t3+(1, 9))	3	92
(3466, 84, 3770, t1) & (321, 74, 972, t2=t1+(0, 4)) & (3466, 194, 321, t3=t2+(0, 4)) -> (321, 74, 3770, t4=t3+(1, 5))	3	93
(1931, 5, 1323, t1) & (1806, 186, 1575, t2=t1+(0, 9)) & (1806, 98, 1931, t3=t2+(0, 4)) -> (1806, 186, 1806, t4=t3+(1, 5))	3	94
(3501, 157, 1316, t1) & (607, 117, 4565, t2=t1+(0, 5)) & (607, 162, 1316, t3=t2+(0, 6)) -> (1316, 117, 1316, t4=t3+(1, 3))	3	95
(3606, 158, 2013, t1) & (3151, 108, 1793, t2=t1+(0, 4)) & (2013, 103, 3151, t3=t2+(0, 6)) -> (1793, 108, 2013, t4=t3+(1, 9))	3	96
(827, 99, 1660, t1) & (1219, 73, 4428, t2=t1+(0, 6)) & (4428, 33, 1660, t3=t2+(0, 1)) -> (1660, 73, 827, t4=t3+(1, 2))	3	97
(3820, 156, 1444, t1) & (3526, 74, 1600, t2=t1+(0, 5)) & (3820, 7, 3526, t3=t2+(0, 9)) -> (1444, 156, 3820, t4=t3+(1, 3))	3	98
(3060, 164, 993, t1) & (2306, 172, 4247, t2=t1+(0, 14)) & (2306, 18, 3060, t3=t2+(0, 1)) -> (3060, 172, 993, t4=t3+(1, 8))	3	99
(4372, 48, 137, t1) & (137, 25, 137, t2=t1+(0, 3)) -> (137, 25, 137, t3=t2+(1, 5))	2	100
(637, 134, 963, t1) & (3580, 20, 963, t2=t1+(0, 5)) -> (637, 20, 963, t3=t2+(1, 10))	2	101
(1655, 31, 4369, t1) & (4369, 106, 4369, t2=t1+(0, 4)) -> (4369, 31, 4369, t3=t2+(1, 5))	2	102
(4141, 194, 1676, t1) & (2037, 129, 4141, t2=t1+(0, 6)) -> (4141, 129, 4141, t3=t2+(1, 8))	2	103
(1068, 123, 4939, t1) & (4939, 14, 4343, t2=t1+(0, 7)) -> (4939, 14, 4939, t3=t2+(1, 2))	2	104
(1575, 71, 4055, t1) & (4055, 141, 4055, t2=t1+(0, 7)) -> (4055, 71, 1575, t3=t2+(1, 6))	2	105
(53, 57, 751, t1) & (751, 35, 751, t2=t1+(0, 6)) -> (751, 57, 751, t3=t2+(1, 6))	2	106
(774, 145, 1480, t1) & (442, 108, 1480, t2=t1+(0, 8)) -> (1480, 108, 442, t3=t2+(1, 5))	2	107
(3301, 98, 2739, t1) & (3301, 49, 2739, t2=t1+(0, 5)) -> (3301, 98, 3301, t3=t2+(1, 5))	2	108
(4994, 48, 4870, t1) & (4870, 12, 4404, t2=t1+(0, 1)) -> (4870, 48, 4994, t3=t2+(1, 5))	2	109
(1602, 47, 291, t1) & (4045, 102, 291, t2=t1+(0, 5)) -> (1602, 102, 291, t3=t2+(1, 2))	2	110
(352, 78, 2374, t1) & (352, 158, 345, t2=t1+(0, 12)) -> (2374, 78, 2374, t3=t2+(1, 7))	2	111
(4450, 77, 1806, t1) & (1912, 85, 4450, t2=t1+(0, 3)) -> (4450, 85, 1912, t3=t2+(1, 8))	2	112
(4781, 163, 2450, t1) & (2450, 115, 3887, t2=t1+(0, 8)) -> (2450, 163, 2450, t3=t2+(1, 6))	2	113
(3116, 158, 3445, t1) & (3445, 125, 2056, t2=t1+(0, 3)) -> (3116, 125, 3445, t3=t2+(1, 2))	2	114
(3240, 84, 3203, t1) & (4369, 106, 3203, t2=t1+(0, 4)) -> (4369, 106, 3203, t3=t2+(1, 9))	2	115
(4586, 199, 2516, t1) & (4586, 29, 4441, t2=t1+(0, 5)) -> (4586, 29, 4586, t3=t2+(1, 3))	2	116
(2779, 106, 3833, t1) & (1923, 32, 3833, t2=t1+(0, 3)) -> (2779, 32, 3833, t3=t2+(1, 6))	2	117
(3132, 87, 2194, t1) & (3132, 80, 2194, t2=t1+(0, 5)) -> (3132, 87, 3132, t3=t2+(1, 8))	2	118
(2409, 127, 4189, t1) & (4189, 67, 916, t2=t1+(0, 4)) -> (2409, 67, 4189, t3=t2+(1, 6))	2	119
(4574, 170, 4639, t1) & (2260, 106, 4574, t2=t1+(0, 4)) -> (2260, 106, 4574, t3=t2+(1, 5))	2	120
(4081, 88, 2516, t1) & (2516, 50, 963, t2=t1+(0, 7)) -> (2516, 50, 4081, t3=t2+(1, 6))	2	121
(4781, 160, 3429, t1) & (3429, 198, 4781, t2=t1+(0, 2)) -> (4781, 160, 3429, t3=t2+(1, 4))	2	122
(1202, 32, 2779, t1) & (1202, 160, 1316, t2=t1+(0, 5)) -> (2779, 32, 1202, t3=t2+(1, 9))	2	123
(462, 6, 4540, t1) & (4540, 171, 2978, t2=t1+(0, 3)) -> (4540, 6, 4540, t3=t2+(1, 5))	2	124
(4994, 138, 4785, t1) & (4994, 166, 4785, t2=t1+(0, 4)) -> (4785, 166, 4785, t3=t2+(1, 6))	2	125
(3114, 24, 1281, t1) & (3114, 191, 1233, t2=t1+(0, 4)) -> (3114, 191, 3114, t3=t2+(1, 3))	2	126
(396, 170, 2419, t1) & (396, 59, 3660, t2=t1+(0, 4)) -> (396, 59, 396, t3=t2+(1, 8))	2	127
(4616, 172, 901, t1) & (901, 50, 4927, t2=t1+(0, 3)) -> (901, 172, 901, t3=t2+(1, 7))	2	128
(3060, 108, 4311, t1) & (4311, 152, 4994, t2=t1+(0, 4)) -> (4311, 108, 4311, t3=t2+(1, 5))	2	129
(1401, 8, 1869, t1) & (470, 173, 1401, t2=t1+(0, 7)) -> (1869, 173, 470, t3=t2+(1, 8))	2	130
(1751, 183, 4185, t1) & (4185, 73, 4185, t2=t1+(0, 2)) -> (1751, 183, 1751, t3=t2+(1, 5))	2	131
(3371, 98, 2023, t1) & (3371, 44, 3495, t2=t1+(0, 5)) -> (3371, 44, 2023, t3=t2+(1, 3))	2	132
(2037, 198, 4622, t1) & (2037, 25, 1642, t2=t1+(0, 5)) -> (2037, 198, 1642, t3=t2+(1, 3))	2	133
(644, 85, 386, t1) & (644, 141, 3332, t2=t1+(0, 5)) -> (644, 141, 3332, t3=t2+(1, 7))	2	134
(640, 71, 4062, t1) & (4062, 145, 640, t2=t1+(0, 5)) -> (640, 71, 4062, t3=t2+(1, 5))	2	135
(3045, 71, 736, t1) & (736, 57, 736, t2=t1+(0, 9)) -> (3045, 71, 3045, t3=t2+(1, 5))	2	136
(4994, 3, 3936, t1) & (3936, 62, 1636, t2=t1+(0, 8)) -> (3936, 3, 3936, t3=t2+(1, 4))	2	137
(2781, 86, 4010, t1) & (4010, 192, 401, t2=t1+(0, 4)) -> (4010, 86, 4010, t3=t2+(1, 3))	2	138
(1635, 125, 291, t1) & (291, 89, 2788, t2=t1+(0, 8)) -> (291, 125, 291, t3=t2+(1, 8))	2	139
(2715, 82, 2419, t1) & (2419, 42, 2419, t2=t1+(0, 7)) -> (2419, 82, 2419, t3=t2+(1, 3))	2	140
(1669, 102, 4251, t1) & (1669, 170, 4256, t2=t1+(0, 2)) -> (1669, 170, 1669, t3=t2+(1, 4))	2	141
(1624, 45, 4338, t1) & (4338, 29, 4338, t2=t1+(0, 9)) -> (4338, 29, 4338, t3=t2+(1, 9))	2	142
(1938, 57, 607, t1) & (2948, 160, 1938, t2=t1+(0, 1)) -> (2948, 160, 1938, t3=t2+(1, 5))	2	143
(1635, 98, 1149, t1) & (1068, 16, 1149, t2=t1+(0, 10)) -> (1149, 16, 1635, t3=t2+(1, 5))	2	144
(3113, 144, 1829, t1) & (4781, 40, 1829, t2=t1+(0, 8)) -> (1829, 40, 3113, t3=t2+(1, 9))	2	145
(544, 149, 113, t1) & (4508, 172, 544, t2=t1+(0, 0)) -> (544, 149, 544, t3=t2+(1, 4))	2	146
(4211, 45, 2222, t1) & (2222, 197, 4211, t2=t1+(0, 9)) -> (4211, 197, 2222, t3=t2+(1, 6))	2	147
(4916, 82, 3301, t1) & (4916, 29, 751, t2=t1+(0, 5)) -> (3301, 82, 4916, t3=t2+(1, 8))	2	148
(2923, 113, 4582, t1) & (4582, 26, 3936, t2=t1+(0, 3)) -> (4582, 26, 4582, t3=t2+(1, 6))	2	149
(4245, 72, 2427, t1) & (2427, 149, 2427, t2=t1+(0, 5)) -> (2427, 72, 2427, t3=t2+(1, 4))	2	150
(1020, 121, 1761, t1) & (1761, 146, 1761, t2=t1+(0, 3)) -> (1761, 146, 1761, t3=t2+(1, 6))	2	151
(2321, 89, 570, t1) & (29, 45, 2321, t2=t1+(0, 4)) -> (570, 45, 29, t3=t2+(1, 1))	2	152
(3388, 18, 4994, t1) & (3388, 198, 4714, t2=t1+(0, 5)) -> (4994, 198, 4714, t3=t2+(1, 4))	2	153
(2172, 38, 606, t1) & (2516, 117, 2172, t2=t1+(0, 7)) -> (2172, 38, 606, t3=t2+(1, 6))	2	154
(76, 174, 4262, t1) & (76, 114, 3236, t2=t1+(0, 9)) -> (76, 174, 76, t3=t2+(1, 8))	2	155
(3642, 75, 4369, t1) & (4369, 38, 3642, t2=t1+(0, 7)) -> (3642, 75, 3642, t3=t2+(1, 5))	2	156
(3836, 177, 2613, t1) & (2613, 111, 2613, t2=t1+(0, 6)) -> (3836, 177, 2613, t3=t2+(1, 7))	2	157
(901, 169, 2856, t1) & (901, 146, 2188, t2=t1+(0, 3)) -> (2856, 169, 2856, t3=t2+(1, 4))	2	158
(2988, 50, 3167, t1) & (4237, 179, 2988, t2=t1+(0, 3)) -> (2988, 50, 2988, t3=t2+(1, 5))	2	159
(3131, 51, 3668, t1) & (3131, 16, 1051, t2=t1+(0, 6)) -> (3131, 16, 3131, t3=t2+(1, 5))	2	160
(2280, 44, 4594, t1) & (4594, 140, 2280, t2=t1+(0, 9)) -> (4594, 44, 2280, t3=t2+(1, 4))	2	161
(3780, 8, 3208, t1) & (3780, 31, 3780, t2=t1+(0, 2)) -> (3780, 8, 3208, t3=t2+(1, 4))	2	162
(4795, 194, 2420, t1) & (2420, 92, 4795, t2=t1+(0, 6)) -> (4795, 92, 4795, t3=t2+(1, 6))	2	163
(4245, 136, 572, t1) & (572, 69, 4137, t2=t1+(0, 9)) -> (4245, 69, 572, t3=t2+(1, 2))	2	164
(2297, 109, 3060, t1) & (2297, 182, 3060, t2=t1+(0, 6)) -> (2297, 109, 3060, t3=t2+(1, 6))	2	165
(2781, 115, 2978, t1) & (2978, 162, 1467, t2=t1+(0, 4)) -> (2978, 115, 2978, t3=t2+(1, 5))	2	166
(3723, 193, 3498, t1) & (3498, 8, 2109, t2=t1+(0, 6)) -> (2109, 8, 3498, t3=t2+(1, 1))	2	167
(4315, 52, 1723, t1) & (1723, 68, 45, t2=t1+(0, 2)) -> (45, 52, 1723, t3=t2+(1, 4))	2	168
(4723, 22, 1733, t1) & (2849, 115, 1733, t2=t1+(0, 5)) -> (1733, 22, 4723, t3=t2+(1, 5))	2	169
(3501, 175, 2937, t1) & (3501, 147, 2937, t2=t1+(0, 6)) -> (2937, 147, 3501, t3=t2+(1, 4))	2	170
(1938, 117, 291, t1) & (1642, 131, 1938, t2=t1+(0, 5)) -> (1938, 131, 1642, t3=t2+(1, 4))	2	171
(3133, 11, 1559, t1) & (600, 65, 1559, t2=t1+(0, 4)) -> (600, 11, 3133, t3=t2+(1, 7))	2	172
(1806, 193, 3348, t1) & (2773, 150, 1806, t2=t1+(0, 1)) -> (2773, 193, 1806, t3=t2+(1, 3))	2	173
(4574, 57, 981, t1) & (981, 133, 4574, t2=t1+(0, 8)) -> (4574, 57, 981, t3=t2+(1, 1))	2	174
(4526, 96, 3371, t1) & (1205, 52, 3371, t2=t1+(0, 8)) -> (4526, 96, 3371, t3=t2+(1, 6))	2	175
(1951, 145, 1576, t1) & (1576, 101, 3151, t2=t1+(0, 6)) -> (1576, 145, 1951, t3=t2+(1, 5))	2	176
(673, 72, 1638, t1) & (673, 148, 3233, t2=t1+(0, 7)) -> (673, 148, 1638, t3=t2+(1, 8))	2	177
(4388, 46, 2948, t1) & (2948, 148, 2948, t2=t1+(0, 7)) -> (4388, 46, 2948, t3=t2+(1, 8))	2	178
(1965, 177, 2213, t1) & (3153, 10, 1965, t2=t1+(0, 9)) -> (1965, 177, 2213, t3=t2+(1, 3))	2	179
(4705, 150, 2037, t1) & (2037, 39, 2037, t2=t1+(0, 7)) -> (4705, 150, 4705, t3=t2+(1, 4))	2	180
(4251, 55, 3606, t1) & (3606, 163, 3606, t2=t1+(0, 7)) -> (3606, 55, 4251, t3=t2+(1, 3))	2	181
(1931, 78, 113, t1) & (2978, 150, 1931, t2=t1+(0, 3)) -> (1931, 78, 113, t3=t2+(1, 4))	2	182
(900, 140, 1216, t1) & (1216, 17, 1216, t2=t1+(0, 5)) -> (1216, 17, 1216, t3=t2+(1, 3))	2	183
(4450, 39, 2966, t1) & (698, 194, 4450, t2=t1+(0, 7)) -> (2966, 39, 4450, t3=t2+(1, 7))	2	184
(4137, 112, 51, t1) & (51, 82, 2058, t2=t1+(0, 4)) -> (2058, 82, 2058, t3=t2+(1, 4))	2	185
(3836, 111, 720, t1) & (1634, 70, 3836, t2=t1+(0, 7)) -> (720, 111, 1634, t3=t2+(1, 3))	2	186
(2374, 152, 803, t1) & (3853, 173, 803, t2=t1+(0, 2)) -> (803, 173, 3853, t3=t2+(1, 5))	2	187
(4738, 56, 2807, t1) & (750, 29, 2807, t2=t1+(0, 8)) -> (750, 56, 2807, t3=t2+(1, 3))	2	188
(4813, 38, 3936, t1) & (3936, 150, 1802, t2=t1+(0, 5)) -> (3936, 38, 3936, t3=t2+(1, 6))	2	189
(2973, 24, 329, t1) & (1733, 54, 329, t2=t1+(0, 4)) -> (2973, 24, 329, t3=t2+(1, 4))	2	190
(1846, 176, 1687, t1) & (1687, 38, 1687, t2=t1+(0, 6)) -> (1687, 176, 1687, t3=t2+(1, 4))	2	191
(3354, 68, 720, t1) & (720, 87, 720, t2=t1+(0, 8)) -> (720, 87, 720, t3=t2+(1, 4))	2	192
(4662, 130, 3501, t1) & (1375, 85, 3501, t2=t1+(0, 8)) -> (3501, 85, 3501, t3=t2+(1, 4))	2	193
(291, 101, 4081, t1) & (291, 148, 1362, t2=t1+(0, 4)) -> (291, 101, 291, t3=t2+(1, 3))	2	194
(750, 36, 3498, t1) & (3498, 32, 750, t2=t1+(0, 8)) -> (3498, 32, 3498, t3=t2+(1, 5))	2	195
(1281, 87, 2038, t1) & (1375, 99, 1281, t2=t1+(0, 3)) -> (1375, 87, 1281, t3=t2+(1, 8))	2	196
(3836, 172, 3744, t1) & (3836, 105, 3744, t2=t1+(0, 3)) -> (3744, 105, 3836, t3=t2+(1, 5))	2	197
(2029, 107, 3833, t1) & (2029, 2, 2029, t2=t1+(0, 7)) -> (2029, 107, 2029, t3=t2+(1, 10))	2	198
(1575, 41, 4818, t1) & (2038, 74, 1575, t2=t1+(0, 5)) -> (1575, 74, 1575, t3=t2+(1, 7))	2	199
(4245, 129, 2420, t1) -> (4245, 129, 2420, t2=t1+(1, 3))	1	200
(1882, 136, 2542, t1) -> (2542, 136, 2542, t2=t1+(1, 7))	1	201
(1774, 10, 4801, t1) -> (1774, 10, 1774, t2=t1+(1, 6))	1	202
(4775, 64, 1335, t1) -> (4775, 64, 4775, t2=t1+(1, 1))	1	203
(3991, 62, 2923, t1) -> (2923, 62, 3991, t2=t1+(1, 5))	1	204
(2155, 73, 4191, t1) -> (2155, 73, 4191, t2=t1+(1, 9))	1	205
(572, 160, 4137, t1) -> (4137, 160, 4137, t2=t1+(1, 5))	1	206
(460, 41, 2419, t1) -> (460, 41, 460, t2=t1+(1, 7))	1	207
(4613, 13, 2253, t1) -> (2253, 13, 2253, t2=t1+(1, 9))	1	208
(3950, 131, 1318, t1) -> (3950, 131, 1318, t2=t1+(1, 7))	1	209
(3936, 112, 3606, t1) -> (3606, 112, 3936, t2=t1+(1, 4))	1	210
(4574, 139, 4311, t1) -> (4311, 139, 4311, t2=t1+(1, 4))	1	211
(1816, 120, 3987, t1) -> (3987, 120, 1816, t2=t1+(1, 3))	1	212
(3994, 87, 3999, t1) -> (3994, 87, 3999, t2=t1+(1, 6))	1	213
(4870, 116, 2988, t1) -> (4870, 116, 2988, t2=t1+(1, 4))	1	214
(2461, 155, 1655, t1) -> (2461, 155, 2461, t2=t1+(1, 7))	1	215
(3233, 157, 2419, t1) -> (3233, 157, 3233, t2=t1+(1, 5))	1	216
(361, 113, 3151, t1) -> (361, 113, 3151, t2=t1+(1, 8))	1	217
(1014, 195, 3994, t1) -> (1014, 195, 3994, t2=t1+(1, 5))	1	218
(4870, 68, 3429, t1) -> (4870, 68, 4870, t2=t1+(1, 7))	1	219
(1286, 146, 1971, t1) -> (1971, 146, 1971, t2=t1+(1, 3))	1	220
(4994, 77, 2526, t1) -> (4994, 77, 4994, t2=t1+(1, 4))	1	221
(409, 6, 953, t1) -> (953, 6, 409, t2=t1+(1, 9))	1	222
(1968, 134, 4506, t1) -> (4506, 134, 4506, t2=t1+(1, 9))	1	223
(4060, 30, 2516, t1) -> (4060, 30, 4060, t2=t1+(1, 5))	1	224
(3166, 75, 4916, t1) -> (4916, 75, 4916, t2=t1+(1, 6))	1	225
(4740, 166, 714, t1) -> (4740, 166, 714, t2=t1+(1, 5))	1	226
(879, 68, 567, t1) -> (567, 68, 879, t2=t1+(1, 6))	1	227
(423, 110, 3606, t1) -> (3606, 110, 423, t2=t1+(1, 6))	1	228
(1814, 188, 4639, t1) -> (1814, 188, 1814, t2=t1+(1, 3))	1	229
(4582, 25, 3654, t1) -> (3654, 25, 3654, t2=t1+(1, 6))	1	230
(4234, 38, 4141, t1) -> (4234, 38, 4234, t2=t1+(1, 5))	1	231
(3424, 4, 4386, t1) -> (3424, 4, 3424, t2=t1+(1, 7))	1	232
(1686, 177, 1858, t1) -> (1858, 177, 1686, t2=t1+(1, 7))	1	233
(3492, 17, 220, t1) -> (220, 17, 3492, t2=t1+(1, 5))	1	234
(1094, 16, 3750, t1) -> (1094, 16, 3750, t2=t1+(1, 7))	1	235
(810, 69, 3285, t1) -> (3285, 69, 3285, t2=t1+(1, 8))	1	236
(2571, 35, 4127, t1) -> (2571, 35, 2571, t2=t1+(1, 6))	1	237
(953, 84, 3166, t1) -> (953, 84, 3166, t2=t1+(1, 8))	1	238
(2056, 110, 1687, t1) -> (1687, 110, 1687, t2=t1+(1, 7))	1	239
(1759, 157, 3417, t1) -> (1759, 157, 1759, t2=t1+(1, 3))	1	240
(1567, 118, 2677, t1) -> (1567, 118, 2677, t2=t1+(1, 3))	1	241
(1046, 128, 113, t1) -> (113, 128, 113, t2=t1+(1, 3))	1	242
(2155, 169, 2306, t1) -> (2306, 169, 2306, t2=t1+(1, 8))	1	243
(3354, 154, 3190, t1) -> (3354, 154, 3354, t2=t1+(1, 9))	1	244
(4781, 147, 3614, t1) -> (3614, 147, 3614, t2=t1+(1, 6))	1	245
(59, 172, 2751, t1) -> (59, 172, 2751, t2=t1+(1, 5))	1	246
(1187, 105, 2866, t1) -> (2866, 105, 2866, t2=t1+(1, 10))	1	247
(4994, 87, 4081, t1) -> (4081, 87, 4081, t2=t1+(1, 2))	1	248
(4245, 89, 830, t1) -> (4245, 89, 830, t2=t1+(1, 4))	1	249
(2015, 74, 4818, t1) -> (4818, 74, 4818, t2=t1+(1, 6))	1	250
(1185, 119, 907, t1) -> (1185, 119, 1185, t2=t1+(1, 3))	1	251
(4124, 63, 3814, t1) -> (4124, 63, 4124, t2=t1+(1, 11))	1	252
(750, 13, 1349, t1) -> (750, 13, 1349, t2=t1+(1, 7))	1	253
(3151, 187, 3429, t1) -> (3151, 187, 3429, t2=t1+(1, 8))	1	254
(1846, 41, 690, t1) -> (690, 41, 690, t2=t1+(1, 4))	1	255
(1923, 18, 1642, t1) -> (1642, 18, 1923, t2=t1+(1, 3))	1	256
(113, 103, 2194, t1) -> (113, 103, 2194, t2=t1+(1, 9))	1	257
(4127, 162, 1793, t1) -> (4127, 162, 1793, t2=t1+(1, 6))	1	258
(1304, 166, 2431, t1) -> (2431, 166, 2431, t2=t1+(1, 4))	1	259
(3579, 95, 971, t1) -> (3579, 95, 971, t2=t1+(1, 5))	1	260
(1011, 136, 1354, t1) -> (1354, 136, 1011, t2=t1+(1, 7))	1	261
(4888, 172, 3492, t1) -> (3492, 172, 3492, t2=t1+(1, 7))	1	262
(1187, 197, 734, t1) -> (1187, 197, 1187, t2=t1+(1, 6))	1	263
(2567, 175, 4237, t1) -> (4237, 175, 2567, t2=t1+(1, 7))	1	264
(3442, 13, 3606, t1) -> (3442, 13, 3442, t2=t1+(1, 6))	1	265
(720, 40, 4174, t1) -> (4174, 40, 4174, t2=t1+(1, 1))	1	266
(4344, 6, 2155, t1) -> (4344, 6, 2155, t2=t1+(1, 4))	1	267
(4506, 130, 3595, t1) -> (4506, 130, 3595, t2=t1+(1, 5))	1	268
(972, 172, 4081, t1) -> (972, 172, 4081, t2=t1+(1, 7))	1	269
(3743, 42, 557, t1) -> (3743, 42, 557, t2=t1+(1, 3))	1	270
(758, 100, 2297, t1) -> (758, 100, 758, t2=t1+(1, 8))	1	271
(1316, 178, 22, t1) -> (1316, 178, 22, t2=t1+(1, 4))	1	272
(476, 149, 329, t1) -> (476, 149, 329, t2=t1+(1, 4))	1	273
(4526, 72, 3300, t1) -> (3300, 72, 3300, t2=t1+(1, 2))	1	274
(4060, 104, 748, t1) -> (748, 104, 748, t2=t1+(1, 3))	1	275
(892, 27, 3375, t1) -> (3375, 27, 892, t2=t1+(1, 3))	1	276
(2709, 17, 2155, t1) -> (2709, 17, 2709, t2=t1+(1, 8))	1	277
(2290, 90, 3758, t1) -> (2290, 90, 3758, t2=t1+(1, 3))	1	278
(3151, 2, 714, t1) -> (714, 2, 3151, t2=t1+(1, 5))	1	279
(4458, 70, 2023, t1) -> (4458, 70, 4458, t2=t1+(1, 2))	1	280
(646, 27, 2811, t1) -> (646, 27, 2811, t2=t1+(1, 3))	1	281
(2419, 97, 2399, t1) -> (2419, 97, 2399, t2=t1+(1, 2))	1	282
(4840, 170, 4102, t1) -> (4840, 170, 4102, t2=t1+(1, 8))	1	283
(2312, 157, 3300, t1) -> (2312, 157, 3300, t2=t1+(1, 8))	1	284
(4020, 116, 2619, t1) -> (4020, 116, 4020, t2=t1+(1, 3))	1	285
(2849, 55, 3663, t1) -> (2849, 55, 3663, t2=t1+(1, 8))	1	286
(1187, 20, 4795, t1) -> (4795, 20, 4795, t2=t1+(1, 2))	1	287
(4781, 85, 1999, t1) -> (1999, 85, 1999, t2=t1+(1, 8))	1	288
(3853, 154, 2419, t1) -> (3853, 154, 2419, t2=t1+(1, 10))	1	289
(4948, 38, 3526, t1) -> (3526, 38, 4948, t2=t1+(1, 4))	1	290
(879, 190, 4102, t1) -> (4102, 190, 879, t2=t1+(1, 5))	1	291
(1376, 191, 409, t1) -> (1376, 191, 409, t2=t1+(1, 6))	1	292
(1687, 105, 2570, t1) -> (2570, 105, 1687, t2=t1+(1, 5))	1	293
(4383, 16, 3185, t1) -> (3185, 16, 3185, t2=t1+(1, 7))	1	294
(1575, 60, 472, t1) -> (1575, 60, 1575, t2=t1+(1, 7))	1	295
(3151, 119, 4055, t1) -> (3151, 119, 3151, t2=t1+(1, 11))	1	296
(1956, 41, 3151, t1) -> (1956, 41, 3151, t2=t1+(1, 2))	1	297
(2028, 165, 4893, t1) -> (4893, 165, 4893, t2=t1+(1, 5))	1	298
(113, 11, 4333, t1) -> (4333, 11, 4333, t2=t1+(1, 3))	1	299
