(2674, 186, 567, t1) & (4387, 170, 20, t2=t1+(0, 2)) & (2674, 161, 20, t3=t2+(0, 7)) -> (4387, 161, 4387, t4=t3+(1, 2))	3	0
(1196, 191, 3879, t1) & (934, 96, 1826, t2=t1+(0, 5)) & (934, 72, 3879, t3=t2+(0, 2)) -> (3879, 191, 1826, t4=t3+(1, 4))	3	1
(3899, 99, 4346, t1) & (2478, 103, 3229, t2=t1+(0, 4)) & (3899, 92, 2478, t3=t2+(0, 7)) -> (2478, 92, 3899, t4=t3+(1, 7))	3	2
(2149, 82, 755, t1) & (3091, 92, 2004, t2=t1+(0, 3)) & (2149, 113, 2004, t3=t2+(0, 5)) -> (2149, 92, 2149, t4=t3+(1, 7))	3	3
(316, 174, 351, t1) & (1241, 169, 1822, t2=t1+(0, 3)) & (351, 199, 1241, t3=t2+(0, 5)) -> (351, 199, 1241, t4=t3+(1, 6))	3	4
(2640, 121, 4275, t1) & (1208, 26, 504, t2=t1+(0, 6)) & (1208, 3, 4275, t3=t2+(0, 5)) -> (2640, 26, 4275, t4=t3+(1, 4))	3	5
(3125, 92, 2068, t1) & (2483, 44, 2890, t2=t1+(0, 9)) & (2483, 135, 3125, t3=t2+(0, 4)) -> (2068, 92, 3125, t4=t3+(1, 5))	3	6
(563, 99, 2640, t1) & (415, 30, 84, t2=t1+(0, 7)) & (563, 142, 84, t3=t2+(0, 7)) -> (563, 142, 2640, t4=t3+(1, 10))	3	7
(1931, 77, 1785, t1) & (1499, 194, 2569, t2=t1+(0, 6)) & (1785, 173, 2569, t3=t2+(0, 4)) -> (1785, 194, 2569, t4=t3+(1, 1))	3	8
(4770, 162, 1873, t1) & (3581, 91, 3334, t2=t1+(0, 10)) & (4770, 187, 3581, t3=t2+(0, 5)) -> (3581, 91, 3334, t4=t3+(1, 3))	3	9
(4370, 39, 1616, t1) & (3941, 120, 1113, t2=t1+(0, 3)) & (1113, 95, 1616, t3=t2+(0, 6)) -> (1113, 95, 4370, t4=t3+(1, 9))	3	10
(3784, 168, 723, t1) & (2291, 108, 2445, t2=t1+(0, 5)) & (2445, 179, 3784, t3=t2+(0, 8)) -> (2445, 168, 2291, t4=t3+(1, 2))	3	11
(580, 181, 4693, t1) & (4145, 37, 333, t2=t1+(0, 12)) & (4693, 175, 333, t3=t2+(0, 4)) -> (333, 37, 333, t4=t3+(1, 4))	3	12
(2958, 177, 692, t1) & (1789, 190, 4670, t2=t1+(0, 8)) & (2958, 103, 1789, t3=t2+(0, 2)) -> (4670, 190, 2958, t4=t3+(1, 7))	3	13
(946, 175, 3037, t1) & (3189, 56, 3037, t2=t1+(0, 10)) & (3037, 50, 3189, t3=t2+(0, 5)) -> (3037, 175, 3037, t4=t3+(1, 5))	3	14
(3782, 145, 1986, t1) & (4523, 87, 3889, t2=t1+(0, 8)) & (1986, 62, 4523, t3=t2+(0, 6)) -> (4523, 145, 4523, t4=t3+(1, 5))	3	15
(4341, 153, 803, t1) & (1225, 78, 2569, t2=t1+(0, 3)) & (4341, 44, 1225, t3=t2+(0, 2)) -> (4341, 153, 1225, t4=t3+(1, 2))	3	16
(367, 40, 1159, t1) & (3496, 78, 934, t2=t1+(0, 3)) & (934, 99, 367, t3=t2+(0, 10)) -> (367, 99, 1159, t4=t3+(1, 4))	3	17
(1138, 180, 654, t1) & (226, 6, 463, t2=t1+(0, 5)) & (1138, 103, 463, t3=t2+(0, 9)) -> (1138, 103, 654, t4=t3+(1, 2))	3	18
(1826, 19, 4712, t1) & (4763, 3, 4721, t2=t1+(0, 4)) & (4721, 199, 4712, t3=t2+(0, 10)) -> (4721, 3, 1826, t4=t3+(1, 5))	3	19
(2569, 22, 1051, t1) & (3647, 104, 1032, t2=t1+(0, 3)) & (1032, 193, 1051, t3=t2+(0, 5)) -> (1051, 104, 1051, t4=t3+(1, 4))	3	20
(4360, 175, 463, t1) & (4018, 6, 40, t2=t1+(0, 8)) & (40, 179, 4360, t3=t2+(0, 5)) -> (40, 175, 463, t4=t3+(1, 1))	3	21
(2483, 99, 1138, t1) & (1616, 166, 511, t2=t1+(0, 6)) & (2483, 8, 511, t3=t2+(0, 2)) -> (1138, 166, 2483, t4=t3+(1, 4))	3	22
(725, 59, 2790, t1) & (4544, 170, 1524, t2=t1+(0, 7)) & (4544, 135, 2790, t3=t2+(0, 4)) -> (2790, 170, 4544, t4=t3+(1, 4))	3	23
(2415, 154, 3490, t1) & (2291, 104, 1584, t2=t1+(0, 1)) & (3490, 135, 2291, t3=t2+(0, 5)) -> (2415, 154, 2291, t4=t3+(1, 2))	3	24
(3702, 173, 1075, t1) & (2134, 169, 1817, t2=t1+(0, 7)) & (1817, 72, 1075, t3=t2+(0, 4)) -> (1817, 169, 3702, t4=t3+(1, 8))	3	25
(4639, 35, 2149, t1) & (4825, 158, 23, t2=t1+(0, 6)) & (4825, 19, 2149, t3=t2+(0, 5)) -> (2149, 19, 23, t4=t3+(1, 6))	3	26
(3872, 12, 4669, t1) & (2242, 44, 23, t2=t1+(0, 5)) & (3872, 19, 2242, t3=t2+(0, 5)) -> (2242, 44, 3872, t4=t3+(1, 5))	3	27
(3098, 49, 128, t1) & (459, 87, 3681, t2=t1+(0, 4)) & (3681, 155, 128, t3=t2+(0, 5)) -> (3681, 49, 459, t4=t3+(1, 3))	3	28
(1644, 156, 3428, t1) & (4665, 158, 2110, t2=t1+(0, 1)) & (4665, 171, 1644, t3=t2+(0, 4)) -> (1644, 158, 4665, t4=t3+(1, 8))	3	29
(4108, 55, 4423, t1) & (2674, 16, 4970, t2=t1+(0, 6)) & (2674, 76, 4423, t3=t2+(0, 5)) -> (4423, 55, 2674, t4=t3+(1, 3))	3	30
(407, 26, 855, t1) & (1671, 135, 191, t2=t1+(0, 3)) & (855, 140, 1671, t3=t2+(0, 6)) -> (855, 140, 407, t4=t3+(1, 12))	3	31
(1627, 60, 2523, t1) & (79, 55, 2809, t2=t1+(0, 4)) & (2523, 81, 2809, t3=t2+(0, 5)) -> (1627, 81, 2809, t4=t3+(1, 5))	3	32
(3652, 131, 3886, t1) & (2556, 192, 1349, t2=t1+(0, 1)) & (3652, 159, 1349, t3=t2+(0, 4)) -> (3652, 159, 2556, t4=t3+(1, 6))	3	33
(4894, 3, 80, t1) & (463, 13, 654, t2=t1+(0, 4)) & (654, 43, 80, t3=t2+(0, 3)) -> (463, 43, 80, t4=t3+(1, 4))	3	34
(4882, 170, 367, t1) & (921, 191, 3175, t2=t1+(0, 3)) & (4882, 104, 3175, t3=t2+(0, 5)) -> (367, 191, 921, t4=t3+(1, 3))	3	35
(3229, 139, 2284, t1) & (855, 133, 3917, t2=t1+(0, 4)) & (855, 92, 2284, t3=t2+(0, 7)) -> (855, 92, 3229, t4=t3+(1, 3))	3	36
(2036, 102, 1740, t1) & (1952, 42, 518, t2=t1+(0, 3)) & (518, 131, 2036, t3=t2+(0, 3)) -> (1952, 42, 2036, t4=t3+(1, 3))	3	37
(1323, 158, 333, t1) & (1911, 17, 3407, t2=t1+(0, 4)) & (333, 49, 1911, t3=t2+(0, 3)) -> (1323, 158, 1911, t4=t3+(1, 3))	3	38
(1860, 95, 1630, t1) & (2322, 123, 1321, t2=t1+(0, 4)) & (1321, 155, 1860, t3=t2+(0, 4)) -> (1321, 155, 1860, t4=t3+(1, 9))	3	39
(1645, 182, 443, t1) & (626, 170, 1926, t2=t1+(0, 4)) & (626, 34, 443, t3=t2+(0, 6)) -> (1926, 170, 626, t4=t3+(1, 7))	3	40
(4407, 131, 4860, t1) & (3879, 133, 3307, t2=t1+(0, 6)) & (4407, 113, 3879, t3=t2+(0, 7)) -> (3879, 133, 4407, t4=t3+(1, 8))	3	41
(3891, 33, 3695, t1) & (140, 186, 4241, t2=t1+(0, 3)) & (3695, 78, 140, t3=t2+(0, 9)) -> (3695, 33, 3891, t4=t3+(1, 5))	3	42
(2771, 158, 3859, t1) & (3131, 170, 46, t2=t1+(0, 5)) & (3131, 125, 2771, t3=t2+(0, 6)) -> (3859, 125, 2771, t4=t3+(1, 2))	3	43
(4086, 82, 3639, t1) & (4128, 123, 3057, t2=t1+(0, 4)) & (4128, 34, 3639, t3=t2+(0, 2)) -> (4128, 34, 3057, t4=t3+(1, 3))	3	44
(1196, 30, 3208, t1) & (4128, 173, 3768, t2=t1+(0, 3)) & (3768, 156, 3208, t3=t2+(0, 6)) -> (3768, 173, 3208, t4=t3+(1, 2))	3	45
(1458, 178, 3189, t1) & (3304, 33, 3229, t2=t1+(0, 6)) & (3229, 170, 3189, t3=t2+(0, 3)) -> (3189, 178, 1458, t4=t3+(1, 3))	3	46
(4101, 29, 4402, t1) & (504, 16, 4519, t2=t1+(0, 5)) & (4101, 116, 504, t3=t2+(0, 5)) -> (504, 29, 4519, t4=t3+(1, 4))	3	47
(2065, 143, 238, t1) & (1627, 145, 4839, t2=t1+(0, 7)) & (1627, 55, 238, t3=t2+(0, 2)) -> (1627, 55, 2065, t4=t3+(1, 1))	3	48
(1189, 42, 3784, t1) & (1857, 173, 2179, t2=t1+(0, 3)) & (3784, 103, 1857, t3=t2+(0, 4)) -> (2179, 103, 1189, t4=t3+(1, 6))	3	49
(701, 119, 2674, t1) & (1635, 59, 324, t2=t1+(0, 4)) & (324, 187, 2674, t3=t2+(0, 4)) -> (1635, 59, 1635, t4=t3+(1, 4))	3	50
(2065, 42, 959, t1) & (4242, 69, 1036, t2=t1+(0, 3)) & (2065, 99, 1036, t3=t2+(0, 6)) -> (2065, 69, 2065, t4=t3+(1, 4))	3	51
(1911, 19, 2674, t1) & (3720, 133, 1817, t2=t1+(0, 5)) & (1911, 15, 1817, t3=t2+(0, 7)) -> (1817, 15, 1911, t4=t3+(1, 8))	3	52
(3766, 195, 2478, t1) & (2300, 173, 3561, t2=t1+(0, 3)) & (2300, 21, 3766, t3=t2+(0, 4)) -> (3766, 21, 2300, t4=t3+(1, 3))	3	53
(2950, 155, 3652, t1) & (2390, 44, 2297, t2=t1+(0, 9)) & (2950, 113, 2297, t3=t2+(0, 7)) -> (2390, 155, 2297, t4=t3+(1, 4))	3	54
(3108, 3, 3189, t1) & (4929, 16, 4727, t2=t1+(0, 1)) & (3108, 77, 4929, t3=t2+(0, 3)) -> (3189, 3, 4727, t4=t3+(1, 6))	3	55
(1813, 183, 1807, t1) & (3057, 50, 1342, t2=t1+(0, 7)) & (1807, 12, 3057, t3=t2+(0, 2)) -> (3057, 50, 1807, t4=t3+(1, 4))	3	56
(350, 140, 3065, t1) & (4382, 164, 321, t2=t1+(0, 4)) & (350, 81, 4382, t3=t2+(0, 6)) -> (4382, 164, 350, t4=t3+(1, 10))	3	57
(3206, 135, 79, t1) & (3496, 81, 4269, t2=t1+(0, 4)) & (3206, 186, 3496, t3=t2+(0, 2)) -> (3496, 186, 79, t4=t3+(1, 4))	3	58
(3352, 155, 1569, t1) & (1844, 187, 168, t2=t1+(0, 4)) & (1844, 103, 1569, t3=t2+(0, 2)) -> (1844, 103, 1844, t4=t3+(1, 6))	3	59
(4370, 61, 4466, t1) & (463, 134, 2232, t2=t1+(0, 2)) & (4370, 132, 2232, t3=t2+(0, 7)) -> (2232, 134, 2232, t4=t3+(1, 6))	3	60
(3932, 176, 3490, t1) & (82, 104, 3589, t2=t1+(0, 6)) & (3589, 103, 3490, t3=t2+(0, 7)) -> (3932, 176, 3932, t4=t3+(1, 2))	3	61
(3155, 10, 3923, t1) & (2632, 187, 2272, t2=t1+(0, 2)) & (2272, 154, 3923, t3=t2+(0, 6)) -> (3923, 187, 2632, t4=t3+(1, 2))	3	62
(3407, 128, 511, t1) & (714, 199, 3065, t2=t1+(0, 9)) & (511, 193, 3065, t3=t2+(0, 0)) -> (511, 199, 3065, t4=t3+(1, 2))	3	63
(1817, 168, 385, t1) & (4801, 197, 2179, t2=t1+(0, 3)) & (385, 39, 2179, t3=t2+(0, 5)) -> (2179, 39, 385, t4=t3+(1, 2))	3	64
(1189, 195, 577, t1) & (2025, 43, 3639, t2=t1+(0, 8)) & (1189, 78, 3639, t3=t2+(0, 3)) -> (2025, 195, 3639, t4=t3+(1, 2))	3	65
(351, 164, 1342, t1) & (1262, 95, 2227, t2=t1+(0, 4)) & (2227, 141, 351, t3=t2+(0, 6)) -> (2227, 141, 351, t4=t3+(1, 2))	3	66
(3125, 145, 4423, t1) & (1548, 104, 4597, t2=t1+(0, 3)) & (4423, 38, 1548, t3=t2+(0, 6)) -> (4597, 145, 4423, t4=t3+(1, 3))	3	67
(4276, 9, 4042, t1) & (725, 131, 723, t2=t1+(0, 6)) & (723, 47, 4276, t3=t2+(0, 6)) -> (4276, 47, 725, t4=t3+(1, 5))	3	68
(4466, 78, 1616, t1) & (4382, 139, 1409, t2=t1+(0, 4)) & (4382, 72, 4466, t3=t2+(0, 6)) -> (1409, 72, 4382, t4=t3+(1, 7))	3	69
(1627, 78, 2322, t1) & (1160, 183, 49, t2=t1+(0, 1)) & (49, 180, 2322, t3=t2+(0, 5)) -> (1627, 183, 2322, t4=t3+(1, 4))	3	70
(965, 170, 1826, t1) & (2487, 43, 2674, t2=t1+(0, 6)) & (2487, 156, 965, t3=t2+(0, 5)) -> (1826, 43, 965, t4=t3+(1, 3))	3	71
(4228, 131, 4984, t1) & (4080, 130, 3899, t2=t1+(0, 1)) & (3899, 104, 4984, t3=t2+(0, 5)) -> (4984, 130, 4228, t4=t3+(1, 5))	3	72
(2937, 72, 1647, t1) & (1458, 16, 4669, t2=t1+(0, 7)) & (4669, 139, 1647, t3=t2+(0, 3)) -> (1458, 16, 2937, t4=t3+(1, 7))	3	73
(4021, 104, 324, t1) & (3037, 104, 1241, t2=t1+(0, 5)) & (324, 180, 1241, t3=t2+(0, 2)) -> (1241, 180, 3037, t4=t3+(1, 5))	3	74
(4727, 162, 4929, t1) & (4018, 55, 4835, t2=t1+(0, 5)) & (4018, 103, 4727, t3=t2+(0, 3)) -> (4018, 162, 4018, t4=t3+(1, 5))	3	75
(4061, 199, 3229, t1) & (4540, 177, 3189, t2=t1+(0, 7)) & (3229, 3, 3189, t3=t2+(0, 2)) -> (4540, 3, 3229, t4=t3+(1, 7))	3	76
(3108, 43, 2285, t1) & (1869, 16, 4221, t2=t1+(0, 6)) & (2285, 123, 1869, t3=t2+(0, 2)) -> (2285, 16, 1869, t4=t3+(1, 6))	3	77
(1669, 173, 3715, t1) & (2236, 76, 1284, t2=t1+(0, 2)) & (2236, 9, 3715, t3=t2+(0, 5)) -> (3715, 173, 1669, t4=t3+(1, 1))	3	78
(1189, 50, 2078, t1) & (49, 124, 1339, t2=t1+(0, 8)) & (1339, 170, 1189, t3=t2+(0, 6)) -> (1189, 170, 1339, t4=t3+(1, 4))	3	79
(3612, 128, 23, t1) & (1941, 182, 4052, t2=t1+(0, 4)) & (3612, 44, 4052, t3=t2+(0, 2)) -> (3612, 128, 4052, t4=t3+(1, 3))	3	80
(725, 38, 2645, t1) & (4839, 102, 1113, t2=t1+(0, 7)) & (1113, 165, 725, t3=t2+(0, 5)) -> (1113, 165, 4839, t4=t3+(1, 4))	3	81
(4901, 72, 1227, t1) & (1632, 109, 79, t2=t1+(0, 7)) & (1632, 8, 4901, t3=t2+(0, 6)) -> (1632, 109, 1227, t4=t3+(1, 4))	3	82
(135, 29, 3743, t1) & (3887, 155, 3229, t2=t1+(0, 10)) & (3743, 31, 3887, t3=t2+(0, 7)) -> (3743, 155, 3887, t4=t3+(1, 7))	3	83
(1996, 188, 367, t1) & (1051, 123, 2596, t2=t1+(0, 4)) & (1996, 78, 1051, t3=t2+(0, 8)) -> (1051, 78, 367, t4=t3+(1, 5))	3	84
(3039, 194, 4666, t1) & (994, 128, 1524, t2=t1+(0, 6)) & (994, 117, 4666, t3=t2+(0, 6)) -> (994, 194, 994, t4=t3+(1, 7))	3	85
(3745, 133, 747, t1) & (1870, 196, 2771, t2=t1+(0, 3)) & (747, 194, 2771, t3=t2+(0, 3)) -> (2771, 196, 747, t4=t3+(1, 5))	3	86
(2755, 59, 1441, t1) & (1221, 9, 1826, t2=t1+(0, 4)) & (1826, 4, 1441, t3=t2+(0, 3)) -> (2755, 9, 1441, t4=t3+(1, 6))	3	87
(3282, 153, 3189, t1) & (4221, 132, 1189, t2=t1+(0, 4)) & (3282, 107, 4221, t3=t2+(0, 6)) -> (4221, 107, 3189, t4=t3+(1, 3))	3	88
(1986, 174, 4490, t1) & (3812, 187, 106, t2=t1+(0, 3)) & (1986, 48, 3812, t3=t2+(0, 4)) -> (1986, 174, 3812, t4=t3+(1, 4))	3	89
(3407, 182, 461, t1) & (163, 22, 1952, t2=t1+(0, 10)) & (3407, 146, 1952, t3=t2+(0, 3)) -> (461, 146, 461, t4=t3+(1, 4))	3	90
(4693, 135, 4921, t1) & (1598, 135, 714, t2=t1+(0, 5)) & (714, 165, 4693, t3=t2+(0, 8)) -> (714, 135, 4921, t4=t3+(1, 6))	3	91
(1926, 135, 2291, t1) & (170, 53, 1535, t2=t1+(0, 5)) & (170, 115, 1926, t3=t2+(0, 6)) -> (170, 135, 170, t4=t3+(1, 8))	3	92
(3581, 150, 2636, t1) & (3142, 124, 3307, t2=t1+(0, 9)) & (3581, 49, 3307, t3=t2+(0, 6)) -> (2636, 150, 3142, t4=t3+(1, 7))	3	93
(1544, 168, 4370, t1) & (4466, 116, 2674, t2=t1+(0, 3)) & (4466, 21, 4370, t3=t2+(0, 2)) -> (4466, 116, 4370, t4=t3+(1, 7))	3	94
(1766, 193, 1817, t1) & (2251, 115, 3696, t2=t1+(0, 3)) & (2251, 81, 1766, t3=t2+(0, 2)) -> (3696, 81, 1817, t4=t3+(1, 2))	3	95
(1723, 103, 712, t1) & (3652, 180, 1217, t2=t1+(0, 0)) & (1217, 56, 1723, t3=t2+(0, 3)) -> (1723, 180, 712, t4=t3+(1, 1))	3	96
(2227, 42, 1262, t1) & (2430, 135, 1616, t2=t1+(0, 4)) & (1262, 50, 2430, t3=t2+(0, 7)) -> (1262, 135, 2430, t4=t3+(1, 1))	3	97
(1339, 159, 1262, t1) & (4597, 59, 3589, t2=t1+(0, 2)) & (3589, 66, 1262, t3=t2+(0, 3)) -> (4597, 66, 3589, t4=t3+(1, 6))	3	98
(3390, 58, 3260, t1) & (4379, 194, 23, t2=t1+(0, 7)) & (3260, 177, 4379, t3=t2+(0, 4)) -> (23, 177, 3390, t4=t3+(1, 7))	3	99
(2445, 155, 1630, t1) & (2445, 183, 2540, t2=t1+(0, 4)) -> (2540, 155, 1630, t3=t2+(1, 4))	2	100
(1632, 197, 2871, t1) & (2871, 165, 1632, t2=t1+(0, 3)) -> (2871, 165, 2871, t3=t2+(1, 2))	2	101
(889, 193, 3809, t1) & (4370, 133, 889, t2=t1+(0, 6)) -> (889, 193, 4370, t3=t2+(1, 4))	2	102
(310, 19, 2243, t1) & (310, 68, 310, t2=t1+(0, 8)) -> (310, 68, 2243, t3=t2+(1, 5))	2	103
(2801, 37, 1592, t1) & (4723, 81, 1592, t2=t1+(0, 4)) -> (1592, 81, 1592, t3=t2+(1, 4))	2	104
(1592, 43, 4382, t1) & (1950, 164, 4382, t2=t1+(0, 4)) -> (4382, 43, 1592, t3=t2+(1, 6))	2	105
(725, 143, 3715, t1) & (725, 72, 725, t2=t1+(0, 8)) -> (725, 72, 725, t3=t2+(1, 9))	2	106
(1141, 170, 4100, t1) & (2490, 37, 4100, t2=t1+(0, 8)) -> (1141, 170, 1141, t3=t2+(1, 4))	2	107
(1782, 12, 2728, t1) & (4831, 133, 2728, t2=t1+(0, 7)) -> (2728, 133, 2728, t3=t2+(1, 7))	2	108
(725, 31, 946, t1) & (946, 199, 725, t2=t1+(0, 3)) -> (725, 31, 725, t3=t2+(1, 7))	2	109
(2632, 153, 3057, t1) & (4979, 181, 3057, t2=t1+(0, 1)) -> (4979, 181, 2632, t3=t2+(1, 4))	2	110
(3420, 59, 3652, t1) & (3420, 118, 3420, t2=t1+(0, 3)) -> (3420, 118, 3652, t3=t2+(1, 8))	2	111
(1543, 30, 1160, t1) & (1543, 186, 1632, t2=t1+(0, 4)) -> (1160, 30, 1543, t3=t2+(1, 5))	2	112
(2772, 177, 1134, t1) & (1134, 188, 1134, t2=t1+(0, 4)) -> (2772, 188, 1134, t3=t2+(1, 5))	2	113
(2148, 140, 654, t1) & (4876, 32, 2148, t2=t1+(0, 4)) -> (2148, 32, 4876, t3=t2+(1, 7))	2	114
(540, 31, 2872, t1) & (752, 81, 2872, t2=t1+(0, 3)) -> (2872, 31, 2872, t3=t2+(1, 7))	2	115
(686, 26, 4128, t1) & (4128, 98, 4128, t2=t1+(0, 4)) -> (4128, 98, 4128, t3=t2+(1, 7))	2	116
(803, 173, 3899, t1) & (2961, 29, 803, t2=t1+(0, 3)) -> (803, 173, 3899, t3=t2+(1, 6))	2	117
(4346, 173, 2286, t1) & (1513, 59, 4346, t2=t1+(0, 7)) -> (4346, 173, 4346, t3=t2+(1, 4))	2	118
(1632, 153, 1751, t1) & (1751, 50, 1632, t2=t1+(0, 3)) -> (1632, 50, 1751, t3=t2+(1, 7))	2	119
(563, 158, 2300, t1) & (2300, 145, 563, t2=t1+(0, 3)) -> (2300, 158, 563, t3=t2+(1, 3))	2	120
(654, 182, 3639, t1) & (1381, 156, 654, t2=t1+(0, 3)) -> (3639, 156, 3639, t3=t2+(1, 2))	2	121
(2674, 118, 1003, t1) & (1003, 97, 1003, t2=t1+(0, 4)) -> (1003, 118, 1003, t3=t2+(1, 5))	2	122
(4970, 31, 2771, t1) & (4970, 36, 365, t2=t1+(0, 5)) -> (4970, 36, 4970, t3=t2+(1, 2))	2	123
(3352, 161, 1627, t1) & (1389, 168, 3352, t2=t1+(0, 8)) -> (3352, 161, 1389, t3=t2+(1, 5))	2	124
(690, 14, 1160, t1) & (1160, 171, 1160, t2=t1+(0, 6)) -> (690, 171, 690, t3=t2+(1, 6))	2	125
(2242, 26, 979, t1) & (3144, 37, 2242, t2=t1+(0, 6)) -> (3144, 26, 2242, t3=t2+(1, 4))	2	126
(4418, 139, 873, t1) & (931, 94, 873, t2=t1+(0, 1)) -> (873, 94, 4418, t3=t2+(1, 3))	2	127
(4235, 32, 2962, t1) & (4423, 96, 2962, t2=t1+(0, 7)) -> (4423, 32, 2962, t3=t2+(1, 9))	2	128
(3091, 119, 23, t1) & (23, 194, 3091, t2=t1+(0, 7)) -> (23, 119, 23, t3=t2+(1, 5))	2	129
(2615, 37, 665, t1) & (129, 82, 665, t2=t1+(0, 4)) -> (665, 37, 2615, t3=t2+(1, 9))	2	130
(367, 158, 3406, t1) & (934, 123, 367, t2=t1+(0, 6)) -> (934, 123, 3406, t3=t2+(1, 7))	2	131
(3596, 11, 4275, t1) & (4275, 133, 128, t2=t1+(0, 1)) -> (4275, 133, 3596, t3=t2+(1, 9))	2	132
(3089, 9, 834, t1) & (1208, 137, 834, t2=t1+(0, 2)) -> (834, 137, 834, t3=t2+(1, 3))	2	133
(4597, 100, 2291, t1) & (2291, 97, 226, t2=t1+(0, 4)) -> (2291, 100, 2291, t3=t2+(1, 5))	2	134
(1911, 171, 420, t1) & (420, 177, 420, t2=t1+(0, 5)) -> (420, 177, 420, t3=t2+(1, 4))	2	135
(3090, 199, 3318, t1) & (3318, 153, 3090, t2=t1+(0, 6)) -> (3090, 153, 3318, t3=t2+(1, 4))	2	136
(2065, 70, 1817, t1) & (2065, 183, 463, t2=t1+(0, 7)) -> (1817, 70, 1817, t3=t2+(1, 4))	2	137
(3108, 194, 3312, t1) & (834, 28, 3312, t2=t1+(0, 2)) -> (3312, 194, 3312, t3=t2+(1, 6))	2	138
(3767, 154, 814, t1) & (814, 16, 1409, t2=t1+(0, 5)) -> (1409, 16, 814, t3=t2+(1, 1))	2	139
(1898, 180, 2243, t1) & (4238, 25, 2243, t2=t1+(0, 6)) -> (1898, 180, 2243, t3=t2+(1, 7))	2	140
(1381, 173, 4849, t1) & (1381, 139, 1381, t2=t1+(0, 4)) -> (1381, 173, 4849, t3=t2+(1, 5))	2	141
(1968, 150, 157, t1) & (157, 78, 157, t2=t1+(0, 5)) -> (1968, 78, 157, t3=t2+(1, 8))	2	142
(1672, 100, 725, t1) & (2674, 52, 725, t2=t1+(0, 5)) -> (2674, 100, 1672, t3=t2+(1, 4))	2	143
(1138, 138, 2630, t1) & (626, 109, 2630, t2=t1+(0, 8)) -> (2630, 109, 2630, t3=t2+(1, 2))	2	144
(2073, 62, 3037, t1) & (4384, 39, 3037, t2=t1+(0, 2)) -> (3037, 39, 2073, t3=t2+(1, 11))	2	145
(3290, 135, 539, t1) & (2391, 31, 539, t2=t1+(0, 4)) -> (539, 135, 539, t3=t2+(1, 1))	2	146
(752, 8, 3402, t1) & (3768, 18, 3402, t2=t1+(0, 5)) -> (752, 8, 3768, t3=t2+(1, 3))	2	147
(4711, 145, 4140, t1) & (3389, 133, 4711, t2=t1+(0, 6)) -> (3389, 133, 4140, t3=t2+(1, 7))	2	148
(2079, 24, 3045, t1) & (3045, 137, 4217, t2=t1+(0, 7)) -> (3045, 137, 4217, t3=t2+(1, 1))	2	149
(1642, 104, 4105, t1) & (4105, 133, 3037, t2=t1+(0, 3)) -> (4105, 104, 1642, t3=t2+(1, 5))	2	150
(4665, 33, 2488, t1) & (4665, 128, 4324, t2=t1+(0, 6)) -> (4665, 128, 4665, t3=t2+(1, 4))	2	151
(1314, 138, 1312, t1) & (1314, 191, 360, t2=t1+(0, 7)) -> (1314, 138, 1314, t3=t2+(1, 6))	2	152
(1150, 80, 725, t1) & (725, 8, 319, t2=t1+(0, 7)) -> (1150, 8, 319, t3=t2+(1, 7))	2	153
(1553, 28, 146, t1) & (4605, 162, 1553, t2=t1+(0, 7)) -> (1553, 162, 1553, t3=t2+(1, 4))	2	154
(2674, 193, 889, t1) & (934, 37, 889, t2=t1+(0, 7)) -> (934, 37, 889, t3=t2+(1, 9))	2	155
(1926, 59, 146, t1) & (682, 49, 1926, t2=t1+(0, 5)) -> (1926, 49, 1926, t3=t2+(1, 6))	2	156
(3402, 160, 2683, t1) & (3729, 149, 3402, t2=t1+(0, 6)) -> (2683, 149, 3729, t3=t2+(1, 4))	2	157
(2227, 131, 1227, t1) & (1227, 155, 1087, t2=t1+(0, 3)) -> (1227, 155, 1087, t3=t2+(1, 7))	2	158
(3158, 80, 2242, t1) & (3158, 72, 2242, t2=t1+(0, 6)) -> (3158, 72, 3158, t3=t2+(1, 5))	2	159
(2714, 32, 1441, t1) & (2714, 177, 367, t2=t1+(0, 4)) -> (1441, 177, 1441, t3=t2+(1, 5))	2	160
(4387, 124, 463, t1) & (463, 99, 1822, t2=t1+(0, 8)) -> (463, 124, 463, t3=t2+(1, 4))	2	161
(3390, 4, 4242, t1) & (4242, 113, 3175, t2=t1+(0, 4)) -> (4242, 4, 4242, t3=t2+(1, 3))	2	162
(4217, 3, 3612, t1) & (1262, 119, 4217, t2=t1+(0, 7)) -> (3612, 3, 1262, t3=t2+(1, 6))	2	163
(4550, 19, 2192, t1) & (692, 56, 2192, t2=t1+(0, 2)) -> (2192, 19, 2192, t3=t2+(1, 2))	2	164
(3037, 118, 626, t1) & (3037, 88, 2073, t2=t1+(0, 7)) -> (2073, 88, 626, t3=t2+(1, 3))	2	165
(4770, 135, 946, t1) & (4276, 180, 946, t2=t1+(0, 1)) -> (4770, 135, 946, t3=t2+(1, 8))	2	166
(461, 170, 3612, t1) & (3612, 133, 2487, t2=t1+(0, 3)) -> (461, 170, 461, t3=t2+(1, 5))	2	167
(1138, 187, 2828, t1) & (4221, 42, 1138, t2=t1+(0, 4)) -> (2828, 187, 1138, t3=t2+(1, 2))	2	168
(2935, 154, 4275, t1) & (4275, 173, 2569, t2=t1+(0, 6)) -> (2569, 173, 4275, t3=t2+(1, 3))	2	169
(1630, 120, 2243, t1) & (1630, 186, 1630, t2=t1+(0, 2)) -> (1630, 186, 2243, t3=t2+(1, 6))	2	170
(3358, 59, 1817, t1) & (3657, 177, 3358, t2=t1+(0, 10)) -> (1817, 177, 3358, t3=t2+(1, 4))	2	171
(1671, 160, 1189, t1) & (1189, 119, 1671, t2=t1+(0, 10)) -> (1671, 119, 1671, t3=t2+(1, 5))	2	172
(4024, 171, 3189, t1) & (4024, 153, 3189, t2=t1+(0, 6)) -> (4024, 153, 3189, t3=t2+(1, 4))	2	173
(4523, 37, 1817, t1) & (4523, 177, 4100, t2=t1+(0, 2)) -> (4523, 37, 1817, t3=t2+(1, 5))	2	174
(3488, 180, 1952, t1) & (1952, 59, 1160, t2=t1+(0, 5)) -> (1952, 180, 1952, t3=t2+(1, 4))	2	175
(4423, 199, 2727, t1) & (2727, 6, 4423, t2=t1+(0, 3)) -> (4423, 6, 2727, t3=t2+(1, 3))	2	176
(1941, 161, 4294, t1) & (1941, 16, 335, t2=t1+(0, 6)) -> (335, 16, 335, t3=t2+(1, 2))	2	177
(1990, 162, 1141, t1) & (1990, 171, 1990, t2=t1+(0, 1)) -> (1990, 171, 1990, t3=t2+(1, 5))	2	178
(2077, 162, 2291, t1) & (2291, 103, 1641, t2=t1+(0, 7)) -> (2291, 162, 1641, t3=t2+(1, 3))	2	179
(1813, 72, 226, t1) & (1813, 183, 184, t2=t1+(0, 2)) -> (184, 183, 226, t3=t2+(1, 4))	2	180
(855, 57, 3891, t1) & (855, 161, 855, t2=t1+(0, 2)) -> (855, 57, 855, t3=t2+(1, 4))	2	181
(4241, 175, 434, t1) & (434, 103, 4987, t2=t1+(0, 4)) -> (434, 175, 434, t3=t2+(1, 4))	2	182
(1499, 113, 1616, t1) & (1616, 153, 4217, t2=t1+(0, 3)) -> (1616, 113, 1499, t3=t2+(1, 3))	2	183
(3496, 32, 463, t1) & (725, 131, 3496, t2=t1+(0, 6)) -> (3496, 131, 725, t3=t2+(1, 5))	2	184
(2593, 138, 2674, t1) & (2593, 135, 2674, t2=t1+(0, 2)) -> (2674, 138, 2674, t3=t2+(1, 4))	2	185
(463, 194, 2619, t1) & (2619, 121, 4711, t2=t1+(0, 3)) -> (4711, 121, 4711, t3=t2+(1, 7))	2	186
(2975, 199, 1524, t1) & (2975, 21, 1061, t2=t1+(0, 10)) -> (2975, 21, 2975, t3=t2+(1, 4))	2	187
(316, 172, 1061, t1) & (316, 16, 2065, t2=t1+(0, 6)) -> (1061, 172, 316, t3=t2+(1, 4))	2	188
(1241, 119, 2282, t1) & (2282, 135, 4145, t2=t1+(0, 4)) -> (2282, 119, 1241, t3=t2+(1, 8))	2	189
(3729, 114, 3144, t1) & (4884, 37, 3729, t2=t1+(0, 4)) -> (3729, 114, 4884, t3=t2+(1, 5))	2	190
(1079, 138, 690, t1) & (855, 35, 690, t2=t1+(0, 3)) -> (690, 138, 690, t3=t2+(1, 5))	2	191
(2800, 131, 3403, t1) & (2800, 4, 3108, t2=t1+(0, 4)) -> (3403, 4, 2800, t3=t2+(1, 6))	2	192
(3589, 168, 2553, t1) & (3589, 112, 4035, t2=t1+(0, 10)) -> (3589, 112, 4035, t3=t2+(1, 3))	2	193
(887, 132, 1441, t1) & (1441, 59, 1441, t2=t1+(0, 4)) -> (887, 59, 1441, t3=t2+(1, 1))	2	194
(4523, 106, 2869, t1) & (4523, 77, 2869, t2=t1+(0, 3)) -> (4523, 77, 2869, t3=t2+(1, 3))	2	195
(563, 140, 281, t1) & (563, 57, 281, t2=t1+(0, 4)) -> (563, 57, 563, t3=t2+(1, 4))	2	196
(2077, 38, 62, t1) & (4346, 144, 2077, t2=t1+(0, 6)) -> (62, 144, 4346, t3=t2+(1, 10))	2	197
(3768, 158, 1291, t1) & (1291, 82, 3768, t2=t1+(0, 5)) -> (1291, 158, 1291, t3=t2+(1, 1))	2	198
(1785, 25, 2420, t1) & (1785, 160, 1785, t2=t1+(0, 4)) -> (1785, 160, 1785, t3=t2+(1, 4))	2	199
(1152, 72, 40, t1) -> (40, 72, 1152, t2=t1+(1, 7))	1	200
(4280, 37, 1329, t1) -> (4280, 37, 1329, t2=t1+(1, 7))	1	201
(169, 140, 4456, t1) -> (169, 140, 169, t2=t1+(1, 5))	1	202
(2748, 8, 346, t1) -> (346, 8, 2748, t2=t1+(1, 3))	1	203
(714, 123, 1297, t1) -> (714, 123, 1297, t2=t1+(1, 3))	1	204
(1147, 161, 463, t1) -> (1147, 161, 1147, t2=t1+(1, 12))	1	205
(24, 158, 2632, t1) -> (24, 158, 2632, t2=t1+(1, 2))	1	206
(1189, 162, 2259, t1) -> (2259, 162, 1189, t2=t1+(1, 4))	1	207
(4843, 82, 367, t1) -> (367, 82, 4843, t2=t1+(1, 7))	1	208
(2079, 56, 4100, t1) -> (4100, 56, 4100, t2=t1+(1, 9))	1	209
(4987, 39, 4884, t1) -> (4884, 39, 4884, t2=t1+(1, 4))	1	210
(752, 92, 2227, t1) -> (2227, 92, 752, t2=t1+(1, 2))	1	211
(4840, 135, 207, t1) -> (4840, 135, 207, t2=t1+(1, 3))	1	212
(1066, 178, 2771, t1) -> (2771, 178, 2771, t2=t1+(1, 3))	1	213
(3407, 145, 179, t1) -> (179, 145, 179, t2=t1+(1, 3))	1	214
(1674, 45, 2640, t1) -> (2640, 45, 2640, t2=t1+(1, 1))	1	215
(4535, 95, 4438, t1) -> (4535, 95, 4438, t2=t1+(1, 7))	1	216
(3406, 32, 1931, t1) -> (3406, 32, 1931, t2=t1+(1, 5))	1	217
(2871, 135, 1290, t1) -> (2871, 135, 1290, t2=t1+(1, 3))	1	218
(4270, 91, 2540, t1) -> (2540, 91, 2540, t2=t1+(1, 6))	1	219
(3809, 168, 3722, t1) -> (3722, 168, 3722, t2=t1+(1, 6))	1	220
(3932, 166, 816, t1) -> (3932, 166, 816, t2=t1+(1, 6))	1	221
(987, 81, 3981, t1) -> (3981, 81, 3981, t2=t1+(1, 6))	1	222
(4987, 56, 3681, t1) -> (3681, 56, 4987, t2=t1+(1, 3))	1	223
(1986, 189, 238, t1) -> (1986, 189, 1986, t2=t1+(1, 5))	1	224
(3496, 33, 3911, t1) -> (3496, 33, 3496, t2=t1+(1, 7))	1	225
(299, 148, 2240, t1) -> (2240, 148, 2240, t2=t1+(1, 6))	1	226
(4523, 21, 3352, t1) -> (4523, 21, 4523, t2=t1+(1, 2))	1	227
(1729, 153, 169, t1) -> (1729, 153, 169, t2=t1+(1, 8))	1	228
(661, 17, 3561, t1) -> (661, 17, 661, t2=t1+(1, 4))	1	229
(1477, 146, 2771, t1) -> (1477, 146, 2771, t2=t1+(1, 3))	1	230
(3403, 58, 3771, t1) -> (3771, 58, 3403, t2=t1+(1, 7))	1	231
(2077, 188, 3211, t1) -> (3211, 188, 2077, t2=t1+(1, 1))	1	232
(2065, 115, 2300, t1) -> (2065, 115, 2300, t2=t1+(1, 9))	1	233
(1582, 171, 2488, t1) -> (1582, 171, 1582, t2=t1+(1, 3))	1	234
(2415, 96, 3102, t1) -> (3102, 96, 2415, t2=t1+(1, 4))	1	235
(4221, 123, 855, t1) -> (855, 123, 855, t2=t1+(1, 5))	1	236
(2771, 132, 3942, t1) -> (3942, 132, 2771, t2=t1+(1, 7))	1	237
(3910, 103, 1627, t1) -> (3910, 103, 1627, t2=t1+(1, 4))	1	238
(350, 99, 2004, t1) -> (2004, 99, 2004, t2=t1+(1, 7))	1	239
(169, 135, 4151, t1) -> (169, 135, 169, t2=t1+(1, 6))	1	240
(3729, 191, 3295, t1) -> (3729, 191, 3295, t2=t1+(1, 1))	1	241
(4894, 195, 3827, t1) -> (4894, 195, 4894, t2=t1+(1, 2))	1	242
(3827, 3, 654, t1) -> (3827, 3, 3827, t2=t1+(1, 3))	1	243
(139, 114, 3039, t1) -> (139, 114, 3039, t2=t1+(1, 4))	1	244
(4475, 9, 1061, t1) -> (4475, 9, 1061, t2=t1+(1, 6))	1	245
(4407, 57, 1318, t1) -> (1318, 57, 4407, t2=t1+(1, 8))	1	246
(3612, 186, 2291, t1) -> (3612, 186, 3612, t2=t1+(1, 5))	1	247
(3189, 179, 168, t1) -> (3189, 179, 168, t2=t1+(1, 6))	1	248
(669, 67, 1969, t1) -> (669, 67, 669, t2=t1+(1, 4))	1	249
(2285, 43, 725, t1) -> (725, 43, 2285, t2=t1+(1, 2))	1	250
(3125, 135, 1189, t1) -> (1189, 135, 1189, t2=t1+(1, 8))	1	251
(2113, 103, 2593, t1) -> (2113, 103, 2113, t2=t1+(1, 6))	1	252
(1090, 96, 803, t1) -> (1090, 96, 1090, t2=t1+(1, 5))	1	253
(2790, 21, 3172, t1) -> (3172, 21, 2790, t2=t1+(1, 3))	1	254
(3208, 119, 714, t1) -> (3208, 119, 714, t2=t1+(1, 4))	1	255
(4151, 100, 2674, t1) -> (4151, 100, 4151, t2=t1+(1, 4))	1	256
(1312, 72, 3091, t1) -> (1312, 72, 1312, t2=t1+(1, 2))	1	257
(2272, 21, 4784, t1) -> (4784, 21, 2272, t2=t1+(1, 1))	1	258
(871, 155, 4970, t1) -> (4970, 155, 871, t2=t1+(1, 1))	1	259
(1075, 22, 4384, t1) -> (1075, 22, 4384, t2=t1+(1, 7))	1	260
(3175, 3, 2445, t1) -> (2445, 3, 3175, t2=t1+(1, 6))	1	261
(4402, 130, 3307, t1) -> (3307, 130, 4402, t2=t1+(1, 15))	1	262
(226, 144, 3142, t1) -> (226, 144, 226, t2=t1+(1, 9))	1	263
(3291, 166, 3189, t1) -> (3189, 166, 3291, t2=t1+(1, 6))	1	264
(49, 182, 4165, t1) -> (49, 182, 49, t2=t1+(1, 9))	1	265
(744, 98, 1339, t1) -> (744, 98, 1339, t2=t1+(1, 5))	1	266
(230, 20, 1234, t1) -> (1234, 20, 1234, t2=t1+(1, 8))	1	267
(4151, 11, 1598, t1) -> (1598, 11, 4151, t2=t1+(1, 5))	1	268
(3090, 147, 4579, t1) -> (4579, 147, 3090, t2=t1+(1, 3))	1	269
(3091, 140, 2077, t1) -> (3091, 140, 2077, t2=t1+(1, 3))	1	270
(4407, 30, 3889, t1) -> (3889, 30, 4407, t2=t1+(1, 2))	1	271
(3144, 140, 3260, t1) -> (3260, 140, 3144, t2=t1+(1, 3))	1	272
(4840, 135, 367, t1) -> (4840, 135, 367, t2=t1+(1, 3))	1	273
(2322, 25, 79, t1) -> (79, 25, 79, t2=t1+(1, 7))	1	274
(2487, 159, 4929, t1) -> (2487, 159, 2487, t2=t1+(1, 8))	1	275
(2291, 145, 725, t1) -> (2291, 145, 725, t2=t1+(1, 4))	1	276
(1508, 120, 169, t1) -> (169, 120, 169, t2=t1+(1, 7))	1	277
(4987, 155, 4242, t1) -> (4987, 155, 4242, t2=t1+(1, 4))	1	278
(2227, 138, 4221, t1) -> (2227, 138, 4221, t2=t1+(1, 4))	1	279
(2828, 92, 23, t1) -> (2828, 92, 23, t2=t1+(1, 7))	1	280
(4979, 145, 3455, t1) -> (4979, 145, 3455, t2=t1+(1, 3))	1	281
(1691, 17, 714, t1) -> (1691, 17, 714, t2=t1+(1, 10))	1	282
(4024, 175, 3701, t1) -> (4024, 175, 4024, t2=t1+(1, 4))	1	283
(712, 114, 665, t1) -> (712, 114, 712, t2=t1+(1, 5))	1	284
(594, 35, 4734, t1) -> (594, 35, 4734, t2=t1+(1, 4))	1	285
(3723, 180, 3743, t1) -> (3723, 180, 3723, t2=t1+(1, 7))	1	286
(3760, 25, 4438, t1) -> (4438, 25, 4438, t2=t1+(1, 11))	1	287
(1189, 2, 2340, t1) -> (2340, 2, 2340, t2=t1+(1, 8))	1	288
(1746, 144, 1262, t1) -> (1746, 144, 1746, t2=t1+(1, 8))	1	289
(4669, 61, 2540, t1) -> (4669, 61, 4669, t2=t1+(1, 3))	1	290
(1314, 186, 857, t1) -> (857, 186, 857, t2=t1+(1, 5))	1	291
(2300, 134, 365, t1) -> (365, 134, 365, t2=t1+(1, 5))	1	292
(1817, 194, 3539, t1) -> (3539, 194, 3539, t2=t1+(1, 8))	1	293
(4221, 133, 2569, t1) -> (4221, 133, 2569, t2=t1+(1, 7))	1	294
(1611, 100, 310, t1) -> (310, 100, 310, t2=t1+(1, 6))	1	295
(4281, 146, 3596, t1) -> (3596, 146, 4281, t2=t1+(1, 7))	1	296
(226, 130, 3496, t1) -> (226, 130, 3496, t2=t1+(1, 9))	1	297
(3596, 57, 3697, t1) -> (3697, 57, 3697, t2=t1+(1, 4))	1	298
(1441, 50, 611, t1) -> (1441, 50, 611, t2=t1+(1, 2))	1	299
