(163, 31, 3192, t1) & (3431, 82, 2611, t2=t1+(0, 6)) & (163, 155, 2611, t3=t2+(0, 4)) -> (163, 31, 2611, t4=t3+(1, 8))	3	0
(3613, 75, 4538, t1) & (2944, 134, 475, t2=t1+(0, 7)) & (2944, 113, 4538, t3=t2+(0, 5)) -> (4538, 134, 2944, t4=t3+(1, 4))	3	1
(3540, 148, 2076, t1) & (1927, 42, 1089, t2=t1+(0, 1)) & (1089, 21, 3540, t3=t2+(0, 9)) -> (1089, 21, 3540, t4=t3+(1, 8))	3	2
(2148, 82, 86, t1) & (1266, 120, 560, t2=t1+(0, 5)) & (86, 72, 1266, t3=t2+(0, 4)) -> (1266, 72, 86, t4=t3+(1, 4))	3	3
(1369, 158, 3645, t1) & (814, 37, 4919, t2=t1+(0, 5)) & (1369, 110, 814, t3=t2+(0, 3)) -> (4919, 158, 3645, t4=t3+(1, 3))	3	4
(3169, 149, 613, t1) & (3094, 23, 4222, t2=t1+(0, 4)) & (4222, 155, 3169, t3=t2+(0, 6)) -> (613, 23, 3094, t4=t3+(1, 5))	3	5
(3612, 170, 3955, t1) & (2273, 123, 826, t2=t1+(0, 7)) & (3612, 155, 826, t3=t2+(0, 6)) -> (2273, 155, 3612, t4=t3+(1, 5))	3	6
(2478, 111, 4509, t1) & (4601, 60, 1214, t2=t1+(0, 2)) & (4509, 51, 4601, t3=t2+(0, 0)) -> (4509, 111, 4509, t4=t3+(1, 6))	3	7
(132, 168, 3062, t1) & (1997, 107, 3179, t2=t1+(0, 4)) & (1997, 193, 132, t3=t2+(0, 4)) -> (132, 193, 1997, t4=t3+(1, 4))	3	8
(335, 181, 4113, t1) & (904, 72, 1441, t2=t1+(0, 7)) & (904, 152, 335, t3=t2+(0, 7)) -> (335, 181, 904, t4=t3+(1, 1))	3	9
(4044, 106, 1636, t1) & (102, 94, 4185, t2=t1+(0, 1)) & (102, 1, 4044, t3=t2+(0, 5)) -> (4044, 106, 1636, t4=t3+(1, 6))	3	10
(635, 115, 847, t1) & (2412, 6, 1452, t2=t1+(0, 2)) & (847, 123, 2412, t3=t2+(0, 4)) -> (2412, 123, 1452, t4=t3+(1, 5))	3	11
(4086, 22, 3450, t1) & (3012, 95, 2916, t2=t1+(0, 5)) & (3450, 21, 3012, t3=t2+(0, 6)) -> (3450, 22, 3450, t4=t3+(1, 4))	3	12
(2659, 194, 2790, t1) & (3279, 187, 2305, t2=t1+(0, 3)) & (3279, 76, 2659, t3=t2+(0, 6)) -> (3279, 187, 3279, t4=t3+(1, 3))	3	13
(4259, 169, 3105, t1) & (58, 103, 2820, t2=t1+(0, 3)) & (3105, 161, 2820, t3=t2+(0, 6)) -> (2820, 169, 3105, t4=t3+(1, 6))	3	14
(4542, 47, 3880, t1) & (1725, 79, 4608, t2=t1+(0, 9)) & (3880, 43, 4608, t3=t2+(0, 5)) -> (3880, 43, 1725, t4=t3+(1, 2))	3	15
(4647, 71, 42, t1) & (4584, 8, 47, t2=t1+(0, 5)) & (4647, 91, 4584, t3=t2+(0, 7)) -> (47, 91, 42, t4=t3+(1, 5))	3	16
(600, 128, 1144, t1) & (354, 152, 3945, t2=t1+(0, 4)) & (600, 170, 354, t3=t2+(0, 2)) -> (600, 128, 600, t4=t3+(1, 7))	3	17
(4662, 58, 3012, t1) & (1706, 183, 4474, t2=t1+(0, 4)) & (1706, 89, 4662, t3=t2+(0, 5)) -> (4662, 58, 1706, t4=t3+(1, 2))	3	18
(4282, 47, 2988, t1) & (3955, 27, 4463, t2=t1+(0, 4)) & (4463, 175, 2988, t3=t2+(0, 3)) -> (4463, 175, 2988, t4=t3+(1, 5))	3	19
(4177, 79, 4817, t1) & (4501, 49, 1344, t2=t1+(0, 10)) & (4177, 33, 4501, t3=t2+(0, 6)) -> (4501, 79, 4817, t4=t3+(1, 5))	3	20
(3169, 84, 4193, t1) & (141, 26, 1454, t2=t1+(0, 3)) & (4193, 124, 1454, t3=t2+(0, 8)) -> (4193, 26, 141, t4=t3+(1, 7))	3	21
(4937, 15, 3294, t1) & (1092, 39, 299, t2=t1+(0, 3)) & (299, 119, 3294, t3=t2+(0, 3)) -> (299, 119, 299, t4=t3+(1, 8))	3	22
(136, 91, 2619, t1) & (730, 156, 3493, t2=t1+(0, 5)) & (2619, 148, 3493, t3=t2+(0, 3)) -> (730, 91, 2619, t4=t3+(1, 4))	3	23
(1258, 136, 1379, t1) & (3351, 55, 3958, t2=t1+(0, 5)) & (3351, 141, 1379, t3=t2+(0, 6)) -> (1379, 141, 3351, t4=t3+(1, 2))	3	24
(1404, 67, 3782, t1) & (2523, 176, 4769, t2=t1+(0, 4)) & (1404, 109, 2523, t3=t2+(0, 4)) -> (1404, 109, 3782, t4=t3+(1, 5))	3	25
(1549, 121, 563, t1) & (3315, 28, 1331, t2=t1+(0, 3)) & (3315, 144, 1549, t3=t2+(0, 6)) -> (563, 121, 3315, t4=t3+(1, 4))	3	26
(4920, 49, 996, t1) & (1484, 170, 14, t2=t1+(0, 2)) & (4920, 144, 14, t3=t2+(0, 2)) -> (996, 170, 4920, t4=t3+(1, 8))	3	27
(1917, 16, 1415, t1) & (1782, 56, 3083, t2=t1+(0, 3)) & (1415, 198, 1782, t3=t2+(0, 5)) -> (1415, 198, 1917, t4=t3+(1, 10))	3	28
(711, 22, 4632, t1) & (2351, 121, 4463, t2=t1+(0, 6)) & (4463, 41, 4632, t3=t2+(0, 3)) -> (4632, 121, 4463, t4=t3+(1, 3))	3	29
(4269, 119, 3641, t1) & (3584, 4, 3254, t2=t1+(0, 4)) & (3641, 194, 3254, t3=t2+(0, 1)) -> (3254, 119, 4269, t4=t3+(1, 3))	3	30
(2950, 115, 2411, t1) & (2603, 22, 4802, t2=t1+(0, 10)) & (2950, 154, 2603, t3=t2+(0, 3)) -> (2603, 115, 2950, t4=t3+(1, 5))	3	31
(833, 33, 1420, t1) & (4012, 69, 36, t2=t1+(0, 4)) & (1420, 180, 4012, t3=t2+(0, 6)) -> (36, 180, 1420, t4=t3+(1, 4))	3	32
(4228, 40, 562, t1) & (4873, 146, 4479, t2=t1+(0, 5)) & (4873, 72, 4228, t3=t2+(0, 5)) -> (4873, 146, 4228, t4=t3+(1, 7))	3	33
(760, 196, 1701, t1) & (2938, 114, 968, t2=t1+(0, 7)) & (968, 37, 1701, t3=t2+(0, 10)) -> (968, 114, 968, t4=t3+(1, 1))	3	34
(4996, 30, 1907, t1) & (445, 65, 178, t2=t1+(0, 5)) & (178, 98, 1907, t3=t2+(0, 4)) -> (445, 30, 178, t4=t3+(1, 5))	3	35
(521, 140, 3166, t1) & (4961, 165, 317, t2=t1+(0, 2)) & (317, 42, 521, t3=t2+(0, 3)) -> (4961, 42, 3166, t4=t3+(1, 8))	3	36
(2108, 28, 1705, t1) & (1017, 132, 41, t2=t1+(0, 8)) & (1017, 74, 1705, t3=t2+(0, 3)) -> (1017, 28, 1017, t4=t3+(1, 8))	3	37
(3157, 100, 2797, t1) & (4846, 74, 2553, t2=t1+(0, 3)) & (2553, 181, 2797, t3=t2+(0, 2)) -> (3157, 74, 2797, t4=t3+(1, 6))	3	38
(4, 32, 2207, t1) & (38, 7, 4895, t2=t1+(0, 5)) & (2207, 190, 38, t3=t2+(0, 6)) -> (2207, 7, 38, t4=t3+(1, 5))	3	39
(815, 153, 4704, t1) & (4529, 167, 4445, t2=t1+(0, 5)) & (4529, 127, 815, t3=t2+(0, 4)) -> (815, 127, 4445, t4=t3+(1, 4))	3	40
(2472, 97, 3494, t1) & (4270, 2, 1466, t2=t1+(0, 6)) & (2472, 64, 1466, t3=t2+(0, 1)) -> (3494, 64, 2472, t4=t3+(1, 4))	3	41
(1141, 130, 4028, t1) & (4428, 162, 4491, t2=t1+(0, 5)) & (4028, 127, 4428, t3=t2+(0, 2)) -> (4428, 130, 4428, t4=t3+(1, 4))	3	42
(4716, 114, 830, t1) & (2606, 114, 3819, t2=t1+(0, 8)) & (830, 118, 2606, t3=t2+(0, 8)) -> (3819, 114, 2606, t4=t3+(1, 6))	3	43
(32, 193, 2421, t1) & (3120, 175, 4695, t2=t1+(0, 5)) & (2421, 141, 4695, t3=t2+(0, 8)) -> (2421, 175, 4695, t4=t3+(1, 7))	3	44
(574, 138, 680, t1) & (1307, 187, 1666, t2=t1+(0, 1)) & (574, 59, 1666, t3=t2+(0, 2)) -> (574, 187, 680, t4=t3+(1, 6))	3	45
(208, 22, 3854, t1) & (3662, 26, 3300, t2=t1+(0, 4)) & (208, 185, 3662, t3=t2+(0, 4)) -> (3854, 185, 3662, t4=t3+(1, 5))	3	46
(635, 99, 1219, t1) & (3082, 77, 1295, t2=t1+(0, 4)) & (1219, 150, 3082, t3=t2+(0, 5)) -> (635, 150, 1219, t4=t3+(1, 6))	3	47
(2394, 66, 4500, t1) & (2364, 62, 2152, t2=t1+(0, 3)) & (2152, 145, 2394, t3=t2+(0, 3)) -> (2152, 66, 2394, t4=t3+(1, 5))	3	48
(2632, 195, 1192, t1) & (1077, 117, 4121, t2=t1+(0, 4)) & (4121, 174, 2632, t3=t2+(0, 6)) -> (4121, 174, 2632, t4=t3+(1, 7))	3	49
(3861, 171, 4206, t1) & (787, 116, 98, t2=t1+(0, 5)) & (4206, 184, 787, t3=t2+(0, 4)) -> (4206, 184, 4206, t4=t3+(1, 7))	3	50
(3188, 178, 2556, t1) & (2373, 168, 4105, t2=t1+(0, 7)) & (2373, 191, 2556, t3=t2+(0, 3)) -> (2556, 178, 2373, t4=t3+(1, 3))	3	51
(3538, 184, 1731, t1) & (3763, 169, 3864, t2=t1+(0, 5)) & (1731, 144, 3763, t3=t2+(0, 7)) -> (3538, 184, 1731, t4=t3+(1, 3))	3	52
(2777, 15, 4358, t1) & (3783, 158, 3350, t2=t1+(0, 5)) & (2777, 105, 3783, t3=t2+(0, 1)) -> (4358, 105, 3783, t4=t3+(1, 4))	3	53
(834, 101, 2765, t1) & (944, 35, 2884, t2=t1+(0, 2)) & (834, 26, 944, t3=t2+(0, 6)) -> (944, 35, 2884, t4=t3+(1, 3))	3	54
(671, 28, 649, t1) & (748, 29, 2856, t2=t1+(0, 7)) & (748, 19, 671, t3=t2+(0, 7)) -> (748, 19, 671, t4=t3+(1, 6))	3	55
(2436, 138, 4485, t1) & (4729, 26, 2667, t2=t1+(0, 4)) & (4485, 75, 4729, t3=t2+(0, 4)) -> (4729, 26, 4729, t4=t3+(1, 3))	3	56
(2768, 155, 1102, t1) & (4582, 155, 900, t2=t1+(0, 10)) & (1102, 13, 900, t3=t2+(0, 3)) -> (900, 155, 4582, t4=t3+(1, 6))	3	57
(1853, 83, 1616, t1) & (3814, 180, 3939, t2=t1+(0, 7)) & (3939, 165, 1853, t3=t2+(0, 6)) -> (3814, 165, 1616, t4=t3+(1, 4))	3	58
(1167, 33, 4032, t1) & (121, 123, 3210, t2=t1+(0, 5)) & (3210, 47, 4032, t3=t2+(0, 7)) -> (1167, 47, 121, t4=t3+(1, 4))	3	59
(1642, 70, 3639, t1) & (4100, 133, 2539, t2=t1+(0, 7)) & (4100, 64, 3639, t3=t2+(0, 9)) -> (3639, 70, 3639, t4=t3+(1, 8))	3	60
(3511, 191, 35, t1) & (3754, 168, 561, t2=t1+(0, 6)) & (561, 171, 3511, t3=t2+(0, 4)) -> (561, 171, 561, t4=t3+(1, 10))	3	61
(4382, 63, 2513, t1) & (1319, 120, 2662, t2=t1+(0, 3)) & (4382, 62, 1319, t3=t2+(0, 7)) -> (4382, 63, 2662, t4=t3+(1, 8))	3	62
(5, 83, 1729, t1) & (4616, 77, 2612, t2=t1+(0, 4)) & (1729, 131, 4616, t3=t2+(0, 7)) -> (4616, 83, 5, t4=t3+(1, 6))	3	63
(4620, 160, 3743, t1) & (2746, 27, 3974, t2=t1+(0, 4)) & (3974, 50, 3743, t3=t2+(0, 5)) -> (3974, 160, 4620, t4=t3+(1, 5))	3	64
(3432, 2, 1628, t1) & (3751, 147, 2299, t2=t1+(0, 3)) & (2299, 196, 1628, t3=t2+(0, 1)) -> (3432, 147, 2299, t4=t3+(1, 12))	3	65
(2128, 160, 185, t1) & (2298, 78, 3363, t2=t1+(0, 8)) & (3363, 36, 2128, t3=t2+(0, 3)) -> (2298, 36, 185, t4=t3+(1, 11))	3	66
(4695, 35, 494, t1) & (939, 67, 3252, t2=t1+(0, 3)) & (3252, 40, 4695, t3=t2+(0, 11)) -> (494, 35, 4695, t4=t3+(1, 3))	3	67
(3427, 131, 1537, t1) & (86, 9, 1816, t2=t1+(0, 3)) & (86, 169, 3427, t3=t2+(0, 5)) -> (3427, 169, 86, t4=t3+(1, 6))	3	68
(4158, 25, 1407, t1) & (1590, 68, 621, t2=t1+(0, 4)) & (621, 15, 1407, t3=t2+(0, 3)) -> (1407, 25, 1590, t4=t3+(1, 6))	3	69
(1354, 26, 4493, t1) & (4639, 157, 3078, t2=t1+(0, 6)) & (1354, 114, 3078, t3=t2+(0, 7)) -> (3078, 114, 4493, t4=t3+(1, 2))	3	70
(4862, 35, 3788, t1) & (4625, 0, 4352, t2=t1+(0, 8)) & (4352, 66, 4862, t3=t2+(0, 6)) -> (4352, 0, 4352, t4=t3+(1, 9))	3	71
(3433, 39, 3863, t1) & (2148, 13, 3814, t2=t1+(0, 8)) & (3863, 101, 3814, t3=t2+(0, 6)) -> (3814, 101, 2148, t4=t3+(1, 4))	3	72
(4721, 198, 245, t1) & (660, 40, 798, t2=t1+(0, 3)) & (245, 39, 660, t3=t2+(0, 2)) -> (245, 40, 660, t4=t3+(1, 6))	3	73
(4267, 103, 2616, t1) & (4585, 81, 1975, t2=t1+(0, 10)) & (2616, 17, 1975, t3=t2+(0, 5)) -> (2616, 17, 2616, t4=t3+(1, 5))	3	74
(3644, 99, 2602, t1) & (1197, 50, 1373, t2=t1+(0, 9)) & (1197, 31, 2602, t3=t2+(0, 6)) -> (1373, 50, 1373, t4=t3+(1, 7))	3	75
(4633, 177, 3316, t1) & (1096, 95, 890, t2=t1+(0, 4)) & (890, 105, 3316, t3=t2+(0, 7)) -> (3316, 95, 1096, t4=t3+(1, 8))	3	76
(2652, 198, 1221, t1) & (2696, 31, 1538, t2=t1+(0, 4)) & (2696, 165, 1221, t3=t2+(0, 5)) -> (2652, 165, 1221, t4=t3+(1, 3))	3	77
(995, 166, 2073, t1) & (2968, 37, 4717, t2=t1+(0, 5)) & (2968, 83, 2073, t3=t2+(0, 6)) -> (4717, 37, 2073, t4=t3+(1, 5))	3	78
(833, 73, 4421, t1) & (378, 66, 2145, t2=t1+(0, 7)) & (833, 138, 378, t3=t2+(0, 5)) -> (833, 138, 378, t4=t3+(1, 4))	3	79
(4560, 175, 3319, t1) & (2230, 161, 2239, t2=t1+(0, 3)) & (2230, 108, 4560, t3=t2+(0, 4)) -> (2230, 175, 2230, t4=t3+(1, 4))	3	80
(2648, 4, 4504, t1) & (2649, 188, 1922, t2=t1+(0, 3)) & (2649, 175, 2648, t3=t2+(0, 12)) -> (2649, 4, 2648, t4=t3+(1, 2))	3	81
(2947, 121, 2116, t1) & (2836, 42, 1389, t2=t1+(0, 5)) & (2116, 123, 1389, t3=t2+(0, 3)) -> (2836, 42, 2116, t4=t3+(1, 6))	3	82
(4597, 17, 1392, t1) & (2398, 78, 3610, t2=t1+(0, 5)) & (3610, 119, 4597, t3=t2+(0, 4)) -> (4597, 78, 4597, t4=t3+(1, 3))	3	83
(1911, 75, 699, t1) & (4934, 140, 3895, t2=t1+(0, 3)) & (4934, 68, 699, t3=t2+(0, 4)) -> (699, 68, 4934, t4=t3+(1, 6))	3	84
(4174, 186, 4052, t1) & (3276, 137, 677, t2=t1+(0, 4)) & (3276, 22, 4052, t3=t2+(0, 7)) -> (3276, 186, 3276, t4=t3+(1, 3))	3	85
(3818, 198, 495, t1) & (2932, 121, 573, t2=t1+(0, 5)) & (495, 4, 2932, t3=t2+(0, 6)) -> (3818, 198, 3818, t4=t3+(1, 3))	3	86
(2867, 54, 119, t1) & (2432, 83, 244, t2=t1+(0, 4)) & (2432, 18, 2867, t3=t2+(0, 4)) -> (244, 54, 2867, t4=t3+(1, 6))	3	87
(4461, 44, 3787, t1) & (3599, 82, 1256, t2=t1+(0, 6)) & (3599, 32, 3787, t3=t2+(0, 5)) -> (3599, 32, 3599, t4=t3+(1, 4))	3	88
(1436, 167, 329, t1) & (1568, 49, 257, t2=t1+(0, 5)) & (1568, 158, 329, t3=t2+(0, 4)) -> (1436, 49, 1436, t4=t3+(1, 4))	3	89
(3490, 60, 3061, t1) & (2961, 19, 1160, t2=t1+(0, 4)) & (2961, 117, 3061, t3=t2+(0, 7)) -> (2961, 19, 3061, t4=t3+(1, 4))	3	90
(2208, 54, 3050, t1) & (3110, 174, 4197, t2=t1+(0, 7)) & (3110, 182, 2208, t3=t2+(0, 4)) -> (3110, 54, 2208, t4=t3+(1, 3))	3	91
(1526, 85, 4776, t1) & (3437, 117, 1580, t2=t1+(0, 5)) & (1526, 167, 1580, t3=t2+(0, 10)) -> (4776, 85, 3437, t4=t3+(1, 5))	3	92
(2705, 183, 264, t1) & (210, 194, 4287, t2=t1+(0, 9)) & (2705, 60, 4287, t3=t2+(0, 8)) -> (4287, 194, 264, t4=t3+(1, 2))	3	93
(946, 196, 3923, t1) & (230, 103, 1223, t2=t1+(0, 4)) & (1223, 67, 3923, t3=t2+(0, 4)) -> (3923, 103, 1223, t4=t3+(1, 7))	3	94
(60, 30, 3571, t1) & (2793, 109, 992, t2=t1+(0, 3)) & (3571, 7, 2793, t3=t2+(0, 6)) -> (2793, 7, 2793, t4=t3+(1, 5))	3	95
(2170, 72, 4102, t1) & (1260, 140, 1710, t2=t1+(0, 3)) & (2170, 132, 1710, t3=t2+(0, 4)) -> (1710, 72, 1710, t4=t3+(1, 1))	3	96
(4918, 65, 4605, t1) & (4256, 105, 3020, t2=t1+(0, 2)) & (4918, 187, 3020, t3=t2+(0, 8)) -> (4256, 65, 3020, t4=t3+(1, 6))	3	97
(3480, 104, 1080, t1) & (2470, 41, 514, t2=t1+(0, 5)) & (514, 0, 3480, t3=t2+(0, 5)) -> (3480, 0, 514, t4=t3+(1, 2))	3	98
(4282, 176, 33, t1) & (2560, 55, 749, t2=t1+(0, 10)) & (4282, 82, 2560, t3=t2+(0, 3)) -> (749, 55, 4282, t4=t3+(1, 4))	3	99
(984, 46, 1113, t1) & (984, 194, 2684, t2=t1+(0, 6)) -> (984, 46, 984, t3=t2+(1, 6))	2	100
(4175, 197, 4928, t1) & (4175, 156, 4928, t2=t1+(0, 6)) -> (4928, 197, 4928, t3=t2+(1, 3))	2	101
(1134, 56, 3753, t1) & (3753, 182, 1134, t2=t1+(0, 3)) -> (1134, 56, 3753, t3=t2+(1, 5))	2	102
(4784, 33, 755, t1) & (755, 40, 2027, t2=t1+(0, 6)) -> (2027, 33, 4784, t3=t2+(1, 7))	2	103
(282, 165, 4495, t1) & (4495, 194, 4705, t2=t1+(0, 3)) -> (4495, 165, 4495, t3=t2+(1, 3))	2	104
(3071, 184, 11, t1) & (3071, 79, 4801, t2=t1+(0, 7)) -> (3071, 79, 4801, t3=t2+(1, 5))	2	105
(2038, 145, 1025, t1) & (1025, 188, 1025, t2=t1+(0, 3)) -> (2038, 145, 1025, t3=t2+(1, 3))	2	106
(3284, 33, 2038, t1) & (3284, 129, 725, t2=t1+(0, 2)) -> (2038, 129, 2038, t3=t2+(1, 5))	2	107
(4350, 73, 2169, t1) & (2169, 34, 2169, t2=t1+(0, 6)) -> (4350, 34, 2169, t3=t2+(1, 3))	2	108
(2619, 35, 2978, t1) & (2978, 181, 192, t2=t1+(0, 7)) -> (2978, 181, 2619, t3=t2+(1, 5))	2	109
(2430, 62, 2489, t1) & (2489, 99, 4369, t2=t1+(0, 5)) -> (2430, 62, 2489, t3=t2+(1, 4))	2	110
(226, 127, 372, t1) & (4893, 79, 372, t2=t1+(0, 2)) -> (226, 127, 226, t3=t2+(1, 3))	2	111
(2510, 172, 4630, t1) & (2510, 121, 1790, t2=t1+(0, 6)) -> (4630, 121, 1790, t3=t2+(1, 5))	2	112
(375, 76, 4032, t1) & (4032, 199, 1488, t2=t1+(0, 3)) -> (1488, 199, 1488, t3=t2+(1, 6))	2	113
(248, 81, 4140, t1) & (248, 49, 4140, t2=t1+(0, 6)) -> (4140, 49, 4140, t3=t2+(1, 3))	2	114
(1740, 138, 789, t1) & (1740, 98, 789, t2=t1+(0, 4)) -> (1740, 138, 789, t3=t2+(1, 2))	2	115
(3284, 51, 1921, t1) & (1054, 163, 3284, t2=t1+(0, 2)) -> (3284, 163, 3284, t3=t2+(1, 5))	2	116
(4767, 76, 4320, t1) & (4767, 91, 4320, t2=t1+(0, 2)) -> (4320, 76, 4767, t3=t2+(1, 11))	2	117
(4457, 136, 866, t1) & (4457, 51, 2528, t2=t1+(0, 7)) -> (2528, 51, 866, t3=t2+(1, 7))	2	118
(4755, 190, 1427, t1) & (3796, 51, 1427, t2=t1+(0, 2)) -> (3796, 51, 4755, t3=t2+(1, 3))	2	119
(2299, 35, 2134, t1) & (2134, 192, 2299, t2=t1+(0, 9)) -> (2134, 35, 2134, t3=t2+(1, 7))	2	120
(483, 141, 2592, t1) & (504, 55, 2592, t2=t1+(0, 10)) -> (2592, 141, 2592, t3=t2+(1, 4))	2	121
(2445, 159, 173, t1) & (2184, 108, 173, t2=t1+(0, 8)) -> (2184, 159, 173, t3=t2+(1, 7))	2	122
(4631, 57, 3300, t1) & (4631, 55, 4631, t2=t1+(0, 4)) -> (4631, 55, 4631, t3=t2+(1, 7))	2	123
(2157, 115, 4855, t1) & (2157, 87, 1638, t2=t1+(0, 5)) -> (1638, 87, 2157, t3=t2+(1, 7))	2	124
(4659, 194, 3805, t1) & (3805, 98, 4659, t2=t1+(0, 4)) -> (4659, 98, 3805, t3=t2+(1, 4))	2	125
(2293, 66, 116, t1) & (116, 141, 3782, t2=t1+(0, 6)) -> (3782, 66, 3782, t3=t2+(1, 3))	2	126
(2305, 61, 321, t1) & (4480, 74, 2305, t2=t1+(0, 8)) -> (2305, 61, 321, t3=t2+(1, 5))	2	127
(1727, 8, 2500, t1) & (512, 65, 2500, t2=t1+(0, 3)) -> (1727, 65, 2500, t3=t2+(1, 6))	2	128
(462, 181, 4189, t1) & (462, 39, 705, t2=t1+(0, 1)) -> (705, 181, 462, t3=t2+(1, 7))	2	129
(2393, 95, 1549, t1) & (2393, 195, 258, t2=t1+(0, 4)) -> (1549, 195, 258, t3=t2+(1, 2))	2	130
(2297, 119, 1792, t1) & (3961, 85, 2297, t2=t1+(0, 3)) -> (3961, 119, 3961, t3=t2+(1, 10))	2	131
(2476, 5, 2724, t1) & (675, 44, 2724, t2=t1+(0, 3)) -> (2724, 44, 2476, t3=t2+(1, 5))	2	132
(1130, 109, 2316, t1) & (1839, 115, 1130, t2=t1+(0, 4)) -> (1130, 115, 1130, t3=t2+(1, 4))	2	133
(3306, 9, 3145, t1) & (3306, 126, 3306, t2=t1+(0, 14)) -> (3145, 126, 3145, t3=t2+(1, 8))	2	134
(2979, 169, 3040, t1) & (4887, 20, 3040, t2=t1+(0, 2)) -> (3040, 169, 4887, t3=t2+(1, 8))	2	135
(4874, 27, 4304, t1) & (4874, 29, 4304, t2=t1+(0, 4)) -> (4304, 27, 4874, t3=t2+(1, 6))	2	136
(1246, 118, 1832, t1) & (684, 13, 1246, t2=t1+(0, 4)) -> (1246, 13, 1246, t3=t2+(1, 4))	2	137
(839, 170, 221, t1) & (2622, 28, 839, t2=t1+(0, 3)) -> (221, 28, 2622, t3=t2+(1, 4))	2	138
(1947, 172, 2962, t1) & (872, 136, 2962, t2=t1+(0, 3)) -> (2962, 172, 872, t3=t2+(1, 6))	2	139
(2632, 92, 2138, t1) & (2138, 179, 4093, t2=t1+(0, 6)) -> (2138, 92, 2632, t3=t2+(1, 9))	2	140
(1973, 91, 890, t1) & (890, 58, 890, t2=t1+(0, 5)) -> (1973, 58, 890, t3=t2+(1, 4))	2	141
(1165, 129, 3675, t1) & (2414, 134, 3675, t2=t1+(0, 3)) -> (3675, 129, 2414, t3=t2+(1, 5))	2	142
(3615, 86, 1849, t1) & (3615, 6, 3615, t2=t1+(0, 3)) -> (1849, 6, 1849, t3=t2+(1, 6))	2	143
(4228, 80, 1393, t1) & (4228, 55, 501, t2=t1+(0, 3)) -> (4228, 80, 4228, t3=t2+(1, 8))	2	144
(3326, 15, 4888, t1) & (4888, 17, 3326, t2=t1+(0, 5)) -> (3326, 17, 4888, t3=t2+(1, 7))	2	145
(2431, 154, 1747, t1) & (1747, 130, 3263, t2=t1+(0, 4)) -> (1747, 154, 1747, t3=t2+(1, 5))	2	146
(3370, 2, 677, t1) & (647, 44, 3370, t2=t1+(0, 7)) -> (3370, 2, 3370, t3=t2+(1, 2))	2	147
(2530, 198, 2554, t1) & (315, 147, 2530, t2=t1+(0, 5)) -> (2530, 198, 2530, t3=t2+(1, 2))	2	148
(906, 38, 3056, t1) & (906, 73, 906, t2=t1+(0, 5)) -> (3056, 38, 3056, t3=t2+(1, 10))	2	149
(2751, 32, 4885, t1) & (4885, 94, 4885, t2=t1+(0, 4)) -> (4885, 94, 4885, t3=t2+(1, 6))	2	150
(4773, 69, 176, t1) & (176, 20, 4773, t2=t1+(0, 6)) -> (4773, 69, 176, t3=t2+(1, 4))	2	151
(3480, 17, 4478, t1) & (3480, 157, 3789, t2=t1+(0, 5)) -> (3480, 157, 3480, t3=t2+(1, 6))	2	152
(2410, 11, 4476, t1) & (4476, 131, 2410, t2=t1+(0, 6)) -> (4476, 131, 4476, t3=t2+(1, 3))	2	153
(4280, 56, 438, t1) & (3953, 43, 4280, t2=t1+(0, 2)) -> (4280, 43, 4280, t3=t2+(1, 8))	2	154
(4923, 129, 2995, t1) & (2995, 75, 2995, t2=t1+(0, 6)) -> (2995, 75, 2995, t3=t2+(1, 6))	2	155
(4785, 58, 1112, t1) & (2555, 167, 4785, t2=t1+(0, 5)) -> (4785, 167, 4785, t3=t2+(1, 5))	2	156
(3502, 6, 2181, t1) & (3502, 186, 3685, t2=t1+(0, 5)) -> (2181, 186, 2181, t3=t2+(1, 7))	2	157
(2187, 158, 3847, t1) & (2187, 63, 1350, t2=t1+(0, 2)) -> (1350, 63, 1350, t3=t2+(1, 5))	2	158
(4892, 45, 4694, t1) & (4892, 102, 2994, t2=t1+(0, 5)) -> (2994, 102, 4892, t3=t2+(1, 4))	2	159
(4414, 148, 2146, t1) & (2146, 167, 4612, t2=t1+(0, 3)) -> (2146, 148, 2146, t3=t2+(1, 4))	2	160
(2045, 23, 4925, t1) & (3036, 51, 2045, t2=t1+(0, 4)) -> (4925, 23, 3036, t3=t2+(1, 3))	2	161
(2370, 75, 1827, t1) & (2370, 108, 4331, t2=t1+(0, 5)) -> (2370, 108, 2370, t3=t2+(1, 8))	2	162
(4152, 146, 1699, t1) & (4152, 126, 643, t2=t1+(0, 5)) -> (4152, 126, 1699, t3=t2+(1, 2))	2	163
(3159, 161, 2908, t1) & (3159, 17, 3434, t2=t1+(0, 8)) -> (3434, 17, 3159, t3=t2+(1, 6))	2	164
(4666, 129, 523, t1) & (4666, 169, 778, t2=t1+(0, 6)) -> (778, 129, 778, t3=t2+(1, 1))	2	165
(4816, 7, 1417, t1) & (1417, 161, 4816, t2=t1+(0, 1)) -> (1417, 161, 1417, t3=t2+(1, 4))	2	166
(535, 111, 134, t1) & (1216, 60, 134, t2=t1+(0, 3)) -> (535, 60, 134, t3=t2+(1, 3))	2	167
(4265, 179, 1748, t1) & (4265, 54, 271, t2=t1+(0, 4)) -> (1748, 179, 4265, t3=t2+(1, 4))	2	168
(1394, 111, 1377, t1) & (1377, 177, 383, t2=t1+(0, 7)) -> (1377, 177, 1377, t3=t2+(1, 6))	2	169
(3227, 173, 4206, t1) & (3227, 22, 4206, t2=t1+(0, 8)) -> (4206, 173, 4206, t3=t2+(1, 10))	2	170
(2921, 70, 2378, t1) & (2533, 29, 2378, t2=t1+(0, 1)) -> (2533, 29, 2378, t3=t2+(1, 3))	2	171
(2806, 148, 3406, t1) & (2806, 153, 2806, t2=t1+(0, 5)) -> (2806, 153, 3406, t3=t2+(1, 6))	2	172
(4243, 51, 716, t1) & (716, 110, 1020, t2=t1+(0, 5)) -> (1020, 110, 1020, t3=t2+(1, 5))	2	173
(4735, 125, 3992, t1) & (1563, 111, 3992, t2=t1+(0, 2)) -> (3992, 111, 3992, t3=t2+(1, 3))	2	174
(862, 89, 204, t1) & (2603, 15, 862, t2=t1+(0, 4)) -> (204, 89, 862, t3=t2+(1, 5))	2	175
(1741, 90, 2199, t1) & (1506, 75, 2199, t2=t1+(0, 3)) -> (1506, 90, 2199, t3=t2+(1, 4))	2	176
(1899, 90, 4944, t1) & (3822, 104, 1899, t2=t1+(0, 5)) -> (4944, 90, 1899, t3=t2+(1, 5))	2	177
(4991, 20, 3714, t1) & (120, 160, 4991, t2=t1+(0, 5)) -> (3714, 160, 3714, t3=t2+(1, 5))	2	178
(1397, 138, 1236, t1) & (4334, 30, 1397, t2=t1+(0, 6)) -> (4334, 30, 1236, t3=t2+(1, 5))	2	179
(3881, 101, 1862, t1) & (3881, 91, 1862, t2=t1+(0, 5)) -> (1862, 91, 1862, t3=t2+(1, 7))	2	180
(2768, 148, 1201, t1) & (2768, 76, 2791, t2=t1+(0, 3)) -> (2768, 148, 2768, t3=t2+(1, 2))	2	181
(1847, 54, 3506, t1) & (3506, 105, 1296, t2=t1+(0, 6)) -> (1847, 105, 1296, t3=t2+(1, 5))	2	182
(443, 22, 2625, t1) & (1900, 150, 443, t2=t1+(0, 10)) -> (443, 150, 443, t3=t2+(1, 4))	2	183
(3219, 10, 3700, t1) & (3219, 13, 3219, t2=t1+(0, 3)) -> (3219, 10, 3219, t3=t2+(1, 6))	2	184
(2548, 15, 2296, t1) & (2548, 188, 2296, t2=t1+(0, 7)) -> (2296, 188, 2548, t3=t2+(1, 7))	2	185
(2450, 27, 1560, t1) & (1560, 87, 2450, t2=t1+(0, 3)) -> (2450, 27, 1560, t3=t2+(1, 8))	2	186
(2368, 111, 502, t1) & (2368, 161, 502, t2=t1+(0, 6)) -> (2368, 161, 2368, t3=t2+(1, 3))	2	187
(4384, 145, 1244, t1) & (1820, 83, 4384, t2=t1+(0, 8)) -> (1244, 83, 4384, t3=t2+(1, 3))	2	188
(2173, 120, 1677, t1) & (2173, 21, 2173, t2=t1+(0, 3)) -> (2173, 120, 2173, t3=t2+(1, 5))	2	189
(3172, 183, 4639, t1) & (4639, 50, 2043, t2=t1+(0, 4)) -> (4639, 50, 4639, t3=t2+(1, 5))	2	190
(3043, 175, 3833, t1) & (3833, 178, 1115, t2=t1+(0, 1)) -> (3043, 175, 3043, t3=t2+(1, 8))	2	191
(4277, 117, 3748, t1) & (1952, 186, 4277, t2=t1+(0, 9)) -> (1952, 186, 1952, t3=t2+(1, 5))	2	192
(3343, 197, 3441, t1) & (4845, 41, 3441, t2=t1+(0, 9)) -> (4845, 197, 3343, t3=t2+(1, 4))	2	193
(581, 10, 3675, t1) & (4576, 9, 581, t2=t1+(0, 6)) -> (3675, 10, 4576, t3=t2+(1, 7))	2	194
(2040, 161, 3965, t1) & (2040, 116, 2661, t2=t1+(0, 5)) -> (2661, 161, 2661, t3=t2+(1, 3))	2	195
(475, 69, 1606, t1) & (1606, 67, 1606, t2=t1+(0, 5)) -> (1606, 67, 1606, t3=t2+(1, 6))	2	196
(3467, 198, 3750, t1) & (3069, 50, 3750, t2=t1+(0, 0)) -> (3750, 50, 3467, t3=t2+(1, 3))	2	197
(3918, 13, 2212, t1) & (3929, 86, 3918, t2=t1+(0, 6)) -> (2212, 13, 3918, t3=t2+(1, 4))	2	198
(3480, 174, 562, t1) & (748, 84, 3480, t2=t1+(0, 5)) -> (748, 84, 3480, t3=t2+(1, 4))	2	199
(3263, 137, 2049, t1) -> (3263, 137, 3263, t2=t1+(1, 7))	1	200
(4724, 84, 4195, t1) -> (4724, 84, 4195, t2=t1+(1, 3))	1	201
(4576, 35, 675, t1) -> (675, 35, 4576, t2=t1+(1, 7))	1	202
(4915, 160, 1568, t1) -> (1568, 160, 1568, t2=t1+(1, 3))	1	203
(3593, 89, 2045, t1) -> (3593, 89, 3593, t2=t1+(1, 4))	1	204
(3950, 173, 4305, t1) -> (4305, 173, 3950, t2=t1+(1, 4))	1	205
(4827, 79, 1120, t1) -> (4827, 79, 4827, t2=t1+(1, 5))	1	206
(1465, 177, 2006, t1) -> (1465, 177, 1465, t2=t1+(1, 1))	1	207
(4771, 9, 1964, t1) -> (1964, 9, 4771, t2=t1+(1, 5))	1	208
(4576, 36, 92, t1) -> (92, 36, 92, t2=t1+(1, 8))	1	209
(788, 176, 3537, t1) -> (3537, 176, 3537, t2=t1+(1, 3))	1	210
(3339, 184, 3068, t1) -> (3339, 184, 3339, t2=t1+(1, 5))	1	211
(4302, 33, 2512, t1) -> (2512, 33, 4302, t2=t1+(1, 4))	1	212
(612, 185, 510, t1) -> (612, 185, 510, t2=t1+(1, 3))	1	213
(1306, 144, 4064, t1) -> (4064, 144, 1306, t2=t1+(1, 4))	1	214
(4814, 111, 613, t1) -> (613, 111, 613, t2=t1+(1, 6))	1	215
(3653, 4, 1741, t1) -> (3653, 4, 3653, t2=t1+(1, 4))	1	216
(2232, 98, 1520, t1) -> (2232, 98, 2232, t2=t1+(1, 3))	1	217
(3493, 185, 2643, t1) -> (2643, 185, 3493, t2=t1+(1, 4))	1	218
(2644, 6, 2712, t1) -> (2644, 6, 2644, t2=t1+(1, 6))	1	219
(2235, 137, 3801, t1) -> (3801, 137, 2235, t2=t1+(1, 5))	1	220
(2429, 76, 3357, t1) -> (2429, 76, 2429, t2=t1+(1, 2))	1	221
(4526, 10, 802, t1) -> (802, 10, 4526, t2=t1+(1, 6))	1	222
(1240, 83, 2506, t1) -> (1240, 83, 2506, t2=t1+(1, 2))	1	223
(36, 56, 784, t1) -> (784, 56, 784, t2=t1+(1, 4))	1	224
(3337, 168, 916, t1) -> (3337, 168, 3337, t2=t1+(1, 6))	1	225
(1733, 100, 2858, t1) -> (2858, 100, 2858, t2=t1+(1, 7))	1	226
(4664, 150, 1290, t1) -> (1290, 150, 4664, t2=t1+(1, 5))	1	227
(144, 92, 3180, t1) -> (3180, 92, 3180, t2=t1+(1, 6))	1	228
(2830, 174, 3664, t1) -> (3664, 174, 3664, t2=t1+(1, 2))	1	229
(3219, 21, 3529, t1) -> (3219, 21, 3219, t2=t1+(1, 4))	1	230
(1520, 103, 1356, t1) -> (1520, 103, 1356, t2=t1+(1, 9))	1	231
(1293, 197, 1214, t1) -> (1293, 197, 1214, t2=t1+(1, 4))	1	232
(2379, 6, 4280, t1) -> (2379, 6, 4280, t2=t1+(1, 8))	1	233
(159, 97, 2727, t1) -> (159, 97, 159, t2=t1+(1, 7))	1	234
(3262, 31, 861, t1) -> (861, 31, 861, t2=t1+(1, 4))	1	235
(177, 136, 1154, t1) -> (1154, 136, 1154, t2=t1+(1, 5))	1	236
(37, 112, 325, t1) -> (37, 112, 37, t2=t1+(1, 5))	1	237
(3836, 107, 2765, t1) -> (3836, 107, 3836, t2=t1+(1, 6))	1	238
(1016, 30, 3924, t1) -> (3924, 30, 1016, t2=t1+(1, 5))	1	239
(3449, 178, 3118, t1) -> (3449, 178, 3118, t2=t1+(1, 1))	1	240
(778, 143, 3353, t1) -> (3353, 143, 3353, t2=t1+(1, 1))	1	241
(2660, 0, 1371, t1) -> (2660, 0, 1371, t2=t1+(1, 3))	1	242
(2646, 42, 183, t1) -> (183, 42, 2646, t2=t1+(1, 2))	1	243
(1043, 39, 2517, t1) -> (1043, 39, 2517, t2=t1+(1, 7))	1	244
(3410, 38, 1761, t1) -> (3410, 38, 3410, t2=t1+(1, 5))	1	245
(19, 46, 2781, t1) -> (2781, 46, 19, t2=t1+(1, 7))	1	246
(293, 146, 1920, t1) -> (1920, 146, 293, t2=t1+(1, 2))	1	247
(2361, 66, 3501, t1) -> (3501, 66, 3501, t2=t1+(1, 7))	1	248
(827, 164, 4896, t1) -> (827, 164, 4896, t2=t1+(1, 6))	1	249
(1508, 101, 3529, t1) -> (3529, 101, 3529, t2=t1+(1, 5))	1	250
(2020, 53, 2299, t1) -> (2299, 53, 2020, t2=t1+(1, 3))	1	251
(4842, 177, 150, t1) -> (150, 177, 4842, t2=t1+(1, 4))	1	252
(886, 2, 804, t1) -> (804, 2, 804, t2=t1+(1, 5))	1	253
(1265, 38, 579, t1) -> (1265, 38, 1265, t2=t1+(1, 4))	1	254
(3762, 127, 2678, t1) -> (3762, 127, 3762, t2=t1+(1, 5))	1	255
(1436, 80, 2882, t1) -> (1436, 80, 2882, t2=t1+(1, 10))	1	256
(4880, 5, 3330, t1) -> (3330, 5, 4880, t2=t1+(1, 5))	1	257
(3362, 180, 2482, t1) -> (2482, 180, 3362, t2=t1+(1, 3))	1	258
(4781, 85, 2061, t1) -> (4781, 85, 4781, t2=t1+(1, 7))	1	259
(1540, 1, 2478, t1) -> (2478, 1, 2478, t2=t1+(1, 2))	1	260
(2163, 104, 1923, t1) -> (2163, 104, 1923, t2=t1+(1, 5))	1	261
(1086, 35, 1597, t1) -> (1086, 35, 1597, t2=t1+(1, 7))	1	262
(2219, 99, 3662, t1) -> (2219, 99, 3662, t2=t1+(1, 2))	1	263
(5, 159, 4974, t1) -> (4974, 159, 4974, t2=t1+(1, 8))	1	264
(2432, 159, 2077, t1) -> (2077, 159, 2432, t2=t1+(1, 8))	1	265
(2665, 197, 870, t1) -> (2665, 197, 870, t2=t1+(1, 4))	1	266
(657, 59, 977, t1) -> (657, 59, 657, t2=t1+(1, 7))	1	267
(3593, 194, 951, t1) -> (951, 194, 951, t2=t1+(1, 7))	1	268
(4893, 157, 811, t1) -> (811, 157, 811, t2=t1+(1, 5))	1	269
(3247, 95, 835, t1) -> (835, 95, 835, t2=t1+(1, 6))	1	270
(270, 177, 2621, t1) -> (2621, 177, 2621, t2=t1+(1, 4))	1	271
(4580, 192, 1878, t1) -> (4580, 192, 1878, t2=t1+(1, 3))	1	272
(3336, 121, 2174, t1) -> (3336, 121, 3336, t2=t1+(1, 8))	1	273
(3557, 62, 3926, t1) -> (3926, 62, 3926, t2=t1+(1, 6))	1	274
(1461, 23, 4437, t1) -> (4437, 23, 1461, t2=t1+(1, 2))	1	275
(3527, 192, 3378, t1) -> (3378, 192, 3378, t2=t1+(1, 7))	1	276
(601, 69, 4370, t1) -> (4370, 69, 601, t2=t1+(1, 2))	1	277
(3884, 117, 2836, t1) -> (3884, 117, 2836, t2=t1+(1, 2))	1	278
(1671, 143, 940, t1) -> (1671, 143, 1671, t2=t1+(1, 6))	1	279
(4004, 181, 4652, t1) -> (4004, 181, 4004, t2=t1+(1, 4))	1	280
(1135, 19, 922, t1) -> (1135, 19, 922, t2=t1+(1, 5))	1	281
(77, 9, 1880, t1) -> (1880, 9, 77, t2=t1+(1, 6))	1	282
(4303, 199, 4636, t1) -> (4303, 199, 4636, t2=t1+(1, 4))	1	283
(3032, 114, 512, t1) -> (512, 114, 512, t2=t1+(1, 3))	1	284
(1276, 180, 3251, t1) -> (3251, 180, 3251, t2=t1+(1, 7))	1	285
(4577, 30, 2967, t1) -> (2967, 30, 4577, t2=t1+(1, 8))	1	286
(4753, 90, 4404, t1) -> (4404, 90, 4404, t2=t1+(1, 4))	1	287
(1347, 151, 969, t1) -> (969, 151, 969, t2=t1+(1, 3))	1	288
(2959, 176, 2646, t1) -> (2959, 176, 2646, t2=t1+(1, 4))	1	289
(2227, 35, 681, t1) -> (2227, 35, 681, t2=t1+(1, 3))	1	290
(928, 121, 3632, t1) -> (3632, 121, 928, t2=t1+(1, 6))	1	291
(4146, 49, 1209, t1) -> (1209, 49, 4146, t2=t1+(1, 3))	1	292
(3534, 71, 1454, t1) -> (1454, 71, 1454, t2=t1+(1, 11))	1	293
(2762, 150, 1787, t1) -> (2762, 150, 1787, t2=t1+(1, 9))	1	294
(827, 8, 3763, t1) -> (3763, 8, 3763, t2=t1+(1, 6))	1	295
(4924, 82, 4095, t1) -> (4924, 82, 4095, t2=t1+(1, 2))	1	296
(2764, 20, 2340, t1) -> (2764, 20, 2764, t2=t1+(1, 4))	1	297
(4226, 180, 2636, t1) -> (4226, 180, 2636, t2=t1+(1, 2))	1	298
(1797, 114, 2249, t1) -> (2249, 114, 2249, t2=t1+(1, 6))	1	299
