(3834, 180, 4271, t1) & (2633, 114, 3453, t2=t1+(0, 4)) & (3834, 54, 2633, t3=t2+(0, 3)) -> (3453, 54, 2633, t4=t3+(1, 3))	3	0
(347, 114, 4548, t1) & (670, 129, 1744, t2=t1+(0, 5)) & (670, 58, 4548, t3=t2+(0, 2)) -> (1744, 114, 670, t4=t3+(1, 7))	3	1
(3831, 25, 1461, t1) & (3066, 18, 1918, t2=t1+(0, 5)) & (3066, 86, 3831, t3=t2+(0, 2)) -> (1918, 86, 3831, t4=t3+(1, 5))	3	2
(2514, 73, 783, t1) & (4743, 86, 58, t2=t1+(0, 5)) & (2514, 152, 58, t3=t2+(0, 5)) -> (2514, 152, 2514, t4=t3+(1, 3))	3	3
(3792, 2, 1025, t1) & (4109, 163, 802, t2=t1+(0, 2)) & (4109, 32, 1025, t3=t2+(0, 7)) -> (1025, 32, 1025, t4=t3+(1, 6))	3	4
(3114, 45, 4161, t1) & (1506, 43, 649, t2=t1+(0, 6)) & (1506, 184, 3114, t3=t2+(0, 4)) -> (3114, 43, 1506, t4=t3+(1, 4))	3	5
(3448, 163, 706, t1) & (4819, 126, 4241, t2=t1+(0, 3)) & (3448, 137, 4819, t3=t2+(0, 7)) -> (3448, 126, 4819, t4=t3+(1, 5))	3	6
(625, 91, 1513, t1) & (4699, 180, 507, t2=t1+(0, 4)) & (4699, 78, 625, t3=t2+(0, 6)) -> (625, 180, 507, t4=t3+(1, 2))	3	7
(2536, 177, 2779, t1) & (1516, 128, 1778, t2=t1+(0, 5)) & (1778, 4, 2779, t3=t2+(0, 4)) -> (2779, 128, 2779, t4=t3+(1, 3))	3	8
(3008, 48, 4335, t1) & (3617, 37, 1235, t2=t1+(0, 9)) & (3008, 141, 1235, t3=t2+(0, 8)) -> (3617, 141, 3617, t4=t3+(1, 6))	3	9
(4079, 127, 1966, t1) & (3676, 17, 3677, t2=t1+(0, 5)) & (3676, 6, 4079, t3=t2+(0, 2)) -> (4079, 17, 4079, t4=t3+(1, 5))	3	10
(3627, 124, 1900, t1) & (2010, 39, 1847, t2=t1+(0, 8)) & (1900, 152, 2010, t3=t2+(0, 9)) -> (2010, 152, 1900, t4=t3+(1, 6))	3	11
(933, 61, 523, t1) & (2035, 139, 389, t2=t1+(0, 8)) & (933, 168, 389, t3=t2+(0, 3)) -> (523, 61, 933, t4=t3+(1, 3))	3	12
(4874, 101, 2633, t1) & (825, 174, 1115, t2=t1+(0, 1)) & (4874, 161, 1115, t3=t2+(0, 2)) -> (2633, 101, 2633, t4=t3+(1, 2))	3	13
(2326, 191, 4234, t1) & (4189, 126, 3237, t2=t1+(0, 2)) & (2326, 59, 3237, t3=t2+(0, 7)) -> (4189, 126, 4189, t4=t3+(1, 9))	3	14
(2904, 52, 866, t1) & (2721, 21, 995, t2=t1+(0, 7)) & (995, 71, 866, t3=t2+(0, 5)) -> (995, 71, 995, t4=t3+(1, 7))	3	15
(3403, 46, 2166, t1) & (611, 58, 2229, t2=t1+(0, 3)) & (2166, 121, 611, t3=t2+(0, 7)) -> (611, 121, 3403, t4=t3+(1, 5))	3	16
(2901, 22, 4170, t1) & (3092, 185, 1670, t2=t1+(0, 6)) & (1670, 150, 4170, t3=t2+(0, 6)) -> (1670, 22, 1670, t4=t3+(1, 4))	3	17
(4363, 6, 2699, t1) & (45, 99, 2493, t2=t1+(0, 7)) & (2699, 78, 2493, t3=t2+(0, 5)) -> (2493, 78, 2493, t4=t3+(1, 6))	3	18
(3893, 54, 1801, t1) & (4582, 120, 4729, t2=t1+(0, 8)) & (3893, 196, 4582, t3=t2+(0, 1)) -> (1801, 120, 4582, t4=t3+(1, 6))	3	19
(310, 73, 4643, t1) & (950, 108, 316, t2=t1+(0, 3)) & (316, 141, 4643, t3=t2+(0, 4)) -> (310, 73, 950, t4=t3+(1, 7))	3	20
(4885, 17, 2000, t1) & (42, 136, 3078, t2=t1+(0, 5)) & (3078, 100, 4885, t3=t2+(0, 7)) -> (3078, 100, 42, t4=t3+(1, 7))	3	21
(184, 68, 4049, t1) & (4325, 187, 3556, t2=t1+(0, 5)) & (4049, 157, 4325, t3=t2+(0, 6)) -> (4049, 157, 4325, t4=t3+(1, 3))	3	22
(4655, 192, 4481, t1) & (1251, 173, 2129, t2=t1+(0, 7)) & (4655, 161, 1251, t3=t2+(0, 6)) -> (1251, 192, 1251, t4=t3+(1, 6))	3	23
(3495, 65, 3556, t1) & (3456, 188, 865, t2=t1+(0, 1)) & (3495, 82, 865, t3=t2+(0, 7)) -> (3495, 188, 3556, t4=t3+(1, 7))	3	24
(719, 96, 3003, t1) & (2351, 22, 208, t2=t1+(0, 8)) & (208, 136, 3003, t3=t2+(0, 4)) -> (208, 96, 2351, t4=t3+(1, 7))	3	25
(288, 156, 148, t1) & (757, 119, 2393, t2=t1+(0, 7)) & (757, 13, 148, t3=t2+(0, 7)) -> (757, 13, 757, t4=t3+(1, 4))	3	26
(1479, 76, 3039, t1) & (4411, 154, 3099, t2=t1+(0, 5)) & (1479, 172, 3099, t3=t2+(0, 6)) -> (1479, 172, 1479, t4=t3+(1, 6))	3	27
(382, 31, 3434, t1) & (527, 158, 2199, t2=t1+(0, 6)) & (2199, 113, 3434, t3=t2+(0, 7)) -> (2199, 31, 3434, t4=t3+(1, 8))	3	28
(4584, 6, 736, t1) & (573, 44, 2737, t2=t1+(0, 4)) & (736, 96, 2737, t3=t2+(0, 5)) -> (2737, 6, 2737, t4=t3+(1, 9))	3	29
(1545, 138, 2680, t1) & (533, 4, 2146, t2=t1+(0, 5)) & (2146, 104, 1545, t3=t2+(0, 8)) -> (1545, 138, 533, t4=t3+(1, 6))	3	30
(4303, 155, 3719, t1) & (3671, 154, 1122, t2=t1+(0, 3)) & (1122, 190, 4303, t3=t2+(0, 8)) -> (1122, 155, 3671, t4=t3+(1, 4))	3	31
(2271, 115, 272, t1) & (1026, 26, 1594, t2=t1+(0, 8)) & (272, 15, 1026, t3=t2+(0, 1)) -> (272, 26, 2271, t4=t3+(1, 5))	3	32
(2861, 98, 2593, t1) & (2855, 183, 1739, t2=t1+(0, 7)) & (2861, 62, 1739, t3=t2+(0, 4)) -> (1739, 98, 2593, t4=t3+(1, 7))	3	33
(3002, 120, 515, t1) & (2134, 109, 3040, t2=t1+(0, 6)) & (3040, 185, 515, t3=t2+(0, 6)) -> (515, 185, 3002, t4=t3+(1, 3))	3	34
(3671, 12, 3661, t1) & (1289, 98, 3949, t2=t1+(0, 7)) & (3949, 110, 3661, t3=t2+(0, 6)) -> (3671, 98, 3661, t4=t3+(1, 2))	3	35
(792, 145, 4745, t1) & (3333, 23, 4518, t2=t1+(0, 5)) & (4518, 13, 4745, t3=t2+(0, 4)) -> (4518, 23, 4745, t4=t3+(1, 7))	3	36
(3773, 55, 3051, t1) & (470, 69, 353, t2=t1+(0, 4)) & (470, 188, 3051, t3=t2+(0, 3)) -> (470, 55, 3051, t4=t3+(1, 4))	3	37
(3841, 23, 3445, t1) & (894, 159, 51, t2=t1+(0, 4)) & (51, 34, 3841, t3=t2+(0, 2)) -> (3841, 34, 3841, t4=t3+(1, 5))	3	38
(3354, 95, 2821, t1) & (1068, 88, 1304, t2=t1+(0, 5)) & (3354, 135, 1304, t3=t2+(0, 4)) -> (2821, 95, 2821, t4=t3+(1, 3))	3	39
(202, 92, 4609, t1) & (945, 96, 3498, t2=t1+(0, 6)) & (4609, 157, 3498, t3=t2+(0, 8)) -> (945, 157, 3498, t4=t3+(1, 7))	3	40
(4164, 52, 3975, t1) & (4493, 147, 2073, t2=t1+(0, 2)) & (4493, 107, 3975, t3=t2+(0, 7)) -> (4493, 52, 4493, t4=t3+(1, 4))	3	41
(3534, 115, 1010, t1) & (1044, 29, 3287, t2=t1+(0, 5)) & (1010, 72, 3287, t3=t2+(0, 5)) -> (1010, 29, 1010, t4=t3+(1, 7))	3	42
(1738, 104, 1745, t1) & (1603, 48, 4012, t2=t1+(0, 4)) & (1745, 25, 1603, t3=t2+(0, 7)) -> (1738, 48, 1738, t4=t3+(1, 7))	3	43
(2283, 186, 242, t1) & (4521, 92, 4259, t2=t1+(0, 7)) & (4259, 29, 2283, t3=t2+(0, 4)) -> (4521, 186, 2283, t4=t3+(1, 5))	3	44
(105, 11, 3610, t1) & (4187, 30, 3039, t2=t1+(0, 6)) & (3610, 128, 4187, t3=t2+(0, 4)) -> (4187, 128, 3610, t4=t3+(1, 5))	3	45
(13, 48, 573, t1) & (1063, 145, 3841, t2=t1+(0, 5)) & (3841, 192, 13, t3=t2+(0, 6)) -> (1063, 145, 3841, t4=t3+(1, 3))	3	46
(2724, 17, 4410, t1) & (4342, 87, 2832, t2=t1+(0, 5)) & (4410, 52, 4342, t3=t2+(0, 5)) -> (4342, 87, 2832, t4=t3+(1, 10))	3	47
(2374, 169, 3767, t1) & (1719, 74, 3962, t2=t1+(0, 4)) & (3767, 25, 1719, t3=t2+(0, 10)) -> (3962, 169, 3767, t4=t3+(1, 7))	3	48
(3372, 101, 1570, t1) & (3545, 114, 101, t2=t1+(0, 2)) & (3372, 153, 101, t3=t2+(0, 8)) -> (101, 101, 3372, t4=t3+(1, 6))	3	49
(1432, 40, 1627, t1) & (87, 69, 1627, t2=t1+(0, 0)) -> (87, 40, 87, t3=t2+(1, 8))	2	50
(428, 31, 758, t1) & (428, 79, 199, t2=t1+(0, 3)) -> (428, 79, 199, t3=t2+(1, 7))	2	51
(3604, 12, 3081, t1) & (90, 164, 3604, t2=t1+(0, 10)) -> (3604, 12, 3604, t3=t2+(1, 8))	2	52
(4881, 147, 4233, t1) & (4233, 153, 1095, t2=t1+(0, 4)) -> (1095, 153, 4881, t3=t2+(1, 6))	2	53
(4246, 103, 1517, t1) & (78, 174, 4246, t2=t1+(0, 2)) -> (78, 174, 78, t3=t2+(1, 3))	2	54
(3184, 23, 3142, t1) & (4441, 43, 3184, t2=t1+(0, 4)) -> (3142, 23, 3142, t3=t2+(1, 6))	2	55
(1996, 102, 2736, t1) & (349, 22, 2736, t2=t1+(0, 3)) -> (2736, 22, 1996, t3=t2+(1, 5))	2	56
(2668, 67, 730, t1) & (4187, 147, 730, t2=t1+(0, 4)) -> (4187, 147, 2668, t3=t2+(1, 5))	2	57
(2305, 164, 3510, t1) & (2305, 99, 3510, t2=t1+(0, 2)) -> (2305, 99, 2305, t3=t2+(1, 7))	2	58
(861, 32, 4041, t1) & (861, 104, 861, t2=t1+(0, 6)) -> (861, 32, 4041, t3=t2+(1, 6))	2	59
(3301, 0, 2414, t1) & (3301, 107, 2496, t2=t1+(0, 7)) -> (3301, 107, 3301, t3=t2+(1, 7))	2	60
(2023, 108, 4663, t1) & (4663, 114, 2023, t2=t1+(0, 4)) -> (4663, 108, 2023, t3=t2+(1, 7))	2	61
(4181, 176, 2853, t1) & (3633, 120, 4181, t2=t1+(0, 8)) -> (4181, 176, 4181, t3=t2+(1, 5))	2	62
(2164, 87, 4173, t1) & (755, 51, 2164, t2=t1+(0, 12)) -> (2164, 51, 4173, t3=t2+(1, 3))	2	63
(3977, 127, 1696, t1) & (1696, 46, 1529, t2=t1+(0, 6)) -> (1696, 127, 1696, t3=t2+(1, 6))	2	64
(4807, 160, 784, t1) & (1810, 107, 4807, t2=t1+(0, 6)) -> (1810, 160, 1810, t3=t2+(1, 3))	2	65
(2864, 86, 1082, t1) & (2864, 128, 4013, t2=t1+(0, 7)) -> (2864, 86, 2864, t3=t2+(1, 3))	2	66
(822, 99, 498, t1) & (822, 124, 1844, t2=t1+(0, 5)) -> (822, 124, 1844, t3=t2+(1, 3))	2	67
(1117, 71, 325, t1) & (1117, 100, 4498, t2=t1+(0, 2)) -> (1117, 100, 325, t3=t2+(1, 8))	2	68
(4119, 29, 1031, t1) & (224, 66, 1031, t2=t1+(0, 2)) -> (1031, 29, 1031, t3=t2+(1, 5))	2	69
(4312, 199, 217, t1) & (4312, 64, 2417, t2=t1+(0, 7)) -> (4312, 64, 217, t3=t2+(1, 5))	2	70
(2232, 58, 4663, t1) & (1127, 65, 4663, t2=t1+(0, 5)) -> (4663, 58, 2232, t3=t2+(1, 3))	2	71
(4529, 41, 1471, t1) & (2569, 30, 1471, t2=t1+(0, 3)) -> (4529, 41, 1471, t3=t2+(1, 8))	2	72
(401, 173, 2791, t1) & (2791, 131, 2791, t2=t1+(0, 4)) -> (2791, 131, 2791, t3=t2+(1, 6))	2	73
(1376, 69, 3917, t1) & (4220, 126, 3917, t2=t1+(0, 6)) -> (3917, 69, 4220, t3=t2+(1, 6))	2	74
(3935, 155, 3140, t1) & (3935, 174, 3935, t2=t1+(0, 6)) -> (3140, 174, 3935, t3=t2+(1, 5))	2	75
(4878, 130, 3619, t1) & (3619, 43, 3004, t2=t1+(0, 6)) -> (3619, 130, 3619, t3=t2+(1, 6))	2	76
(3910, 94, 2856, t1) & (3910, 130, 3910, t2=t1+(0, 7)) -> (3910, 130, 3910, t3=t2+(1, 2))	2	77
(1095, 126, 2213, t1) & (1095, 62, 1095, t2=t1+(0, 11)) -> (1095, 62, 1095, t3=t2+(1, 4))	2	78
(4935, 65, 388, t1) & (388, 31, 4818, t2=t1+(0, 4)) -> (388, 65, 388, t3=t2+(1, 3))	2	79
(4682, 199, 1029, t1) & (4310, 166, 1029, t2=t1+(0, 7)) -> (1029, 166, 1029, t3=t2+(1, 2))	2	80
(4937, 161, 4930, t1) & (4930, 192, 4930, t2=t1+(0, 1)) -> (4930, 192, 4930, t3=t2+(1, 6))	2	81
(464, 0, 1056, t1) & (1307, 74, 1056, t2=t1+(0, 7)) -> (1056, 74, 1056, t3=t2+(1, 5))	2	82
(1401, 160, 862, t1) & (862, 25, 1401, t2=t1+(0, 5)) -> (862, 160, 1401, t3=t2+(1, 4))	2	83
(1414, 67, 2294, t1) & (1414, 73, 1414, t2=t1+(0, 7)) -> (1414, 73, 2294, t3=t2+(1, 3))	2	84
(2327, 82, 1882, t1) & (2327, 78, 4295, t2=t1+(0, 5)) -> (4295, 78, 2327, t3=t2+(1, 2))	2	85
(524, 199, 1966, t1) & (524, 89, 1966, t2=t1+(0, 8)) -> (1966, 89, 1966, t3=t2+(1, 8))	2	86
(1867, 94, 2526, t1) & (2575, 21, 2526, t2=t1+(0, 2)) -> (2526, 94, 2575, t3=t2+(1, 2))	2	87
(2407, 115, 3469, t1) & (2407, 41, 3188, t2=t1+(0, 1)) -> (2407, 41, 2407, t3=t2+(1, 9))	2	88
(3000, 6, 4818, t1) & (3000, 17, 2590, t2=t1+(0, 8)) -> (2590, 17, 2590, t3=t2+(1, 3))	2	89
(3295, 10, 4270, t1) & (4270, 95, 4270, t2=t1+(0, 7)) -> (3295, 95, 4270, t3=t2+(1, 6))	2	90
(4484, 64, 515, t1) & (669, 20, 515, t2=t1+(0, 3)) -> (669, 20, 515, t3=t2+(1, 2))	2	91
(1590, 24, 2220, t1) & (3148, 133, 1590, t2=t1+(0, 2)) -> (3148, 133, 1590, t3=t2+(1, 6))	2	92
(2059, 151, 1720, t1) & (280, 40, 1720, t2=t1+(0, 6)) -> (2059, 40, 1720, t3=t2+(1, 6))	2	93
(981, 30, 2466, t1) & (2466, 144, 2466, t2=t1+(0, 5)) -> (981, 30, 2466, t3=t2+(1, 4))	2	94
(81, 27, 4858, t1) & (4858, 154, 893, t2=t1+(0, 8)) -> (81, 154, 4858, t3=t2+(1, 8))	2	95
(1221, 45, 898, t1) & (898, 86, 898, t2=t1+(0, 6)) -> (898, 45, 1221, t3=t2+(1, 4))	2	96
(4852, 23, 2432, t1) & (4852, 22, 2432, t2=t1+(0, 3)) -> (4852, 22, 2432, t3=t2+(1, 3))	2	97
(94, 41, 3906, t1) & (94, 88, 4906, t2=t1+(0, 3)) -> (3906, 88, 4906, t3=t2+(1, 3))	2	98
(476, 161, 1295, t1) & (1295, 21, 483, t2=t1+(0, 7)) -> (476, 161, 476, t3=t2+(1, 4))	2	99
(1944, 75, 3797, t1) & (1944, 80, 1944, t2=t1+(0, 8)) -> (1944, 75, 1944, t3=t2+(1, 5))	2	100
(1002, 96, 4291, t1) & (4291, 97, 4291, t2=t1+(0, 1)) -> (4291, 96, 1002, t3=t2+(1, 5))	2	101
(2913, 80, 3359, t1) & (2913, 174, 4248, t2=t1+(0, 4)) -> (4248, 174, 4248, t3=t2+(1, 8))	2	102
(2851, 180, 4322, t1) & (2851, 37, 1150, t2=t1+(0, 3)) -> (4322, 180, 4322, t3=t2+(1, 4))	2	103
(2511, 158, 1479, t1) & (2511, 121, 2511, t2=t1+(0, 3)) -> (2511, 158, 2511, t3=t2+(1, 5))	2	104
(2962, 96, 3096, t1) & (354, 134, 2962, t2=t1+(0, 5)) -> (2962, 96, 2962, t3=t2+(1, 5))	2	105
(3967, 2, 2920, t1) & (1142, 155, 3967, t2=t1+(0, 3)) -> (1142, 155, 3967, t3=t2+(1, 4))	2	106
(4224, 115, 3680, t1) & (3680, 27, 2869, t2=t1+(0, 5)) -> (3680, 115, 4224, t3=t2+(1, 7))	2	107
(2488, 21, 2185, t1) & (1365, 120, 2488, t2=t1+(0, 6)) -> (2185, 21, 2185, t3=t2+(1, 3))	2	108
(3170, 141, 3246, t1) & (3170, 139, 874, t2=t1+(0, 4)) -> (3246, 139, 874, t3=t2+(1, 5))	2	109
(2464, 26, 2858, t1) & (2858, 21, 2858, t2=t1+(0, 6)) -> (2858, 21, 2464, t3=t2+(1, 5))	2	110
(4591, 147, 3294, t1) & (3294, 79, 4694, t2=t1+(0, 5)) -> (4694, 79, 3294, t3=t2+(1, 7))	2	111
(3605, 113, 3647, t1) & (3647, 1, 3605, t2=t1+(0, 1)) -> (3647, 1, 3647, t3=t2+(1, 1))	2	112
(3969, 79, 1035, t1) & (1035, 65, 1035, t2=t1+(0, 3)) -> (1035, 79, 3969, t3=t2+(1, 4))	2	113
(3669, 3, 4523, t1) & (1626, 134, 4523, t2=t1+(0, 2)) -> (1626, 134, 4523, t3=t2+(1, 8))	2	114
(3527, 43, 3565, t1) & (4559, 190, 3527, t2=t1+(0, 2)) -> (3527, 190, 4559, t3=t2+(1, 4))	2	115
(3250, 21, 3953, t1) & (3953, 152, 3250, t2=t1+(0, 4)) -> (3250, 152, 3953, t3=t2+(1, 5))	2	116
(3010, 114, 4994, t1) & (484, 196, 4994, t2=t1+(0, 6)) -> (3010, 196, 4994, t3=t2+(1, 6))	2	117
(4412, 144, 1981, t1) & (4412, 191, 4412, t2=t1+(0, 3)) -> (4412, 191, 4412, t3=t2+(1, 7))	2	118
(2713, 110, 295, t1) & (2713, 62, 2713, t2=t1+(0, 4)) -> (2713, 62, 295, t3=t2+(1, 3))	2	119
(1755, 7, 1181, t1) & (1181, 23, 2843, t2=t1+(0, 4)) -> (1755, 7, 2843, t3=t2+(1, 6))	2	120
(2260, 21, 2624, t1) & (3822, 111, 2260, t2=t1+(0, 8)) -> (2624, 21, 2624, t3=t2+(1, 6))	2	121
(752, 57, 3945, t1) & (3945, 87, 121, t2=t1+(0, 6)) -> (752, 87, 3945, t3=t2+(1, 7))	2	122
(299, 115, 2537, t1) & (3412, 17, 2537, t2=t1+(0, 3)) -> (3412, 115, 2537, t3=t2+(1, 6))	2	123
(2918, 125, 1010, t1) & (1010, 92, 888, t2=t1+(0, 7)) -> (2918, 125, 2918, t3=t2+(1, 5))	2	124
(3040, 153, 176, t1) & (3040, 73, 3040, t2=t1+(0, 8)) -> (3040, 153, 3040, t3=t2+(1, 5))	2	125
(6, 142, 390, t1) & (390, 194, 390, t2=t1+(0, 1)) -> (390, 194, 6, t3=t2+(1, 7))	2	126
(4165, 17, 1461, t1) & (2431, 108, 4165, t2=t1+(0, 4)) -> (4165, 17, 4165, t3=t2+(1, 2))	2	127
(653, 73, 251, t1) & (653, 160, 251, t2=t1+(0, 5)) -> (251, 160, 251, t3=t2+(1, 5))	2	128
(1961, 4, 3018, t1) & (3018, 66, 4450, t2=t1+(0, 4)) -> (3018, 66, 4450, t3=t2+(1, 5))	2	129
(2823, 196, 4511, t1) & (4855, 56, 4511, t2=t1+(0, 4)) -> (4511, 196, 2823, t3=t2+(1, 4))	2	130
(3554, 62, 4478, t1) & (1679, 178, 3554, t2=t1+(0, 4)) -> (3554, 178, 3554, t3=t2+(1, 4))	2	131
(2774, 118, 4132, t1) & (2774, 171, 3985, t2=t1+(0, 5)) -> (4132, 118, 2774, t3=t2+(1, 4))	2	132
(4594, 20, 4703, t1) & (3178, 24, 4703, t2=t1+(0, 4)) -> (4703, 20, 3178, t3=t2+(1, 3))	2	133
(3303, 26, 4453, t1) & (4453, 20, 1547, t2=t1+(0, 2)) -> (3303, 20, 4453, t3=t2+(1, 3))	2	134
(4382, 78, 3530, t1) & (4382, 93, 1644, t2=t1+(0, 4)) -> (3530, 93, 3530, t3=t2+(1, 3))	2	135
(3133, 56, 2259, t1) & (2259, 37, 3235, t2=t1+(0, 2)) -> (3235, 56, 3235, t3=t2+(1, 4))	2	136
(2237, 183, 4053, t1) & (2003, 160, 2237, t2=t1+(0, 6)) -> (2237, 183, 4053, t3=t2+(1, 6))	2	137
(1036, 191, 4267, t1) & (3281, 129, 1036, t2=t1+(0, 8)) -> (1036, 191, 4267, t3=t2+(1, 2))	2	138
(653, 21, 469, t1) & (469, 168, 469, t2=t1+(0, 4)) -> (469, 168, 469, t3=t2+(1, 9))	2	139
(4242, 116, 3460, t1) & (4242, 181, 482, t2=t1+(0, 7)) -> (4242, 116, 482, t3=t2+(1, 1))	2	140
(1851, 142, 2569, t1) & (2569, 150, 2310, t2=t1+(0, 10)) -> (2569, 142, 2569, t3=t2+(1, 5))	2	141
(4136, 5, 3744, t1) & (4136, 113, 346, t2=t1+(0, 3)) -> (4136, 113, 3744, t3=t2+(1, 3))	2	142
(2331, 15, 989, t1) & (2331, 79, 1764, t2=t1+(0, 1)) -> (1764, 15, 1764, t3=t2+(1, 4))	2	143
(1168, 114, 1465, t1) & (1465, 120, 1168, t2=t1+(0, 3)) -> (1465, 114, 1168, t3=t2+(1, 4))	2	144
(2204, 96, 2148, t1) & (4170, 152, 2148, t2=t1+(0, 5)) -> (4170, 96, 2148, t3=t2+(1, 4))	2	145
(4818, 198, 2394, t1) & (398, 169, 4818, t2=t1+(0, 5)) -> (4818, 169, 4818, t3=t2+(1, 3))	2	146
(137, 51, 4457, t1) & (408, 66, 4457, t2=t1+(0, 5)) -> (4457, 66, 408, t3=t2+(1, 5))	2	147
(1727, 81, 130, t1) & (1727, 189, 1863, t2=t1+(0, 3)) -> (130, 81, 130, t3=t2+(1, 6))	2	148
(614, 24, 3690, t1) & (4588, 4, 614, t2=t1+(0, 5)) -> (3690, 4, 614, t3=t2+(1, 4))	2	149
(1725, 26, 4421, t1) -> (4421, 26, 4421, t2=t1+(1, 2))	1	150
(1371, 4, 3100, t1) -> (1371, 4, 1371, t2=t1+(1, 4))	1	151
(691, 16, 3370, t1) -> (691, 16, 3370, t2=t1+(1, 8))	1	152
(3324, 31, 2729, t1) -> (3324, 31, 2729, t2=t1+(1, 5))	1	153
(2588, 92, 3593, t1) -> (2588, 92, 2588, t2=t1+(1, 1))	1	154
(1124, 141, 2655, t1) -> (1124, 141, 2655, t2=t1+(1, 3))	1	155
(2257, 29, 4344, t1) -> (2257, 29, 2257, t2=t1+(1, 10))	1	156
(1525, 155, 102, t1) -> (1525, 155, 102, t2=t1+(1, 4))	1	157
(3240, 122, 4195, t1) -> (4195, 122, 3240, t2=t1+(1, 6))	1	158
(2916, 198, 172, t1) -> (2916, 198, 2916, t2=t1+(1, 9))	1	159
(1721, 176, 1660, t1) -> (1660, 176, 1660, t2=t1+(1, 9))	1	160
(3156, 79, 3329, t1) -> (3329, 79, 3156, t2=t1+(1, 7))	1	161
(3037, 9, 3430, t1) -> (3430, 9, 3430, t2=t1+(1, 8))	1	162
(1321, 82, 362, t1) -> (1321, 82, 362, t2=t1+(1, 3))	1	163
(934, 17, 3682, t1) -> (934, 17, 3682, t2=t1+(1, 5))	1	164
(1550, 15, 1926, t1) -> (1550, 15, 1926, t2=t1+(1, 4))	1	165
(4008, 165, 3460, t1) -> (3460, 165, 4008, t2=t1+(1, 6))	1	166
(206, 178, 3346, t1) -> (206, 178, 206, t2=t1+(1, 5))	1	167
(4169, 84, 4697, t1) -> (4169, 84, 4169, t2=t1+(1, 8))	1	168
(4516, 86, 4382, t1) -> (4382, 86, 4382, t2=t1+(1, 4))	1	169
(409, 112, 2461, t1) -> (409, 112, 2461, t2=t1+(1, 3))	1	170
(122, 183, 3269, t1) -> (122, 183, 3269, t2=t1+(1, 4))	1	171
(2359, 12, 2019, t1) -> (2359, 12, 2019, t2=t1+(1, 2))	1	172
(2, 133, 2996, t1) -> (2996, 133, 2, t2=t1+(1, 7))	1	173
(333, 19, 1959, t1) -> (1959, 19, 333, t2=t1+(1, 5))	1	174
(4110, 112, 380, t1) -> (380, 112, 380, t2=t1+(1, 8))	1	175
(674, 93, 2102, t1) -> (2102, 93, 674, t2=t1+(1, 8))	1	176
(4215, 38, 2850, t1) -> (2850, 38, 4215, t2=t1+(1, 4))	1	177
(1491, 72, 2283, t1) -> (1491, 72, 2283, t2=t1+(1, 6))	1	178
(3422, 90, 3527, t1) -> (3422, 90, 3527, t2=t1+(1, 2))	1	179
(4872, 198, 2413, t1) -> (4872, 198, 2413, t2=t1+(1, 5))	1	180
(2766, 134, 986, t1) -> (986, 134, 2766, t2=t1+(1, 7))	1	181
(2414, 83, 249, t1) -> (249, 83, 2414, t2=t1+(1, 7))	1	182
(1635, 175, 3775, t1) -> (1635, 175, 1635, t2=t1+(1, 5))	1	183
(2954, 18, 255, t1) -> (2954, 18, 2954, t2=t1+(1, 5))	1	184
(3554, 151, 3385, t1) -> (3385, 151, 3385, t2=t1+(1, 5))	1	185
(1703, 22, 2715, t1) -> (2715, 22, 1703, t2=t1+(1, 3))	1	186
(1357, 193, 1319, t1) -> (1357, 193, 1319, t2=t1+(1, 4))	1	187
(1032, 155, 1311, t1) -> (1311, 155, 1311, t2=t1+(1, 6))	1	188
(3600, 102, 4131, t1) -> (3600, 102, 3600, t2=t1+(1, 2))	1	189
(1930, 118, 3470, t1) -> (1930, 118, 3470, t2=t1+(1, 8))	1	190
(2629, 38, 3524, t1) -> (2629, 38, 2629, t2=t1+(1, 6))	1	191
(3244, 60, 3128, t1) -> (3244, 60, 3128, t2=t1+(1, 5))	1	192
(1118, 195, 3634, t1) -> (3634, 195, 3634, t2=t1+(1, 9))	1	193
(4798, 82, 71, t1) -> (71, 82, 71, t2=t1+(1, 10))	1	194
(2726, 149, 3918, t1) -> (2726, 149, 3918, t2=t1+(1, 5))	1	195
(4780, 117, 1728, t1) -> (4780, 117, 1728, t2=t1+(1, 3))	1	196
(237, 116, 496, t1) -> (496, 116, 237, t2=t1+(1, 8))	1	197
(4929, 15, 1630, t1) -> (4929, 15, 4929, t2=t1+(1, 3))	1	198
(2707, 158, 818, t1) -> (2707, 158, 2707, t2=t1+(1, 4))	1	199
(3730, 97, 670, t1) -> (670, 97, 3730, t2=t1+(1, 5))	1	200
(3051, 161, 2209, t1) -> (3051, 161, 2209, t2=t1+(1, 1))	1	201
(2281, 174, 4971, t1) -> (4971, 174, 4971, t2=t1+(1, 5))	1	202
(2284, 90, 2087, t1) -> (2087, 90, 2087, t2=t1+(1, 6))	1	203
(1693, 198, 2060, t1) -> (2060, 198, 2060, t2=t1+(1, 3))	1	204
(1455, 14, 1837, t1) -> (1455, 14, 1837, t2=t1+(1, 5))	1	205
(976, 133, 3162, t1) -> (976, 133, 976, t2=t1+(1, 6))	1	206
(2628, 79, 1788, t1) -> (2628, 79, 2628, t2=t1+(1, 4))	1	207
(3190, 164, 2008, t1) -> (2008, 164, 2008, t2=t1+(1, 8))	1	208
(4305, 36, 3293, t1) -> (3293, 36, 3293, t2=t1+(1, 2))	1	209
(4970, 161, 2351, t1) -> (2351, 161, 4970, t2=t1+(1, 1))	1	210
(636, 68, 3917, t1) -> (636, 68, 636, t2=t1+(1, 6))	1	211
(2362, 80, 3230, t1) -> (2362, 80, 3230, t2=t1+(1, 4))	1	212
(3463, 49, 2687, t1) -> (3463, 49, 3463, t2=t1+(1, 3))	1	213
(2345, 62, 589, t1) -> (589, 62, 589, t2=t1+(1, 6))	1	214
(4971, 32, 4527, t1) -> (4971, 32, 4527, t2=t1+(1, 2))	1	215
(1315, 8, 1106, t1) -> (1106, 8, 1106, t2=t1+(1, 1))	1	216
(3290, 28, 2100, t1) -> (2100, 28, 3290, t2=t1+(1, 6))	1	217
(2493, 185, 2740, t1) -> (2740, 185, 2740, t2=t1+(1, 9))	1	218
(3771, 187, 3686, t1) -> (3686, 187, 3686, t2=t1+(1, 7))	1	219
(1635, 150, 804, t1) -> (1635, 150, 804, t2=t1+(1, 2))	1	220
(3897, 21, 3703, t1) -> (3703, 21, 3703, t2=t1+(1, 3))	1	221
(2682, 104, 1650, t1) -> (1650, 104, 2682, t2=t1+(1, 7))	1	222
(4337, 65, 3172, t1) -> (4337, 65, 3172, t2=t1+(1, 7))	1	223
(1492, 133, 856, t1) -> (1492, 133, 856, t2=t1+(1, 8))	1	224
(4093, 31, 4714, t1) -> (4093, 31, 4093, t2=t1+(1, 6))	1	225
(1890, 94, 2106, t1) -> (1890, 94, 1890, t2=t1+(1, 5))	1	226
(4084, 64, 335, t1) -> (335, 64, 335, t2=t1+(1, 6))	1	227
(1948, 63, 4437, t1) -> (1948, 63, 4437, t2=t1+(1, 4))	1	228
(2822, 5, 4590, t1) -> (4590, 5, 2822, t2=t1+(1, 6))	1	229
(2787, 81, 1677, t1) -> (1677, 81, 2787, t2=t1+(1, 7))	1	230
(652, 153, 4966, t1) -> (4966, 153, 652, t2=t1+(1, 5))	1	231
(1425, 57, 3765, t1) -> (1425, 57, 1425, t2=t1+(1, 2))	1	232
(4258, 71, 1342, t1) -> (1342, 71, 1342, t2=t1+(1, 6))	1	233
(2779, 126, 2651, t1) -> (2651, 126, 2779, t2=t1+(1, 2))	1	234
(3449, 143, 177, t1) -> (177, 143, 3449, t2=t1+(1, 3))	1	235
(2056, 107, 338, t1) -> (338, 107, 338, t2=t1+(1, 7))	1	236
(1996, 150, 1234, t1) -> (1234, 150, 1996, t2=t1+(1, 3))	1	237
(2922, 128, 332, t1) -> (332, 128, 332, t2=t1+(1, 4))	1	238
(2527, 13, 1497, t1) -> (2527, 13, 2527, t2=t1+(1, 2))	1	239
(893, 166, 1831, t1) -> (1831, 166, 893, t2=t1+(1, 4))	1	240
(1319, 91, 1075, t1) -> (1075, 91, 1319, t2=t1+(1, 4))	1	241
(3724, 177, 3325, t1) -> (3325, 177, 3724, t2=t1+(1, 9))	1	242
(2567, 65, 3208, t1) -> (2567, 65, 2567, t2=t1+(1, 6))	1	243
(4222, 149, 4288, t1) -> (4222, 149, 4288, t2=t1+(1, 3))	1	244
(32, 168, 4893, t1) -> (4893, 168, 4893, t2=t1+(1, 2))	1	245
(380, 101, 1104, t1) -> (1104, 101, 380, t2=t1+(1, 1))	1	246
(643, 61, 2719, t1) -> (643, 61, 2719, t2=t1+(1, 3))	1	247
(4292, 34, 2121, t1) -> (2121, 34, 4292, t2=t1+(1, 3))	1	248
(3763, 11, 3933, t1) -> (3763, 11, 3763, t2=t1+(1, 10))	1	249
(1842, 109, 1029, t1) -> (1029, 109, 1029, t2=t1+(1, 9))	1	250
(4143, 23, 2510, t1) -> (4143, 23, 2510, t2=t1+(1, 2))	1	251
(2200, 48, 3559, t1) -> (2200, 48, 3559, t2=t1+(1, 5))	1	252
(4780, 16, 2382, t1) -> (2382, 16, 2382, t2=t1+(1, 3))	1	253
(2005, 24, 1214, t1) -> (2005, 24, 2005, t2=t1+(1, 5))	1	254
(4459, 180, 1426, t1) -> (4459, 180, 4459, t2=t1+(1, 5))	1	255
(701, 166, 1686, t1) -> (1686, 166, 1686, t2=t1+(1, 8))	1	256
(1422, 41, 3105, t1) -> (1422, 41, 1422, t2=t1+(1, 7))	1	257
(1643, 76, 4559, t1) -> (1643, 76, 4559, t2=t1+(1, 1))	1	258
(2824, 194, 3480, t1) -> (3480, 194, 3480, t2=t1+(1, 3))	1	259
(77, 72, 435, t1) -> (77, 72, 435, t2=t1+(1, 6))	1	260
(4333, 0, 2125, t1) -> (2125, 0, 4333, t2=t1+(1, 3))	1	261
(3319, 102, 1823, t1) -> (3319, 102, 1823, t2=t1+(1, 3))	1	262
(636, 17, 1280, t1) -> (636, 17, 636, t2=t1+(1, 3))	1	263
(4893, 64, 1741, t1) -> (1741, 64, 4893, t2=t1+(1, 5))	1	264
(1919, 105, 1628, t1) -> (1919, 105, 1628, t2=t1+(1, 7))	1	265
(2724, 153, 4458, t1) -> (4458, 153, 4458, t2=t1+(1, 2))	1	266
(1518, 126, 1400, t1) -> (1400, 126, 1518, t2=t1+(1, 6))	1	267
(3138, 101, 4167, t1) -> (3138, 101, 4167, t2=t1+(1, 6))	1	268
(3737, 175, 3158, t1) -> (3158, 175, 3737, t2=t1+(1, 1))	1	269
(4539, 138, 1498, t1) -> (1498, 138, 4539, t2=t1+(1, 4))	1	270
(3197, 66, 779, t1) -> (3197, 66, 3197, t2=t1+(1, 3))	1	271
(388, 50, 238, t1) -> (388, 50, 388, t2=t1+(1, 4))	1	272
(4938, 166, 94, t1) -> (94, 166, 4938, t2=t1+(1, 12))	1	273
(4047, 77, 1367, t1) -> (4047, 77, 1367, t2=t1+(1, 12))	1	274
(1716, 169, 1855, t1) -> (1716, 169, 1855, t2=t1+(1, 3))	1	275
(4111, 107, 3280, t1) -> (3280, 107, 4111, t2=t1+(1, 7))	1	276
(3472, 2, 4250, t1) -> (3472, 2, 4250, t2=t1+(1, 5))	1	277
(1580, 12, 1909, t1) -> (1580, 12, 1580, t2=t1+(1, 2))	1	278
(966, 72, 4606, t1) -> (4606, 72, 4606, t2=t1+(1, 6))	1	279
(3702, 33, 722, t1) -> (3702, 33, 722, t2=t1+(1, 3))	1	280
(3744, 173, 1524, t1) -> (3744, 173, 1524, t2=t1+(1, 4))	1	281
(1699, 133, 600, t1) -> (1699, 133, 600, t2=t1+(1, 8))	1	282
(840, 39, 912, t1) -> (912, 39, 840, t2=t1+(1, 6))	1	283
(1898, 191, 4834, t1) -> (4834, 191, 1898, t2=t1+(1, 7))	1	284
(2259, 190, 3669, t1) -> (2259, 190, 3669, t2=t1+(1, 2))	1	285
(4012, 69, 4217, t1) -> (4217, 69, 4217, t2=t1+(1, 7))	1	286
(2219, 144, 1972, t1) -> (2219, 144, 1972, t2=t1+(1, 9))	1	287
(3860, 105, 1951, t1) -> (3860, 105, 1951, t2=t1+(1, 4))	1	288
(1557, 100, 4465, t1) -> (4465, 100, 1557, t2=t1+(1, 5))	1	289
(3879, 84, 3779, t1) -> (3779, 84, 3779, t2=t1+(1, 6))	1	290
(2582, 140, 4309, t1) -> (4309, 140, 4309, t2=t1+(1, 7))	1	291
(2778, 24, 4858, t1) -> (4858, 24, 2778, t2=t1+(1, 5))	1	292
(4084, 145, 2324, t1) -> (2324, 145, 4084, t2=t1+(1, 8))	1	293
(1903, 172, 2094, t1) -> (2094, 172, 1903, t2=t1+(1, 8))	1	294
(349, 130, 502, t1) -> (349, 130, 502, t2=t1+(1, 2))	1	295
(3356, 176, 2725, t1) -> (2725, 176, 3356, t2=t1+(1, 4))	1	296
(3748, 45, 975, t1) -> (3748, 45, 975, t2=t1+(1, 7))	1	297
(1914, 16, 3518, t1) -> (3518, 16, 3518, t2=t1+(1, 8))	1	298
(2188, 100, 2428, t1) -> (2188, 100, 2188, t2=t1+(1, 6))	1	299
(3123, 186, 4929, t1) -> (4929, 186, 3123, t2=t1+(1, 3))	1	300
(3381, 126, 802, t1) -> (802, 126, 802, t2=t1+(1, 3))	1	301
(411, 158, 2111, t1) -> (411, 158, 411, t2=t1+(1, 2))	1	302
(3249, 33, 1997, t1) -> (1997, 33, 1997, t2=t1+(1, 3))	1	303
(4937, 56, 3468, t1) -> (3468, 56, 4937, t2=t1+(1, 4))	1	304
(176, 142, 2285, t1) -> (176, 142, 176, t2=t1+(1, 5))	1	305
(4838, 143, 1820, t1) -> (1820, 143, 1820, t2=t1+(1, 6))	1	306
(3198, 52, 3905, t1) -> (3905, 52, 3198, t2=t1+(1, 4))	1	307
(1190, 10, 1584, t1) -> (1190, 10, 1584, t2=t1+(1, 4))	1	308
(130, 173, 2619, t1) -> (2619, 173, 130, t2=t1+(1, 2))	1	309
(3778, 16, 2669, t1) -> (2669, 16, 3778, t2=t1+(1, 3))	1	310
(167, 38, 3319, t1) -> (3319, 38, 3319, t2=t1+(1, 5))	1	311
(4483, 50, 3725, t1) -> (3725, 50, 4483, t2=t1+(1, 7))	1	312
(943, 187, 4779, t1) -> (943, 187, 4779, t2=t1+(1, 5))	1	313
(3635, 49, 229, t1) -> (229, 49, 229, t2=t1+(1, 7))	1	314
(754, 148, 1151, t1) -> (1151, 148, 754, t2=t1+(1, 5))	1	315
(1663, 158, 4083, t1) -> (1663, 158, 4083, t2=t1+(1, 5))	1	316
(4199, 35, 2372, t1) -> (4199, 35, 4199, t2=t1+(1, 9))	1	317
(457, 153, 1790, t1) -> (457, 153, 457, t2=t1+(1, 6))	1	318
(1542, 24, 252, t1) -> (1542, 24, 1542, t2=t1+(1, 8))	1	319
(4673, 87, 544, t1) -> (544, 87, 4673, t2=t1+(1, 4))	1	320
(1349, 163, 1749, t1) -> (1349, 163, 1349, t2=t1+(1, 2))	1	321
(2884, 20, 2341, t1) -> (2341, 20, 2341, t2=t1+(1, 3))	1	322
(1487, 93, 2881, t1) -> (2881, 93, 2881, t2=t1+(1, 3))	1	323
(2269, 181, 1870, t1) -> (1870, 181, 2269, t2=t1+(1, 3))	1	324
(2429, 9, 2110, t1) -> (2429, 9, 2110, t2=t1+(1, 4))	1	325
(4462, 147, 2971, t1) -> (4462, 147, 2971, t2=t1+(1, 7))	1	326
(4612, 188, 2245, t1) -> (4612, 188, 2245, t2=t1+(1, 3))	1	327
(4388, 137, 1407, t1) -> (4388, 137, 4388, t2=t1+(1, 5))	1	328
(2089, 91, 3448, t1) -> (3448, 91, 3448, t2=t1+(1, 4))	1	329
(3247, 18, 681, t1) -> (681, 18, 3247, t2=t1+(1, 6))	1	330
(2077, 199, 1305, t1) -> (2077, 199, 1305, t2=t1+(1, 6))	1	331
(672, 161, 3145, t1) -> (672, 161, 672, t2=t1+(1, 3))	1	332
(664, 55, 3072, t1) -> (664, 55, 3072, t2=t1+(1, 6))	1	333
(1508, 104, 1364, t1) -> (1364, 104, 1364, t2=t1+(1, 9))	1	334
(3274, 174, 683, t1) -> (3274, 174, 683, t2=t1+(1, 1))	1	335
(2097, 64, 2452, t1) -> (2097, 64, 2452, t2=t1+(1, 5))	1	336
(3968, 38, 2576, t1) -> (3968, 38, 3968, t2=t1+(1, 6))	1	337
(4642, 102, 868, t1) -> (4642, 102, 4642, t2=t1+(1, 5))	1	338
(407, 87, 3033, t1) -> (407, 87, 3033, t2=t1+(1, 4))	1	339
(4231, 144, 4315, t1) -> (4231, 144, 4231, t2=t1+(1, 7))	1	340
(4962, 7, 2152, t1) -> (2152, 7, 2152, t2=t1+(1, 3))	1	341
(4044, 18, 2555, t1) -> (2555, 18, 4044, t2=t1+(1, 8))	1	342
(111, 134, 4548, t1) -> (4548, 134, 111, t2=t1+(1, 3))	1	343
(1896, 114, 3268, t1) -> (3268, 114, 3268, t2=t1+(1, 7))	1	344
(3093, 165, 4196, t1) -> (3093, 165, 4196, t2=t1+(1, 3))	1	345
(3223, 69, 3755, t1) -> (3755, 69, 3223, t2=t1+(1, 2))	1	346
(677, 5, 2783, t1) -> (2783, 5, 677, t2=t1+(1, 6))	1	347
(4620, 98, 818, t1) -> (818, 98, 818, t2=t1+(1, 4))	1	348
(389, 18, 229, t1) -> (389, 18, 229, t2=t1+(1, 3))	1	349
