(1404, 61, 248, t1) & (998, 96, 729, t2=t1+(0, 4)) & (248, 143, 729, t3=t2+(0, 6)) -> (729, 143, 729, t4=t3+(1, 4))	3	0
(2277, 157, 430, t1) & (2949, 100, 1197, t2=t1+(0, 3)) & (430, 119, 2949, t3=t2+(0, 4)) -> (2949, 119, 2949, t4=t3+(1, 5))	3	1
(275, 180, 3609, t1) & (2177, 30, 4303, t2=t1+(0, 5)) & (4303, 118, 3609, t3=t2+(0, 6)) -> (4303, 180, 3609, t4=t3+(1, 6))	3	2
(3529, 170, 3519, t1) & (4730, 76, 3373, t2=t1+(0, 4)) & (3529, 151, 3373, t3=t2+(0, 2)) -> (4730, 151, 3373, t4=t3+(1, 5))	3	3
(1233, 7, 853, t1) & (583, 10, 2572, t2=t1+(0, 3)) & (2572, 16, 853, t3=t2+(0, 2)) -> (853, 7, 2572, t4=t3+(1, 2))	3	4
(4524, 98, 4709, t1) & (2952, 24, 2561, t2=t1+(0, 4)) & (4524, 69, 2952, t3=t2+(0, 5)) -> (4709, 24, 4709, t4=t3+(1, 7))	3	5
(3864, 66, 2123, t1) & (2608, 136, 3563, t2=t1+(0, 4)) & (3864, 106, 3563, t3=t2+(0, 5)) -> (2608, 106, 2608, t4=t3+(1, 1))	3	6
(3604, 124, 305, t1) & (508, 7, 3040, t2=t1+(0, 3)) & (508, 107, 3604, t3=t2+(0, 3)) -> (3040, 7, 508, t4=t3+(1, 6))	3	7
(3312, 128, 2785, t1) & (88, 122, 2468, t2=t1+(0, 10)) & (3312, 92, 2468, t3=t2+(0, 8)) -> (3312, 128, 2785, t4=t3+(1, 6))	3	8
(770, 96, 583, t1) & (2365, 158, 3853, t2=t1+(0, 4)) & (770, 198, 2365, t3=t2+(0, 4)) -> (2365, 198, 2365, t4=t3+(1, 9))	3	9
(1915, 118, 4737, t1) & (2319, 140, 566, t2=t1+(0, 2)) & (566, 122, 4737, t3=t2+(0, 3)) -> (566, 118, 4737, t4=t3+(1, 5))	3	10
(4270, 166, 3775, t1) & (3427, 112, 881, t2=t1+(0, 3)) & (3427, 29, 4270, t3=t2+(0, 6)) -> (881, 166, 3427, t4=t3+(1, 4))	3	11
(722, 90, 2610, t1) & (1382, 18, 1783, t2=t1+(0, 4)) & (2610, 120, 1382, t3=t2+(0, 7)) -> (722, 120, 2610, t4=t3+(1, 3))	3	12
(1309, 120, 589, t1) & (3270, 58, 3406, t2=t1+(0, 2)) & (589, 182, 3270, t3=t2+(0, 4)) -> (3270, 120, 3270, t4=t3+(1, 7))	3	13
(4360, 132, 3461, t1) & (2796, 153, 3171, t2=t1+(0, 4)) & (3171, 77, 4360, t3=t2+(0, 4)) -> (2796, 132, 4360, t4=t3+(1, 6))	3	14
(2101, 195, 4477, t1) & (4879, 107, 619, t2=t1+(0, 5)) & (4879, 104, 4477, t3=t2+(0, 11)) -> (4879, 195, 2101, t4=t3+(1, 8))	3	15
(3941, 17, 2919, t1) & (3083, 42, 3041, t2=t1+(0, 6)) & (3041, 143, 2919, t3=t2+(0, 5)) -> (2919, 42, 2919, t4=t3+(1, 6))	3	16
(1329, 101, 1621, t1) & (4907, 65, 3736, t2=t1+(0, 7)) & (1329, 98, 4907, t3=t2+(0, 2)) -> (1329, 101, 4907, t4=t3+(1, 8))	3	17
(2790, 28, 3337, t1) & (4689, 38, 1239, t2=t1+(0, 9)) & (3337, 150, 1239, t3=t2+(0, 4)) -> (2790, 150, 3337, t4=t3+(1, 5))	3	18
(3291, 44, 61, t1) & (1469, 6, 3458, t2=t1+(0, 7)) & (3458, 141, 3291, t3=t2+(0, 6)) -> (1469, 141, 3291, t4=t3+(1, 3))	3	19
(4711, 157, 4763, t1) & (2837, 71, 3608, t2=t1+(0, 5)) & (4763, 148, 3608, t3=t2+(0, 6)) -> (3608, 148, 4763, t4=t3+(1, 1))	3	20
(3319, 49, 818, t1) & (4769, 99, 2639, t2=t1+(0, 3)) & (2639, 97, 818, t3=t2+(0, 6)) -> (2639, 49, 4769, t4=t3+(1, 3))	3	21
(3066, 129, 2401, t1) & (4018, 153, 4482, t2=t1+(0, 5)) & (4482, 177, 2401, t3=t2+(0, 11)) -> (2401, 177, 4482, t4=t3+(1, 6))	3	22
(2414, 162, 2962, t1) & (341, 76, 2590, t2=t1+(0, 4)) & (2414, 44, 341, t3=t2+(0, 6)) -> (2414, 44, 341, t4=t3+(1, 2))	3	23
(3019, 152, 1678, t1) & (3303, 131, 4920, t2=t1+(0, 2)) & (4920, 82, 1678, t3=t2+(0, 3)) -> (1678, 152, 3019, t4=t3+(1, 7))	3	24
(3251, 0, 3731, t1) & (2848, 137, 1544, t2=t1+(0, 6)) & (3251, 109, 2848, t3=t2+(0, 6)) -> (3251, 109, 3251, t4=t3+(1, 4))	3	25
(1181, 176, 1529, t1) & (3242, 49, 1421, t2=t1+(0, 2)) & (1529, 188, 1421, t3=t2+(0, 9)) -> (1181, 49, 1421, t4=t3+(1, 6))	3	26
(1722, 30, 1561, t1) & (3450, 150, 682, t2=t1+(0, 6)) & (1561, 27, 682, t3=t2+(0, 5)) -> (1561, 27, 1561, t4=t3+(1, 1))	3	27
(3843, 143, 2881, t1) & (2102, 93, 1285, t2=t1+(0, 5)) & (2881, 101, 2102, t3=t2+(0, 5)) -> (2102, 143, 2102, t4=t3+(1, 2))	3	28
(4642, 115, 2378, t1) & (1818, 144, 2658, t2=t1+(0, 3)) & (2658, 125, 2378, t3=t2+(0, 3)) -> (1818, 115, 2378, t4=t3+(1, 2))	3	29
(2621, 175, 2962, t1) & (749, 62, 4562, t2=t1+(0, 7)) & (2962, 107, 749, t3=t2+(0, 3)) -> (749, 107, 2962, t4=t3+(1, 5))	3	30
(4903, 107, 1427, t1) & (84, 92, 305, t2=t1+(0, 8)) & (305, 34, 1427, t3=t2+(0, 7)) -> (305, 34, 4903, t4=t3+(1, 4))	3	31
(2383, 131, 598, t1) & (4636, 56, 1446, t2=t1+(0, 7)) & (598, 146, 4636, t3=t2+(0, 5)) -> (2383, 146, 598, t4=t3+(1, 8))	3	32
(4998, 35, 2737, t1) & (1198, 159, 3243, t2=t1+(0, 5)) & (3243, 86, 4998, t3=t2+(0, 5)) -> (1198, 159, 4998, t4=t3+(1, 8))	3	33
(1714, 33, 2399, t1) & (547, 6, 2719, t2=t1+(0, 4)) & (2399, 48, 2719, t3=t2+(0, 3)) -> (2719, 6, 2399, t4=t3+(1, 9))	3	34
(2229, 180, 4412, t1) & (427, 158, 1885, t2=t1+(0, 12)) & (1885, 32, 4412, t3=t2+(0, 7)) -> (1885, 158, 4412, t4=t3+(1, 4))	3	35
(263, 162, 1483, t1) & (2918, 93, 3323, t2=t1+(0, 2)) & (3323, 114, 263, t3=t2+(0, 5)) -> (2918, 162, 2918, t4=t3+(1, 10))	3	36
(3646, 64, 2421, t1) & (1243, 138, 1460, t2=t1+(0, 8)) & (1243, 25, 3646, t3=t2+(0, 6)) -> (3646, 64, 3646, t4=t3+(1, 6))	3	37
(625, 156, 3067, t1) & (654, 158, 1437, t2=t1+(0, 4)) & (625, 86, 1437, t3=t2+(0, 6)) -> (654, 156, 654, t4=t3+(1, 7))	3	38
(4654, 190, 494, t1) & (1098, 105, 4910, t2=t1+(0, 3)) & (4654, 176, 4910, t3=t2+(0, 10)) -> (494, 190, 494, t4=t3+(1, 7))	3	39
(3965, 181, 3032, t1) & (1452, 43, 4020, t2=t1+(0, 3)) & (3032, 173, 1452, t3=t2+(0, 5)) -> (4020, 181, 1452, t4=t3+(1, 7))	3	40
(428, 189, 4950, t1) & (1106, 117, 2722, t2=t1+(0, 4)) & (1106, 161, 428, t3=t2+(0, 5)) -> (1106, 117, 2722, t4=t3+(1, 3))	3	41
(964, 52, 3468, t1) & (352, 123, 1157, t2=t1+(0, 3)) & (352, 58, 964, t3=t2+(0, 6)) -> (964, 123, 1157, t4=t3+(1, 2))	3	42
(4713, 69, 1932, t1) & (3020, 104, 2207, t2=t1+(0, 9)) & (1932, 37, 2207, t3=t2+(0, 8)) -> (4713, 104, 4713, t4=t3+(1, 4))	3	43
(3523, 1, 1552, t1) & (4150, 123, 312, t2=t1+(0, 2)) & (3523, 186, 4150, t3=t2+(0, 4)) -> (3523, 1, 4150, t4=t3+(1, 1))	3	44
(4689, 59, 4607, t1) & (3250, 177, 3893, t2=t1+(0, 3)) & (3250, 70, 4689, t3=t2+(0, 5)) -> (4607, 59, 3250, t4=t3+(1, 3))	3	45
(1438, 132, 1904, t1) & (2820, 175, 2688, t2=t1+(0, 3)) & (1438, 142, 2820, t3=t2+(0, 5)) -> (2820, 175, 2688, t4=t3+(1, 5))	3	46
(3753, 154, 1522, t1) & (2259, 5, 1505, t2=t1+(0, 8)) & (1505, 37, 3753, t3=t2+(0, 1)) -> (2259, 37, 1505, t4=t3+(1, 5))	3	47
(2013, 64, 793, t1) & (1356, 37, 3905, t2=t1+(0, 3)) & (793, 5, 1356, t3=t2+(0, 4)) -> (793, 5, 793, t4=t3+(1, 3))	3	48
(1379, 147, 2317, t1) & (3284, 134, 153, t2=t1+(0, 9)) & (3284, 176, 1379, t3=t2+(0, 4)) -> (3284, 134, 153, t4=t3+(1, 6))	3	49
(4433, 120, 4919, t1) & (3997, 116, 1960, t2=t1+(0, 6)) & (4433, 177, 1960, t3=t2+(0, 6)) -> (3997, 116, 4433, t4=t3+(1, 5))	3	50
(1050, 78, 3413, t1) & (3490, 0, 615, t2=t1+(0, 9)) & (615, 190, 1050, t3=t2+(0, 5)) -> (615, 190, 1050, t4=t3+(1, 2))	3	51
(2221, 113, 4764, t1) & (2175, 138, 3193, t2=t1+(0, 3)) & (3193, 47, 4764, t3=t2+(0, 5)) -> (3193, 47, 4764, t4=t3+(1, 4))	3	52
(1449, 32, 4439, t1) & (529, 109, 4042, t2=t1+(0, 7)) & (4439, 96, 4042, t3=t2+(0, 7)) -> (4439, 96, 4439, t4=t3+(1, 2))	3	53
(3594, 80, 219, t1) & (1001, 74, 3230, t2=t1+(0, 3)) & (3594, 107, 3230, t3=t2+(0, 7)) -> (219, 80, 3230, t4=t3+(1, 4))	3	54
(3753, 100, 2364, t1) & (4960, 105, 4022, t2=t1+(0, 5)) & (4022, 15, 3753, t3=t2+(0, 7)) -> (3753, 100, 2364, t4=t3+(1, 1))	3	55
(1133, 7, 4659, t1) & (1329, 19, 2053, t2=t1+(0, 5)) & (2053, 151, 4659, t3=t2+(0, 6)) -> (4659, 151, 1329, t4=t3+(1, 2))	3	56
(3144, 40, 2184, t1) & (4412, 109, 3249, t2=t1+(0, 9)) & (3249, 100, 2184, t3=t2+(0, 4)) -> (3249, 109, 2184, t4=t3+(1, 5))	3	57
(3654, 191, 3987, t1) & (4545, 114, 2067, t2=t1+(0, 9)) & (3987, 150, 4545, t3=t2+(0, 6)) -> (3987, 114, 3987, t4=t3+(1, 2))	3	58
(2940, 126, 3878, t1) & (996, 80, 2589, t2=t1+(0, 2)) & (996, 46, 3878, t3=t2+(0, 6)) -> (2940, 80, 2589, t4=t3+(1, 7))	3	59
(4675, 141, 3216, t1) & (1602, 174, 4896, t2=t1+(0, 5)) & (4675, 63, 4896, t3=t2+(0, 7)) -> (4896, 174, 1602, t4=t3+(1, 5))	3	60
(4673, 159, 764, t1) & (4275, 27, 3599, t2=t1+(0, 7)) & (4275, 29, 764, t3=t2+(0, 4)) -> (3599, 159, 764, t4=t3+(1, 1))	3	61
(4501, 62, 4653, t1) & (1068, 120, 564, t2=t1+(0, 5)) & (4501, 146, 1068, t3=t2+(0, 6)) -> (4653, 62, 1068, t4=t3+(1, 5))	3	62
(2091, 57, 349, t1) & (3209, 71, 768, t2=t1+(0, 3)) & (349, 84, 768, t3=t2+(0, 7)) -> (349, 57, 2091, t4=t3+(1, 8))	3	63
(1569, 52, 2390, t1) & (3245, 12, 4230, t2=t1+(0, 2)) & (2390, 177, 4230, t3=t2+(0, 5)) -> (4230, 52, 4230, t4=t3+(1, 4))	3	64
(3375, 29, 4752, t1) & (3771, 56, 3313, t2=t1+(0, 7)) & (3375, 69, 3313, t3=t2+(0, 4)) -> (3375, 56, 3375, t4=t3+(1, 4))	3	65
(3287, 131, 2812, t1) & (309, 92, 1674, t2=t1+(0, 4)) & (2812, 43, 1674, t3=t2+(0, 3)) -> (1674, 43, 309, t4=t3+(1, 6))	3	66
(2363, 19, 3361, t1) & (2288, 148, 2201, t2=t1+(0, 5)) & (2288, 126, 3361, t3=t2+(0, 8)) -> (3361, 126, 2363, t4=t3+(1, 5))	3	67
(104, 199, 3906, t1) & (1822, 180, 2863, t2=t1+(0, 7)) & (2863, 113, 3906, t3=t2+(0, 4)) -> (2863, 180, 2863, t4=t3+(1, 9))	3	68
(4029, 22, 4535, t1) & (3110, 196, 2857, t2=t1+(0, 3)) & (3110, 164, 4029, t3=t2+(0, 8)) -> (3110, 22, 3110, t4=t3+(1, 3))	3	69
(1589, 191, 3131, t1) & (66, 75, 571, t2=t1+(0, 6)) & (3131, 67, 66, t3=t2+(0, 7)) -> (3131, 191, 571, t4=t3+(1, 3))	3	70
(2513, 5, 1995, t1) & (697, 16, 1831, t2=t1+(0, 4)) & (2513, 101, 1831, t3=t2+(0, 6)) -> (697, 16, 2513, t4=t3+(1, 3))	3	71
(822, 165, 2377, t1) & (2551, 47, 874, t2=t1+(0, 5)) & (822, 131, 874, t3=t2+(0, 7)) -> (2551, 131, 2377, t4=t3+(1, 4))	3	72
(1012, 2, 4876, t1) & (4270, 3, 4857, t2=t1+(0, 10)) & (4876, 33, 4270, t3=t2+(0, 4)) -> (4876, 3, 4876, t4=t3+(1, 2))	3	73
(1116, 53, 3430, t1) & (1334, 115, 1248, t2=t1+(0, 4)) & (1334, 167, 3430, t3=t2+(0, 4)) -> (3430, 53, 1334, t4=t3+(1, 4))	3	74
(2524, 155, 1725, t1) & (4083, 5, 2806, t2=t1+(0, 5)) & (4083, 26, 1725, t3=t2+(0, 4)) -> (2806, 26, 1725, t4=t3+(1, 4))	3	75
(1428, 6, 4597, t1) & (3621, 109, 4025, t2=t1+(0, 10)) & (4025, 88, 4597, t3=t2+(0, 4)) -> (4597, 109, 4025, t4=t3+(1, 7))	3	76
(461, 22, 3013, t1) & (66, 84, 2042, t2=t1+(0, 2)) & (2042, 110, 461, t3=t2+(0, 7)) -> (461, 22, 2042, t4=t3+(1, 4))	3	77
(2192, 113, 3863, t1) & (2664, 50, 3202, t2=t1+(0, 5)) & (3863, 104, 2664, t3=t2+(0, 5)) -> (3863, 113, 2664, t4=t3+(1, 7))	3	78
(2398, 158, 1511, t1) & (1654, 1, 4051, t2=t1+(0, 7)) & (2398, 41, 4051, t3=t2+(0, 8)) -> (2398, 1, 4051, t4=t3+(1, 5))	3	79
(3231, 134, 3322, t1) & (1493, 113, 1851, t2=t1+(0, 5)) & (3322, 64, 1851, t3=t2+(0, 4)) -> (3231, 64, 3231, t4=t3+(1, 2))	3	80
(4985, 182, 3884, t1) & (4030, 167, 2595, t2=t1+(0, 7)) & (2595, 19, 3884, t3=t2+(0, 4)) -> (4985, 182, 2595, t4=t3+(1, 6))	3	81
(4173, 97, 4151, t1) & (1356, 71, 83, t2=t1+(0, 5)) & (83, 113, 4151, t3=t2+(0, 3)) -> (4151, 71, 4173, t4=t3+(1, 2))	3	82
(375, 0, 295, t1) & (3203, 6, 2146, t2=t1+(0, 4)) & (375, 49, 3203, t3=t2+(0, 5)) -> (3203, 6, 295, t4=t3+(1, 6))	3	83
(3725, 63, 3565, t1) & (4405, 130, 4103, t2=t1+(0, 7)) & (4405, 15, 3725, t3=t2+(0, 4)) -> (4405, 130, 4103, t4=t3+(1, 4))	3	84
(901, 175, 4935, t1) & (1157, 82, 1726, t2=t1+(0, 3)) & (1726, 21, 4935, t3=t2+(0, 9)) -> (901, 21, 1157, t4=t3+(1, 5))	3	85
(1167, 122, 728, t1) & (3690, 125, 81, t2=t1+(0, 7)) & (1167, 147, 3690, t3=t2+(0, 4)) -> (3690, 122, 728, t4=t3+(1, 5))	3	86
(2684, 143, 3989, t1) & (378, 85, 2459, t2=t1+(0, 2)) & (2684, 83, 2459, t3=t2+(0, 6)) -> (2459, 83, 2684, t4=t3+(1, 5))	3	87
(3488, 2, 2980, t1) & (857, 19, 2938, t2=t1+(0, 3)) & (857, 161, 3488, t3=t2+(0, 3)) -> (857, 161, 2938, t4=t3+(1, 10))	3	88
(1512, 124, 3245, t1) & (4507, 101, 4119, t2=t1+(0, 5)) & (4507, 146, 3245, t3=t2+(0, 4)) -> (4507, 146, 3245, t4=t3+(1, 1))	3	89
(729, 75, 1570, t1) & (962, 77, 3774, t2=t1+(0, 2)) & (1570, 191, 962, t3=t2+(0, 10)) -> (729, 77, 962, t4=t3+(1, 4))	3	90
(2439, 0, 1261, t1) & (4993, 22, 4656, t2=t1+(0, 5)) & (4993, 66, 2439, t3=t2+(0, 5)) -> (1261, 0, 4993, t4=t3+(1, 7))	3	91
(522, 146, 1396, t1) & (3104, 194, 3715, t2=t1+(0, 3)) & (522, 126, 3104, t3=t2+(0, 6)) -> (3104, 126, 3715, t4=t3+(1, 6))	3	92
(1516, 13, 3970, t1) & (2308, 114, 4045, t2=t1+(0, 4)) & (4045, 100, 3970, t3=t2+(0, 4)) -> (1516, 114, 4045, t4=t3+(1, 4))	3	93
(351, 78, 315, t1) & (2704, 108, 4341, t2=t1+(0, 11)) & (2704, 98, 351, t3=t2+(0, 3)) -> (351, 108, 315, t4=t3+(1, 6))	3	94
(1296, 130, 3293, t1) & (2744, 87, 2455, t2=t1+(0, 4)) & (3293, 119, 2744, t3=t2+(0, 1)) -> (2744, 87, 3293, t4=t3+(1, 10))	3	95
(1713, 118, 4739, t1) & (862, 179, 604, t2=t1+(0, 5)) & (1713, 137, 604, t3=t2+(0, 3)) -> (862, 137, 1713, t4=t3+(1, 12))	3	96
(485, 39, 3849, t1) & (2841, 76, 1885, t2=t1+(0, 5)) & (2841, 0, 485, t3=t2+(0, 6)) -> (1885, 76, 3849, t4=t3+(1, 4))	3	97
(440, 185, 1495, t1) & (380, 110, 965, t2=t1+(0, 6)) & (1495, 197, 380, t3=t2+(0, 2)) -> (965, 197, 1495, t4=t3+(1, 5))	3	98
(4072, 140, 893, t1) & (1689, 62, 964, t2=t1+(0, 4)) & (893, 92, 964, t3=t2+(0, 6)) -> (964, 140, 964, t4=t3+(1, 6))	3	99
(4138, 50, 397, t1) & (4288, 97, 3097, t2=t1+(0, 7)) & (3097, 37, 4138, t3=t2+(0, 5)) -> (397, 50, 3097, t4=t3+(1, 3))	3	100
(1719, 75, 4183, t1) & (1668, 81, 1110, t2=t1+(0, 7)) & (4183, 16, 1668, t3=t2+(0, 4)) -> (1668, 81, 1668, t4=t3+(1, 4))	3	101
(176, 35, 4419, t1) & (3520, 159, 4534, t2=t1+(0, 7)) & (4419, 142, 4534, t3=t2+(0, 8)) -> (4534, 35, 4534, t4=t3+(1, 6))	3	102
(1254, 163, 1088, t1) & (1210, 195, 1260, t2=t1+(0, 2)) & (1210, 149, 1088, t3=t2+(0, 3)) -> (1260, 149, 1088, t4=t3+(1, 3))	3	103
(3784, 11, 1223, t1) & (4797, 144, 3317, t2=t1+(0, 7)) & (4797, 23, 1223, t3=t2+(0, 3)) -> (3317, 11, 4797, t4=t3+(1, 7))	3	104
(2973, 65, 3965, t1) & (2310, 149, 2269, t2=t1+(0, 2)) & (2973, 42, 2269, t3=t2+(0, 6)) -> (3965, 42, 2973, t4=t3+(1, 5))	3	105
(2424, 58, 1429, t1) & (1523, 123, 4928, t2=t1+(0, 4)) & (4928, 158, 2424, t3=t2+(0, 5)) -> (4928, 158, 2424, t4=t3+(1, 2))	3	106
(4586, 155, 2991, t1) & (489, 47, 2026, t2=t1+(0, 7)) & (2026, 6, 4586, t3=t2+(0, 2)) -> (2991, 155, 2026, t4=t3+(1, 6))	3	107
(1004, 117, 3118, t1) & (2234, 185, 4262, t2=t1+(0, 7)) & (4262, 127, 3118, t3=t2+(0, 8)) -> (4262, 127, 2234, t4=t3+(1, 5))	3	108
(410, 198, 1414, t1) & (1085, 78, 4052, t2=t1+(0, 6)) & (1414, 157, 1085, t3=t2+(0, 2)) -> (1414, 198, 1085, t4=t3+(1, 7))	3	109
(671, 96, 3647, t1) & (4646, 185, 4515, t2=t1+(0, 13)) & (4646, 21, 3647, t3=t2+(0, 7)) -> (671, 185, 3647, t4=t3+(1, 5))	3	110
(95, 174, 1928, t1) & (3070, 158, 1163, t2=t1+(0, 8)) & (95, 102, 1163, t3=t2+(0, 5)) -> (1163, 158, 95, t4=t3+(1, 9))	3	111
(270, 107, 989, t1) & (1976, 124, 1071, t2=t1+(0, 5)) & (1071, 18, 270, t3=t2+(0, 6)) -> (1071, 18, 1976, t4=t3+(1, 5))	3	112
(438, 194, 2514, t1) & (3249, 193, 3449, t2=t1+(0, 5)) & (2514, 186, 3249, t3=t2+(0, 5)) -> (438, 186, 3249, t4=t3+(1, 5))	3	113
(4744, 98, 4964, t1) & (3043, 47, 4174, t2=t1+(0, 2)) & (4174, 161, 4964, t3=t2+(0, 5)) -> (3043, 161, 4744, t4=t3+(1, 5))	3	114
(963, 178, 4241, t1) & (1209, 106, 39, t2=t1+(0, 3)) & (1209, 115, 4241, t3=t2+(0, 3)) -> (963, 106, 1209, t4=t3+(1, 4))	3	115
(2685, 16, 3483, t1) & (4943, 171, 3695, t2=t1+(0, 5)) & (3695, 39, 2685, t3=t2+(0, 3)) -> (2685, 16, 4943, t4=t3+(1, 8))	3	116
(177, 73, 1772, t1) & (600, 95, 4270, t2=t1+(0, 6)) & (4270, 72, 177, t3=t2+(0, 3)) -> (600, 73, 600, t4=t3+(1, 8))	3	117
(4945, 65, 634, t1) & (146, 40, 2910, t2=t1+(0, 5)) & (4945, 155, 2910, t3=t2+(0, 6)) -> (2910, 65, 4945, t4=t3+(1, 6))	3	118
(4842, 180, 375, t1) & (217, 147, 3513, t2=t1+(0, 11)) & (217, 130, 4842, t3=t2+(0, 3)) -> (3513, 147, 4842, t4=t3+(1, 4))	3	119
(3641, 169, 3958, t1) & (1263, 141, 1256, t2=t1+(0, 5)) & (1263, 136, 3958, t3=t2+(0, 8)) -> (3958, 141, 1256, t4=t3+(1, 8))	3	120
(1109, 136, 3199, t1) & (1411, 113, 2995, t2=t1+(0, 6)) & (1109, 157, 2995, t3=t2+(0, 7)) -> (1411, 113, 1411, t4=t3+(1, 4))	3	121
(4825, 139, 4983, t1) & (4638, 151, 4770, t2=t1+(0, 4)) & (4638, 110, 4983, t3=t2+(0, 6)) -> (4983, 151, 4983, t4=t3+(1, 3))	3	122
(1390, 48, 4865, t1) & (640, 106, 4365, t2=t1+(0, 6)) & (4365, 53, 4865, t3=t2+(0, 4)) -> (4865, 48, 4865, t4=t3+(1, 7))	3	123
(3710, 123, 4773, t1) & (1090, 56, 2063, t2=t1+(0, 5)) & (4773, 86, 2063, t3=t2+(0, 5)) -> (2063, 56, 3710, t4=t3+(1, 3))	3	124
(3849, 109, 4599, t1) & (2878, 159, 3917, t2=t1+(0, 7)) & (3849, 106, 2878, t3=t2+(0, 7)) -> (3917, 106, 3849, t4=t3+(1, 5))	3	125
(2318, 103, 4831, t1) & (2637, 113, 2569, t2=t1+(0, 4)) & (2569, 36, 4831, t3=t2+(0, 3)) -> (2318, 103, 2569, t4=t3+(1, 7))	3	126
(2707, 193, 30, t1) & (4833, 75, 649, t2=t1+(0, 5)) & (4833, 64, 2707, t3=t2+(0, 9)) -> (30, 75, 649, t4=t3+(1, 4))	3	127
(1254, 83, 2260, t1) & (4369, 137, 164, t2=t1+(0, 8)) & (164, 195, 1254, t3=t2+(0, 7)) -> (1254, 137, 164, t4=t3+(1, 9))	3	128
(2529, 175, 2282, t1) & (3765, 156, 342, t2=t1+(0, 4)) & (2282, 14, 3765, t3=t2+(0, 4)) -> (3765, 14, 2529, t4=t3+(1, 6))	3	129
(339, 46, 2116, t1) & (3108, 19, 1113, t2=t1+(0, 6)) & (1113, 150, 339, t3=t2+(0, 5)) -> (339, 19, 1113, t4=t3+(1, 4))	3	130
(2541, 120, 2274, t1) & (355, 185, 3929, t2=t1+(0, 7)) & (355, 31, 2274, t3=t2+(0, 2)) -> (2274, 31, 2274, t4=t3+(1, 3))	3	131
(4749, 50, 2498, t1) & (353, 21, 1291, t2=t1+(0, 6)) & (2498, 138, 1291, t3=t2+(0, 7)) -> (353, 21, 1291, t4=t3+(1, 2))	3	132
(2554, 124, 442, t1) & (4539, 175, 2378, t2=t1+(0, 8)) & (2378, 41, 442, t3=t2+(0, 4)) -> (442, 175, 442, t4=t3+(1, 8))	3	133
(4343, 168, 1732, t1) & (2079, 8, 958, t2=t1+(0, 3)) & (958, 155, 4343, t3=t2+(0, 7)) -> (958, 155, 958, t4=t3+(1, 8))	3	134
(3545, 190, 144, t1) & (4228, 144, 1784, t2=t1+(0, 1)) & (144, 126, 4228, t3=t2+(0, 3)) -> (1784, 190, 144, t4=t3+(1, 4))	3	135
(3797, 184, 4233, t1) & (2939, 156, 2709, t2=t1+(0, 7)) & (4233, 125, 2709, t3=t2+(0, 4)) -> (4233, 125, 2939, t4=t3+(1, 11))	3	136
(2950, 1, 1267, t1) & (1948, 133, 3562, t2=t1+(0, 6)) & (2950, 193, 1948, t3=t2+(0, 8)) -> (3562, 1, 2950, t4=t3+(1, 4))	3	137
(3740, 167, 3936, t1) & (3933, 13, 1054, t2=t1+(0, 5)) & (3936, 68, 1054, t3=t2+(0, 2)) -> (3936, 68, 3936, t4=t3+(1, 6))	3	138
(194, 122, 1921, t1) & (3128, 86, 2057, t2=t1+(0, 4)) & (1921, 125, 2057, t3=t2+(0, 11)) -> (2057, 122, 2057, t4=t3+(1, 4))	3	139
(4003, 194, 296, t1) & (3297, 130, 3144, t2=t1+(0, 5)) & (296, 147, 3297, t3=t2+(0, 4)) -> (296, 147, 3297, t4=t3+(1, 4))	3	140
(2354, 106, 2009, t1) & (2962, 129, 4755, t2=t1+(0, 5)) & (2009, 179, 2962, t3=t2+(0, 6)) -> (2962, 129, 4755, t4=t3+(1, 4))	3	141
(1057, 38, 4479, t1) & (293, 149, 4749, t2=t1+(0, 5)) & (4749, 137, 4479, t3=t2+(0, 5)) -> (4749, 137, 4749, t4=t3+(1, 5))	3	142
(2036, 158, 3601, t1) & (55, 95, 3672, t2=t1+(0, 6)) & (3601, 111, 55, t3=t2+(0, 2)) -> (2036, 95, 3672, t4=t3+(1, 4))	3	143
(1623, 111, 3585, t1) & (3464, 2, 3173, t2=t1+(0, 5)) & (3173, 174, 1623, t3=t2+(0, 6)) -> (3173, 111, 1623, t4=t3+(1, 5))	3	144
(4490, 20, 3490, t1) & (2310, 192, 3518, t2=t1+(0, 7)) & (3518, 77, 4490, t3=t2+(0, 4)) -> (4490, 20, 3518, t4=t3+(1, 2))	3	145
(2261, 173, 907, t1) & (3176, 115, 1253, t2=t1+(0, 6)) & (907, 182, 1253, t3=t2+(0, 4)) -> (3176, 115, 907, t4=t3+(1, 8))	3	146
(2414, 31, 4407, t1) & (3815, 189, 2598, t2=t1+(0, 9)) & (2598, 109, 4407, t3=t2+(0, 1)) -> (2414, 109, 3815, t4=t3+(1, 4))	3	147
(1274, 60, 2790, t1) & (1235, 11, 343, t2=t1+(0, 5)) & (1235, 132, 1274, t3=t2+(0, 4)) -> (2790, 60, 1235, t4=t3+(1, 5))	3	148
(59, 37, 2679, t1) & (1673, 96, 562, t2=t1+(0, 4)) & (1673, 12, 59, t3=t2+(0, 4)) -> (1673, 96, 59, t4=t3+(1, 10))	3	149
(2487, 89, 3679, t1) & (3458, 198, 1628, t2=t1+(0, 6)) & (3458, 131, 2487, t3=t2+(0, 10)) -> (1628, 198, 3458, t4=t3+(1, 6))	3	150
(3909, 190, 3965, t1) & (4113, 133, 4042, t2=t1+(0, 4)) & (3909, 159, 4113, t3=t2+(0, 2)) -> (4113, 159, 4042, t4=t3+(1, 3))	3	151
(383, 55, 807, t1) & (1143, 26, 4221, t2=t1+(0, 9)) & (1143, 143, 807, t3=t2+(0, 7)) -> (1143, 55, 1143, t4=t3+(1, 7))	3	152
(2338, 124, 508, t1) & (3660, 46, 789, t2=t1+(0, 6)) & (2338, 122, 789, t3=t2+(0, 4)) -> (2338, 124, 2338, t4=t3+(1, 2))	3	153
(4075, 172, 152, t1) & (3289, 7, 4085, t2=t1+(0, 5)) & (4085, 184, 152, t3=t2+(0, 3)) -> (4085, 172, 3289, t4=t3+(1, 4))	3	154
(541, 8, 4127, t1) & (201, 177, 3036, t2=t1+(0, 5)) & (201, 56, 541, t3=t2+(0, 4)) -> (201, 177, 201, t4=t3+(1, 1))	3	155
(529, 88, 4324, t1) & (4368, 193, 2765, t2=t1+(0, 6)) & (4368, 169, 4324, t3=t2+(0, 5)) -> (4368, 88, 529, t4=t3+(1, 5))	3	156
(1933, 64, 654, t1) & (899, 146, 2, t2=t1+(0, 3)) & (899, 195, 1933, t3=t2+(0, 1)) -> (899, 64, 654, t4=t3+(1, 4))	3	157
(497, 76, 1940, t1) & (1926, 190, 4354, t2=t1+(0, 4)) & (1940, 118, 4354, t3=t2+(0, 1)) -> (497, 190, 1940, t4=t3+(1, 1))	3	158
(4307, 163, 4652, t1) & (3222, 177, 423, t2=t1+(0, 3)) & (4307, 64, 423, t3=t2+(0, 5)) -> (4307, 177, 423, t4=t3+(1, 5))	3	159
(976, 176, 1036, t1) & (434, 70, 3427, t2=t1+(0, 6)) & (976, 51, 3427, t3=t2+(0, 7)) -> (976, 70, 3427, t4=t3+(1, 5))	3	160
(720, 72, 449, t1) & (1502, 198, 3930, t2=t1+(0, 4)) & (3930, 197, 720, t3=t2+(0, 7)) -> (3930, 72, 449, t4=t3+(1, 4))	3	161
(1900, 69, 2722, t1) & (2901, 120, 210, t2=t1+(0, 3)) & (1900, 8, 2901, t3=t2+(0, 8)) -> (1900, 8, 210, t4=t3+(1, 6))	3	162
(3963, 185, 1965, t1) & (1529, 3, 3694, t2=t1+(0, 9)) & (1529, 95, 3963, t3=t2+(0, 4)) -> (1529, 95, 1529, t4=t3+(1, 3))	3	163
(694, 124, 4903, t1) & (1514, 104, 1588, t2=t1+(0, 9)) & (1588, 199, 694, t3=t2+(0, 4)) -> (1588, 124, 1588, t4=t3+(1, 6))	3	164
(1786, 62, 805, t1) & (3577, 5, 2977, t2=t1+(0, 4)) & (2977, 104, 1786, t3=t2+(0, 2)) -> (1786, 5, 805, t4=t3+(1, 2))	3	165
(3871, 123, 2050, t1) & (827, 102, 1619, t2=t1+(0, 3)) & (1619, 177, 2050, t3=t2+(0, 4)) -> (1619, 102, 3871, t4=t3+(1, 3))	3	166
(3085, 52, 4378, t1) & (1154, 188, 3805, t2=t1+(0, 1)) & (1154, 177, 4378, t3=t2+(0, 5)) -> (1154, 52, 1154, t4=t3+(1, 3))	3	167
(4452, 3, 4982, t1) & (39, 52, 4451, t2=t1+(0, 3)) & (4451, 112, 4452, t3=t2+(0, 6)) -> (4452, 112, 4451, t4=t3+(1, 5))	3	168
(1388, 54, 4215, t1) & (337, 106, 1352, t2=t1+(0, 8)) & (4215, 178, 1352, t3=t2+(0, 1)) -> (337, 106, 1352, t4=t3+(1, 7))	3	169
(4066, 186, 4705, t1) & (736, 63, 4885, t2=t1+(0, 4)) & (736, 135, 4705, t3=t2+(0, 9)) -> (4705, 63, 4705, t4=t3+(1, 4))	3	170
(1229, 120, 4167, t1) & (229, 45, 1713, t2=t1+(0, 3)) & (4167, 102, 1713, t3=t2+(0, 0)) -> (4167, 120, 4167, t4=t3+(1, 3))	3	171
(3852, 67, 3990, t1) & (4542, 184, 4228, t2=t1+(0, 7)) & (3852, 93, 4228, t3=t2+(0, 4)) -> (4542, 93, 3990, t4=t3+(1, 3))	3	172
(3949, 71, 421, t1) & (4088, 142, 3455, t2=t1+(0, 4)) & (3949, 8, 4088, t3=t2+(0, 11)) -> (4088, 71, 3949, t4=t3+(1, 8))	3	173
(4869, 68, 1938, t1) & (283, 43, 2977, t2=t1+(0, 5)) & (283, 70, 4869, t3=t2+(0, 3)) -> (283, 68, 1938, t4=t3+(1, 4))	3	174
(4922, 54, 2330, t1) & (2242, 18, 1146, t2=t1+(0, 5)) & (2242, 155, 4922, t3=t2+(0, 4)) -> (4922, 155, 4922, t4=t3+(1, 3))	3	175
(2646, 195, 1980, t1) & (4110, 7, 2665, t2=t1+(0, 3)) & (2646, 59, 2665, t3=t2+(0, 5)) -> (2646, 59, 4110, t4=t3+(1, 5))	3	176
(1654, 168, 4859, t1) & (4200, 196, 319, t2=t1+(0, 10)) & (4200, 151, 1654, t3=t2+(0, 4)) -> (4859, 151, 4200, t4=t3+(1, 3))	3	177
(3429, 165, 3659, t1) & (4752, 75, 642, t2=t1+(0, 0)) & (3659, 62, 4752, t3=t2+(0, 2)) -> (3659, 75, 3429, t4=t3+(1, 3))	3	178
(4466, 90, 648, t1) & (2166, 94, 1002, t2=t1+(0, 4)) & (648, 69, 1002, t3=t2+(0, 4)) -> (648, 69, 1002, t4=t3+(1, 6))	3	179
(2086, 196, 1487, t1) & (2300, 54, 495, t2=t1+(0, 2)) & (2300, 171, 1487, t3=t2+(0, 5)) -> (2086, 171, 2300, t4=t3+(1, 5))	3	180
(3742, 74, 2303, t1) & (2167, 97, 1258, t2=t1+(0, 5)) & (2303, 148, 2167, t3=t2+(0, 4)) -> (2303, 74, 1258, t4=t3+(1, 5))	3	181
(1697, 84, 4224, t1) & (2015, 196, 2099, t2=t1+(0, 5)) & (4224, 144, 2099, t3=t2+(0, 5)) -> (2099, 144, 4224, t4=t3+(1, 8))	3	182
(4808, 17, 2259, t1) & (1362, 198, 4822, t2=t1+(0, 6)) & (4808, 88, 4822, t3=t2+(0, 4)) -> (4822, 88, 4808, t4=t3+(1, 2))	3	183
(1675, 138, 575, t1) & (4835, 121, 4837, t2=t1+(0, 4)) & (1675, 198, 4837, t3=t2+(0, 3)) -> (1675, 121, 4837, t4=t3+(1, 6))	3	184
(899, 67, 1156, t1) & (4116, 183, 4715, t2=t1+(0, 5)) & (4715, 118, 1156, t3=t2+(0, 8)) -> (4715, 118, 899, t4=t3+(1, 2))	3	185
(4119, 34, 4310, t1) & (4095, 102, 1858, t2=t1+(0, 3)) & (4310, 7, 4095, t3=t2+(0, 2)) -> (4095, 34, 4095, t4=t3+(1, 3))	3	186
(2926, 149, 3550, t1) & (2646, 109, 2805, t2=t1+(0, 0)) & (2646, 9, 3550, t3=t2+(0, 8)) -> (3550, 9, 2646, t4=t3+(1, 6))	3	187
(2564, 186, 1140, t1) & (3574, 14, 1383, t2=t1+(0, 4)) & (2564, 90, 3574, t3=t2+(0, 4)) -> (1140, 186, 2564, t4=t3+(1, 5))	3	188
(1987, 189, 4600, t1) & (570, 12, 2294, t2=t1+(0, 5)) & (2294, 5, 1987, t3=t2+(0, 2)) -> (4600, 12, 2294, t4=t3+(1, 7))	3	189
(4396, 181, 3130, t1) & (3794, 161, 2615, t2=t1+(0, 5)) & (4396, 178, 3794, t3=t2+(0, 7)) -> (2615, 161, 3794, t4=t3+(1, 3))	3	190
(1379, 192, 2424, t1) & (2247, 57, 2346, t2=t1+(0, 5)) & (1379, 110, 2346, t3=t2+(0, 5)) -> (2346, 110, 2346, t4=t3+(1, 6))	3	191
(2600, 96, 4711, t1) & (2160, 144, 4457, t2=t1+(0, 5)) & (4457, 1, 4711, t3=t2+(0, 4)) -> (4457, 1, 4711, t4=t3+(1, 5))	3	192
(3779, 146, 3737, t1) & (4129, 117, 4028, t2=t1+(0, 3)) & (4129, 154, 3779, t3=t2+(0, 5)) -> (3737, 146, 4028, t4=t3+(1, 9))	3	193
(704, 151, 2947, t1) & (985, 119, 2174, t2=t1+(0, 4)) & (2947, 46, 2174, t3=t2+(0, 8)) -> (2947, 46, 2174, t4=t3+(1, 5))	3	194
(835, 162, 4270, t1) & (1716, 23, 4032, t2=t1+(0, 6)) & (1716, 58, 835, t3=t2+(0, 9)) -> (1716, 58, 4270, t4=t3+(1, 5))	3	195
(2150, 86, 1758, t1) & (2783, 180, 568, t2=t1+(0, 5)) & (2783, 62, 2150, t3=t2+(0, 12)) -> (2783, 62, 2150, t4=t3+(1, 6))	3	196
(1168, 2, 772, t1) & (4108, 15, 887, t2=t1+(0, 6)) & (1168, 181, 4108, t3=t2+(0, 4)) -> (4108, 15, 4108, t4=t3+(1, 5))	3	197
(4222, 128, 3413, t1) & (4738, 36, 4214, t2=t1+(0, 7)) & (4222, 192, 4738, t3=t2+(0, 5)) -> (4222, 128, 4222, t4=t3+(1, 6))	3	198
(771, 137, 2777, t1) & (1705, 198, 2467, t2=t1+(0, 3)) & (2777, 141, 1705, t3=t2+(0, 7)) -> (2467, 141, 2777, t4=t3+(1, 4))	3	199
(2774, 51, 3171, t1) & (2774, 78, 3863, t2=t1+(0, 7)) -> (2774, 51, 2774, t3=t2+(1, 4))	2	200
(2914, 78, 154, t1) & (2914, 73, 4309, t2=t1+(0, 5)) -> (4309, 73, 154, t3=t2+(1, 3))	2	201
(1054, 132, 1941, t1) & (1941, 144, 723, t2=t1+(0, 5)) -> (723, 144, 1054, t3=t2+(1, 5))	2	202
(3478, 112, 3595, t1) & (2002, 161, 3595, t2=t1+(0, 2)) -> (3595, 112, 2002, t3=t2+(1, 5))	2	203
(3010, 66, 2097, t1) & (3485, 25, 2097, t2=t1+(0, 6)) -> (3010, 66, 3485, t3=t2+(1, 6))	2	204
(977, 192, 4520, t1) & (3206, 11, 977, t2=t1+(0, 3)) -> (977, 11, 4520, t3=t2+(1, 3))	2	205
(3828, 40, 4853, t1) & (4853, 43, 4099, t2=t1+(0, 3)) -> (4853, 43, 4853, t3=t2+(1, 5))	2	206
(3974, 162, 4401, t1) & (498, 117, 4401, t2=t1+(0, 12)) -> (4401, 162, 3974, t3=t2+(1, 5))	2	207
(2363, 31, 577, t1) & (2363, 54, 577, t2=t1+(0, 10)) -> (577, 31, 577, t3=t2+(1, 3))	2	208
(3003, 23, 4363, t1) & (1543, 124, 3003, t2=t1+(0, 5)) -> (1543, 23, 1543, t3=t2+(1, 7))	2	209
(4163, 85, 4389, t1) & (3136, 89, 4389, t2=t1+(0, 7)) -> (4389, 85, 3136, t3=t2+(1, 2))	2	210
(4773, 126, 831, t1) & (4773, 35, 4773, t2=t1+(0, 8)) -> (831, 35, 4773, t3=t2+(1, 6))	2	211
(1936, 43, 1873, t1) & (1936, 96, 1936, t2=t1+(0, 6)) -> (1936, 96, 1936, t3=t2+(1, 6))	2	212
(481, 130, 1571, t1) & (1571, 79, 1943, t2=t1+(0, 10)) -> (1571, 130, 1571, t3=t2+(1, 10))	2	213
(3833, 66, 2771, t1) & (2771, 168, 3833, t2=t1+(0, 3)) -> (2771, 168, 3833, t3=t2+(1, 4))	2	214
(3943, 9, 1119, t1) & (3943, 59, 1119, t2=t1+(0, 3)) -> (3943, 9, 1119, t3=t2+(1, 6))	2	215
(29, 108, 1569, t1) & (4455, 189, 1569, t2=t1+(0, 5)) -> (29, 189, 1569, t3=t2+(1, 5))	2	216
(3537, 117, 16, t1) & (3545, 70, 3537, t2=t1+(0, 5)) -> (3537, 70, 3537, t3=t2+(1, 2))	2	217
(3548, 146, 3087, t1) & (3087, 22, 3548, t2=t1+(0, 7)) -> (3087, 146, 3548, t3=t2+(1, 7))	2	218
(975, 85, 4562, t1) & (1709, 12, 4562, t2=t1+(0, 4)) -> (4562, 85, 975, t3=t2+(1, 1))	2	219
(2497, 124, 3173, t1) & (2497, 20, 3173, t2=t1+(0, 3)) -> (3173, 20, 3173, t3=t2+(1, 3))	2	220
(2335, 5, 969, t1) & (969, 181, 2136, t2=t1+(0, 3)) -> (2335, 5, 969, t3=t2+(1, 3))	2	221
(2367, 185, 1452, t1) & (1452, 96, 2094, t2=t1+(0, 7)) -> (2094, 185, 2094, t3=t2+(1, 5))	2	222
(1551, 65, 174, t1) & (1082, 140, 174, t2=t1+(0, 6)) -> (1551, 140, 174, t3=t2+(1, 6))	2	223
(4214, 136, 438, t1) & (438, 35, 4214, t2=t1+(0, 5)) -> (438, 136, 438, t3=t2+(1, 3))	2	224
(1362, 51, 367, t1) & (1362, 46, 1362, t2=t1+(0, 4)) -> (1362, 51, 1362, t3=t2+(1, 5))	2	225
(1599, 78, 1051, t1) & (1909, 51, 1599, t2=t1+(0, 4)) -> (1599, 78, 1051, t3=t2+(1, 10))	2	226
(640, 140, 1888, t1) & (1888, 88, 640, t2=t1+(0, 5)) -> (640, 88, 1888, t3=t2+(1, 7))	2	227
(1734, 79, 4535, t1) & (1734, 148, 128, t2=t1+(0, 9)) -> (1734, 79, 4535, t3=t2+(1, 4))	2	228
(666, 91, 1106, t1) & (1106, 172, 1106, t2=t1+(0, 3)) -> (1106, 91, 666, t3=t2+(1, 7))	2	229
(1876, 161, 3063, t1) & (1876, 80, 3063, t2=t1+(0, 3)) -> (1876, 161, 1876, t3=t2+(1, 1))	2	230
(314, 193, 1171, t1) & (314, 94, 1171, t2=t1+(0, 6)) -> (314, 94, 1171, t3=t2+(1, 3))	2	231
(961, 127, 3803, t1) & (961, 15, 961, t2=t1+(0, 7)) -> (961, 15, 961, t3=t2+(1, 4))	2	232
(3893, 7, 1277, t1) & (1277, 55, 368, t2=t1+(0, 6)) -> (1277, 7, 3893, t3=t2+(1, 2))	2	233
(4369, 186, 3417, t1) & (2569, 106, 3417, t2=t1+(0, 3)) -> (4369, 106, 4369, t3=t2+(1, 6))	2	234
(4277, 36, 590, t1) & (590, 61, 4277, t2=t1+(0, 3)) -> (4277, 61, 4277, t3=t2+(1, 7))	2	235
(1187, 46, 1112, t1) & (2054, 34, 1112, t2=t1+(0, 3)) -> (1187, 34, 1112, t3=t2+(1, 3))	2	236
(541, 43, 4580, t1) & (103, 158, 4580, t2=t1+(0, 3)) -> (4580, 158, 541, t3=t2+(1, 4))	2	237
(932, 42, 2224, t1) & (932, 119, 932, t2=t1+(0, 5)) -> (932, 119, 932, t3=t2+(1, 5))	2	238
(3601, 169, 3376, t1) & (1172, 112, 3376, t2=t1+(0, 3)) -> (3376, 169, 3376, t3=t2+(1, 6))	2	239
(1417, 3, 692, t1) & (1417, 163, 692, t2=t1+(0, 7)) -> (692, 163, 1417, t3=t2+(1, 4))	2	240
(1122, 27, 1755, t1) & (1755, 1, 941, t2=t1+(0, 5)) -> (1755, 27, 941, t3=t2+(1, 8))	2	241
(2374, 40, 4851, t1) & (2374, 73, 4851, t2=t1+(0, 5)) -> (2374, 40, 2374, t3=t2+(1, 3))	2	242
(4127, 58, 500, t1) & (4127, 9, 3657, t2=t1+(0, 5)) -> (3657, 58, 500, t3=t2+(1, 2))	2	243
(3388, 12, 199, t1) & (3388, 48, 3388, t2=t1+(0, 3)) -> (3388, 12, 199, t3=t2+(1, 8))	2	244
(2462, 35, 1023, t1) & (2462, 19, 824, t2=t1+(0, 7)) -> (2462, 19, 824, t3=t2+(1, 8))	2	245
(1719, 87, 4170, t1) & (4170, 147, 1719, t2=t1+(0, 5)) -> (4170, 87, 4170, t3=t2+(1, 6))	2	246
(430, 67, 4749, t1) & (499, 57, 4749, t2=t1+(0, 5)) -> (499, 57, 4749, t3=t2+(1, 4))	2	247
(2712, 22, 3776, t1) & (2712, 12, 3776, t2=t1+(0, 11)) -> (3776, 22, 2712, t3=t2+(1, 3))	2	248
(2498, 189, 3611, t1) & (565, 97, 2498, t2=t1+(0, 3)) -> (3611, 189, 565, t3=t2+(1, 6))	2	249
(4284, 56, 827, t1) & (4284, 111, 827, t2=t1+(0, 4)) -> (827, 56, 827, t3=t2+(1, 8))	2	250
(1230, 20, 2046, t1) & (1230, 49, 711, t2=t1+(0, 3)) -> (711, 20, 1230, t3=t2+(1, 5))	2	251
(2231, 92, 1306, t1) & (4748, 148, 2231, t2=t1+(0, 3)) -> (2231, 148, 2231, t3=t2+(1, 7))	2	252
(3815, 126, 3945, t1) & (3945, 2, 3945, t2=t1+(0, 1)) -> (3945, 2, 3945, t3=t2+(1, 5))	2	253
(322, 188, 3892, t1) & (1252, 178, 322, t2=t1+(0, 5)) -> (322, 178, 322, t3=t2+(1, 3))	2	254
(118, 115, 217, t1) & (1095, 125, 217, t2=t1+(0, 5)) -> (217, 115, 118, t3=t2+(1, 3))	2	255
(4322, 119, 1405, t1) & (726, 90, 4322, t2=t1+(0, 5)) -> (726, 119, 726, t3=t2+(1, 8))	2	256
(2280, 50, 2216, t1) & (2216, 75, 1124, t2=t1+(0, 9)) -> (2280, 50, 2216, t3=t2+(1, 6))	2	257
(3174, 179, 4204, t1) & (3174, 27, 2977, t2=t1+(0, 9)) -> (3174, 179, 3174, t3=t2+(1, 4))	2	258
(4742, 53, 1420, t1) & (4742, 188, 1811, t2=t1+(0, 3)) -> (4742, 188, 1420, t3=t2+(1, 3))	2	259
(473, 122, 4742, t1) & (2237, 35, 473, t2=t1+(0, 7)) -> (473, 35, 4742, t3=t2+(1, 9))	2	260
(1707, 167, 3018, t1) & (3018, 46, 4338, t2=t1+(0, 2)) -> (1707, 46, 1707, t3=t2+(1, 8))	2	261
(352, 166, 303, t1) & (415, 198, 352, t2=t1+(0, 5)) -> (352, 198, 303, t3=t2+(1, 4))	2	262
(160, 32, 1739, t1) & (2258, 124, 1739, t2=t1+(0, 4)) -> (1739, 124, 2258, t3=t2+(1, 9))	2	263
(3612, 51, 659, t1) & (3612, 157, 4304, t2=t1+(0, 5)) -> (659, 51, 3612, t3=t2+(1, 8))	2	264
(1954, 103, 801, t1) & (2110, 131, 1954, t2=t1+(0, 7)) -> (801, 131, 801, t3=t2+(1, 6))	2	265
(1190, 163, 1690, t1) & (1190, 83, 4043, t2=t1+(0, 4)) -> (1690, 83, 1190, t3=t2+(1, 4))	2	266
(2237, 132, 224, t1) & (224, 98, 224, t2=t1+(0, 6)) -> (224, 132, 224, t3=t2+(1, 3))	2	267
(4505, 178, 702, t1) & (1882, 134, 702, t2=t1+(0, 6)) -> (4505, 178, 702, t3=t2+(1, 4))	2	268
(1150, 167, 3145, t1) & (4716, 156, 3145, t2=t1+(0, 4)) -> (3145, 167, 1150, t3=t2+(1, 5))	2	269
(2797, 21, 2640, t1) & (1824, 105, 2797, t2=t1+(0, 7)) -> (2640, 105, 2640, t3=t2+(1, 10))	2	270
(1746, 73, 3091, t1) & (1746, 63, 1635, t2=t1+(0, 1)) -> (1635, 73, 1746, t3=t2+(1, 6))	2	271
(2849, 121, 481, t1) & (2849, 23, 481, t2=t1+(0, 8)) -> (481, 23, 2849, t3=t2+(1, 5))	2	272
(2539, 25, 272, t1) & (2630, 144, 272, t2=t1+(0, 5)) -> (272, 144, 2539, t3=t2+(1, 5))	2	273
(3299, 114, 864, t1) & (4248, 118, 864, t2=t1+(0, 4)) -> (3299, 118, 4248, t3=t2+(1, 3))	2	274
(723, 152, 2933, t1) & (3315, 131, 2933, t2=t1+(0, 2)) -> (2933, 131, 723, t3=t2+(1, 5))	2	275
(1436, 48, 544, t1) & (682, 6, 1436, t2=t1+(0, 4)) -> (682, 6, 1436, t3=t2+(1, 6))	2	276
(4257, 143, 1520, t1) & (1520, 61, 4257, t2=t1+(0, 6)) -> (1520, 61, 4257, t3=t2+(1, 7))	2	277
(3007, 156, 476, t1) & (3007, 125, 476, t2=t1+(0, 6)) -> (476, 156, 476, t3=t2+(1, 6))	2	278
(316, 176, 3153, t1) & (316, 72, 4525, t2=t1+(0, 4)) -> (4525, 176, 316, t3=t2+(1, 4))	2	279
(3567, 89, 3535, t1) & (3535, 69, 4786, t2=t1+(0, 4)) -> (3535, 89, 3535, t3=t2+(1, 7))	2	280
(985, 75, 4008, t1) & (166, 189, 4008, t2=t1+(0, 4)) -> (985, 189, 166, t3=t2+(1, 5))	2	281
(3281, 69, 3453, t1) & (3281, 113, 3281, t2=t1+(0, 8)) -> (3281, 69, 3281, t3=t2+(1, 4))	2	282
(2101, 135, 464, t1) & (72, 125, 464, t2=t1+(0, 6)) -> (72, 125, 464, t3=t2+(1, 1))	2	283
(3708, 32, 4937, t1) & (4937, 77, 3042, t2=t1+(0, 6)) -> (3708, 32, 4937, t3=t2+(1, 5))	2	284
(4629, 45, 4283, t1) & (844, 55, 4283, t2=t1+(0, 3)) -> (844, 45, 844, t3=t2+(1, 8))	2	285
(3338, 55, 4603, t1) & (885, 84, 3338, t2=t1+(0, 8)) -> (3338, 84, 4603, t3=t2+(1, 3))	2	286
(178, 0, 1654, t1) & (178, 21, 2844, t2=t1+(0, 6)) -> (2844, 21, 1654, t3=t2+(1, 4))	2	287
(1194, 157, 184, t1) & (1194, 50, 3608, t2=t1+(0, 7)) -> (184, 157, 1194, t3=t2+(1, 8))	2	288
(3058, 136, 1383, t1) & (3058, 88, 4112, t2=t1+(0, 3)) -> (3058, 88, 1383, t3=t2+(1, 5))	2	289
(2201, 197, 2420, t1) & (2420, 170, 1384, t2=t1+(0, 6)) -> (1384, 197, 2201, t3=t2+(1, 7))	2	290
(2395, 114, 1027, t1) & (3460, 32, 2395, t2=t1+(0, 5)) -> (3460, 32, 2395, t3=t2+(1, 10))	2	291
(4340, 78, 1888, t1) & (1888, 148, 3885, t2=t1+(0, 5)) -> (1888, 148, 4340, t3=t2+(1, 6))	2	292
(1560, 56, 3929, t1) & (1560, 134, 4872, t2=t1+(0, 7)) -> (1560, 134, 1560, t3=t2+(1, 3))	2	293
(3723, 39, 4880, t1) & (4546, 68, 3723, t2=t1+(0, 5)) -> (3723, 68, 3723, t3=t2+(1, 3))	2	294
(143, 27, 1515, t1) & (2563, 171, 1515, t2=t1+(0, 6)) -> (2563, 27, 1515, t3=t2+(1, 7))	2	295
(88, 21, 1050, t1) & (88, 163, 3409, t2=t1+(0, 7)) -> (88, 21, 3409, t3=t2+(1, 4))	2	296
(4327, 115, 484, t1) & (2638, 91, 484, t2=t1+(0, 10)) -> (4327, 91, 2638, t3=t2+(1, 4))	2	297
(580, 34, 4824, t1) & (580, 119, 580, t2=t1+(0, 6)) -> (580, 34, 4824, t3=t2+(1, 4))	2	298
(2218, 108, 3278, t1) & (2628, 30, 3278, t2=t1+(0, 3)) -> (3278, 30, 2628, t3=t2+(1, 7))	2	299
(1531, 121, 933, t1) -> (933, 121, 933, t2=t1+(1, 3))	1	300
(3908, 88, 252, t1) -> (252, 88, 252, t2=t1+(1, 2))	1	301
(3006, 158, 3305, t1) -> (3006, 158, 3006, t2=t1+(1, 10))	1	302
(2437, 36, 1329, t1) -> (2437, 36, 1329, t2=t1+(1, 9))	1	303
(1369, 127, 1495, t1) -> (1369, 127, 1369, t2=t1+(1, 10))	1	304
(2229, 16, 1126, t1) -> (2229, 16, 2229, t2=t1+(1, 4))	1	305
(3151, 55, 2463, t1) -> (3151, 55, 3151, t2=t1+(1, 2))	1	306
(995, 6, 720, t1) -> (720, 6, 720, t2=t1+(1, 5))	1	307
(3422, 144, 4081, t1) -> (4081, 144, 4081, t2=t1+(1, 4))	1	308
(2499, 193, 2804, t1) -> (2804, 193, 2499, t2=t1+(1, 2))	1	309
(1746, 59, 3198, t1) -> (3198, 59, 1746, t2=t1+(1, 3))	1	310
(2489, 120, 2796, t1) -> (2489, 120, 2489, t2=t1+(1, 1))	1	311
(1056, 61, 1400, t1) -> (1400, 61, 1400, t2=t1+(1, 6))	1	312
(699, 148, 4809, t1) -> (4809, 148, 4809, t2=t1+(1, 5))	1	313
(3335, 86, 4935, t1) -> (4935, 86, 4935, t2=t1+(1, 6))	1	314
(4440, 188, 4605, t1) -> (4605, 188, 4605, t2=t1+(1, 3))	1	315
(4154, 145, 833, t1) -> (833, 145, 833, t2=t1+(1, 5))	1	316
(4229, 190, 171, t1) -> (171, 190, 171, t2=t1+(1, 4))	1	317
(3136, 95, 3943, t1) -> (3136, 95, 3943, t2=t1+(1, 4))	1	318
(1126, 48, 3581, t1) -> (1126, 48, 1126, t2=t1+(1, 5))	1	319
(2977, 133, 4089, t1) -> (2977, 133, 2977, t2=t1+(1, 2))	1	320
(4459, 152, 3061, t1) -> (3061, 152, 3061, t2=t1+(1, 6))	1	321
(2129, 119, 1823, t1) -> (2129, 119, 2129, t2=t1+(1, 5))	1	322
(4685, 97, 2662, t1) -> (2662, 97, 2662, t2=t1+(1, 6))	1	323
(3999, 8, 3150, t1) -> (3999, 8, 3999, t2=t1+(1, 4))	1	324
(2888, 20, 2689, t1) -> (2888, 20, 2689, t2=t1+(1, 4))	1	325
(2660, 157, 2318, t1) -> (2660, 157, 2318, t2=t1+(1, 5))	1	326
(1062, 91, 2584, t1) -> (1062, 91, 2584, t2=t1+(1, 5))	1	327
(1923, 184, 352, t1) -> (1923, 184, 352, t2=t1+(1, 3))	1	328
(4630, 6, 4527, t1) -> (4630, 6, 4630, t2=t1+(1, 2))	1	329
(960, 188, 115, t1) -> (115, 188, 115, t2=t1+(1, 2))	1	330
(2653, 173, 4499, t1) -> (4499, 173, 2653, t2=t1+(1, 4))	1	331
(4074, 86, 2096, t1) -> (2096, 86, 2096, t2=t1+(1, 4))	1	332
(4257, 177, 4962, t1) -> (4962, 177, 4962, t2=t1+(1, 8))	1	333
(4617, 187, 3329, t1) -> (4617, 187, 4617, t2=t1+(1, 2))	1	334
(2540, 36, 4487, t1) -> (4487, 36, 2540, t2=t1+(1, 4))	1	335
(3555, 75, 4760, t1) -> (4760, 75, 3555, t2=t1+(1, 7))	1	336
(1435, 116, 4819, t1) -> (4819, 116, 1435, t2=t1+(1, 5))	1	337
(1525, 78, 1043, t1) -> (1043, 78, 1525, t2=t1+(1, 1))	1	338
(392, 0, 4763, t1) -> (392, 0, 392, t2=t1+(1, 5))	1	339
(1235, 182, 3233, t1) -> (1235, 182, 1235, t2=t1+(1, 6))	1	340
(297, 91, 2256, t1) -> (2256, 91, 2256, t2=t1+(1, 4))	1	341
(417, 188, 521, t1) -> (417, 188, 417, t2=t1+(1, 5))	1	342
(3139, 151, 1847, t1) -> (1847, 151, 3139, t2=t1+(1, 8))	1	343
(4041, 191, 1439, t1) -> (1439, 191, 1439, t2=t1+(1, 4))	1	344
(1671, 62, 3681, t1) -> (3681, 62, 3681, t2=t1+(1, 7))	1	345
(2989, 169, 4227, t1) -> (4227, 169, 2989, t2=t1+(1, 2))	1	346
(1512, 26, 885, t1) -> (1512, 26, 1512, t2=t1+(1, 4))	1	347
(3348, 109, 2224, t1) -> (3348, 109, 3348, t2=t1+(1, 4))	1	348
(826, 66, 2800, t1) -> (826, 66, 826, t2=t1+(1, 2))	1	349
