(1676, 25, 1178, t1) & (3983, 55, 473, t2=t1+(0, 3)) & (1178, 195, 3983, t3=t2+(0, 3)) -> (3983, 195, 1178, t4=t3+(1, 5))	3	0
(1367, 56, 4717, t1) & (4641, 99, 4148, t2=t1+(0, 3)) & (4148, 3, 4717, t3=t2+(0, 2)) -> (4717, 3, 4148, t4=t3+(1, 4))	3	1
(4216, 147, 1449, t1) & (1682, 39, 3692, t2=t1+(0, 5)) & (1449, 65, 1682, t3=t2+(0, 3)) -> (4216, 39, 1682, t4=t3+(1, 4))	3	2
(3347, 146, 3765, t1) & (1738, 30, 2392, t2=t1+(0, 3)) & (2392, 6, 3347, t3=t2+(0, 7)) -> (1738, 30, 2392, t4=t3+(1, 2))	3	3
(4089, 48, 2841, t1) & (101, 172, 1615, t2=t1+(0, 5)) & (101, 30, 4089, t3=t2+(0, 7)) -> (101, 30, 101, t4=t3+(1, 7))	3	4
(3717, 138, 77, t1) & (930, 5, 3673, t2=t1+(0, 6)) & (3673, 157, 77, t3=t2+(0, 3)) -> (3673, 5, 3673, t4=t3+(1, 10))	3	5
(1714, 55, 2729, t1) & (4946, 179, 2338, t2=t1+(0, 8)) & (2338, 27, 1714, t3=t2+(0, 3)) -> (4946, 179, 1714, t4=t3+(1, 4))	3	6
(3201, 126, 190, t1) & (2729, 100, 4660, t2=t1+(0, 5)) & (3201, 25, 2729, t3=t2+(0, 8)) -> (3201, 25, 2729, t4=t3+(1, 4))	3	7
(595, 75, 1734, t1) & (2385, 161, 4239, t2=t1+(0, 9)) & (4239, 112, 1734, t3=t2+(0, 3)) -> (4239, 75, 1734, t4=t3+(1, 4))	3	8
(4417, 87, 2916, t1) & (2467, 73, 2489, t2=t1+(0, 1)) & (4417, 48, 2489, t3=t2+(0, 6)) -> (2489, 73, 2489, t4=t3+(1, 8))	3	9
(84, 11, 4366, t1) & (2655, 135, 646, t2=t1+(0, 1)) & (4366, 15, 2655, t3=t2+(0, 2)) -> (84, 15, 4366, t4=t3+(1, 6))	3	10
(542, 135, 936, t1) & (2231, 71, 4940, t2=t1+(0, 4)) & (936, 40, 2231, t3=t2+(0, 6)) -> (2231, 40, 936, t4=t3+(1, 8))	3	11
(1678, 148, 3717, t1) & (324, 97, 1822, t2=t1+(0, 5)) & (324, 59, 1678, t3=t2+(0, 6)) -> (1678, 148, 1678, t4=t3+(1, 3))	3	12
(3077, 31, 3970, t1) & (3244, 151, 3381, t2=t1+(0, 0)) & (3244, 144, 3970, t3=t2+(0, 6)) -> (3077, 31, 3970, t4=t3+(1, 4))	3	13
(1607, 118, 1981, t1) & (2105, 105, 2706, t2=t1+(0, 5)) & (2105, 133, 1607, t3=t2+(0, 4)) -> (1607, 105, 1607, t4=t3+(1, 3))	3	14
(3068, 8, 740, t1) & (3477, 101, 2945, t2=t1+(0, 7)) & (3068, 6, 2945, t3=t2+(0, 5)) -> (740, 8, 3477, t4=t3+(1, 2))	3	15
(4102, 6, 1148, t1) & (4866, 91, 2046, t2=t1+(0, 7)) & (2046, 26, 1148, t3=t2+(0, 1)) -> (2046, 6, 1148, t4=t3+(1, 6))	3	16
(3753, 22, 3982, t1) & (3457, 181, 4725, t2=t1+(0, 7)) & (3753, 15, 4725, t3=t2+(0, 5)) -> (3457, 15, 4725, t4=t3+(1, 3))	3	17
(2053, 191, 1934, t1) & (1566, 29, 3040, t2=t1+(0, 4)) & (2053, 95, 1566, t3=t2+(0, 3)) -> (1934, 191, 2053, t4=t3+(1, 7))	3	18
(4593, 109, 615, t1) & (547, 173, 3982, t2=t1+(0, 4)) & (4593, 144, 547, t3=t2+(0, 1)) -> (547, 109, 3982, t4=t3+(1, 2))	3	19
(1682, 55, 2300, t1) & (3309, 3, 1311, t2=t1+(0, 8)) & (1311, 177, 2300, t3=t2+(0, 3)) -> (2300, 177, 1682, t4=t3+(1, 3))	3	20
(4932, 152, 134, t1) & (4806, 195, 3593, t2=t1+(0, 2)) & (4806, 133, 4932, t3=t2+(0, 9)) -> (4806, 152, 4932, t4=t3+(1, 7))	3	21
(76, 63, 224, t1) & (1714, 157, 3584, t2=t1+(0, 5)) & (1714, 95, 76, t3=t2+(0, 4)) -> (76, 63, 76, t4=t3+(1, 5))	3	22
(2759, 57, 3854, t1) & (153, 15, 3309, t2=t1+(0, 6)) & (3309, 148, 3854, t3=t2+(0, 4)) -> (3854, 148, 3854, t4=t3+(1, 5))	3	23
(3453, 11, 2130, t1) & (1479, 19, 2759, t2=t1+(0, 5)) & (2130, 181, 2759, t3=t2+(0, 7)) -> (2130, 181, 2130, t4=t3+(1, 8))	3	24
(1467, 26, 745, t1) & (3360, 191, 1882, t2=t1+(0, 5)) & (1467, 152, 1882, t3=t2+(0, 3)) -> (1467, 152, 1467, t4=t3+(1, 6))	3	25
(962, 127, 990, t1) & (2603, 131, 4181, t2=t1+(0, 2)) & (2603, 172, 962, t3=t2+(0, 10)) -> (962, 172, 4181, t4=t3+(1, 4))	3	26
(1479, 133, 138, t1) & (1558, 91, 1981, t2=t1+(0, 5)) & (1981, 55, 138, t3=t2+(0, 5)) -> (1981, 91, 138, t4=t3+(1, 8))	3	27
(2385, 148, 4477, t1) & (3717, 180, 3787, t2=t1+(0, 7)) & (3787, 181, 2385, t3=t2+(0, 7)) -> (2385, 180, 4477, t4=t3+(1, 1))	3	28
(485, 127, 2521, t1) & (2562, 24, 54, t2=t1+(0, 2)) & (2562, 122, 2521, t3=t2+(0, 8)) -> (485, 127, 2521, t4=t3+(1, 6))	3	29
(1498, 11, 789, t1) & (86, 25, 4575, t2=t1+(0, 6)) & (4575, 112, 1498, t3=t2+(0, 10)) -> (4575, 11, 4575, t4=t3+(1, 3))	3	30
(2890, 172, 3814, t1) & (1482, 194, 2200, t2=t1+(0, 3)) & (2890, 45, 1482, t3=t2+(0, 3)) -> (2890, 45, 2890, t4=t3+(1, 4))	3	31
(3755, 68, 2759, t1) & (3463, 158, 4341, t2=t1+(0, 6)) & (3755, 189, 3463, t3=t2+(0, 2)) -> (4341, 158, 3755, t4=t3+(1, 7))	3	32
(4570, 172, 1415, t1) & (745, 65, 4430, t2=t1+(0, 5)) & (4570, 44, 745, t3=t2+(0, 7)) -> (4570, 65, 4430, t4=t3+(1, 7))	3	33
(377, 91, 4216, t1) & (77, 97, 280, t2=t1+(0, 12)) & (77, 148, 377, t3=t2+(0, 6)) -> (280, 148, 77, t4=t3+(1, 4))	3	34
(4636, 169, 1414, t1) & (3667, 41, 4610, t2=t1+(0, 3)) & (1414, 28, 3667, t3=t2+(0, 1)) -> (4610, 28, 4610, t4=t3+(1, 6))	3	35
(2838, 133, 1523, t1) & (3250, 191, 4567, t2=t1+(0, 5)) & (1523, 101, 3250, t3=t2+(0, 8)) -> (1523, 133, 2838, t4=t3+(1, 6))	3	36
(2872, 181, 825, t1) & (1426, 1, 2492, t2=t1+(0, 5)) & (2872, 135, 1426, t3=t2+(0, 5)) -> (1426, 1, 1426, t4=t3+(1, 4))	3	37
(4552, 62, 981, t1) & (4333, 119, 4987, t2=t1+(0, 7)) & (4552, 150, 4987, t3=t2+(0, 6)) -> (4552, 119, 4987, t4=t3+(1, 7))	3	38
(2603, 20, 4193, t1) & (4017, 102, 210, t2=t1+(0, 4)) & (4193, 198, 210, t3=t2+(0, 10)) -> (4193, 102, 4193, t4=t3+(1, 7))	3	39
(3892, 117, 377, t1) & (3381, 100, 1414, t2=t1+(0, 6)) & (377, 30, 1414, t3=t2+(0, 3)) -> (377, 30, 3892, t4=t3+(1, 9))	3	40
(3381, 131, 1747, t1) & (4408, 5, 1934, t2=t1+(0, 7)) & (1934, 26, 1747, t3=t2+(0, 5)) -> (1934, 26, 3381, t4=t3+(1, 2))	3	41
(1148, 135, 2706, t1) & (4240, 22, 4920, t2=t1+(0, 3)) & (4920, 155, 1148, t3=t2+(0, 1)) -> (4920, 155, 4920, t4=t3+(1, 4))	3	42
(203, 198, 1463, t1) & (84, 183, 3120, t2=t1+(0, 5)) & (1463, 181, 3120, t3=t2+(0, 2)) -> (203, 198, 84, t4=t3+(1, 3))	3	43
(190, 148, 1547, t1) & (3464, 172, 1542, t2=t1+(0, 2)) & (1542, 100, 190, t3=t2+(0, 4)) -> (1547, 172, 190, t4=t3+(1, 6))	3	44
(4480, 123, 1738, t1) & (817, 173, 2002, t2=t1+(0, 10)) & (817, 124, 4480, t3=t2+(0, 6)) -> (1738, 173, 4480, t4=t3+(1, 6))	3	45
(1362, 117, 4193, t1) & (3233, 97, 3603, t2=t1+(0, 4)) & (3233, 172, 1362, t3=t2+(0, 3)) -> (3233, 172, 1362, t4=t3+(1, 5))	3	46
(4181, 79, 1944, t1) & (2908, 3, 3046, t2=t1+(0, 5)) & (3046, 106, 1944, t3=t2+(0, 6)) -> (3046, 3, 2908, t4=t3+(1, 6))	3	47
(4920, 135, 1150, t1) & (2247, 86, 4477, t2=t1+(0, 6)) & (4477, 91, 4920, t3=t2+(0, 3)) -> (4477, 91, 4920, t4=t3+(1, 5))	3	48
(3048, 172, 1981, t1) & (4321, 20, 4911, t2=t1+(0, 3)) & (3048, 79, 4321, t3=t2+(0, 3)) -> (4911, 79, 3048, t4=t3+(1, 6))	3	49
(2718, 0, 1415, t1) & (4263, 29, 3499, t2=t1+(0, 2)) & (3499, 5, 2718, t3=t2+(0, 12)) -> (4263, 29, 2718, t4=t3+(1, 3))	3	50
(2905, 55, 3290, t1) & (1452, 181, 110, t2=t1+(0, 4)) & (1452, 126, 2905, t3=t2+(0, 1)) -> (1452, 181, 2905, t4=t3+(1, 9))	3	51
(4886, 117, 3787, t1) & (547, 48, 1682, t2=t1+(0, 2)) & (3787, 131, 547, t3=t2+(0, 1)) -> (4886, 131, 4886, t4=t3+(1, 2))	3	52
(508, 120, 2941, t1) & (2313, 79, 4333, t2=t1+(0, 8)) & (2941, 97, 4333, t3=t2+(0, 4)) -> (4333, 97, 2313, t4=t3+(1, 4))	3	53
(1678, 173, 110, t1) & (4484, 135, 1941, t2=t1+(0, 5)) & (1678, 73, 4484, t3=t2+(0, 6)) -> (110, 73, 110, t4=t3+(1, 1))	3	54
(1482, 23, 1763, t1) & (1335, 133, 4298, t2=t1+(0, 5)) & (1763, 112, 4298, t3=t2+(0, 3)) -> (1482, 23, 1482, t4=t3+(1, 8))	3	55
(3433, 45, 603, t1) & (307, 104, 690, t2=t1+(0, 8)) & (603, 134, 690, t3=t2+(0, 5)) -> (603, 45, 690, t4=t3+(1, 8))	3	56
(3470, 44, 1566, t1) & (3947, 57, 3463, t2=t1+(0, 1)) & (3470, 158, 3947, t3=t2+(0, 3)) -> (3947, 44, 1566, t4=t3+(1, 3))	3	57
(4147, 3, 1766, t1) & (518, 157, 3244, t2=t1+(0, 1)) & (3244, 100, 1766, t3=t2+(0, 7)) -> (3244, 3, 4147, t4=t3+(1, 6))	3	58
(1494, 79, 3433, t1) & (2263, 97, 210, t2=t1+(0, 8)) & (210, 31, 3433, t3=t2+(0, 2)) -> (3433, 97, 210, t4=t3+(1, 6))	3	59
(4717, 157, 4178, t1) & (745, 147, 4671, t2=t1+(0, 7)) & (4717, 108, 4671, t3=t2+(0, 3)) -> (4671, 108, 4178, t4=t3+(1, 8))	3	60
(1360, 27, 2559, t1) & (1425, 127, 631, t2=t1+(0, 6)) & (1425, 18, 1360, t3=t2+(0, 4)) -> (1425, 18, 1360, t4=t3+(1, 4))	3	61
(2420, 37, 4624, t1) & (593, 59, 1257, t2=t1+(0, 6)) & (2420, 22, 1257, t3=t2+(0, 1)) -> (593, 22, 2420, t4=t3+(1, 8))	3	62
(2729, 177, 2567, t1) & (4994, 59, 1561, t2=t1+(0, 3)) & (1561, 112, 2567, t3=t2+(0, 5)) -> (1561, 177, 2567, t4=t3+(1, 1))	3	63
(1139, 113, 2364, t1) & (3431, 55, 3431, t2=t1+(0, 3)) & (2364, 55, 3431, t3=t2+(0, 3)) -> (3431, 113, 3431, t4=t3+(1, 8))	3	64
(322, 132, 1498, t1) & (1467, 4, 860, t2=t1+(0, 10)) & (1498, 4, 860, t3=t2+(0, 5)) -> (322, 4, 1498, t4=t3+(1, 7))	3	65
(2002, 107, 4272, t1) & (4375, 131, 333, t2=t1+(0, 7)) & (4272, 148, 333, t3=t2+(0, 3)) -> (4272, 148, 4272, t4=t3+(1, 4))	3	66
(3714, 172, 2761, t1) & (1651, 155, 3983, t2=t1+(0, 2)) & (3714, 112, 1651, t3=t2+(0, 4)) -> (2761, 155, 3714, t4=t3+(1, 4))	3	67
(324, 134, 3743, t1) & (402, 102, 603, t2=t1+(0, 4)) & (324, 59, 402, t3=t2+(0, 4)) -> (3743, 59, 324, t4=t3+(1, 4))	3	68
(2392, 128, 1482, t1) & (4793, 59, 3844, t2=t1+(0, 4)) & (1482, 15, 3844, t3=t2+(0, 3)) -> (3844, 59, 2392, t4=t3+(1, 6))	3	69
(1919, 15, 3813, t1) & (4124, 164, 2761, t2=t1+(0, 4)) & (3813, 83, 4124, t3=t2+(0, 8)) -> (1919, 15, 3813, t4=t3+(1, 4))	3	70
(551, 3, 112, t1) & (1397, 177, 307, t2=t1+(0, 3)) & (1397, 182, 551, t3=t2+(0, 6)) -> (1397, 177, 551, t4=t3+(1, 9))	3	71
(4914, 124, 4728, t1) & (3563, 117, 4593, t2=t1+(0, 7)) & (3563, 25, 4728, t3=t2+(0, 7)) -> (4914, 117, 3563, t4=t3+(1, 7))	3	72
(2630, 130, 1547, t1) & (3230, 91, 3667, t2=t1+(0, 6)) & (3230, 151, 1547, t3=t2+(0, 5)) -> (1547, 130, 3230, t4=t3+(1, 4))	3	73
(4195, 149, 1118, t1) & (1546, 83, 326, t2=t1+(0, 5)) & (326, 145, 4195, t3=t2+(0, 3)) -> (4195, 145, 1546, t4=t3+(1, 4))	3	74
(2276, 106, 3470, t1) & (612, 47, 3536, t2=t1+(0, 5)) & (2276, 194, 3536, t3=t2+(0, 6)) -> (2276, 106, 2276, t4=t3+(1, 9))	3	75
(2484, 155, 1624, t1) & (4593, 118, 404, t2=t1+(0, 5)) & (1624, 47, 4593, t3=t2+(0, 9)) -> (2484, 155, 1624, t4=t3+(1, 7))	3	76
(77, 129, 3068, t1) & (3467, 122, 2107, t2=t1+(0, 4)) & (2107, 155, 3068, t3=t2+(0, 4)) -> (3068, 129, 2107, t4=t3+(1, 1))	3	77
(1372, 19, 1624, t1) & (4148, 55, 408, t2=t1+(0, 2)) & (408, 41, 1624, t3=t2+(0, 6)) -> (1372, 19, 1624, t4=t3+(1, 4))	3	78
(3755, 109, 4408, t1) & (4914, 171, 4349, t2=t1+(0, 2)) & (4349, 73, 4408, t3=t2+(0, 8)) -> (3755, 171, 4914, t4=t3+(1, 2))	3	79
(1479, 48, 2370, t1) & (2892, 5, 2084, t2=t1+(0, 7)) & (2892, 89, 1479, t3=t2+(0, 5)) -> (2370, 48, 2370, t4=t3+(1, 7))	3	80
(754, 66, 4932, t1) & (2485, 117, 1341, t2=t1+(0, 4)) & (1341, 55, 754, t3=t2+(0, 5)) -> (2485, 55, 2485, t4=t3+(1, 5))	3	81
(930, 79, 210, t1) & (656, 176, 825, t2=t1+(0, 7)) & (656, 57, 930, t3=t2+(0, 4)) -> (210, 79, 656, t4=t3+(1, 4))	3	82
(1033, 79, 86, t1) & (1578, 84, 2484, t2=t1+(0, 4)) & (86, 157, 1578, t3=t2+(0, 6)) -> (1033, 79, 1578, t4=t3+(1, 5))	3	83
(1607, 193, 1680, t1) & (3445, 198, 110, t2=t1+(0, 10)) & (3445, 99, 1607, t3=t2+(0, 3)) -> (1607, 193, 3445, t4=t3+(1, 7))	3	84
(279, 127, 4911, t1) & (4726, 37, 2461, t2=t1+(0, 5)) & (279, 3, 2461, t3=t2+(0, 3)) -> (2461, 127, 2461, t4=t3+(1, 5))	3	85
(2905, 40, 4417, t1) & (3812, 97, 2043, t2=t1+(0, 5)) & (2905, 181, 2043, t3=t2+(0, 8)) -> (2905, 97, 2043, t4=t3+(1, 8))	3	86
(4216, 69, 3048, t1) & (1999, 131, 1678, t2=t1+(0, 9)) & (3048, 27, 1678, t3=t2+(0, 1)) -> (1678, 131, 1999, t4=t3+(1, 6))	3	87
(3386, 141, 4136, t1) & (1981, 188, 2420, t2=t1+(0, 9)) & (4136, 5, 2420, t3=t2+(0, 2)) -> (2420, 5, 3386, t4=t3+(1, 6))	3	88
(4000, 97, 2467, t1) & (444, 182, 1512, t2=t1+(0, 5)) & (4000, 64, 1512, t3=t2+(0, 2)) -> (1512, 97, 4000, t4=t3+(1, 3))	3	89
(1530, 52, 4973, t1) & (1880, 133, 813, t2=t1+(0, 4)) & (4973, 5, 813, t3=t2+(0, 6)) -> (4973, 133, 4973, t4=t3+(1, 4))	3	90
(4080, 198, 2621, t1) & (84, 122, 1963, t2=t1+(0, 3)) & (84, 6, 2621, t3=t2+(0, 3)) -> (4080, 6, 2621, t4=t3+(1, 3))	3	91
(615, 174, 4339, t1) & (1763, 198, 4216, t2=t1+(0, 3)) & (1763, 19, 4339, t3=t2+(0, 3)) -> (4339, 19, 1763, t4=t3+(1, 2))	3	92
(4038, 182, 909, t1) & (4624, 9, 444, t2=t1+(0, 5)) & (4038, 39, 444, t3=t2+(0, 4)) -> (4624, 9, 444, t4=t3+(1, 3))	3	93
(1981, 101, 1318, t1) & (2665, 190, 79, t2=t1+(0, 3)) & (1981, 106, 2665, t3=t2+(0, 4)) -> (1318, 106, 1981, t4=t3+(1, 7))	3	94
(1711, 182, 1076, t1) & (2992, 163, 2030, t2=t1+(0, 4)) & (1711, 148, 2030, t3=t2+(0, 5)) -> (1076, 148, 1076, t4=t3+(1, 6))	3	95
(2370, 0, 76, t1) & (2706, 111, 2247, t2=t1+(0, 5)) & (2706, 191, 76, t3=t2+(0, 5)) -> (2706, 111, 2247, t4=t3+(1, 5))	3	96
(2734, 172, 283, t1) & (553, 117, 434, t2=t1+(0, 2)) & (434, 80, 2734, t3=t2+(0, 7)) -> (434, 172, 553, t4=t3+(1, 2))	3	97
(1738, 172, 1738, t1) & (2231, 83, 3542, t2=t1+(0, 4)) & (3542, 172, 1738, t3=t2+(0, 6)) -> (2231, 172, 1738, t4=t3+(1, 6))	3	98
(1738, 5, 209, t1) & (77, 183, 2949, t2=t1+(0, 1)) & (1738, 113, 77, t3=t2+(0, 4)) -> (209, 5, 1738, t4=t3+(1, 6))	3	99
(2706, 129, 3128, t1) & (3128, 169, 1765, t2=t1+(0, 5)) -> (3128, 169, 1765, t3=t2+(1, 1))	2	100
(2626, 42, 1835, t1) & (2626, 198, 1835, t2=t1+(0, 4)) -> (2626, 198, 2626, t3=t2+(1, 5))	2	101
(1335, 195, 3309, t1) & (3309, 97, 1967, t2=t1+(0, 6)) -> (1335, 195, 1335, t3=t2+(1, 9))	2	102
(74, 157, 4994, t1) & (534, 133, 74, t2=t1+(0, 4)) -> (4994, 157, 74, t3=t2+(1, 7))	2	103
(2231, 123, 2848, t1) & (2848, 5, 3276, t2=t1+(0, 5)) -> (2848, 123, 2848, t3=t2+(1, 5))	2	104
(4477, 99, 4239, t1) & (4477, 87, 4239, t2=t1+(0, 8)) -> (4477, 87, 4239, t3=t2+(1, 2))	2	105
(2992, 22, 3043, t1) & (2618, 79, 3043, t2=t1+(0, 4)) -> (2618, 79, 2992, t3=t2+(1, 2))	2	106
(3798, 30, 3108, t1) & (2404, 172, 3108, t2=t1+(0, 5)) -> (3798, 172, 3108, t3=t2+(1, 3))	2	107
(4333, 48, 2053, t1) & (4333, 101, 4333, t2=t1+(0, 4)) -> (4333, 101, 4333, t3=t2+(1, 9))	2	108
(2567, 37, 1459, t1) & (1459, 55, 1372, t2=t1+(0, 3)) -> (1459, 55, 1372, t3=t2+(1, 9))	2	109
(1785, 71, 2539, t1) & (1785, 101, 1785, t2=t1+(0, 6)) -> (1785, 101, 1785, t3=t2+(1, 8))	2	110
(2706, 129, 408, t1) & (2706, 182, 142, t2=t1+(0, 4)) -> (2706, 182, 2706, t3=t2+(1, 2))	2	111
(4624, 114, 4986, t1) & (2841, 5, 4986, t2=t1+(0, 2)) -> (2841, 5, 4986, t3=t2+(1, 3))	2	112
(1981, 136, 3128, t1) & (3128, 181, 252, t2=t1+(0, 5)) -> (3128, 136, 3128, t3=t2+(1, 6))	2	113
(3343, 198, 2521, t1) & (3343, 129, 2521, t2=t1+(0, 2)) -> (2521, 129, 3343, t3=t2+(1, 1))	2	114
(1335, 112, 2495, t1) & (4708, 5, 2495, t2=t1+(0, 6)) -> (1335, 112, 2495, t3=t2+(1, 8))	2	115
(1615, 3, 3083, t1) & (1615, 64, 1615, t2=t1+(0, 5)) -> (1615, 3, 3083, t3=t2+(1, 2))	2	116
(1880, 24, 4329, t1) & (4329, 120, 1425, t2=t1+(0, 9)) -> (4329, 120, 4329, t3=t2+(1, 3))	2	117
(1287, 117, 4054, t1) & (4054, 145, 2957, t2=t1+(0, 3)) -> (1287, 117, 2957, t3=t2+(1, 7))	2	118
(4644, 112, 1414, t1) & (4644, 118, 4076, t2=t1+(0, 3)) -> (4076, 112, 4644, t3=t2+(1, 5))	2	119
(3132, 91, 1147, t1) & (1147, 198, 3132, t2=t1+(0, 2)) -> (1147, 198, 3132, t3=t2+(1, 8))	2	120
(2706, 62, 2521, t1) & (2706, 99, 2706, t2=t1+(0, 10)) -> (2521, 99, 2706, t3=t2+(1, 6))	2	121
(2967, 171, 210, t1) & (3895, 79, 210, t2=t1+(0, 2)) -> (2967, 171, 3895, t3=t2+(1, 3))	2	122
(4924, 170, 1523, t1) & (4707, 18, 1523, t2=t1+(0, 2)) -> (1523, 18, 4707, t3=t2+(1, 3))	2	123
(283, 155, 2966, t1) & (3381, 57, 2966, t2=t1+(0, 7)) -> (283, 155, 3381, t3=t2+(1, 6))	2	124
(4333, 69, 1626, t1) & (2489, 112, 4333, t2=t1+(0, 7)) -> (2489, 69, 2489, t3=t2+(1, 5))	2	125
(2068, 79, 1680, t1) & (2068, 112, 1680, t2=t1+(0, 2)) -> (2068, 112, 2068, t3=t2+(1, 5))	2	126
(4971, 42, 1023, t1) & (1023, 158, 4216, t2=t1+(0, 3)) -> (1023, 42, 4216, t3=t2+(1, 4))	2	127
(2054, 80, 4920, t1) & (2054, 31, 1934, t2=t1+(0, 3)) -> (4920, 31, 2054, t3=t2+(1, 2))	2	128
(2991, 24, 4178, t1) & (2991, 181, 1343, t2=t1+(0, 5)) -> (2991, 181, 1343, t3=t2+(1, 4))	2	129
(4624, 170, 154, t1) & (4624, 91, 3356, t2=t1+(0, 5)) -> (3356, 91, 4624, t3=t2+(1, 3))	2	130
(77, 73, 3431, t1) & (77, 26, 1529, t2=t1+(0, 7)) -> (77, 26, 3431, t3=t2+(1, 4))	2	131
(84, 150, 2349, t1) & (84, 123, 84, t2=t1+(0, 4)) -> (84, 123, 84, t3=t2+(1, 5))	2	132
(2567, 114, 3616, t1) & (2567, 157, 3356, t2=t1+(0, 5)) -> (3356, 114, 3616, t3=t2+(1, 5))	2	133
(4504, 198, 3699, t1) & (4806, 150, 4504, t2=t1+(0, 4)) -> (3699, 150, 3699, t3=t2+(1, 5))	2	134
(86, 5, 3343, t1) & (3343, 131, 3343, t2=t1+(0, 4)) -> (3343, 5, 3343, t3=t2+(1, 6))	2	135
(3102, 127, 2841, t1) & (2841, 80, 1680, t2=t1+(0, 8)) -> (2841, 127, 1680, t3=t2+(1, 6))	2	136
(981, 127, 1828, t1) & (1828, 198, 1828, t2=t1+(0, 6)) -> (1828, 198, 1828, t3=t2+(1, 9))	2	137
(2757, 89, 697, t1) & (2757, 48, 4080, t2=t1+(0, 10)) -> (4080, 48, 4080, t3=t2+(1, 6))	2	138
(4165, 73, 4498, t1) & (4498, 87, 3338, t2=t1+(0, 7)) -> (4498, 73, 4165, t3=t2+(1, 1))	2	139
(4707, 101, 4641, t1) & (4707, 149, 4707, t2=t1+(0, 4)) -> (4641, 149, 4707, t3=t2+(1, 4))	2	140
(1828, 164, 806, t1) & (1828, 0, 806, t2=t1+(0, 4)) -> (1828, 164, 806, t3=t2+(1, 8))	2	141
(3770, 155, 2036, t1) & (3770, 157, 4986, t2=t1+(0, 5)) -> (2036, 157, 4986, t3=t2+(1, 10))	2	142
(3673, 46, 3418, t1) & (3418, 11, 610, t2=t1+(0, 7)) -> (3418, 46, 3418, t3=t2+(1, 3))	2	143
(2195, 3, 2603, t1) & (4278, 57, 2603, t2=t1+(0, 7)) -> (2195, 3, 2603, t3=t2+(1, 4))	2	144
(3877, 131, 1570, t1) & (1570, 135, 1570, t2=t1+(0, 4)) -> (1570, 135, 1570, t3=t2+(1, 3))	2	145
(1362, 0, 2841, t1) & (2841, 195, 2841, t2=t1+(0, 6)) -> (1362, 195, 2841, t3=t2+(1, 4))	2	146
(1572, 145, 3356, t1) & (1765, 117, 3356, t2=t1+(0, 7)) -> (1572, 117, 1572, t3=t2+(1, 5))	2	147
(3983, 118, 3945, t1) & (3983, 161, 110, t2=t1+(0, 7)) -> (110, 161, 3983, t3=t2+(1, 3))	2	148
(3108, 45, 1494, t1) & (2594, 73, 1494, t2=t1+(0, 7)) -> (2594, 73, 2594, t3=t2+(1, 4))	2	149
(603, 183, 3705, t1) & (3233, 91, 3705, t2=t1+(0, 8)) -> (603, 91, 3233, t3=t2+(1, 5))	2	150
(1934, 10, 324, t1) & (324, 181, 324, t2=t1+(0, 5)) -> (324, 10, 1934, t3=t2+(1, 3))	2	151
(3477, 195, 4546, t1) & (3477, 141, 4546, t2=t1+(0, 3)) -> (3477, 195, 3477, t3=t2+(1, 6))	2	152
(1391, 144, 3814, t1) & (1391, 4, 3814, t2=t1+(0, 6)) -> (1391, 4, 1391, t3=t2+(1, 5))	2	153
(4148, 118, 3982, t1) & (3982, 8, 3982, t2=t1+(0, 4)) -> (4148, 8, 3982, t3=t2+(1, 6))	2	154
(28, 169, 2769, t1) & (28, 78, 2769, t2=t1+(0, 7)) -> (2769, 78, 28, t3=t2+(1, 4))	2	155
(2661, 101, 2645, t1) & (2661, 62, 1771, t2=t1+(0, 3)) -> (1771, 62, 2645, t3=t2+(1, 5))	2	156
(101, 0, 4165, t1) & (4216, 22, 101, t2=t1+(0, 4)) -> (4165, 22, 4165, t3=t2+(1, 6))	2	157
(3585, 48, 3952, t1) & (3952, 147, 287, t2=t1+(0, 4)) -> (3952, 147, 3952, t3=t2+(1, 9))	2	158
(2102, 79, 2433, t1) & (4581, 62, 2433, t2=t1+(0, 5)) -> (4581, 79, 2433, t3=t2+(1, 9))	2	159
(2480, 106, 1494, t1) & (252, 152, 1494, t2=t1+(0, 3)) -> (1494, 152, 1494, t3=t2+(1, 12))	2	160
(936, 15, 3982, t1) & (936, 78, 3982, t2=t1+(0, 6)) -> (3982, 78, 3982, t3=t2+(1, 3))	2	161
(1907, 118, 112, t1) & (1907, 24, 1907, t2=t1+(0, 6)) -> (1907, 24, 112, t3=t2+(1, 2))	2	162
(3983, 16, 2043, t1) & (3983, 135, 2043, t2=t1+(0, 3)) -> (2043, 135, 3983, t3=t2+(1, 6))	2	163
(4239, 133, 2485, t1) & (2485, 188, 4239, t2=t1+(0, 3)) -> (2485, 133, 2485, t3=t2+(1, 4))	2	164
(3667, 67, 4570, t1) & (4570, 131, 3667, t2=t1+(0, 7)) -> (3667, 131, 3667, t3=t2+(1, 7))	2	165
(8, 72, 2105, t1) & (4233, 183, 8, t2=t1+(0, 1)) -> (8, 72, 2105, t3=t2+(1, 4))	2	166
(4806, 74, 776, t1) & (1077, 109, 776, t2=t1+(0, 2)) -> (776, 109, 4806, t3=t2+(1, 1))	2	167
(8, 3, 1127, t1) & (1127, 5, 3356, t2=t1+(0, 8)) -> (8, 3, 3356, t3=t2+(1, 6))	2	168
(1335, 19, 754, t1) & (1335, 59, 3108, t2=t1+(0, 6)) -> (3108, 19, 1335, t3=t2+(1, 7))	2	169
(1383, 3, 914, t1) & (3752, 165, 1383, t2=t1+(0, 0)) -> (1383, 165, 914, t3=t2+(1, 3))	2	170
(1963, 199, 3813, t1) & (3813, 128, 892, t2=t1+(0, 4)) -> (3813, 128, 3813, t3=t2+(1, 6))	2	171
(3046, 59, 2838, t1) & (4417, 167, 2838, t2=t1+(0, 4)) -> (2838, 59, 3046, t3=t2+(1, 3))	2	172
(4886, 108, 4165, t1) & (4886, 78, 3381, t2=t1+(0, 4)) -> (4165, 108, 3381, t3=t2+(1, 1))	2	173
(4747, 5, 3892, t1) & (2333, 135, 4747, t2=t1+(0, 2)) -> (4747, 135, 4747, t3=t2+(1, 6))	2	174
(4575, 57, 4655, t1) & (4655, 3, 4655, t2=t1+(0, 3)) -> (4655, 3, 4655, t3=t2+(1, 3))	2	175
(3769, 113, 603, t1) & (3769, 172, 603, t2=t1+(0, 7)) -> (3769, 113, 3769, t3=t2+(1, 3))	2	176
(4707, 139, 2433, t1) & (733, 189, 2433, t2=t1+(0, 6)) -> (733, 189, 2433, t3=t2+(1, 7))	2	177
(1383, 144, 4707, t1) & (1383, 28, 1383, t2=t1+(0, 6)) -> (4707, 144, 4707, t3=t2+(1, 4))	2	178
(1578, 131, 1763, t1) & (2231, 55, 1763, t2=t1+(0, 5)) -> (1578, 55, 1763, t3=t2+(1, 4))	2	179
(2539, 5, 1981, t1) & (1981, 11, 2539, t2=t1+(0, 4)) -> (1981, 11, 1981, t3=t2+(1, 6))	2	180
(3273, 172, 4130, t1) & (2177, 45, 3273, t2=t1+(0, 5)) -> (3273, 172, 3273, t3=t2+(1, 2))	2	181
(2896, 71, 3280, t1) & (3280, 88, 2896, t2=t1+(0, 5)) -> (3280, 88, 3280, t3=t2+(1, 5))	2	182
(3508, 141, 84, t1) & (84, 69, 3508, t2=t1+(0, 4)) -> (84, 69, 84, t3=t2+(1, 6))	2	183
(2729, 107, 2030, t1) & (2729, 3, 2729, t2=t1+(0, 3)) -> (2729, 107, 2729, t3=t2+(1, 6))	2	184
(1801, 137, 2841, t1) & (1801, 118, 2841, t2=t1+(0, 9)) -> (2841, 118, 1801, t3=t2+(1, 6))	2	185
(615, 144, 4017, t1) & (4017, 3, 615, t2=t1+(0, 4)) -> (4017, 144, 615, t3=t2+(1, 3))	2	186
(3982, 29, 245, t1) & (3982, 132, 858, t2=t1+(0, 2)) -> (3982, 29, 3982, t3=t2+(1, 3))	2	187
(2084, 73, 1967, t1) & (4152, 122, 2084, t2=t1+(0, 1)) -> (2084, 73, 1967, t3=t2+(1, 5))	2	188
(1431, 25, 4080, t1) & (2992, 26, 4080, t2=t1+(0, 1)) -> (4080, 25, 1431, t3=t2+(1, 2))	2	189
(3982, 133, 1897, t1) & (1065, 179, 1897, t2=t1+(0, 8)) -> (1065, 133, 1065, t3=t2+(1, 4))	2	190
(2434, 8, 775, t1) & (775, 97, 2796, t2=t1+(0, 3)) -> (775, 97, 775, t3=t2+(1, 5))	2	191
(4725, 158, 3717, t1) & (3985, 25, 4725, t2=t1+(0, 6)) -> (3717, 25, 4725, t3=t2+(1, 4))	2	192
(1561, 131, 1898, t1) & (1209, 188, 1898, t2=t1+(0, 6)) -> (1898, 188, 1209, t3=t2+(1, 4))	2	193
(656, 101, 1572, t1) & (1572, 108, 1572, t2=t1+(0, 5)) -> (656, 108, 1572, t3=t2+(1, 3))	2	194
(4375, 181, 1561, t1) & (1561, 191, 101, t2=t1+(0, 3)) -> (101, 191, 4375, t3=t2+(1, 7))	2	195
(2076, 50, 1118, t1) & (1118, 79, 2076, t2=t1+(0, 6)) -> (2076, 79, 1118, t3=t2+(1, 4))	2	196
(2905, 17, 77, t1) & (2220, 164, 77, t2=t1+(0, 6)) -> (77, 164, 77, t3=t2+(1, 5))	2	197
(4375, 161, 2967, t1) & (1482, 55, 2967, t2=t1+(0, 7)) -> (2967, 55, 2967, t3=t2+(1, 5))	2	198
(1934, 5, 1147, t1) & (1714, 127, 1934, t2=t1+(0, 4)) -> (1934, 127, 1934, t3=t2+(1, 2))	2	199
(2010, 10, 4508, t1) -> (4508, 10, 4508, t2=t1+(1, 6))	1	200
(2989, 119, 3776, t1) -> (3776, 119, 2989, t2=t1+(1, 8))	1	201
(4553, 38, 3078, t1) -> (3078, 38, 4553, t2=t1+(1, 7))	1	202
(4443, 13, 1362, t1) -> (1362, 13, 4443, t2=t1+(1, 5))	1	203
(3740, 96, 4387, t1) -> (3740, 96, 3740, t2=t1+(1, 2))	1	204
(3477, 103, 2769, t1) -> (3477, 103, 2769, t2=t1+(1, 5))	1	205
(4893, 129, 4717, t1) -> (4893, 129, 4717, t2=t1+(1, 1))	1	206
(127, 172, 2567, t1) -> (2567, 172, 2567, t2=t1+(1, 6))	1	207
(4942, 39, 4862, t1) -> (4862, 39, 4942, t2=t1+(1, 4))	1	208
(1467, 150, 1648, t1) -> (1648, 150, 1467, t2=t1+(1, 6))	1	209
(2854, 148, 4924, t1) -> (2854, 148, 4924, t2=t1+(1, 8))	1	210
(2798, 185, 3433, t1) -> (2798, 185, 3433, t2=t1+(1, 5))	1	211
(4589, 39, 2841, t1) -> (2841, 39, 4589, t2=t1+(1, 5))	1	212
(3982, 157, 1077, t1) -> (3982, 157, 3982, t2=t1+(1, 7))	1	213
(1673, 129, 4707, t1) -> (4707, 129, 1673, t2=t1+(1, 3))	1	214
(4181, 124, 4193, t1) -> (4181, 124, 4181, t2=t1+(1, 2))	1	215
(4408, 11, 1412, t1) -> (1412, 11, 4408, t2=t1+(1, 8))	1	216
(1531, 47, 656, t1) -> (656, 47, 656, t2=t1+(1, 6))	1	217
(36, 181, 4624, t1) -> (4624, 181, 4624, t2=t1+(1, 3))	1	218
(4641, 30, 2567, t1) -> (4641, 30, 4641, t2=t1+(1, 6))	1	219
(1981, 109, 4233, t1) -> (1981, 109, 1981, t2=t1+(1, 7))	1	220
(2757, 145, 2364, t1) -> (2364, 145, 2364, t2=t1+(1, 1))	1	221
(4551, 16, 94, t1) -> (4551, 16, 94, t2=t1+(1, 5))	1	222
(4700, 123, 351, t1) -> (351, 123, 4700, t2=t1+(1, 3))	1	223
(3622, 28, 3349, t1) -> (3622, 28, 3349, t2=t1+(1, 5))	1	224
(2872, 141, 745, t1) -> (2872, 141, 2872, t2=t1+(1, 8))	1	225
(2789, 22, 4148, t1) -> (4148, 22, 2789, t2=t1+(1, 11))	1	226
(4477, 102, 2535, t1) -> (2535, 102, 4477, t2=t1+(1, 4))	1	227
(1383, 105, 2945, t1) -> (1383, 105, 1383, t2=t1+(1, 5))	1	228
(4148, 102, 2364, t1) -> (2364, 102, 2364, t2=t1+(1, 5))	1	229
(1658, 24, 3983, t1) -> (1658, 24, 3983, t2=t1+(1, 2))	1	230
(84, 113, 1118, t1) -> (84, 113, 84, t2=t1+(1, 7))	1	231
(4064, 97, 1367, t1) -> (4064, 97, 1367, t2=t1+(1, 3))	1	232
(2813, 20, 3343, t1) -> (3343, 20, 3343, t2=t1+(1, 2))	1	233
(1127, 19, 3356, t1) -> (1127, 19, 1127, t2=t1+(1, 2))	1	234
(2484, 62, 210, t1) -> (210, 62, 210, t2=t1+(1, 7))	1	235
(359, 116, 142, t1) -> (142, 116, 142, t2=t1+(1, 5))	1	236
(516, 155, 1397, t1) -> (1397, 155, 1397, t2=t1+(1, 9))	1	237
(1147, 45, 3250, t1) -> (3250, 45, 3250, t2=t1+(1, 4))	1	238
(4408, 91, 1147, t1) -> (4408, 91, 4408, t2=t1+(1, 3))	1	239
(4408, 105, 1118, t1) -> (1118, 105, 4408, t2=t1+(1, 6))	1	240
(3078, 30, 2859, t1) -> (3078, 30, 3078, t2=t1+(1, 5))	1	241
(4862, 89, 1311, t1) -> (4862, 89, 4862, t2=t1+(1, 4))	1	242
(3970, 194, 2966, t1) -> (2966, 194, 3970, t2=t1+(1, 7))	1	243
(3775, 109, 3381, t1) -> (3775, 109, 3381, t2=t1+(1, 5))	1	244
(3937, 2, 2796, t1) -> (2796, 2, 3937, t2=t1+(1, 6))	1	245
(402, 45, 2155, t1) -> (2155, 45, 402, t2=t1+(1, 6))	1	246
(4589, 48, 4366, t1) -> (4366, 48, 4366, t2=t1+(1, 9))	1	247
(1424, 55, 4994, t1) -> (1424, 55, 4994, t2=t1+(1, 4))	1	248
(3470, 26, 4655, t1) -> (4655, 26, 3470, t2=t1+(1, 6))	1	249
(3477, 180, 1424, t1) -> (3477, 180, 1424, t2=t1+(1, 5))	1	250
(825, 101, 4806, t1) -> (825, 101, 4806, t2=t1+(1, 1))	1	251
(2992, 97, 2757, t1) -> (2992, 97, 2992, t2=t1+(1, 9))	1	252
(3740, 49, 3648, t1) -> (3648, 49, 3740, t2=t1+(1, 5))	1	253
(4477, 91, 4660, t1) -> (4477, 91, 4660, t2=t1+(1, 4))	1	254
(1765, 148, 2789, t1) -> (2789, 148, 1765, t2=t1+(1, 2))	1	255
(1765, 145, 1981, t1) -> (1981, 145, 1981, t2=t1+(1, 2))	1	256
(4193, 27, 3719, t1) -> (4193, 27, 3719, t2=t1+(1, 4))	1	257
(576, 40, 2054, t1) -> (576, 40, 576, t2=t1+(1, 4))	1	258
(1060, 99, 1294, t1) -> (1060, 99, 1060, t2=t1+(1, 6))	1	259
(326, 131, 1907, t1) -> (1907, 131, 1907, t2=t1+(1, 4))	1	260
(4660, 3, 2193, t1) -> (2193, 3, 2193, t2=t1+(1, 4))	1	261
(1425, 133, 3509, t1) -> (3509, 133, 1425, t2=t1+(1, 9))	1	262
(1667, 158, 1680, t1) -> (1680, 158, 1680, t2=t1+(1, 9))	1	263
(2745, 73, 4417, t1) -> (2745, 73, 2745, t2=t1+(1, 9))	1	264
(3233, 3, 2043, t1) -> (3233, 3, 2043, t2=t1+(1, 7))	1	265
(646, 150, 1428, t1) -> (1428, 150, 1428, t2=t1+(1, 7))	1	266
(2556, 150, 2893, t1) -> (2893, 150, 2556, t2=t1+(1, 2))	1	267
(2905, 191, 4321, t1) -> (4321, 191, 4321, t2=t1+(1, 8))	1	268
(4803, 45, 4195, t1) -> (4803, 45, 4195, t2=t1+(1, 8))	1	269
(1560, 172, 4725, t1) -> (4725, 172, 4725, t2=t1+(1, 4))	1	270
(1595, 11, 3753, t1) -> (3753, 11, 3753, t2=t1+(1, 6))	1	271
(3892, 91, 1147, t1) -> (1147, 91, 1147, t2=t1+(1, 5))	1	272
(2098, 148, 4994, t1) -> (4994, 148, 4994, t2=t1+(1, 11))	1	273
(1412, 34, 2967, t1) -> (1412, 34, 1412, t2=t1+(1, 5))	1	274
(210, 47, 820, t1) -> (210, 47, 820, t2=t1+(1, 2))	1	275
(4272, 71, 697, t1) -> (697, 71, 697, t2=t1+(1, 7))	1	276
(1898, 55, 3453, t1) -> (1898, 55, 1898, t2=t1+(1, 3))	1	277
(142, 182, 4477, t1) -> (4477, 182, 142, t2=t1+(1, 5))	1	278
(3431, 79, 1738, t1) -> (1738, 79, 1738, t2=t1+(1, 4))	1	279
(1523, 2, 2043, t1) -> (1523, 2, 1523, t2=t1+(1, 5))	1	280
(142, 133, 4920, t1) -> (142, 133, 4920, t2=t1+(1, 6))	1	281
(3477, 129, 1318, t1) -> (1318, 129, 1318, t2=t1+(1, 9))	1	282
(4924, 19, 333, t1) -> (333, 19, 333, t2=t1+(1, 3))	1	283
(3814, 172, 4024, t1) -> (4024, 172, 4024, t2=t1+(1, 6))	1	284
(4216, 78, 603, t1) -> (603, 78, 603, t2=t1+(1, 4))	1	285
(1414, 137, 2877, t1) -> (1414, 137, 2877, t2=t1+(1, 5))	1	286
(1169, 181, 84, t1) -> (1169, 181, 84, t2=t1+(1, 6))	1	287
(1412, 137, 48, t1) -> (48, 137, 48, t2=t1+(1, 5))	1	288
(81, 69, 2949, t1) -> (2949, 69, 2949, t2=t1+(1, 6))	1	289
(615, 57, 3059, t1) -> (3059, 57, 3059, t2=t1+(1, 9))	1	290
(1412, 25, 2706, t1) -> (1412, 25, 2706, t2=t1+(1, 4))	1	291
(1294, 5, 3851, t1) -> (3851, 5, 1294, t2=t1+(1, 6))	1	292
(3714, 137, 4080, t1) -> (3714, 137, 3714, t2=t1+(1, 5))	1	293
(1498, 137, 3356, t1) -> (1498, 137, 1498, t2=t1+(1, 7))	1	294
(1093, 131, 437, t1) -> (1093, 131, 1093, t2=t1+(1, 5))	1	295
(4333, 149, 2757, t1) -> (2757, 149, 2757, t2=t1+(1, 8))	1	296
(1578, 55, 3673, t1) -> (3673, 55, 3673, t2=t1+(1, 9))	1	297
(2231, 71, 3590, t1) -> (3590, 71, 3590, t2=t1+(1, 8))	1	298
(142, 5, 3755, t1) -> (142, 5, 142, t2=t1+(1, 3))	1	299
