(162, 108, 4321, t1) & (4580, 137, 3346, t2=t1+(0, 5)) & (162, 38, 3346, t3=t2+(0, 5)) -> (162, 108, 162, t4=t3+(1, 5))	3	0
(299, 87, 642, t1) & (3248, 197, 2304, t2=t1+(0, 3)) & (2304, 30, 299, t3=t2+(0, 5)) -> (299, 87, 299, t4=t3+(1, 10))	3	1
(2375, 194, 4574, t1) & (2917, 66, 162, t2=t1+(0, 5)) & (2375, 30, 2917, t3=t2+(0, 7)) -> (2917, 66, 4574, t4=t3+(1, 5))	3	2
(3248, 196, 1959, t1) & (4937, 15, 4562, t2=t1+(0, 4)) & (3248, 125, 4937, t3=t2+(0, 7)) -> (3248, 196, 3248, t4=t3+(1, 3))	3	3
(4281, 122, 2410, t1) & (3232, 64, 642, t2=t1+(0, 6)) & (642, 103, 4281, t3=t2+(0, 8)) -> (642, 64, 2410, t4=t3+(1, 5))	3	4
(1468, 78, 2890, t1) & (3477, 174, 299, t2=t1+(0, 5)) & (2890, 174, 3477, t3=t2+(0, 2)) -> (3477, 174, 299, t4=t3+(1, 5))	3	5
(4411, 181, 3728, t1) & (4288, 142, 4711, t2=t1+(0, 4)) & (4711, 10, 3728, t3=t2+(0, 6)) -> (4711, 181, 3728, t4=t3+(1, 2))	3	6
(1015, 147, 2193, t1) & (4044, 33, 1021, t2=t1+(0, 8)) & (1021, 167, 1015, t3=t2+(0, 4)) -> (1021, 167, 1021, t4=t3+(1, 8))	3	7
(2400, 97, 1600, t1) & (4259, 8, 2465, t2=t1+(0, 5)) & (4259, 61, 2400, t3=t2+(0, 0)) -> (4259, 61, 2400, t4=t3+(1, 7))	3	8
(3268, 28, 938, t1) & (669, 44, 3786, t2=t1+(0, 7)) & (3268, 190, 3786, t3=t2+(0, 3)) -> (669, 44, 3786, t4=t3+(1, 5))	3	9
(4687, 4, 247, t1) & (3111, 23, 2534, t2=t1+(0, 5)) & (4687, 30, 3111, t3=t2+(0, 10)) -> (2534, 4, 2534, t4=t3+(1, 7))	3	10
(1061, 186, 1986, t1) & (1600, 34, 1971, t2=t1+(0, 7)) & (1600, 83, 1061, t3=t2+(0, 6)) -> (1986, 186, 1600, t4=t3+(1, 3))	3	11
(757, 47, 2441, t1) & (748, 17, 4062, t2=t1+(0, 5)) & (757, 183, 748, t3=t2+(0, 4)) -> (748, 17, 748, t4=t3+(1, 1))	3	12
(938, 197, 141, t1) & (73, 194, 3973, t2=t1+(0, 14)) & (938, 113, 3973, t3=t2+(0, 4)) -> (938, 197, 73, t4=t3+(1, 4))	3	13
(4071, 193, 1486, t1) & (3386, 197, 3484, t2=t1+(0, 4)) & (3386, 75, 1486, t3=t2+(0, 4)) -> (1486, 197, 3484, t4=t3+(1, 2))	3	14
(4074, 53, 162, t1) & (939, 51, 3209, t2=t1+(0, 1)) & (162, 85, 939, t3=t2+(0, 2)) -> (3209, 85, 162, t4=t3+(1, 4))	3	15
(2886, 145, 1908, t1) & (635, 28, 2741, t2=t1+(0, 3)) & (1908, 103, 635, t3=t2+(0, 1)) -> (635, 103, 1908, t4=t3+(1, 4))	3	16
(0, 143, 2490, t1) & (4754, 42, 3786, t2=t1+(0, 2)) & (3786, 53, 0, t3=t2+(0, 5)) -> (0, 143, 3786, t4=t3+(1, 8))	3	17
(1775, 60, 1005, t1) & (4008, 48, 1039, t2=t1+(0, 6)) & (4008, 139, 1005, t3=t2+(0, 2)) -> (4008, 60, 1775, t4=t3+(1, 10))	3	18
(3455, 27, 3232, t1) & (1031, 67, 371, t2=t1+(0, 5)) & (1031, 1, 3455, t3=t2+(0, 6)) -> (1031, 1, 3232, t4=t3+(1, 8))	3	19
(1433, 5, 2633, t1) & (735, 69, 1281, t2=t1+(0, 8)) & (2633, 39, 735, t3=t2+(0, 3)) -> (2633, 69, 2633, t4=t3+(1, 5))	3	20
(3335, 113, 992, t1) & (724, 44, 2534, t2=t1+(0, 4)) & (3335, 110, 724, t3=t2+(0, 5)) -> (724, 110, 2534, t4=t3+(1, 6))	3	21
(1695, 33, 1649, t1) & (4507, 32, 4937, t2=t1+(0, 6)) & (1649, 96, 4507, t3=t2+(0, 8)) -> (4507, 32, 1695, t4=t3+(1, 6))	3	22
(442, 55, 4356, t1) & (2087, 49, 4368, t2=t1+(0, 3)) & (2087, 57, 4356, t3=t2+(0, 6)) -> (4356, 49, 2087, t4=t3+(1, 2))	3	23
(3398, 120, 1208, t1) & (4142, 150, 1211, t2=t1+(0, 5)) & (1208, 159, 1211, t3=t2+(0, 5)) -> (1208, 120, 1211, t4=t3+(1, 5))	3	24
(2867, 173, 133, t1) & (73, 29, 4455, t2=t1+(0, 6)) & (73, 135, 2867, t3=t2+(0, 6)) -> (133, 135, 73, t4=t3+(1, 6))	3	25
(1572, 164, 1276, t1) & (1385, 188, 1943, t2=t1+(0, 3)) & (1385, 17, 1276, t3=t2+(0, 6)) -> (1943, 17, 1385, t4=t3+(1, 8))	3	26
(2548, 140, 927, t1) & (2208, 137, 3728, t2=t1+(0, 5)) & (927, 18, 3728, t3=t2+(0, 6)) -> (3728, 137, 2548, t4=t3+(1, 12))	3	27
(2450, 39, 2222, t1) & (4537, 173, 1564, t2=t1+(0, 3)) & (2222, 165, 4537, t3=t2+(0, 6)) -> (2222, 165, 4537, t4=t3+(1, 5))	3	28
(1385, 142, 3386, t1) & (2485, 113, 514, t2=t1+(0, 4)) & (2485, 33, 1385, t3=t2+(0, 6)) -> (1385, 113, 514, t4=t3+(1, 6))	3	29
(1600, 126, 3294, t1) & (2613, 106, 3139, t2=t1+(0, 10)) & (3139, 7, 1600, t3=t2+(0, 6)) -> (3139, 7, 2613, t4=t3+(1, 6))	3	30
(2907, 4, 1381, t1) & (802, 183, 4823, t2=t1+(0, 2)) & (4823, 113, 1381, t3=t2+(0, 3)) -> (1381, 4, 2907, t4=t3+(1, 2))	3	31
(3511, 182, 3303, t1) & (0, 50, 3921, t2=t1+(0, 7)) & (3303, 58, 0, t3=t2+(0, 2)) -> (3511, 182, 3511, t4=t3+(1, 4))	3	32
(1737, 142, 4313, t1) & (4574, 124, 2490, t2=t1+(0, 5)) & (4574, 31, 4313, t3=t2+(0, 4)) -> (4313, 124, 4313, t4=t3+(1, 2))	3	33
(3178, 62, 2193, t1) & (1971, 181, 1275, t2=t1+(0, 3)) & (2193, 181, 1275, t3=t2+(0, 7)) -> (2193, 181, 1275, t4=t3+(1, 6))	3	34
(1188, 84, 1986, t1) & (2792, 12, 4069, t2=t1+(0, 2)) & (4069, 140, 1188, t3=t2+(0, 2)) -> (1986, 84, 4069, t4=t3+(1, 8))	3	35
(4162, 19, 2822, t1) & (22, 165, 1986, t2=t1+(0, 4)) & (1986, 97, 2822, t3=t2+(0, 4)) -> (2822, 165, 22, t4=t3+(1, 2))	3	36
(138, 18, 1461, t1) & (1716, 184, 419, t2=t1+(0, 3)) & (1461, 40, 1716, t3=t2+(0, 3)) -> (419, 18, 419, t4=t3+(1, 10))	3	37
(1102, 45, 4764, t1) & (718, 137, 557, t2=t1+(0, 5)) & (4764, 67, 557, t3=t2+(0, 7)) -> (718, 67, 718, t4=t3+(1, 6))	3	38
(158, 167, 3598, t1) & (2580, 62, 4069, t2=t1+(0, 6)) & (4069, 116, 158, t3=t2+(0, 4)) -> (158, 62, 158, t4=t3+(1, 4))	3	39
(3071, 52, 4519, t1) & (3073, 138, 2938, t2=t1+(0, 3)) & (4519, 59, 3073, t3=t2+(0, 4)) -> (3073, 138, 3073, t4=t3+(1, 9))	3	40
(2386, 110, 1916, t1) & (4210, 78, 3160, t2=t1+(0, 6)) & (4210, 35, 2386, t3=t2+(0, 2)) -> (2386, 78, 4210, t4=t3+(1, 2))	3	41
(786, 127, 4519, t1) & (1292, 97, 4698, t2=t1+(0, 6)) & (786, 109, 4698, t3=t2+(0, 5)) -> (4698, 97, 1292, t4=t3+(1, 5))	3	42
(3248, 170, 2116, t1) & (4507, 123, 3139, t2=t1+(0, 3)) & (3248, 84, 3139, t3=t2+(0, 5)) -> (3248, 123, 4507, t4=t3+(1, 7))	3	43
(1177, 88, 2982, t1) & (3725, 105, 4685, t2=t1+(0, 5)) & (4685, 133, 1177, t3=t2+(0, 6)) -> (1177, 105, 3725, t4=t3+(1, 6))	3	44
(1649, 88, 4368, t1) & (4744, 47, 4924, t2=t1+(0, 6)) & (4924, 129, 1649, t3=t2+(0, 4)) -> (4924, 47, 4368, t4=t3+(1, 4))	3	45
(754, 184, 3644, t1) & (4519, 95, 152, t2=t1+(0, 2)) & (4519, 22, 3644, t3=t2+(0, 7)) -> (4519, 22, 3644, t4=t3+(1, 4))	3	46
(2383, 5, 3081, t1) & (735, 107, 1804, t2=t1+(0, 6)) & (2383, 99, 1804, t3=t2+(0, 5)) -> (1804, 107, 2383, t4=t3+(1, 4))	3	47
(4841, 127, 2585, t1) & (1438, 12, 1986, t2=t1+(0, 6)) & (1438, 109, 4841, t3=t2+(0, 5)) -> (1438, 12, 2585, t4=t3+(1, 3))	3	48
(4112, 123, 4259, t1) & (4453, 23, 253, t2=t1+(0, 2)) & (4453, 160, 4259, t3=t2+(0, 4)) -> (253, 123, 4453, t4=t3+(1, 3))	3	49
(56, 25, 1061, t1) & (1039, 84, 3545, t2=t1+(0, 2)) & (3545, 161, 1061, t3=t2+(0, 8)) -> (3545, 161, 56, t4=t3+(1, 8))	3	50
(3303, 196, 1433, t1) & (2018, 179, 931, t2=t1+(0, 2)) & (1433, 125, 2018, t3=t2+(0, 9)) -> (1433, 196, 2018, t4=t3+(1, 6))	3	51
(4060, 30, 4618, t1) & (3144, 7, 2613, t2=t1+(0, 6)) & (2613, 187, 4060, t3=t2+(0, 7)) -> (4060, 187, 4060, t4=t3+(1, 3))	3	52
(2613, 136, 1624, t1) & (442, 166, 2124, t2=t1+(0, 7)) & (1624, 182, 2124, t3=t2+(0, 5)) -> (2124, 182, 2124, t4=t3+(1, 4))	3	53
(4711, 166, 3216, t1) & (1252, 105, 3641, t2=t1+(0, 6)) & (1252, 154, 3216, t3=t2+(0, 3)) -> (3216, 105, 3216, t4=t3+(1, 5))	3	54
(2197, 152, 1649, t1) & (2867, 26, 4027, t2=t1+(0, 8)) & (1649, 69, 4027, t3=t2+(0, 3)) -> (2867, 26, 1649, t4=t3+(1, 5))	3	55
(4659, 50, 3945, t1) & (3945, 151, 4384, t2=t1+(0, 4)) & (3945, 21, 3945, t3=t2+(0, 5)) -> (3945, 21, 3945, t4=t3+(1, 4))	3	56
(4685, 184, 3876, t1) & (2032, 7, 1436, t2=t1+(0, 4)) & (4685, 138, 1436, t3=t2+(0, 6)) -> (2032, 7, 2032, t4=t3+(1, 4))	3	57
(2086, 92, 3885, t1) & (82, 4, 373, t2=t1+(0, 6)) & (3885, 21, 82, t3=t2+(0, 7)) -> (2086, 21, 82, t4=t3+(1, 4))	3	58
(4400, 17, 30, t1) & (3537, 127, 3536, t2=t1+(0, 3)) & (3537, 150, 4400, t3=t2+(0, 9)) -> (30, 150, 3537, t4=t3+(1, 10))	3	59
(2386, 33, 3063, t1) & (1986, 148, 1005, t2=t1+(0, 7)) & (1986, 28, 3063, t3=t2+(0, 6)) -> (1005, 148, 1986, t4=t3+(1, 1))	3	60
(1678, 195, 938, t1) & (2132, 164, 299, t2=t1+(0, 4)) & (299, 44, 1678, t3=t2+(0, 7)) -> (2132, 195, 299, t4=t3+(1, 6))	3	61
(3167, 167, 2551, t1) & (754, 83, 1623, t2=t1+(0, 3)) & (2551, 183, 754, t3=t2+(0, 5)) -> (754, 167, 754, t4=t3+(1, 1))	3	62
(1521, 55, 4562, t1) & (3406, 16, 2410, t2=t1+(0, 7)) & (3406, 67, 4562, t3=t2+(0, 4)) -> (1521, 55, 2410, t4=t3+(1, 4))	3	63
(3945, 82, 1804, t1) & (773, 42, 2383, t2=t1+(0, 6)) & (2383, 78, 3945, t3=t2+(0, 6)) -> (2383, 82, 3945, t4=t3+(1, 7))	3	64
(2731, 13, 1670, t1) & (504, 195, 2842, t2=t1+(0, 5)) & (2842, 55, 2731, t3=t2+(0, 4)) -> (2731, 55, 504, t4=t3+(1, 9))	3	65
(718, 164, 4519, t1) & (4671, 149, 1061, t2=t1+(0, 8)) & (4671, 120, 4519, t3=t2+(0, 4)) -> (4519, 149, 4519, t4=t3+(1, 6))	3	66
(2760, 73, 2930, t1) & (754, 176, 2304, t2=t1+(0, 7)) & (754, 183, 2760, t3=t2+(0, 7)) -> (754, 183, 754, t4=t3+(1, 4))	3	67
(1844, 11, 4826, t1) & (4210, 113, 2059, t2=t1+(0, 2)) & (4210, 67, 4826, t3=t2+(0, 12)) -> (1844, 113, 4826, t4=t3+(1, 8))	3	68
(4078, 151, 1061, t1) & (1831, 135, 4750, t2=t1+(0, 2)) & (4750, 179, 1061, t3=t2+(0, 6)) -> (1061, 179, 4078, t4=t3+(1, 3))	3	69
(3908, 27, 4455, t1) & (1748, 39, 4368, t2=t1+(0, 6)) & (1748, 28, 4455, t3=t2+(0, 8)) -> (1748, 39, 4368, t4=t3+(1, 4))	3	70
(4166, 55, 900, t1) & (3216, 5, 4692, t2=t1+(0, 3)) & (4166, 50, 4692, t3=t2+(0, 4)) -> (4166, 50, 4166, t4=t3+(1, 3))	3	71
(3537, 30, 1758, t1) & (1577, 44, 1075, t2=t1+(0, 0)) & (1577, 71, 3537, t3=t2+(0, 5)) -> (1577, 71, 1758, t4=t3+(1, 5))	3	72
(4713, 156, 4464, t1) & (4368, 161, 1971, t2=t1+(0, 7)) & (1971, 187, 4464, t3=t2+(0, 1)) -> (4713, 161, 4464, t4=t3+(1, 6))	3	73
(3644, 66, 4036, t1) & (3386, 178, 1670, t2=t1+(0, 4)) & (4036, 32, 3386, t3=t2+(0, 7)) -> (1670, 178, 4036, t4=t3+(1, 6))	3	74
(3110, 93, 3151, t1) & (1438, 15, 1281, t2=t1+(0, 6)) & (1281, 30, 3110, t3=t2+(0, 7)) -> (1438, 15, 3110, t4=t3+(1, 5))	3	75
(1737, 134, 2505, t1) & (1685, 18, 1649, t2=t1+(0, 6)) & (1737, 137, 1649, t3=t2+(0, 3)) -> (1649, 137, 2505, t4=t3+(1, 3))	3	76
(1713, 47, 3879, t1) & (3483, 147, 1031, t2=t1+(0, 2)) & (3879, 145, 1031, t3=t2+(0, 3)) -> (3879, 47, 1713, t4=t3+(1, 6))	3	77
(2867, 132, 4093, t1) & (1867, 164, 4685, t2=t1+(0, 6)) & (4685, 188, 2867, t3=t2+(0, 8)) -> (4093, 188, 4685, t4=t3+(1, 6))	3	78
(1083, 77, 4142, t1) & (3545, 194, 568, t2=t1+(0, 3)) & (4142, 187, 568, t3=t2+(0, 4)) -> (3545, 187, 3545, t4=t3+(1, 5))	3	79
(1013, 73, 3037, t1) & (2534, 1, 2092, t2=t1+(0, 6)) & (2092, 56, 1013, t3=t2+(0, 5)) -> (3037, 73, 2092, t4=t3+(1, 8))	3	80
(1433, 102, 138, t1) & (2760, 63, 2932, t2=t1+(0, 6)) & (138, 61, 2760, t3=t2+(0, 5)) -> (138, 102, 138, t4=t3+(1, 2))	3	81
(1045, 193, 2858, t1) & (88, 18, 1959, t2=t1+(0, 4)) & (2858, 190, 88, t3=t2+(0, 4)) -> (2858, 190, 88, t4=t3+(1, 5))	3	82
(1374, 4, 4190, t1) & (4347, 13, 4730, t2=t1+(0, 6)) & (4190, 57, 4347, t3=t2+(0, 5)) -> (4730, 4, 1374, t4=t3+(1, 4))	3	83
(2885, 98, 2663, t1) & (314, 194, 178, t2=t1+(0, 9)) & (2663, 182, 178, t3=t2+(0, 1)) -> (2663, 182, 178, t4=t3+(1, 4))	3	84
(2561, 130, 1908, t1) & (3766, 67, 57, t2=t1+(0, 10)) & (57, 96, 2561, t3=t2+(0, 4)) -> (1908, 130, 3766, t4=t3+(1, 3))	3	85
(312, 160, 3040, t1) & (2453, 156, 2087, t2=t1+(0, 4)) & (2087, 164, 3040, t3=t2+(0, 4)) -> (2453, 160, 2087, t4=t3+(1, 7))	3	86
(3860, 23, 4592, t1) & (22, 183, 4698, t2=t1+(0, 4)) & (4592, 89, 4698, t3=t2+(0, 3)) -> (4592, 23, 4698, t4=t3+(1, 5))	3	87
(939, 179, 2490, t1) & (938, 9, 4711, t2=t1+(0, 5)) & (938, 185, 2490, t3=t2+(0, 3)) -> (2490, 179, 938, t4=t3+(1, 2))	3	88
(2304, 167, 4211, t1) & (4500, 199, 2810, t2=t1+(0, 6)) & (4500, 84, 4211, t3=t2+(0, 6)) -> (4500, 167, 2304, t4=t3+(1, 7))	3	89
(4685, 132, 3460, t1) & (2610, 42, 3370, t2=t1+(0, 2)) & (2610, 60, 4685, t3=t2+(0, 10)) -> (4685, 42, 2610, t4=t3+(1, 4))	3	90
(1163, 91, 1374, t1) & (4448, 184, 2197, t2=t1+(0, 6)) & (1374, 103, 2197, t3=t2+(0, 7)) -> (2197, 91, 2197, t4=t3+(1, 5))	3	91
(4036, 49, 2699, t1) & (1600, 180, 2580, t2=t1+(0, 4)) & (4036, 83, 2580, t3=t2+(0, 5)) -> (2699, 180, 4036, t4=t3+(1, 8))	3	92
(2717, 85, 3153, t1) & (487, 190, 4265, t2=t1+(0, 8)) & (4265, 137, 3153, t3=t2+(0, 1)) -> (4265, 190, 487, t4=t3+(1, 3))	3	93
(218, 97, 1374, t1) & (1855, 64, 2465, t2=t1+(0, 9)) & (1855, 66, 218, t3=t2+(0, 4)) -> (218, 64, 1374, t4=t3+(1, 4))	3	94
(4532, 44, 4368, t1) & (1901, 191, 4368, t2=t1+(0, 3)) & (1901, 183, 4532, t3=t2+(0, 3)) -> (4532, 44, 4532, t4=t3+(1, 4))	3	95
(2626, 169, 6, t1) & (3879, 141, 1226, t2=t1+(0, 9)) & (3879, 60, 2626, t3=t2+(0, 4)) -> (6, 141, 3879, t4=t3+(1, 5))	3	96
(255, 84, 2197, t1) & (4711, 88, 3186, t2=t1+(0, 3)) & (2197, 181, 4711, t3=t2+(0, 6)) -> (2197, 88, 2197, t4=t3+(1, 1))	3	97
(4592, 2, 3666, t1) & (162, 25, 4592, t2=t1+(0, 12)) & (3666, 93, 4592, t3=t2+(0, 7)) -> (4592, 93, 4592, t4=t3+(1, 5))	3	98
(4281, 44, 2932, t1) & (2448, 146, 3844, t2=t1+(0, 2)) & (2448, 199, 2932, t3=t2+(0, 6)) -> (2932, 199, 2932, t4=t3+(1, 8))	3	99
(4044, 141, 3398, t1) & (4044, 148, 4764, t2=t1+(0, 6)) -> (4044, 148, 4044, t3=t2+(1, 6))	2	100
(4006, 165, 1808, t1) & (4006, 2, 1936, t2=t1+(0, 3)) -> (4006, 165, 1936, t3=t2+(1, 6))	2	101
(4572, 97, 3891, t1) & (2382, 161, 3891, t2=t1+(0, 9)) -> (3891, 161, 3891, t3=t2+(1, 6))	2	102
(1329, 156, 3370, t1) & (3370, 194, 617, t2=t1+(0, 2)) -> (3370, 194, 3370, t3=t2+(1, 2))	2	103
(1617, 82, 1901, t1) & (1617, 133, 1901, t2=t1+(0, 5)) -> (1617, 82, 1617, t3=t2+(1, 5))	2	104
(3037, 145, 3641, t1) & (3641, 36, 3587, t2=t1+(0, 6)) -> (3037, 145, 3641, t3=t2+(1, 8))	2	105
(3085, 188, 617, t1) & (442, 123, 3085, t2=t1+(0, 6)) -> (442, 188, 617, t3=t2+(1, 6))	2	106
(4764, 6, 3085, t1) & (3085, 198, 3198, t2=t1+(0, 7)) -> (3085, 198, 3085, t3=t2+(1, 3))	2	107
(1775, 187, 172, t1) & (1775, 197, 255, t2=t1+(0, 4)) -> (1775, 187, 255, t3=t2+(1, 4))	2	108
(4896, 21, 1252, t1) & (1252, 73, 1177, t2=t1+(0, 7)) -> (4896, 73, 4896, t3=t2+(1, 8))	2	109
(2613, 30, 4411, t1) & (4411, 91, 1374, t2=t1+(0, 2)) -> (4411, 91, 4411, t3=t2+(1, 4))	2	110
(4068, 171, 1648, t1) & (1284, 6, 4068, t2=t1+(0, 4)) -> (1648, 6, 1648, t3=t2+(1, 5))	2	111
(1908, 88, 4068, t1) & (4068, 110, 3370, t2=t1+(0, 5)) -> (4068, 88, 4068, t3=t2+(1, 7))	2	112
(3083, 26, 3567, t1) & (38, 11, 3567, t2=t1+(0, 7)) -> (3083, 11, 3567, t3=t2+(1, 1))	2	113
(4685, 115, 1068, t1) & (1718, 69, 4685, t2=t1+(0, 5)) -> (1068, 115, 1068, t3=t2+(1, 4))	2	114
(4671, 155, 4725, t1) & (3085, 100, 4725, t2=t1+(0, 9)) -> (3085, 100, 4671, t3=t2+(1, 2))	2	115
(3641, 47, 1780, t1) & (4937, 96, 1780, t2=t1+(0, 6)) -> (3641, 96, 1780, t3=t2+(1, 8))	2	116
(794, 112, 2585, t1) & (136, 38, 794, t2=t1+(0, 3)) -> (2585, 112, 136, t3=t2+(1, 8))	2	117
(371, 199, 1829, t1) & (1829, 93, 831, t2=t1+(0, 1)) -> (1829, 93, 1829, t3=t2+(1, 2))	2	118
(3409, 121, 3216, t1) & (3766, 180, 3216, t2=t1+(0, 4)) -> (3766, 180, 3766, t3=t2+(1, 3))	2	119
(3308, 146, 1683, t1) & (3308, 57, 239, t2=t1+(0, 10)) -> (3308, 146, 1683, t3=t2+(1, 1))	2	120
(241, 59, 3409, t1) & (3012, 162, 241, t2=t1+(0, 5)) -> (241, 162, 3012, t3=t2+(1, 6))	2	121
(1061, 110, 1888, t1) & (1048, 66, 1888, t2=t1+(0, 4)) -> (1888, 66, 1048, t3=t2+(1, 1))	2	122
(367, 0, 3294, t1) & (3294, 154, 367, t2=t1+(0, 7)) -> (367, 154, 367, t3=t2+(1, 5))	2	123
(4006, 160, 4798, t1) & (4798, 86, 894, t2=t1+(0, 5)) -> (4798, 86, 4006, t3=t2+(1, 9))	2	124
(487, 90, 1990, t1) & (1990, 157, 1990, t2=t1+(0, 7)) -> (1990, 90, 1990, t3=t2+(1, 4))	2	125
(1374, 52, 1374, t1) & (1374, 124, 1374, t2=t1+(0, 3)) -> (1374, 52, 1374, t3=t2+(1, 4))	2	126
(2087, 185, 1381, t1) & (1381, 149, 2087, t2=t1+(0, 7)) -> (1381, 149, 2087, t3=t2+(1, 5))	2	127
(2120, 19, 774, t1) & (247, 144, 774, t2=t1+(0, 3)) -> (2120, 19, 774, t3=t2+(1, 3))	2	128
(4471, 198, 1741, t1) & (1741, 86, 1461, t2=t1+(0, 5)) -> (1741, 86, 1461, t3=t2+(1, 7))	2	129
(4572, 7, 2242, t1) & (4572, 176, 2242, t2=t1+(0, 5)) -> (4572, 7, 4572, t3=t2+(1, 5))	2	130
(2782, 130, 172, t1) & (1908, 28, 172, t2=t1+(0, 3)) -> (172, 130, 2782, t3=t2+(1, 2))	2	131
(4498, 178, 4, t1) & (4, 190, 4498, t2=t1+(0, 2)) -> (4498, 190, 4, t3=t2+(1, 4))	2	132
(1823, 168, 4150, t1) & (4210, 61, 1823, t2=t1+(0, 8)) -> (1823, 168, 4150, t3=t2+(1, 5))	2	133
(3945, 192, 2382, t1) & (3945, 74, 754, t2=t1+(0, 3)) -> (3945, 192, 3945, t3=t2+(1, 5))	2	134
(1385, 97, 4200, t1) & (1385, 144, 4200, t2=t1+(0, 5)) -> (4200, 144, 1385, t3=t2+(1, 6))	2	135
(1600, 108, 3972, t1) & (2708, 124, 1600, t2=t1+(0, 3)) -> (2708, 108, 1600, t3=t2+(1, 4))	2	136
(4166, 100, 3641, t1) & (3641, 0, 3641, t2=t1+(0, 11)) -> (3641, 0, 3641, t3=t2+(1, 6))	2	137
(2917, 152, 1600, t1) & (1600, 107, 1600, t2=t1+(0, 5)) -> (1600, 107, 1600, t3=t2+(1, 7))	2	138
(2932, 175, 3876, t1) & (2932, 102, 2932, t2=t1+(0, 10)) -> (2932, 102, 2932, t3=t2+(1, 6))	2	139
(4113, 109, 4754, t1) & (4754, 152, 733, t2=t1+(0, 6)) -> (4754, 152, 4754, t3=t2+(1, 6))	2	140
(2568, 56, 4421, t1) & (1059, 116, 2568, t2=t1+(0, 7)) -> (2568, 56, 4421, t3=t2+(1, 4))	2	141
(2033, 28, 933, t1) & (2033, 108, 2033, t2=t1+(0, 3)) -> (2033, 108, 2033, t3=t2+(1, 7))	2	142
(2731, 158, 2917, t1) & (2731, 66, 2124, t2=t1+(0, 4)) -> (2731, 158, 2124, t3=t2+(1, 2))	2	143
(3232, 162, 247, t1) & (557, 184, 247, t2=t1+(0, 10)) -> (3232, 184, 3232, t3=t2+(1, 5))	2	144
(115, 114, 4671, t1) & (115, 131, 1150, t2=t1+(0, 4)) -> (115, 114, 115, t3=t2+(1, 1))	2	145
(3455, 106, 754, t1) & (3455, 83, 754, t2=t1+(0, 5)) -> (3455, 106, 754, t3=t2+(1, 4))	2	146
(4, 79, 487, t1) & (487, 181, 2049, t2=t1+(0, 9)) -> (2049, 181, 487, t3=t2+(1, 6))	2	147
(2868, 79, 3876, t1) & (2868, 87, 1908, t2=t1+(0, 4)) -> (2868, 79, 3876, t3=t2+(1, 7))	2	148
(1252, 6, 2637, t1) & (2637, 161, 4631, t2=t1+(0, 5)) -> (1252, 6, 2637, t3=t2+(1, 3))	2	149
(4500, 69, 1163, t1) & (4500, 122, 4500, t2=t1+(0, 4)) -> (1163, 69, 4500, t3=t2+(1, 3))	2	150
(2126, 74, 2932, t1) & (2126, 75, 2917, t2=t1+(0, 4)) -> (2126, 75, 2917, t3=t2+(1, 2))	2	151
(938, 34, 1485, t1) & (938, 76, 938, t2=t1+(0, 8)) -> (938, 34, 938, t3=t2+(1, 6))	2	152
(933, 134, 50, t1) & (933, 126, 3876, t2=t1+(0, 6)) -> (933, 126, 50, t3=t2+(1, 1))	2	153
(1986, 1, 1702, t1) & (3073, 140, 1702, t2=t1+(0, 6)) -> (1702, 140, 1702, t3=t2+(1, 4))	2	154
(887, 31, 1855, t1) & (1855, 43, 1855, t2=t1+(0, 5)) -> (1855, 43, 1855, t3=t2+(1, 5))	2	155
(1192, 51, 247, t1) & (1192, 149, 247, t2=t1+(0, 3)) -> (1192, 51, 1192, t3=t2+(1, 4))	2	156
(4532, 23, 778, t1) & (778, 148, 4447, t2=t1+(0, 7)) -> (778, 148, 778, t3=t2+(1, 1))	2	157
(0, 96, 1504, t1) & (1061, 143, 0, t2=t1+(0, 6)) -> (0, 143, 0, t3=t2+(1, 8))	2	158
(255, 121, 2382, t1) & (2382, 43, 4505, t2=t1+(0, 4)) -> (4505, 121, 4505, t3=t2+(1, 4))	2	159
(4166, 179, 3598, t1) & (3598, 137, 2958, t2=t1+(0, 7)) -> (2958, 179, 3598, t3=t2+(1, 7))	2	160
(3534, 3, 4933, t1) & (3534, 182, 3534, t2=t1+(0, 8)) -> (3534, 182, 4933, t3=t2+(1, 6))	2	161
(4973, 86, 2132, t1) & (4973, 149, 1461, t2=t1+(0, 5)) -> (4973, 149, 4973, t3=t2+(1, 9))	2	162
(504, 102, 4006, t1) & (4006, 101, 504, t2=t1+(0, 6)) -> (4006, 102, 4006, t3=t2+(1, 7))	2	163
(4392, 178, 2637, t1) & (4806, 75, 4392, t2=t1+(0, 3)) -> (4392, 75, 4392, t3=t2+(1, 4))	2	164
(725, 72, 3124, t1) & (2411, 23, 725, t2=t1+(0, 1)) -> (2411, 23, 725, t3=t2+(1, 3))	2	165
(1564, 179, 50, t1) & (1748, 186, 1564, t2=t1+(0, 3)) -> (1564, 179, 1748, t3=t2+(1, 5))	2	166
(1221, 186, 3876, t1) & (4166, 45, 3876, t2=t1+(0, 5)) -> (3876, 186, 4166, t3=t2+(1, 3))	2	167
(4217, 104, 1419, t1) & (4217, 123, 3332, t2=t1+(0, 3)) -> (4217, 123, 3332, t3=t2+(1, 7))	2	168
(1782, 37, 2810, t1) & (1782, 51, 3786, t2=t1+(0, 6)) -> (1782, 37, 1782, t3=t2+(1, 3))	2	169
(1623, 183, 2099, t1) & (733, 43, 1623, t2=t1+(0, 8)) -> (1623, 183, 2099, t3=t2+(1, 5))	2	170
(3641, 147, 2777, t1) & (2876, 113, 2777, t2=t1+(0, 2)) -> (3641, 113, 2876, t3=t2+(1, 3))	2	171
(4006, 12, 3796, t1) & (4006, 127, 3796, t2=t1+(0, 3)) -> (4006, 12, 4006, t3=t2+(1, 3))	2	172
(3477, 42, 1290, t1) & (3477, 102, 4930, t2=t1+(0, 4)) -> (1290, 42, 4930, t3=t2+(1, 9))	2	173
(893, 68, 931, t1) & (2403, 105, 931, t2=t1+(0, 5)) -> (2403, 68, 893, t3=t2+(1, 4))	2	174
(4340, 113, 2324, t1) & (2324, 166, 4340, t2=t1+(0, 2)) -> (4340, 113, 2324, t3=t2+(1, 5))	2	175
(4166, 33, 1695, t1) & (1695, 134, 4210, t2=t1+(0, 2)) -> (4210, 134, 1695, t3=t2+(1, 5))	2	176
(1849, 63, 2465, t1) & (2846, 185, 1849, t2=t1+(0, 6)) -> (1849, 185, 1849, t3=t2+(1, 1))	2	177
(1381, 150, 2448, t1) & (4453, 137, 2448, t2=t1+(0, 6)) -> (4453, 150, 4453, t3=t2+(1, 3))	2	178
(4914, 22, 725, t1) & (4914, 111, 725, t2=t1+(0, 5)) -> (725, 111, 725, t3=t2+(1, 8))	2	179
(3786, 57, 3641, t1) & (3786, 36, 3885, t2=t1+(0, 7)) -> (3786, 36, 3786, t3=t2+(1, 7))	2	180
(4430, 24, 814, t1) & (4830, 100, 4430, t2=t1+(0, 3)) -> (4430, 100, 814, t3=t2+(1, 6))	2	181
(4464, 118, 1048, t1) & (4714, 53, 4464, t2=t1+(0, 4)) -> (4714, 53, 4714, t3=t2+(1, 3))	2	182
(3303, 199, 1374, t1) & (2009, 152, 1374, t2=t1+(0, 8)) -> (1374, 199, 2009, t3=t2+(1, 3))	2	183
(2092, 154, 1831, t1) & (4464, 142, 2092, t2=t1+(0, 3)) -> (4464, 142, 1831, t3=t2+(1, 2))	2	184
(4500, 115, 4837, t1) & (4500, 1, 4500, t2=t1+(0, 6)) -> (4500, 115, 4837, t3=t2+(1, 8))	2	185
(1649, 109, 4500, t1) & (4500, 135, 897, t2=t1+(0, 4)) -> (4500, 135, 1649, t3=t2+(1, 9))	2	186
(794, 192, 3796, t1) & (794, 17, 794, t2=t1+(0, 9)) -> (794, 17, 794, t3=t2+(1, 7))	2	187
(3600, 77, 275, t1) & (275, 174, 3600, t2=t1+(0, 6)) -> (3600, 77, 275, t3=t2+(1, 6))	2	188
(4321, 198, 938, t1) & (4321, 186, 2126, t2=t1+(0, 8)) -> (938, 198, 4321, t3=t2+(1, 4))	2	189
(3719, 155, 2132, t1) & (3719, 14, 4409, t2=t1+(0, 2)) -> (2132, 14, 4409, t3=t2+(1, 6))	2	190
(531, 154, 1419, t1) & (531, 76, 531, t2=t1+(0, 4)) -> (531, 76, 531, t3=t2+(1, 2))	2	191
(4142, 79, 2448, t1) & (2448, 197, 2448, t2=t1+(0, 6)) -> (2448, 197, 2448, t3=t2+(1, 5))	2	192
(3073, 7, 2526, t1) & (3198, 153, 3073, t2=t1+(0, 7)) -> (3073, 153, 2526, t3=t2+(1, 8))	2	193
(1374, 90, 264, t1) & (1374, 111, 206, t2=t1+(0, 10)) -> (206, 111, 264, t3=t2+(1, 7))	2	194
(3398, 125, 3012, t1) & (1925, 14, 3012, t2=t1+(0, 2)) -> (3398, 14, 3398, t3=t2+(1, 9))	2	195
(3403, 47, 3386, t1) & (4210, 181, 3386, t2=t1+(0, 6)) -> (4210, 181, 3386, t3=t2+(1, 3))	2	196
(4142, 72, 3359, t1) & (3359, 14, 1737, t2=t1+(0, 7)) -> (4142, 72, 4142, t3=t2+(1, 5))	2	197
(3536, 57, 2717, t1) & (2717, 118, 3536, t2=t1+(0, 8)) -> (2717, 118, 2717, t3=t2+(1, 3))	2	198
(2771, 34, 4165, t1) & (638, 94, 4165, t2=t1+(0, 3)) -> (638, 34, 4165, t3=t2+(1, 5))	2	199
(1261, 142, 4071, t1) -> (1261, 142, 4071, t2=t1+(1, 3))	1	200
(1986, 33, 2049, t1) -> (1986, 33, 1986, t2=t1+(1, 6))	1	201
(3941, 65, 1374, t1) -> (1374, 65, 3941, t2=t1+(1, 11))	1	202
(894, 67, 4368, t1) -> (894, 67, 4368, t2=t1+(1, 3))	1	203
(2362, 92, 3387, t1) -> (3387, 92, 3387, t2=t1+(1, 9))	1	204
(3332, 10, 4368, t1) -> (3332, 10, 4368, t2=t1+(1, 2))	1	205
(887, 125, 1436, t1) -> (1436, 125, 1436, t2=t1+(1, 9))	1	206
(915, 117, 2458, t1) -> (2458, 117, 2458, t2=t1+(1, 8))	1	207
(4505, 189, 50, t1) -> (50, 189, 4505, t2=t1+(1, 3))	1	208
(2338, 98, 669, t1) -> (669, 98, 2338, t2=t1+(1, 8))	1	209
(2412, 61, 754, t1) -> (2412, 61, 754, t2=t1+(1, 5))	1	210
(4562, 4, 1048, t1) -> (4562, 4, 4562, t2=t1+(1, 4))	1	211
(802, 157, 3232, t1) -> (3232, 157, 3232, t2=t1+(1, 6))	1	212
(4687, 163, 2625, t1) -> (2625, 163, 2625, t2=t1+(1, 2))	1	213
(3460, 176, 1068, t1) -> (1068, 176, 3460, t2=t1+(1, 6))	1	214
(2453, 19, 1758, t1) -> (1758, 19, 2453, t2=t1+(1, 2))	1	215
(3536, 111, 162, t1) -> (3536, 111, 3536, t2=t1+(1, 5))	1	216
(4259, 12, 3171, t1) -> (3171, 12, 3171, t2=t1+(1, 7))	1	217
(4841, 96, 3467, t1) -> (4841, 96, 4841, t2=t1+(1, 9))	1	218
(2059, 112, 1261, t1) -> (1261, 112, 2059, t2=t1+(1, 3))	1	219
(4631, 151, 3483, t1) -> (3483, 151, 3483, t2=t1+(1, 3))	1	220
(3662, 86, 4166, t1) -> (4166, 86, 3662, t2=t1+(1, 9))	1	221
(2579, 176, 3370, t1) -> (2579, 176, 3370, t2=t1+(1, 5))	1	222
(3248, 199, 2932, t1) -> (2932, 199, 2932, t2=t1+(1, 6))	1	223
(1509, 154, 3188, t1) -> (1509, 154, 3188, t2=t1+(1, 7))	1	224
(4089, 134, 1446, t1) -> (4089, 134, 1446, t2=t1+(1, 6))	1	225
(3111, 122, 1039, t1) -> (3111, 122, 1039, t2=t1+(1, 7))	1	226
(2846, 123, 4150, t1) -> (4150, 123, 2846, t2=t1+(1, 3))	1	227
(1275, 60, 1281, t1) -> (1281, 60, 1275, t2=t1+(1, 7))	1	228
(1385, 184, 1925, t1) -> (1385, 184, 1925, t2=t1+(1, 9))	1	229
(2132, 189, 4102, t1) -> (2132, 189, 4102, t2=t1+(1, 3))	1	230
(1504, 102, 4092, t1) -> (4092, 102, 4092, t2=t1+(1, 5))	1	231
(1122, 28, 4368, t1) -> (1122, 28, 4368, t2=t1+(1, 5))	1	232
(138, 88, 2447, t1) -> (138, 88, 2447, t2=t1+(1, 10))	1	233
(4515, 67, 4321, t1) -> (4515, 67, 4321, t2=t1+(1, 7))	1	234
(2610, 34, 3824, t1) -> (2610, 34, 2610, t2=t1+(1, 3))	1	235
(1374, 6, 2383, t1) -> (1374, 6, 2383, t2=t1+(1, 8))	1	236
(3085, 105, 1059, t1) -> (3085, 105, 3085, t2=t1+(1, 1))	1	237
(3248, 98, 4453, t1) -> (4453, 98, 4453, t2=t1+(1, 5))	1	238
(123, 113, 4265, t1) -> (4265, 113, 123, t2=t1+(1, 9))	1	239
(4044, 72, 2066, t1) -> (4044, 72, 4044, t2=t1+(1, 3))	1	240
(1202, 4, 617, t1) -> (1202, 4, 617, t2=t1+(1, 5))	1	241
(2073, 96, 4690, t1) -> (2073, 96, 2073, t2=t1+(1, 7))	1	242
(3994, 105, 2362, t1) -> (3994, 105, 3994, t2=t1+(1, 3))	1	243
(2585, 112, 4321, t1) -> (4321, 112, 2585, t2=t1+(1, 1))	1	244
(4233, 197, 2867, t1) -> (2867, 197, 2867, t2=t1+(1, 5))	1	245
(1923, 19, 259, t1) -> (1923, 19, 259, t2=t1+(1, 5))	1	246
(314, 179, 773, t1) -> (314, 179, 773, t2=t1+(1, 6))	1	247
(2763, 188, 3248, t1) -> (2763, 188, 2763, t2=t1+(1, 6))	1	248
(4047, 103, 3085, t1) -> (3085, 103, 3085, t2=t1+(1, 5))	1	249
(1823, 95, 4411, t1) -> (4411, 95, 1823, t2=t1+(1, 6))	1	250
(4896, 185, 1507, t1) -> (4896, 185, 4896, t2=t1+(1, 9))	1	251
(3563, 2, 986, t1) -> (3563, 2, 3563, t2=t1+(1, 7))	1	252
(4148, 78, 4206, t1) -> (4206, 78, 4206, t2=t1+(1, 7))	1	253
(831, 189, 3232, t1) -> (3232, 189, 3232, t2=t1+(1, 2))	1	254
(1776, 29, 1058, t1) -> (1058, 29, 1058, t2=t1+(1, 5))	1	255
(4281, 152, 4879, t1) -> (4879, 152, 4281, t2=t1+(1, 8))	1	256
(635, 72, 999, t1) -> (635, 72, 999, t2=t1+(1, 5))	1	257
(4166, 196, 1986, t1) -> (1986, 196, 4166, t2=t1+(1, 6))	1	258
(2613, 174, 3526, t1) -> (3526, 174, 3526, t2=t1+(1, 3))	1	259
(2648, 82, 4921, t1) -> (2648, 82, 4921, t2=t1+(1, 4))	1	260
(2760, 66, 3994, t1) -> (3994, 66, 2760, t2=t1+(1, 3))	1	261
(1659, 130, 3876, t1) -> (1659, 130, 1659, t2=t1+(1, 8))	1	262
(1089, 82, 2256, t1) -> (1089, 82, 1089, t2=t1+(1, 4))	1	263
(1617, 9, 1504, t1) -> (1617, 9, 1504, t2=t1+(1, 6))	1	264
(3824, 20, 2465, t1) -> (2465, 20, 3824, t2=t1+(1, 7))	1	265
(1849, 160, 4993, t1) -> (1849, 160, 1849, t2=t1+(1, 4))	1	266
(718, 14, 3248, t1) -> (3248, 14, 3248, t2=t1+(1, 5))	1	267
(1436, 180, 3236, t1) -> (1436, 180, 1436, t2=t1+(1, 8))	1	268
(2661, 114, 1679, t1) -> (2661, 114, 2661, t2=t1+(1, 3))	1	269
(1031, 118, 2116, t1) -> (1031, 118, 1031, t2=t1+(1, 3))	1	270
(3287, 17, 3557, t1) -> (3287, 17, 3287, t2=t1+(1, 6))	1	271
(656, 137, 1504, t1) -> (1504, 137, 656, t2=t1+(1, 6))	1	272
(2319, 71, 1410, t1) -> (2319, 71, 1410, t2=t1+(1, 4))	1	273
(2763, 168, 3153, t1) -> (2763, 168, 3153, t2=t1+(1, 3))	1	274
(487, 150, 1748, t1) -> (487, 150, 487, t2=t1+(1, 2))	1	275
(831, 104, 3536, t1) -> (831, 104, 831, t2=t1+(1, 5))	1	276
(1374, 127, 1902, t1) -> (1374, 127, 1374, t2=t1+(1, 2))	1	277
(3358, 51, 1392, t1) -> (1392, 51, 3358, t2=t1+(1, 1))	1	278
(3526, 176, 4501, t1) -> (3526, 176, 3526, t2=t1+(1, 5))	1	279
(3188, 51, 718, t1) -> (3188, 51, 3188, t2=t1+(1, 1))	1	280
(1943, 52, 1649, t1) -> (1649, 52, 1649, t2=t1+(1, 5))	1	281
(3844, 109, 4659, t1) -> (4659, 109, 3844, t2=t1+(1, 4))	1	282
(4274, 81, 1397, t1) -> (1397, 81, 1397, t2=t1+(1, 7))	1	283
(1737, 12, 3370, t1) -> (1737, 12, 3370, t2=t1+(1, 4))	1	284
(1564, 105, 3068, t1) -> (1564, 105, 1564, t2=t1+(1, 2))	1	285
(4837, 127, 2355, t1) -> (4837, 127, 4837, t2=t1+(1, 4))	1	286
(3923, 109, 4206, t1) -> (3923, 109, 3923, t2=t1+(1, 11))	1	287
(2526, 42, 773, t1) -> (773, 42, 773, t2=t1+(1, 6))	1	288
(4764, 170, 2518, t1) -> (4764, 170, 4764, t2=t1+(1, 2))	1	289
(2932, 139, 299, t1) -> (299, 139, 2932, t2=t1+(1, 8))	1	290
(3876, 66, 4281, t1) -> (4281, 66, 3876, t2=t1+(1, 5))	1	291
(3536, 126, 2777, t1) -> (2777, 126, 2777, t2=t1+(1, 6))	1	292
(748, 158, 4259, t1) -> (748, 158, 4259, t2=t1+(1, 7))	1	293
(88, 158, 4711, t1) -> (88, 158, 88, t2=t1+(1, 4))	1	294
(2240, 197, 2911, t1) -> (2240, 197, 2240, t2=t1+(1, 5))	1	295
(3386, 33, 3370, t1) -> (3370, 33, 3370, t2=t1+(1, 8))	1	296
(2077, 181, 3054, t1) -> (3054, 181, 2077, t2=t1+(1, 4))	1	297
(1442, 175, 914, t1) -> (1442, 175, 1442, t2=t1+(1, 8))	1	298
(1436, 134, 247, t1) -> (247, 134, 247, t2=t1+(1, 3))	1	299
