(4598, 14, 4073, t1) & (4867, 123, 184, t2=t1+(0, 3)) & (184, 173, 4073, t3=t2+(0, 5)) -> (4073, 173, 4073, t4=t3+(1, 4))	3	0
(356, 32, 648, t1) & (2086, 145, 1316, t2=t1+(0, 5)) & (356, 65, 2086, t3=t2+(0, 2)) -> (356, 65, 648, t4=t3+(1, 4))	3	1
(1721, 59, 4107, t1) & (881, 55, 1562, t2=t1+(0, 8)) & (1562, 76, 1721, t3=t2+(0, 8)) -> (4107, 59, 1562, t4=t3+(1, 3))	3	2
(2605, 2, 2316, t1) & (4512, 38, 1370, t2=t1+(0, 7)) & (2316, 30, 4512, t3=t2+(0, 5)) -> (4512, 38, 4512, t4=t3+(1, 2))	3	3
(3301, 64, 2761, t1) & (4149, 85, 3012, t2=t1+(0, 6)) & (3301, 167, 4149, t3=t2+(0, 4)) -> (3301, 85, 3012, t4=t3+(1, 3))	3	4
(3737, 84, 847, t1) & (4860, 110, 393, t2=t1+(0, 5)) & (3737, 54, 4860, t3=t2+(0, 6)) -> (393, 54, 4860, t4=t3+(1, 9))	3	5
(1782, 5, 4570, t1) & (4973, 89, 3304, t2=t1+(0, 3)) & (1782, 39, 4973, t3=t2+(0, 7)) -> (1782, 89, 4973, t4=t3+(1, 2))	3	6
(2847, 155, 4546, t1) & (2012, 51, 4571, t2=t1+(0, 2)) & (2847, 139, 2012, t3=t2+(0, 7)) -> (4546, 51, 2847, t4=t3+(1, 6))	3	7
(1397, 62, 2260, t1) & (393, 38, 4873, t2=t1+(0, 3)) & (1397, 185, 393, t3=t2+(0, 5)) -> (4873, 62, 393, t4=t3+(1, 8))	3	8
(1858, 100, 2108, t1) & (1730, 171, 3015, t2=t1+(0, 0)) & (1730, 61, 1858, t3=t2+(0, 2)) -> (1730, 171, 1858, t4=t3+(1, 4))	3	9
(1599, 54, 2496, t1) & (2373, 173, 1636, t2=t1+(0, 11)) & (1636, 146, 2496, t3=t2+(0, 7)) -> (1636, 173, 1636, t4=t3+(1, 7))	3	10
(2716, 128, 3128, t1) & (1563, 57, 4907, t2=t1+(0, 2)) & (4907, 1, 3128, t3=t2+(0, 5)) -> (4907, 128, 3128, t4=t3+(1, 1))	3	11
(4073, 113, 806, t1) & (4365, 89, 3012, t2=t1+(0, 3)) & (4365, 54, 4073, t3=t2+(0, 1)) -> (806, 54, 4073, t4=t3+(1, 4))	3	12
(4521, 189, 3845, t1) & (1073, 54, 4939, t2=t1+(0, 3)) & (4939, 160, 3845, t3=t2+(0, 4)) -> (4521, 54, 1073, t4=t3+(1, 6))	3	13
(4461, 114, 4734, t1) & (990, 186, 3880, t2=t1+(0, 5)) & (4461, 80, 3880, t3=t2+(0, 2)) -> (3880, 114, 3880, t4=t3+(1, 4))	3	14
(1730, 82, 1137, t1) & (3834, 149, 4461, t2=t1+(0, 5)) & (3834, 103, 1137, t3=t2+(0, 6)) -> (1137, 103, 1137, t4=t3+(1, 4))	3	15
(2319, 16, 1158, t1) & (4573, 40, 4052, t2=t1+(0, 5)) & (4052, 11, 1158, t3=t2+(0, 6)) -> (4573, 40, 2319, t4=t3+(1, 6))	3	16
(3899, 17, 3633, t1) & (3575, 129, 1504, t2=t1+(0, 3)) & (1504, 90, 3633, t3=t2+(0, 7)) -> (1504, 129, 3575, t4=t3+(1, 7))	3	17
(2260, 46, 812, t1) & (4425, 158, 4425, t2=t1+(0, 7)) & (812, 92, 4425, t3=t2+(0, 8)) -> (812, 158, 4425, t4=t3+(1, 6))	3	18
(655, 20, 3306, t1) & (1652, 57, 4500, t2=t1+(0, 3)) & (655, 150, 4500, t3=t2+(0, 5)) -> (655, 57, 655, t4=t3+(1, 6))	3	19
(4749, 71, 2969, t1) & (1877, 87, 677, t2=t1+(0, 3)) & (1877, 189, 4749, t3=t2+(0, 5)) -> (677, 189, 1877, t4=t3+(1, 5))	3	20
(23, 185, 3080, t1) & (2939, 64, 628, t2=t1+(0, 8)) & (23, 22, 628, t3=t2+(0, 5)) -> (628, 22, 2939, t4=t3+(1, 5))	3	21
(2793, 79, 2726, t1) & (2364, 189, 2747, t2=t1+(0, 3)) & (2726, 84, 2747, t3=t2+(0, 2)) -> (2726, 189, 2793, t4=t3+(1, 1))	3	22
(2627, 48, 1338, t1) & (3148, 151, 1832, t2=t1+(0, 5)) & (2627, 82, 3148, t3=t2+(0, 12)) -> (1338, 48, 1832, t4=t3+(1, 5))	3	23
(393, 36, 1686, t1) & (1137, 73, 1202, t2=t1+(0, 4)) & (1137, 7, 1686, t3=t2+(0, 7)) -> (1686, 73, 393, t4=t3+(1, 2))	3	24
(1798, 182, 3046, t1) & (1800, 145, 4965, t2=t1+(0, 3)) & (4965, 95, 1798, t3=t2+(0, 4)) -> (4965, 95, 1798, t4=t3+(1, 8))	3	25
(2431, 154, 3633, t1) & (1561, 8, 3899, t2=t1+(0, 7)) & (2431, 35, 1561, t3=t2+(0, 5)) -> (1561, 35, 3899, t4=t3+(1, 2))	3	26
(4484, 39, 3537, t1) & (2394, 41, 2229, t2=t1+(0, 1)) & (4484, 27, 2394, t3=t2+(0, 6)) -> (4484, 27, 4484, t4=t3+(1, 7))	3	27
(4872, 54, 3464, t1) & (2792, 58, 3633, t2=t1+(0, 4)) & (3633, 136, 3464, t3=t2+(0, 7)) -> (3633, 58, 2792, t4=t3+(1, 7))	3	28
(3060, 1, 4907, t1) & (3015, 151, 4389, t2=t1+(0, 7)) & (3015, 74, 4907, t3=t2+(0, 6)) -> (4907, 74, 4907, t4=t3+(1, 6))	3	29
(847, 21, 3530, t1) & (4808, 37, 137, t2=t1+(0, 2)) & (137, 147, 3530, t3=t2+(0, 5)) -> (137, 21, 137, t4=t3+(1, 5))	3	30
(3153, 62, 3899, t1) & (102, 43, 870, t2=t1+(0, 2)) & (870, 139, 3153, t3=t2+(0, 4)) -> (870, 62, 870, t4=t3+(1, 7))	3	31
(194, 189, 102, t1) & (4363, 163, 4734, t2=t1+(0, 3)) & (194, 93, 4734, t3=t2+(0, 2)) -> (4363, 163, 4734, t4=t3+(1, 9))	3	32
(417, 101, 2293, t1) & (760, 181, 4716, t2=t1+(0, 6)) & (2293, 184, 4716, t3=t2+(0, 9)) -> (2293, 181, 4716, t4=t3+(1, 4))	3	33
(4471, 91, 980, t1) & (812, 122, 4512, t2=t1+(0, 3)) & (980, 155, 812, t3=t2+(0, 7)) -> (4512, 155, 4471, t4=t3+(1, 5))	3	34
(1957, 44, 4999, t1) & (655, 97, 805, t2=t1+(0, 7)) & (655, 194, 1957, t3=t2+(0, 11)) -> (1957, 44, 655, t4=t3+(1, 3))	3	35
(3206, 5, 2293, t1) & (1726, 140, 4319, t2=t1+(0, 10)) & (4319, 116, 3206, t3=t2+(0, 5)) -> (4319, 5, 3206, t4=t3+(1, 10))	3	36
(1800, 158, 4964, t1) & (1518, 88, 1718, t2=t1+(0, 8)) & (1800, 30, 1518, t3=t2+(0, 3)) -> (1518, 30, 1518, t4=t3+(1, 3))	3	37
(204, 191, 2406, t1) & (554, 20, 4386, t2=t1+(0, 1)) & (2406, 24, 4386, t3=t2+(0, 4)) -> (2406, 191, 2406, t4=t3+(1, 5))	3	38
(4052, 47, 1861, t1) & (3015, 99, 3637, t2=t1+(0, 8)) & (4052, 25, 3015, t3=t2+(0, 5)) -> (3015, 99, 3637, t4=t3+(1, 4))	3	39
(2319, 77, 1863, t1) & (4973, 125, 1560, t2=t1+(0, 7)) & (2319, 170, 4973, t3=t2+(0, 6)) -> (2319, 170, 4973, t4=t3+(1, 2))	3	40
(869, 27, 4554, t1) & (670, 81, 4423, t2=t1+(0, 4)) & (869, 72, 4423, t3=t2+(0, 7)) -> (670, 81, 4423, t4=t3+(1, 5))	3	41
(2496, 187, 276, t1) & (1718, 92, 4185, t2=t1+(0, 0)) & (2496, 153, 1718, t3=t2+(0, 0)) -> (276, 187, 276, t4=t3+(1, 6))	3	42
(1802, 73, 1976, t1) & (656, 2, 2726, t2=t1+(0, 3)) & (1802, 54, 656, t3=t2+(0, 5)) -> (656, 73, 1976, t4=t3+(1, 5))	3	43
(586, 41, 2366, t1) & (2487, 171, 1491, t2=t1+(0, 4)) & (1491, 61, 586, t3=t2+(0, 5)) -> (586, 171, 2487, t4=t3+(1, 4))	3	44
(1963, 196, 870, t1) & (102, 165, 2260, t2=t1+(0, 5)) & (2260, 188, 1963, t3=t2+(0, 3)) -> (2260, 196, 1963, t4=t3+(1, 6))	3	45
(2586, 160, 2124, t1) & (4540, 11, 2586, t2=t1+(0, 9)) & (2124, 199, 2586, t3=t2+(0, 1)) -> (4540, 11, 2586, t4=t3+(1, 7))	3	46
(2716, 70, 2496, t1) & (1800, 136, 677, t2=t1+(0, 0)) & (677, 96, 2496, t3=t2+(0, 4)) -> (2496, 70, 2716, t4=t3+(1, 3))	3	47
(4043, 22, 4036, t1) & (55, 127, 3198, t2=t1+(0, 1)) & (4036, 80, 55, t3=t2+(0, 2)) -> (55, 127, 55, t4=t3+(1, 5))	3	48
(650, 55, 4906, t1) & (4605, 43, 1579, t2=t1+(0, 3)) & (4906, 69, 1579, t3=t2+(0, 10)) -> (1579, 43, 4906, t4=t3+(1, 4))	3	49
(1863, 140, 4999, t1) & (4339, 181, 3951, t2=t1+(0, 5)) & (4339, 136, 4999, t3=t2+(0, 5)) -> (3951, 140, 3951, t4=t3+(1, 4))	3	50
(2797, 6, 4418, t1) & (2912, 84, 4131, t2=t1+(0, 10)) & (4131, 36, 4418, t3=t2+(0, 6)) -> (4131, 84, 4418, t4=t3+(1, 1))	3	51
(65, 55, 2568, t1) & (3808, 146, 1073, t2=t1+(0, 5)) & (65, 130, 1073, t3=t2+(0, 3)) -> (65, 130, 2568, t4=t3+(1, 6))	3	52
(4309, 180, 1676, t1) & (1582, 108, 3808, t2=t1+(0, 6)) & (3808, 11, 1676, t3=t2+(0, 6)) -> (4309, 180, 3808, t4=t3+(1, 7))	3	53
(4692, 187, 2847, t1) & (3633, 6, 1137, t2=t1+(0, 3)) & (4692, 3, 3633, t3=t2+(0, 4)) -> (2847, 187, 1137, t4=t3+(1, 6))	3	54
(3653, 17, 2412, t1) & (677, 90, 1364, t2=t1+(0, 6)) & (677, 74, 3653, t3=t2+(0, 5)) -> (3653, 74, 677, t4=t3+(1, 7))	3	55
(144, 175, 2327, t1) & (2162, 117, 3046, t2=t1+(0, 7)) & (144, 78, 2162, t3=t2+(0, 5)) -> (3046, 175, 2162, t4=t3+(1, 2))	3	56
(2869, 141, 3575, t1) & (4872, 189, 2513, t2=t1+(0, 6)) & (2869, 41, 2513, t3=t2+(0, 4)) -> (4872, 189, 2513, t4=t3+(1, 6))	3	57
(3967, 141, 1599, t1) & (2296, 113, 3387, t2=t1+(0, 6)) & (1599, 141, 2296, t3=t2+(0, 9)) -> (1599, 113, 1599, t4=t3+(1, 3))	3	58
(2487, 160, 1176, t1) & (3811, 35, 1947, t2=t1+(0, 7)) & (2487, 2, 1947, t3=t2+(0, 9)) -> (1947, 35, 1947, t4=t3+(1, 5))	3	59
(4222, 126, 3812, t1) & (1430, 151, 726, t2=t1+(0, 4)) & (726, 45, 3812, t3=t2+(0, 2)) -> (3812, 151, 726, t4=t3+(1, 4))	3	60
(822, 86, 57, t1) & (1861, 34, 3806, t2=t1+(0, 6)) & (1861, 114, 57, t3=t2+(0, 3)) -> (1861, 34, 3806, t4=t3+(1, 5))	3	61
(2, 45, 1535, t1) & (1971, 100, 65, t2=t1+(0, 5)) & (1535, 143, 1971, t3=t2+(0, 5)) -> (1971, 143, 1535, t4=t3+(1, 8))	3	62
(2260, 74, 612, t1) & (3552, 188, 3636, t2=t1+(0, 2)) & (3636, 164, 612, t3=t2+(0, 4)) -> (612, 74, 3636, t4=t3+(1, 6))	3	63
(2497, 91, 241, t1) & (3274, 170, 4575, t2=t1+(0, 2)) & (4575, 71, 2497, t3=t2+(0, 4)) -> (4575, 170, 2497, t4=t3+(1, 3))	3	64
(3352, 93, 3812, t1) & (1137, 101, 881, t2=t1+(0, 5)) & (881, 7, 3352, t3=t2+(0, 3)) -> (3352, 101, 3352, t4=t3+(1, 3))	3	65
(144, 183, 1338, t1) & (3931, 189, 3633, t2=t1+(0, 5)) & (3633, 4, 144, t3=t2+(0, 2)) -> (144, 183, 1338, t4=t3+(1, 3))	3	66
(686, 169, 186, t1) & (1354, 168, 4950, t2=t1+(0, 4)) & (1354, 158, 686, t3=t2+(0, 4)) -> (1354, 158, 686, t4=t3+(1, 3))	3	67
(2296, 88, 382, t1) & (1861, 58, 1282, t2=t1+(0, 6)) & (1861, 95, 2296, t3=t2+(0, 4)) -> (2296, 95, 1282, t4=t3+(1, 5))	3	68
(2101, 52, 4302, t1) & (869, 12, 4426, t2=t1+(0, 1)) & (4426, 91, 4302, t3=t2+(0, 2)) -> (869, 52, 869, t4=t3+(1, 8))	3	69
(1516, 68, 3737, t1) & (2260, 128, 2887, t2=t1+(0, 4)) & (1516, 167, 2887, t3=t2+(0, 10)) -> (2260, 68, 1516, t4=t3+(1, 6))	3	70
(4386, 133, 806, t1) & (229, 122, 650, t2=t1+(0, 5)) & (650, 158, 806, t3=t2+(0, 9)) -> (650, 122, 806, t4=t3+(1, 5))	3	71
(1051, 191, 2586, t1) & (662, 131, 3274, t2=t1+(0, 6)) & (3274, 114, 1051, t3=t2+(0, 6)) -> (3274, 131, 1051, t4=t3+(1, 8))	3	72
(1643, 61, 4319, t1) & (667, 139, 183, t2=t1+(0, 5)) & (4319, 118, 183, t3=t2+(0, 1)) -> (4319, 118, 4319, t4=t3+(1, 4))	3	73
(3633, 7, 396, t1) & (3521, 94, 1354, t2=t1+(0, 11)) & (3521, 126, 3633, t3=t2+(0, 6)) -> (3633, 94, 396, t4=t3+(1, 5))	3	74
(2465, 29, 4570, t1) & (2762, 158, 4554, t2=t1+(0, 9)) & (2465, 33, 2762, t3=t2+(0, 7)) -> (2762, 29, 4570, t4=t3+(1, 1))	3	75
(2373, 24, 2528, t1) & (3017, 52, 2664, t2=t1+(0, 6)) & (3017, 177, 2373, t3=t2+(0, 5)) -> (3017, 52, 2373, t4=t3+(1, 4))	3	76
(2622, 161, 4902, t1) & (1302, 124, 420, t2=t1+(0, 6)) & (4902, 157, 420, t3=t2+(0, 4)) -> (1302, 157, 420, t4=t3+(1, 5))	3	77
(3633, 177, 1957, t1) & (630, 154, 4418, t2=t1+(0, 6)) & (1957, 22, 4418, t3=t2+(0, 4)) -> (3633, 154, 4418, t4=t3+(1, 1))	3	78
(1559, 104, 4546, t1) & (2242, 55, 3653, t2=t1+(0, 2)) & (1559, 20, 3653, t3=t2+(0, 9)) -> (4546, 104, 3653, t4=t3+(1, 2))	3	79
(109, 153, 1176, t1) & (4191, 130, 4808, t2=t1+(0, 4)) & (109, 197, 4191, t3=t2+(0, 4)) -> (1176, 197, 1176, t4=t3+(1, 10))	3	80
(3132, 81, 4498, t1) & (2110, 27, 3012, t2=t1+(0, 9)) & (3012, 55, 3132, t3=t2+(0, 9)) -> (3012, 55, 3012, t4=t3+(1, 7))	3	81
(3099, 45, 759, t1) & (4902, 87, 366, t2=t1+(0, 4)) & (759, 34, 4902, t3=t2+(0, 2)) -> (4902, 45, 4902, t4=t3+(1, 7))	3	82
(2484, 71, 2884, t1) & (4632, 66, 4109, t2=t1+(0, 3)) & (4109, 56, 2484, t3=t2+(0, 6)) -> (4632, 71, 4109, t4=t3+(1, 3))	3	83
(4907, 83, 1582, t1) & (871, 32, 121, t2=t1+(0, 2)) & (4907, 167, 871, t3=t2+(0, 6)) -> (4907, 32, 121, t4=t3+(1, 8))	3	84
(3880, 154, 1951, t1) & (2505, 28, 768, t2=t1+(0, 5)) & (1951, 132, 2505, t3=t2+(0, 8)) -> (1951, 28, 2505, t4=t3+(1, 5))	3	85
(1134, 86, 682, t1) & (2293, 72, 4749, t2=t1+(0, 6)) & (682, 97, 4749, t3=t2+(0, 2)) -> (4749, 86, 682, t4=t3+(1, 10))	3	86
(759, 93, 1076, t1) & (4073, 188, 3012, t2=t1+(0, 5)) & (759, 13, 4073, t3=t2+(0, 5)) -> (4073, 188, 3012, t4=t3+(1, 1))	3	87
(4659, 134, 4810, t1) & (1800, 184, 3186, t2=t1+(0, 6)) & (4659, 122, 1800, t3=t2+(0, 5)) -> (1800, 184, 4810, t4=t3+(1, 5))	3	88
(4036, 12, 3247, t1) & (1936, 162, 581, t2=t1+(0, 8)) & (4036, 4, 1936, t3=t2+(0, 5)) -> (1936, 12, 3247, t4=t3+(1, 4))	3	89
(4927, 134, 1881, t1) & (4673, 130, 4568, t2=t1+(0, 5)) & (4673, 21, 1881, t3=t2+(0, 7)) -> (1881, 130, 4673, t4=t3+(1, 4))	3	90
(1562, 73, 1730, t1) & (1247, 93, 3015, t2=t1+(0, 6)) & (1562, 154, 3015, t3=t2+(0, 6)) -> (1562, 73, 1247, t4=t3+(1, 2))	3	91
(1572, 52, 4605, t1) & (3027, 121, 2386, t2=t1+(0, 9)) & (4605, 34, 3027, t3=t2+(0, 4)) -> (1572, 34, 4605, t4=t3+(1, 9))	3	92
(2188, 88, 1135, t1) & (745, 167, 1726, t2=t1+(0, 5)) & (2188, 147, 745, t3=t2+(0, 8)) -> (2188, 88, 745, t4=t3+(1, 2))	3	93
(114, 167, 1957, t1) & (1301, 174, 4014, t2=t1+(0, 6)) & (4014, 146, 114, t3=t2+(0, 4)) -> (4014, 174, 4014, t4=t3+(1, 3))	3	94
(3360, 130, 3451, t1) & (4037, 137, 285, t2=t1+(0, 7)) & (3451, 151, 4037, t3=t2+(0, 5)) -> (3451, 151, 3360, t4=t3+(1, 4))	3	95
(1438, 31, 2296, t1) & (4386, 16, 682, t2=t1+(0, 2)) & (2296, 14, 682, t3=t2+(0, 5)) -> (2296, 14, 682, t4=t3+(1, 8))	3	96
(3855, 43, 1522, t1) & (1290, 56, 4222, t2=t1+(0, 5)) & (1290, 124, 1522, t3=t2+(0, 10)) -> (1290, 43, 4222, t4=t3+(1, 7))	3	97
(2178, 116, 1877, t1) & (1666, 82, 4319, t2=t1+(0, 4)) & (1666, 75, 2178, t3=t2+(0, 6)) -> (2178, 82, 4319, t4=t3+(1, 5))	3	98
(4031, 131, 1771, t1) & (4036, 179, 4426, t2=t1+(0, 2)) & (4031, 110, 4036, t3=t2+(0, 4)) -> (4036, 110, 1771, t4=t3+(1, 4))	3	99
(413, 165, 3046, t1) & (3046, 91, 4319, t2=t1+(0, 6)) -> (413, 165, 3046, t3=t2+(1, 4))	2	100
(2857, 90, 473, t1) & (473, 112, 2857, t2=t1+(0, 2)) -> (473, 112, 2857, t3=t2+(1, 3))	2	101
(788, 6, 808, t1) & (808, 11, 4348, t2=t1+(0, 6)) -> (4348, 11, 4348, t3=t2+(1, 11))	2	102
(3274, 88, 3326, t1) & (4365, 87, 3274, t2=t1+(0, 0)) -> (3274, 87, 3274, t3=t2+(1, 5))	2	103
(3710, 170, 4309, t1) & (3885, 25, 3710, t2=t1+(0, 4)) -> (3885, 25, 3710, t3=t2+(1, 6))	2	104
(356, 61, 4185, t1) & (2108, 161, 356, t2=t1+(0, 5)) -> (4185, 61, 356, t3=t2+(1, 4))	2	105
(182, 131, 1951, t1) & (182, 166, 1951, t2=t1+(0, 5)) -> (1951, 166, 182, t3=t2+(1, 4))	2	106
(3885, 135, 4319, t1) & (2757, 2, 4319, t2=t1+(0, 5)) -> (4319, 135, 4319, t3=t2+(1, 4))	2	107
(4139, 136, 3845, t1) & (2765, 188, 3845, t2=t1+(0, 5)) -> (4139, 136, 3845, t3=t2+(1, 3))	2	108
(4787, 12, 3952, t1) & (2212, 2, 3952, t2=t1+(0, 3)) -> (2212, 2, 2212, t3=t2+(1, 2))	2	109
(3751, 129, 4036, t1) & (4036, 10, 3751, t2=t1+(0, 6)) -> (4036, 129, 3751, t3=t2+(1, 9))	2	110
(4052, 71, 1686, t1) & (1686, 18, 1686, t2=t1+(0, 1)) -> (1686, 18, 1686, t3=t2+(1, 4))	2	111
(194, 101, 3530, t1) & (194, 98, 2352, t2=t1+(0, 3)) -> (194, 101, 194, t3=t2+(1, 5))	2	112
(2939, 98, 1560, t1) & (2939, 161, 1560, t2=t1+(0, 7)) -> (1560, 161, 1560, t3=t2+(1, 3))	2	113
(3659, 23, 3099, t1) & (3099, 58, 3099, t2=t1+(0, 8)) -> (3099, 23, 3099, t3=t2+(1, 6))	2	114
(72, 198, 1726, t1) & (1726, 101, 72, t2=t1+(0, 5)) -> (1726, 101, 72, t3=t2+(1, 5))	2	115
(3329, 110, 3480, t1) & (3480, 50, 1274, t2=t1+(0, 2)) -> (3329, 50, 3480, t3=t2+(1, 5))	2	116
(677, 57, 1339, t1) & (1339, 108, 2471, t2=t1+(0, 8)) -> (1339, 57, 677, t3=t2+(1, 4))	2	117
(485, 138, 4073, t1) & (4073, 104, 2316, t2=t1+(0, 2)) -> (2316, 104, 4073, t3=t2+(1, 8))	2	118
(2487, 16, 2506, t1) & (620, 144, 2487, t2=t1+(0, 6)) -> (2506, 16, 620, t3=t2+(1, 6))	2	119
(4386, 140, 1800, t1) & (1438, 76, 4386, t2=t1+(0, 6)) -> (1800, 76, 1438, t3=t2+(1, 6))	2	120
(688, 44, 1079, t1) & (1079, 78, 4397, t2=t1+(0, 6)) -> (1079, 78, 1079, t3=t2+(1, 5))	2	121
(682, 148, 4729, t1) & (906, 59, 682, t2=t1+(0, 6)) -> (906, 148, 4729, t3=t2+(1, 6))	2	122
(2792, 84, 2456, t1) & (2792, 96, 3360, t2=t1+(0, 5)) -> (2456, 84, 2792, t3=t2+(1, 3))	2	123
(2626, 179, 4461, t1) & (366, 93, 4461, t2=t1+(0, 1)) -> (4461, 93, 4461, t3=t2+(1, 6))	2	124
(4902, 97, 1290, t1) & (1076, 15, 1290, t2=t1+(0, 3)) -> (4902, 15, 1076, t3=t2+(1, 6))	2	125
(3325, 56, 1802, t1) & (393, 176, 3325, t2=t1+(0, 4)) -> (3325, 176, 3325, t3=t2+(1, 5))	2	126
(4860, 12, 3509, t1) & (135, 182, 3509, t2=t1+(0, 3)) -> (3509, 182, 3509, t3=t2+(1, 1))	2	127
(1957, 178, 3325, t1) & (1957, 14, 2872, t2=t1+(0, 3)) -> (2872, 14, 3325, t3=t2+(1, 1))	2	128
(3519, 55, 701, t1) & (1910, 75, 3519, t2=t1+(0, 4)) -> (3519, 75, 3519, t3=t2+(1, 1))	2	129
(3008, 93, 1397, t1) & (1397, 42, 1397, t2=t1+(0, 8)) -> (3008, 93, 1397, t3=t2+(1, 6))	2	130
(4639, 149, 4808, t1) & (1686, 15, 4639, t2=t1+(0, 6)) -> (1686, 15, 4639, t3=t2+(1, 7))	2	131
(658, 85, 1572, t1) & (961, 46, 658, t2=t1+(0, 6)) -> (658, 46, 961, t3=t2+(1, 4))	2	132
(3469, 127, 2626, t1) & (2059, 79, 2626, t2=t1+(0, 7)) -> (3469, 79, 2626, t3=t2+(1, 3))	2	133
(3899, 6, 3877, t1) & (3899, 135, 686, t2=t1+(0, 9)) -> (3899, 6, 3877, t3=t2+(1, 5))	2	134
(1479, 26, 3951, t1) & (1479, 95, 3537, t2=t1+(0, 6)) -> (3537, 26, 1479, t3=t2+(1, 5))	2	135
(2967, 25, 2728, t1) & (2967, 53, 1504, t2=t1+(0, 4)) -> (2728, 25, 2967, t3=t2+(1, 3))	2	136
(2260, 140, 3530, t1) & (3530, 87, 3530, t2=t1+(0, 8)) -> (3530, 87, 2260, t3=t2+(1, 8))	2	137
(384, 65, 1877, t1) & (384, 149, 1666, t2=t1+(0, 4)) -> (384, 149, 1877, t3=t2+(1, 4))	2	138
(23, 96, 3360, t1) & (1863, 160, 23, t2=t1+(0, 6)) -> (23, 160, 23, t3=t2+(1, 2))	2	139
(3892, 111, 149, t1) & (3892, 30, 3419, t2=t1+(0, 3)) -> (3419, 30, 3419, t3=t2+(1, 6))	2	140
(3996, 105, 1479, t1) & (3419, 81, 3996, t2=t1+(0, 1)) -> (3996, 105, 1479, t3=t2+(1, 2))	2	141
(4290, 132, 3543, t1) & (3543, 183, 4290, t2=t1+(0, 5)) -> (3543, 132, 3543, t3=t2+(1, 6))	2	142
(1282, 59, 682, t1) & (1282, 171, 1282, t2=t1+(0, 6)) -> (1282, 59, 1282, t3=t2+(1, 8))	2	143
(1211, 84, 3635, t1) & (3635, 38, 3457, t2=t1+(0, 6)) -> (3457, 38, 3635, t3=t2+(1, 5))	2	144
(812, 36, 225, t1) & (225, 32, 812, t2=t1+(0, 2)) -> (812, 36, 812, t3=t2+(1, 1))	2	145
(4867, 65, 2200, t1) & (655, 167, 2200, t2=t1+(0, 4)) -> (655, 167, 2200, t3=t2+(1, 2))	2	146
(2533, 93, 3363, t1) & (4824, 145, 3363, t2=t1+(0, 11)) -> (3363, 93, 3363, t3=t2+(1, 6))	2	147
(3445, 140, 1800, t1) & (1676, 129, 3445, t2=t1+(0, 2)) -> (1800, 140, 1676, t3=t2+(1, 5))	2	148
(453, 121, 2174, t1) & (2174, 140, 726, t2=t1+(0, 5)) -> (2174, 121, 2174, t3=t2+(1, 4))	2	149
(3905, 6, 3649, t1) & (3419, 39, 3649, t2=t1+(0, 11)) -> (3649, 39, 3905, t3=t2+(1, 6))	2	150
(2804, 86, 3761, t1) & (2804, 177, 2804, t2=t1+(0, 5)) -> (2804, 177, 2804, t3=t2+(1, 4))	2	151
(453, 68, 2692, t1) & (453, 182, 1202, t2=t1+(0, 1)) -> (453, 68, 453, t3=t2+(1, 7))	2	152
(1488, 74, 3464, t1) & (3464, 3, 3981, t2=t1+(0, 2)) -> (3464, 3, 1488, t3=t2+(1, 3))	2	153
(2198, 25, 2668, t1) & (2668, 167, 2668, t2=t1+(0, 7)) -> (2668, 167, 2668, t3=t2+(1, 9))	2	154
(2626, 72, 4183, t1) & (4363, 17, 2626, t2=t1+(0, 6)) -> (2626, 17, 2626, t3=t2+(1, 6))	2	155
(2431, 15, 4570, t1) & (4014, 79, 2431, t2=t1+(0, 5)) -> (4570, 15, 2431, t3=t2+(1, 4))	2	156
(194, 175, 3637, t1) & (3637, 198, 194, t2=t1+(0, 5)) -> (3637, 198, 194, t3=t2+(1, 3))	2	157
(3991, 22, 2761, t1) & (1176, 139, 3991, t2=t1+(0, 4)) -> (3991, 22, 3991, t3=t2+(1, 4))	2	158
(1354, 156, 4471, t1) & (4471, 4, 4471, t2=t1+(0, 2)) -> (1354, 4, 4471, t3=t2+(1, 4))	2	159
(3030, 44, 4394, t1) & (3030, 178, 4411, t2=t1+(0, 4)) -> (3030, 178, 4394, t3=t2+(1, 7))	2	160
(3326, 11, 669, t1) & (4379, 78, 3326, t2=t1+(0, 6)) -> (3326, 11, 4379, t3=t2+(1, 7))	2	161
(2162, 9, 4043, t1) & (4546, 23, 2162, t2=t1+(0, 6)) -> (2162, 9, 4043, t3=t2+(1, 1))	2	162
(1014, 72, 3892, t1) & (1890, 36, 3892, t2=t1+(0, 3)) -> (1014, 72, 1890, t3=t2+(1, 8))	2	163
(4824, 48, 3575, t1) & (4587, 165, 4824, t2=t1+(0, 3)) -> (4587, 48, 4824, t3=t2+(1, 9))	2	164
(2945, 76, 2122, t1) & (3513, 144, 2122, t2=t1+(0, 7)) -> (2122, 76, 2122, t3=t2+(1, 8))	2	165
(4861, 115, 4073, t1) & (2260, 60, 4073, t2=t1+(0, 6)) -> (4073, 60, 4861, t3=t2+(1, 8))	2	166
(3899, 123, 3510, t1) & (4646, 58, 3510, t2=t1+(0, 5)) -> (4646, 58, 4646, t3=t2+(1, 10))	2	167
(420, 24, 2506, t1) & (2506, 49, 700, t2=t1+(0, 6)) -> (2506, 24, 2506, t3=t2+(1, 2))	2	168
(4461, 26, 3306, t1) & (4418, 157, 3306, t2=t1+(0, 3)) -> (3306, 157, 3306, t3=t2+(1, 4))	2	169
(627, 132, 1652, t1) & (1652, 108, 1282, t2=t1+(0, 7)) -> (1652, 108, 1652, t3=t2+(1, 7))	2	170
(987, 86, 4185, t1) & (987, 182, 204, t2=t1+(0, 1)) -> (987, 86, 4185, t3=t2+(1, 7))	2	171
(1686, 127, 3360, t1) & (1686, 161, 3360, t2=t1+(0, 3)) -> (1686, 161, 1686, t3=t2+(1, 6))	2	172
(926, 134, 313, t1) & (2586, 125, 313, t2=t1+(0, 2)) -> (926, 125, 313, t3=t2+(1, 5))	2	173
(3530, 61, 3871, t1) & (3530, 180, 396, t2=t1+(0, 5)) -> (396, 61, 396, t3=t2+(1, 3))	2	174
(1158, 92, 2424, t1) & (1158, 189, 2424, t2=t1+(0, 4)) -> (2424, 189, 2424, t3=t2+(1, 5))	2	175
(2528, 120, 2193, t1) & (2528, 109, 2528, t2=t1+(0, 5)) -> (2193, 120, 2528, t3=t2+(1, 3))	2	176
(4052, 77, 2243, t1) & (2243, 189, 4052, t2=t1+(0, 6)) -> (2243, 77, 2243, t3=t2+(1, 3))	2	177
(3808, 63, 2506, t1) & (2506, 185, 4484, t2=t1+(0, 2)) -> (4484, 185, 3808, t3=t2+(1, 1))	2	178
(812, 78, 4568, t1) & (812, 104, 194, t2=t1+(0, 2)) -> (194, 104, 812, t3=t2+(1, 7))	2	179
(2319, 87, 3140, t1) & (4872, 199, 2319, t2=t1+(0, 7)) -> (2319, 87, 4872, t3=t2+(1, 2))	2	180
(1368, 101, 2185, t1) & (2260, 188, 1368, t2=t1+(0, 2)) -> (1368, 188, 2260, t3=t2+(1, 4))	2	181
(4872, 105, 2101, t1) & (2101, 169, 4872, t2=t1+(0, 4)) -> (4872, 169, 4872, t3=t2+(1, 4))	2	182
(4418, 104, 3128, t1) & (4418, 73, 4164, t2=t1+(0, 6)) -> (4418, 104, 4164, t3=t2+(1, 5))	2	183
(4646, 194, 1014, t1) & (1014, 92, 3360, t2=t1+(0, 3)) -> (4646, 194, 1014, t3=t2+(1, 6))	2	184
(4319, 24, 4693, t1) & (4693, 191, 4693, t2=t1+(0, 6)) -> (4693, 191, 4693, t3=t2+(1, 5))	2	185
(3153, 156, 2834, t1) & (3153, 103, 2834, t2=t1+(0, 2)) -> (3153, 103, 3153, t3=t2+(1, 3))	2	186
(4925, 105, 385, t1) & (4925, 44, 4925, t2=t1+(0, 6)) -> (385, 44, 4925, t3=t2+(1, 4))	2	187
(581, 9, 3996, t1) & (4484, 177, 581, t2=t1+(0, 3)) -> (581, 9, 3996, t3=t2+(1, 7))	2	188
(2260, 66, 1561, t1) & (1561, 7, 2318, t2=t1+(0, 3)) -> (1561, 66, 1561, t3=t2+(1, 6))	2	189
(4824, 54, 1946, t1) & (4824, 135, 682, t2=t1+(0, 4)) -> (4824, 135, 4824, t3=t2+(1, 8))	2	190
(3092, 178, 3385, t1) & (2247, 73, 3092, t2=t1+(0, 2)) -> (2247, 73, 2247, t3=t2+(1, 7))	2	191
(587, 193, 4942, t1) & (587, 143, 3530, t2=t1+(0, 2)) -> (587, 193, 587, t3=t2+(1, 4))	2	192
(4073, 22, 1144, t1) & (2284, 169, 1144, t2=t1+(0, 4)) -> (1144, 169, 1144, t3=t2+(1, 7))	2	193
(1890, 52, 4749, t1) & (1890, 198, 4749, t2=t1+(0, 4)) -> (4749, 198, 4749, t3=t2+(1, 7))	2	194
(3088, 127, 4605, t1) & (2318, 162, 4605, t2=t1+(0, 4)) -> (2318, 162, 3088, t3=t2+(1, 4))	2	195
(4435, 82, 3301, t1) & (3243, 95, 4435, t2=t1+(0, 2)) -> (4435, 82, 4435, t3=t2+(1, 7))	2	196
(470, 65, 144, t1) & (1316, 151, 144, t2=t1+(0, 4)) -> (144, 65, 144, t3=t2+(1, 3))	2	197
(2497, 30, 655, t1) & (655, 135, 3495, t2=t1+(0, 3)) -> (2497, 30, 655, t3=t2+(1, 7))	2	198
(4042, 145, 4522, t1) & (302, 112, 4522, t2=t1+(0, 4)) -> (302, 112, 4522, t3=t2+(1, 5))	2	199
(4185, 70, 2293, t1) -> (4185, 70, 4185, t2=t1+(1, 3))	1	200
(57, 160, 3011, t1) -> (3011, 160, 3011, t2=t1+(1, 5))	1	201
(1137, 0, 1640, t1) -> (1640, 0, 1640, t2=t1+(1, 6))	1	202
(1438, 68, 1800, t1) -> (1800, 68, 1800, t2=t1+(1, 6))	1	203
(1354, 161, 4363, t1) -> (1354, 161, 1354, t2=t1+(1, 6))	1	204
(2761, 61, 3456, t1) -> (3456, 61, 2761, t2=t1+(1, 6))	1	205
(793, 88, 3899, t1) -> (3899, 88, 3899, t2=t1+(1, 8))	1	206
(3301, 155, 2664, t1) -> (3301, 155, 2664, t2=t1+(1, 3))	1	207
(3972, 69, 1739, t1) -> (3972, 69, 1739, t2=t1+(1, 6))	1	208
(3099, 45, 4131, t1) -> (4131, 45, 3099, t2=t1+(1, 9))	1	209
(1301, 44, 3772, t1) -> (1301, 44, 3772, t2=t1+(1, 1))	1	210
(3885, 167, 1579, t1) -> (3885, 167, 1579, t2=t1+(1, 5))	1	211
(2668, 134, 213, t1) -> (213, 134, 2668, t2=t1+(1, 3))	1	212
(1690, 123, 1137, t1) -> (1690, 123, 1690, t2=t1+(1, 1))	1	213
(133, 175, 1301, t1) -> (1301, 175, 133, t2=t1+(1, 3))	1	214
(4425, 114, 2945, t1) -> (2945, 114, 4425, t2=t1+(1, 1))	1	215
(2945, 124, 2690, t1) -> (2690, 124, 2945, t2=t1+(1, 8))	1	216
(2912, 192, 2194, t1) -> (2912, 192, 2912, t2=t1+(1, 7))	1	217
(2762, 8, 2421, t1) -> (2421, 8, 2421, t2=t1+(1, 4))	1	218
(926, 70, 4290, t1) -> (4290, 70, 4290, t2=t1+(1, 4))	1	219
(682, 173, 3636, t1) -> (3636, 173, 682, t2=t1+(1, 4))	1	220
(1951, 48, 3710, t1) -> (3710, 48, 3710, t2=t1+(1, 4))	1	221
(870, 82, 1704, t1) -> (870, 82, 870, t2=t1+(1, 2))	1	222
(3360, 19, 4036, t1) -> (3360, 19, 3360, t2=t1+(1, 2))	1	223
(1758, 97, 4558, t1) -> (1758, 97, 1758, t2=t1+(1, 2))	1	224
(1107, 113, 1766, t1) -> (1766, 113, 1766, t2=t1+(1, 8))	1	225
(2747, 32, 1661, t1) -> (1661, 32, 1661, t2=t1+(1, 5))	1	226
(920, 156, 1800, t1) -> (1800, 156, 1800, t2=t1+(1, 1))	1	227
(2869, 102, 4854, t1) -> (4854, 102, 4854, t2=t1+(1, 6))	1	228
(4014, 139, 3387, t1) -> (4014, 139, 3387, t2=t1+(1, 6))	1	229
(3649, 195, 3481, t1) -> (3481, 195, 3649, t2=t1+(1, 9))	1	230
(356, 3, 385, t1) -> (385, 3, 385, t2=t1+(1, 4))	1	231
(4743, 88, 4418, t1) -> (4418, 88, 4418, t2=t1+(1, 3))	1	232
(2284, 107, 701, t1) -> (701, 107, 2284, t2=t1+(1, 7))	1	233
(2536, 162, 3385, t1) -> (3385, 162, 2536, t2=t1+(1, 3))	1	234
(4907, 112, 2528, t1) -> (4907, 112, 2528, t2=t1+(1, 4))	1	235
(2373, 97, 3419, t1) -> (2373, 97, 2373, t2=t1+(1, 4))	1	236
(2721, 45, 4907, t1) -> (2721, 45, 4907, t2=t1+(1, 4))	1	237
(3636, 170, 2162, t1) -> (3636, 170, 3636, t2=t1+(1, 4))	1	238
(1437, 179, 2808, t1) -> (2808, 179, 1437, t2=t1+(1, 4))	1	239
(1274, 125, 3571, t1) -> (3571, 125, 3571, t2=t1+(1, 8))	1	240
(1726, 19, 677, t1) -> (1726, 19, 677, t2=t1+(1, 2))	1	241
(2129, 150, 4394, t1) -> (4394, 150, 2129, t2=t1+(1, 5))	1	242
(642, 50, 3153, t1) -> (642, 50, 3153, t2=t1+(1, 7))	1	243
(2424, 137, 4073, t1) -> (4073, 137, 2424, t2=t1+(1, 3))	1	244
(4760, 155, 3879, t1) -> (4760, 155, 3879, t2=t1+(1, 6))	1	245
(3907, 149, 3243, t1) -> (3907, 149, 3907, t2=t1+(1, 9))	1	246
(1516, 150, 686, t1) -> (686, 150, 686, t2=t1+(1, 4))	1	247
(272, 6, 1890, t1) -> (272, 6, 272, t2=t1+(1, 6))	1	248
(2726, 110, 1291, t1) -> (1291, 110, 2726, t2=t1+(1, 7))	1	249
(4073, 89, 2987, t1) -> (2987, 89, 2987, t2=t1+(1, 3))	1	250
(3393, 91, 4522, t1) -> (4522, 91, 3393, t2=t1+(1, 7))	1	251
(2597, 148, 3808, t1) -> (2597, 148, 2597, t2=t1+(1, 4))	1	252
(1305, 15, 812, t1) -> (812, 15, 1305, t2=t1+(1, 4))	1	253
(2716, 41, 3653, t1) -> (2716, 41, 3653, t2=t1+(1, 7))	1	254
(396, 18, 396, t1) -> (396, 18, 396, t2=t1+(1, 6))	1	255
(2912, 51, 1918, t1) -> (2912, 51, 2912, t2=t1+(1, 3))	1	256
(1666, 56, 3668, t1) -> (3668, 56, 1666, t2=t1+(1, 4))	1	257
(4923, 113, 783, t1) -> (4923, 113, 4923, t2=t1+(1, 4))	1	258
(4036, 156, 3148, t1) -> (4036, 156, 3148, t2=t1+(1, 3))	1	259
(1518, 87, 1026, t1) -> (1518, 87, 1026, t2=t1+(1, 4))	1	260
(3772, 126, 2243, t1) -> (2243, 126, 3772, t2=t1+(1, 6))	1	261
(682, 38, 3845, t1) -> (682, 38, 3845, t2=t1+(1, 5))	1	262
(4598, 82, 1721, t1) -> (4598, 82, 1721, t2=t1+(1, 9))	1	263
(3304, 157, 1504, t1) -> (1504, 157, 1504, t2=t1+(1, 4))	1	264
(1652, 31, 4461, t1) -> (1652, 31, 4461, t2=t1+(1, 4))	1	265
(2832, 197, 4838, t1) -> (2832, 197, 4838, t2=t1+(1, 3))	1	266
(3785, 34, 61, t1) -> (61, 34, 3785, t2=t1+(1, 6))	1	267
(881, 130, 2625, t1) -> (881, 130, 881, t2=t1+(1, 2))	1	268
(4964, 32, 774, t1) -> (4964, 32, 774, t2=t1+(1, 2))	1	269
(3530, 121, 3419, t1) -> (3419, 121, 3419, t2=t1+(1, 6))	1	270
(3525, 137, 2912, t1) -> (3525, 137, 2912, t2=t1+(1, 3))	1	271
(1910, 161, 2091, t1) -> (1910, 161, 1910, t2=t1+(1, 4))	1	272
(2765, 57, 812, t1) -> (2765, 57, 812, t2=t1+(1, 6))	1	273
(420, 184, 396, t1) -> (420, 184, 420, t2=t1+(1, 6))	1	274
(1957, 105, 2755, t1) -> (1957, 105, 1957, t2=t1+(1, 5))	1	275
(3949, 10, 557, t1) -> (3949, 10, 3949, t2=t1+(1, 6))	1	276
(180, 165, 2802, t1) -> (180, 165, 180, t2=t1+(1, 10))	1	277
(2124, 71, 3665, t1) -> (2124, 71, 2124, t2=t1+(1, 4))	1	278
(711, 133, 2436, t1) -> (2436, 133, 711, t2=t1+(1, 5))	1	279
(2284, 34, 2319, t1) -> (2319, 34, 2284, t2=t1+(1, 5))	1	280
(121, 88, 1960, t1) -> (121, 88, 1960, t2=t1+(1, 2))	1	281
(4233, 14, 3649, t1) -> (4233, 14, 3649, t2=t1+(1, 7))	1	282
(1863, 145, 4472, t1) -> (4472, 145, 4472, t2=t1+(1, 9))	1	283
(1026, 90, 1805, t1) -> (1026, 90, 1026, t2=t1+(1, 4))	1	284
(2496, 36, 3845, t1) -> (3845, 36, 3845, t2=t1+(1, 8))	1	285
(3834, 42, 137, t1) -> (3834, 42, 3834, t2=t1+(1, 4))	1	286
(1704, 151, 1301, t1) -> (1301, 151, 1704, t2=t1+(1, 4))	1	287
(3894, 16, 3971, t1) -> (3971, 16, 3894, t2=t1+(1, 7))	1	288
(2496, 181, 4692, t1) -> (4692, 181, 4692, t2=t1+(1, 9))	1	289
(65, 195, 3552, t1) -> (3552, 195, 65, t2=t1+(1, 7))	1	290
(267, 1, 3899, t1) -> (267, 1, 3899, t2=t1+(1, 10))	1	291
(869, 5, 1438, t1) -> (1438, 5, 1438, t2=t1+(1, 5))	1	292
(3098, 193, 3148, t1) -> (3098, 193, 3148, t2=t1+(1, 11))	1	293
(3830, 157, 4073, t1) -> (4073, 157, 3830, t2=t1+(1, 7))	1	294
(1866, 166, 2436, t1) -> (2436, 166, 1866, t2=t1+(1, 6))	1	295
(4808, 49, 4774, t1) -> (4808, 49, 4808, t2=t1+(1, 4))	1	296
(303, 125, 4631, t1) -> (4631, 125, 303, t2=t1+(1, 7))	1	297
(2506, 128, 4233, t1) -> (2506, 128, 4233, t2=t1+(1, 7))	1	298
(2318, 66, 4873, t1) -> (4873, 66, 4873, t2=t1+(1, 8))	1	299
