(3164, 59, 4690, t1) & (1508, 10, 1969, t2=t1+(0, 5)) & (4690, 78, 1969, t3=t2+(0, 8)) -> (1508, 10, 1508, t4=t3+(1, 3))	3	0
(682, 93, 2921, t1) & (470, 47, 4730, t2=t1+(0, 5)) & (4730, 50, 2921, t3=t2+(0, 4)) -> (682, 93, 682, t4=t3+(1, 5))	3	1
(1020, 61, 2336, t1) & (2446, 175, 922, t2=t1+(0, 2)) & (2446, 86, 1020, t3=t2+(0, 11)) -> (2446, 86, 2336, t4=t3+(1, 7))	3	2
(2417, 148, 3435, t1) & (1570, 20, 4410, t2=t1+(0, 3)) & (1570, 84, 3435, t3=t2+(0, 3)) -> (2417, 148, 3435, t4=t3+(1, 6))	3	3
(3028, 56, 937, t1) & (1890, 14, 2865, t2=t1+(0, 6)) & (3028, 114, 2865, t3=t2+(0, 6)) -> (1890, 114, 2865, t4=t3+(1, 10))	3	4
(767, 111, 1132, t1) & (3637, 114, 111, t2=t1+(0, 8)) & (1132, 184, 111, t3=t2+(0, 3)) -> (1132, 114, 111, t4=t3+(1, 4))	3	5
(2038, 52, 4492, t1) & (1556, 115, 60, t2=t1+(0, 6)) & (1556, 6, 4492, t3=t2+(0, 4)) -> (4492, 6, 60, t4=t3+(1, 5))	3	6
(4656, 180, 191, t1) & (1641, 54, 1295, t2=t1+(0, 7)) & (191, 24, 1641, t3=t2+(0, 7)) -> (1295, 180, 1641, t4=t3+(1, 5))	3	7
(1448, 37, 3017, t1) & (1322, 84, 1964, t2=t1+(0, 5)) & (1322, 89, 1448, t3=t2+(0, 7)) -> (1322, 89, 1448, t4=t3+(1, 10))	3	8
(3336, 121, 2976, t1) & (2887, 34, 1541, t2=t1+(0, 8)) & (3336, 112, 2887, t3=t2+(0, 5)) -> (3336, 121, 3336, t4=t3+(1, 2))	3	9
(901, 47, 254, t1) & (3141, 106, 2830, t2=t1+(0, 2)) & (3141, 176, 254, t3=t2+(0, 5)) -> (254, 47, 254, t4=t3+(1, 4))	3	10
(3053, 197, 1774, t1) & (2489, 44, 3962, t2=t1+(0, 2)) & (2489, 157, 1774, t3=t2+(0, 4)) -> (1774, 157, 1774, t4=t3+(1, 4))	3	11
(3995, 187, 2480, t1) & (4968, 22, 2270, t2=t1+(0, 10)) & (2480, 166, 2270, t3=t2+(0, 0)) -> (3995, 187, 2270, t4=t3+(1, 4))	3	12
(4824, 120, 1401, t1) & (2282, 49, 267, t2=t1+(0, 6)) & (4824, 124, 2282, t3=t2+(0, 12)) -> (4824, 49, 4824, t4=t3+(1, 11))	3	13
(2544, 5, 966, t1) & (3108, 43, 1434, t2=t1+(0, 2)) & (3108, 104, 2544, t3=t2+(0, 5)) -> (1434, 43, 3108, t4=t3+(1, 2))	3	14
(1517, 170, 1118, t1) & (4702, 149, 943, t2=t1+(0, 11)) & (1517, 128, 4702, t3=t2+(0, 2)) -> (1517, 170, 1118, t4=t3+(1, 7))	3	15
(3349, 79, 4185, t1) & (379, 67, 1647, t2=t1+(0, 3)) & (3349, 25, 379, t3=t2+(0, 4)) -> (1647, 67, 379, t4=t3+(1, 2))	3	16
(503, 182, 3862, t1) & (1148, 146, 820, t2=t1+(0, 5)) & (820, 16, 503, t3=t2+(0, 2)) -> (3862, 182, 820, t4=t3+(1, 9))	3	17
(37, 88, 848, t1) & (998, 140, 813, t2=t1+(0, 11)) & (998, 167, 37, t3=t2+(0, 1)) -> (998, 167, 998, t4=t3+(1, 6))	3	18
(1583, 116, 4828, t1) & (2497, 120, 969, t2=t1+(0, 5)) & (969, 0, 1583, t3=t2+(0, 4)) -> (4828, 0, 1583, t4=t3+(1, 8))	3	19
(3159, 140, 1689, t1) & (1123, 133, 3072, t2=t1+(0, 5)) & (3159, 128, 1123, t3=t2+(0, 4)) -> (1689, 133, 3159, t4=t3+(1, 4))	3	20
(1187, 80, 1645, t1) & (1759, 16, 4250, t2=t1+(0, 6)) & (4250, 11, 1645, t3=t2+(0, 3)) -> (4250, 16, 4250, t4=t3+(1, 7))	3	21
(2097, 128, 1962, t1) & (3253, 157, 4972, t2=t1+(0, 3)) & (1962, 151, 3253, t3=t2+(0, 6)) -> (1962, 151, 2097, t4=t3+(1, 5))	3	22
(855, 176, 963, t1) & (3516, 85, 1413, t2=t1+(0, 3)) & (1413, 127, 963, t3=t2+(0, 3)) -> (963, 176, 1413, t4=t3+(1, 3))	3	23
(1491, 165, 4849, t1) & (1978, 106, 4836, t2=t1+(0, 8)) & (1978, 109, 4849, t3=t2+(0, 2)) -> (1978, 109, 1978, t4=t3+(1, 1))	3	24
(4844, 191, 3002, t1) & (3702, 54, 4844, t2=t1+(0, 5)) -> (4844, 191, 4844, t3=t2+(1, 7))	2	25
(1290, 180, 3220, t1) & (3220, 31, 1186, t2=t1+(0, 7)) -> (3220, 180, 1290, t3=t2+(1, 4))	2	26
(1352, 141, 684, t1) & (1352, 189, 2496, t2=t1+(0, 7)) -> (684, 141, 684, t3=t2+(1, 6))	2	27
(3379, 170, 2953, t1) & (4998, 64, 3379, t2=t1+(0, 8)) -> (4998, 64, 3379, t3=t2+(1, 5))	2	28
(1014, 50, 3437, t1) & (3868, 30, 1014, t2=t1+(0, 6)) -> (3868, 50, 3437, t3=t2+(1, 3))	2	29
(3522, 100, 4931, t1) & (4109, 156, 3522, t2=t1+(0, 2)) -> (4931, 100, 4931, t3=t2+(1, 5))	2	30
(1963, 120, 1244, t1) & (1244, 32, 502, t2=t1+(0, 11)) -> (1244, 120, 1963, t3=t2+(1, 4))	2	31
(4139, 12, 4041, t1) & (4041, 171, 2097, t2=t1+(0, 5)) -> (4041, 171, 4041, t3=t2+(1, 6))	2	32
(176, 197, 2237, t1) & (176, 148, 176, t2=t1+(0, 10)) -> (176, 148, 2237, t3=t2+(1, 5))	2	33
(4431, 159, 3286, t1) & (4722, 160, 3286, t2=t1+(0, 3)) -> (3286, 160, 3286, t3=t2+(1, 4))	2	34
(2783, 21, 4375, t1) & (4806, 103, 4375, t2=t1+(0, 4)) -> (4375, 103, 4806, t3=t2+(1, 2))	2	35
(1892, 197, 2546, t1) & (2546, 50, 1892, t2=t1+(0, 4)) -> (2546, 197, 2546, t3=t2+(1, 4))	2	36
(1174, 135, 2337, t1) & (1174, 150, 2337, t2=t1+(0, 3)) -> (1174, 150, 1174, t3=t2+(1, 7))	2	37
(2699, 191, 1993, t1) & (1993, 168, 1993, t2=t1+(0, 8)) -> (1993, 168, 1993, t3=t2+(1, 4))	2	38
(1672, 119, 3335, t1) & (1672, 16, 3335, t2=t1+(0, 5)) -> (1672, 16, 1672, t3=t2+(1, 5))	2	39
(3087, 62, 2512, t1) & (355, 152, 2512, t2=t1+(0, 8)) -> (2512, 62, 2512, t3=t2+(1, 4))	2	40
(2016, 11, 158, t1) & (2016, 182, 2947, t2=t1+(0, 7)) -> (158, 11, 2947, t3=t2+(1, 2))	2	41
(3150, 58, 132, t1) & (132, 113, 132, t2=t1+(0, 6)) -> (3150, 58, 3150, t3=t2+(1, 6))	2	42
(4253, 16, 2050, t1) & (4410, 147, 4253, t2=t1+(0, 7)) -> (2050, 147, 4253, t3=t2+(1, 3))	2	43
(4165, 193, 1531, t1) & (4969, 140, 4165, t2=t1+(0, 7)) -> (4165, 140, 4165, t3=t2+(1, 4))	2	44
(3029, 194, 362, t1) & (3398, 11, 362, t2=t1+(0, 4)) -> (3398, 194, 3398, t3=t2+(1, 7))	2	45
(2325, 81, 1801, t1) & (1801, 140, 2597, t2=t1+(0, 2)) -> (2325, 140, 2597, t3=t2+(1, 3))	2	46
(4889, 118, 1131, t1) & (4889, 87, 4889, t2=t1+(0, 5)) -> (1131, 87, 4889, t3=t2+(1, 4))	2	47
(459, 163, 2407, t1) & (1584, 59, 459, t2=t1+(0, 4)) -> (459, 163, 1584, t3=t2+(1, 5))	2	48
(1614, 46, 1899, t1) & (1444, 147, 1614, t2=t1+(0, 7)) -> (1614, 147, 1899, t3=t2+(1, 4))	2	49
(3553, 14, 4421, t1) & (2173, 108, 3553, t2=t1+(0, 5)) -> (2173, 14, 3553, t3=t2+(1, 7))	2	50
(2643, 26, 1106, t1) & (676, 48, 1106, t2=t1+(0, 5)) -> (1106, 48, 676, t3=t2+(1, 3))	2	51
(2826, 69, 886, t1) & (2826, 125, 4874, t2=t1+(0, 5)) -> (2826, 125, 4874, t3=t2+(1, 6))	2	52
(4252, 50, 2525, t1) & (2525, 100, 420, t2=t1+(0, 6)) -> (2525, 50, 2525, t3=t2+(1, 4))	2	53
(2532, 110, 489, t1) & (2532, 135, 2532, t2=t1+(0, 2)) -> (489, 135, 2532, t3=t2+(1, 6))	2	54
(2156, 76, 3982, t1) & (2156, 137, 1061, t2=t1+(0, 6)) -> (3982, 76, 3982, t3=t2+(1, 5))	2	55
(2137, 14, 3860, t1) & (1789, 167, 2137, t2=t1+(0, 6)) -> (1789, 167, 1789, t3=t2+(1, 6))	2	56
(1200, 152, 4546, t1) & (4546, 148, 4546, t2=t1+(0, 2)) -> (4546, 152, 4546, t3=t2+(1, 3))	2	57
(369, 77, 1309, t1) & (369, 127, 3749, t2=t1+(0, 8)) -> (1309, 77, 369, t3=t2+(1, 1))	2	58
(3532, 19, 4411, t1) & (3532, 138, 3532, t2=t1+(0, 5)) -> (4411, 19, 4411, t3=t2+(1, 4))	2	59
(4405, 184, 3707, t1) & (4405, 110, 4825, t2=t1+(0, 3)) -> (4405, 184, 4405, t3=t2+(1, 4))	2	60
(1743, 3, 3622, t1) & (3622, 22, 807, t2=t1+(0, 4)) -> (3622, 3, 3622, t3=t2+(1, 5))	2	61
(753, 184, 4547, t1) & (753, 128, 3143, t2=t1+(0, 1)) -> (4547, 184, 753, t3=t2+(1, 2))	2	62
(4971, 1, 1788, t1) & (4793, 15, 1788, t2=t1+(0, 3)) -> (1788, 1, 1788, t3=t2+(1, 5))	2	63
(934, 74, 768, t1) & (768, 44, 768, t2=t1+(0, 2)) -> (768, 74, 768, t3=t2+(1, 8))	2	64
(1051, 168, 1862, t1) & (2620, 42, 1051, t2=t1+(0, 4)) -> (1051, 42, 1051, t3=t2+(1, 6))	2	65
(4818, 82, 2432, t1) & (2432, 72, 2432, t2=t1+(0, 7)) -> (2432, 72, 4818, t3=t2+(1, 7))	2	66
(1936, 6, 6, t1) & (6, 122, 4860, t2=t1+(0, 4)) -> (6, 6, 6, t3=t2+(1, 3))	2	67
(3309, 129, 3439, t1) & (1134, 90, 3439, t2=t1+(0, 10)) -> (3439, 90, 3309, t3=t2+(1, 3))	2	68
(1695, 171, 132, t1) & (3202, 136, 132, t2=t1+(0, 3)) -> (132, 136, 3202, t3=t2+(1, 7))	2	69
(3570, 67, 3767, t1) & (3767, 126, 3570, t2=t1+(0, 4)) -> (3570, 126, 3767, t3=t2+(1, 6))	2	70
(104, 154, 4055, t1) & (4055, 49, 2223, t2=t1+(0, 6)) -> (4055, 49, 2223, t3=t2+(1, 4))	2	71
(2063, 72, 4026, t1) & (2063, 58, 4090, t2=t1+(0, 9)) -> (4026, 58, 2063, t3=t2+(1, 7))	2	72
(1015, 155, 4473, t1) & (1015, 106, 1015, t2=t1+(0, 4)) -> (1015, 155, 1015, t3=t2+(1, 3))	2	73
(1438, 59, 1247, t1) & (1376, 184, 1247, t2=t1+(0, 4)) -> (1247, 184, 1376, t3=t2+(1, 8))	2	74
(1629, 158, 721, t1) & (1629, 112, 1629, t2=t1+(0, 4)) -> (721, 158, 721, t3=t2+(1, 3))	2	75
(4221, 172, 3781, t1) & (3781, 86, 3781, t2=t1+(0, 2)) -> (4221, 86, 4221, t3=t2+(1, 8))	2	76
(1390, 80, 694, t1) & (1390, 9, 694, t2=t1+(0, 9)) -> (1390, 9, 694, t3=t2+(1, 5))	2	77
(1600, 28, 4858, t1) & (1600, 150, 4858, t2=t1+(0, 7)) -> (1600, 150, 4858, t3=t2+(1, 4))	2	78
(213, 115, 3318, t1) & (3318, 179, 213, t2=t1+(0, 5)) -> (213, 179, 213, t3=t2+(1, 7))	2	79
(2388, 195, 1602, t1) & (1602, 97, 3551, t2=t1+(0, 5)) -> (1602, 97, 1602, t3=t2+(1, 9))	2	80
(4378, 183, 3886, t1) & (4378, 20, 4378, t2=t1+(0, 4)) -> (4378, 183, 4378, t3=t2+(1, 7))	2	81
(904, 134, 1202, t1) & (1202, 102, 904, t2=t1+(0, 10)) -> (1202, 102, 904, t3=t2+(1, 3))	2	82
(3350, 4, 3324, t1) & (3324, 84, 3350, t2=t1+(0, 4)) -> (3350, 84, 3324, t3=t2+(1, 6))	2	83
(962, 128, 1449, t1) & (2642, 174, 962, t2=t1+(0, 5)) -> (1449, 128, 962, t3=t2+(1, 2))	2	84
(505, 123, 4292, t1) & (4292, 177, 4292, t2=t1+(0, 3)) -> (505, 123, 4292, t3=t2+(1, 4))	2	85
(2066, 0, 2506, t1) & (4909, 47, 2506, t2=t1+(0, 3)) -> (2506, 47, 2506, t3=t2+(1, 3))	2	86
(1050, 31, 626, t1) & (2612, 150, 1050, t2=t1+(0, 5)) -> (626, 150, 626, t3=t2+(1, 4))	2	87
(3472, 95, 1143, t1) & (3472, 13, 3472, t2=t1+(0, 9)) -> (3472, 13, 3472, t3=t2+(1, 8))	2	88
(467, 195, 4922, t1) & (467, 192, 1165, t2=t1+(0, 10)) -> (1165, 195, 467, t3=t2+(1, 6))	2	89
(964, 18, 1805, t1) & (964, 19, 4629, t2=t1+(0, 7)) -> (964, 18, 964, t3=t2+(1, 9))	2	90
(237, 168, 1783, t1) & (237, 159, 1783, t2=t1+(0, 2)) -> (1783, 168, 237, t3=t2+(1, 9))	2	91
(4261, 133, 1773, t1) & (4261, 165, 1773, t2=t1+(0, 4)) -> (1773, 165, 1773, t3=t2+(1, 9))	2	92
(1754, 136, 2897, t1) & (1212, 184, 1754, t2=t1+(0, 5)) -> (1754, 184, 2897, t3=t2+(1, 7))	2	93
(4095, 192, 317, t1) & (4095, 34, 4095, t2=t1+(0, 4)) -> (4095, 192, 4095, t3=t2+(1, 7))	2	94
(2768, 45, 2861, t1) & (635, 163, 2861, t2=t1+(0, 6)) -> (2861, 45, 2861, t3=t2+(1, 4))	2	95
(4659, 82, 2384, t1) & (2384, 122, 3178, t2=t1+(0, 0)) -> (2384, 82, 2384, t3=t2+(1, 4))	2	96
(2551, 35, 3115, t1) & (574, 96, 2551, t2=t1+(0, 2)) -> (3115, 35, 574, t3=t2+(1, 7))	2	97
(3122, 165, 264, t1) & (520, 93, 3122, t2=t1+(0, 7)) -> (264, 165, 3122, t3=t2+(1, 2))	2	98
(3323, 156, 541, t1) & (3323, 70, 541, t2=t1+(0, 7)) -> (3323, 156, 541, t3=t2+(1, 5))	2	99
(1889, 50, 1040, t1) & (1040, 43, 97, t2=t1+(0, 5)) -> (1889, 43, 97, t3=t2+(1, 6))	2	100
(2409, 194, 2924, t1) & (1485, 130, 2409, t2=t1+(0, 4)) -> (2924, 194, 1485, t3=t2+(1, 3))	2	101
(117, 95, 4682, t1) & (117, 69, 117, t2=t1+(0, 6)) -> (117, 69, 117, t3=t2+(1, 7))	2	102
(1997, 152, 3790, t1) & (3377, 124, 3790, t2=t1+(0, 5)) -> (1997, 152, 3790, t3=t2+(1, 5))	2	103
(4026, 194, 1620, t1) & (4026, 142, 1620, t2=t1+(0, 4)) -> (4026, 194, 1620, t3=t2+(1, 6))	2	104
(3486, 25, 2322, t1) & (4611, 5, 3486, t2=t1+(0, 5)) -> (3486, 25, 3486, t3=t2+(1, 5))	2	105
(3561, 175, 4429, t1) & (4506, 98, 3561, t2=t1+(0, 7)) -> (4506, 98, 3561, t3=t2+(1, 3))	2	106
(3871, 27, 2293, t1) & (2293, 85, 2265, t2=t1+(0, 5)) -> (2293, 85, 2293, t3=t2+(1, 7))	2	107
(193, 127, 4853, t1) & (4853, 167, 193, t2=t1+(0, 3)) -> (193, 127, 4853, t3=t2+(1, 6))	2	108
(76, 64, 3631, t1) & (76, 12, 3463, t2=t1+(0, 6)) -> (3631, 12, 3463, t3=t2+(1, 6))	2	109
(3394, 124, 4941, t1) & (4941, 106, 4835, t2=t1+(0, 5)) -> (4835, 124, 4941, t3=t2+(1, 4))	2	110
(3834, 61, 432, t1) & (432, 109, 432, t2=t1+(0, 9)) -> (432, 61, 432, t3=t2+(1, 5))	2	111
(2669, 62, 4816, t1) & (2502, 26, 4816, t2=t1+(0, 9)) -> (4816, 26, 4816, t3=t2+(1, 6))	2	112
(3351, 117, 3007, t1) & (3007, 149, 3007, t2=t1+(0, 4)) -> (3007, 149, 3007, t3=t2+(1, 3))	2	113
(597, 30, 2122, t1) & (2122, 30, 2122, t2=t1+(0, 6)) -> (2122, 30, 2122, t3=t2+(1, 8))	2	114
(3919, 175, 3287, t1) & (3919, 126, 4102, t2=t1+(0, 4)) -> (4102, 126, 3919, t3=t2+(1, 6))	2	115
(4519, 100, 4844, t1) & (4519, 136, 630, t2=t1+(0, 5)) -> (4844, 100, 4519, t3=t2+(1, 4))	2	116
(683, 13, 2948, t1) & (2948, 58, 683, t2=t1+(0, 10)) -> (2948, 58, 683, t3=t2+(1, 6))	2	117
(2507, 109, 3375, t1) & (4480, 17, 3375, t2=t1+(0, 1)) -> (3375, 17, 3375, t3=t2+(1, 4))	2	118
(3418, 125, 490, t1) & (3418, 90, 3652, t2=t1+(0, 2)) -> (3418, 90, 3418, t3=t2+(1, 4))	2	119
(3322, 42, 2574, t1) & (2574, 137, 202, t2=t1+(0, 8)) -> (2574, 42, 2574, t3=t2+(1, 1))	2	120
(2762, 33, 2291, t1) & (2762, 37, 2762, t2=t1+(0, 6)) -> (2762, 33, 2762, t3=t2+(1, 4))	2	121
(3390, 39, 392, t1) & (3390, 193, 3390, t2=t1+(0, 9)) -> (3390, 193, 392, t3=t2+(1, 2))	2	122
(3958, 182, 1576, t1) & (2703, 189, 1576, t2=t1+(0, 5)) -> (1576, 189, 2703, t3=t2+(1, 4))	2	123
(2948, 183, 2288, t1) & (2288, 166, 2948, t2=t1+(0, 4)) -> (2288, 183, 2948, t3=t2+(1, 5))	2	124
(1138, 146, 2289, t1) -> (1138, 146, 1138, t2=t1+(1, 4))	1	125
(4070, 114, 1599, t1) -> (4070, 114, 1599, t2=t1+(1, 6))	1	126
(265, 15, 2823, t1) -> (2823, 15, 265, t2=t1+(1, 5))	1	127
(2524, 185, 4954, t1) -> (2524, 185, 2524, t2=t1+(1, 9))	1	128
(4891, 30, 4012, t1) -> (4012, 30, 4012, t2=t1+(1, 7))	1	129
(3966, 197, 1578, t1) -> (1578, 197, 1578, t2=t1+(1, 6))	1	130
(942, 81, 4799, t1) -> (4799, 81, 4799, t2=t1+(1, 6))	1	131
(985, 50, 4904, t1) -> (4904, 50, 4904, t2=t1+(1, 7))	1	132
(4685, 101, 2024, t1) -> (4685, 101, 2024, t2=t1+(1, 2))	1	133
(1076, 3, 1564, t1) -> (1564, 3, 1076, t2=t1+(1, 7))	1	134
(153, 126, 3532, t1) -> (153, 126, 153, t2=t1+(1, 8))	1	135
(101, 96, 1196, t1) -> (101, 96, 101, t2=t1+(1, 2))	1	136
(4033, 160, 4552, t1) -> (4552, 160, 4033, t2=t1+(1, 10))	1	137
(1099, 12, 1419, t1) -> (1419, 12, 1419, t2=t1+(1, 4))	1	138
(2030, 194, 1715, t1) -> (2030, 194, 2030, t2=t1+(1, 3))	1	139
(3393, 181, 1519, t1) -> (1519, 181, 1519, t2=t1+(1, 1))	1	140
(1669, 122, 1748, t1) -> (1669, 122, 1748, t2=t1+(1, 5))	1	141
(3257, 45, 1275, t1) -> (3257, 45, 1275, t2=t1+(1, 5))	1	142
(3903, 84, 4251, t1) -> (4251, 84, 3903, t2=t1+(1, 5))	1	143
(3628, 100, 1607, t1) -> (1607, 100, 1607, t2=t1+(1, 5))	1	144
(4763, 0, 4563, t1) -> (4763, 0, 4563, t2=t1+(1, 5))	1	145
(1054, 138, 3097, t1) -> (1054, 138, 3097, t2=t1+(1, 4))	1	146
(4396, 189, 2830, t1) -> (4396, 189, 2830, t2=t1+(1, 7))	1	147
(161, 182, 2122, t1) -> (2122, 182, 161, t2=t1+(1, 4))	1	148
(4843, 86, 4387, t1) -> (4843, 86, 4843, t2=t1+(1, 5))	1	149
(785, 37, 2989, t1) -> (2989, 37, 2989, t2=t1+(1, 4))	1	150
(2099, 117, 2294, t1) -> (2294, 117, 2099, t2=t1+(1, 3))	1	151
(4490, 54, 2063, t1) -> (2063, 54, 4490, t2=t1+(1, 4))	1	152
(3797, 149, 1262, t1) -> (1262, 149, 3797, t2=t1+(1, 5))	1	153
(2964, 176, 3052, t1) -> (3052, 176, 2964, t2=t1+(1, 8))	1	154
(2809, 155, 4871, t1) -> (2809, 155, 4871, t2=t1+(1, 4))	1	155
(307, 109, 869, t1) -> (869, 109, 869, t2=t1+(1, 6))	1	156
(2203, 89, 4786, t1) -> (2203, 89, 4786, t2=t1+(1, 6))	1	157
(2346, 11, 4211, t1) -> (2346, 11, 2346, t2=t1+(1, 4))	1	158
(3390, 55, 1064, t1) -> (1064, 55, 3390, t2=t1+(1, 6))	1	159
(2389, 137, 1797, t1) -> (2389, 137, 1797, t2=t1+(1, 7))	1	160
(404, 42, 4136, t1) -> (4136, 42, 4136, t2=t1+(1, 4))	1	161
(3954, 102, 774, t1) -> (3954, 102, 774, t2=t1+(1, 3))	1	162
(1646, 143, 2308, t1) -> (1646, 143, 1646, t2=t1+(1, 4))	1	163
(1906, 36, 1154, t1) -> (1906, 36, 1906, t2=t1+(1, 4))	1	164
(3161, 33, 4699, t1) -> (3161, 33, 3161, t2=t1+(1, 5))	1	165
(4850, 106, 2376, t1) -> (4850, 106, 4850, t2=t1+(1, 2))	1	166
(2504, 66, 1178, t1) -> (1178, 66, 1178, t2=t1+(1, 7))	1	167
(1728, 129, 2736, t1) -> (2736, 129, 2736, t2=t1+(1, 6))	1	168
(3594, 68, 2119, t1) -> (2119, 68, 2119, t2=t1+(1, 1))	1	169
(2022, 167, 1665, t1) -> (1665, 167, 2022, t2=t1+(1, 3))	1	170
(4312, 86, 2342, t1) -> (4312, 86, 2342, t2=t1+(1, 5))	1	171
(4567, 10, 4615, t1) -> (4615, 10, 4567, t2=t1+(1, 3))	1	172
(2049, 76, 2331, t1) -> (2049, 76, 2049, t2=t1+(1, 4))	1	173
(2735, 96, 266, t1) -> (266, 96, 266, t2=t1+(1, 3))	1	174
(4693, 157, 3396, t1) -> (4693, 157, 4693, t2=t1+(1, 9))	1	175
(2278, 22, 1468, t1) -> (2278, 22, 1468, t2=t1+(1, 6))	1	176
(4481, 21, 1305, t1) -> (4481, 21, 1305, t2=t1+(1, 4))	1	177
(31, 143, 4734, t1) -> (4734, 143, 4734, t2=t1+(1, 2))	1	178
(3903, 136, 356, t1) -> (356, 136, 3903, t2=t1+(1, 6))	1	179
(1265, 199, 3928, t1) -> (1265, 199, 1265, t2=t1+(1, 4))	1	180
(4427, 198, 3741, t1) -> (3741, 198, 4427, t2=t1+(1, 5))	1	181
(4688, 48, 4289, t1) -> (4688, 48, 4688, t2=t1+(1, 8))	1	182
(2151, 96, 1508, t1) -> (2151, 96, 1508, t2=t1+(1, 6))	1	183
(3853, 125, 1093, t1) -> (1093, 125, 3853, t2=t1+(1, 7))	1	184
(3606, 20, 951, t1) -> (3606, 20, 3606, t2=t1+(1, 2))	1	185
(408, 190, 2963, t1) -> (2963, 190, 408, t2=t1+(1, 3))	1	186
(235, 73, 1443, t1) -> (235, 73, 235, t2=t1+(1, 9))	1	187
(4880, 50, 3753, t1) -> (3753, 50, 3753, t2=t1+(1, 8))	1	188
(3664, 135, 1450, t1) -> (3664, 135, 1450, t2=t1+(1, 7))	1	189
(1666, 187, 1162, t1) -> (1666, 187, 1162, t2=t1+(1, 3))	1	190
(3108, 40, 2797, t1) -> (2797, 40, 2797, t2=t1+(1, 7))	1	191
(2276, 28, 4231, t1) -> (4231, 28, 2276, t2=t1+(1, 9))	1	192
(1416, 139, 628, t1) -> (628, 139, 628, t2=t1+(1, 10))	1	193
(1614, 164, 4140, t1) -> (4140, 164, 1614, t2=t1+(1, 6))	1	194
(4094, 167, 3557, t1) -> (3557, 167, 3557, t2=t1+(1, 7))	1	195
(3377, 19, 1883, t1) -> (1883, 19, 1883, t2=t1+(1, 6))	1	196
(463, 78, 1483, t1) -> (1483, 78, 463, t2=t1+(1, 8))	1	197
(3266, 108, 3599, t1) -> (3266, 108, 3266, t2=t1+(1, 5))	1	198
(2926, 49, 1085, t1) -> (2926, 49, 2926, t2=t1+(1, 4))	1	199
(3460, 89, 1812, t1) -> (1812, 89, 1812, t2=t1+(1, 7))	1	200
(941, 44, 3824, t1) -> (941, 44, 3824, t2=t1+(1, 6))	1	201
(2819, 178, 2705, t1) -> (2819, 178, 2819, t2=t1+(1, 6))	1	202
(1787, 28, 3088, t1) -> (1787, 28, 3088, t2=t1+(1, 1))	1	203
(356, 19, 2015, t1) -> (2015, 19, 356, t2=t1+(1, 3))	1	204
(4508, 183, 2673, t1) -> (2673, 183, 4508, t2=t1+(1, 8))	1	205
(2250, 12, 4351, t1) -> (4351, 12, 4351, t2=t1+(1, 4))	1	206
(4128, 94, 3945, t1) -> (3945, 94, 3945, t2=t1+(1, 3))	1	207
(4965, 127, 600, t1) -> (4965, 127, 600, t2=t1+(1, 2))	1	208
(4876, 188, 3925, t1) -> (3925, 188, 4876, t2=t1+(1, 2))	1	209
(1357, 122, 4388, t1) -> (4388, 122, 4388, t2=t1+(1, 5))	1	210
(3860, 0, 1088, t1) -> (1088, 0, 1088, t2=t1+(1, 9))	1	211
(2387, 64, 4087, t1) -> (4087, 64, 4087, t2=t1+(1, 4))	1	212
(562, 24, 3948, t1) -> (3948, 24, 562, t2=t1+(1, 3))	1	213
(4812, 42, 2729, t1) -> (2729, 42, 2729, t2=t1+(1, 3))	1	214
(2129, 15, 2358, t1) -> (2129, 15, 2129, t2=t1+(1, 3))	1	215
(2571, 179, 3493, t1) -> (2571, 179, 3493, t2=t1+(1, 6))	1	216
(3926, 109, 1419, t1) -> (3926, 109, 3926, t2=t1+(1, 5))	1	217
(3369, 158, 1125, t1) -> (1125, 158, 3369, t2=t1+(1, 4))	1	218
(60, 154, 660, t1) -> (60, 154, 60, t2=t1+(1, 7))	1	219
(247, 102, 3669, t1) -> (3669, 102, 3669, t2=t1+(1, 5))	1	220
(618, 41, 1001, t1) -> (618, 41, 618, t2=t1+(1, 3))	1	221
(1567, 23, 875, t1) -> (875, 23, 875, t2=t1+(1, 6))	1	222
(2194, 145, 3136, t1) -> (2194, 145, 2194, t2=t1+(1, 4))	1	223
(832, 82, 3068, t1) -> (3068, 82, 3068, t2=t1+(1, 3))	1	224
(4105, 153, 466, t1) -> (4105, 153, 466, t2=t1+(1, 2))	1	225
(2331, 63, 419, t1) -> (2331, 63, 419, t2=t1+(1, 6))	1	226
(1314, 140, 1356, t1) -> (1314, 140, 1356, t2=t1+(1, 11))	1	227
(3910, 187, 1200, t1) -> (1200, 187, 3910, t2=t1+(1, 4))	1	228
(4345, 53, 687, t1) -> (4345, 53, 687, t2=t1+(1, 5))	1	229
(3758, 114, 4847, t1) -> (4847, 114, 3758, t2=t1+(1, 3))	1	230
(4932, 113, 3523, t1) -> (4932, 113, 4932, t2=t1+(1, 9))	1	231
(2451, 175, 532, t1) -> (2451, 175, 532, t2=t1+(1, 4))	1	232
(4063, 147, 4483, t1) -> (4483, 147, 4063, t2=t1+(1, 6))	1	233
(2762, 147, 4125, t1) -> (4125, 147, 4125, t2=t1+(1, 5))	1	234
(2593, 35, 1638, t1) -> (1638, 35, 1638, t2=t1+(1, 6))	1	235
(4522, 170, 4365, t1) -> (4365, 170, 4522, t2=t1+(1, 3))	1	236
(4166, 10, 108, t1) -> (108, 10, 108, t2=t1+(1, 5))	1	237
(4679, 19, 2005, t1) -> (2005, 19, 2005, t2=t1+(1, 7))	1	238
(2756, 143, 4044, t1) -> (4044, 143, 4044, t2=t1+(1, 5))	1	239
(2963, 185, 2982, t1) -> (2963, 185, 2982, t2=t1+(1, 3))	1	240
(4321, 148, 1247, t1) -> (4321, 148, 1247, t2=t1+(1, 1))	1	241
(3061, 41, 894, t1) -> (894, 41, 894, t2=t1+(1, 9))	1	242
(4637, 121, 2169, t1) -> (4637, 121, 2169, t2=t1+(1, 5))	1	243
(4372, 155, 4255, t1) -> (4255, 155, 4255, t2=t1+(1, 1))	1	244
(3291, 54, 322, t1) -> (322, 54, 322, t2=t1+(1, 6))	1	245
(301, 199, 1522, t1) -> (301, 199, 1522, t2=t1+(1, 3))	1	246
(3921, 131, 907, t1) -> (3921, 131, 907, t2=t1+(1, 5))	1	247
(4333, 160, 2262, t1) -> (2262, 160, 4333, t2=t1+(1, 4))	1	248
(1054, 99, 4995, t1) -> (1054, 99, 1054, t2=t1+(1, 3))	1	249
(2201, 28, 3794, t1) -> (2201, 28, 2201, t2=t1+(1, 3))	1	250
(2208, 181, 3633, t1) -> (3633, 181, 2208, t2=t1+(1, 8))	1	251
(3293, 53, 132, t1) -> (3293, 53, 3293, t2=t1+(1, 3))	1	252
(1033, 192, 2450, t1) -> (1033, 192, 1033, t2=t1+(1, 7))	1	253
(256, 182, 604, t1) -> (604, 182, 604, t2=t1+(1, 5))	1	254
(3761, 163, 3058, t1) -> (3761, 163, 3761, t2=t1+(1, 5))	1	255
(201, 57, 2477, t1) -> (201, 57, 2477, t2=t1+(1, 6))	1	256
(368, 167, 96, t1) -> (368, 167, 96, t2=t1+(1, 4))	1	257
(2987, 120, 910, t1) -> (910, 120, 2987, t2=t1+(1, 7))	1	258
(4385, 17, 4968, t1) -> (4968, 17, 4385, t2=t1+(1, 4))	1	259
(3895, 30, 819, t1) -> (3895, 30, 819, t2=t1+(1, 5))	1	260
(1532, 72, 3957, t1) -> (1532, 72, 3957, t2=t1+(1, 4))	1	261
(2568, 38, 1978, t1) -> (2568, 38, 2568, t2=t1+(1, 5))	1	262
(3434, 1, 1527, t1) -> (1527, 1, 1527, t2=t1+(1, 6))	1	263
(3696, 41, 1835, t1) -> (3696, 41, 1835, t2=t1+(1, 2))	1	264
(1586, 145, 2818, t1) -> (2818, 145, 1586, t2=t1+(1, 1))	1	265
(1765, 111, 271, t1) -> (271, 111, 271, t2=t1+(1, 4))	1	266
(1988, 156, 2782, t1) -> (2782, 156, 1988, t2=t1+(1, 4))	1	267
(4334, 87, 987, t1) -> (987, 87, 987, t2=t1+(1, 4))	1	268
(1667, 144, 2814, t1) -> (2814, 144, 2814, t2=t1+(1, 7))	1	269
(3407, 65, 1715, t1) -> (3407, 65, 1715, t2=t1+(1, 4))	1	270
(2186, 95, 3067, t1) -> (3067, 95, 3067, t2=t1+(1, 6))	1	271
(2336, 152, 3714, t1) -> (2336, 152, 2336, t2=t1+(1, 3))	1	272
(1577, 58, 3849, t1) -> (3849, 58, 3849, t2=t1+(1, 8))	1	273
(2443, 88, 2692, t1) -> (2692, 88, 2692, t2=t1+(1, 7))	1	274
(4783, 181, 4937, t1) -> (4783, 181, 4937, t2=t1+(1, 9))	1	275
(4969, 45, 4538, t1) -> (4538, 45, 4969, t2=t1+(1, 5))	1	276
(3344, 168, 3402, t1) -> (3402, 168, 3402, t2=t1+(1, 5))	1	277
(1745, 102, 821, t1) -> (821, 102, 1745, t2=t1+(1, 3))	1	278
(2994, 66, 1020, t1) -> (1020, 66, 2994, t2=t1+(1, 4))	1	279
(4224, 156, 4406, t1) -> (4406, 156, 4406, t2=t1+(1, 7))	1	280
(2526, 34, 1923, t1) -> (2526, 34, 1923, t2=t1+(1, 2))	1	281
(4467, 74, 3964, t1) -> (3964, 74, 3964, t2=t1+(1, 9))	1	282
(2613, 19, 3066, t1) -> (2613, 19, 3066, t2=t1+(1, 7))	1	283
(2781, 175, 3248, t1) -> (3248, 175, 2781, t2=t1+(1, 6))	1	284
(2508, 113, 4695, t1) -> (2508, 113, 4695, t2=t1+(1, 6))	1	285
(1901, 16, 213, t1) -> (1901, 16, 1901, t2=t1+(1, 5))	1	286
(1060, 129, 115, t1) -> (1060, 129, 115, t2=t1+(1, 2))	1	287
(787, 22, 3680, t1) -> (787, 22, 787, t2=t1+(1, 7))	1	288
(4419, 173, 1393, t1) -> (1393, 173, 4419, t2=t1+(1, 9))	1	289
(1116, 66, 1767, t1) -> (1767, 66, 1116, t2=t1+(1, 4))	1	290
(700, 107, 4268, t1) -> (700, 107, 700, t2=t1+(1, 4))	1	291
(3029, 132, 4881, t1) -> (3029, 132, 3029, t2=t1+(1, 3))	1	292
(2302, 25, 2142, t1) -> (2142, 25, 2142, t2=t1+(1, 4))	1	293
(4972, 111, 1058, t1) -> (4972, 111, 1058, t2=t1+(1, 3))	1	294
(3792, 162, 1899, t1) -> (3792, 162, 3792, t2=t1+(1, 3))	1	295
(251, 68, 3245, t1) -> (3245, 68, 3245, t2=t1+(1, 9))	1	296
(2744, 113, 3608, t1) -> (2744, 113, 3608, t2=t1+(1, 7))	1	297
(1097, 41, 3475, t1) -> (1097, 41, 1097, t2=t1+(1, 8))	1	298
(1494, 151, 31, t1) -> (1494, 151, 1494, t2=t1+(1, 2))	1	299
(4244, 28, 3972, t1) -> (4244, 28, 3972, t2=t1+(1, 9))	1	300
(1533, 16, 217, t1) -> (217, 16, 1533, t2=t1+(1, 5))	1	301
(4630, 185, 1152, t1) -> (4630, 185, 4630, t2=t1+(1, 4))	1	302
(4376, 138, 4871, t1) -> (4871, 138, 4871, t2=t1+(1, 4))	1	303
(48, 128, 3151, t1) -> (3151, 128, 3151, t2=t1+(1, 5))	1	304
(4960, 75, 3049, t1) -> (4960, 75, 3049, t2=t1+(1, 8))	1	305
(4876, 56, 1536, t1) -> (4876, 56, 1536, t2=t1+(1, 5))	1	306
(3257, 131, 3314, t1) -> (3314, 131, 3257, t2=t1+(1, 2))	1	307
(1213, 169, 827, t1) -> (1213, 169, 1213, t2=t1+(1, 5))	1	308
(1587, 18, 2244, t1) -> (2244, 18, 1587, t2=t1+(1, 5))	1	309
(3277, 65, 4501, t1) -> (4501, 65, 4501, t2=t1+(1, 6))	1	310
(688, 42, 3299, t1) -> (688, 42, 3299, t2=t1+(1, 4))	1	311
(4824, 145, 1419, t1) -> (1419, 145, 1419, t2=t1+(1, 5))	1	312
(2697, 91, 644, t1) -> (2697, 91, 2697, t2=t1+(1, 3))	1	313
(1466, 104, 532, t1) -> (532, 104, 532, t2=t1+(1, 5))	1	314
(4528, 73, 454, t1) -> (4528, 73, 4528, t2=t1+(1, 3))	1	315
(3244, 148, 4255, t1) -> (3244, 148, 3244, t2=t1+(1, 3))	1	316
(2570, 169, 3975, t1) -> (3975, 169, 3975, t2=t1+(1, 10))	1	317
(1630, 23, 1694, t1) -> (1630, 23, 1630, t2=t1+(1, 5))	1	318
(4000, 17, 1411, t1) -> (4000, 17, 4000, t2=t1+(1, 7))	1	319
(482, 195, 691, t1) -> (691, 195, 482, t2=t1+(1, 7))	1	320
(2297, 79, 3330, t1) -> (2297, 79, 3330, t2=t1+(1, 6))	1	321
(988, 74, 3214, t1) -> (3214, 74, 988, t2=t1+(1, 2))	1	322
(1315, 74, 108, t1) -> (1315, 74, 108, t2=t1+(1, 5))	1	323
(4709, 183, 4310, t1) -> (4310, 183, 4310, t2=t1+(1, 6))	1	324
(1708, 74, 3109, t1) -> (3109, 74, 1708, t2=t1+(1, 5))	1	325
(2668, 157, 3558, t1) -> (2668, 157, 2668, t2=t1+(1, 6))	1	326
(4890, 163, 1300, t1) -> (4890, 163, 4890, t2=t1+(1, 7))	1	327
(4982, 4, 1999, t1) -> (4982, 4, 1999, t2=t1+(1, 3))	1	328
(3002, 67, 2265, t1) -> (2265, 67, 3002, t2=t1+(1, 9))	1	329
(2013, 169, 4372, t1) -> (4372, 169, 2013, t2=t1+(1, 6))	1	330
(1531, 95, 1946, t1) -> (1946, 95, 1946, t2=t1+(1, 8))	1	331
(3517, 30, 2164, t1) -> (3517, 30, 3517, t2=t1+(1, 3))	1	332
(4940, 121, 1128, t1) -> (4940, 121, 4940, t2=t1+(1, 5))	1	333
(1976, 55, 4963, t1) -> (1976, 55, 1976, t2=t1+(1, 5))	1	334
(3858, 80, 3988, t1) -> (3988, 80, 3988, t2=t1+(1, 7))	1	335
(1351, 126, 2099, t1) -> (2099, 126, 1351, t2=t1+(1, 2))	1	336
(2686, 190, 1331, t1) -> (1331, 190, 2686, t2=t1+(1, 6))	1	337
(2369, 31, 2357, t1) -> (2369, 31, 2357, t2=t1+(1, 4))	1	338
(152, 39, 4989, t1) -> (152, 39, 152, t2=t1+(1, 6))	1	339
(4305, 156, 3221, t1) -> (3221, 156, 4305, t2=t1+(1, 4))	1	340
(725, 120, 410, t1) -> (725, 120, 725, t2=t1+(1, 3))	1	341
(3449, 144, 386, t1) -> (386, 144, 3449, t2=t1+(1, 5))	1	342
(3704, 58, 701, t1) -> (701, 58, 701, t2=t1+(1, 3))	1	343
(1792, 83, 581, t1) -> (581, 83, 1792, t2=t1+(1, 6))	1	344
(3102, 151, 1657, t1) -> (1657, 151, 3102, t2=t1+(1, 4))	1	345
(2149, 32, 979, t1) -> (2149, 32, 979, t2=t1+(1, 10))	1	346
(4055, 31, 2273, t1) -> (4055, 31, 4055, t2=t1+(1, 5))	1	347
(4088, 159, 1800, t1) -> (1800, 159, 1800, t2=t1+(1, 5))	1	348
(3660, 167, 13, t1) -> (3660, 167, 3660, t2=t1+(1, 4))	1	349
(2773, 171, 3303, t1) -> (2773, 171, 3303, t2=t1+(1, 3))	1	350
(1037, 110, 4716, t1) -> (4716, 110, 4716, t2=t1+(1, 5))	1	351
(1576, 181, 597, t1) -> (1576, 181, 597, t2=t1+(1, 2))	1	352
(3968, 139, 3691, t1) -> (3968, 139, 3968, t2=t1+(1, 2))	1	353
(4451, 129, 2803, t1) -> (4451, 129, 2803, t2=t1+(1, 3))	1	354
(2272, 130, 1138, t1) -> (1138, 130, 2272, t2=t1+(1, 8))	1	355
(1423, 178, 4274, t1) -> (1423, 178, 4274, t2=t1+(1, 3))	1	356
(3412, 199, 3808, t1) -> (3412, 199, 3412, t2=t1+(1, 3))	1	357
(2360, 127, 2484, t1) -> (2360, 127, 2360, t2=t1+(1, 3))	1	358
(4480, 36, 534, t1) -> (534, 36, 4480, t2=t1+(1, 3))	1	359
(3431, 170, 1788, t1) -> (3431, 170, 3431, t2=t1+(1, 4))	1	360
(4450, 136, 1857, t1) -> (1857, 136, 4450, t2=t1+(1, 7))	1	361
(1601, 195, 795, t1) -> (1601, 195, 795, t2=t1+(1, 1))	1	362
(2284, 167, 459, t1) -> (2284, 167, 2284, t2=t1+(1, 1))	1	363
(1694, 89, 889, t1) -> (1694, 89, 889, t2=t1+(1, 2))	1	364
(1952, 9, 2806, t1) -> (1952, 9, 1952, t2=t1+(1, 6))	1	365
(712, 2, 3419, t1) -> (3419, 2, 3419, t2=t1+(1, 7))	1	366
(3324, 60, 1212, t1) -> (3324, 60, 1212, t2=t1+(1, 4))	1	367
(4186, 158, 2645, t1) -> (2645, 158, 2645, t2=t1+(1, 3))	1	368
(1084, 123, 1477, t1) -> (1084, 123, 1084, t2=t1+(1, 3))	1	369
(528, 78, 4633, t1) -> (528, 78, 4633, t2=t1+(1, 5))	1	370
(3106, 130, 123, t1) -> (123, 130, 3106, t2=t1+(1, 5))	1	371
(2776, 7, 1806, t1) -> (2776, 7, 2776, t2=t1+(1, 8))	1	372
(1115, 170, 2221, t1) -> (1115, 170, 1115, t2=t1+(1, 5))	1	373
(2390, 45, 2010, t1) -> (2390, 45, 2010, t2=t1+(1, 2))	1	374
(1640, 165, 3647, t1) -> (3647, 165, 3647, t2=t1+(1, 6))	1	375
(325, 35, 4757, t1) -> (325, 35, 4757, t2=t1+(1, 6))	1	376
(3439, 164, 3811, t1) -> (3439, 164, 3439, t2=t1+(1, 5))	1	377
(3104, 48, 4139, t1) -> (4139, 48, 3104, t2=t1+(1, 9))	1	378
(4698, 150, 593, t1) -> (4698, 150, 4698, t2=t1+(1, 5))	1	379
(2444, 45, 2363, t1) -> (2444, 45, 2363, t2=t1+(1, 4))	1	380
(653, 121, 922, t1) -> (653, 121, 653, t2=t1+(1, 7))	1	381
(3199, 132, 3651, t1) -> (3199, 132, 3199, t2=t1+(1, 5))	1	382
(436, 167, 1920, t1) -> (1920, 167, 436, t2=t1+(1, 7))	1	383
(423, 193, 1817, t1) -> (1817, 193, 423, t2=t1+(1, 5))	1	384
(4982, 175, 3956, t1) -> (4982, 175, 4982, t2=t1+(1, 6))	1	385
(3983, 133, 2172, t1) -> (3983, 133, 3983, t2=t1+(1, 3))	1	386
(4107, 4, 4557, t1) -> (4557, 4, 4557, t2=t1+(1, 9))	1	387
(2697, 42, 3026, t1) -> (3026, 42, 2697, t2=t1+(1, 2))	1	388
(3058, 9, 2274, t1) -> (3058, 9, 3058, t2=t1+(1, 6))	1	389
(1316, 178, 2163, t1) -> (1316, 178, 2163, t2=t1+(1, 6))	1	390
(2402, 144, 3014, t1) -> (3014, 144, 2402, t2=t1+(1, 3))	1	391
(2321, 170, 1646, t1) -> (2321, 170, 2321, t2=t1+(1, 6))	1	392
(1843, 164, 2911, t1) -> (1843, 164, 1843, t2=t1+(1, 2))	1	393
(3580, 98, 1317, t1) -> (3580, 98, 1317, t2=t1+(1, 6))	1	394
(544, 164, 4326, t1) -> (544, 164, 544, t2=t1+(1, 3))	1	395
(2648, 168, 3742, t1) -> (3742, 168, 2648, t2=t1+(1, 9))	1	396
(261, 160, 2675, t1) -> (261, 160, 2675, t2=t1+(1, 4))	1	397
(1050, 18, 4274, t1) -> (4274, 18, 1050, t2=t1+(1, 2))	1	398
(1468, 166, 4304, t1) -> (1468, 166, 4304, t2=t1+(1, 4))	1	399
(2115, 119, 2881, t1) -> (2881, 119, 2881, t2=t1+(1, 3))	1	400
(4139, 87, 729, t1) -> (729, 87, 729, t2=t1+(1, 7))	1	401
(783, 51, 2307, t1) -> (2307, 51, 783, t2=t1+(1, 3))	1	402
(3663, 110, 3599, t1) -> (3663, 110, 3599, t2=t1+(1, 5))	1	403
(394, 20, 2953, t1) -> (2953, 20, 2953, t2=t1+(1, 4))	1	404
(538, 116, 2326, t1) -> (2326, 116, 538, t2=t1+(1, 2))	1	405
(133, 174, 4643, t1) -> (4643, 174, 133, t2=t1+(1, 5))	1	406
(218, 116, 4785, t1) -> (4785, 116, 4785, t2=t1+(1, 8))	1	407
(2964, 162, 1988, t1) -> (1988, 162, 2964, t2=t1+(1, 5))	1	408
(841, 132, 1147, t1) -> (1147, 132, 1147, t2=t1+(1, 2))	1	409
(2786, 15, 1674, t1) -> (1674, 15, 1674, t2=t1+(1, 3))	1	410
(1291, 11, 858, t1) -> (1291, 11, 1291, t2=t1+(1, 4))	1	411
(4911, 124, 4377, t1) -> (4911, 124, 4377, t2=t1+(1, 5))	1	412
(4904, 54, 890, t1) -> (4904, 54, 4904, t2=t1+(1, 7))	1	413
(2985, 175, 2829, t1) -> (2985, 175, 2829, t2=t1+(1, 4))	1	414
(2376, 182, 2340, t1) -> (2376, 182, 2376, t2=t1+(1, 5))	1	415
(332, 174, 546, t1) -> (332, 174, 332, t2=t1+(1, 6))	1	416
(1623, 47, 2524, t1) -> (2524, 47, 2524, t2=t1+(1, 3))	1	417
(2082, 140, 485, t1) -> (2082, 140, 485, t2=t1+(1, 4))	1	418
(4104, 177, 4687, t1) -> (4687, 177, 4687, t2=t1+(1, 5))	1	419
(1516, 98, 4844, t1) -> (4844, 98, 4844, t2=t1+(1, 7))	1	420
(3638, 90, 2283, t1) -> (3638, 90, 3638, t2=t1+(1, 8))	1	421
(224, 166, 912, t1) -> (912, 166, 224, t2=t1+(1, 8))	1	422
(2544, 91, 4831, t1) -> (2544, 91, 4831, t2=t1+(1, 7))	1	423
(2370, 81, 3718, t1) -> (3718, 81, 3718, t2=t1+(1, 12))	1	424
(4169, 196, 3287, t1) -> (4169, 196, 3287, t2=t1+(1, 7))	1	425
(3425, 120, 4513, t1) -> (4513, 120, 3425, t2=t1+(1, 5))	1	426
(615, 96, 2219, t1) -> (2219, 96, 2219, t2=t1+(1, 6))	1	427
(3723, 85, 1873, t1) -> (1873, 85, 1873, t2=t1+(1, 7))	1	428
(3678, 187, 1758, t1) -> (1758, 187, 3678, t2=t1+(1, 6))	1	429
(4616, 155, 1027, t1) -> (4616, 155, 1027, t2=t1+(1, 3))	1	430
(459, 48, 159, t1) -> (459, 48, 159, t2=t1+(1, 1))	1	431
(1875, 179, 4789, t1) -> (1875, 179, 4789, t2=t1+(1, 5))	1	432
(4678, 103, 4371, t1) -> (4678, 103, 4371, t2=t1+(1, 9))	1	433
(2304, 48, 830, t1) -> (830, 48, 830, t2=t1+(1, 6))	1	434
(4354, 181, 682, t1) -> (682, 181, 682, t2=t1+(1, 3))	1	435
(924, 116, 4733, t1) -> (924, 116, 4733, t2=t1+(1, 7))	1	436
(3966, 23, 1116, t1) -> (3966, 23, 1116, t2=t1+(1, 11))	1	437
(2787, 59, 1303, t1) -> (1303, 59, 1303, t2=t1+(1, 2))	1	438
(3435, 103, 916, t1) -> (3435, 103, 3435, t2=t1+(1, 5))	1	439
(2716, 171, 1266, t1) -> (1266, 171, 2716, t2=t1+(1, 4))	1	440
(3814, 15, 3387, t1) -> (3814, 15, 3814, t2=t1+(1, 4))	1	441
(413, 109, 3243, t1) -> (3243, 109, 3243, t2=t1+(1, 9))	1	442
(2775, 59, 3231, t1) -> (2775, 59, 3231, t2=t1+(1, 3))	1	443
(2960, 55, 3322, t1) -> (2960, 55, 2960, t2=t1+(1, 3))	1	444
(2519, 132, 2312, t1) -> (2312, 132, 2312, t2=t1+(1, 4))	1	445
(342, 3, 993, t1) -> (993, 3, 342, t2=t1+(1, 5))	1	446
(3865, 174, 4847, t1) -> (4847, 174, 4847, t2=t1+(1, 8))	1	447
(2707, 72, 380, t1) -> (2707, 72, 2707, t2=t1+(1, 2))	1	448
(1338, 172, 4455, t1) -> (1338, 172, 4455, t2=t1+(1, 4))	1	449
(4345, 114, 3975, t1) -> (3975, 114, 4345, t2=t1+(1, 4))	1	450
(1740, 137, 4860, t1) -> (4860, 137, 4860, t2=t1+(1, 2))	1	451
(3084, 12, 2010, t1) -> (3084, 12, 3084, t2=t1+(1, 5))	1	452
(4042, 176, 2866, t1) -> (4042, 176, 4042, t2=t1+(1, 5))	1	453
(2430, 135, 797, t1) -> (2430, 135, 797, t2=t1+(1, 6))	1	454
(3721, 150, 560, t1) -> (3721, 150, 3721, t2=t1+(1, 5))	1	455
(1217, 121, 2362, t1) -> (2362, 121, 1217, t2=t1+(1, 3))	1	456
(4242, 182, 4689, t1) -> (4242, 182, 4689, t2=t1+(1, 7))	1	457
(2677, 90, 503, t1) -> (503, 90, 2677, t2=t1+(1, 1))	1	458
(1440, 133, 3227, t1) -> (3227, 133, 3227, t2=t1+(1, 2))	1	459
(1587, 41, 332, t1) -> (1587, 41, 332, t2=t1+(1, 7))	1	460
(4700, 184, 2694, t1) -> (4700, 184, 4700, t2=t1+(1, 9))	1	461
(2690, 193, 3176, t1) -> (2690, 193, 3176, t2=t1+(1, 9))	1	462
(4976, 45, 3879, t1) -> (4976, 45, 3879, t2=t1+(1, 9))	1	463
(3886, 18, 501, t1) -> (3886, 18, 3886, t2=t1+(1, 3))	1	464
(3862, 74, 2250, t1) -> (2250, 74, 2250, t2=t1+(1, 6))	1	465
(355, 62, 902, t1) -> (902, 62, 355, t2=t1+(1, 2))	1	466
(1235, 164, 3803, t1) -> (3803, 164, 1235, t2=t1+(1, 4))	1	467
(858, 73, 4523, t1) -> (858, 73, 4523, t2=t1+(1, 7))	1	468
(4647, 39, 143, t1) -> (4647, 39, 143, t2=t1+(1, 4))	1	469
(163, 92, 2110, t1) -> (163, 92, 163, t2=t1+(1, 2))	1	470
(1897, 61, 2140, t1) -> (2140, 61, 1897, t2=t1+(1, 5))	1	471
(866, 126, 1208, t1) -> (866, 126, 866, t2=t1+(1, 5))	1	472
(3082, 114, 516, t1) -> (516, 114, 3082, t2=t1+(1, 3))	1	473
(3231, 180, 1310, t1) -> (3231, 180, 1310, t2=t1+(1, 5))	1	474
(96, 157, 3829, t1) -> (3829, 157, 3829, t2=t1+(1, 6))	1	475
(4715, 103, 99, t1) -> (99, 103, 4715, t2=t1+(1, 8))	1	476
(3080, 31, 3632, t1) -> (3080, 31, 3080, t2=t1+(1, 3))	1	477
(4039, 91, 2706, t1) -> (4039, 91, 4039, t2=t1+(1, 4))	1	478
(971, 97, 2075, t1) -> (971, 97, 2075, t2=t1+(1, 4))	1	479
(3999, 30, 3989, t1) -> (3989, 30, 3999, t2=t1+(1, 4))	1	480
(2700, 68, 3974, t1) -> (2700, 68, 3974, t2=t1+(1, 6))	1	481
(4897, 47, 960, t1) -> (960, 47, 4897, t2=t1+(1, 4))	1	482
(473, 29, 591, t1) -> (591, 29, 473, t2=t1+(1, 8))	1	483
(3739, 97, 3164, t1) -> (3164, 97, 3164, t2=t1+(1, 6))	1	484
(3475, 136, 303, t1) -> (3475, 136, 3475, t2=t1+(1, 3))	1	485
(1695, 77, 3560, t1) -> (3560, 77, 3560, t2=t1+(1, 1))	1	486
(3870, 0, 2615, t1) -> (2615, 0, 2615, t2=t1+(1, 3))	1	487
(3599, 16, 3299, t1) -> (3299, 16, 3599, t2=t1+(1, 3))	1	488
(935, 27, 3805, t1) -> (3805, 27, 935, t2=t1+(1, 8))	1	489
(620, 60, 4894, t1) -> (620, 60, 4894, t2=t1+(1, 6))	1	490
(4942, 59, 2383, t1) -> (2383, 59, 4942, t2=t1+(1, 6))	1	491
(2533, 2, 2374, t1) -> (2374, 2, 2533, t2=t1+(1, 1))	1	492
(2883, 46, 4207, t1) -> (2883, 46, 2883, t2=t1+(1, 2))	1	493
(2943, 179, 2489, t1) -> (2489, 179, 2489, t2=t1+(1, 3))	1	494
(965, 40, 4959, t1) -> (965, 40, 4959, t2=t1+(1, 3))	1	495
(2116, 31, 2430, t1) -> (2430, 31, 2116, t2=t1+(1, 4))	1	496
(1957, 47, 1317, t1) -> (1317, 47, 1317, t2=t1+(1, 9))	1	497
(625, 16, 4797, t1) -> (625, 16, 625, t2=t1+(1, 4))	1	498
(300, 156, 3058, t1) -> (300, 156, 300, t2=t1+(1, 6))	1	499
(1948, 168, 686, t1) -> (1948, 168, 686, t2=t1+(1, 3))	1	500
(2983, 155, 2694, t1) -> (2694, 155, 2694, t2=t1+(1, 7))	1	501
(2666, 67, 2514, t1) -> (2514, 67, 2514, t2=t1+(1, 3))	1	502
(3468, 75, 2361, t1) -> (3468, 75, 2361, t2=t1+(1, 2))	1	503
(359, 184, 4196, t1) -> (4196, 184, 4196, t2=t1+(1, 2))	1	504
(193, 100, 4417, t1) -> (4417, 100, 193, t2=t1+(1, 7))	1	505
(3108, 182, 3090, t1) -> (3090, 182, 3108, t2=t1+(1, 6))	1	506
(4866, 33, 838, t1) -> (4866, 33, 838, t2=t1+(1, 5))	1	507
(979, 151, 3499, t1) -> (3499, 151, 3499, t2=t1+(1, 5))	1	508
(2131, 129, 1880, t1) -> (2131, 129, 2131, t2=t1+(1, 3))	1	509
(1593, 166, 1913, t1) -> (1593, 166, 1913, t2=t1+(1, 2))	1	510
(3965, 150, 1736, t1) -> (3965, 150, 3965, t2=t1+(1, 5))	1	511
(4648, 60, 882, t1) -> (882, 60, 4648, t2=t1+(1, 5))	1	512
(702, 129, 4454, t1) -> (702, 129, 4454, t2=t1+(1, 6))	1	513
(3528, 99, 3565, t1) -> (3528, 99, 3565, t2=t1+(1, 4))	1	514
(3065, 22, 1206, t1) -> (1206, 22, 3065, t2=t1+(1, 5))	1	515
(249, 172, 1414, t1) -> (249, 172, 249, t2=t1+(1, 7))	1	516
(4013, 65, 4900, t1) -> (4013, 65, 4900, t2=t1+(1, 4))	1	517
(1374, 49, 874, t1) -> (874, 49, 1374, t2=t1+(1, 3))	1	518
(1633, 10, 1021, t1) -> (1633, 10, 1633, t2=t1+(1, 5))	1	519
(4251, 77, 227, t1) -> (4251, 77, 4251, t2=t1+(1, 8))	1	520
(4001, 110, 3539, t1) -> (4001, 110, 4001, t2=t1+(1, 4))	1	521
(705, 28, 1714, t1) -> (1714, 28, 1714, t2=t1+(1, 4))	1	522
(283, 109, 2148, t1) -> (2148, 109, 283, t2=t1+(1, 3))	1	523
(3885, 175, 4868, t1) -> (3885, 175, 3885, t2=t1+(1, 10))	1	524
