(1056, 167, 4182, t1) & (931, 24, 2329, t2=t1+(0, 8)) & (1056, 99, 2329, t3=t2+(0, 2)) -> (2329, 99, 4182, t4=t3+(1, 7))	3	0
(2763, 75, 748, t1) & (447, 71, 1143, t2=t1+(0, 3)) & (1143, 195, 2763, t3=t2+(0, 5)) -> (748, 195, 2763, t4=t3+(1, 2))	3	1
(4139, 3, 2741, t1) & (1795, 97, 2956, t2=t1+(0, 9)) & (2956, 15, 4139, t3=t2+(0, 5)) -> (2956, 15, 1795, t4=t3+(1, 4))	3	2
(1276, 197, 453, t1) & (2059, 107, 4099, t2=t1+(0, 3)) & (453, 11, 4099, t3=t2+(0, 2)) -> (453, 11, 453, t4=t3+(1, 2))	3	3
(4321, 148, 860, t1) & (2304, 122, 3583, t2=t1+(0, 6)) & (2304, 169, 4321, t3=t2+(0, 5)) -> (3583, 122, 4321, t4=t3+(1, 4))	3	4
(3656, 53, 535, t1) & (4001, 107, 3629, t2=t1+(0, 2)) & (3656, 194, 3629, t3=t2+(0, 5)) -> (3629, 194, 3629, t4=t3+(1, 3))	3	5
(3367, 80, 3247, t1) & (1082, 113, 2808, t2=t1+(0, 3)) & (3247, 180, 2808, t3=t2+(0, 5)) -> (1082, 80, 3367, t4=t3+(1, 6))	3	6
(2646, 43, 3107, t1) & (700, 130, 2091, t2=t1+(0, 8)) & (2091, 176, 2646, t3=t2+(0, 7)) -> (2646, 176, 2091, t4=t3+(1, 4))	3	7
(411, 149, 809, t1) & (1124, 181, 4140, t2=t1+(0, 7)) & (411, 142, 1124, t3=t2+(0, 5)) -> (1124, 181, 411, t4=t3+(1, 3))	3	8
(2130, 61, 2181, t1) & (2843, 81, 376, t2=t1+(0, 9)) & (2181, 48, 376, t3=t2+(0, 8)) -> (2181, 81, 2843, t4=t3+(1, 6))	3	9
(2795, 52, 1621, t1) & (3578, 48, 515, t2=t1+(0, 2)) & (3578, 1, 2795, t3=t2+(0, 3)) -> (1621, 1, 3578, t4=t3+(1, 1))	3	10
(4080, 7, 1902, t1) & (977, 171, 3707, t2=t1+(0, 5)) & (1902, 43, 3707, t3=t2+(0, 2)) -> (977, 171, 3707, t4=t3+(1, 6))	3	11
(213, 35, 160, t1) & (2619, 29, 4295, t2=t1+(0, 6)) & (2619, 137, 213, t3=t2+(0, 4)) -> (2619, 35, 4295, t4=t3+(1, 4))	3	12
(3742, 177, 568, t1) & (873, 14, 3666, t2=t1+(0, 7)) & (3742, 3, 873, t3=t2+(0, 5)) -> (873, 3, 3742, t4=t3+(1, 4))	3	13
(3988, 85, 1582, t1) & (2564, 180, 1503, t2=t1+(0, 7)) & (2564, 176, 3988, t3=t2+(0, 2)) -> (1582, 180, 1582, t4=t3+(1, 10))	3	14
(253, 156, 1186, t1) & (4764, 130, 2856, t2=t1+(0, 5)) & (253, 106, 2856, t3=t2+(0, 5)) -> (4764, 106, 4764, t4=t3+(1, 5))	3	15
(3583, 81, 3328, t1) & (2957, 77, 4484, t2=t1+(0, 6)) & (4484, 55, 3583, t3=t2+(0, 7)) -> (4484, 77, 4484, t4=t3+(1, 4))	3	16
(758, 35, 1158, t1) & (3944, 9, 2102, t2=t1+(0, 7)) & (3944, 78, 758, t3=t2+(0, 4)) -> (758, 9, 3944, t4=t3+(1, 2))	3	17
(3560, 46, 3152, t1) & (1159, 185, 1657, t2=t1+(0, 5)) & (1159, 21, 3560, t3=t2+(0, 7)) -> (1159, 185, 3560, t4=t3+(1, 4))	3	18
(4623, 55, 821, t1) & (4565, 127, 4874, t2=t1+(0, 2)) & (4623, 54, 4874, t3=t2+(0, 5)) -> (4874, 127, 4874, t4=t3+(1, 8))	3	19
(1431, 24, 699, t1) & (4280, 144, 1167, t2=t1+(0, 6)) & (699, 132, 1167, t3=t2+(0, 6)) -> (699, 24, 1431, t4=t3+(1, 5))	3	20
(2285, 61, 4472, t1) & (2201, 25, 3225, t2=t1+(0, 3)) & (2201, 8, 2285, t3=t2+(0, 7)) -> (4472, 61, 2285, t4=t3+(1, 7))	3	21
(2495, 71, 3317, t1) & (4801, 8, 115, t2=t1+(0, 8)) & (115, 124, 3317, t3=t2+(0, 3)) -> (3317, 71, 4801, t4=t3+(1, 7))	3	22
(2316, 67, 2991, t1) & (2517, 151, 3804, t2=t1+(0, 4)) & (2517, 11, 2991, t3=t2+(0, 9)) -> (2517, 11, 2991, t4=t3+(1, 7))	3	23
(937, 104, 1058, t1) & (3300, 199, 2639, t2=t1+(0, 6)) & (3300, 161, 1058, t3=t2+(0, 8)) -> (3300, 104, 937, t4=t3+(1, 6))	3	24
(4636, 113, 3006, t1) & (2135, 147, 4236, t2=t1+(0, 14)) & (4636, 68, 4236, t3=t2+(0, 3)) -> (4236, 113, 4236, t4=t3+(1, 8))	3	25
(2202, 162, 1470, t1) & (3297, 185, 2379, t2=t1+(0, 5)) & (2202, 18, 2379, t3=t2+(0, 3)) -> (2379, 185, 2202, t4=t3+(1, 5))	3	26
(1756, 1, 2871, t1) & (3931, 13, 1880, t2=t1+(0, 6)) & (1880, 138, 1756, t3=t2+(0, 3)) -> (1756, 13, 1880, t4=t3+(1, 6))	3	27
(2706, 70, 2349, t1) & (3198, 6, 3671, t2=t1+(0, 5)) & (2349, 155, 3671, t3=t2+(0, 5)) -> (3671, 155, 3198, t4=t3+(1, 2))	3	28
(1846, 105, 905, t1) & (1946, 18, 2095, t2=t1+(0, 7)) & (2095, 173, 905, t3=t2+(0, 8)) -> (1846, 173, 1846, t4=t3+(1, 3))	3	29
(3049, 99, 701, t1) & (34, 19, 1158, t2=t1+(0, 3)) & (34, 146, 3049, t3=t2+(0, 4)) -> (34, 19, 34, t4=t3+(1, 8))	3	30
(1851, 107, 195, t1) & (4482, 78, 4393, t2=t1+(0, 0)) & (4482, 96, 195, t3=t2+(0, 3)) -> (195, 78, 4482, t4=t3+(1, 5))	3	31
(3171, 147, 239, t1) & (642, 106, 3920, t2=t1+(0, 1)) & (3171, 118, 642, t3=t2+(0, 10)) -> (3171, 118, 642, t4=t3+(1, 7))	3	32
(3803, 147, 1338, t1) & (3155, 175, 3256, t2=t1+(0, 11)) & (3256, 185, 3803, t3=t2+(0, 5)) -> (3803, 175, 3256, t4=t3+(1, 9))	3	33
(2898, 14, 650, t1) & (179, 190, 2691, t2=t1+(0, 2)) & (2898, 164, 179, t3=t2+(0, 6)) -> (2691, 164, 179, t4=t3+(1, 4))	3	34
(2647, 39, 3639, t1) & (3938, 89, 511, t2=t1+(0, 2)) & (3639, 153, 3938, t3=t2+(0, 1)) -> (3639, 153, 2647, t4=t3+(1, 8))	3	35
(1027, 20, 1757, t1) & (3501, 112, 2695, t2=t1+(0, 4)) & (3501, 143, 1757, t3=t2+(0, 4)) -> (2695, 20, 1757, t4=t3+(1, 10))	3	36
(2650, 36, 1113, t1) & (4067, 70, 2485, t2=t1+(0, 2)) & (4067, 139, 1113, t3=t2+(0, 3)) -> (1113, 139, 2650, t4=t3+(1, 3))	3	37
(2966, 147, 1497, t1) & (4245, 156, 2146, t2=t1+(0, 6)) & (1497, 15, 4245, t3=t2+(0, 7)) -> (4245, 15, 2146, t4=t3+(1, 4))	3	38
(1478, 15, 2186, t1) & (4678, 19, 4981, t2=t1+(0, 5)) & (4981, 23, 2186, t3=t2+(0, 3)) -> (4981, 23, 1478, t4=t3+(1, 1))	3	39
(3335, 147, 1498, t1) & (1151, 32, 1715, t2=t1+(0, 1)) & (1498, 88, 1151, t3=t2+(0, 5)) -> (1151, 147, 1715, t4=t3+(1, 7))	3	40
(2482, 67, 2986, t1) & (208, 31, 4898, t2=t1+(0, 5)) & (2986, 151, 208, t3=t2+(0, 5)) -> (2986, 67, 2482, t4=t3+(1, 3))	3	41
(1883, 19, 2906, t1) & (4802, 77, 1799, t2=t1+(0, 4)) & (1883, 96, 1799, t3=t2+(0, 6)) -> (4802, 19, 1883, t4=t3+(1, 4))	3	42
(1217, 107, 1656, t1) & (2428, 87, 3866, t2=t1+(0, 1)) & (3866, 102, 1656, t3=t2+(0, 7)) -> (3866, 87, 1656, t4=t3+(1, 4))	3	43
(2965, 169, 4677, t1) & (3239, 146, 184, t2=t1+(0, 6)) & (4677, 62, 3239, t3=t2+(0, 6)) -> (3239, 62, 2965, t4=t3+(1, 3))	3	44
(971, 142, 209, t1) & (2407, 179, 2923, t2=t1+(0, 1)) & (971, 195, 2923, t3=t2+(0, 6)) -> (971, 195, 2923, t4=t3+(1, 8))	3	45
(121, 192, 4179, t1) & (4871, 66, 260, t2=t1+(0, 5)) & (121, 89, 260, t3=t2+(0, 4)) -> (4179, 66, 4179, t4=t3+(1, 4))	3	46
(633, 44, 2751, t1) & (247, 83, 4048, t2=t1+(0, 5)) & (633, 48, 4048, t3=t2+(0, 4)) -> (633, 48, 4048, t4=t3+(1, 5))	3	47
(3683, 58, 2419, t1) & (862, 37, 3590, t2=t1+(0, 7)) & (862, 138, 3683, t3=t2+(0, 6)) -> (3683, 37, 2419, t4=t3+(1, 6))	3	48
(1314, 137, 3633, t1) & (2571, 90, 1238, t2=t1+(0, 6)) & (2571, 173, 1314, t3=t2+(0, 3)) -> (3633, 90, 1314, t4=t3+(1, 3))	3	49
(4420, 135, 3195, t1) & (4359, 105, 825, t2=t1+(0, 7)) & (4420, 118, 825, t3=t2+(0, 4)) -> (825, 135, 825, t4=t3+(1, 4))	3	50
(4840, 101, 3338, t1) & (3407, 56, 305, t2=t1+(0, 4)) & (305, 164, 4840, t3=t2+(0, 4)) -> (305, 101, 305, t4=t3+(1, 4))	3	51
(143, 173, 936, t1) & (148, 154, 220, t2=t1+(0, 1)) & (148, 76, 936, t3=t2+(0, 5)) -> (936, 154, 220, t4=t3+(1, 3))	3	52
(1410, 47, 3823, t1) & (4275, 0, 4478, t2=t1+(0, 6)) & (1410, 182, 4478, t3=t2+(0, 5)) -> (3823, 182, 4478, t4=t3+(1, 6))	3	53
(4445, 45, 2040, t1) & (2034, 169, 4726, t2=t1+(0, 2)) & (4445, 93, 2034, t3=t2+(0, 7)) -> (2034, 93, 2034, t4=t3+(1, 10))	3	54
(1377, 21, 41, t1) & (3805, 195, 1469, t2=t1+(0, 3)) & (1469, 62, 41, t3=t2+(0, 7)) -> (1469, 62, 3805, t4=t3+(1, 2))	3	55
(332, 9, 1346, t1) & (2528, 196, 1099, t2=t1+(0, 3)) & (2528, 173, 1346, t3=t2+(0, 7)) -> (2528, 196, 332, t4=t3+(1, 1))	3	56
(4505, 186, 2843, t1) & (2416, 16, 4636, t2=t1+(0, 6)) & (2843, 104, 4636, t3=t2+(0, 3)) -> (4505, 16, 4636, t4=t3+(1, 5))	3	57
(706, 83, 9, t1) & (1963, 110, 2370, t2=t1+(0, 8)) & (9, 53, 1963, t3=t2+(0, 1)) -> (9, 83, 9, t4=t3+(1, 5))	3	58
(4673, 22, 688, t1) & (936, 131, 2119, t2=t1+(0, 7)) & (936, 78, 688, t3=t2+(0, 10)) -> (2119, 22, 4673, t4=t3+(1, 3))	3	59
(429, 69, 4060, t1) & (417, 94, 4292, t2=t1+(0, 2)) & (4292, 192, 4060, t3=t2+(0, 8)) -> (4292, 94, 4060, t4=t3+(1, 3))	3	60
(2590, 81, 4011, t1) & (4466, 67, 288, t2=t1+(0, 6)) & (2590, 145, 4466, t3=t2+(0, 6)) -> (4466, 67, 288, t4=t3+(1, 5))	3	61
(476, 32, 4321, t1) & (4502, 16, 3003, t2=t1+(0, 8)) & (4321, 113, 3003, t3=t2+(0, 7)) -> (3003, 32, 4321, t4=t3+(1, 1))	3	62
(2939, 99, 2024, t1) & (1479, 10, 751, t2=t1+(0, 5)) & (751, 191, 2024, t3=t2+(0, 5)) -> (2024, 191, 2024, t4=t3+(1, 2))	3	63
(1368, 165, 1217, t1) & (3345, 97, 518, t2=t1+(0, 5)) & (518, 144, 1368, t3=t2+(0, 2)) -> (1368, 144, 1368, t4=t3+(1, 3))	3	64
(3239, 13, 330, t1) & (4969, 129, 621, t2=t1+(0, 7)) & (4969, 173, 3239, t3=t2+(0, 2)) -> (4969, 173, 330, t4=t3+(1, 4))	3	65
(3686, 76, 4747, t1) & (1633, 4, 3673, t2=t1+(0, 2)) & (4747, 32, 1633, t3=t2+(0, 5)) -> (4747, 76, 3686, t4=t3+(1, 2))	3	66
(2936, 89, 559, t1) & (1558, 89, 2092, t2=t1+(0, 6)) & (559, 95, 2092, t3=t2+(0, 10)) -> (559, 95, 559, t4=t3+(1, 3))	3	67
(1466, 85, 140, t1) & (342, 142, 1675, t2=t1+(0, 1)) & (140, 72, 342, t3=t2+(0, 3)) -> (140, 72, 342, t4=t3+(1, 3))	3	68
(16, 59, 3759, t1) & (903, 36, 3219, t2=t1+(0, 5)) & (903, 20, 16, t3=t2+(0, 4)) -> (3219, 20, 16, t4=t3+(1, 1))	3	69
(1529, 118, 32, t1) & (2866, 37, 3230, t2=t1+(0, 7)) & (1529, 66, 3230, t3=t2+(0, 9)) -> (2866, 37, 1529, t4=t3+(1, 5))	3	70
(771, 44, 381, t1) & (3414, 27, 3715, t2=t1+(0, 4)) & (771, 139, 3414, t3=t2+(0, 5)) -> (3414, 139, 3715, t4=t3+(1, 3))	3	71
(4817, 180, 2266, t1) & (4495, 175, 1172, t2=t1+(0, 3)) & (4495, 58, 4817, t3=t2+(0, 5)) -> (1172, 180, 4495, t4=t3+(1, 7))	3	72
(3535, 39, 1483, t1) & (4296, 90, 3921, t2=t1+(0, 5)) & (3535, 188, 4296, t3=t2+(0, 6)) -> (3535, 188, 4296, t4=t3+(1, 6))	3	73
(987, 141, 1089, t1) & (1092, 86, 2571, t2=t1+(0, 4)) & (2571, 1, 987, t3=t2+(0, 3)) -> (2571, 141, 1092, t4=t3+(1, 3))	3	74
(3344, 27, 1, t1) & (2610, 142, 2544, t2=t1+(0, 2)) & (2610, 106, 1, t3=t2+(0, 2)) -> (3344, 106, 2544, t4=t3+(1, 5))	3	75
(1703, 138, 4932, t1) & (2241, 162, 3646, t2=t1+(0, 7)) & (4932, 197, 3646, t3=t2+(0, 3)) -> (2241, 197, 3646, t4=t3+(1, 6))	3	76
(2211, 198, 1344, t1) & (2319, 39, 1303, t2=t1+(0, 3)) & (1344, 135, 2319, t3=t2+(0, 1)) -> (1303, 39, 1344, t4=t3+(1, 11))	3	77
(978, 130, 2952, t1) & (4851, 172, 1619, t2=t1+(0, 7)) & (978, 72, 1619, t3=t2+(0, 5)) -> (1619, 72, 4851, t4=t3+(1, 8))	3	78
(2770, 165, 1970, t1) & (20, 88, 3592, t2=t1+(0, 2)) & (2770, 33, 3592, t3=t2+(0, 3)) -> (3592, 165, 20, t4=t3+(1, 2))	3	79
(4615, 14, 4105, t1) & (1563, 77, 3197, t2=t1+(0, 6)) & (3197, 130, 4615, t3=t2+(0, 5)) -> (3197, 130, 1563, t4=t3+(1, 4))	3	80
(3557, 108, 4312, t1) & (1936, 123, 2104, t2=t1+(0, 1)) & (1936, 14, 3557, t3=t2+(0, 3)) -> (3557, 108, 1936, t4=t3+(1, 4))	3	81
(4987, 119, 1359, t1) & (3568, 72, 3311, t2=t1+(0, 5)) & (4987, 144, 3311, t3=t2+(0, 3)) -> (3568, 119, 3568, t4=t3+(1, 3))	3	82
(4303, 7, 4513, t1) & (2170, 166, 4232, t2=t1+(0, 6)) & (4303, 14, 2170, t3=t2+(0, 4)) -> (2170, 14, 4303, t4=t3+(1, 2))	3	83
(589, 139, 2891, t1) & (1077, 126, 923, t2=t1+(0, 4)) & (2891, 185, 923, t3=t2+(0, 7)) -> (923, 139, 2891, t4=t3+(1, 5))	3	84
(4531, 149, 589, t1) & (1328, 59, 986, t2=t1+(0, 2)) & (4531, 101, 986, t3=t2+(0, 4)) -> (1328, 149, 986, t4=t3+(1, 1))	3	85
(1801, 1, 1553, t1) & (805, 50, 3936, t2=t1+(0, 2)) & (805, 141, 1801, t3=t2+(0, 4)) -> (805, 1, 3936, t4=t3+(1, 4))	3	86
(4882, 111, 2302, t1) & (759, 137, 2393, t2=t1+(0, 5)) & (759, 187, 2302, t3=t2+(0, 4)) -> (759, 111, 759, t4=t3+(1, 4))	3	87
(858, 163, 1558, t1) & (838, 179, 3248, t2=t1+(0, 3)) & (1558, 80, 3248, t3=t2+(0, 4)) -> (1558, 163, 3248, t4=t3+(1, 5))	3	88
(1068, 152, 2379, t1) & (1437, 15, 955, t2=t1+(0, 7)) & (1068, 186, 955, t3=t2+(0, 6)) -> (1068, 152, 1437, t4=t3+(1, 10))	3	89
(791, 92, 3631, t1) & (2432, 121, 798, t2=t1+(0, 4)) & (791, 117, 798, t3=t2+(0, 5)) -> (798, 121, 798, t4=t3+(1, 6))	3	90
(2739, 165, 4070, t1) & (4826, 87, 2416, t2=t1+(0, 6)) & (2416, 66, 4070, t3=t2+(0, 7)) -> (4826, 87, 4070, t4=t3+(1, 12))	3	91
(2375, 155, 1751, t1) & (3139, 134, 2777, t2=t1+(0, 7)) & (1751, 56, 3139, t3=t2+(0, 8)) -> (1751, 134, 2375, t4=t3+(1, 1))	3	92
(313, 22, 4436, t1) & (178, 130, 1531, t2=t1+(0, 2)) & (4436, 70, 178, t3=t2+(0, 2)) -> (1531, 22, 4436, t4=t3+(1, 4))	3	93
(1284, 15, 2420, t1) & (2442, 79, 2403, t2=t1+(0, 6)) & (1284, 23, 2403, t3=t2+(0, 5)) -> (2403, 23, 2420, t4=t3+(1, 4))	3	94
(658, 67, 4956, t1) & (4990, 25, 807, t2=t1+(0, 3)) & (658, 31, 807, t3=t2+(0, 7)) -> (658, 67, 807, t4=t3+(1, 6))	3	95
(4483, 93, 4176, t1) & (1252, 74, 4892, t2=t1+(0, 4)) & (4483, 25, 4892, t3=t2+(0, 3)) -> (1252, 25, 4483, t4=t3+(1, 1))	3	96
(3792, 66, 2000, t1) & (4284, 177, 3358, t2=t1+(0, 3)) & (3792, 171, 4284, t3=t2+(0, 6)) -> (4284, 171, 3358, t4=t3+(1, 4))	3	97
(132, 131, 387, t1) & (3910, 11, 610, t2=t1+(0, 8)) & (132, 90, 610, t3=t2+(0, 4)) -> (387, 11, 132, t4=t3+(1, 5))	3	98
(1770, 76, 2163, t1) & (4428, 15, 1024, t2=t1+(0, 8)) & (1024, 19, 1770, t3=t2+(0, 8)) -> (4428, 15, 2163, t4=t3+(1, 6))	3	99
(3930, 155, 132, t1) & (3380, 0, 3930, t2=t1+(0, 9)) -> (3930, 0, 3930, t3=t2+(1, 6))	2	100
(953, 165, 3190, t1) & (953, 133, 953, t2=t1+(0, 7)) -> (953, 133, 3190, t3=t2+(1, 5))	2	101
(1886, 24, 314, t1) & (314, 143, 936, t2=t1+(0, 2)) -> (314, 143, 314, t3=t2+(1, 3))	2	102
(2211, 22, 4504, t1) & (4504, 70, 1264, t2=t1+(0, 7)) -> (4504, 70, 4504, t3=t2+(1, 3))	2	103
(536, 146, 1601, t1) & (3537, 5, 536, t2=t1+(0, 5)) -> (536, 5, 536, t3=t2+(1, 6))	2	104
(2294, 13, 1912, t1) & (4793, 185, 1912, t2=t1+(0, 7)) -> (4793, 185, 1912, t3=t2+(1, 3))	2	105
(762, 24, 1321, t1) & (371, 127, 762, t2=t1+(0, 4)) -> (762, 24, 1321, t3=t2+(1, 3))	2	106
(2753, 70, 3470, t1) & (2753, 132, 4627, t2=t1+(0, 6)) -> (3470, 132, 4627, t3=t2+(1, 5))	2	107
(463, 41, 3140, t1) & (1131, 110, 463, t2=t1+(0, 6)) -> (1131, 110, 1131, t3=t2+(1, 10))	2	108
(4754, 107, 1563, t1) & (4754, 179, 1563, t2=t1+(0, 5)) -> (1563, 107, 1563, t3=t2+(1, 9))	2	109
(3966, 168, 884, t1) & (3966, 37, 3966, t2=t1+(0, 5)) -> (3966, 37, 3966, t3=t2+(1, 10))	2	110
(4905, 85, 3811, t1) & (3811, 136, 4896, t2=t1+(0, 1)) -> (4905, 85, 4905, t3=t2+(1, 2))	2	111
(1703, 67, 3640, t1) & (1933, 37, 1703, t2=t1+(0, 8)) -> (1703, 37, 1933, t3=t2+(1, 5))	2	112
(3563, 148, 3438, t1) & (3438, 45, 3438, t2=t1+(0, 6)) -> (3563, 45, 3438, t3=t2+(1, 1))	2	113
(163, 144, 1005, t1) & (20, 0, 163, t2=t1+(0, 6)) -> (163, 144, 163, t3=t2+(1, 3))	2	114
(4809, 64, 4831, t1) & (4850, 27, 4809, t2=t1+(0, 5)) -> (4831, 64, 4809, t3=t2+(1, 9))	2	115
(29, 186, 3310, t1) & (3310, 39, 29, t2=t1+(0, 5)) -> (3310, 39, 29, t3=t2+(1, 8))	2	116
(937, 133, 243, t1) & (937, 33, 243, t2=t1+(0, 6)) -> (243, 33, 937, t3=t2+(1, 5))	2	117
(1797, 153, 1913, t1) & (378, 198, 1913, t2=t1+(0, 3)) -> (1913, 153, 378, t3=t2+(1, 6))	2	118
(4349, 43, 2672, t1) & (3020, 29, 2672, t2=t1+(0, 5)) -> (2672, 43, 2672, t3=t2+(1, 5))	2	119
(4652, 59, 4884, t1) & (4884, 54, 4884, t2=t1+(0, 9)) -> (4652, 54, 4884, t3=t2+(1, 4))	2	120
(2618, 190, 527, t1) & (1643, 193, 527, t2=t1+(0, 3)) -> (527, 190, 2618, t3=t2+(1, 5))	2	121
(2636, 109, 2415, t1) & (2415, 193, 2636, t2=t1+(0, 1)) -> (2415, 193, 2636, t3=t2+(1, 3))	2	122
(2547, 103, 2423, t1) & (2547, 74, 4258, t2=t1+(0, 2)) -> (4258, 74, 2547, t3=t2+(1, 10))	2	123
(2097, 124, 1584, t1) & (2097, 4, 4195, t2=t1+(0, 1)) -> (2097, 124, 2097, t3=t2+(1, 3))	2	124
(4429, 178, 2858, t1) & (1615, 179, 4429, t2=t1+(0, 6)) -> (1615, 179, 2858, t3=t2+(1, 7))	2	125
(1164, 146, 3902, t1) & (1164, 32, 4228, t2=t1+(0, 3)) -> (3902, 32, 4228, t3=t2+(1, 2))	2	126
(567, 159, 83, t1) & (567, 146, 83, t2=t1+(0, 5)) -> (567, 159, 567, t3=t2+(1, 6))	2	127
(3916, 97, 4068, t1) & (3916, 85, 4021, t2=t1+(0, 4)) -> (4068, 85, 4068, t3=t2+(1, 4))	2	128
(1852, 167, 1898, t1) & (4460, 18, 1898, t2=t1+(0, 4)) -> (1852, 167, 4460, t3=t2+(1, 7))	2	129
(1592, 56, 137, t1) & (1981, 75, 137, t2=t1+(0, 4)) -> (1592, 75, 1981, t3=t2+(1, 3))	2	130
(4644, 46, 334, t1) & (4653, 177, 334, t2=t1+(0, 4)) -> (334, 46, 334, t3=t2+(1, 5))	2	131
(4225, 111, 646, t1) & (646, 19, 4225, t2=t1+(0, 6)) -> (4225, 111, 646, t3=t2+(1, 3))	2	132
(3425, 177, 4167, t1) & (3425, 127, 4463, t2=t1+(0, 5)) -> (4463, 127, 3425, t3=t2+(1, 8))	2	133
(4207, 100, 2875, t1) & (2875, 12, 4207, t2=t1+(0, 2)) -> (4207, 12, 2875, t3=t2+(1, 6))	2	134
(1252, 109, 2707, t1) & (2707, 169, 2707, t2=t1+(0, 7)) -> (2707, 109, 1252, t3=t2+(1, 2))	2	135
(4916, 58, 183, t1) & (3900, 83, 4916, t2=t1+(0, 3)) -> (3900, 83, 3900, t3=t2+(1, 7))	2	136
(958, 108, 2887, t1) & (958, 111, 2887, t2=t1+(0, 5)) -> (958, 111, 958, t3=t2+(1, 3))	2	137
(2032, 9, 1894, t1) & (2032, 10, 1894, t2=t1+(0, 11)) -> (1894, 9, 2032, t3=t2+(1, 9))	2	138
(101, 154, 1777, t1) & (101, 118, 1777, t2=t1+(0, 6)) -> (101, 118, 101, t3=t2+(1, 2))	2	139
(3575, 120, 4785, t1) & (3575, 49, 3575, t2=t1+(0, 7)) -> (3575, 120, 3575, t3=t2+(1, 5))	2	140
(484, 24, 1062, t1) & (2045, 35, 484, t2=t1+(0, 7)) -> (2045, 35, 484, t3=t2+(1, 8))	2	141
(935, 105, 1345, t1) & (1345, 132, 935, t2=t1+(0, 4)) -> (935, 105, 935, t3=t2+(1, 3))	2	142
(2008, 61, 3029, t1) & (2159, 35, 3029, t2=t1+(0, 2)) -> (2159, 61, 3029, t3=t2+(1, 4))	2	143
(4176, 65, 193, t1) & (193, 158, 3007, t2=t1+(0, 2)) -> (3007, 65, 3007, t3=t2+(1, 9))	2	144
(4626, 37, 3836, t1) & (3309, 0, 4626, t2=t1+(0, 5)) -> (4626, 37, 4626, t3=t2+(1, 3))	2	145
(3565, 13, 502, t1) & (3265, 8, 3565, t2=t1+(0, 6)) -> (3565, 13, 502, t3=t2+(1, 5))	2	146
(1004, 34, 2513, t1) & (2513, 189, 1048, t2=t1+(0, 7)) -> (1048, 34, 1048, t3=t2+(1, 3))	2	147
(4849, 100, 3155, t1) & (3155, 84, 4849, t2=t1+(0, 4)) -> (4849, 100, 4849, t3=t2+(1, 4))	2	148
(1881, 126, 3105, t1) & (3105, 98, 4092, t2=t1+(0, 4)) -> (4092, 98, 3105, t3=t2+(1, 5))	2	149
(2838, 115, 2606, t1) & (2606, 43, 2606, t2=t1+(0, 4)) -> (2606, 115, 2838, t3=t2+(1, 5))	2	150
(3336, 148, 3647, t1) & (3336, 86, 3336, t2=t1+(0, 5)) -> (3336, 148, 3647, t3=t2+(1, 9))	2	151
(3891, 118, 826, t1) & (826, 186, 826, t2=t1+(0, 1)) -> (826, 118, 826, t3=t2+(1, 3))	2	152
(3996, 158, 1757, t1) & (3996, 7, 3996, t2=t1+(0, 5)) -> (3996, 7, 1757, t3=t2+(1, 7))	2	153
(2552, 171, 3193, t1) & (2552, 158, 3193, t2=t1+(0, 6)) -> (2552, 158, 3193, t3=t2+(1, 4))	2	154
(38, 195, 4098, t1) & (709, 190, 4098, t2=t1+(0, 6)) -> (4098, 195, 709, t3=t2+(1, 6))	2	155
(3236, 46, 4774, t1) & (237, 113, 4774, t2=t1+(0, 3)) -> (4774, 113, 3236, t3=t2+(1, 8))	2	156
(4288, 89, 4957, t1) & (4288, 130, 4957, t2=t1+(0, 5)) -> (4288, 89, 4288, t3=t2+(1, 4))	2	157
(740, 18, 3150, t1) & (2515, 34, 3150, t2=t1+(0, 0)) -> (740, 18, 740, t3=t2+(1, 5))	2	158
(4570, 17, 887, t1) & (887, 9, 4570, t2=t1+(0, 7)) -> (4570, 9, 887, t3=t2+(1, 10))	2	159
(4660, 41, 3508, t1) & (4660, 8, 4660, t2=t1+(0, 7)) -> (3508, 41, 3508, t3=t2+(1, 5))	2	160
(661, 39, 4217, t1) & (661, 9, 4217, t2=t1+(0, 4)) -> (4217, 39, 4217, t3=t2+(1, 8))	2	161
(3454, 37, 971, t1) & (971, 180, 3512, t2=t1+(0, 10)) -> (971, 37, 971, t3=t2+(1, 8))	2	162
(861, 187, 2440, t1) & (2440, 113, 2440, t2=t1+(0, 3)) -> (2440, 113, 2440, t3=t2+(1, 6))	2	163
(55, 133, 2029, t1) & (55, 122, 55, t2=t1+(0, 4)) -> (55, 122, 55, t3=t2+(1, 4))	2	164
(4703, 4, 2972, t1) & (2972, 108, 1817, t2=t1+(0, 7)) -> (2972, 4, 1817, t3=t2+(1, 5))	2	165
(1926, 4, 301, t1) & (2214, 67, 301, t2=t1+(0, 5)) -> (1926, 4, 1926, t3=t2+(1, 1))	2	166
(1282, 24, 236, t1) & (1282, 160, 236, t2=t1+(0, 6)) -> (1282, 160, 1282, t3=t2+(1, 4))	2	167
(4457, 60, 68, t1) & (4457, 42, 1592, t2=t1+(0, 6)) -> (4457, 60, 4457, t3=t2+(1, 4))	2	168
(3489, 8, 1467, t1) & (3489, 192, 3489, t2=t1+(0, 7)) -> (3489, 8, 3489, t3=t2+(1, 7))	2	169
(4153, 187, 4874, t1) & (4874, 12, 4874, t2=t1+(0, 4)) -> (4153, 187, 4153, t3=t2+(1, 7))	2	170
(4859, 184, 2751, t1) & (4859, 98, 4859, t2=t1+(0, 3)) -> (4859, 98, 4859, t3=t2+(1, 7))	2	171
(4664, 39, 3502, t1) & (4664, 49, 4664, t2=t1+(0, 8)) -> (3502, 39, 4664, t3=t2+(1, 3))	2	172
(153, 150, 2285, t1) & (965, 158, 153, t2=t1+(0, 2)) -> (153, 150, 153, t3=t2+(1, 6))	2	173
(3639, 117, 364, t1) & (3639, 141, 614, t2=t1+(0, 6)) -> (614, 117, 3639, t3=t2+(1, 4))	2	174
(1174, 7, 4370, t1) & (1174, 132, 252, t2=t1+(0, 1)) -> (1174, 7, 252, t3=t2+(1, 4))	2	175
(2263, 69, 4699, t1) & (4699, 25, 4699, t2=t1+(0, 8)) -> (4699, 69, 4699, t3=t2+(1, 5))	2	176
(3944, 25, 4946, t1) & (3944, 160, 3944, t2=t1+(0, 6)) -> (4946, 160, 4946, t3=t2+(1, 7))	2	177
(203, 128, 3470, t1) & (3470, 111, 3895, t2=t1+(0, 4)) -> (3895, 111, 3895, t3=t2+(1, 5))	2	178
(4854, 172, 2645, t1) & (4854, 57, 3537, t2=t1+(0, 7)) -> (3537, 172, 4854, t3=t2+(1, 1))	2	179
(4611, 40, 3888, t1) & (3888, 160, 772, t2=t1+(0, 8)) -> (772, 160, 3888, t3=t2+(1, 3))	2	180
(1914, 14, 3417, t1) & (1914, 2, 4362, t2=t1+(0, 3)) -> (3417, 2, 3417, t3=t2+(1, 6))	2	181
(3597, 152, 3846, t1) & (3846, 24, 3597, t2=t1+(0, 6)) -> (3846, 152, 3597, t3=t2+(1, 2))	2	182
(3105, 49, 595, t1) & (3105, 121, 3105, t2=t1+(0, 8)) -> (3105, 49, 595, t3=t2+(1, 4))	2	183
(3717, 58, 2933, t1) & (3717, 116, 3717, t2=t1+(0, 4)) -> (3717, 116, 3717, t3=t2+(1, 3))	2	184
(2117, 12, 1868, t1) & (2117, 15, 2117, t2=t1+(0, 3)) -> (2117, 15, 2117, t3=t2+(1, 4))	2	185
(3954, 1, 836, t1) & (836, 177, 2240, t2=t1+(0, 4)) -> (836, 1, 836, t3=t2+(1, 3))	2	186
(3039, 151, 2441, t1) & (2814, 92, 3039, t2=t1+(0, 4)) -> (3039, 151, 2814, t3=t2+(1, 3))	2	187
(2371, 18, 4162, t1) & (3450, 92, 2371, t2=t1+(0, 7)) -> (2371, 92, 3450, t3=t2+(1, 5))	2	188
(705, 23, 2806, t1) & (2250, 34, 2806, t2=t1+(0, 4)) -> (2250, 34, 705, t3=t2+(1, 7))	2	189
(3584, 123, 146, t1) & (3584, 92, 3584, t2=t1+(0, 5)) -> (146, 123, 3584, t3=t2+(1, 10))	2	190
(391, 107, 93, t1) & (93, 109, 2661, t2=t1+(0, 5)) -> (391, 107, 2661, t3=t2+(1, 4))	2	191
(2981, 14, 1566, t1) & (4993, 12, 2981, t2=t1+(0, 9)) -> (2981, 12, 1566, t3=t2+(1, 2))	2	192
(4518, 90, 4112, t1) & (4112, 164, 4112, t2=t1+(0, 5)) -> (4112, 164, 4112, t3=t2+(1, 8))	2	193
(2424, 58, 4250, t1) & (4250, 77, 4578, t2=t1+(0, 3)) -> (4250, 77, 2424, t3=t2+(1, 4))	2	194
(169, 150, 804, t1) & (804, 115, 804, t2=t1+(0, 3)) -> (804, 150, 804, t3=t2+(1, 4))	2	195
(4340, 82, 2932, t1) & (4053, 97, 4340, t2=t1+(0, 3)) -> (4340, 97, 4340, t3=t2+(1, 3))	2	196
(1517, 61, 485, t1) & (1517, 129, 1517, t2=t1+(0, 2)) -> (485, 129, 1517, t3=t2+(1, 6))	2	197
(3596, 21, 677, t1) & (677, 27, 677, t2=t1+(0, 7)) -> (3596, 21, 677, t3=t2+(1, 6))	2	198
(1032, 19, 3651, t1) & (4810, 124, 3651, t2=t1+(0, 3)) -> (3651, 124, 1032, t3=t2+(1, 4))	2	199
(4579, 85, 2978, t1) -> (4579, 85, 4579, t2=t1+(1, 4))	1	200
(4565, 149, 2254, t1) -> (2254, 149, 2254, t2=t1+(1, 3))	1	201
(3373, 72, 3237, t1) -> (3237, 72, 3373, t2=t1+(1, 5))	1	202
(2955, 116, 984, t1) -> (984, 116, 984, t2=t1+(1, 8))	1	203
(2307, 159, 2867, t1) -> (2867, 159, 2867, t2=t1+(1, 5))	1	204
(1532, 154, 3106, t1) -> (1532, 154, 1532, t2=t1+(1, 7))	1	205
(1246, 72, 2315, t1) -> (1246, 72, 2315, t2=t1+(1, 3))	1	206
(263, 78, 3481, t1) -> (3481, 78, 263, t2=t1+(1, 7))	1	207
(4116, 105, 2642, t1) -> (4116, 105, 4116, t2=t1+(1, 7))	1	208
(4852, 76, 3971, t1) -> (3971, 76, 3971, t2=t1+(1, 3))	1	209
(3252, 40, 3317, t1) -> (3317, 40, 3252, t2=t1+(1, 4))	1	210
(4429, 27, 2633, t1) -> (2633, 27, 2633, t2=t1+(1, 3))	1	211
(763, 40, 3690, t1) -> (763, 40, 3690, t2=t1+(1, 2))	1	212
(4522, 31, 4105, t1) -> (4522, 31, 4105, t2=t1+(1, 4))	1	213
(125, 3, 4805, t1) -> (125, 3, 125, t2=t1+(1, 5))	1	214
(3947, 77, 938, t1) -> (938, 77, 3947, t2=t1+(1, 3))	1	215
(3272, 49, 4400, t1) -> (3272, 49, 4400, t2=t1+(1, 6))	1	216
(3313, 183, 2384, t1) -> (3313, 183, 3313, t2=t1+(1, 8))	1	217
(3586, 78, 534, t1) -> (3586, 78, 534, t2=t1+(1, 6))	1	218
(1324, 81, 979, t1) -> (1324, 81, 1324, t2=t1+(1, 4))	1	219
(4001, 178, 3603, t1) -> (4001, 178, 4001, t2=t1+(1, 3))	1	220
(2897, 103, 3943, t1) -> (2897, 103, 3943, t2=t1+(1, 9))	1	221
(360, 154, 2512, t1) -> (2512, 154, 2512, t2=t1+(1, 6))	1	222
(4537, 125, 585, t1) -> (585, 125, 4537, t2=t1+(1, 8))	1	223
(4408, 147, 2692, t1) -> (4408, 147, 4408, t2=t1+(1, 3))	1	224
(284, 123, 209, t1) -> (209, 123, 209, t2=t1+(1, 8))	1	225
(3751, 38, 4069, t1) -> (4069, 38, 3751, t2=t1+(1, 5))	1	226
(3345, 153, 4798, t1) -> (4798, 153, 3345, t2=t1+(1, 5))	1	227
(4905, 17, 3871, t1) -> (3871, 17, 4905, t2=t1+(1, 3))	1	228
(3078, 62, 4959, t1) -> (3078, 62, 3078, t2=t1+(1, 2))	1	229
(4705, 142, 4881, t1) -> (4881, 142, 4705, t2=t1+(1, 8))	1	230
(2416, 165, 4854, t1) -> (4854, 165, 4854, t2=t1+(1, 5))	1	231
(4320, 183, 1243, t1) -> (4320, 183, 1243, t2=t1+(1, 8))	1	232
(178, 57, 2008, t1) -> (2008, 57, 2008, t2=t1+(1, 5))	1	233
(2998, 147, 2709, t1) -> (2709, 147, 2998, t2=t1+(1, 6))	1	234
(3604, 74, 3440, t1) -> (3440, 74, 3604, t2=t1+(1, 8))	1	235
(4734, 22, 3361, t1) -> (4734, 22, 3361, t2=t1+(1, 11))	1	236
(4799, 149, 1922, t1) -> (1922, 149, 4799, t2=t1+(1, 10))	1	237
(2338, 167, 4258, t1) -> (2338, 167, 2338, t2=t1+(1, 3))	1	238
(1599, 157, 908, t1) -> (908, 157, 908, t2=t1+(1, 6))	1	239
(4340, 1, 4432, t1) -> (4340, 1, 4340, t2=t1+(1, 3))	1	240
(3374, 52, 1245, t1) -> (3374, 52, 3374, t2=t1+(1, 5))	1	241
(4317, 124, 3803, t1) -> (3803, 124, 3803, t2=t1+(1, 7))	1	242
(1387, 59, 4616, t1) -> (1387, 59, 4616, t2=t1+(1, 5))	1	243
(3770, 168, 1229, t1) -> (3770, 168, 1229, t2=t1+(1, 12))	1	244
(4166, 131, 399, t1) -> (399, 131, 399, t2=t1+(1, 7))	1	245
(2796, 56, 3470, t1) -> (2796, 56, 2796, t2=t1+(1, 9))	1	246
(4988, 149, 4196, t1) -> (4988, 149, 4196, t2=t1+(1, 4))	1	247
(464, 178, 4752, t1) -> (464, 178, 4752, t2=t1+(1, 8))	1	248
(2265, 118, 4743, t1) -> (2265, 118, 2265, t2=t1+(1, 1))	1	249
(3036, 86, 4871, t1) -> (3036, 86, 3036, t2=t1+(1, 10))	1	250
(4256, 75, 4046, t1) -> (4046, 75, 4046, t2=t1+(1, 4))	1	251
(2058, 90, 3390, t1) -> (3390, 90, 3390, t2=t1+(1, 7))	1	252
(2218, 182, 1317, t1) -> (2218, 182, 2218, t2=t1+(1, 4))	1	253
(4957, 141, 2973, t1) -> (4957, 141, 4957, t2=t1+(1, 5))	1	254
(3042, 139, 2481, t1) -> (2481, 139, 2481, t2=t1+(1, 8))	1	255
(3307, 129, 2549, t1) -> (2549, 129, 2549, t2=t1+(1, 9))	1	256
(4851, 27, 2165, t1) -> (2165, 27, 2165, t2=t1+(1, 2))	1	257
(1266, 13, 1477, t1) -> (1477, 13, 1266, t2=t1+(1, 6))	1	258
(3866, 184, 1178, t1) -> (1178, 184, 3866, t2=t1+(1, 3))	1	259
(3093, 188, 3573, t1) -> (3573, 188, 3093, t2=t1+(1, 4))	1	260
(768, 105, 2033, t1) -> (2033, 105, 2033, t2=t1+(1, 6))	1	261
(2975, 78, 4320, t1) -> (2975, 78, 4320, t2=t1+(1, 4))	1	262
(4824, 154, 3213, t1) -> (3213, 154, 4824, t2=t1+(1, 2))	1	263
(3329, 181, 2411, t1) -> (3329, 181, 2411, t2=t1+(1, 6))	1	264
(2886, 2, 2054, t1) -> (2054, 2, 2886, t2=t1+(1, 7))	1	265
(1708, 87, 4259, t1) -> (4259, 87, 1708, t2=t1+(1, 3))	1	266
(652, 99, 1910, t1) -> (1910, 99, 652, t2=t1+(1, 7))	1	267
(3194, 100, 2374, t1) -> (2374, 100, 2374, t2=t1+(1, 2))	1	268
(4452, 42, 4200, t1) -> (4452, 42, 4452, t2=t1+(1, 3))	1	269
(4776, 172, 1912, t1) -> (4776, 172, 4776, t2=t1+(1, 9))	1	270
(1669, 195, 3023, t1) -> (3023, 195, 1669, t2=t1+(1, 3))	1	271
(4549, 16, 310, t1) -> (4549, 16, 310, t2=t1+(1, 2))	1	272
(4983, 163, 669, t1) -> (4983, 163, 669, t2=t1+(1, 5))	1	273
(1686, 84, 970, t1) -> (1686, 84, 1686, t2=t1+(1, 5))	1	274
(1512, 117, 2302, t1) -> (1512, 117, 2302, t2=t1+(1, 3))	1	275
(1569, 13, 1415, t1) -> (1569, 13, 1569, t2=t1+(1, 5))	1	276
(645, 166, 4720, t1) -> (4720, 166, 4720, t2=t1+(1, 2))	1	277
(2348, 123, 2303, t1) -> (2303, 123, 2303, t2=t1+(1, 5))	1	278
(1295, 164, 4864, t1) -> (1295, 164, 1295, t2=t1+(1, 3))	1	279
(3126, 187, 161, t1) -> (161, 187, 161, t2=t1+(1, 5))	1	280
(2760, 196, 790, t1) -> (790, 196, 790, t2=t1+(1, 8))	1	281
(3259, 115, 286, t1) -> (286, 115, 286, t2=t1+(1, 6))	1	282
(4899, 195, 568, t1) -> (4899, 195, 4899, t2=t1+(1, 4))	1	283
(2114, 25, 3081, t1) -> (3081, 25, 3081, t2=t1+(1, 3))	1	284
(2270, 36, 2685, t1) -> (2685, 36, 2270, t2=t1+(1, 4))	1	285
(284, 61, 2585, t1) -> (2585, 61, 2585, t2=t1+(1, 4))	1	286
(3742, 92, 2028, t1) -> (3742, 92, 2028, t2=t1+(1, 8))	1	287
(1715, 74, 160, t1) -> (160, 74, 1715, t2=t1+(1, 4))	1	288
(246, 89, 1443, t1) -> (1443, 89, 1443, t2=t1+(1, 5))	1	289
(1957, 79, 1879, t1) -> (1957, 79, 1957, t2=t1+(1, 6))	1	290
(1909, 164, 4601, t1) -> (4601, 164, 1909, t2=t1+(1, 7))	1	291
(763, 92, 810, t1) -> (763, 92, 763, t2=t1+(1, 3))	1	292
(4538, 102, 621, t1) -> (4538, 102, 4538, t2=t1+(1, 6))	1	293
(4345, 84, 4246, t1) -> (4246, 84, 4345, t2=t1+(1, 3))	1	294
(4324, 93, 1376, t1) -> (1376, 93, 1376, t2=t1+(1, 7))	1	295
(1279, 2, 235, t1) -> (1279, 2, 235, t2=t1+(1, 6))	1	296
(3655, 96, 1886, t1) -> (3655, 96, 1886, t2=t1+(1, 7))	1	297
(1205, 104, 2816, t1) -> (2816, 104, 1205, t2=t1+(1, 10))	1	298
(4711, 82, 1085, t1) -> (4711, 82, 1085, t2=t1+(1, 7))	1	299
