(4868, 173, 85, t1) & (4711, 53, 3566, t2=t1+(0, 3)) & (85, 107, 3566, t3=t2+(0, 5)) -> (4711, 173, 85, t4=t3+(1, 10))	3	0
(3916, 176, 3864, t1) & (1070, 124, 3150, t2=t1+(0, 8)) & (3916, 171, 3150, t3=t2+(0, 4)) -> (1070, 124, 3150, t4=t3+(1, 10))	3	1
(3544, 35, 3806, t1) & (4477, 160, 2777, t2=t1+(0, 3)) & (3544, 137, 4477, t3=t2+(0, 5)) -> (4477, 160, 3544, t4=t3+(1, 3))	3	2
(2262, 135, 2624, t1) & (3636, 24, 1404, t2=t1+(0, 6)) & (1404, 47, 2262, t3=t2+(0, 5)) -> (1404, 47, 2262, t4=t3+(1, 5))	3	3
(3384, 21, 4424, t1) & (3275, 64, 277, t2=t1+(0, 4)) & (3384, 95, 3275, t3=t2+(0, 4)) -> (3384, 21, 277, t4=t3+(1, 8))	3	4
(2983, 131, 3516, t1) & (3863, 168, 4743, t2=t1+(0, 6)) & (4743, 64, 2983, t3=t2+(0, 9)) -> (2983, 131, 4743, t4=t3+(1, 5))	3	5
(3715, 54, 1664, t1) & (2040, 197, 3951, t2=t1+(0, 12)) & (3951, 33, 1664, t3=t2+(0, 6)) -> (1664, 197, 3951, t4=t3+(1, 5))	3	6
(3707, 81, 163, t1) & (3853, 22, 816, t2=t1+(0, 2)) & (3853, 57, 3707, t3=t2+(0, 5)) -> (3707, 81, 3853, t4=t3+(1, 6))	3	7
(4674, 40, 1577, t1) & (623, 34, 1142, t2=t1+(0, 3)) & (623, 5, 4674, t3=t2+(0, 5)) -> (1142, 40, 623, t4=t3+(1, 6))	3	8
(1584, 92, 1839, t1) & (1920, 99, 1353, t2=t1+(0, 3)) & (1839, 121, 1353, t3=t2+(0, 3)) -> (1839, 92, 1353, t4=t3+(1, 6))	3	9
(3337, 158, 1363, t1) & (1717, 194, 2514, t2=t1+(0, 5)) & (1717, 57, 3337, t3=t2+(0, 3)) -> (1717, 57, 1717, t4=t3+(1, 5))	3	10
(1583, 138, 307, t1) & (4475, 37, 4295, t2=t1+(0, 7)) & (4295, 8, 1583, t3=t2+(0, 5)) -> (1583, 37, 1583, t4=t3+(1, 8))	3	11
(503, 135, 4932, t1) & (672, 176, 2391, t2=t1+(0, 5)) & (672, 73, 503, t3=t2+(0, 4)) -> (4932, 73, 503, t4=t3+(1, 4))	3	12
(1658, 138, 2314, t1) & (2920, 147, 1625, t2=t1+(0, 9)) & (1625, 129, 2314, t3=t2+(0, 3)) -> (1625, 138, 2314, t4=t3+(1, 2))	3	13
(3220, 134, 3257, t1) & (2774, 42, 1084, t2=t1+(0, 5)) & (2774, 152, 3220, t3=t2+(0, 6)) -> (1084, 152, 3220, t4=t3+(1, 2))	3	14
(55, 18, 2222, t1) & (4174, 32, 2362, t2=t1+(0, 4)) & (2222, 134, 2362, t3=t2+(0, 4)) -> (2222, 18, 2362, t4=t3+(1, 4))	3	15
(3316, 177, 4088, t1) & (4077, 189, 1034, t2=t1+(0, 6)) & (4088, 81, 1034, t3=t2+(0, 6)) -> (4077, 81, 4077, t4=t3+(1, 7))	3	16
(3057, 76, 3900, t1) & (199, 107, 4540, t2=t1+(0, 4)) & (3057, 43, 199, t3=t2+(0, 6)) -> (199, 107, 3900, t4=t3+(1, 7))	3	17
(140, 165, 1556, t1) & (3823, 155, 802, t2=t1+(0, 5)) & (1556, 198, 802, t3=t2+(0, 5)) -> (802, 165, 1556, t4=t3+(1, 3))	3	18
(2019, 30, 2487, t1) & (1265, 65, 4360, t2=t1+(0, 6)) & (1265, 137, 2487, t3=t2+(0, 6)) -> (1265, 65, 2019, t4=t3+(1, 6))	3	19
(3618, 107, 4953, t1) & (4647, 142, 594, t2=t1+(0, 6)) & (4953, 141, 4647, t3=t2+(0, 3)) -> (4953, 141, 4953, t4=t3+(1, 5))	3	20
(2067, 98, 2533, t1) & (2096, 40, 3435, t2=t1+(0, 6)) & (2096, 185, 2533, t3=t2+(0, 3)) -> (2096, 185, 2096, t4=t3+(1, 2))	3	21
(1290, 163, 4442, t1) & (297, 55, 3639, t2=t1+(0, 1)) & (4442, 78, 3639, t3=t2+(0, 5)) -> (4442, 55, 3639, t4=t3+(1, 10))	3	22
(3830, 159, 3471, t1) & (86, 143, 2128, t2=t1+(0, 5)) & (3471, 162, 86, t3=t2+(0, 3)) -> (86, 162, 86, t4=t3+(1, 8))	3	23
(4688, 134, 820, t1) & (4520, 66, 2140, t2=t1+(0, 3)) & (4688, 158, 4520, t3=t2+(0, 3)) -> (820, 158, 4688, t4=t3+(1, 5))	3	24
(2084, 19, 2208, t1) & (184, 141, 2318, t2=t1+(0, 7)) & (2208, 65, 184, t3=t2+(0, 1)) -> (2084, 141, 2208, t4=t3+(1, 9))	3	25
(332, 125, 1833, t1) & (3399, 8, 3792, t2=t1+(0, 4)) & (3399, 3, 332, t3=t2+(0, 4)) -> (332, 125, 3792, t4=t3+(1, 4))	3	26
(3766, 134, 921, t1) & (2116, 132, 3086, t2=t1+(0, 6)) & (3766, 61, 2116, t3=t2+(0, 7)) -> (3086, 134, 2116, t4=t3+(1, 3))	3	27
(351, 21, 722, t1) & (4972, 100, 2954, t2=t1+(0, 3)) & (722, 61, 2954, t3=t2+(0, 5)) -> (2954, 100, 2954, t4=t3+(1, 4))	3	28
(3827, 78, 4895, t1) & (705, 141, 283, t2=t1+(0, 8)) & (4895, 137, 283, t3=t2+(0, 6)) -> (283, 78, 283, t4=t3+(1, 5))	3	29
(3696, 197, 3289, t1) & (1361, 46, 3358, t2=t1+(0, 3)) & (1361, 22, 3289, t3=t2+(0, 9)) -> (3358, 46, 3289, t4=t3+(1, 3))	3	30
(2685, 75, 3395, t1) & (2976, 56, 2966, t2=t1+(0, 5)) & (2976, 14, 3395, t3=t2+(0, 4)) -> (2685, 75, 2685, t4=t3+(1, 6))	3	31
(3697, 128, 2673, t1) & (3589, 17, 4110, t2=t1+(0, 5)) & (2673, 113, 3589, t3=t2+(0, 2)) -> (3697, 113, 3589, t4=t3+(1, 4))	3	32
(4268, 154, 3323, t1) & (1132, 58, 3777, t2=t1+(0, 2)) & (4268, 2, 3777, t3=t2+(0, 7)) -> (1132, 2, 4268, t4=t3+(1, 3))	3	33
(4333, 80, 3285, t1) & (979, 145, 4481, t2=t1+(0, 5)) & (4481, 173, 4333, t3=t2+(0, 5)) -> (4333, 173, 4333, t4=t3+(1, 6))	3	34
(4507, 131, 3902, t1) & (4489, 103, 3008, t2=t1+(0, 3)) & (3902, 58, 4489, t3=t2+(0, 4)) -> (3902, 131, 3008, t4=t3+(1, 7))	3	35
(1137, 102, 1570, t1) & (3899, 108, 1202, t2=t1+(0, 6)) & (1570, 111, 1202, t3=t2+(0, 8)) -> (1570, 108, 1570, t4=t3+(1, 4))	3	36
(319, 125, 1739, t1) & (1551, 133, 4471, t2=t1+(0, 3)) & (319, 164, 4471, t3=t2+(0, 7)) -> (1551, 164, 4471, t4=t3+(1, 5))	3	37
(1517, 92, 2999, t1) & (968, 37, 4820, t2=t1+(0, 4)) & (968, 143, 1517, t3=t2+(0, 5)) -> (1517, 143, 1517, t4=t3+(1, 8))	3	38
(1168, 106, 1337, t1) & (120, 91, 3994, t2=t1+(0, 9)) & (120, 177, 1168, t3=t2+(0, 3)) -> (1168, 91, 120, t4=t3+(1, 7))	3	39
(992, 66, 582, t1) & (8, 5, 711, t2=t1+(0, 4)) & (992, 174, 8, t3=t2+(0, 4)) -> (711, 174, 992, t4=t3+(1, 7))	3	40
(1819, 12, 4679, t1) & (113, 68, 3229, t2=t1+(0, 7)) & (3229, 103, 4679, t3=t2+(0, 4)) -> (1819, 12, 113, t4=t3+(1, 4))	3	41
(4942, 148, 2133, t1) & (2746, 74, 2541, t2=t1+(0, 1)) & (2746, 136, 2133, t3=t2+(0, 7)) -> (2746, 74, 4942, t4=t3+(1, 5))	3	42
(2002, 66, 3467, t1) & (4097, 106, 1035, t2=t1+(0, 5)) & (2002, 66, 1035, t3=t2+(0, 4)) -> (1035, 106, 2002, t4=t3+(1, 8))	3	43
(2854, 29, 4963, t1) & (2363, 142, 4677, t2=t1+(0, 8)) & (4963, 166, 2363, t3=t2+(0, 2)) -> (4963, 142, 4963, t4=t3+(1, 2))	3	44
(3539, 81, 888, t1) & (808, 155, 1012, t2=t1+(0, 3)) & (808, 163, 3539, t3=t2+(0, 3)) -> (3539, 155, 888, t4=t3+(1, 4))	3	45
(860, 181, 2535, t1) & (1508, 88, 2920, t2=t1+(0, 8)) & (2920, 99, 2535, t3=t2+(0, 4)) -> (860, 99, 860, t4=t3+(1, 4))	3	46
(3938, 127, 776, t1) & (3603, 54, 3580, t2=t1+(0, 3)) & (3580, 31, 776, t3=t2+(0, 3)) -> (3580, 54, 3580, t4=t3+(1, 6))	3	47
(3195, 18, 3518, t1) & (2249, 66, 2377, t2=t1+(0, 6)) & (2249, 187, 3518, t3=t2+(0, 7)) -> (3518, 66, 2249, t4=t3+(1, 5))	3	48
(2499, 0, 1709, t1) & (4965, 175, 1558, t2=t1+(0, 7)) & (1709, 3, 1558, t3=t2+(0, 4)) -> (1558, 0, 4965, t4=t3+(1, 4))	3	49
(2492, 176, 4219, t1) & (4148, 111, 2229, t2=t1+(0, 2)) & (2229, 134, 2492, t3=t2+(0, 3)) -> (2492, 111, 4219, t4=t3+(1, 6))	3	50
(1199, 108, 4702, t1) & (4005, 127, 1569, t2=t1+(0, 4)) & (4005, 143, 4702, t3=t2+(0, 2)) -> (1199, 127, 4702, t4=t3+(1, 8))	3	51
(1691, 44, 937, t1) & (1274, 84, 4762, t2=t1+(0, 7)) & (937, 132, 4762, t3=t2+(0, 2)) -> (1274, 132, 937, t4=t3+(1, 6))	3	52
(4244, 98, 3454, t1) & (4819, 59, 3156, t2=t1+(0, 8)) & (3156, 144, 3454, t3=t2+(0, 11)) -> (3156, 59, 3156, t4=t3+(1, 6))	3	53
(1747, 48, 4670, t1) & (2709, 37, 2325, t2=t1+(0, 9)) & (1747, 86, 2709, t3=t2+(0, 2)) -> (4670, 86, 2709, t4=t3+(1, 2))	3	54
(1214, 71, 4846, t1) & (2707, 198, 2116, t2=t1+(0, 5)) & (2116, 132, 4846, t3=t2+(0, 9)) -> (2707, 132, 4846, t4=t3+(1, 3))	3	55
(456, 100, 1601, t1) & (1244, 31, 1125, t2=t1+(0, 7)) & (1601, 44, 1244, t3=t2+(0, 2)) -> (1244, 100, 1125, t4=t3+(1, 5))	3	56
(3278, 67, 336, t1) & (3744, 94, 3928, t2=t1+(0, 6)) & (3928, 162, 3278, t3=t2+(0, 5)) -> (3744, 67, 3928, t4=t3+(1, 5))	3	57
(2594, 60, 4871, t1) & (3220, 72, 4158, t2=t1+(0, 6)) & (4158, 67, 2594, t3=t2+(0, 4)) -> (4158, 72, 4158, t4=t3+(1, 6))	3	58
(4238, 195, 3953, t1) & (4165, 56, 4833, t2=t1+(0, 7)) & (4238, 179, 4833, t3=t2+(0, 7)) -> (4165, 56, 4833, t4=t3+(1, 2))	3	59
(141, 105, 4778, t1) & (2330, 138, 985, t2=t1+(0, 9)) & (141, 140, 2330, t3=t2+(0, 6)) -> (141, 105, 141, t4=t3+(1, 2))	3	60
(124, 50, 1699, t1) & (1575, 91, 1803, t2=t1+(0, 2)) & (124, 95, 1575, t3=t2+(0, 4)) -> (1699, 95, 124, t4=t3+(1, 5))	3	61
(3436, 171, 1471, t1) & (2562, 82, 3398, t2=t1+(0, 2)) & (3398, 162, 3436, t3=t2+(0, 4)) -> (3398, 82, 1471, t4=t3+(1, 6))	3	62
(997, 108, 3193, t1) & (1623, 131, 123, t2=t1+(0, 4)) & (123, 78, 997, t3=t2+(0, 4)) -> (123, 131, 3193, t4=t3+(1, 5))	3	63
(3686, 44, 4732, t1) & (1349, 31, 2327, t2=t1+(0, 4)) & (3686, 87, 1349, t3=t2+(0, 4)) -> (4732, 44, 4732, t4=t3+(1, 2))	3	64
(4348, 73, 1262, t1) & (4304, 50, 739, t2=t1+(0, 4)) & (1262, 105, 739, t3=t2+(0, 9)) -> (4304, 50, 4348, t4=t3+(1, 6))	3	65
(948, 123, 1817, t1) & (847, 184, 335, t2=t1+(0, 4)) & (1817, 20, 335, t3=t2+(0, 5)) -> (948, 123, 1817, t4=t3+(1, 5))	3	66
(2429, 106, 2978, t1) & (2994, 29, 4847, t2=t1+(0, 4)) & (2429, 134, 4847, t3=t2+(0, 7)) -> (2994, 106, 4847, t4=t3+(1, 5))	3	67
(3724, 142, 2255, t1) & (4680, 189, 4561, t2=t1+(0, 4)) & (4680, 167, 3724, t3=t2+(0, 7)) -> (4561, 167, 3724, t4=t3+(1, 5))	3	68
(875, 176, 630, t1) & (3198, 3, 2680, t2=t1+(0, 0)) & (875, 87, 3198, t3=t2+(0, 7)) -> (3198, 176, 2680, t4=t3+(1, 5))	3	69
(2647, 154, 4583, t1) & (4751, 16, 10, t2=t1+(0, 4)) & (10, 174, 2647, t3=t2+(0, 6)) -> (2647, 154, 10, t4=t3+(1, 6))	3	70
(2618, 114, 4005, t1) & (4565, 167, 2586, t2=t1+(0, 5)) & (2618, 52, 4565, t3=t2+(0, 5)) -> (4565, 167, 4565, t4=t3+(1, 3))	3	71
(2023, 165, 3440, t1) & (424, 148, 1591, t2=t1+(0, 3)) & (1591, 95, 2023, t3=t2+(0, 3)) -> (1591, 148, 1591, t4=t3+(1, 10))	3	72
(3468, 174, 1303, t1) & (3503, 31, 1363, t2=t1+(0, 9)) & (1303, 177, 1363, t3=t2+(0, 5)) -> (1363, 177, 1363, t4=t3+(1, 6))	3	73
(2063, 107, 1189, t1) & (92, 185, 3170, t2=t1+(0, 8)) & (92, 113, 2063, t3=t2+(0, 3)) -> (3170, 107, 3170, t4=t3+(1, 3))	3	74
(3750, 86, 536, t1) & (2241, 16, 1683, t2=t1+(0, 4)) & (2241, 5, 3750, t3=t2+(0, 3)) -> (1683, 5, 2241, t4=t3+(1, 9))	3	75
(3180, 165, 2092, t1) & (2426, 37, 290, t2=t1+(0, 5)) & (3180, 188, 2426, t3=t2+(0, 6)) -> (290, 165, 2426, t4=t3+(1, 2))	3	76
(4046, 110, 3353, t1) & (1832, 2, 2852, t2=t1+(0, 3)) & (3353, 48, 2852, t3=t2+(0, 9)) -> (2852, 48, 2852, t4=t3+(1, 3))	3	77
(2718, 177, 2180, t1) & (4784, 130, 407, t2=t1+(0, 5)) & (2180, 145, 4784, t3=t2+(0, 5)) -> (407, 177, 2180, t4=t3+(1, 8))	3	78
(2419, 125, 434, t1) & (2337, 45, 374, t2=t1+(0, 3)) & (374, 98, 2419, t3=t2+(0, 7)) -> (374, 98, 2419, t4=t3+(1, 9))	3	79
(3461, 21, 2291, t1) & (625, 171, 1552, t2=t1+(0, 9)) & (625, 26, 2291, t3=t2+(0, 8)) -> (1552, 21, 625, t4=t3+(1, 7))	3	80
(456, 71, 1336, t1) & (2495, 106, 4870, t2=t1+(0, 2)) & (1336, 64, 4870, t3=t2+(0, 4)) -> (2495, 64, 4870, t4=t3+(1, 1))	3	81
(1129, 18, 1839, t1) & (2399, 190, 3203, t2=t1+(0, 5)) & (1839, 91, 2399, t3=t2+(0, 6)) -> (1839, 91, 2399, t4=t3+(1, 6))	3	82
(2611, 158, 1839, t1) & (2242, 90, 3303, t2=t1+(0, 7)) & (2611, 115, 3303, t3=t2+(0, 7)) -> (2611, 90, 2242, t4=t3+(1, 8))	3	83
(849, 164, 4923, t1) & (1249, 117, 4100, t2=t1+(0, 5)) & (1249, 145, 849, t3=t2+(0, 3)) -> (849, 164, 4100, t4=t3+(1, 10))	3	84
(1403, 181, 4161, t1) & (1730, 34, 1753, t2=t1+(0, 5)) & (1403, 14, 1753, t3=t2+(0, 3)) -> (1753, 34, 1403, t4=t3+(1, 7))	3	85
(511, 95, 1109, t1) & (2317, 131, 4697, t2=t1+(0, 2)) & (4697, 142, 511, t3=t2+(0, 2)) -> (4697, 131, 511, t4=t3+(1, 1))	3	86
(1115, 65, 2043, t1) & (140, 172, 3207, t2=t1+(0, 6)) & (140, 177, 2043, t3=t2+(0, 9)) -> (2043, 177, 140, t4=t3+(1, 9))	3	87
(2857, 94, 2991, t1) & (3488, 164, 1071, t2=t1+(0, 4)) & (2857, 58, 1071, t3=t2+(0, 4)) -> (1071, 58, 2991, t4=t3+(1, 7))	3	88
(2794, 140, 883, t1) & (3645, 127, 3079, t2=t1+(0, 4)) & (3645, 50, 883, t3=t2+(0, 3)) -> (883, 140, 2794, t4=t3+(1, 4))	3	89
(4098, 39, 2237, t1) & (614, 46, 4445, t2=t1+(0, 5)) & (4445, 42, 4098, t3=t2+(0, 4)) -> (4445, 42, 614, t4=t3+(1, 14))	3	90
(2458, 123, 741, t1) & (3806, 103, 1440, t2=t1+(0, 3)) & (2458, 82, 3806, t3=t2+(0, 4)) -> (741, 123, 2458, t4=t3+(1, 5))	3	91
(4743, 140, 732, t1) & (3626, 143, 1391, t2=t1+(0, 4)) & (3626, 74, 4743, t3=t2+(0, 3)) -> (4743, 140, 3626, t4=t3+(1, 3))	3	92
(1737, 58, 1720, t1) & (3290, 17, 3860, t2=t1+(0, 9)) & (3290, 191, 1737, t3=t2+(0, 5)) -> (1720, 191, 3290, t4=t3+(1, 2))	3	93
(762, 116, 4825, t1) & (3365, 135, 2731, t2=t1+(0, 8)) & (762, 46, 3365, t3=t2+(0, 3)) -> (762, 116, 762, t4=t3+(1, 6))	3	94
(234, 59, 1099, t1) & (4113, 170, 1969, t2=t1+(0, 6)) & (1969, 72, 1099, t3=t2+(0, 4)) -> (1969, 59, 234, t4=t3+(1, 6))	3	95
(2441, 98, 3925, t1) & (322, 11, 4982, t2=t1+(0, 2)) & (3925, 179, 322, t3=t2+(0, 5)) -> (2441, 11, 3925, t4=t3+(1, 7))	3	96
(634, 148, 2030, t1) & (3017, 191, 3582, t2=t1+(0, 9)) & (2030, 164, 3582, t3=t2+(0, 3)) -> (3582, 164, 3582, t4=t3+(1, 7))	3	97
(1693, 54, 204, t1) & (2208, 85, 4138, t2=t1+(0, 4)) & (1693, 53, 2208, t3=t2+(0, 4)) -> (204, 54, 204, t4=t3+(1, 8))	3	98
(4960, 149, 3617, t1) & (1227, 46, 2639, t2=t1+(0, 2)) & (1227, 126, 3617, t3=t2+(0, 5)) -> (1227, 149, 4960, t4=t3+(1, 5))	3	99
(2433, 113, 118, t1) & (2202, 35, 3966, t2=t1+(0, 5)) & (2433, 8, 2202, t3=t2+(0, 8)) -> (3966, 113, 2202, t4=t3+(1, 6))	3	100
(2911, 152, 791, t1) & (835, 158, 4797, t2=t1+(0, 6)) & (791, 67, 835, t3=t2+(0, 2)) -> (791, 158, 835, t4=t3+(1, 8))	3	101
(2946, 111, 1609, t1) & (4381, 128, 1542, t2=t1+(0, 3)) & (1542, 31, 2946, t3=t2+(0, 3)) -> (1609, 111, 2946, t4=t3+(1, 4))	3	102
(3264, 66, 575, t1) & (2538, 53, 1794, t2=t1+(0, 5)) & (1794, 110, 3264, t3=t2+(0, 8)) -> (3264, 110, 575, t4=t3+(1, 3))	3	103
(853, 140, 3904, t1) & (141, 134, 2512, t2=t1+(0, 3)) & (3904, 33, 141, t3=t2+(0, 6)) -> (3904, 134, 141, t4=t3+(1, 3))	3	104
(4829, 167, 4218, t1) & (4020, 188, 3926, t2=t1+(0, 4)) & (4218, 136, 3926, t3=t2+(0, 7)) -> (4218, 188, 4218, t4=t3+(1, 5))	3	105
(117, 3, 4316, t1) & (1287, 26, 1680, t2=t1+(0, 3)) & (1680, 96, 117, t3=t2+(0, 1)) -> (117, 3, 1287, t4=t3+(1, 2))	3	106
(4351, 10, 4140, t1) & (1424, 193, 1965, t2=t1+(0, 3)) & (4351, 137, 1965, t3=t2+(0, 5)) -> (4140, 10, 4140, t4=t3+(1, 1))	3	107
(2075, 172, 3540, t1) & (3861, 188, 3810, t2=t1+(0, 7)) & (3540, 17, 3810, t3=t2+(0, 7)) -> (3810, 172, 3810, t4=t3+(1, 5))	3	108
(4665, 119, 1896, t1) & (2427, 61, 1029, t2=t1+(0, 8)) & (4665, 90, 1029, t3=t2+(0, 5)) -> (4665, 90, 4665, t4=t3+(1, 7))	3	109
(2430, 153, 349, t1) & (4877, 58, 4577, t2=t1+(0, 6)) & (4577, 51, 2430, t3=t2+(0, 6)) -> (349, 58, 4577, t4=t3+(1, 4))	3	110
(4799, 162, 2981, t1) & (2910, 86, 3240, t2=t1+(0, 5)) & (3240, 97, 4799, t3=t2+(0, 3)) -> (3240, 97, 3240, t4=t3+(1, 7))	3	111
(1217, 134, 2948, t1) & (2716, 104, 3614, t2=t1+(0, 6)) & (2716, 40, 1217, t3=t2+(0, 4)) -> (1217, 40, 2716, t4=t3+(1, 6))	3	112
(4357, 136, 1953, t1) & (3137, 24, 4467, t2=t1+(0, 10)) & (4357, 38, 3137, t3=t2+(0, 3)) -> (4357, 38, 4467, t4=t3+(1, 2))	3	113
(3640, 62, 567, t1) & (3894, 129, 3054, t2=t1+(0, 7)) & (3894, 92, 567, t3=t2+(0, 3)) -> (3640, 129, 3054, t4=t3+(1, 6))	3	114
(2636, 79, 3735, t1) & (885, 41, 3432, t2=t1+(0, 5)) & (3735, 127, 885, t3=t2+(0, 5)) -> (3432, 41, 885, t4=t3+(1, 4))	3	115
(2403, 97, 3019, t1) & (1458, 187, 1201, t2=t1+(0, 5)) & (2403, 10, 1458, t3=t2+(0, 2)) -> (1458, 187, 2403, t4=t3+(1, 5))	3	116
(932, 111, 3719, t1) & (3489, 159, 503, t2=t1+(0, 3)) & (503, 56, 932, t3=t2+(0, 7)) -> (3489, 111, 3489, t4=t3+(1, 3))	3	117
(3895, 122, 2233, t1) & (1125, 147, 284, t2=t1+(0, 5)) & (284, 183, 2233, t3=t2+(0, 4)) -> (2233, 147, 284, t4=t3+(1, 4))	3	118
(2821, 190, 1930, t1) & (289, 55, 2464, t2=t1+(0, 4)) & (2464, 197, 2821, t3=t2+(0, 6)) -> (289, 197, 2464, t4=t3+(1, 6))	3	119
(3096, 82, 1289, t1) & (4294, 49, 2717, t2=t1+(0, 8)) & (2717, 114, 3096, t3=t2+(0, 5)) -> (2717, 82, 1289, t4=t3+(1, 4))	3	120
(1963, 94, 4827, t1) & (4943, 22, 4534, t2=t1+(0, 5)) & (4827, 178, 4943, t3=t2+(0, 3)) -> (4943, 22, 4827, t4=t3+(1, 3))	3	121
(3795, 138, 2170, t1) & (682, 9, 4770, t2=t1+(0, 4)) & (2170, 192, 682, t3=t2+(0, 7)) -> (2170, 9, 682, t4=t3+(1, 8))	3	122
(2701, 173, 862, t1) & (2191, 153, 2765, t2=t1+(0, 6)) & (2701, 72, 2765, t3=t2+(0, 1)) -> (2765, 153, 2701, t4=t3+(1, 2))	3	123
(2731, 90, 4970, t1) & (4120, 10, 843, t2=t1+(0, 5)) & (843, 32, 2731, t3=t2+(0, 6)) -> (2731, 32, 4120, t4=t3+(1, 3))	3	124
(3429, 148, 4327, t1) & (4758, 65, 4351, t2=t1+(0, 3)) & (4351, 46, 3429, t3=t2+(0, 7)) -> (3429, 65, 4351, t4=t3+(1, 6))	3	125
(3660, 129, 4689, t1) & (3452, 61, 2482, t2=t1+(0, 9)) & (4689, 28, 2482, t3=t2+(0, 5)) -> (4689, 28, 3452, t4=t3+(1, 3))	3	126
(3697, 66, 2605, t1) & (4079, 10, 2945, t2=t1+(0, 7)) & (2945, 39, 2605, t3=t2+(0, 5)) -> (4079, 66, 4079, t4=t3+(1, 4))	3	127
(123, 78, 124, t1) & (835, 87, 1420, t2=t1+(0, 6)) & (835, 175, 124, t3=t2+(0, 9)) -> (123, 87, 124, t4=t3+(1, 9))	3	128
(4658, 156, 4228, t1) & (1948, 197, 3418, t2=t1+(0, 6)) & (1948, 120, 4228, t3=t2+(0, 4)) -> (1948, 197, 4228, t4=t3+(1, 4))	3	129
(2961, 83, 3868, t1) & (4277, 168, 1831, t2=t1+(0, 8)) & (1831, 197, 3868, t3=t2+(0, 5)) -> (1831, 197, 2961, t4=t3+(1, 6))	3	130
(2083, 165, 4806, t1) & (4976, 193, 960, t2=t1+(0, 3)) & (4976, 119, 2083, t3=t2+(0, 4)) -> (4976, 165, 2083, t4=t3+(1, 10))	3	131
(3127, 85, 1860, t1) & (772, 76, 3442, t2=t1+(0, 7)) & (772, 59, 3127, t3=t2+(0, 3)) -> (3442, 85, 772, t4=t3+(1, 6))	3	132
(4714, 144, 3272, t1) & (4283, 97, 2933, t2=t1+(0, 6)) & (4714, 94, 4283, t3=t2+(0, 2)) -> (3272, 97, 4283, t4=t3+(1, 4))	3	133
(4624, 183, 915, t1) & (2240, 164, 3639, t2=t1+(0, 5)) & (915, 41, 3639, t3=t2+(0, 4)) -> (3639, 183, 915, t4=t3+(1, 3))	3	134
(827, 92, 3743, t1) & (385, 142, 2211, t2=t1+(0, 7)) & (3743, 28, 2211, t3=t2+(0, 3)) -> (2211, 28, 3743, t4=t3+(1, 6))	3	135
(3704, 61, 1503, t1) & (4245, 18, 2648, t2=t1+(0, 4)) & (4245, 184, 1503, t3=t2+(0, 4)) -> (2648, 61, 3704, t4=t3+(1, 5))	3	136
(2710, 28, 352, t1) & (297, 44, 4465, t2=t1+(0, 5)) & (2710, 68, 4465, t3=t2+(0, 5)) -> (2710, 68, 2710, t4=t3+(1, 3))	3	137
(4461, 54, 4639, t1) & (1209, 146, 2401, t2=t1+(0, 0)) & (4461, 85, 2401, t3=t2+(0, 5)) -> (4461, 54, 4461, t4=t3+(1, 5))	3	138
(4129, 36, 972, t1) & (4668, 16, 3504, t2=t1+(0, 8)) & (4129, 2, 4668, t3=t2+(0, 8)) -> (4129, 36, 4668, t4=t3+(1, 1))	3	139
(2933, 137, 71, t1) & (2226, 171, 4180, t2=t1+(0, 6)) & (2226, 133, 2933, t3=t2+(0, 8)) -> (2933, 133, 2933, t4=t3+(1, 3))	3	140
(4092, 122, 884, t1) & (3579, 132, 3245, t2=t1+(0, 9)) & (3245, 5, 884, t3=t2+(0, 6)) -> (884, 122, 884, t4=t3+(1, 7))	3	141
(1851, 12, 1292, t1) & (154, 23, 3072, t2=t1+(0, 4)) & (1292, 66, 154, t3=t2+(0, 5)) -> (3072, 66, 1292, t4=t3+(1, 3))	3	142
(2540, 174, 3570, t1) & (30, 50, 766, t2=t1+(0, 3)) & (766, 132, 2540, t3=t2+(0, 3)) -> (766, 174, 3570, t4=t3+(1, 6))	3	143
(2450, 114, 4655, t1) & (1666, 62, 4888, t2=t1+(0, 2)) & (2450, 135, 1666, t3=t2+(0, 6)) -> (4655, 135, 1666, t4=t3+(1, 4))	3	144
(2016, 198, 2223, t1) & (4951, 79, 4015, t2=t1+(0, 10)) & (2016, 118, 4015, t3=t2+(0, 8)) -> (4015, 79, 4015, t4=t3+(1, 3))	3	145
(3642, 112, 4440, t1) & (1430, 180, 1827, t2=t1+(0, 5)) & (1430, 19, 3642, t3=t2+(0, 2)) -> (1827, 180, 3642, t4=t3+(1, 5))	3	146
(1730, 18, 2046, t1) & (2171, 190, 950, t2=t1+(0, 7)) & (2171, 74, 1730, t3=t2+(0, 3)) -> (1730, 74, 2046, t4=t3+(1, 7))	3	147
(4753, 119, 205, t1) & (2961, 61, 4934, t2=t1+(0, 3)) & (2961, 46, 4753, t3=t2+(0, 3)) -> (4934, 46, 2961, t4=t3+(1, 11))	3	148
(2329, 72, 1658, t1) & (269, 188, 3048, t2=t1+(0, 5)) & (1658, 47, 3048, t3=t2+(0, 9)) -> (269, 47, 3048, t4=t3+(1, 5))	3	149
(160, 123, 4984, t1) & (1772, 170, 1887, t2=t1+(0, 3)) & (1887, 184, 160, t3=t2+(0, 9)) -> (160, 184, 1772, t4=t3+(1, 8))	3	150
(1191, 174, 2698, t1) & (4023, 116, 4170, t2=t1+(0, 3)) & (2698, 174, 4023, t3=t2+(0, 1)) -> (4023, 116, 4023, t4=t3+(1, 2))	3	151
(4692, 124, 903, t1) & (2193, 35, 4998, t2=t1+(0, 4)) & (4692, 58, 2193, t3=t2+(0, 2)) -> (2193, 58, 4692, t4=t3+(1, 4))	3	152
(4140, 185, 2298, t1) & (4684, 67, 4258, t2=t1+(0, 7)) & (4684, 198, 2298, t3=t2+(0, 7)) -> (2298, 198, 4140, t4=t3+(1, 4))	3	153
(1828, 162, 4857, t1) & (1386, 175, 3644, t2=t1+(0, 3)) & (1386, 6, 1828, t3=t2+(0, 6)) -> (4857, 175, 1828, t4=t3+(1, 9))	3	154
(4113, 159, 819, t1) & (4035, 75, 2911, t2=t1+(0, 6)) & (819, 66, 2911, t3=t2+(0, 5)) -> (4035, 75, 4113, t4=t3+(1, 5))	3	155
(4509, 22, 3603, t1) & (2773, 123, 3599, t2=t1+(0, 5)) & (3599, 174, 3603, t3=t2+(0, 3)) -> (3603, 174, 3599, t4=t3+(1, 5))	3	156
(1690, 66, 4505, t1) & (2999, 137, 2206, t2=t1+(0, 7)) & (4505, 95, 2999, t3=t2+(0, 9)) -> (1690, 137, 2999, t4=t3+(1, 6))	3	157
(3064, 181, 2621, t1) & (4636, 104, 4670, t2=t1+(0, 4)) & (2621, 124, 4636, t3=t2+(0, 4)) -> (3064, 181, 2621, t4=t3+(1, 1))	3	158
(4478, 137, 4728, t1) & (1880, 116, 2287, t2=t1+(0, 6)) & (1880, 84, 4478, t3=t2+(0, 5)) -> (1880, 116, 4728, t4=t3+(1, 7))	3	159
(4522, 162, 3202, t1) & (1745, 151, 3303, t2=t1+(0, 6)) & (4522, 129, 3303, t3=t2+(0, 6)) -> (1745, 129, 3303, t4=t3+(1, 6))	3	160
(457, 68, 302, t1) & (813, 178, 1931, t2=t1+(0, 4)) & (813, 155, 302, t3=t2+(0, 3)) -> (302, 178, 457, t4=t3+(1, 4))	3	161
(3211, 159, 3991, t1) & (4491, 145, 3954, t2=t1+(0, 7)) & (3991, 129, 3954, t3=t2+(0, 5)) -> (3211, 129, 3991, t4=t3+(1, 5))	3	162
(4195, 107, 3391, t1) & (3532, 27, 2859, t2=t1+(0, 4)) & (2859, 119, 3391, t3=t2+(0, 6)) -> (2859, 27, 3532, t4=t3+(1, 2))	3	163
(3960, 9, 4818, t1) & (1411, 149, 184, t2=t1+(0, 5)) & (4818, 128, 184, t3=t2+(0, 1)) -> (4818, 9, 1411, t4=t3+(1, 5))	3	164
(3673, 172, 3040, t1) & (1745, 116, 4995, t2=t1+(0, 10)) & (3040, 187, 1745, t3=t2+(0, 6)) -> (3040, 187, 3673, t4=t3+(1, 10))	3	165
(181, 133, 885, t1) & (3643, 105, 2703, t2=t1+(0, 4)) & (181, 197, 2703, t3=t2+(0, 7)) -> (3643, 133, 181, t4=t3+(1, 4))	3	166
(944, 134, 1064, t1) & (2746, 196, 1892, t2=t1+(0, 1)) & (2746, 197, 1064, t3=t2+(0, 4)) -> (1892, 196, 1892, t4=t3+(1, 6))	3	167
(2800, 84, 4230, t1) & (2243, 178, 2437, t2=t1+(0, 6)) & (2800, 181, 2243, t3=t2+(0, 3)) -> (2437, 181, 4230, t4=t3+(1, 8))	3	168
(239, 89, 3658, t1) & (1539, 107, 4002, t2=t1+(0, 5)) & (239, 75, 1539, t3=t2+(0, 3)) -> (239, 107, 3658, t4=t3+(1, 6))	3	169
(2501, 155, 704, t1) & (1807, 132, 4447, t2=t1+(0, 5)) & (4447, 155, 704, t3=t2+(0, 3)) -> (704, 132, 1807, t4=t3+(1, 6))	3	170
(3828, 110, 3806, t1) & (3091, 110, 1949, t2=t1+(0, 6)) & (3091, 125, 3806, t3=t2+(0, 5)) -> (3828, 110, 1949, t4=t3+(1, 10))	3	171
(2175, 196, 4504, t1) & (4106, 189, 1686, t2=t1+(0, 4)) & (2175, 93, 4106, t3=t2+(0, 3)) -> (4106, 93, 4106, t4=t3+(1, 4))	3	172
(167, 68, 1080, t1) & (737, 98, 4422, t2=t1+(0, 6)) & (167, 3, 4422, t3=t2+(0, 6)) -> (737, 68, 167, t4=t3+(1, 7))	3	173
(2506, 186, 2657, t1) & (526, 88, 4611, t2=t1+(0, 8)) & (2657, 43, 4611, t3=t2+(0, 5)) -> (2657, 88, 4611, t4=t3+(1, 3))	3	174
(956, 106, 1935, t1) & (678, 70, 1892, t2=t1+(0, 4)) & (956, 40, 678, t3=t2+(0, 7)) -> (1892, 40, 678, t4=t3+(1, 8))	3	175
(3978, 52, 3734, t1) & (3231, 83, 968, t2=t1+(0, 1)) & (3978, 74, 3231, t3=t2+(0, 2)) -> (3231, 52, 3978, t4=t3+(1, 7))	3	176
(294, 87, 4654, t1) & (1198, 161, 4838, t2=t1+(0, 8)) & (1198, 6, 4654, t3=t2+(0, 1)) -> (1198, 6, 1198, t4=t3+(1, 5))	3	177
(1498, 199, 381, t1) & (3323, 178, 641, t2=t1+(0, 9)) & (641, 161, 381, t3=t2+(0, 4)) -> (381, 161, 1498, t4=t3+(1, 3))	3	178
(420, 3, 3243, t1) & (3263, 37, 4176, t2=t1+(0, 6)) & (3263, 14, 420, t3=t2+(0, 5)) -> (3263, 14, 3243, t4=t3+(1, 5))	3	179
(4505, 178, 3736, t1) & (739, 177, 1179, t2=t1+(0, 5)) & (1179, 19, 3736, t3=t2+(0, 8)) -> (739, 19, 3736, t4=t3+(1, 7))	3	180
(2098, 159, 3344, t1) & (414, 10, 3527, t2=t1+(0, 6)) & (2098, 150, 414, t3=t2+(0, 6)) -> (3344, 150, 3527, t4=t3+(1, 2))	3	181
(1930, 155, 1067, t1) & (1439, 177, 4582, t2=t1+(0, 10)) & (1930, 23, 4582, t3=t2+(0, 6)) -> (1930, 177, 1930, t4=t3+(1, 2))	3	182
(586, 29, 2031, t1) & (4553, 105, 1917, t2=t1+(0, 5)) & (1917, 156, 2031, t3=t2+(0, 2)) -> (586, 105, 2031, t4=t3+(1, 4))	3	183
(1617, 4, 2526, t1) & (1338, 11, 3954, t2=t1+(0, 6)) & (2526, 89, 3954, t3=t2+(0, 7)) -> (3954, 89, 1338, t4=t3+(1, 7))	3	184
(266, 61, 3791, t1) & (812, 138, 4521, t2=t1+(0, 6)) & (4521, 56, 3791, t3=t2+(0, 7)) -> (3791, 61, 4521, t4=t3+(1, 7))	3	185
(2834, 25, 3308, t1) & (94, 67, 3565, t2=t1+(0, 3)) & (3308, 177, 94, t3=t2+(0, 7)) -> (3308, 25, 94, t4=t3+(1, 9))	3	186
(4746, 64, 2966, t1) & (967, 44, 3584, t2=t1+(0, 3)) & (3584, 13, 2966, t3=t2+(0, 9)) -> (3584, 64, 967, t4=t3+(1, 7))	3	187
(4214, 187, 80, t1) & (4549, 173, 4877, t2=t1+(0, 4)) & (4877, 157, 4214, t3=t2+(0, 3)) -> (4877, 187, 80, t4=t3+(1, 6))	3	188
(3576, 117, 1448, t1) & (4527, 165, 4135, t2=t1+(0, 2)) & (1448, 28, 4135, t3=t2+(0, 4)) -> (4135, 117, 4527, t4=t3+(1, 4))	3	189
(2726, 52, 4171, t1) & (2320, 21, 2690, t2=t1+(0, 3)) & (2690, 99, 4171, t3=t2+(0, 6)) -> (4171, 21, 2690, t4=t3+(1, 6))	3	190
(3540, 133, 4094, t1) & (731, 173, 677, t2=t1+(0, 6)) & (3540, 44, 731, t3=t2+(0, 1)) -> (3540, 173, 3540, t4=t3+(1, 3))	3	191
(4819, 109, 3448, t1) & (4249, 11, 1888, t2=t1+(0, 1)) & (4819, 138, 4249, t3=t2+(0, 2)) -> (4819, 109, 4819, t4=t3+(1, 4))	3	192
(4766, 77, 4851, t1) & (982, 117, 2951, t2=t1+(0, 3)) & (4766, 8, 2951, t3=t2+(0, 5)) -> (4851, 77, 2951, t4=t3+(1, 4))	3	193
(564, 18, 1465, t1) & (3616, 99, 4538, t2=t1+(0, 6)) & (1465, 68, 3616, t3=t2+(0, 6)) -> (3616, 68, 1465, t4=t3+(1, 8))	3	194
(1233, 41, 3392, t1) & (1014, 4, 1339, t2=t1+(0, 1)) & (1339, 6, 1233, t3=t2+(0, 8)) -> (1014, 4, 1233, t4=t3+(1, 4))	3	195
(3643, 19, 4177, t1) & (1558, 142, 2460, t2=t1+(0, 4)) & (4177, 85, 1558, t3=t2+(0, 5)) -> (1558, 85, 2460, t4=t3+(1, 5))	3	196
(1889, 16, 4715, t1) & (3683, 113, 3020, t2=t1+(0, 5)) & (3020, 78, 4715, t3=t2+(0, 5)) -> (3683, 78, 4715, t4=t3+(1, 8))	3	197
(3133, 164, 2661, t1) & (3134, 45, 2538, t2=t1+(0, 8)) & (2661, 187, 3134, t3=t2+(0, 5)) -> (2538, 164, 3133, t4=t3+(1, 8))	3	198
(3775, 118, 4260, t1) & (3733, 105, 294, t2=t1+(0, 4)) & (294, 165, 4260, t3=t2+(0, 4)) -> (294, 118, 3733, t4=t3+(1, 6))	3	199
(1840, 0, 1261, t1) & (3335, 186, 2185, t2=t1+(0, 2)) & (2185, 115, 1840, t3=t2+(0, 3)) -> (2185, 0, 1840, t4=t3+(1, 6))	3	200
(1908, 154, 2829, t1) & (4722, 30, 4510, t2=t1+(0, 6)) & (2829, 11, 4510, t3=t2+(0, 3)) -> (1908, 11, 4510, t4=t3+(1, 7))	3	201
(3080, 149, 885, t1) & (1516, 83, 877, t2=t1+(0, 16)) & (3080, 12, 877, t3=t2+(0, 6)) -> (885, 149, 885, t4=t3+(1, 8))	3	202
(4115, 125, 246, t1) & (2906, 0, 2343, t2=t1+(0, 8)) & (4115, 112, 2343, t3=t2+(0, 5)) -> (246, 0, 2343, t4=t3+(1, 4))	3	203
(3605, 128, 4578, t1) & (2404, 115, 1278, t2=t1+(0, 10)) & (2404, 32, 4578, t3=t2+(0, 7)) -> (4578, 128, 4578, t4=t3+(1, 6))	3	204
(1526, 47, 1874, t1) & (1022, 28, 3239, t2=t1+(0, 6)) & (1022, 86, 1874, t3=t2+(0, 5)) -> (1874, 47, 1022, t4=t3+(1, 9))	3	205
(1420, 80, 1614, t1) & (3749, 42, 3803, t2=t1+(0, 6)) & (3803, 142, 1614, t3=t2+(0, 5)) -> (3749, 142, 1614, t4=t3+(1, 6))	3	206
(3138, 107, 3295, t1) & (2291, 175, 3022, t2=t1+(0, 0)) & (3295, 25, 2291, t3=t2+(0, 8)) -> (3022, 25, 3022, t4=t3+(1, 9))	3	207
(4875, 90, 2790, t1) & (1323, 91, 1893, t2=t1+(0, 4)) & (1323, 154, 4875, t3=t2+(0, 4)) -> (4875, 91, 4875, t4=t3+(1, 5))	3	208
(1133, 22, 834, t1) & (1375, 4, 2280, t2=t1+(0, 6)) & (834, 32, 1375, t3=t2+(0, 7)) -> (2280, 4, 1375, t4=t3+(1, 1))	3	209
(2098, 175, 863, t1) & (2023, 20, 4228, t2=t1+(0, 6)) & (2023, 27, 2098, t3=t2+(0, 6)) -> (2023, 175, 2023, t4=t3+(1, 7))	3	210
(1071, 59, 1683, t1) & (4676, 6, 192, t2=t1+(0, 4)) & (192, 181, 1071, t3=t2+(0, 7)) -> (1683, 181, 1071, t4=t3+(1, 3))	3	211
(2071, 50, 4196, t1) & (2124, 102, 1731, t2=t1+(0, 2)) & (2124, 198, 4196, t3=t2+(0, 5)) -> (2124, 50, 1731, t4=t3+(1, 7))	3	212
(2039, 1, 294, t1) & (1097, 161, 4694, t2=t1+(0, 5)) & (294, 61, 4694, t3=t2+(0, 11)) -> (1097, 61, 294, t4=t3+(1, 4))	3	213
(3326, 190, 4019, t1) & (1820, 115, 2034, t2=t1+(0, 4)) & (3326, 134, 1820, t3=t2+(0, 3)) -> (1820, 115, 1820, t4=t3+(1, 6))	3	214
(1273, 50, 4506, t1) & (3881, 130, 740, t2=t1+(0, 3)) & (3881, 6, 4506, t3=t2+(0, 4)) -> (4506, 50, 3881, t4=t3+(1, 7))	3	215
(2037, 109, 4515, t1) & (2007, 95, 3002, t2=t1+(0, 6)) & (3002, 149, 4515, t3=t2+(0, 4)) -> (3002, 95, 4515, t4=t3+(1, 3))	3	216
(1516, 72, 4425, t1) & (1617, 124, 3581, t2=t1+(0, 5)) & (4425, 199, 1617, t3=t2+(0, 4)) -> (3581, 124, 4425, t4=t3+(1, 8))	3	217
(3637, 8, 210, t1) & (1489, 123, 3390, t2=t1+(0, 4)) & (1489, 97, 3637, t3=t2+(0, 4)) -> (3637, 8, 3637, t4=t3+(1, 3))	3	218
(4598, 128, 4707, t1) & (21, 66, 4583, t2=t1+(0, 3)) & (4598, 181, 4583, t3=t2+(0, 1)) -> (4598, 128, 21, t4=t3+(1, 4))	3	219
(2624, 59, 1984, t1) & (4203, 56, 1086, t2=t1+(0, 7)) & (1984, 77, 1086, t3=t2+(0, 3)) -> (1984, 59, 1086, t4=t3+(1, 7))	3	220
(2612, 127, 1306, t1) & (3502, 45, 3282, t2=t1+(0, 9)) & (3282, 47, 1306, t3=t2+(0, 5)) -> (3502, 45, 2612, t4=t3+(1, 3))	3	221
(1673, 178, 4769, t1) & (4199, 47, 2891, t2=t1+(0, 6)) & (4769, 118, 2891, t3=t2+(0, 11)) -> (2891, 178, 1673, t4=t3+(1, 6))	3	222
(2835, 113, 106, t1) & (863, 149, 1197, t2=t1+(0, 12)) & (1197, 86, 106, t3=t2+(0, 6)) -> (106, 113, 1197, t4=t3+(1, 3))	3	223
(1930, 69, 3059, t1) & (4878, 142, 1164, t2=t1+(0, 3)) & (3059, 164, 4878, t3=t2+(0, 3)) -> (4878, 164, 3059, t4=t3+(1, 3))	3	224
(1248, 12, 3087, t1) & (2417, 191, 841, t2=t1+(0, 8)) & (841, 5, 3087, t3=t2+(0, 5)) -> (1248, 12, 1248, t4=t3+(1, 2))	3	225
(174, 36, 922, t1) & (1631, 36, 2708, t2=t1+(0, 10)) & (2708, 94, 922, t3=t2+(0, 3)) -> (2708, 36, 922, t4=t3+(1, 4))	3	226
(3766, 143, 4806, t1) & (2781, 67, 3113, t2=t1+(0, 7)) & (2781, 138, 4806, t3=t2+(0, 3)) -> (3766, 138, 3766, t4=t3+(1, 6))	3	227
(322, 165, 2236, t1) & (221, 181, 4749, t2=t1+(0, 7)) & (4749, 21, 322, t3=t2+(0, 6)) -> (4749, 165, 4749, t4=t3+(1, 4))	3	228
(4379, 20, 3974, t1) & (1123, 182, 484, t2=t1+(0, 2)) & (3974, 187, 1123, t3=t2+(0, 6)) -> (3974, 20, 1123, t4=t3+(1, 10))	3	229
(2456, 182, 1497, t1) & (3560, 33, 1579, t2=t1+(0, 7)) & (1497, 146, 1579, t3=t2+(0, 4)) -> (2456, 146, 3560, t4=t3+(1, 12))	3	230
(3803, 122, 1365, t1) & (4868, 151, 3064, t2=t1+(0, 6)) & (1365, 152, 3064, t3=t2+(0, 6)) -> (4868, 152, 3803, t4=t3+(1, 8))	3	231
(4500, 158, 2560, t1) & (3954, 80, 922, t2=t1+(0, 8)) & (922, 38, 4500, t3=t2+(0, 9)) -> (3954, 158, 922, t4=t3+(1, 7))	3	232
(491, 136, 803, t1) & (1313, 70, 4046, t2=t1+(0, 4)) & (491, 187, 4046, t3=t2+(0, 5)) -> (491, 187, 491, t4=t3+(1, 6))	3	233
(2629, 33, 555, t1) & (2044, 37, 613, t2=t1+(0, 8)) & (2629, 123, 2044, t3=t2+(0, 2)) -> (2044, 33, 2044, t4=t3+(1, 9))	3	234
(120, 87, 2416, t1) & (3317, 105, 558, t2=t1+(0, 6)) & (2416, 54, 558, t3=t2+(0, 5)) -> (558, 87, 2416, t4=t3+(1, 4))	3	235
(572, 110, 3616, t1) & (941, 88, 429, t2=t1+(0, 10)) & (3616, 185, 941, t3=t2+(0, 7)) -> (572, 110, 429, t4=t3+(1, 7))	3	236
(2090, 47, 3377, t1) & (4682, 9, 3038, t2=t1+(0, 5)) & (3038, 104, 3377, t3=t2+(0, 7)) -> (2090, 47, 3038, t4=t3+(1, 6))	3	237
(1661, 189, 3211, t1) & (2055, 117, 4717, t2=t1+(0, 3)) & (2055, 103, 3211, t3=t2+(0, 7)) -> (2055, 117, 1661, t4=t3+(1, 8))	3	238
(390, 41, 3120, t1) & (246, 131, 1079, t2=t1+(0, 8)) & (1079, 193, 3120, t3=t2+(0, 3)) -> (390, 41, 246, t4=t3+(1, 2))	3	239
(3916, 58, 3496, t1) & (4285, 3, 591, t2=t1+(0, 4)) & (4285, 76, 3916, t3=t2+(0, 3)) -> (3496, 76, 4285, t4=t3+(1, 2))	3	240
(2845, 78, 3197, t1) & (221, 80, 4496, t2=t1+(0, 4)) & (3197, 127, 4496, t3=t2+(0, 3)) -> (3197, 78, 4496, t4=t3+(1, 8))	3	241
(4378, 99, 3367, t1) & (4869, 8, 3153, t2=t1+(0, 6)) & (3367, 156, 4869, t3=t2+(0, 6)) -> (3367, 99, 3367, t4=t3+(1, 3))	3	242
(1091, 172, 1525, t1) & (4359, 110, 2257, t2=t1+(0, 7)) & (1525, 36, 4359, t3=t2+(0, 6)) -> (4359, 172, 4359, t4=t3+(1, 4))	3	243
(2018, 90, 2528, t1) & (1882, 47, 2104, t2=t1+(0, 9)) & (2018, 185, 1882, t3=t2+(0, 3)) -> (2018, 47, 1882, t4=t3+(1, 2))	3	244
(4928, 129, 1014, t1) & (361, 60, 1450, t2=t1+(0, 8)) & (4928, 69, 361, t3=t2+(0, 8)) -> (361, 60, 361, t4=t3+(1, 6))	3	245
(1821, 46, 3909, t1) & (4177, 7, 1066, t2=t1+(0, 2)) & (1821, 92, 4177, t3=t2+(0, 6)) -> (4177, 7, 1821, t4=t3+(1, 1))	3	246
(4621, 109, 2610, t1) & (3072, 118, 3994, t2=t1+(0, 6)) & (3994, 56, 4621, t3=t2+(0, 4)) -> (3072, 56, 4621, t4=t3+(1, 4))	3	247
(4255, 135, 728, t1) & (1841, 0, 4378, t2=t1+(0, 7)) & (4255, 91, 4378, t3=t2+(0, 5)) -> (4255, 91, 728, t4=t3+(1, 7))	3	248
(4951, 120, 789, t1) & (3, 38, 4484, t2=t1+(0, 4)) & (4951, 128, 4484, t3=t2+(0, 4)) -> (4484, 128, 4484, t4=t3+(1, 6))	3	249
(848, 4, 1697, t1) & (4805, 107, 2952, t2=t1+(0, 6)) & (4805, 17, 1697, t3=t2+(0, 6)) -> (4805, 107, 1697, t4=t3+(1, 3))	3	250
(116, 76, 3174, t1) & (4428, 189, 3524, t2=t1+(0, 6)) & (3524, 109, 116, t3=t2+(0, 7)) -> (3524, 76, 116, t4=t3+(1, 5))	3	251
(3880, 33, 304, t1) & (4560, 61, 4512, t2=t1+(0, 7)) & (304, 19, 4560, t3=t2+(0, 4)) -> (3880, 19, 304, t4=t3+(1, 6))	3	252
(3066, 9, 2036, t1) & (1572, 130, 905, t2=t1+(0, 3)) & (905, 24, 3066, t3=t2+(0, 4)) -> (905, 24, 3066, t4=t3+(1, 3))	3	253
(3565, 1, 313, t1) & (3147, 162, 97, t2=t1+(0, 6)) & (313, 69, 3147, t3=t2+(0, 5)) -> (313, 1, 313, t4=t3+(1, 6))	3	254
(3304, 150, 1925, t1) & (2095, 195, 2218, t2=t1+(0, 2)) & (1925, 167, 2218, t3=t2+(0, 9)) -> (2218, 150, 1925, t4=t3+(1, 1))	3	255
(3525, 71, 3516, t1) & (1067, 24, 2444, t2=t1+(0, 4)) & (2444, 161, 3525, t3=t2+(0, 8)) -> (1067, 71, 3525, t4=t3+(1, 6))	3	256
(3500, 101, 1647, t1) & (306, 40, 866, t2=t1+(0, 2)) & (3500, 139, 866, t3=t2+(0, 6)) -> (3500, 40, 306, t4=t3+(1, 8))	3	257
(4402, 46, 736, t1) & (2677, 148, 1601, t2=t1+(0, 7)) & (4402, 170, 1601, t3=t2+(0, 10)) -> (736, 148, 736, t4=t3+(1, 5))	3	258
(4248, 101, 3676, t1) & (2262, 197, 3160, t2=t1+(0, 6)) & (3160, 110, 4248, t3=t2+(0, 5)) -> (2262, 110, 3160, t4=t3+(1, 1))	3	259
(1698, 168, 2546, t1) & (4017, 3, 4142, t2=t1+(0, 6)) & (4017, 83, 1698, t3=t2+(0, 7)) -> (4017, 168, 1698, t4=t3+(1, 5))	3	260
(3918, 26, 3398, t1) & (2970, 194, 1154, t2=t1+(0, 2)) & (2970, 197, 3918, t3=t2+(0, 5)) -> (1154, 26, 3918, t4=t3+(1, 4))	3	261
(2358, 13, 1337, t1) & (3522, 115, 2564, t2=t1+(0, 4)) & (2564, 30, 2358, t3=t2+(0, 7)) -> (2564, 115, 2564, t4=t3+(1, 6))	3	262
(3118, 191, 915, t1) & (2258, 148, 4174, t2=t1+(0, 2)) & (915, 74, 4174, t3=t2+(0, 5)) -> (2258, 74, 4174, t4=t3+(1, 5))	3	263
(4105, 38, 130, t1) & (3283, 177, 925, t2=t1+(0, 3)) & (4105, 116, 3283, t3=t2+(0, 1)) -> (4105, 38, 130, t4=t3+(1, 7))	3	264
(169, 195, 354, t1) & (2904, 43, 335, t2=t1+(0, 6)) & (169, 165, 2904, t3=t2+(0, 5)) -> (335, 195, 169, t4=t3+(1, 4))	3	265
(3799, 179, 61, t1) & (4430, 173, 4150, t2=t1+(0, 6)) & (61, 82, 4430, t3=t2+(0, 7)) -> (4430, 82, 61, t4=t3+(1, 1))	3	266
(1005, 144, 388, t1) & (1808, 76, 120, t2=t1+(0, 6)) & (1005, 51, 120, t3=t2+(0, 3)) -> (120, 144, 388, t4=t3+(1, 3))	3	267
(332, 47, 3988, t1) & (3925, 172, 3470, t2=t1+(0, 3)) & (332, 61, 3470, t3=t2+(0, 6)) -> (332, 61, 332, t4=t3+(1, 4))	3	268
(2121, 72, 2114, t1) & (1354, 189, 4450, t2=t1+(0, 7)) & (4450, 34, 2121, t3=t2+(0, 7)) -> (4450, 34, 2121, t4=t3+(1, 7))	3	269
(3838, 159, 434, t1) & (4227, 0, 1405, t2=t1+(0, 3)) & (434, 30, 1405, t3=t2+(0, 7)) -> (434, 30, 4227, t4=t3+(1, 3))	3	270
(1360, 65, 2310, t1) & (1051, 145, 2402, t2=t1+(0, 7)) & (1360, 9, 2402, t3=t2+(0, 6)) -> (2402, 65, 1360, t4=t3+(1, 4))	3	271
(3813, 148, 767, t1) & (2905, 95, 3545, t2=t1+(0, 4)) & (3813, 82, 2905, t3=t2+(0, 5)) -> (2905, 82, 767, t4=t3+(1, 2))	3	272
(944, 39, 3492, t1) & (3686, 103, 1812, t2=t1+(0, 7)) & (3492, 37, 3686, t3=t2+(0, 5)) -> (944, 37, 3492, t4=t3+(1, 7))	3	273
(3980, 5, 764, t1) & (2704, 48, 3728, t2=t1+(0, 3)) & (2704, 102, 3980, t3=t2+(0, 3)) -> (3728, 102, 2704, t4=t3+(1, 4))	3	274
(440, 62, 4824, t1) & (1319, 52, 2338, t2=t1+(0, 8)) & (4824, 78, 2338, t3=t2+(0, 10)) -> (4824, 78, 2338, t4=t3+(1, 8))	3	275
(3194, 139, 151, t1) & (1405, 124, 3462, t2=t1+(0, 5)) & (3194, 89, 1405, t3=t2+(0, 5)) -> (1405, 139, 1405, t4=t3+(1, 5))	3	276
(359, 65, 4733, t1) & (611, 177, 2415, t2=t1+(0, 6)) & (2415, 144, 4733, t3=t2+(0, 7)) -> (2415, 144, 359, t4=t3+(1, 4))	3	277
(4835, 12, 2497, t1) & (4346, 187, 1038, t2=t1+(0, 4)) & (4346, 87, 2497, t3=t2+(0, 7)) -> (1038, 187, 1038, t4=t3+(1, 7))	3	278
(1461, 61, 1898, t1) & (4002, 98, 1299, t2=t1+(0, 3)) & (1898, 112, 4002, t3=t2+(0, 3)) -> (1461, 98, 4002, t4=t3+(1, 5))	3	279
(4269, 140, 4920, t1) & (1104, 128, 1619, t2=t1+(0, 4)) & (4269, 89, 1104, t3=t2+(0, 5)) -> (4269, 140, 4269, t4=t3+(1, 6))	3	280
(1150, 54, 3649, t1) & (2470, 75, 3538, t2=t1+(0, 4)) & (1150, 146, 2470, t3=t2+(0, 10)) -> (2470, 54, 3649, t4=t3+(1, 5))	3	281
(2657, 9, 4563, t1) & (4029, 189, 536, t2=t1+(0, 8)) & (2657, 127, 536, t3=t2+(0, 7)) -> (536, 189, 2657, t4=t3+(1, 6))	3	282
(4221, 37, 178, t1) & (486, 22, 4925, t2=t1+(0, 5)) & (486, 191, 4221, t3=t2+(0, 5)) -> (178, 22, 486, t4=t3+(1, 2))	3	283
(841, 39, 3547, t1) & (2276, 61, 1746, t2=t1+(0, 8)) & (1746, 181, 841, t3=t2+(0, 5)) -> (2276, 181, 1746, t4=t3+(1, 5))	3	284
(717, 158, 1482, t1) & (4942, 123, 139, t2=t1+(0, 5)) & (4942, 50, 1482, t3=t2+(0, 4)) -> (717, 50, 717, t4=t3+(1, 6))	3	285
(2498, 136, 1623, t1) & (2769, 58, 462, t2=t1+(0, 7)) & (2769, 81, 2498, t3=t2+(0, 7)) -> (2498, 81, 2498, t4=t3+(1, 5))	3	286
(4649, 119, 776, t1) & (1312, 64, 4821, t2=t1+(0, 4)) & (776, 183, 4821, t3=t2+(0, 5)) -> (4821, 183, 4821, t4=t3+(1, 9))	3	287
(568, 108, 4682, t1) & (2191, 80, 4169, t2=t1+(0, 4)) & (568, 95, 2191, t3=t2+(0, 4)) -> (568, 95, 4169, t4=t3+(1, 8))	3	288
(771, 23, 4409, t1) & (1464, 81, 930, t2=t1+(0, 3)) & (930, 85, 4409, t3=t2+(0, 3)) -> (930, 23, 4409, t4=t3+(1, 6))	3	289
(3772, 112, 2073, t1) & (4663, 139, 4416, t2=t1+(0, 8)) & (2073, 194, 4416, t3=t2+(0, 5)) -> (4663, 139, 4416, t4=t3+(1, 2))	3	290
(4247, 22, 4791, t1) & (1961, 113, 4701, t2=t1+(0, 4)) & (1961, 8, 4247, t3=t2+(0, 5)) -> (4247, 8, 1961, t4=t3+(1, 4))	3	291
(1682, 40, 405, t1) & (3656, 135, 4965, t2=t1+(0, 2)) & (3656, 47, 1682, t3=t2+(0, 6)) -> (405, 47, 1682, t4=t3+(1, 6))	3	292
(1964, 196, 1020, t1) & (3970, 134, 3411, t2=t1+(0, 4)) & (3411, 116, 1020, t3=t2+(0, 7)) -> (3411, 134, 3970, t4=t3+(1, 6))	3	293
(2646, 66, 3289, t1) & (4347, 73, 1363, t2=t1+(0, 8)) & (1363, 12, 3289, t3=t2+(0, 1)) -> (3289, 73, 1363, t4=t3+(1, 5))	3	294
(4027, 178, 4625, t1) & (887, 190, 357, t2=t1+(0, 4)) & (4625, 108, 357, t3=t2+(0, 6)) -> (4625, 108, 357, t4=t3+(1, 3))	3	295
(1543, 60, 267, t1) & (3227, 143, 1990, t2=t1+(0, 6)) & (1543, 198, 3227, t3=t2+(0, 8)) -> (1990, 60, 1543, t4=t3+(1, 4))	3	296
(2751, 193, 3531, t1) & (2151, 139, 715, t2=t1+(0, 4)) & (2751, 63, 2151, t3=t2+(0, 2)) -> (2751, 139, 2751, t4=t3+(1, 5))	3	297
(4135, 122, 2294, t1) & (4514, 28, 4369, t2=t1+(0, 8)) & (4135, 30, 4514, t3=t2+(0, 6)) -> (4135, 122, 4514, t4=t3+(1, 4))	3	298
(3766, 25, 3977, t1) & (4314, 43, 1725, t2=t1+(0, 10)) & (3977, 185, 4314, t3=t2+(0, 9)) -> (3977, 25, 4314, t4=t3+(1, 5))	3	299
(3413, 93, 2998, t1) & (4032, 59, 3521, t2=t1+(0, 3)) & (3413, 134, 4032, t3=t2+(0, 5)) -> (3521, 59, 3413, t4=t3+(1, 8))	3	300
(3691, 76, 4268, t1) & (304, 162, 2756, t2=t1+(0, 7)) & (3691, 30, 304, t3=t2+(0, 3)) -> (2756, 162, 3691, t4=t3+(1, 3))	3	301
(3873, 80, 3001, t1) & (3642, 182, 3580, t2=t1+(0, 5)) & (3580, 28, 3873, t3=t2+(0, 2)) -> (3580, 80, 3642, t4=t3+(1, 7))	3	302
(77, 59, 1833, t1) & (109, 165, 281, t2=t1+(0, 6)) & (281, 36, 77, t3=t2+(0, 4)) -> (281, 59, 281, t4=t3+(1, 1))	3	303
(614, 170, 470, t1) & (669, 84, 4331, t2=t1+(0, 5)) & (669, 137, 614, t3=t2+(0, 5)) -> (4331, 84, 614, t4=t3+(1, 7))	3	304
(3071, 65, 4275, t1) & (1713, 123, 1431, t2=t1+(0, 5)) & (1713, 51, 3071, t3=t2+(0, 6)) -> (1713, 65, 1713, t4=t3+(1, 3))	3	305
(3896, 124, 207, t1) & (2457, 48, 2970, t2=t1+(0, 3)) & (2457, 125, 3896, t3=t2+(0, 5)) -> (3896, 125, 2457, t4=t3+(1, 9))	3	306
(4195, 48, 2097, t1) & (3359, 100, 4810, t2=t1+(0, 6)) & (4810, 73, 2097, t3=t2+(0, 6)) -> (3359, 100, 4810, t4=t3+(1, 5))	3	307
(462, 48, 4854, t1) & (4273, 79, 3650, t2=t1+(0, 3)) & (462, 64, 4273, t3=t2+(0, 4)) -> (462, 48, 4854, t4=t3+(1, 7))	3	308
(2273, 9, 1701, t1) & (394, 197, 3217, t2=t1+(0, 5)) & (1701, 12, 3217, t3=t2+(0, 8)) -> (3217, 9, 394, t4=t3+(1, 5))	3	309
(621, 29, 2626, t1) & (2578, 79, 2179, t2=t1+(0, 7)) & (2578, 143, 621, t3=t2+(0, 3)) -> (2626, 79, 2626, t4=t3+(1, 7))	3	310
(1220, 133, 4369, t1) & (4325, 86, 3683, t2=t1+(0, 7)) & (1220, 40, 4325, t3=t2+(0, 3)) -> (1220, 40, 4325, t4=t3+(1, 4))	3	311
(2829, 38, 4341, t1) & (4706, 24, 1212, t2=t1+(0, 7)) & (4341, 176, 1212, t3=t2+(0, 7)) -> (4341, 176, 4341, t4=t3+(1, 5))	3	312
(3056, 97, 4629, t1) & (2451, 61, 1791, t2=t1+(0, 5)) & (4629, 30, 1791, t3=t2+(0, 6)) -> (4629, 61, 3056, t4=t3+(1, 4))	3	313
(1705, 117, 2805, t1) & (4301, 130, 4661, t2=t1+(0, 4)) & (4301, 101, 1705, t3=t2+(0, 4)) -> (1705, 130, 4661, t4=t3+(1, 8))	3	314
(4372, 110, 818, t1) & (4326, 95, 722, t2=t1+(0, 6)) & (4326, 58, 818, t3=t2+(0, 6)) -> (818, 58, 4372, t4=t3+(1, 3))	3	315
(1736, 77, 2024, t1) & (2348, 133, 1020, t2=t1+(0, 3)) & (1736, 66, 1020, t3=t2+(0, 7)) -> (1020, 133, 1020, t4=t3+(1, 3))	3	316
(4014, 160, 2409, t1) & (3094, 10, 4751, t2=t1+(0, 4)) & (2409, 6, 4751, t3=t2+(0, 7)) -> (4751, 6, 4751, t4=t3+(1, 4))	3	317
(3160, 61, 1376, t1) & (3755, 65, 2786, t2=t1+(0, 3)) & (1376, 65, 3755, t3=t2+(0, 2)) -> (1376, 65, 3755, t4=t3+(1, 6))	3	318
(4199, 114, 2577, t1) & (933, 117, 1335, t2=t1+(0, 4)) & (4199, 117, 933, t3=t2+(0, 7)) -> (4199, 114, 1335, t4=t3+(1, 2))	3	319
(3160, 113, 1538, t1) & (4996, 177, 934, t2=t1+(0, 4)) & (1538, 119, 934, t3=t2+(0, 8)) -> (1538, 177, 4996, t4=t3+(1, 4))	3	320
(3698, 184, 3785, t1) & (899, 129, 1812, t2=t1+(0, 5)) & (899, 47, 3785, t3=t2+(0, 9)) -> (899, 47, 1812, t4=t3+(1, 6))	3	321
(1942, 172, 4051, t1) & (4953, 28, 1920, t2=t1+(0, 8)) & (4051, 192, 1920, t3=t2+(0, 3)) -> (4051, 172, 1920, t4=t3+(1, 3))	3	322
(2632, 126, 4829, t1) & (1126, 192, 923, t2=t1+(0, 4)) & (923, 135, 2632, t3=t2+(0, 3)) -> (923, 126, 2632, t4=t3+(1, 7))	3	323
(4794, 6, 2605, t1) & (1252, 63, 4903, t2=t1+(0, 7)) & (1252, 35, 2605, t3=t2+(0, 5)) -> (4794, 6, 2605, t4=t3+(1, 5))	3	324
(765, 89, 3350, t1) & (4754, 137, 1451, t2=t1+(0, 3)) & (765, 194, 1451, t3=t2+(0, 4)) -> (1451, 194, 765, t4=t3+(1, 5))	3	325
(1452, 129, 4185, t1) & (1628, 73, 4935, t2=t1+(0, 3)) & (4935, 73, 1452, t3=t2+(0, 7)) -> (1452, 73, 4935, t4=t3+(1, 5))	3	326
(1713, 182, 3621, t1) & (3974, 185, 3383, t2=t1+(0, 4)) & (3974, 115, 3621, t3=t2+(0, 2)) -> (3974, 182, 3621, t4=t3+(1, 8))	3	327
(3957, 55, 1456, t1) & (3749, 169, 384, t2=t1+(0, 2)) & (3957, 22, 3749, t3=t2+(0, 1)) -> (384, 169, 3749, t4=t3+(1, 5))	3	328
(1588, 130, 2825, t1) & (3896, 103, 476, t2=t1+(0, 5)) & (2825, 191, 3896, t3=t2+(0, 2)) -> (3896, 103, 2825, t4=t3+(1, 10))	3	329
(3457, 48, 4077, t1) & (3772, 94, 4194, t2=t1+(0, 6)) & (3772, 157, 3457, t3=t2+(0, 4)) -> (3457, 157, 3457, t4=t3+(1, 4))	3	330
(1576, 161, 96, t1) & (3816, 188, 1070, t2=t1+(0, 2)) & (1070, 180, 1576, t3=t2+(0, 8)) -> (1576, 188, 1070, t4=t3+(1, 7))	3	331
(4840, 76, 697, t1) & (630, 124, 4304, t2=t1+(0, 4)) & (697, 105, 4304, t3=t2+(0, 6)) -> (4304, 76, 630, t4=t3+(1, 5))	3	332
(154, 138, 4971, t1) & (4154, 1, 4222, t2=t1+(0, 4)) & (4971, 109, 4222, t3=t2+(0, 3)) -> (4222, 138, 4154, t4=t3+(1, 7))	3	333
(3808, 73, 4491, t1) & (1363, 32, 3805, t2=t1+(0, 3)) & (4491, 4, 3805, t3=t2+(0, 5)) -> (3808, 32, 4491, t4=t3+(1, 8))	3	334
(515, 117, 4751, t1) & (2672, 81, 411, t2=t1+(0, 7)) & (4751, 89, 2672, t3=t2+(0, 5)) -> (4751, 89, 2672, t4=t3+(1, 5))	3	335
(2939, 73, 288, t1) & (896, 160, 2223, t2=t1+(0, 5)) & (896, 128, 288, t3=t2+(0, 2)) -> (288, 160, 2223, t4=t3+(1, 10))	3	336
(3366, 52, 4930, t1) & (822, 196, 585, t2=t1+(0, 8)) & (4930, 113, 822, t3=t2+(0, 7)) -> (822, 196, 4930, t4=t3+(1, 3))	3	337
(4626, 38, 4028, t1) & (3953, 166, 4688, t2=t1+(0, 9)) & (4028, 181, 3953, t3=t2+(0, 7)) -> (4028, 181, 3953, t4=t3+(1, 3))	3	338
(2576, 41, 1120, t1) & (4621, 153, 522, t2=t1+(0, 5)) & (4621, 114, 1120, t3=t2+(0, 3)) -> (4621, 153, 1120, t4=t3+(1, 6))	3	339
(231, 148, 1000, t1) & (1235, 92, 1528, t2=t1+(0, 3)) & (1235, 3, 231, t3=t2+(0, 3)) -> (1528, 148, 1235, t4=t3+(1, 5))	3	340
(1542, 20, 1076, t1) & (3779, 32, 3323, t2=t1+(0, 7)) & (3323, 141, 1542, t3=t2+(0, 6)) -> (3779, 141, 3323, t4=t3+(1, 2))	3	341
(2936, 24, 358, t1) & (2945, 197, 720, t2=t1+(0, 3)) & (720, 60, 358, t3=t2+(0, 1)) -> (720, 24, 720, t4=t3+(1, 2))	3	342
(4641, 7, 3590, t1) & (1452, 51, 1670, t2=t1+(0, 1)) & (1452, 53, 4641, t3=t2+(0, 3)) -> (1452, 51, 1452, t4=t3+(1, 6))	3	343
(4808, 129, 4944, t1) & (898, 104, 4906, t2=t1+(0, 7)) & (4944, 101, 4906, t3=t2+(0, 2)) -> (4944, 104, 898, t4=t3+(1, 3))	3	344
(4132, 42, 4580, t1) & (3039, 29, 2819, t2=t1+(0, 6)) & (2819, 21, 4132, t3=t2+(0, 8)) -> (2819, 29, 2819, t4=t3+(1, 6))	3	345
(3588, 175, 671, t1) & (187, 42, 575, t2=t1+(0, 8)) & (3588, 68, 187, t3=t2+(0, 6)) -> (575, 175, 187, t4=t3+(1, 3))	3	346
(2309, 97, 185, t1) & (2813, 172, 1610, t2=t1+(0, 7)) & (2309, 158, 1610, t3=t2+(0, 5)) -> (1610, 158, 185, t4=t3+(1, 8))	3	347
(2426, 199, 4041, t1) & (436, 11, 1285, t2=t1+(0, 5)) & (2426, 42, 436, t3=t2+(0, 3)) -> (4041, 42, 436, t4=t3+(1, 7))	3	348
(3023, 113, 4189, t1) & (1717, 165, 926, t2=t1+(0, 5)) & (4189, 7, 926, t3=t2+(0, 7)) -> (4189, 7, 4189, t4=t3+(1, 5))	3	349
(1759, 176, 2660, t1) & (68, 183, 1537, t2=t1+(0, 5)) & (1759, 14, 68, t3=t2+(0, 6)) -> (2660, 183, 1759, t4=t3+(1, 1))	3	350
(3052, 28, 1908, t1) & (1774, 23, 4992, t2=t1+(0, 1)) & (1774, 98, 1908, t3=t2+(0, 7)) -> (4992, 98, 1908, t4=t3+(1, 4))	3	351
(3402, 191, 1900, t1) & (4346, 75, 4052, t2=t1+(0, 11)) & (1900, 196, 4052, t3=t2+(0, 2)) -> (4052, 75, 3402, t4=t3+(1, 7))	3	352
(2173, 8, 2751, t1) & (3621, 97, 1114, t2=t1+(0, 4)) & (2173, 73, 1114, t3=t2+(0, 5)) -> (1114, 73, 2751, t4=t3+(1, 3))	3	353
(4750, 152, 386, t1) & (4961, 24, 773, t2=t1+(0, 6)) & (386, 22, 4961, t3=t2+(0, 4)) -> (386, 22, 4750, t4=t3+(1, 6))	3	354
(4869, 88, 2374, t1) & (2071, 31, 793, t2=t1+(0, 7)) & (793, 103, 2374, t3=t2+(0, 3)) -> (2374, 103, 2071, t4=t3+(1, 8))	3	355
(3628, 4, 3295, t1) & (1490, 60, 3957, t2=t1+(0, 5)) & (3295, 137, 1490, t3=t2+(0, 3)) -> (1490, 4, 3957, t4=t3+(1, 3))	3	356
(3929, 25, 83, t1) & (861, 45, 570, t2=t1+(0, 6)) & (83, 141, 861, t3=t2+(0, 7)) -> (83, 141, 570, t4=t3+(1, 4))	3	357
(4846, 117, 3907, t1) & (1831, 197, 4301, t2=t1+(0, 5)) & (4846, 111, 1831, t3=t2+(0, 5)) -> (1831, 117, 3907, t4=t3+(1, 6))	3	358
(57, 20, 54, t1) & (980, 156, 458, t2=t1+(0, 3)) & (57, 16, 458, t3=t2+(0, 5)) -> (458, 156, 458, t4=t3+(1, 5))	3	359
(2728, 56, 1430, t1) & (2181, 181, 4488, t2=t1+(0, 3)) & (1430, 85, 4488, t3=t2+(0, 5)) -> (1430, 85, 2728, t4=t3+(1, 6))	3	360
(2878, 15, 794, t1) & (1580, 121, 3888, t2=t1+(0, 1)) & (1580, 194, 2878, t3=t2+(0, 5)) -> (3888, 15, 794, t4=t3+(1, 3))	3	361
(4532, 68, 16, t1) & (2962, 191, 653, t2=t1+(0, 7)) & (4532, 180, 2962, t3=t2+(0, 2)) -> (16, 68, 2962, t4=t3+(1, 2))	3	362
(1506, 196, 4297, t1) & (4378, 60, 2495, t2=t1+(0, 5)) & (2495, 63, 4297, t3=t2+(0, 6)) -> (2495, 63, 4297, t4=t3+(1, 4))	3	363
(881, 121, 2101, t1) & (4740, 180, 2647, t2=t1+(0, 6)) & (2647, 158, 2101, t3=t2+(0, 5)) -> (2101, 121, 4740, t4=t3+(1, 8))	3	364
(488, 67, 469, t1) & (2359, 167, 3371, t2=t1+(0, 7)) & (488, 96, 2359, t3=t2+(0, 5)) -> (488, 167, 488, t4=t3+(1, 6))	3	365
(2615, 89, 1556, t1) & (3530, 102, 4400, t2=t1+(0, 4)) & (1556, 109, 4400, t3=t2+(0, 8)) -> (4400, 89, 2615, t4=t3+(1, 4))	3	366
(4663, 41, 2892, t1) & (4179, 104, 4362, t2=t1+(0, 3)) & (4179, 156, 2892, t3=t2+(0, 3)) -> (4362, 104, 2892, t4=t3+(1, 8))	3	367
(3827, 40, 2969, t1) & (1886, 124, 3892, t2=t1+(0, 7)) & (3892, 33, 3827, t3=t2+(0, 15)) -> (2969, 124, 2969, t4=t3+(1, 3))	3	368
(148, 37, 2152, t1) & (3267, 186, 3325, t2=t1+(0, 6)) & (2152, 80, 3325, t3=t2+(0, 2)) -> (3325, 37, 148, t4=t3+(1, 9))	3	369
(1035, 87, 4445, t1) & (399, 12, 4354, t2=t1+(0, 4)) & (1035, 135, 399, t3=t2+(0, 1)) -> (1035, 135, 4354, t4=t3+(1, 7))	3	370
(2020, 65, 3724, t1) & (2758, 39, 259, t2=t1+(0, 10)) & (3724, 161, 259, t3=t2+(0, 3)) -> (2020, 65, 2020, t4=t3+(1, 4))	3	371
(2417, 134, 3664, t1) & (4478, 143, 2248, t2=t1+(0, 5)) & (2417, 20, 4478, t3=t2+(0, 3)) -> (4478, 143, 3664, t4=t3+(1, 4))	3	372
(571, 14, 2624, t1) & (4531, 0, 1791, t2=t1+(0, 4)) & (1791, 115, 571, t3=t2+(0, 6)) -> (571, 14, 1791, t4=t3+(1, 1))	3	373
(3933, 35, 1278, t1) & (4513, 6, 2250, t2=t1+(0, 6)) & (1278, 71, 4513, t3=t2+(0, 5)) -> (2250, 6, 2250, t4=t3+(1, 7))	3	374
(665, 46, 190, t1) & (1125, 152, 1303, t2=t1+(0, 6)) & (1125, 33, 190, t3=t2+(0, 4)) -> (190, 33, 1125, t4=t3+(1, 6))	3	375
(4645, 103, 1017, t1) & (3624, 181, 1450, t2=t1+(0, 5)) & (1450, 119, 4645, t3=t2+(0, 7)) -> (4645, 119, 1450, t4=t3+(1, 6))	3	376
(2018, 166, 3979, t1) & (3780, 31, 4299, t2=t1+(0, 5)) & (2018, 87, 4299, t3=t2+(0, 5)) -> (4299, 166, 2018, t4=t3+(1, 6))	3	377
(327, 127, 3067, t1) & (1075, 197, 1080, t2=t1+(0, 6)) & (1080, 13, 327, t3=t2+(0, 4)) -> (1075, 13, 1080, t4=t3+(1, 3))	3	378
(3032, 189, 1196, t1) & (2498, 121, 1072, t2=t1+(0, 3)) & (1072, 124, 3032, t3=t2+(0, 5)) -> (3032, 124, 3032, t4=t3+(1, 6))	3	379
(2356, 97, 4502, t1) & (2165, 16, 4500, t2=t1+(0, 2)) & (2356, 131, 2165, t3=t2+(0, 3)) -> (4500, 16, 2356, t4=t3+(1, 1))	3	380
(3389, 43, 4690, t1) & (4823, 45, 305, t2=t1+(0, 4)) & (305, 170, 4690, t3=t2+(0, 3)) -> (4690, 170, 3389, t4=t3+(1, 4))	3	381
(296, 111, 3047, t1) & (3833, 51, 957, t2=t1+(0, 5)) & (957, 160, 3047, t3=t2+(0, 2)) -> (3047, 51, 3047, t4=t3+(1, 7))	3	382
(512, 197, 3858, t1) & (241, 17, 166, t2=t1+(0, 5)) & (166, 171, 512, t3=t2+(0, 7)) -> (166, 17, 166, t4=t3+(1, 6))	3	383
(4470, 84, 70, t1) & (1249, 107, 608, t2=t1+(0, 5)) & (1249, 163, 70, t3=t2+(0, 3)) -> (4470, 84, 608, t4=t3+(1, 10))	3	384
(1233, 150, 3379, t1) & (1054, 178, 2814, t2=t1+(0, 7)) & (2814, 148, 1233, t3=t2+(0, 5)) -> (1054, 178, 1233, t4=t3+(1, 3))	3	385
(2397, 32, 1752, t1) & (4416, 104, 4628, t2=t1+(0, 8)) & (4628, 31, 2397, t3=t2+(0, 4)) -> (4628, 104, 4416, t4=t3+(1, 6))	3	386
(311, 1, 3955, t1) & (4281, 105, 2504, t2=t1+(0, 7)) & (4281, 165, 311, t3=t2+(0, 7)) -> (3955, 105, 2504, t4=t3+(1, 4))	3	387
(3964, 63, 3376, t1) & (3827, 28, 3248, t2=t1+(0, 4)) & (3376, 117, 3827, t3=t2+(0, 5)) -> (3827, 63, 3827, t4=t3+(1, 5))	3	388
(4619, 42, 1528, t1) & (1020, 91, 2037, t2=t1+(0, 4)) & (1528, 154, 2037, t3=t2+(0, 8)) -> (1020, 42, 2037, t4=t3+(1, 4))	3	389
(3298, 51, 1669, t1) & (4094, 125, 1116, t2=t1+(0, 6)) & (4094, 175, 3298, t3=t2+(0, 5)) -> (3298, 175, 3298, t4=t3+(1, 4))	3	390
(3724, 163, 2350, t1) & (1357, 144, 3825, t2=t1+(0, 3)) & (1357, 174, 2350, t3=t2+(0, 6)) -> (2350, 144, 2350, t4=t3+(1, 4))	3	391
(1477, 78, 4189, t1) & (2703, 104, 1352, t2=t1+(0, 2)) & (2703, 85, 4189, t3=t2+(0, 2)) -> (1352, 78, 2703, t4=t3+(1, 4))	3	392
(668, 151, 236, t1) & (60, 35, 4537, t2=t1+(0, 3)) & (668, 50, 60, t3=t2+(0, 3)) -> (60, 151, 236, t4=t3+(1, 3))	3	393
(1420, 12, 4493, t1) & (1546, 160, 922, t2=t1+(0, 3)) & (922, 114, 1420, t3=t2+(0, 3)) -> (922, 12, 922, t4=t3+(1, 6))	3	394
(3190, 52, 2519, t1) & (936, 107, 2031, t2=t1+(0, 7)) & (2031, 96, 3190, t3=t2+(0, 4)) -> (2031, 52, 2031, t4=t3+(1, 6))	3	395
(2579, 144, 1286, t1) & (2274, 62, 3067, t2=t1+(0, 6)) & (2274, 4, 2579, t3=t2+(0, 9)) -> (2579, 144, 2274, t4=t3+(1, 4))	3	396
(2322, 159, 928, t1) & (3157, 35, 959, t2=t1+(0, 3)) & (3157, 92, 928, t3=t2+(0, 6)) -> (2322, 35, 959, t4=t3+(1, 6))	3	397
(3958, 198, 2527, t1) & (97, 101, 4186, t2=t1+(0, 5)) & (4186, 37, 3958, t3=t2+(0, 4)) -> (4186, 37, 3958, t4=t3+(1, 4))	3	398
(4033, 52, 171, t1) & (1039, 68, 4123, t2=t1+(0, 3)) & (4033, 80, 1039, t3=t2+(0, 5)) -> (4033, 80, 4123, t4=t3+(1, 7))	3	399
(3403, 138, 4848, t1) & (4848, 78, 3403, t2=t1+(0, 3)) -> (3403, 78, 4848, t3=t2+(1, 5))	2	400
(438, 70, 275, t1) & (275, 13, 2192, t2=t1+(0, 6)) -> (275, 70, 438, t3=t2+(1, 6))	2	401
(118, 77, 3814, t1) & (909, 64, 3814, t2=t1+(0, 1)) -> (909, 64, 118, t3=t2+(1, 4))	2	402
(348, 59, 139, t1) & (139, 149, 139, t2=t1+(0, 8)) -> (139, 59, 348, t3=t2+(1, 4))	2	403
(393, 36, 1524, t1) & (393, 14, 1995, t2=t1+(0, 4)) -> (1995, 14, 1995, t3=t2+(1, 3))	2	404
(3986, 5, 4135, t1) & (3986, 10, 2450, t2=t1+(0, 5)) -> (2450, 5, 3986, t3=t2+(1, 6))	2	405
(3149, 141, 406, t1) & (3149, 187, 3149, t2=t1+(0, 3)) -> (3149, 141, 406, t3=t2+(1, 7))	2	406
(624, 153, 562, t1) & (4860, 118, 562, t2=t1+(0, 6)) -> (4860, 153, 4860, t3=t2+(1, 5))	2	407
(1510, 118, 1498, t1) & (1510, 83, 1498, t2=t1+(0, 9)) -> (1498, 83, 1510, t3=t2+(1, 6))	2	408
(3193, 60, 816, t1) & (816, 82, 816, t2=t1+(0, 5)) -> (816, 82, 816, t3=t2+(1, 9))	2	409
(2375, 37, 1724, t1) & (2375, 37, 1775, t2=t1+(0, 3)) -> (1724, 37, 1724, t3=t2+(1, 4))	2	410
(319, 88, 4400, t1) & (760, 163, 4400, t2=t1+(0, 6)) -> (4400, 163, 4400, t3=t2+(1, 6))	2	411
(3424, 164, 595, t1) & (595, 174, 595, t2=t1+(0, 7)) -> (595, 174, 595, t3=t2+(1, 3))	2	412
(2649, 22, 1911, t1) & (2870, 75, 1911, t2=t1+(0, 6)) -> (2870, 22, 2870, t3=t2+(1, 4))	2	413
(1555, 32, 3470, t1) & (4619, 58, 1555, t2=t1+(0, 1)) -> (1555, 32, 1555, t3=t2+(1, 1))	2	414
(967, 56, 1377, t1) & (967, 99, 1237, t2=t1+(0, 6)) -> (1237, 99, 967, t3=t2+(1, 8))	2	415
(2015, 118, 3446, t1) & (448, 124, 2015, t2=t1+(0, 3)) -> (448, 118, 2015, t3=t2+(1, 6))	2	416
(3314, 35, 3513, t1) & (1198, 138, 3513, t2=t1+(0, 1)) -> (1198, 138, 3314, t3=t2+(1, 3))	2	417
(3787, 64, 2425, t1) & (903, 72, 3787, t2=t1+(0, 5)) -> (903, 64, 3787, t3=t2+(1, 3))	2	418
(1107, 76, 2706, t1) & (3852, 194, 1107, t2=t1+(0, 6)) -> (1107, 194, 3852, t3=t2+(1, 2))	2	419
(4016, 171, 4019, t1) & (4016, 75, 4814, t2=t1+(0, 5)) -> (4016, 171, 4814, t3=t2+(1, 8))	2	420
(2390, 86, 1780, t1) & (1780, 14, 2390, t2=t1+(0, 5)) -> (1780, 86, 1780, t3=t2+(1, 6))	2	421
(1114, 155, 3822, t1) & (2526, 110, 1114, t2=t1+(0, 1)) -> (3822, 110, 1114, t3=t2+(1, 3))	2	422
(2207, 117, 3589, t1) & (2207, 40, 4210, t2=t1+(0, 3)) -> (2207, 40, 3589, t3=t2+(1, 2))	2	423
(1769, 68, 1186, t1) & (1186, 16, 1186, t2=t1+(0, 6)) -> (1186, 16, 1186, t3=t2+(1, 4))	2	424
(4947, 135, 2868, t1) & (2090, 62, 4947, t2=t1+(0, 5)) -> (4947, 62, 4947, t3=t2+(1, 9))	2	425
(3760, 8, 733, t1) & (733, 77, 821, t2=t1+(0, 2)) -> (733, 77, 733, t3=t2+(1, 10))	2	426
(4282, 130, 212, t1) & (4282, 105, 212, t2=t1+(0, 5)) -> (212, 105, 212, t3=t2+(1, 7))	2	427
(1371, 93, 243, t1) & (1371, 16, 4012, t2=t1+(0, 6)) -> (243, 16, 4012, t3=t2+(1, 4))	2	428
(3390, 180, 2593, t1) & (3267, 2, 2593, t2=t1+(0, 4)) -> (2593, 180, 3390, t3=t2+(1, 10))	2	429
(4062, 42, 4126, t1) & (4062, 38, 1079, t2=t1+(0, 6)) -> (4062, 38, 4062, t3=t2+(1, 8))	2	430
(3220, 31, 2690, t1) & (2690, 97, 2690, t2=t1+(0, 4)) -> (2690, 31, 3220, t3=t2+(1, 5))	2	431
(2807, 6, 1281, t1) & (4413, 12, 1281, t2=t1+(0, 3)) -> (1281, 12, 4413, t3=t2+(1, 7))	2	432
(1344, 49, 251, t1) & (3186, 175, 1344, t2=t1+(0, 4)) -> (1344, 175, 1344, t3=t2+(1, 6))	2	433
(422, 101, 2919, t1) & (422, 80, 2919, t2=t1+(0, 5)) -> (2919, 101, 2919, t3=t2+(1, 4))	2	434
(4622, 4, 3041, t1) & (4622, 85, 3470, t2=t1+(0, 6)) -> (4622, 4, 4622, t3=t2+(1, 3))	2	435
(2567, 175, 1776, t1) & (2567, 66, 2558, t2=t1+(0, 4)) -> (2567, 175, 2558, t3=t2+(1, 4))	2	436
(269, 9, 1982, t1) & (2312, 180, 269, t2=t1+(0, 6)) -> (2312, 9, 269, t3=t2+(1, 2))	2	437
(4459, 163, 3376, t1) & (4459, 77, 4664, t2=t1+(0, 4)) -> (4664, 77, 4459, t3=t2+(1, 9))	2	438
(4970, 4, 3277, t1) & (1763, 76, 4970, t2=t1+(0, 6)) -> (4970, 4, 4970, t3=t2+(1, 4))	2	439
(3621, 124, 2449, t1) & (1814, 143, 3621, t2=t1+(0, 5)) -> (2449, 124, 1814, t3=t2+(1, 7))	2	440
(4404, 175, 4557, t1) & (969, 131, 4404, t2=t1+(0, 5)) -> (4404, 175, 4557, t3=t2+(1, 7))	2	441
(140, 74, 1120, t1) & (140, 183, 140, t2=t1+(0, 4)) -> (140, 183, 140, t3=t2+(1, 8))	2	442
(2919, 51, 3933, t1) & (2919, 84, 687, t2=t1+(0, 5)) -> (3933, 84, 687, t3=t2+(1, 9))	2	443
(2039, 69, 4379, t1) & (4379, 57, 4835, t2=t1+(0, 6)) -> (4835, 69, 2039, t3=t2+(1, 3))	2	444
(55, 87, 4334, t1) & (4334, 197, 3400, t2=t1+(0, 5)) -> (4334, 197, 55, t3=t2+(1, 5))	2	445
(1083, 51, 290, t1) & (290, 144, 2239, t2=t1+(0, 8)) -> (290, 51, 290, t3=t2+(1, 4))	2	446
(673, 61, 3356, t1) & (673, 37, 3356, t2=t1+(0, 3)) -> (3356, 37, 3356, t3=t2+(1, 7))	2	447
(726, 144, 862, t1) & (241, 24, 862, t2=t1+(0, 10)) -> (862, 144, 862, t3=t2+(1, 2))	2	448
(2472, 16, 3438, t1) & (1173, 70, 3438, t2=t1+(0, 10)) -> (3438, 70, 2472, t3=t2+(1, 5))	2	449
(290, 98, 4895, t1) & (3185, 94, 290, t2=t1+(0, 4)) -> (290, 94, 4895, t3=t2+(1, 5))	2	450
(1242, 91, 880, t1) & (4541, 121, 880, t2=t1+(0, 2)) -> (1242, 91, 1242, t3=t2+(1, 5))	2	451
(2761, 31, 470, t1) & (470, 90, 470, t2=t1+(0, 2)) -> (2761, 31, 470, t3=t2+(1, 1))	2	452
(2151, 42, 2441, t1) & (3209, 113, 2441, t2=t1+(0, 6)) -> (2441, 113, 2441, t3=t2+(1, 4))	2	453
(3250, 51, 728, t1) & (3250, 139, 551, t2=t1+(0, 4)) -> (3250, 139, 728, t3=t2+(1, 12))	2	454
(525, 104, 3086, t1) & (3086, 117, 1957, t2=t1+(0, 6)) -> (3086, 104, 525, t3=t2+(1, 4))	2	455
(2248, 130, 907, t1) & (907, 103, 992, t2=t1+(0, 8)) -> (907, 103, 2248, t3=t2+(1, 6))	2	456
(3018, 63, 4807, t1) & (4807, 97, 1177, t2=t1+(0, 5)) -> (4807, 97, 1177, t3=t2+(1, 4))	2	457
(76, 150, 200, t1) & (3165, 60, 200, t2=t1+(0, 4)) -> (200, 150, 200, t3=t2+(1, 6))	2	458
(1753, 68, 119, t1) & (2140, 58, 1753, t2=t1+(0, 6)) -> (1753, 58, 2140, t3=t2+(1, 7))	2	459
(1827, 42, 4961, t1) & (1827, 49, 4961, t2=t1+(0, 5)) -> (1827, 49, 1827, t3=t2+(1, 1))	2	460
(1363, 138, 4749, t1) & (4749, 89, 4749, t2=t1+(0, 1)) -> (4749, 138, 4749, t3=t2+(1, 6))	2	461
(2746, 33, 924, t1) & (2746, 106, 405, t2=t1+(0, 4)) -> (2746, 33, 2746, t3=t2+(1, 5))	2	462
(3307, 135, 2515, t1) & (2515, 118, 4807, t2=t1+(0, 2)) -> (3307, 135, 2515, t3=t2+(1, 5))	2	463
(2581, 80, 360, t1) & (360, 92, 3139, t2=t1+(0, 6)) -> (360, 92, 360, t3=t2+(1, 4))	2	464
(42, 136, 3768, t1) & (42, 31, 42, t2=t1+(0, 4)) -> (42, 136, 42, t3=t2+(1, 2))	2	465
(3349, 164, 4813, t1) & (4813, 126, 3533, t2=t1+(0, 6)) -> (4813, 164, 4813, t3=t2+(1, 4))	2	466
(1204, 174, 1839, t1) & (1839, 86, 203, t2=t1+(0, 5)) -> (1204, 174, 1839, t3=t2+(1, 8))	2	467
(501, 149, 4188, t1) & (4609, 52, 501, t2=t1+(0, 7)) -> (501, 52, 501, t3=t2+(1, 3))	2	468
(2756, 19, 1463, t1) & (2756, 36, 1463, t2=t1+(0, 6)) -> (2756, 19, 1463, t3=t2+(1, 3))	2	469
(4602, 151, 2619, t1) & (2619, 115, 3848, t2=t1+(0, 5)) -> (4602, 151, 3848, t3=t2+(1, 3))	2	470
(1266, 26, 4692, t1) & (4692, 142, 4692, t2=t1+(0, 6)) -> (4692, 142, 4692, t3=t2+(1, 3))	2	471
(3484, 33, 798, t1) & (798, 80, 798, t2=t1+(0, 7)) -> (3484, 80, 798, t3=t2+(1, 2))	2	472
(2517, 181, 3785, t1) & (2517, 112, 3785, t2=t1+(0, 4)) -> (2517, 181, 2517, t3=t2+(1, 3))	2	473
(4848, 62, 2518, t1) & (1026, 173, 4848, t2=t1+(0, 4)) -> (4848, 173, 2518, t3=t2+(1, 3))	2	474
(3191, 147, 2012, t1) & (3191, 134, 2870, t2=t1+(0, 6)) -> (3191, 134, 3191, t3=t2+(1, 7))	2	475
(2900, 103, 3601, t1) & (4214, 31, 2900, t2=t1+(0, 6)) -> (4214, 103, 2900, t3=t2+(1, 9))	2	476
(2679, 127, 4355, t1) & (4355, 118, 2679, t2=t1+(0, 9)) -> (2679, 127, 2679, t3=t2+(1, 5))	2	477
(4566, 39, 2459, t1) & (2459, 66, 1721, t2=t1+(0, 8)) -> (2459, 66, 2459, t3=t2+(1, 6))	2	478
(448, 142, 1875, t1) & (448, 120, 2454, t2=t1+(0, 7)) -> (2454, 142, 448, t3=t2+(1, 1))	2	479
(2171, 129, 4754, t1) & (946, 171, 2171, t2=t1+(0, 2)) -> (946, 171, 2171, t3=t2+(1, 4))	2	480
(1559, 43, 4273, t1) & (1301, 94, 1559, t2=t1+(0, 5)) -> (4273, 94, 1559, t3=t2+(1, 6))	2	481
(1838, 188, 4976, t1) & (4976, 129, 1192, t2=t1+(0, 2)) -> (1192, 129, 4976, t3=t2+(1, 7))	2	482
(4432, 5, 3787, t1) & (716, 122, 3787, t2=t1+(0, 3)) -> (716, 122, 3787, t3=t2+(1, 4))	2	483
(940, 157, 2288, t1) & (2288, 30, 1301, t2=t1+(0, 3)) -> (940, 30, 2288, t3=t2+(1, 3))	2	484
(2775, 167, 3843, t1) & (2775, 109, 3843, t2=t1+(0, 7)) -> (2775, 109, 3843, t3=t2+(1, 1))	2	485
(2330, 175, 1069, t1) & (1069, 170, 1069, t2=t1+(0, 3)) -> (1069, 170, 1069, t3=t2+(1, 4))	2	486
(4054, 131, 2264, t1) & (4325, 119, 2264, t2=t1+(0, 13)) -> (2264, 131, 2264, t3=t2+(1, 7))	2	487
(3545, 187, 413, t1) & (3545, 181, 872, t2=t1+(0, 5)) -> (872, 181, 3545, t3=t2+(1, 2))	2	488
(3213, 177, 423, t1) & (3213, 20, 798, t2=t1+(0, 2)) -> (423, 20, 798, t3=t2+(1, 6))	2	489
(2421, 101, 4522, t1) & (4522, 56, 886, t2=t1+(0, 3)) -> (4522, 56, 2421, t3=t2+(1, 5))	2	490
(4770, 30, 4869, t1) & (4770, 119, 4770, t2=t1+(0, 5)) -> (4770, 119, 4770, t3=t2+(1, 2))	2	491
(2651, 9, 1566, t1) & (1566, 38, 2651, t2=t1+(0, 6)) -> (2651, 9, 1566, t3=t2+(1, 10))	2	492
(498, 46, 3665, t1) & (498, 88, 4665, t2=t1+(0, 3)) -> (4665, 88, 498, t3=t2+(1, 4))	2	493
(3696, 96, 2690, t1) & (3696, 143, 2322, t2=t1+(0, 5)) -> (3696, 143, 2322, t3=t2+(1, 7))	2	494
(180, 99, 452, t1) & (452, 165, 180, t2=t1+(0, 3)) -> (452, 165, 452, t3=t2+(1, 7))	2	495
(4194, 166, 1060, t1) & (3392, 196, 1060, t2=t1+(0, 1)) -> (3392, 166, 4194, t3=t2+(1, 2))	2	496
(253, 25, 4529, t1) & (4211, 38, 4529, t2=t1+(0, 2)) -> (4529, 25, 4529, t3=t2+(1, 4))	2	497
(2975, 94, 2492, t1) & (4845, 167, 2975, t2=t1+(0, 7)) -> (4845, 167, 2975, t3=t2+(1, 5))	2	498
(4120, 16, 3631, t1) & (3631, 59, 2411, t2=t1+(0, 4)) -> (3631, 16, 2411, t3=t2+(1, 2))	2	499
(381, 121, 2566, t1) -> (2566, 121, 2566, t2=t1+(1, 3))	1	500
(3932, 122, 2770, t1) -> (2770, 122, 2770, t2=t1+(1, 2))	1	501
(3394, 32, 3042, t1) -> (3394, 32, 3394, t2=t1+(1, 2))	1	502
(172, 161, 3264, t1) -> (172, 161, 172, t2=t1+(1, 4))	1	503
(3084, 75, 2536, t1) -> (3084, 75, 2536, t2=t1+(1, 4))	1	504
(465, 67, 186, t1) -> (186, 67, 186, t2=t1+(1, 4))	1	505
(1787, 5, 1321, t1) -> (1321, 5, 1321, t2=t1+(1, 1))	1	506
(4255, 169, 2227, t1) -> (4255, 169, 2227, t2=t1+(1, 1))	1	507
(3487, 190, 3111, t1) -> (3111, 190, 3487, t2=t1+(1, 7))	1	508
(3268, 152, 4384, t1) -> (3268, 152, 3268, t2=t1+(1, 3))	1	509
(4274, 126, 3829, t1) -> (4274, 126, 4274, t2=t1+(1, 6))	1	510
(1965, 39, 3601, t1) -> (3601, 39, 3601, t2=t1+(1, 4))	1	511
(1345, 128, 2145, t1) -> (2145, 128, 2145, t2=t1+(1, 11))	1	512
(1728, 6, 4761, t1) -> (4761, 6, 1728, t2=t1+(1, 5))	1	513
(2542, 99, 1821, t1) -> (2542, 99, 1821, t2=t1+(1, 13))	1	514
(3669, 192, 4813, t1) -> (4813, 192, 3669, t2=t1+(1, 1))	1	515
(3754, 93, 4582, t1) -> (4582, 93, 4582, t2=t1+(1, 8))	1	516
(1135, 44, 1568, t1) -> (1568, 44, 1135, t2=t1+(1, 2))	1	517
(3423, 122, 3867, t1) -> (3867, 122, 3867, t2=t1+(1, 3))	1	518
(1187, 109, 3347, t1) -> (1187, 109, 3347, t2=t1+(1, 5))	1	519
(279, 198, 4165, t1) -> (4165, 198, 4165, t2=t1+(1, 4))	1	520
(4384, 99, 4869, t1) -> (4384, 99, 4869, t2=t1+(1, 4))	1	521
(3626, 36, 2436, t1) -> (2436, 36, 2436, t2=t1+(1, 5))	1	522
(4195, 184, 1283, t1) -> (1283, 184, 4195, t2=t1+(1, 8))	1	523
(640, 199, 3779, t1) -> (640, 199, 3779, t2=t1+(1, 5))	1	524
