(91, 47, 432, t1) & (2992, 165, 31, t2=t1+(0, 8)) & (432, 97, 2992, t3=t2+(0, 3)) -> (432, 47, 31, t4=t3+(1, 6))	3	0
(1696, 154, 604, t1) & (2997, 62, 2790, t2=t1+(0, 12)) & (1696, 198, 2790, t3=t2+(0, 4)) -> (2790, 198, 2790, t4=t3+(1, 7))	3	1
(4216, 165, 1513, t1) & (3885, 166, 218, t2=t1+(0, 1)) & (3885, 62, 4216, t3=t2+(0, 9)) -> (3885, 166, 218, t4=t3+(1, 4))	3	2
(921, 113, 3874, t1) & (1705, 131, 3802, t2=t1+(0, 3)) & (3874, 155, 3802, t3=t2+(0, 2)) -> (3874, 113, 1705, t4=t3+(1, 4))	3	3
(4807, 78, 1720, t1) & (2036, 40, 794, t2=t1+(0, 5)) & (1720, 2, 794, t3=t2+(0, 2)) -> (4807, 78, 794, t4=t3+(1, 7))	3	4
(2079, 0, 790, t1) & (4872, 92, 2699, t2=t1+(0, 4)) & (2079, 135, 4872, t3=t2+(0, 5)) -> (2079, 135, 2079, t4=t3+(1, 7))	3	5
(1070, 128, 3855, t1) & (4071, 138, 4782, t2=t1+(0, 3)) & (4071, 194, 1070, t3=t2+(0, 7)) -> (4071, 128, 4071, t4=t3+(1, 2))	3	6
(1352, 13, 1712, t1) & (4617, 134, 4381, t2=t1+(0, 5)) & (1712, 116, 4617, t3=t2+(0, 6)) -> (1352, 116, 1712, t4=t3+(1, 7))	3	7
(3612, 132, 3430, t1) & (577, 38, 2285, t2=t1+(0, 4)) & (3612, 157, 2285, t3=t2+(0, 3)) -> (2285, 157, 3430, t4=t3+(1, 6))	3	8
(1363, 34, 1982, t1) & (2543, 38, 258, t2=t1+(0, 10)) & (2543, 122, 1363, t3=t2+(0, 5)) -> (1363, 122, 2543, t4=t3+(1, 4))	3	9
(1273, 90, 2129, t1) & (2726, 103, 4216, t2=t1+(0, 8)) & (1273, 113, 4216, t3=t2+(0, 8)) -> (4216, 113, 2129, t4=t3+(1, 11))	3	10
(3968, 115, 2655, t1) & (4307, 68, 4031, t2=t1+(0, 3)) & (3968, 2, 4307, t3=t2+(0, 5)) -> (3968, 2, 4031, t4=t3+(1, 2))	3	11
(979, 186, 835, t1) & (3465, 22, 3870, t2=t1+(0, 4)) & (979, 61, 3870, t3=t2+(0, 4)) -> (3870, 22, 3870, t4=t3+(1, 4))	3	12
(4738, 156, 4870, t1) & (4572, 156, 2247, t2=t1+(0, 4)) & (4572, 61, 4738, t3=t2+(0, 2)) -> (4738, 156, 4738, t4=t3+(1, 4))	3	13
(215, 101, 3798, t1) & (2236, 125, 3922, t2=t1+(0, 2)) & (2236, 150, 3798, t3=t2+(0, 7)) -> (2236, 125, 2236, t4=t3+(1, 3))	3	14
(421, 109, 2165, t1) & (2371, 94, 473, t2=t1+(0, 4)) & (2165, 162, 2371, t3=t2+(0, 3)) -> (2165, 162, 2165, t4=t3+(1, 6))	3	15
(3972, 148, 2204, t1) & (3992, 156, 4992, t2=t1+(0, 2)) & (3972, 159, 3992, t3=t2+(0, 5)) -> (3972, 156, 3992, t4=t3+(1, 7))	3	16
(1025, 174, 3549, t1) & (3885, 82, 380, t2=t1+(0, 4)) & (380, 18, 1025, t3=t2+(0, 3)) -> (3549, 82, 3885, t4=t3+(1, 5))	3	17
(1234, 156, 3395, t1) & (733, 136, 637, t2=t1+(0, 3)) & (733, 25, 1234, t3=t2+(0, 3)) -> (1234, 136, 733, t4=t3+(1, 4))	3	18
(4904, 7, 1311, t1) & (2248, 71, 100, t2=t1+(0, 4)) & (4904, 112, 2248, t3=t2+(0, 4)) -> (2248, 7, 4904, t4=t3+(1, 5))	3	19
(1445, 61, 282, t1) & (2183, 36, 1547, t2=t1+(0, 8)) & (1547, 171, 1445, t3=t2+(0, 6)) -> (1445, 61, 1445, t4=t3+(1, 6))	3	20
(1715, 196, 3356, t1) & (1019, 118, 4535, t2=t1+(0, 10)) & (4535, 2, 1715, t3=t2+(0, 5)) -> (1715, 118, 1019, t4=t3+(1, 8))	3	21
(4792, 78, 1632, t1) & (1979, 20, 1645, t2=t1+(0, 7)) & (1645, 110, 4792, t3=t2+(0, 1)) -> (1632, 110, 4792, t4=t3+(1, 1))	3	22
(3514, 26, 1627, t1) & (1705, 174, 2331, t2=t1+(0, 5)) & (1627, 153, 2331, t3=t2+(0, 4)) -> (1627, 26, 1627, t4=t3+(1, 4))	3	23
(2648, 24, 2008, t1) & (2958, 194, 481, t2=t1+(0, 3)) & (2958, 78, 2648, t3=t2+(0, 6)) -> (2648, 24, 2958, t4=t3+(1, 9))	3	24
(2548, 198, 2248, t1) & (3612, 98, 1383, t2=t1+(0, 4)) & (2248, 124, 1383, t3=t2+(0, 1)) -> (1383, 198, 2248, t4=t3+(1, 5))	3	25
(3588, 159, 2641, t1) & (2254, 136, 2236, t2=t1+(0, 6)) & (2254, 18, 2641, t3=t2+(0, 4)) -> (3588, 18, 2254, t4=t3+(1, 1))	3	26
(3320, 18, 1580, t1) & (3855, 153, 3522, t2=t1+(0, 4)) & (1580, 188, 3522, t3=t2+(0, 4)) -> (3320, 18, 1580, t4=t3+(1, 7))	3	27
(668, 148, 2727, t1) & (4961, 116, 3405, t2=t1+(0, 12)) & (4961, 112, 2727, t3=t2+(0, 6)) -> (2727, 148, 2727, t4=t3+(1, 9))	3	28
(4218, 87, 857, t1) & (2464, 52, 3430, t2=t1+(0, 3)) & (857, 103, 2464, t3=t2+(0, 2)) -> (857, 103, 4218, t4=t3+(1, 7))	3	29
(2989, 81, 3588, t1) & (3045, 23, 481, t2=t1+(0, 6)) & (481, 54, 2989, t3=t2+(0, 8)) -> (3588, 81, 2989, t4=t3+(1, 3))	3	30
(3405, 193, 3587, t1) & (420, 120, 4887, t2=t1+(0, 12)) & (420, 182, 3405, t3=t2+(0, 5)) -> (3405, 182, 420, t4=t3+(1, 4))	3	31
(1484, 155, 1055, t1) & (207, 174, 4919, t2=t1+(0, 4)) & (207, 68, 1055, t3=t2+(0, 6)) -> (1055, 174, 1055, t4=t3+(1, 4))	3	32
(218, 130, 3885, t1) & (1642, 136, 2106, t2=t1+(0, 8)) & (2106, 143, 218, t3=t2+(0, 3)) -> (3885, 130, 2106, t4=t3+(1, 5))	3	33
(1746, 170, 4293, t1) & (54, 24, 3588, t2=t1+(0, 2)) & (1746, 51, 3588, t3=t2+(0, 5)) -> (1746, 24, 3588, t4=t3+(1, 2))	3	34
(851, 84, 4872, t1) & (2080, 50, 2749, t2=t1+(0, 6)) & (2749, 156, 4872, t3=t2+(0, 1)) -> (2749, 50, 4872, t4=t3+(1, 5))	3	35
(3937, 102, 2517, t1) & (218, 0, 2657, t2=t1+(0, 3)) & (2517, 148, 218, t3=t2+(0, 6)) -> (3937, 102, 3937, t4=t3+(1, 5))	3	36
(4754, 165, 4648, t1) & (2211, 68, 100, t2=t1+(0, 6)) & (4648, 102, 100, t3=t2+(0, 7)) -> (100, 68, 2211, t4=t3+(1, 3))	3	37
(4674, 29, 2191, t1) & (1625, 188, 2879, t2=t1+(0, 2)) & (2191, 186, 1625, t3=t2+(0, 8)) -> (2191, 186, 4674, t4=t3+(1, 4))	3	38
(1773, 72, 3567, t1) & (1668, 167, 4178, t2=t1+(0, 4)) & (1773, 59, 1668, t3=t2+(0, 5)) -> (3567, 59, 1668, t4=t3+(1, 6))	3	39
(1510, 53, 1705, t1) & (969, 193, 1050, t2=t1+(0, 3)) & (1050, 24, 1705, t3=t2+(0, 3)) -> (1510, 24, 969, t4=t3+(1, 5))	3	40
(1969, 131, 2721, t1) & (4458, 153, 951, t2=t1+(0, 6)) & (951, 170, 1969, t3=t2+(0, 7)) -> (951, 170, 1969, t4=t3+(1, 6))	3	41
(3876, 9, 3381, t1) & (2989, 48, 1445, t2=t1+(0, 8)) & (3381, 62, 2989, t3=t2+(0, 5)) -> (2989, 62, 3876, t4=t3+(1, 3))	3	42
(2677, 58, 843, t1) & (3496, 131, 945, t2=t1+(0, 5)) & (3496, 10, 843, t3=t2+(0, 6)) -> (3496, 10, 843, t4=t3+(1, 3))	3	43
(4114, 24, 91, t1) & (1513, 61, 3863, t2=t1+(0, 5)) & (4114, 54, 3863, t3=t2+(0, 5)) -> (3863, 24, 3863, t4=t3+(1, 3))	3	44
(1218, 172, 2123, t1) & (2165, 15, 4642, t2=t1+(0, 9)) & (2123, 155, 4642, t3=t2+(0, 4)) -> (1218, 155, 1218, t4=t3+(1, 8))	3	45
(1832, 188, 3165, t1) & (4498, 54, 91, t2=t1+(0, 7)) & (3165, 158, 91, t3=t2+(0, 4)) -> (91, 54, 4498, t4=t3+(1, 2))	3	46
(1832, 102, 2112, t1) & (2768, 19, 2261, t2=t1+(0, 5)) & (1832, 40, 2261, t3=t2+(0, 6)) -> (2768, 40, 2261, t4=t3+(1, 3))	3	47
(1513, 24, 875, t1) & (3650, 96, 1070, t2=t1+(0, 3)) & (3650, 114, 875, t3=t2+(0, 7)) -> (1513, 114, 3650, t4=t3+(1, 7))	3	48
(2365, 143, 1832, t1) & (4216, 78, 1991, t2=t1+(0, 3)) & (4216, 132, 2365, t3=t2+(0, 4)) -> (1832, 132, 2365, t4=t3+(1, 6))	3	49
(54, 90, 94, t1) & (3886, 131, 4178, t2=t1+(0, 4)) & (3886, 159, 94, t3=t2+(0, 3)) -> (4178, 90, 94, t4=t3+(1, 3))	3	50
(2768, 60, 2749, t1) & (2318, 29, 3190, t2=t1+(0, 3)) & (3190, 170, 2768, t3=t2+(0, 6)) -> (3190, 170, 2749, t4=t3+(1, 9))	3	51
(2513, 118, 4829, t1) & (220, 155, 876, t2=t1+(0, 10)) & (876, 131, 4829, t3=t2+(0, 2)) -> (876, 131, 876, t4=t3+(1, 5))	3	52
(3591, 103, 2472, t1) & (3972, 134, 3885, t2=t1+(0, 5)) & (2472, 108, 3885, t3=t2+(0, 5)) -> (2472, 134, 2472, t4=t3+(1, 5))	3	53
(1201, 103, 226, t1) & (3591, 117, 3190, t2=t1+(0, 7)) & (226, 151, 3190, t3=t2+(0, 7)) -> (3190, 117, 3591, t4=t3+(1, 6))	3	54
(577, 2, 1025, t1) & (4186, 101, 1705, t2=t1+(0, 9)) & (4186, 130, 577, t3=t2+(0, 4)) -> (577, 2, 4186, t4=t3+(1, 5))	3	55
(2802, 48, 1057, t1) & (2849, 98, 3587, t2=t1+(0, 5)) & (2849, 151, 1057, t3=t2+(0, 2)) -> (2849, 98, 2802, t4=t3+(1, 4))	3	56
(2331, 165, 4388, t1) & (2075, 165, 4107, t2=t1+(0, 7)) & (4388, 162, 4107, t3=t2+(0, 4)) -> (2075, 162, 2075, t4=t3+(1, 2))	3	57
(446, 115, 2850, t1) & (1057, 151, 1657, t2=t1+(0, 3)) & (1657, 48, 2850, t3=t2+(0, 11)) -> (2850, 115, 2850, t4=t3+(1, 6))	3	58
(3885, 188, 4702, t1) & (1362, 19, 3067, t2=t1+(0, 4)) & (4702, 90, 1362, t3=t2+(0, 5)) -> (1362, 188, 3885, t4=t3+(1, 5))	3	59
(2124, 69, 668, t1) & (4092, 180, 2726, t2=t1+(0, 4)) & (668, 136, 4092, t3=t2+(0, 7)) -> (668, 136, 668, t4=t3+(1, 3))	3	60
(4608, 50, 3832, t1) & (4312, 186, 951, t2=t1+(0, 4)) & (4312, 148, 4608, t3=t2+(0, 10)) -> (4608, 148, 951, t4=t3+(1, 5))	3	61
(2648, 68, 2331, t1) & (1701, 196, 752, t2=t1+(0, 3)) & (752, 174, 2331, t3=t2+(0, 8)) -> (2648, 196, 752, t4=t3+(1, 2))	3	62
(1186, 193, 2739, t1) & (3090, 106, 4754, t2=t1+(0, 8)) & (4754, 76, 2739, t3=t2+(0, 5)) -> (2739, 106, 3090, t4=t3+(1, 6))	3	63
(1208, 146, 3954, t1) & (1507, 182, 1234, t2=t1+(0, 1)) & (1234, 148, 3954, t3=t2+(0, 3)) -> (1234, 146, 1507, t4=t3+(1, 4))	3	64
(1969, 125, 3992, t1) & (4199, 137, 1151, t2=t1+(0, 6)) & (3992, 13, 4199, t3=t2+(0, 5)) -> (3992, 137, 1151, t4=t3+(1, 4))	3	65
(1484, 5, 4218, t1) & (2715, 170, 2723, t2=t1+(0, 3)) & (2723, 73, 1484, t3=t2+(0, 6)) -> (1484, 170, 4218, t4=t3+(1, 4))	3	66
(2543, 51, 4738, t1) & (2638, 191, 1454, t2=t1+(0, 9)) & (2543, 15, 1454, t3=t2+(0, 3)) -> (1454, 51, 4738, t4=t3+(1, 1))	3	67
(4833, 52, 4807, t1) & (2517, 98, 851, t2=t1+(0, 2)) & (4807, 16, 851, t3=t2+(0, 5)) -> (851, 98, 851, t4=t3+(1, 5))	3	68
(3885, 89, 2261, t1) & (4992, 156, 4639, t2=t1+(0, 5)) & (4639, 56, 3885, t3=t2+(0, 2)) -> (3885, 56, 2261, t4=t3+(1, 6))	3	69
(4811, 153, 4907, t1) & (4916, 79, 3710, t2=t1+(0, 4)) & (3710, 131, 4907, t3=t2+(0, 6)) -> (4907, 153, 4907, t4=t3+(1, 7))	3	70
(1969, 124, 3794, t1) & (4782, 131, 292, t2=t1+(0, 12)) & (292, 172, 1969, t3=t2+(0, 2)) -> (4782, 124, 1969, t4=t3+(1, 2))	3	71
(2255, 99, 3855, t1) & (409, 71, 2205, t2=t1+(0, 6)) & (3855, 118, 409, t3=t2+(0, 6)) -> (2255, 118, 2255, t4=t3+(1, 6))	3	72
(3651, 131, 4498, t1) & (91, 63, 3473, t2=t1+(0, 6)) & (4498, 165, 91, t3=t2+(0, 3)) -> (3473, 131, 91, t4=t3+(1, 5))	3	73
(4030, 19, 3069, t1) & (481, 148, 4433, t2=t1+(0, 2)) & (3069, 73, 481, t3=t2+(0, 4)) -> (4030, 19, 481, t4=t3+(1, 5))	3	74
(1218, 196, 612, t1) & (108, 131, 1415, t2=t1+(0, 3)) & (1415, 70, 1218, t3=t2+(0, 4)) -> (1218, 196, 108, t4=t3+(1, 2))	3	75
(1234, 118, 528, t1) & (3854, 160, 2501, t2=t1+(0, 5)) & (3854, 9, 528, t3=t2+(0, 2)) -> (2501, 160, 528, t4=t3+(1, 4))	3	76
(2539, 101, 3808, t1) & (2464, 102, 3321, t2=t1+(0, 4)) & (3321, 170, 3808, t3=t2+(0, 8)) -> (3808, 170, 3321, t4=t3+(1, 1))	3	77
(4216, 151, 1037, t1) & (4133, 58, 3885, t2=t1+(0, 4)) & (3885, 24, 1037, t3=t2+(0, 3)) -> (1037, 58, 1037, t4=t3+(1, 3))	3	78
(2648, 61, 3922, t1) & (604, 61, 345, t2=t1+(0, 6)) & (345, 116, 3922, t3=t2+(0, 6)) -> (3922, 61, 3922, t4=t3+(1, 5))	3	79
(4449, 112, 1924, t1) & (692, 128, 2825, t2=t1+(0, 2)) & (692, 19, 4449, t3=t2+(0, 4)) -> (4449, 112, 4449, t4=t3+(1, 4))	3	80
(3855, 67, 4564, t1) & (4779, 170, 1484, t2=t1+(0, 5)) & (4779, 118, 4564, t3=t2+(0, 5)) -> (4564, 67, 4779, t4=t3+(1, 6))	3	81
(3449, 31, 538, t1) & (2352, 39, 54, t2=t1+(0, 6)) & (54, 103, 538, t3=t2+(0, 8)) -> (3449, 31, 2352, t4=t3+(1, 3))	3	82
(3773, 150, 4564, t1) & (4589, 134, 2723, t2=t1+(0, 8)) & (2723, 143, 3773, t3=t2+(0, 6)) -> (2723, 134, 2723, t4=t3+(1, 6))	3	83
(1454, 102, 4709, t1) & (3435, 105, 3089, t2=t1+(0, 5)) & (3435, 26, 1454, t3=t2+(0, 9)) -> (1454, 102, 4709, t4=t3+(1, 4))	3	84
(637, 123, 1969, t1) & (2027, 182, 4992, t2=t1+(0, 3)) & (637, 112, 2027, t3=t2+(0, 2)) -> (637, 182, 2027, t4=t3+(1, 5))	3	85
(1005, 186, 3603, t1) & (1302, 97, 3378, t2=t1+(0, 5)) & (3603, 193, 1302, t3=t2+(0, 4)) -> (1302, 186, 1005, t4=t3+(1, 8))	3	86
(1990, 150, 2745, t1) & (1935, 182, 3588, t2=t1+(0, 3)) & (3588, 148, 1990, t3=t2+(0, 3)) -> (3588, 148, 3588, t4=t3+(1, 1))	3	87
(3435, 135, 3401, t1) & (2026, 175, 3587, t2=t1+(0, 8)) & (2026, 16, 3401, t3=t2+(0, 9)) -> (3435, 135, 2026, t4=t3+(1, 9))	3	88
(2825, 124, 1895, t1) & (2648, 62, 4608, t2=t1+(0, 9)) & (2825, 136, 4608, t3=t2+(0, 7)) -> (4608, 124, 4608, t4=t3+(1, 5))	3	89
(2695, 101, 4564, t1) & (4288, 156, 2774, t2=t1+(0, 4)) & (4564, 162, 2774, t3=t2+(0, 4)) -> (2695, 101, 2774, t4=t3+(1, 4))	3	90
(218, 47, 4964, t1) & (1463, 135, 3465, t2=t1+(0, 9)) & (3465, 31, 4964, t3=t2+(0, 2)) -> (3465, 31, 4964, t4=t3+(1, 4))	3	91
(807, 115, 4407, t1) & (2247, 8, 1216, t2=t1+(0, 3)) & (4407, 135, 1216, t3=t2+(0, 2)) -> (4407, 135, 4407, t4=t3+(1, 8))	3	92
(1363, 114, 292, t1) & (2859, 191, 574, t2=t1+(0, 5)) & (574, 103, 292, t3=t2+(0, 1)) -> (574, 191, 574, t4=t3+(1, 3))	3	93
(2331, 196, 292, t1) & (4904, 76, 1014, t2=t1+(0, 7)) & (4904, 102, 292, t3=t2+(0, 4)) -> (2331, 196, 292, t4=t3+(1, 10))	3	94
(3184, 24, 4754, t1) & (1792, 154, 3395, t2=t1+(0, 7)) & (3184, 119, 3395, t3=t2+(0, 5)) -> (3184, 24, 3395, t4=t3+(1, 1))	3	95
(1527, 40, 4823, t1) & (2952, 19, 2739, t2=t1+(0, 6)) & (2739, 130, 4823, t3=t2+(0, 5)) -> (4823, 19, 4823, t4=t3+(1, 3))	3	96
(692, 94, 3405, t1) & (1627, 86, 311, t2=t1+(0, 6)) & (1627, 114, 692, t3=t2+(0, 3)) -> (311, 114, 1627, t4=t3+(1, 5))	3	97
(1924, 73, 583, t1) & (1969, 170, 3266, t2=t1+(0, 8)) & (583, 156, 3266, t3=t2+(0, 4)) -> (583, 156, 1924, t4=t3+(1, 6))	3	98
(1010, 32, 2262, t1) & (3371, 128, 1711, t2=t1+(0, 4)) & (3371, 153, 1010, t3=t2+(0, 2)) -> (3371, 32, 2262, t4=t3+(1, 4))	3	99
(1637, 95, 4405, t1) & (1637, 171, 1846, t2=t1+(0, 3)) -> (1846, 95, 1637, t3=t2+(1, 3))	2	100
(415, 151, 1445, t1) & (2993, 62, 1445, t2=t1+(0, 1)) -> (2993, 62, 2993, t3=t2+(1, 8))	2	101
(4218, 32, 4654, t1) & (4218, 16, 4654, t2=t1+(0, 7)) -> (4218, 16, 4654, t3=t2+(1, 4))	2	102
(2805, 33, 4106, t1) & (2805, 194, 2648, t2=t1+(0, 5)) -> (2648, 194, 2805, t3=t2+(1, 4))	2	103
(1270, 97, 2111, t1) & (2715, 166, 1270, t2=t1+(0, 5)) -> (1270, 97, 2715, t3=t2+(1, 6))	2	104
(3885, 135, 3612, t1) & (3885, 188, 3612, t2=t1+(0, 5)) -> (3612, 188, 3612, t3=t2+(1, 6))	2	105
(2624, 138, 4221, t1) & (2776, 9, 4221, t2=t1+(0, 3)) -> (2776, 9, 4221, t3=t2+(1, 1))	2	106
(2686, 176, 1273, t1) & (2686, 154, 2686, t2=t1+(0, 2)) -> (2686, 154, 1273, t3=t2+(1, 5))	2	107
(4872, 148, 1636, t1) & (583, 113, 4872, t2=t1+(0, 4)) -> (1636, 113, 4872, t3=t2+(1, 6))	2	108
(2648, 182, 3252, t1) & (2648, 170, 3992, t2=t1+(0, 1)) -> (3252, 170, 3992, t3=t2+(1, 4))	2	109
(3418, 198, 752, t1) & (3418, 61, 4349, t2=t1+(0, 4)) -> (3418, 61, 3418, t3=t2+(1, 3))	2	110
(4418, 119, 619, t1) & (2723, 101, 619, t2=t1+(0, 8)) -> (619, 101, 619, t3=t2+(1, 6))	2	111
(2971, 174, 1527, t1) & (2971, 198, 54, t2=t1+(0, 6)) -> (1527, 198, 54, t3=t2+(1, 9))	2	112
(3604, 28, 1066, t1) & (3604, 54, 3604, t2=t1+(0, 7)) -> (3604, 28, 3604, t3=t2+(1, 2))	2	113
(1216, 155, 3190, t1) & (3190, 188, 1067, t2=t1+(0, 6)) -> (1067, 188, 3190, t3=t2+(1, 4))	2	114
(1060, 62, 1672, t1) & (365, 69, 1060, t2=t1+(0, 3)) -> (1672, 69, 1672, t3=t2+(1, 1))	2	115
(3038, 186, 4132, t1) & (1361, 186, 3038, t2=t1+(0, 6)) -> (1361, 186, 1361, t3=t2+(1, 3))	2	116
(4308, 118, 1484, t1) & (2431, 135, 1484, t2=t1+(0, 4)) -> (4308, 135, 4308, t3=t2+(1, 6))	2	117
(901, 13, 4413, t1) & (2768, 7, 901, t2=t1+(0, 3)) -> (2768, 7, 901, t3=t2+(1, 6))	2	118
(1872, 58, 1513, t1) & (2513, 153, 1872, t2=t1+(0, 2)) -> (1872, 153, 1513, t3=t2+(1, 7))	2	119
(1572, 32, 3823, t1) & (3823, 48, 3823, t2=t1+(0, 7)) -> (3823, 48, 3823, t3=t2+(1, 7))	2	120
(3117, 48, 4178, t1) & (692, 189, 4178, t2=t1+(0, 6)) -> (4178, 189, 692, t3=t2+(1, 2))	2	121
(2255, 24, 1715, t1) & (2201, 146, 1715, t2=t1+(0, 5)) -> (1715, 146, 1715, t3=t2+(1, 6))	2	122
(2143, 143, 3642, t1) & (3642, 9, 3642, t2=t1+(0, 7)) -> (3642, 9, 3642, t3=t2+(1, 2))	2	123
(2027, 153, 1151, t1) & (2027, 124, 2745, t2=t1+(0, 4)) -> (1151, 153, 2027, t3=t2+(1, 7))	2	124
(1361, 98, 4591, t1) & (1361, 135, 746, t2=t1+(0, 6)) -> (4591, 135, 4591, t3=t2+(1, 8))	2	125
(4313, 63, 3948, t1) & (3191, 170, 4313, t2=t1+(0, 6)) -> (4313, 63, 4313, t3=t2+(1, 5))	2	126
(3922, 40, 218, t1) & (1050, 176, 3922, t2=t1+(0, 3)) -> (3922, 176, 3922, t3=t2+(1, 4))	2	127
(4138, 172, 3537, t1) & (4138, 152, 1234, t2=t1+(0, 8)) -> (3537, 172, 4138, t3=t2+(1, 5))	2	128
(3395, 62, 4391, t1) & (4391, 102, 4872, t2=t1+(0, 6)) -> (3395, 102, 4391, t3=t2+(1, 9))	2	129
(998, 113, 1164, t1) & (998, 156, 2143, t2=t1+(0, 6)) -> (998, 156, 998, t3=t2+(1, 2))	2	130
(619, 58, 4608, t1) & (215, 186, 619, t2=t1+(0, 8)) -> (215, 186, 619, t3=t2+(1, 5))	2	131
(221, 53, 3165, t1) & (3165, 134, 3465, t2=t1+(0, 7)) -> (3165, 134, 221, t3=t2+(1, 6))	2	132
(619, 155, 3320, t1) & (619, 32, 432, t2=t1+(0, 3)) -> (619, 155, 3320, t3=t2+(1, 6))	2	133
(2601, 184, 2247, t1) & (2247, 108, 2601, t2=t1+(0, 3)) -> (2601, 108, 2601, t3=t2+(1, 5))	2	134
(2723, 153, 4272, t1) & (2723, 153, 4272, t2=t1+(1, 1)) -> (2723, 153, 4272, t3=t2+(1, 5))	2	135
(2745, 153, 4147, t1) & (4401, 191, 4147, t2=t1+(0, 9)) -> (2745, 191, 4401, t3=t2+(1, 6))	2	136
(1625, 110, 3972, t1) & (2075, 154, 1625, t2=t1+(0, 6)) -> (1625, 154, 3972, t3=t2+(1, 3))	2	137
(1014, 188, 1302, t1) & (4709, 61, 1302, t2=t1+(0, 0)) -> (1302, 61, 4709, t3=t2+(1, 7))	2	138
(3441, 176, 4907, t1) & (3441, 54, 4754, t2=t1+(0, 4)) -> (4907, 176, 3441, t3=t2+(1, 6))	2	139
(4808, 135, 2754, t1) & (2754, 91, 4808, t2=t1+(0, 2)) -> (2754, 91, 2754, t3=t2+(1, 4))	2	140
(4071, 143, 529, t1) & (4418, 0, 529, t2=t1+(0, 3)) -> (529, 143, 529, t3=t2+(1, 4))	2	141
(4178, 72, 409, t1) & (4178, 101, 3483, t2=t1+(0, 6)) -> (409, 101, 409, t3=t2+(1, 5))	2	142
(2005, 180, 3650, t1) & (1999, 131, 3650, t2=t1+(0, 5)) -> (2005, 180, 1999, t3=t2+(1, 1))	2	143
(2754, 143, 161, t1) & (2754, 7, 3832, t2=t1+(0, 3)) -> (2754, 7, 2754, t3=t2+(1, 10))	2	144
(207, 143, 4784, t1) & (1191, 143, 207, t2=t1+(0, 7)) -> (207, 143, 207, t3=t2+(1, 6))	2	145
(1759, 154, 3405, t1) & (1759, 174, 1759, t2=t1+(0, 2)) -> (1759, 154, 1759, t3=t2+(1, 5))	2	146
(76, 136, 1672, t1) & (1672, 21, 4313, t2=t1+(0, 6)) -> (1672, 21, 1672, t3=t2+(1, 8))	2	147
(4354, 197, 1679, t1) & (4354, 98, 1679, t2=t1+(0, 5)) -> (4354, 197, 4354, t3=t2+(1, 5))	2	148
(1392, 9, 409, t1) & (1392, 2, 409, t2=t1+(0, 0)) -> (1392, 9, 1392, t3=t2+(1, 4))	2	149
(3937, 112, 4872, t1) & (4872, 23, 3937, t2=t1+(0, 2)) -> (3937, 23, 3937, t3=t2+(1, 4))	2	150
(179, 26, 3447, t1) & (3447, 154, 3447, t2=t1+(0, 6)) -> (3447, 154, 3447, t3=t2+(1, 5))	2	151
(1855, 102, 3937, t1) & (1855, 153, 1855, t2=t1+(0, 6)) -> (1855, 153, 3937, t3=t2+(1, 2))	2	152
(1363, 125, 577, t1) & (1363, 154, 577, t2=t1+(0, 3)) -> (577, 154, 577, t3=t2+(1, 3))	2	153
(4754, 143, 3588, t1) & (4754, 134, 3588, t2=t1+(0, 8)) -> (3588, 143, 3588, t3=t2+(1, 3))	2	154
(4061, 115, 2331, t1) & (2331, 63, 179, t2=t1+(0, 6)) -> (2331, 115, 2331, t3=t2+(1, 4))	2	155
(1978, 162, 2872, t1) & (2872, 58, 3588, t2=t1+(0, 5)) -> (1978, 58, 3588, t3=t2+(1, 9))	2	156
(87, 165, 292, t1) & (87, 156, 1701, t2=t1+(0, 2)) -> (292, 156, 87, t3=t2+(1, 3))	2	157
(4779, 61, 4674, t1) & (4674, 169, 3114, t2=t1+(0, 6)) -> (4674, 61, 3114, t3=t2+(1, 4))	2	158
(773, 170, 1679, t1) & (2371, 33, 1679, t2=t1+(0, 3)) -> (773, 33, 2371, t3=t2+(1, 7))	2	159
(3473, 130, 273, t1) & (3465, 143, 3473, t2=t1+(0, 12)) -> (3473, 143, 3465, t3=t2+(1, 7))	2	160
(25, 89, 4146, t1) & (4146, 15, 2106, t2=t1+(0, 4)) -> (2106, 89, 25, t3=t2+(1, 5))	2	161
(3276, 19, 3426, t1) & (3276, 115, 2048, t2=t1+(0, 4)) -> (3276, 115, 3276, t3=t2+(1, 6))	2	162
(969, 89, 1450, t1) & (2143, 135, 969, t2=t1+(0, 6)) -> (969, 135, 969, t3=t2+(1, 7))	2	163
(428, 11, 3089, t1) & (3089, 143, 644, t2=t1+(0, 4)) -> (644, 11, 428, t3=t2+(1, 4))	2	164
(3315, 61, 3371, t1) & (3315, 42, 1600, t2=t1+(0, 6)) -> (1600, 61, 3371, t3=t2+(1, 4))	2	165
(2989, 18, 3933, t1) & (2989, 109, 3933, t2=t1+(0, 5)) -> (2989, 18, 2989, t3=t2+(1, 1))	2	166
(1454, 103, 4114, t1) & (1978, 131, 1454, t2=t1+(0, 5)) -> (1454, 131, 4114, t3=t2+(1, 4))	2	167
(1872, 157, 3810, t1) & (3264, 159, 1872, t2=t1+(0, 4)) -> (1872, 159, 3810, t3=t2+(1, 5))	2	168
(2757, 156, 4058, t1) & (4078, 101, 2757, t2=t1+(0, 5)) -> (2757, 156, 4058, t3=t2+(1, 3))	2	169
(4058, 38, 3125, t1) & (2965, 116, 4058, t2=t1+(0, 6)) -> (2965, 116, 4058, t3=t2+(1, 6))	2	170
(408, 28, 2768, t1) & (2768, 93, 408, t2=t1+(0, 6)) -> (408, 93, 2768, t3=t2+(1, 5))	2	171
(3405, 170, 4288, t1) & (4540, 54, 4288, t2=t1+(0, 7)) -> (4288, 170, 4288, t3=t2+(1, 2))	2	172
(4919, 102, 2255, t1) & (4919, 113, 1450, t2=t1+(0, 6)) -> (4919, 113, 4919, t3=t2+(1, 5))	2	173
(2472, 91, 3650, t1) & (971, 103, 2472, t2=t1+(0, 3)) -> (971, 103, 2472, t3=t2+(1, 7))	2	174
(4073, 143, 2648, t1) & (4073, 53, 94, t2=t1+(0, 3)) -> (94, 143, 94, t3=t2+(1, 4))	2	175
(3382, 170, 3740, t1) & (3382, 62, 3382, t2=t1+(0, 6)) -> (3382, 170, 3382, t3=t2+(1, 4))	2	176
(1921, 169, 3231, t1) & (3855, 123, 1921, t2=t1+(0, 3)) -> (1921, 123, 3231, t3=t2+(1, 6))	2	177
(1234, 143, 1600, t1) & (1234, 118, 678, t2=t1+(0, 4)) -> (1234, 143, 1600, t3=t2+(1, 2))	2	178
(4608, 101, 3586, t1) & (4608, 101, 4608, t2=t1+(0, 9)) -> (3586, 101, 3586, t3=t2+(1, 6))	2	179
(2799, 115, 563, t1) & (563, 148, 4039, t2=t1+(0, 8)) -> (563, 148, 4039, t3=t2+(1, 7))	2	180
(4071, 123, 2431, t1) & (2431, 59, 3808, t2=t1+(0, 7)) -> (2431, 59, 2431, t3=t2+(1, 4))	2	181
(577, 68, 1999, t1) & (1999, 169, 1133, t2=t1+(0, 6)) -> (577, 68, 1999, t3=t2+(1, 1))	2	182
(1759, 19, 3933, t1) & (1759, 98, 1234, t2=t1+(0, 7)) -> (1759, 98, 1759, t3=t2+(1, 9))	2	183
(1513, 96, 2048, t1) & (4564, 95, 2048, t2=t1+(0, 4)) -> (1513, 95, 2048, t3=t2+(1, 6))	2	184
(2739, 73, 4018, t1) & (2739, 114, 631, t2=t1+(0, 4)) -> (2739, 73, 2739, t3=t2+(1, 4))	2	185
(408, 19, 3590, t1) & (3590, 33, 408, t2=t1+(0, 5)) -> (408, 33, 3590, t3=t2+(1, 2))	2	186
(1199, 162, 4585, t1) & (1199, 114, 1199, t2=t1+(0, 4)) -> (1199, 114, 1199, t3=t2+(1, 3))	2	187
(1096, 7, 1715, t1) & (1096, 40, 1715, t2=t1+(0, 3)) -> (1715, 7, 1715, t3=t2+(1, 7))	2	188
(3992, 136, 100, t1) & (100, 101, 3992, t2=t1+(0, 7)) -> (100, 101, 3992, t3=t2+(1, 7))	2	189
(4709, 169, 3069, t1) & (4709, 182, 3069, t2=t1+(0, 4)) -> (4709, 182, 4709, t3=t2+(1, 3))	2	190
(1009, 67, 1978, t1) & (240, 186, 1978, t2=t1+(0, 5)) -> (240, 186, 1978, t3=t2+(1, 7))	2	191
(1495, 196, 4371, t1) & (1823, 62, 1495, t2=t1+(0, 9)) -> (1495, 196, 4371, t3=t2+(1, 6))	2	192
(2648, 69, 3067, t1) & (3067, 38, 281, t2=t1+(0, 4)) -> (3067, 69, 2648, t3=t2+(1, 6))	2	193
(1507, 32, 2859, t1) & (2859, 2, 2859, t2=t1+(0, 6)) -> (2859, 2, 2859, t3=t2+(1, 4))	2	194
(3040, 18, 3591, t1) & (3040, 18, 3040, t2=t1+(0, 4)) -> (3040, 18, 3591, t3=t2+(1, 6))	2	195
(1235, 50, 2352, t1) & (4674, 26, 1235, t2=t1+(0, 7)) -> (4674, 50, 4674, t3=t2+(1, 5))	2	196
(3855, 19, 2442, t1) & (1300, 33, 2442, t2=t1+(0, 3)) -> (2442, 19, 1300, t3=t2+(1, 7))	2	197
(1479, 26, 4754, t1) & (4754, 131, 4754, t2=t1+(0, 9)) -> (4754, 131, 4754, t3=t2+(1, 6))	2	198
(518, 110, 3473, t1) & (2648, 19, 518, t2=t1+(0, 3)) -> (518, 19, 2648, t3=t2+(1, 3))	2	199
(1223, 113, 4251, t1) -> (4251, 113, 1223, t2=t1+(1, 6))	1	200
(1876, 20, 4564, t1) -> (1876, 20, 4564, t2=t1+(1, 4))	1	201
(773, 34, 1019, t1) -> (1019, 34, 773, t2=t1+(1, 2))	1	202
(3473, 162, 2517, t1) -> (3473, 162, 2517, t2=t1+(1, 9))	1	203
(292, 198, 887, t1) -> (292, 198, 887, t2=t1+(1, 6))	1	204
(996, 67, 4251, t1) -> (996, 67, 4251, t2=t1+(1, 4))	1	205
(473, 153, 4560, t1) -> (473, 153, 473, t2=t1+(1, 2))	1	206
(4218, 134, 4381, t1) -> (4381, 134, 4381, t2=t1+(1, 4))	1	207
(2111, 113, 2245, t1) -> (2245, 113, 2111, t2=t1+(1, 6))	1	208
(3588, 40, 4414, t1) -> (3588, 40, 4414, t2=t1+(1, 7))	1	209
(3378, 167, 2248, t1) -> (2248, 167, 3378, t2=t1+(1, 1))	1	210
(3885, 150, 998, t1) -> (3885, 150, 998, t2=t1+(1, 4))	1	211
(1349, 72, 3449, t1) -> (1349, 72, 3449, t2=t1+(1, 11))	1	212
(4754, 47, 3547, t1) -> (3547, 47, 4754, t2=t1+(1, 5))	1	213
(3405, 124, 481, t1) -> (3405, 124, 481, t2=t1+(1, 4))	1	214
(2124, 154, 631, t1) -> (631, 154, 631, t2=t1+(1, 5))	1	215
(2739, 52, 663, t1) -> (663, 52, 663, t2=t1+(1, 9))	1	216
(76, 33, 637, t1) -> (637, 33, 76, t2=t1+(1, 10))	1	217
(241, 138, 1511, t1) -> (1511, 138, 241, t2=t1+(1, 3))	1	218
(3885, 110, 3642, t1) -> (3885, 110, 3885, t2=t1+(1, 8))	1	219
(1924, 191, 1715, t1) -> (1924, 191, 1924, t2=t1+(1, 5))	1	220
(3181, 101, 4095, t1) -> (4095, 101, 4095, t2=t1+(1, 10))	1	221
(1414, 93, 767, t1) -> (767, 93, 767, t2=t1+(1, 2))	1	222
(1705, 72, 3992, t1) -> (1705, 72, 3992, t2=t1+(1, 9))	1	223
(2864, 62, 2350, t1) -> (2864, 62, 2350, t2=t1+(1, 6))	1	224
(3465, 191, 4546, t1) -> (4546, 191, 4546, t2=t1+(1, 3))	1	225
(2048, 122, 319, t1) -> (2048, 122, 319, t2=t1+(1, 7))	1	226
(1764, 72, 3992, t1) -> (3992, 72, 3992, t2=t1+(1, 4))	1	227
(1525, 153, 4382, t1) -> (4382, 153, 4382, t2=t1+(1, 4))	1	228
(4178, 41, 2112, t1) -> (2112, 41, 4178, t2=t1+(1, 6))	1	229
(3395, 74, 1728, t1) -> (1728, 74, 3395, t2=t1+(1, 4))	1	230
(1572, 143, 4607, t1) -> (4607, 143, 4607, t2=t1+(1, 1))	1	231
(94, 136, 3522, t1) -> (3522, 136, 94, t2=t1+(1, 1))	1	232
(3972, 19, 2331, t1) -> (3972, 19, 2331, t2=t1+(1, 4))	1	233
(4872, 38, 2179, t1) -> (2179, 38, 2179, t2=t1+(1, 5))	1	234
(229, 136, 1454, t1) -> (229, 136, 1454, t2=t1+(1, 4))	1	235
(3874, 62, 1979, t1) -> (1979, 62, 3874, t2=t1+(1, 3))	1	236
(1792, 149, 218, t1) -> (218, 149, 1792, t2=t1+(1, 5))	1	237
(4952, 162, 264, t1) -> (4952, 162, 4952, t2=t1+(1, 3))	1	238
(4968, 164, 2739, t1) -> (2739, 164, 4968, t2=t1+(1, 6))	1	239
(2997, 75, 2111, t1) -> (2997, 75, 2997, t2=t1+(1, 4))	1	240
(1316, 72, 3119, t1) -> (3119, 72, 3119, t2=t1+(1, 6))	1	241
(4078, 26, 2371, t1) -> (2371, 26, 2371, t2=t1+(1, 6))	1	242
(2715, 49, 3097, t1) -> (3097, 49, 2715, t2=t1+(1, 9))	1	243
(1924, 153, 2768, t1) -> (1924, 153, 1924, t2=t1+(1, 6))	1	244
(2371, 174, 2723, t1) -> (2371, 174, 2723, t2=t1+(1, 4))	1	245
(2143, 78, 3948, t1) -> (3948, 78, 3948, t2=t1+(1, 11))	1	246
(948, 62, 2248, t1) -> (948, 62, 948, t2=t1+(1, 7))	1	247
(2412, 68, 680, t1) -> (680, 68, 2412, t2=t1+(1, 7))	1	248
(3021, 162, 3802, t1) -> (3802, 162, 3802, t2=t1+(1, 3))	1	249
(12, 162, 1988, t1) -> (1988, 162, 1988, t2=t1+(1, 6))	1	250
(4405, 86, 2262, t1) -> (4405, 86, 4405, t2=t1+(1, 7))	1	251
(3968, 197, 207, t1) -> (3968, 197, 3968, t2=t1+(1, 3))	1	252
(3588, 62, 3615, t1) -> (3588, 62, 3588, t2=t1+(1, 6))	1	253
(4754, 143, 264, t1) -> (264, 143, 264, t2=t1+(1, 6))	1	254
(2004, 186, 2732, t1) -> (2004, 186, 2004, t2=t1+(1, 7))	1	255
(226, 150, 637, t1) -> (637, 150, 226, t2=t1+(1, 7))	1	256
(2248, 131, 969, t1) -> (969, 131, 969, t2=t1+(1, 7))	1	257
(319, 98, 3587, t1) -> (3587, 98, 3587, t2=t1+(1, 7))	1	258
(2739, 150, 2588, t1) -> (2739, 150, 2588, t2=t1+(1, 4))	1	259
(1517, 71, 2371, t1) -> (2371, 71, 2371, t2=t1+(1, 6))	1	260
(264, 13, 4418, t1) -> (4418, 13, 4418, t2=t1+(1, 3))	1	261
(3390, 102, 1701, t1) -> (1701, 102, 3390, t2=t1+(1, 4))	1	262
(2164, 150, 1978, t1) -> (1978, 150, 2164, t2=t1+(1, 5))	1	263
(432, 144, 4078, t1) -> (432, 144, 432, t2=t1+(1, 8))	1	264
(2464, 169, 1978, t1) -> (1978, 169, 1978, t2=t1+(1, 7))	1	265
(3090, 33, 1924, t1) -> (3090, 33, 3090, t2=t1+(1, 1))	1	266
(292, 108, 4904, t1) -> (292, 108, 4904, t2=t1+(1, 5))	1	267
(1743, 138, 2739, t1) -> (2739, 138, 2739, t2=t1+(1, 5))	1	268
(83, 143, 1898, t1) -> (1898, 143, 83, t2=t1+(1, 4))	1	269
(2312, 71, 179, t1) -> (179, 71, 2312, t2=t1+(1, 10))	1	270
(4071, 123, 149, t1) -> (149, 123, 4071, t2=t1+(1, 3))	1	271
(2657, 153, 30, t1) -> (30, 153, 30, t2=t1+(1, 5))	1	272
(1991, 103, 2727, t1) -> (2727, 103, 1991, t2=t1+(1, 6))	1	273
(3769, 90, 577, t1) -> (3769, 90, 577, t2=t1+(1, 7))	1	274
(4370, 16, 161, t1) -> (4370, 16, 161, t2=t1+(1, 3))	1	275
(3917, 155, 4666, t1) -> (4666, 155, 4666, t2=t1+(1, 7))	1	276
(2124, 125, 3415, t1) -> (3415, 125, 2124, t2=t1+(1, 1))	1	277
(4058, 148, 4891, t1) -> (4058, 148, 4891, t2=t1+(1, 1))	1	278
(4952, 15, 3117, t1) -> (3117, 15, 4952, t2=t1+(1, 6))	1	279
(3400, 153, 2745, t1) -> (3400, 153, 3400, t2=t1+(1, 4))	1	280
(2993, 174, 663, t1) -> (663, 174, 2993, t2=t1+(1, 10))	1	281
(518, 125, 996, t1) -> (518, 125, 518, t2=t1+(1, 3))	1	282
(618, 33, 4617, t1) -> (618, 33, 618, t2=t1+(1, 8))	1	283
(2723, 17, 1982, t1) -> (1982, 17, 2723, t2=t1+(1, 6))	1	284
(1759, 113, 226, t1) -> (226, 113, 1759, t2=t1+(1, 5))	1	285
(577, 61, 4610, t1) -> (4610, 61, 577, t2=t1+(1, 1))	1	286
(2952, 94, 139, t1) -> (139, 94, 2952, t2=t1+(1, 7))	1	287
(3616, 39, 2739, t1) -> (2739, 39, 2739, t2=t1+(1, 11))	1	288
(4891, 61, 3474, t1) -> (3474, 61, 4891, t2=t1+(1, 6))	1	289
(4146, 120, 4608, t1) -> (4146, 120, 4608, t2=t1+(1, 6))	1	290
(2247, 99, 4608, t1) -> (2247, 99, 2247, t2=t1+(1, 4))	1	291
(4498, 101, 3885, t1) -> (4498, 101, 3885, t2=t1+(1, 5))	1	292
(4918, 97, 4808, t1) -> (4918, 97, 4808, t2=t1+(1, 4))	1	293
(2464, 29, 3405, t1) -> (3405, 29, 3405, t2=t1+(1, 2))	1	294
(1764, 23, 4808, t1) -> (1764, 23, 1764, t2=t1+(1, 6))	1	295
(4313, 62, 1701, t1) -> (1701, 62, 1701, t2=t1+(1, 9))	1	296
(4498, 70, 1889, t1) -> (4498, 70, 4498, t2=t1+(1, 3))	1	297
(243, 94, 1010, t1) -> (243, 94, 243, t2=t1+(1, 5))	1	298
(4133, 124, 4982, t1) -> (4133, 124, 4982, t2=t1+(1, 7))	1	299
