(1235, 33, 1107, t1) & (2880, 115, 3524, t2=t1+(0, 13)) & (1107, 57, 3524, t3=t2+(0, 6)) -> (3524, 57, 1107, t4=t3+(1, 2))	3	0
(868, 32, 4735, t1) & (2231, 106, 4541, t2=t1+(0, 3)) & (868, 100, 2231, t3=t2+(0, 7)) -> (2231, 100, 4735, t4=t3+(1, 1))	3	1
(112, 64, 319, t1) & (3191, 34, 2379, t2=t1+(0, 6)) & (319, 162, 3191, t3=t2+(0, 6)) -> (319, 162, 319, t4=t3+(1, 3))	3	2
(1860, 168, 3209, t1) & (3526, 17, 2413, t2=t1+(0, 3)) & (2413, 164, 1860, t3=t2+(0, 4)) -> (1860, 164, 2413, t4=t3+(1, 4))	3	3
(3610, 48, 3427, t1) & (1710, 86, 340, t2=t1+(0, 3)) & (3427, 153, 1710, t3=t2+(0, 6)) -> (1710, 153, 1710, t4=t3+(1, 8))	3	4
(4542, 121, 4841, t1) & (4956, 7, 18, t2=t1+(0, 6)) & (4956, 21, 4841, t3=t2+(0, 5)) -> (4956, 121, 4841, t4=t3+(1, 4))	3	5
(1783, 85, 3292, t1) & (831, 54, 280, t2=t1+(0, 6)) & (3292, 160, 280, t3=t2+(0, 5)) -> (831, 54, 1783, t4=t3+(1, 4))	3	6
(3901, 94, 2884, t1) & (3091, 101, 3663, t2=t1+(0, 11)) & (3091, 81, 2884, t3=t2+(0, 4)) -> (3901, 101, 3663, t4=t3+(1, 5))	3	7
(675, 99, 4307, t1) & (395, 21, 2942, t2=t1+(0, 11)) & (395, 94, 4307, t3=t2+(0, 3)) -> (4307, 99, 395, t4=t3+(1, 5))	3	8
(652, 7, 2927, t1) & (318, 101, 799, t2=t1+(0, 6)) & (652, 62, 799, t3=t2+(0, 2)) -> (652, 101, 652, t4=t3+(1, 8))	3	9
(972, 117, 1473, t1) & (575, 106, 4595, t2=t1+(0, 3)) & (4595, 36, 972, t3=t2+(0, 5)) -> (575, 36, 972, t4=t3+(1, 3))	3	10
(613, 122, 2815, t1) & (1633, 66, 1561, t2=t1+(0, 7)) & (1633, 13, 613, t3=t2+(0, 5)) -> (1561, 66, 613, t4=t3+(1, 5))	3	11
(4580, 63, 2885, t1) & (4704, 56, 1785, t2=t1+(0, 12)) & (4704, 7, 2885, t3=t2+(0, 2)) -> (2885, 63, 1785, t4=t3+(1, 9))	3	12
(1945, 186, 3797, t1) & (4242, 21, 709, t2=t1+(0, 5)) & (709, 19, 1945, t3=t2+(0, 9)) -> (1945, 186, 1945, t4=t3+(1, 3))	3	13
(1134, 103, 4116, t1) & (4189, 149, 3670, t2=t1+(0, 6)) & (3670, 51, 4116, t3=t2+(0, 12)) -> (3670, 149, 4116, t4=t3+(1, 4))	3	14
(4760, 96, 4658, t1) & (1856, 134, 3427, t2=t1+(0, 9)) & (3427, 36, 4760, t3=t2+(0, 6)) -> (4760, 96, 1856, t4=t3+(1, 8))	3	15
(4339, 141, 4818, t1) & (3551, 171, 1245, t2=t1+(0, 4)) & (3551, 111, 4339, t3=t2+(0, 4)) -> (3551, 171, 3551, t4=t3+(1, 6))	3	16
(3670, 159, 4237, t1) & (1020, 146, 4099, t2=t1+(0, 5)) & (1020, 119, 4237, t3=t2+(0, 3)) -> (3670, 146, 3670, t4=t3+(1, 1))	3	17
(68, 188, 385, t1) & (4167, 18, 3893, t2=t1+(0, 1)) & (3893, 120, 68, t3=t2+(0, 6)) -> (385, 120, 3893, t4=t3+(1, 1))	3	18
(3333, 92, 2426, t1) & (1586, 139, 3782, t2=t1+(0, 9)) & (2426, 140, 1586, t3=t2+(0, 4)) -> (3333, 140, 1586, t4=t3+(1, 5))	3	19
(4939, 129, 3810, t1) & (3978, 57, 311, t2=t1+(0, 6)) & (311, 141, 3810, t3=t2+(0, 6)) -> (311, 129, 311, t4=t3+(1, 2))	3	20
(2718, 137, 3933, t1) & (2970, 121, 3669, t2=t1+(0, 3)) & (3933, 43, 3669, t3=t2+(0, 7)) -> (3933, 137, 3669, t4=t3+(1, 5))	3	21
(488, 187, 1090, t1) & (3502, 34, 319, t2=t1+(0, 7)) & (3502, 169, 1090, t3=t2+(0, 5)) -> (1090, 34, 1090, t4=t3+(1, 6))	3	22
(724, 195, 3943, t1) & (3038, 145, 2498, t2=t1+(0, 6)) & (2498, 172, 724, t3=t2+(0, 5)) -> (2498, 195, 724, t4=t3+(1, 5))	3	23
(2442, 147, 1350, t1) & (998, 51, 4004, t2=t1+(0, 9)) & (4004, 84, 2442, t3=t2+(0, 7)) -> (2442, 51, 2442, t4=t3+(1, 9))	3	24
(3526, 31, 741, t1) & (4071, 9, 507, t2=t1+(0, 1)) & (507, 109, 741, t3=t2+(0, 5)) -> (741, 31, 3526, t4=t3+(1, 4))	3	25
(2224, 61, 3119, t1) & (4740, 48, 2457, t2=t1+(0, 8)) & (2457, 128, 2224, t3=t2+(0, 3)) -> (3119, 48, 2457, t4=t3+(1, 7))	3	26
(4588, 145, 850, t1) & (3307, 180, 1960, t2=t1+(0, 9)) & (4588, 186, 3307, t3=t2+(0, 4)) -> (4588, 145, 3307, t4=t3+(1, 2))	3	27
(1179, 122, 4520, t1) & (2906, 98, 1465, t2=t1+(0, 4)) & (4520, 130, 1465, t3=t2+(0, 3)) -> (4520, 122, 1179, t4=t3+(1, 4))	3	28
(3007, 108, 994, t1) & (1289, 153, 10, t2=t1+(0, 5)) & (3007, 94, 10, t3=t2+(0, 8)) -> (3007, 94, 1289, t4=t3+(1, 1))	3	29
(360, 115, 698, t1) & (2502, 195, 672, t2=t1+(0, 7)) & (698, 81, 672, t3=t2+(0, 5)) -> (672, 81, 698, t4=t3+(1, 6))	3	30
(3546, 168, 1761, t1) & (3894, 37, 3216, t2=t1+(0, 6)) & (3546, 135, 3894, t3=t2+(0, 6)) -> (3546, 135, 3546, t4=t3+(1, 8))	3	31
(4781, 147, 3628, t1) & (551, 90, 1925, t2=t1+(0, 5)) & (551, 186, 3628, t3=t2+(0, 9)) -> (4781, 186, 1925, t4=t3+(1, 4))	3	32
(3015, 155, 4180, t1) & (4201, 191, 2494, t2=t1+(0, 8)) & (4180, 177, 4201, t3=t2+(0, 7)) -> (2494, 191, 4180, t4=t3+(1, 4))	3	33
(3508, 158, 847, t1) & (258, 176, 4734, t2=t1+(0, 4)) & (847, 115, 258, t3=t2+(0, 4)) -> (258, 176, 847, t4=t3+(1, 6))	3	34
(136, 161, 3579, t1) & (837, 50, 4798, t2=t1+(0, 9)) & (837, 59, 3579, t3=t2+(0, 4)) -> (136, 161, 3579, t4=t3+(1, 5))	3	35
(4076, 65, 4605, t1) & (36, 112, 563, t2=t1+(0, 6)) & (4605, 142, 36, t3=t2+(0, 1)) -> (36, 65, 4605, t4=t3+(1, 2))	3	36
(2832, 101, 284, t1) & (3143, 156, 66, t2=t1+(0, 3)) & (2832, 80, 3143, t3=t2+(0, 5)) -> (3143, 101, 2832, t4=t3+(1, 2))	3	37
(2256, 142, 3707, t1) & (3918, 68, 226, t2=t1+(0, 2)) & (2256, 73, 3918, t3=t2+(0, 1)) -> (2256, 68, 3918, t4=t3+(1, 2))	3	38
(71, 31, 4749, t1) & (103, 52, 3763, t2=t1+(0, 6)) & (71, 24, 103, t3=t2+(0, 3)) -> (71, 52, 71, t4=t3+(1, 3))	3	39
(1506, 123, 511, t1) & (1985, 42, 2812, t2=t1+(0, 3)) & (1985, 143, 1506, t3=t2+(0, 3)) -> (1506, 123, 1506, t4=t3+(1, 5))	3	40
(792, 159, 32, t1) & (3867, 27, 3467, t2=t1+(0, 5)) & (792, 13, 3467, t3=t2+(0, 3)) -> (3467, 27, 3467, t4=t3+(1, 5))	3	41
(3600, 80, 1529, t1) & (2977, 156, 4830, t2=t1+(0, 4)) & (1529, 43, 4830, t3=t2+(0, 3)) -> (2977, 80, 3600, t4=t3+(1, 3))	3	42
(2544, 175, 4885, t1) & (594, 121, 1087, t2=t1+(0, 4)) & (4885, 132, 1087, t3=t2+(0, 2)) -> (594, 175, 4885, t4=t3+(1, 6))	3	43
(4598, 13, 3253, t1) & (1912, 146, 3261, t2=t1+(0, 6)) & (3253, 116, 3261, t3=t2+(0, 2)) -> (3253, 116, 3261, t4=t3+(1, 8))	3	44
(3695, 69, 4110, t1) & (228, 175, 1349, t2=t1+(0, 6)) & (228, 117, 3695, t3=t2+(0, 6)) -> (1349, 117, 228, t4=t3+(1, 5))	3	45
(2127, 161, 509, t1) & (3455, 35, 454, t2=t1+(0, 7)) & (2127, 11, 3455, t3=t2+(0, 2)) -> (2127, 161, 3455, t4=t3+(1, 3))	3	46
(68, 5, 1905, t1) & (2530, 60, 327, t2=t1+(0, 6)) & (327, 12, 68, t3=t2+(0, 8)) -> (68, 60, 2530, t4=t3+(1, 6))	3	47
(1591, 35, 663, t1) & (2308, 142, 3824, t2=t1+(0, 3)) & (1591, 20, 3824, t3=t2+(0, 10)) -> (1591, 20, 3824, t4=t3+(1, 3))	3	48
(2574, 179, 803, t1) & (2028, 150, 1753, t2=t1+(0, 8)) & (1753, 187, 2574, t3=t2+(0, 9)) -> (1753, 187, 2574, t4=t3+(1, 4))	3	49
(2455, 188, 975, t1) & (3420, 177, 2615, t2=t1+(0, 6)) & (975, 22, 2615, t3=t2+(0, 4)) -> (975, 177, 975, t4=t3+(1, 6))	3	50
(1208, 68, 893, t1) & (3217, 156, 1626, t2=t1+(0, 3)) & (3217, 88, 1208, t3=t2+(0, 4)) -> (1208, 68, 1208, t4=t3+(1, 3))	3	51
(499, 133, 1750, t1) & (325, 78, 1268, t2=t1+(0, 6)) & (325, 79, 499, t3=t2+(0, 3)) -> (499, 78, 499, t4=t3+(1, 5))	3	52
(3720, 45, 1754, t1) & (4870, 100, 2550, t2=t1+(0, 6)) & (1754, 13, 4870, t3=t2+(0, 7)) -> (1754, 45, 1754, t4=t3+(1, 6))	3	53
(4279, 125, 4017, t1) & (2144, 63, 2725, t2=t1+(0, 6)) & (4017, 56, 2725, t3=t2+(0, 4)) -> (2144, 125, 4017, t4=t3+(1, 6))	3	54
(4536, 43, 2318, t1) & (3872, 42, 44, t2=t1+(0, 4)) & (44, 97, 2318, t3=t2+(0, 2)) -> (3872, 43, 2318, t4=t3+(1, 8))	3	55
(3556, 115, 2703, t1) & (3964, 74, 4204, t2=t1+(0, 6)) & (2703, 196, 4204, t3=t2+(0, 1)) -> (2703, 115, 3556, t4=t3+(1, 5))	3	56
(2552, 56, 1502, t1) & (2511, 194, 2121, t2=t1+(0, 8)) & (2511, 132, 2552, t3=t2+(0, 7)) -> (2121, 194, 2511, t4=t3+(1, 4))	3	57
(3138, 197, 451, t1) & (663, 37, 919, t2=t1+(0, 7)) & (3138, 64, 663, t3=t2+(0, 6)) -> (451, 64, 663, t4=t3+(1, 7))	3	58
(3383, 0, 2992, t1) & (4971, 72, 4288, t2=t1+(0, 1)) & (3383, 140, 4288, t3=t2+(0, 7)) -> (4288, 0, 3383, t4=t3+(1, 5))	3	59
(2998, 178, 321, t1) & (2382, 65, 3948, t2=t1+(0, 6)) & (2998, 147, 2382, t3=t2+(0, 3)) -> (321, 178, 2998, t4=t3+(1, 3))	3	60
(300, 70, 2919, t1) & (3872, 164, 1215, t2=t1+(0, 7)) & (3872, 135, 2919, t3=t2+(0, 6)) -> (1215, 164, 2919, t4=t3+(1, 3))	3	61
(4618, 197, 254, t1) & (1452, 173, 1847, t2=t1+(0, 5)) & (4618, 19, 1452, t3=t2+(0, 6)) -> (1452, 19, 254, t4=t3+(1, 3))	3	62
(968, 148, 2352, t1) & (1203, 158, 1492, t2=t1+(0, 3)) & (1203, 176, 2352, t3=t2+(0, 6)) -> (1203, 158, 1203, t4=t3+(1, 9))	3	63
(2724, 61, 349, t1) & (4089, 118, 255, t2=t1+(0, 6)) & (255, 46, 349, t3=t2+(0, 8)) -> (255, 46, 349, t4=t3+(1, 5))	3	64
(4681, 72, 656, t1) & (300, 125, 2741, t2=t1+(0, 5)) & (300, 39, 4681, t3=t2+(0, 5)) -> (4681, 125, 2741, t4=t3+(1, 5))	3	65
(1691, 173, 1985, t1) & (3158, 154, 1166, t2=t1+(0, 3)) & (1691, 64, 3158, t3=t2+(0, 3)) -> (3158, 154, 1985, t4=t3+(1, 3))	3	66
(3579, 175, 3052, t1) & (1077, 123, 2652, t2=t1+(0, 5)) & (3579, 4, 2652, t3=t2+(0, 5)) -> (3052, 4, 2652, t4=t3+(1, 3))	3	67
(1412, 136, 3047, t1) & (379, 77, 1339, t2=t1+(0, 3)) & (379, 35, 3047, t3=t2+(0, 6)) -> (1339, 35, 379, t4=t3+(1, 6))	3	68
(4744, 197, 4797, t1) & (2402, 9, 1476, t2=t1+(0, 4)) & (4797, 63, 1476, t3=t2+(0, 3)) -> (1476, 197, 4797, t4=t3+(1, 2))	3	69
(3219, 28, 4425, t1) & (104, 171, 1487, t2=t1+(0, 4)) & (4425, 169, 104, t3=t2+(0, 3)) -> (104, 169, 104, t4=t3+(1, 4))	3	70
(4339, 107, 1412, t1) & (3825, 38, 144, t2=t1+(0, 2)) & (1412, 100, 144, t3=t2+(0, 5)) -> (4339, 38, 144, t4=t3+(1, 3))	3	71
(4108, 37, 1232, t1) & (4539, 91, 4073, t2=t1+(0, 7)) & (4539, 147, 1232, t3=t2+(0, 6)) -> (1232, 147, 4073, t4=t3+(1, 2))	3	72
(2932, 45, 638, t1) & (714, 185, 4333, t2=t1+(0, 3)) & (2932, 66, 4333, t3=t2+(0, 4)) -> (638, 185, 638, t4=t3+(1, 5))	3	73
(299, 17, 4319, t1) & (3184, 138, 4224, t2=t1+(0, 8)) & (4224, 188, 299, t3=t2+(0, 4)) -> (299, 17, 4224, t4=t3+(1, 7))	3	74
(2581, 167, 2616, t1) & (1884, 80, 1483, t2=t1+(0, 4)) & (2581, 57, 1483, t3=t2+(0, 10)) -> (1483, 80, 2581, t4=t3+(1, 3))	3	75
(3596, 115, 533, t1) & (1234, 157, 3361, t2=t1+(0, 9)) & (1234, 81, 3596, t3=t2+(0, 2)) -> (3361, 157, 1234, t4=t3+(1, 6))	3	76
(3761, 21, 3836, t1) & (4576, 124, 3982, t2=t1+(0, 5)) & (3982, 25, 3761, t3=t2+(0, 8)) -> (3982, 25, 3761, t4=t3+(1, 9))	3	77
(3528, 70, 769, t1) & (122, 78, 3031, t2=t1+(0, 5)) & (769, 21, 3031, t3=t2+(0, 4)) -> (769, 21, 122, t4=t3+(1, 6))	3	78
(4519, 172, 1992, t1) & (2166, 16, 2422, t2=t1+(0, 4)) & (1992, 83, 2166, t3=t2+(0, 5)) -> (1992, 172, 2422, t4=t3+(1, 4))	3	79
(359, 104, 3775, t1) & (648, 113, 605, t2=t1+(0, 10)) & (605, 197, 3775, t3=t2+(0, 7)) -> (605, 104, 3775, t4=t3+(1, 3))	3	80
(2788, 93, 4640, t1) & (4578, 70, 1286, t2=t1+(0, 5)) & (1286, 141, 4640, t3=t2+(0, 5)) -> (4640, 141, 2788, t4=t3+(1, 3))	3	81
(4509, 59, 3581, t1) & (1537, 135, 4729, t2=t1+(0, 2)) & (4509, 77, 4729, t3=t2+(0, 1)) -> (4729, 135, 1537, t4=t3+(1, 7))	3	82
(4096, 177, 4480, t1) & (3800, 32, 863, t2=t1+(0, 4)) & (4480, 143, 863, t3=t2+(0, 6)) -> (863, 143, 3800, t4=t3+(1, 1))	3	83
(3914, 29, 3374, t1) & (468, 129, 135, t2=t1+(0, 7)) & (3914, 64, 135, t3=t2+(0, 2)) -> (3914, 64, 135, t4=t3+(1, 4))	3	84
(3617, 98, 3597, t1) & (1526, 183, 3486, t2=t1+(0, 7)) & (3617, 169, 3486, t3=t2+(0, 4)) -> (3617, 98, 3486, t4=t3+(1, 10))	3	85
(2480, 165, 3153, t1) & (1313, 22, 3391, t2=t1+(0, 8)) & (2480, 109, 3391, t3=t2+(0, 3)) -> (1313, 22, 2480, t4=t3+(1, 4))	3	86
(3741, 112, 1124, t1) & (4243, 174, 809, t2=t1+(0, 5)) & (4243, 24, 1124, t3=t2+(0, 2)) -> (3741, 112, 4243, t4=t3+(1, 3))	3	87
(4731, 2, 2631, t1) & (4491, 31, 3310, t2=t1+(0, 4)) & (4491, 146, 4731, t3=t2+(0, 5)) -> (4491, 146, 4731, t4=t3+(1, 7))	3	88
(1627, 76, 4269, t1) & (4295, 157, 3678, t2=t1+(0, 1)) & (3678, 63, 1627, t3=t2+(0, 9)) -> (3678, 157, 1627, t4=t3+(1, 9))	3	89
(4348, 198, 2765, t1) & (967, 82, 2582, t2=t1+(0, 10)) & (2765, 66, 2582, t3=t2+(0, 4)) -> (4348, 198, 4348, t4=t3+(1, 6))	3	90
(534, 195, 4923, t1) & (701, 156, 598, t2=t1+(0, 5)) & (598, 186, 534, t3=t2+(0, 7)) -> (598, 156, 534, t4=t3+(1, 4))	3	91
(4067, 83, 3652, t1) & (962, 55, 4396, t2=t1+(0, 8)) & (4396, 182, 4067, t3=t2+(0, 9)) -> (962, 182, 962, t4=t3+(1, 6))	3	92
(2547, 33, 1000, t1) & (1950, 149, 2880, t2=t1+(0, 6)) & (1950, 116, 1000, t3=t2+(0, 5)) -> (2880, 149, 1000, t4=t3+(1, 4))	3	93
(2657, 64, 2967, t1) & (2826, 180, 4535, t2=t1+(0, 8)) & (2967, 41, 2826, t3=t2+(0, 3)) -> (2826, 180, 4535, t4=t3+(1, 1))	3	94
(1859, 80, 1230, t1) & (1836, 169, 1520, t2=t1+(0, 3)) & (1520, 180, 1859, t3=t2+(0, 3)) -> (1520, 169, 1520, t4=t3+(1, 3))	3	95
(2986, 49, 4169, t1) & (3785, 14, 3015, t2=t1+(0, 5)) & (4169, 152, 3015, t3=t2+(0, 6)) -> (3015, 14, 3785, t4=t3+(1, 4))	3	96
(4094, 136, 4643, t1) & (974, 168, 656, t2=t1+(0, 5)) & (656, 49, 4643, t3=t2+(0, 5)) -> (4643, 168, 656, t4=t3+(1, 3))	3	97
(25, 120, 628, t1) & (731, 134, 4626, t2=t1+(0, 8)) & (731, 153, 25, t3=t2+(0, 5)) -> (4626, 153, 25, t4=t3+(1, 7))	3	98
(4453, 146, 2009, t1) & (3432, 37, 4578, t2=t1+(0, 4)) & (3432, 106, 4453, t3=t2+(0, 8)) -> (4453, 37, 3432, t4=t3+(1, 4))	3	99
(761, 127, 1253, t1) & (1253, 138, 761, t2=t1+(0, 4)) -> (761, 127, 1253, t3=t2+(1, 2))	2	100
(1070, 122, 2680, t1) & (2680, 81, 2383, t2=t1+(0, 1)) -> (1070, 122, 2680, t3=t2+(1, 4))	2	101
(2177, 31, 1324, t1) & (2177, 192, 4202, t2=t1+(0, 4)) -> (4202, 192, 2177, t3=t2+(1, 5))	2	102
(93, 117, 3441, t1) & (93, 145, 3441, t2=t1+(0, 6)) -> (93, 117, 93, t3=t2+(1, 6))	2	103
(1879, 131, 3301, t1) & (1879, 181, 2924, t2=t1+(0, 3)) -> (2924, 181, 1879, t3=t2+(1, 4))	2	104
(3574, 14, 288, t1) & (1138, 131, 3574, t2=t1+(0, 2)) -> (1138, 14, 3574, t3=t2+(1, 1))	2	105
(4957, 63, 2129, t1) & (4957, 166, 2129, t2=t1+(0, 3)) -> (2129, 63, 2129, t3=t2+(1, 6))	2	106
(1979, 105, 1997, t1) & (1979, 164, 2841, t2=t1+(0, 5)) -> (1979, 164, 1979, t3=t2+(1, 4))	2	107
(4428, 66, 705, t1) & (705, 25, 2564, t2=t1+(0, 9)) -> (705, 25, 2564, t3=t2+(1, 3))	2	108
(1052, 198, 3411, t1) & (1052, 13, 3411, t2=t1+(0, 7)) -> (3411, 198, 1052, t3=t2+(1, 8))	2	109
(4098, 151, 1918, t1) & (4664, 76, 1918, t2=t1+(0, 5)) -> (4098, 151, 1918, t3=t2+(1, 3))	2	110
(263, 81, 3273, t1) & (263, 147, 3273, t2=t1+(0, 5)) -> (3273, 147, 263, t3=t2+(1, 3))	2	111
(4865, 180, 3914, t1) & (3914, 17, 3914, t2=t1+(0, 5)) -> (3914, 17, 3914, t3=t2+(1, 4))	2	112
(1122, 138, 594, t1) & (594, 181, 1122, t2=t1+(0, 5)) -> (1122, 138, 1122, t3=t2+(1, 6))	2	113
(4175, 91, 1705, t1) & (4175, 106, 4175, t2=t1+(0, 4)) -> (1705, 106, 4175, t3=t2+(1, 9))	2	114
(2630, 96, 3815, t1) & (206, 36, 2630, t2=t1+(0, 4)) -> (2630, 36, 206, t3=t2+(1, 6))	2	115
(4150, 68, 684, t1) & (2471, 23, 684, t2=t1+(0, 2)) -> (2471, 23, 684, t3=t2+(1, 2))	2	116
(3066, 86, 3399, t1) & (3399, 155, 3399, t2=t1+(0, 4)) -> (3066, 86, 3399, t3=t2+(1, 6))	2	117
(3952, 173, 4545, t1) & (4545, 28, 4518, t2=t1+(0, 5)) -> (3952, 28, 4545, t3=t2+(1, 7))	2	118
(4815, 71, 4384, t1) & (4384, 84, 671, t2=t1+(0, 8)) -> (671, 84, 4384, t3=t2+(1, 7))	2	119
(1463, 91, 3250, t1) & (3250, 72, 2142, t2=t1+(0, 7)) -> (1463, 91, 2142, t3=t2+(1, 3))	2	120
(2180, 25, 4173, t1) & (4173, 75, 4173, t2=t1+(0, 4)) -> (4173, 25, 2180, t3=t2+(1, 2))	2	121
(3997, 29, 3927, t1) & (3295, 71, 3997, t2=t1+(0, 3)) -> (3295, 29, 3997, t3=t2+(1, 4))	2	122
(4863, 154, 1744, t1) & (4863, 6, 4863, t2=t1+(0, 3)) -> (1744, 154, 1744, t3=t2+(1, 3))	2	123
(4056, 151, 2598, t1) & (2598, 30, 2598, t2=t1+(0, 8)) -> (2598, 30, 2598, t3=t2+(1, 2))	2	124
(3088, 54, 1278, t1) & (3088, 48, 4781, t2=t1+(0, 6)) -> (4781, 54, 3088, t3=t2+(1, 6))	2	125
(3512, 184, 2861, t1) & (2861, 89, 2861, t2=t1+(0, 6)) -> (3512, 184, 2861, t3=t2+(1, 3))	2	126
(3808, 40, 515, t1) & (3808, 7, 3808, t2=t1+(0, 9)) -> (515, 40, 3808, t3=t2+(1, 4))	2	127
(4219, 190, 1541, t1) & (4007, 195, 1541, t2=t1+(0, 2)) -> (1541, 190, 1541, t3=t2+(1, 8))	2	128
(125, 138, 947, t1) & (3227, 172, 125, t2=t1+(0, 4)) -> (125, 138, 125, t3=t2+(1, 9))	2	129
(78, 186, 1886, t1) & (78, 12, 1886, t2=t1+(0, 9)) -> (78, 12, 78, t3=t2+(1, 9))	2	130
(2549, 42, 1419, t1) & (4529, 41, 1419, t2=t1+(0, 7)) -> (2549, 42, 1419, t3=t2+(1, 7))	2	131
(3788, 147, 629, t1) & (4356, 91, 3788, t2=t1+(0, 6)) -> (3788, 147, 3788, t3=t2+(1, 5))	2	132
(2289, 100, 164, t1) & (1408, 130, 164, t2=t1+(0, 7)) -> (164, 100, 1408, t3=t2+(1, 7))	2	133
(2050, 87, 2102, t1) & (4130, 43, 2102, t2=t1+(0, 6)) -> (4130, 87, 2050, t3=t2+(1, 8))	2	134
(3750, 27, 553, t1) & (3750, 115, 553, t2=t1+(0, 9)) -> (3750, 115, 3750, t3=t2+(1, 4))	2	135
(1443, 44, 2991, t1) & (2991, 17, 4554, t2=t1+(0, 2)) -> (1443, 17, 2991, t3=t2+(1, 3))	2	136
(3523, 129, 2983, t1) & (10, 165, 2983, t2=t1+(0, 5)) -> (2983, 129, 2983, t3=t2+(1, 1))	2	137
(2061, 36, 4562, t1) & (2061, 117, 2252, t2=t1+(0, 6)) -> (4562, 117, 2061, t3=t2+(1, 4))	2	138
(3017, 157, 1190, t1) & (3017, 116, 2834, t2=t1+(0, 5)) -> (2834, 116, 1190, t3=t2+(1, 5))	2	139
(601, 26, 1901, t1) & (601, 167, 601, t2=t1+(0, 6)) -> (1901, 26, 601, t3=t2+(1, 4))	2	140
(0, 116, 812, t1) & (4110, 138, 812, t2=t1+(0, 1)) -> (812, 116, 4110, t3=t2+(1, 9))	2	141
(1371, 1, 3157, t1) & (3157, 27, 3157, t2=t1+(0, 6)) -> (3157, 1, 3157, t3=t2+(1, 8))	2	142
(3688, 98, 2228, t1) & (3688, 90, 3688, t2=t1+(0, 7)) -> (3688, 90, 3688, t3=t2+(1, 8))	2	143
(2303, 64, 3701, t1) & (2303, 18, 1060, t2=t1+(0, 5)) -> (2303, 18, 3701, t3=t2+(1, 8))	2	144
(1314, 55, 1776, t1) & (1776, 133, 4968, t2=t1+(0, 11)) -> (1776, 133, 4968, t3=t2+(1, 4))	2	145
(4393, 126, 236, t1) & (2122, 182, 236, t2=t1+(0, 5)) -> (2122, 126, 236, t3=t2+(1, 5))	2	146
(245, 67, 1634, t1) & (245, 28, 245, t2=t1+(0, 6)) -> (245, 28, 245, t3=t2+(1, 2))	2	147
(3107, 167, 237, t1) & (3107, 111, 481, t2=t1+(0, 3)) -> (3107, 111, 481, t3=t2+(1, 8))	2	148
(316, 14, 284, t1) & (284, 144, 316, t2=t1+(0, 5)) -> (316, 144, 284, t3=t2+(1, 10))	2	149
(352, 182, 3430, t1) & (352, 178, 2118, t2=t1+(0, 4)) -> (3430, 182, 3430, t3=t2+(1, 4))	2	150
(3232, 51, 3451, t1) & (3451, 64, 1062, t2=t1+(0, 8)) -> (3451, 64, 1062, t3=t2+(1, 3))	2	151
(909, 98, 21, t1) & (909, 192, 1929, t2=t1+(0, 2)) -> (909, 192, 21, t3=t2+(1, 2))	2	152
(387, 156, 1831, t1) & (1831, 181, 387, t2=t1+(0, 3)) -> (387, 181, 1831, t3=t2+(1, 5))	2	153
(1141, 141, 4228, t1) & (4228, 185, 4402, t2=t1+(0, 5)) -> (4228, 185, 4228, t3=t2+(1, 5))	2	154
(3568, 160, 3292, t1) & (3292, 79, 3568, t2=t1+(0, 2)) -> (3292, 160, 3568, t3=t2+(1, 9))	2	155
(3785, 199, 2227, t1) & (3785, 194, 2227, t2=t1+(0, 9)) -> (2227, 194, 3785, t3=t2+(1, 3))	2	156
(4923, 162, 1554, t1) & (1554, 101, 2540, t2=t1+(0, 8)) -> (1554, 101, 1554, t3=t2+(1, 6))	2	157
(4287, 93, 1726, t1) & (4287, 146, 1726, t2=t1+(0, 1)) -> (4287, 146, 1726, t3=t2+(1, 5))	2	158
(4333, 103, 476, t1) & (4333, 127, 3533, t2=t1+(0, 5)) -> (4333, 103, 3533, t3=t2+(1, 7))	2	159
(4871, 179, 1970, t1) & (1970, 193, 2390, t2=t1+(0, 2)) -> (1970, 179, 4871, t3=t2+(1, 3))	2	160
(2456, 41, 518, t1) & (518, 85, 518, t2=t1+(0, 8)) -> (2456, 41, 518, t3=t2+(1, 2))	2	161
(726, 175, 419, t1) & (726, 112, 419, t2=t1+(0, 2)) -> (419, 175, 726, t3=t2+(1, 6))	2	162
(3453, 131, 4201, t1) & (4201, 130, 4415, t2=t1+(0, 8)) -> (4415, 131, 3453, t3=t2+(1, 2))	2	163
(88, 169, 3664, t1) & (88, 34, 2813, t2=t1+(0, 5)) -> (88, 34, 88, t3=t2+(1, 6))	2	164
(3020, 165, 4779, t1) & (4779, 38, 3020, t2=t1+(0, 5)) -> (3020, 38, 3020, t3=t2+(1, 6))	2	165
(255, 74, 3983, t1) & (255, 178, 699, t2=t1+(0, 2)) -> (3983, 178, 255, t3=t2+(1, 5))	2	166
(2454, 69, 3041, t1) & (3041, 83, 2454, t2=t1+(0, 3)) -> (2454, 69, 3041, t3=t2+(1, 5))	2	167
(3901, 199, 2392, t1) & (4688, 150, 3901, t2=t1+(0, 6)) -> (4688, 199, 2392, t3=t2+(1, 6))	2	168
(3225, 68, 4279, t1) & (4279, 81, 1590, t2=t1+(0, 7)) -> (3225, 81, 4279, t3=t2+(1, 7))	2	169
(4014, 35, 1857, t1) & (2629, 39, 1857, t2=t1+(0, 7)) -> (1857, 35, 2629, t3=t2+(1, 5))	2	170
(3277, 54, 4327, t1) & (2884, 128, 3277, t2=t1+(0, 4)) -> (2884, 54, 3277, t3=t2+(1, 10))	2	171
(531, 143, 1954, t1) & (531, 51, 1950, t2=t1+(0, 16)) -> (531, 143, 531, t3=t2+(1, 3))	2	172
(4251, 181, 2428, t1) & (4251, 9, 2428, t2=t1+(0, 7)) -> (2428, 9, 2428, t3=t2+(1, 8))	2	173
(2726, 119, 63, t1) & (2726, 184, 2439, t2=t1+(0, 3)) -> (2726, 184, 63, t3=t2+(1, 2))	2	174
(2519, 44, 3794, t1) & (2519, 147, 2519, t2=t1+(0, 6)) -> (2519, 44, 2519, t3=t2+(1, 4))	2	175
(143, 23, 1724, t1) & (1657, 16, 1724, t2=t1+(0, 4)) -> (143, 16, 1724, t3=t2+(1, 4))	2	176
(2452, 121, 1711, t1) & (1711, 159, 1711, t2=t1+(0, 1)) -> (1711, 159, 2452, t3=t2+(1, 2))	2	177
(1992, 47, 2045, t1) & (2045, 43, 2045, t2=t1+(0, 4)) -> (2045, 43, 2045, t3=t2+(1, 9))	2	178
(1051, 47, 2751, t1) & (1051, 156, 2340, t2=t1+(0, 6)) -> (1051, 47, 2340, t3=t2+(1, 4))	2	179
(621, 79, 2653, t1) & (621, 137, 3793, t2=t1+(0, 12)) -> (621, 79, 2653, t3=t2+(1, 5))	2	180
(208, 31, 939, t1) & (939, 54, 2025, t2=t1+(0, 4)) -> (939, 54, 939, t3=t2+(1, 2))	2	181
(4872, 12, 2641, t1) & (4872, 79, 4872, t2=t1+(0, 4)) -> (4872, 79, 4872, t3=t2+(1, 5))	2	182
(339, 197, 3807, t1) & (339, 19, 339, t2=t1+(0, 6)) -> (339, 19, 339, t3=t2+(1, 5))	2	183
(1714, 199, 2042, t1) & (1714, 135, 25, t2=t1+(0, 12)) -> (1714, 199, 25, t3=t2+(1, 5))	2	184
(3970, 11, 3004, t1) & (3004, 59, 1660, t2=t1+(0, 4)) -> (3970, 59, 1660, t3=t2+(1, 2))	2	185
(2634, 135, 127, t1) & (2634, 186, 2634, t2=t1+(0, 5)) -> (2634, 186, 2634, t3=t2+(1, 1))	2	186
(2981, 0, 3669, t1) & (3669, 32, 3669, t2=t1+(0, 10)) -> (2981, 0, 3669, t3=t2+(1, 1))	2	187
(1694, 126, 713, t1) & (1694, 138, 1694, t2=t1+(0, 2)) -> (1694, 138, 713, t3=t2+(1, 5))	2	188
(3618, 138, 1528, t1) & (1730, 103, 1528, t2=t1+(0, 0)) -> (1528, 138, 3618, t3=t2+(1, 5))	2	189
(1471, 196, 714, t1) & (714, 17, 714, t2=t1+(0, 3)) -> (714, 17, 714, t3=t2+(1, 7))	2	190
(2571, 172, 3336, t1) & (3336, 127, 3336, t2=t1+(0, 4)) -> (3336, 127, 3336, t3=t2+(1, 6))	2	191
(4728, 98, 1572, t1) & (4728, 51, 559, t2=t1+(0, 6)) -> (1572, 51, 559, t3=t2+(1, 4))	2	192
(3859, 129, 1279, t1) & (1279, 107, 4316, t2=t1+(0, 5)) -> (1279, 107, 3859, t3=t2+(1, 7))	2	193
(1281, 8, 4828, t1) & (3129, 163, 4828, t2=t1+(0, 7)) -> (3129, 8, 1281, t3=t2+(1, 5))	2	194
(3156, 137, 3505, t1) & (3156, 76, 3505, t2=t1+(0, 5)) -> (3505, 137, 3505, t3=t2+(1, 3))	2	195
(4541, 55, 4391, t1) & (2834, 38, 4541, t2=t1+(0, 2)) -> (4391, 38, 4391, t3=t2+(1, 5))	2	196
(1392, 188, 4128, t1) & (1392, 39, 1075, t2=t1+(0, 12)) -> (1392, 188, 1392, t3=t2+(1, 7))	2	197
(2941, 134, 2672, t1) & (2196, 8, 2672, t2=t1+(0, 3)) -> (2672, 8, 2196, t3=t2+(1, 6))	2	198
(56, 20, 3164, t1) & (3164, 86, 3164, t2=t1+(0, 6)) -> (3164, 20, 3164, t3=t2+(1, 10))	2	199
(3107, 163, 740, t1) -> (3107, 163, 3107, t2=t1+(1, 6))	1	200
(1774, 199, 2527, t1) -> (1774, 199, 2527, t2=t1+(1, 3))	1	201
(454, 79, 3382, t1) -> (3382, 79, 454, t2=t1+(1, 3))	1	202
(3566, 53, 1817, t1) -> (3566, 53, 3566, t2=t1+(1, 4))	1	203
(1024, 67, 4227, t1) -> (1024, 67, 1024, t2=t1+(1, 3))	1	204
(1651, 88, 1828, t1) -> (1651, 88, 1651, t2=t1+(1, 5))	1	205
(4370, 89, 1983, t1) -> (4370, 89, 4370, t2=t1+(1, 8))	1	206
(1403, 127, 752, t1) -> (1403, 127, 1403, t2=t1+(1, 5))	1	207
(955, 174, 1169, t1) -> (955, 174, 1169, t2=t1+(1, 5))	1	208
(147, 116, 3726, t1) -> (3726, 116, 3726, t2=t1+(1, 6))	1	209
(775, 2, 4524, t1) -> (4524, 2, 775, t2=t1+(1, 5))	1	210
(2391, 10, 2112, t1) -> (2112, 10, 2112, t2=t1+(1, 8))	1	211
(3204, 189, 3593, t1) -> (3204, 189, 3593, t2=t1+(1, 1))	1	212
(4799, 134, 4599, t1) -> (4599, 134, 4799, t2=t1+(1, 3))	1	213
(2335, 194, 70, t1) -> (70, 194, 70, t2=t1+(1, 4))	1	214
(528, 19, 1121, t1) -> (528, 19, 528, t2=t1+(1, 6))	1	215
(4578, 110, 2440, t1) -> (2440, 110, 4578, t2=t1+(1, 2))	1	216
(3145, 4, 1982, t1) -> (3145, 4, 3145, t2=t1+(1, 2))	1	217
(494, 63, 367, t1) -> (494, 63, 494, t2=t1+(1, 2))	1	218
(2491, 155, 1697, t1) -> (2491, 155, 1697, t2=t1+(1, 7))	1	219
(1967, 36, 2926, t1) -> (2926, 36, 1967, t2=t1+(1, 3))	1	220
(3101, 66, 982, t1) -> (982, 66, 982, t2=t1+(1, 5))	1	221
(66, 81, 4550, t1) -> (4550, 81, 4550, t2=t1+(1, 5))	1	222
(4532, 199, 1292, t1) -> (1292, 199, 1292, t2=t1+(1, 6))	1	223
(3917, 103, 1227, t1) -> (3917, 103, 3917, t2=t1+(1, 5))	1	224
(648, 18, 1885, t1) -> (1885, 18, 1885, t2=t1+(1, 5))	1	225
(2289, 92, 4116, t1) -> (4116, 92, 4116, t2=t1+(1, 6))	1	226
(187, 121, 2498, t1) -> (187, 121, 2498, t2=t1+(1, 6))	1	227
(4137, 61, 3777, t1) -> (4137, 61, 3777, t2=t1+(1, 5))	1	228
(2234, 135, 3405, t1) -> (2234, 135, 3405, t2=t1+(1, 4))	1	229
(2417, 172, 2678, t1) -> (2417, 172, 2417, t2=t1+(1, 6))	1	230
(652, 168, 3634, t1) -> (3634, 168, 3634, t2=t1+(1, 8))	1	231
(1915, 105, 4361, t1) -> (4361, 105, 1915, t2=t1+(1, 7))	1	232
(3023, 164, 377, t1) -> (3023, 164, 377, t2=t1+(1, 3))	1	233
(266, 110, 2399, t1) -> (2399, 110, 2399, t2=t1+(1, 8))	1	234
(366, 90, 4283, t1) -> (366, 90, 4283, t2=t1+(1, 6))	1	235
(2251, 49, 2764, t1) -> (2251, 49, 2251, t2=t1+(1, 5))	1	236
(3619, 17, 284, t1) -> (3619, 17, 3619, t2=t1+(1, 2))	1	237
(2363, 85, 806, t1) -> (2363, 85, 806, t2=t1+(1, 9))	1	238
(915, 32, 711, t1) -> (711, 32, 915, t2=t1+(1, 5))	1	239
(1873, 13, 1609, t1) -> (1609, 13, 1873, t2=t1+(1, 7))	1	240
(296, 158, 3236, t1) -> (296, 158, 296, t2=t1+(1, 6))	1	241
(4838, 27, 4606, t1) -> (4838, 27, 4838, t2=t1+(1, 7))	1	242
(3529, 169, 1870, t1) -> (1870, 169, 1870, t2=t1+(1, 3))	1	243
(597, 154, 3708, t1) -> (3708, 154, 3708, t2=t1+(1, 6))	1	244
(4994, 4, 732, t1) -> (732, 4, 4994, t2=t1+(1, 3))	1	245
(34, 62, 197, t1) -> (34, 62, 197, t2=t1+(1, 5))	1	246
(18, 135, 195, t1) -> (18, 135, 195, t2=t1+(1, 2))	1	247
(4730, 163, 3727, t1) -> (4730, 163, 4730, t2=t1+(1, 3))	1	248
(1420, 191, 4530, t1) -> (4530, 191, 1420, t2=t1+(1, 5))	1	249
(788, 151, 3095, t1) -> (788, 151, 3095, t2=t1+(1, 5))	1	250
(4206, 131, 2030, t1) -> (4206, 131, 4206, t2=t1+(1, 3))	1	251
(1016, 102, 4202, t1) -> (1016, 102, 1016, t2=t1+(1, 7))	1	252
(4651, 60, 390, t1) -> (4651, 60, 390, t2=t1+(1, 6))	1	253
(2768, 42, 4709, t1) -> (2768, 42, 2768, t2=t1+(1, 1))	1	254
(210, 148, 2287, t1) -> (2287, 148, 210, t2=t1+(1, 6))	1	255
(4045, 17, 856, t1) -> (856, 17, 4045, t2=t1+(1, 4))	1	256
(1409, 24, 539, t1) -> (1409, 24, 539, t2=t1+(1, 7))	1	257
(1189, 59, 2421, t1) -> (2421, 59, 1189, t2=t1+(1, 4))	1	258
(2199, 135, 2011, t1) -> (2199, 135, 2011, t2=t1+(1, 6))	1	259
(2707, 78, 4579, t1) -> (2707, 78, 2707, t2=t1+(1, 8))	1	260
(866, 197, 1776, t1) -> (866, 197, 1776, t2=t1+(1, 4))	1	261
(807, 73, 146, t1) -> (807, 73, 807, t2=t1+(1, 3))	1	262
(3038, 90, 386, t1) -> (3038, 90, 3038, t2=t1+(1, 4))	1	263
(2640, 171, 1019, t1) -> (2640, 171, 1019, t2=t1+(1, 5))	1	264
(1786, 131, 3112, t1) -> (3112, 131, 3112, t2=t1+(1, 5))	1	265
(826, 168, 1555, t1) -> (826, 168, 1555, t2=t1+(1, 3))	1	266
(2126, 153, 349, t1) -> (2126, 153, 2126, t2=t1+(1, 6))	1	267
(3926, 175, 1673, t1) -> (1673, 175, 3926, t2=t1+(1, 6))	1	268
(71, 11, 3941, t1) -> (3941, 11, 71, t2=t1+(1, 2))	1	269
(3643, 14, 2761, t1) -> (2761, 14, 3643, t2=t1+(1, 5))	1	270
(3072, 152, 4743, t1) -> (4743, 152, 3072, t2=t1+(1, 4))	1	271
(1242, 148, 3769, t1) -> (1242, 148, 3769, t2=t1+(1, 7))	1	272
(4620, 81, 1239, t1) -> (4620, 81, 1239, t2=t1+(1, 8))	1	273
(2974, 41, 3731, t1) -> (2974, 41, 2974, t2=t1+(1, 3))	1	274
(401, 114, 381, t1) -> (381, 114, 381, t2=t1+(1, 7))	1	275
(3610, 198, 4845, t1) -> (3610, 198, 3610, t2=t1+(1, 9))	1	276
(2938, 48, 1266, t1) -> (1266, 48, 2938, t2=t1+(1, 9))	1	277
(1682, 44, 3641, t1) -> (3641, 44, 3641, t2=t1+(1, 10))	1	278
(3577, 9, 2703, t1) -> (3577, 9, 2703, t2=t1+(1, 5))	1	279
(1129, 123, 657, t1) -> (657, 123, 657, t2=t1+(1, 4))	1	280
(2853, 96, 1040, t1) -> (2853, 96, 1040, t2=t1+(1, 4))	1	281
(4691, 130, 307, t1) -> (307, 130, 307, t2=t1+(1, 6))	1	282
(2557, 95, 978, t1) -> (2557, 95, 2557, t2=t1+(1, 4))	1	283
(1712, 79, 1349, t1) -> (1712, 79, 1349, t2=t1+(1, 5))	1	284
(1129, 37, 4420, t1) -> (4420, 37, 1129, t2=t1+(1, 3))	1	285
(3811, 0, 1675, t1) -> (3811, 0, 1675, t2=t1+(1, 6))	1	286
(882, 64, 4706, t1) -> (4706, 64, 4706, t2=t1+(1, 7))	1	287
(2967, 143, 4083, t1) -> (2967, 143, 2967, t2=t1+(1, 6))	1	288
(3255, 72, 917, t1) -> (3255, 72, 3255, t2=t1+(1, 3))	1	289
(989, 121, 2762, t1) -> (989, 121, 989, t2=t1+(1, 5))	1	290
(1247, 115, 4524, t1) -> (1247, 115, 1247, t2=t1+(1, 1))	1	291
(3117, 198, 2981, t1) -> (2981, 198, 3117, t2=t1+(1, 3))	1	292
(4516, 81, 1395, t1) -> (4516, 81, 1395, t2=t1+(1, 7))	1	293
(769, 39, 499, t1) -> (499, 39, 499, t2=t1+(1, 5))	1	294
(1446, 88, 4790, t1) -> (1446, 88, 1446, t2=t1+(1, 1))	1	295
(1216, 162, 1301, t1) -> (1301, 162, 1301, t2=t1+(1, 7))	1	296
(2094, 107, 4108, t1) -> (4108, 107, 2094, t2=t1+(1, 5))	1	297
(2295, 7, 474, t1) -> (474, 7, 2295, t2=t1+(1, 4))	1	298
(4811, 48, 621, t1) -> (621, 48, 621, t2=t1+(1, 8))	1	299
