(1354, 115, 2704, t1) & (2197, 193, 1388, t2=t1+(0, 3)) & (1388, 186, 1354, t3=t2+(0, 6)) -> (2704, 193, 1388, t4=t3+(1, 1))	3	0
(4587, 113, 1037, t1) & (4459, 156, 2273, t2=t1+(0, 2)) & (2273, 1, 1037, t3=t2+(0, 7)) -> (4587, 1, 2273, t4=t3+(1, 8))	3	1
(4616, 101, 309, t1) & (2878, 71, 293, t2=t1+(0, 4)) & (2878, 101, 309, t3=t2+(0, 3)) -> (293, 71, 2878, t4=t3+(1, 5))	3	2
(4948, 172, 1543, t1) & (4459, 119, 220, t2=t1+(0, 2)) & (1543, 161, 4459, t3=t2+(0, 3)) -> (1543, 172, 4459, t4=t3+(1, 4))	3	3
(168, 102, 1027, t1) & (3858, 99, 3969, t2=t1+(0, 3)) & (3969, 67, 168, t3=t2+(0, 2)) -> (3858, 102, 1027, t4=t3+(1, 3))	3	4
(3584, 0, 4569, t1) & (978, 46, 2664, t2=t1+(0, 9)) & (4569, 12, 978, t3=t2+(0, 6)) -> (3584, 0, 2664, t4=t3+(1, 3))	3	5
(1524, 198, 4286, t1) & (2546, 30, 3096, t2=t1+(0, 7)) & (4286, 166, 2546, t3=t2+(0, 3)) -> (2546, 198, 4286, t4=t3+(1, 4))	3	6
(4201, 37, 4266, t1) & (3666, 1, 1033, t2=t1+(0, 7)) & (4201, 158, 1033, t3=t2+(0, 6)) -> (1033, 1, 4266, t4=t3+(1, 3))	3	7
(1626, 119, 4719, t1) & (4270, 187, 1467, t2=t1+(0, 3)) & (1467, 146, 1626, t3=t2+(0, 4)) -> (4719, 146, 1626, t4=t3+(1, 3))	3	8
(710, 81, 242, t1) & (4555, 106, 4235, t2=t1+(0, 4)) & (4235, 99, 710, t3=t2+(0, 7)) -> (4555, 81, 710, t4=t3+(1, 6))	3	9
(4460, 53, 1204, t1) & (4120, 149, 580, t2=t1+(0, 2)) & (580, 86, 4460, t3=t2+(0, 5)) -> (4120, 86, 4460, t4=t3+(1, 5))	3	10
(892, 183, 4339, t1) & (1116, 90, 791, t2=t1+(0, 6)) & (1116, 139, 4339, t3=t2+(0, 10)) -> (1116, 139, 1116, t4=t3+(1, 6))	3	11
(1435, 91, 2047, t1) & (3643, 151, 194, t2=t1+(0, 5)) & (2047, 124, 194, t3=t2+(0, 6)) -> (2047, 151, 1435, t4=t3+(1, 4))	3	12
(3254, 143, 830, t1) & (2377, 89, 1586, t2=t1+(0, 6)) & (3254, 131, 1586, t3=t2+(0, 4)) -> (1586, 89, 3254, t4=t3+(1, 3))	3	13
(2773, 127, 3910, t1) & (4928, 145, 3422, t2=t1+(0, 4)) & (3422, 39, 3910, t3=t2+(0, 6)) -> (3910, 127, 3422, t4=t3+(1, 4))	3	14
(2414, 130, 2394, t1) & (4151, 79, 4524, t2=t1+(0, 5)) & (4151, 20, 2394, t3=t2+(0, 4)) -> (2414, 79, 4524, t4=t3+(1, 1))	3	15
(4644, 89, 1435, t1) & (2047, 140, 2914, t2=t1+(0, 6)) & (2047, 60, 1435, t3=t2+(0, 1)) -> (1435, 89, 1435, t4=t3+(1, 4))	3	16
(2273, 35, 3776, t1) & (1513, 31, 1278, t2=t1+(0, 1)) & (1278, 63, 3776, t3=t2+(0, 9)) -> (2273, 35, 3776, t4=t3+(1, 3))	3	17
(3479, 165, 4820, t1) & (3303, 47, 2143, t2=t1+(0, 5)) & (4820, 74, 3303, t3=t2+(0, 7)) -> (3303, 47, 3303, t4=t3+(1, 6))	3	18
(4926, 142, 47, t1) & (4155, 23, 3431, t2=t1+(0, 7)) & (47, 168, 4155, t3=t2+(0, 6)) -> (4155, 23, 47, t4=t3+(1, 1))	3	19
(1746, 144, 4569, t1) & (777, 63, 4069, t2=t1+(0, 1)) & (4069, 100, 4569, t3=t2+(0, 5)) -> (4069, 144, 777, t4=t3+(1, 6))	3	20
(4616, 32, 1248, t1) & (4555, 130, 1030, t2=t1+(0, 5)) & (4555, 167, 1248, t3=t2+(0, 7)) -> (1248, 167, 4555, t4=t3+(1, 4))	3	21
(3248, 84, 3524, t1) & (1083, 160, 1354, t2=t1+(0, 9)) & (1354, 186, 3248, t3=t2+(0, 8)) -> (1354, 84, 3524, t4=t3+(1, 2))	3	22
(1513, 89, 1046, t1) & (1945, 43, 663, t2=t1+(0, 4)) & (663, 101, 1513, t3=t2+(0, 1)) -> (1046, 43, 663, t4=t3+(1, 2))	3	23
(3472, 187, 3995, t1) & (2310, 96, 3008, t2=t1+(0, 5)) & (2310, 72, 3472, t3=t2+(0, 1)) -> (3995, 96, 3995, t4=t3+(1, 3))	3	24
(4662, 0, 3052, t1) & (2920, 132, 1354, t2=t1+(0, 3)) & (4662, 49, 2920, t3=t2+(0, 8)) -> (3052, 132, 4662, t4=t3+(1, 9))	3	25
(4674, 36, 259, t1) & (4569, 183, 2047, t2=t1+(0, 2)) & (259, 25, 4569, t3=t2+(0, 3)) -> (2047, 25, 259, t4=t3+(1, 3))	3	26
(710, 17, 3988, t1) & (3653, 77, 861, t2=t1+(0, 5)) & (3988, 20, 3653, t3=t2+(0, 2)) -> (710, 17, 3988, t4=t3+(1, 4))	3	27
(2446, 120, 133, t1) & (900, 105, 3657, t2=t1+(0, 4)) & (133, 160, 900, t3=t2+(0, 4)) -> (3657, 160, 133, t4=t3+(1, 1))	3	28
(1544, 58, 969, t1) & (1018, 153, 1054, t2=t1+(0, 2)) & (1054, 36, 1544, t3=t2+(0, 10)) -> (1054, 36, 1544, t4=t3+(1, 5))	3	29
(60, 28, 2375, t1) & (1704, 66, 4032, t2=t1+(0, 5)) & (60, 142, 1704, t3=t2+(0, 2)) -> (60, 142, 1704, t4=t3+(1, 8))	3	30
(682, 48, 1517, t1) & (1037, 184, 3296, t2=t1+(0, 5)) & (3296, 24, 1517, t3=t2+(0, 5)) -> (1037, 24, 1517, t4=t3+(1, 6))	3	31
(3196, 93, 4867, t1) & (1429, 45, 2289, t2=t1+(0, 4)) & (1429, 143, 3196, t3=t2+(0, 6)) -> (1429, 143, 4867, t4=t3+(1, 6))	3	32
(3405, 128, 4423, t1) & (4569, 89, 1213, t2=t1+(0, 7)) & (4423, 84, 4569, t3=t2+(0, 5)) -> (4569, 84, 4569, t4=t3+(1, 8))	3	33
(4054, 63, 692, t1) & (4547, 3, 3327, t2=t1+(0, 3)) & (3327, 127, 692, t3=t2+(0, 2)) -> (3327, 127, 3327, t4=t3+(1, 7))	3	34
(3008, 32, 812, t1) & (4569, 111, 3352, t2=t1+(0, 15)) & (4569, 44, 812, t3=t2+(0, 5)) -> (812, 44, 812, t4=t3+(1, 5))	3	35
(710, 110, 303, t1) & (3405, 118, 1213, t2=t1+(0, 5)) & (3405, 80, 710, t3=t2+(0, 3)) -> (710, 118, 1213, t4=t3+(1, 2))	3	36
(4616, 49, 221, t1) & (3874, 104, 4460, t2=t1+(0, 8)) & (221, 27, 4460, t3=t2+(0, 7)) -> (4460, 27, 4616, t4=t3+(1, 7))	3	37
(4928, 73, 2150, t1) & (1113, 136, 2951, t2=t1+(0, 2)) & (1113, 132, 2150, t3=t2+(0, 3)) -> (4928, 132, 2951, t4=t3+(1, 3))	3	38
(1517, 81, 2816, t1) & (805, 41, 186, t2=t1+(0, 9)) & (805, 91, 2816, t3=t2+(0, 2)) -> (805, 41, 2816, t4=t3+(1, 2))	3	39
(3973, 1, 2092, t1) & (1132, 99, 3295, t2=t1+(0, 4)) & (2092, 94, 3295, t3=t2+(0, 5)) -> (2092, 94, 2092, t4=t3+(1, 3))	3	40
(2436, 15, 3248, t1) & (837, 90, 4945, t2=t1+(0, 1)) & (4945, 115, 3248, t3=t2+(0, 7)) -> (2436, 115, 837, t4=t3+(1, 3))	3	41
(235, 93, 309, t1) & (3074, 60, 2962, t2=t1+(0, 5)) & (3074, 23, 235, t3=t2+(0, 7)) -> (3074, 23, 309, t4=t3+(1, 1))	3	42
(4773, 165, 4915, t1) & (881, 179, 98, t2=t1+(0, 4)) & (98, 195, 4915, t3=t2+(0, 2)) -> (4773, 195, 98, t4=t3+(1, 3))	3	43
(194, 155, 1420, t1) & (4537, 35, 11, t2=t1+(0, 5)) & (4537, 77, 194, t3=t2+(0, 5)) -> (1420, 77, 4537, t4=t3+(1, 6))	3	44
(690, 188, 1513, t1) & (2593, 73, 3930, t2=t1+(0, 4)) & (3930, 17, 1513, t3=t2+(0, 4)) -> (1513, 188, 1513, t4=t3+(1, 6))	3	45
(2630, 14, 4037, t1) & (662, 11, 43, t2=t1+(0, 1)) & (4037, 33, 662, t3=t2+(0, 6)) -> (662, 14, 4037, t4=t3+(1, 4))	3	46
(4928, 35, 2132, t1) & (3727, 106, 3327, t2=t1+(0, 6)) & (3327, 157, 4928, t3=t2+(0, 4)) -> (3327, 35, 4928, t4=t3+(1, 6))	3	47
(1131, 58, 710, t1) & (1133, 150, 3458, t2=t1+(0, 6)) & (1133, 64, 710, t3=t2+(0, 6)) -> (710, 150, 1133, t4=t3+(1, 6))	3	48
(4394, 37, 2593, t1) & (2998, 171, 177, t2=t1+(0, 4)) & (2998, 143, 2593, t3=t2+(0, 5)) -> (2998, 37, 177, t4=t3+(1, 6))	3	49
(1071, 90, 860, t1) & (1945, 49, 2517, t2=t1+(0, 7)) & (2517, 178, 1071, t3=t2+(0, 6)) -> (2517, 49, 1071, t4=t3+(1, 8))	3	50
(146, 47, 3783, t1) & (2314, 8, 3405, t2=t1+(0, 8)) & (146, 29, 2314, t3=t2+(0, 5)) -> (146, 47, 146, t4=t3+(1, 4))	3	51
(1264, 1, 887, t1) & (4569, 25, 1764, t2=t1+(0, 7)) & (887, 18, 1764, t3=t2+(0, 6)) -> (4569, 25, 887, t4=t3+(1, 5))	3	52
(4640, 132, 580, t1) & (710, 101, 4103, t2=t1+(0, 4)) & (580, 106, 4103, t3=t2+(0, 8)) -> (580, 101, 4103, t4=t3+(1, 8))	3	53
(4985, 56, 2403, t1) & (4060, 22, 580, t2=t1+(0, 4)) & (4060, 34, 2403, t3=t2+(0, 3)) -> (4985, 22, 4985, t4=t3+(1, 5))	3	54
(3074, 97, 4088, t1) & (4830, 2, 4966, t2=t1+(0, 4)) & (4966, 50, 4088, t3=t2+(0, 7)) -> (4088, 97, 4966, t4=t3+(1, 3))	3	55
(889, 98, 3718, t1) & (1545, 22, 4773, t2=t1+(0, 8)) & (3718, 123, 1545, t3=t2+(0, 7)) -> (3718, 123, 4773, t4=t3+(1, 5))	3	56
(3458, 20, 3296, t1) & (4867, 108, 3701, t2=t1+(0, 6)) & (3458, 135, 4867, t3=t2+(0, 4)) -> (3458, 20, 3701, t4=t3+(1, 6))	3	57
(1690, 141, 3716, t1) & (1068, 35, 3923, t2=t1+(0, 7)) & (3716, 97, 1068, t3=t2+(0, 3)) -> (3923, 97, 1068, t4=t3+(1, 6))	3	58
(3054, 81, 860, t1) & (4830, 135, 2973, t2=t1+(0, 5)) & (2973, 148, 3054, t3=t2+(0, 2)) -> (3054, 135, 3054, t4=t3+(1, 1))	3	59
(3619, 27, 892, t1) & (4874, 182, 4223, t2=t1+(0, 5)) & (892, 62, 4223, t3=t2+(0, 5)) -> (3619, 27, 4223, t4=t3+(1, 8))	3	60
(4201, 187, 1301, t1) & (3488, 0, 928, t2=t1+(0, 6)) & (4201, 17, 3488, t3=t2+(0, 11)) -> (3488, 187, 928, t4=t3+(1, 7))	3	61
(1544, 21, 3647, t1) & (1746, 154, 4120, t2=t1+(0, 1)) & (3647, 160, 1746, t3=t2+(0, 3)) -> (3647, 21, 3647, t4=t3+(1, 7))	3	62
(2630, 68, 3574, t1) & (1764, 25, 4947, t2=t1+(0, 3)) & (1764, 23, 2630, t3=t2+(0, 9)) -> (1764, 23, 2630, t4=t3+(1, 11))	3	63
(3550, 190, 3502, t1) & (3761, 120, 1603, t2=t1+(0, 3)) & (3550, 75, 1603, t3=t2+(0, 10)) -> (1603, 75, 1603, t4=t3+(1, 8))	3	64
(2353, 133, 270, t1) & (3405, 195, 1354, t2=t1+(0, 2)) & (2353, 41, 3405, t3=t2+(0, 4)) -> (3405, 195, 3405, t4=t3+(1, 4))	3	65
(177, 107, 2172, t1) & (7, 59, 3004, t2=t1+(0, 5)) & (3004, 44, 177, t3=t2+(0, 7)) -> (3004, 107, 3004, t4=t3+(1, 7))	3	66
(243, 142, 3932, t1) & (704, 54, 881, t2=t1+(0, 7)) & (881, 17, 3932, t3=t2+(0, 4)) -> (3932, 54, 3932, t4=t3+(1, 3))	3	67
(2451, 25, 2607, t1) & (1244, 115, 2061, t2=t1+(0, 5)) & (2451, 129, 2061, t3=t2+(0, 6)) -> (2607, 129, 2061, t4=t3+(1, 7))	3	68
(2819, 114, 4154, t1) & (977, 15, 710, t2=t1+(0, 5)) & (710, 76, 4154, t3=t2+(0, 2)) -> (4154, 15, 710, t4=t3+(1, 6))	3	69
(4592, 10, 3083, t1) & (4913, 95, 1746, t2=t1+(0, 10)) & (1746, 77, 4592, t3=t2+(0, 4)) -> (4592, 95, 1746, t4=t3+(1, 9))	3	70
(2289, 145, 673, t1) & (270, 99, 3008, t2=t1+(0, 2)) & (2289, 57, 3008, t3=t2+(0, 3)) -> (3008, 99, 3008, t4=t3+(1, 1))	3	71
(2568, 173, 4569, t1) & (3785, 180, 3643, t2=t1+(0, 8)) & (4569, 0, 3643, t3=t2+(0, 6)) -> (2568, 180, 3643, t4=t3+(1, 7))	3	72
(2812, 118, 2564, t1) & (2582, 32, 3988, t2=t1+(0, 2)) & (2582, 0, 2812, t3=t2+(0, 7)) -> (2582, 118, 2582, t4=t3+(1, 7))	3	73
(3327, 111, 2624, t1) & (457, 193, 1071, t2=t1+(0, 2)) & (1071, 153, 2624, t3=t2+(0, 4)) -> (1071, 193, 2624, t4=t3+(1, 4))	3	74
(2063, 53, 5, t1) & (3074, 52, 761, t2=t1+(0, 7)) & (3074, 63, 5, t3=t2+(0, 3)) -> (3074, 63, 761, t4=t3+(1, 3))	3	75
(761, 34, 2575, t1) & (3824, 189, 4055, t2=t1+(0, 6)) & (761, 80, 3824, t3=t2+(0, 6)) -> (2575, 80, 761, t4=t3+(1, 6))	3	76
(4515, 47, 416, t1) & (1030, 59, 2641, t2=t1+(0, 7)) & (1030, 109, 4515, t3=t2+(0, 1)) -> (2641, 47, 416, t4=t3+(1, 5))	3	77
(2767, 44, 2582, t1) & (4925, 159, 4867, t2=t1+(0, 3)) & (4925, 135, 2582, t3=t2+(0, 2)) -> (2582, 44, 2582, t4=t3+(1, 7))	3	78
(3550, 38, 4948, t1) & (703, 92, 3573, t2=t1+(0, 3)) & (703, 145, 3550, t3=t2+(0, 2)) -> (4948, 145, 3550, t4=t3+(1, 3))	3	79
(3910, 2, 2150, t1) & (1435, 54, 3733, t2=t1+(0, 8)) & (3910, 6, 3733, t3=t2+(0, 9)) -> (3910, 2, 3910, t4=t3+(1, 4))	3	80
(1626, 195, 180, t1) & (310, 114, 2608, t2=t1+(0, 5)) & (2608, 30, 1626, t3=t2+(0, 6)) -> (2608, 30, 2608, t4=t3+(1, 5))	3	81
(4054, 153, 3296, t1) & (1030, 197, 3296, t2=t1+(0, 5)) & (3296, 180, 1030, t3=t2+(0, 4)) -> (4054, 197, 1030, t4=t3+(1, 6))	3	82
(1027, 121, 1429, t1) & (1226, 52, 1762, t2=t1+(0, 1)) & (1762, 147, 1027, t3=t2+(0, 0)) -> (1027, 52, 1027, t4=t3+(1, 6))	3	83
(1113, 76, 3405, t1) & (1278, 102, 4945, t2=t1+(0, 8)) & (1113, 165, 4945, t3=t2+(0, 3)) -> (1113, 76, 4945, t4=t3+(1, 3))	3	84
(3619, 56, 4201, t1) & (2057, 160, 2495, t2=t1+(0, 5)) & (2495, 92, 4201, t3=t2+(0, 4)) -> (2495, 56, 4201, t4=t3+(1, 4))	3	85
(4868, 22, 4569, t1) & (173, 79, 3248, t2=t1+(0, 6)) & (173, 29, 4868, t3=t2+(0, 7)) -> (3248, 22, 4868, t4=t3+(1, 1))	3	86
(47, 62, 3930, t1) & (4998, 16, 3874, t2=t1+(0, 4)) & (3930, 114, 3874, t3=t2+(0, 8)) -> (3874, 62, 3874, t4=t3+(1, 6))	3	87
(721, 19, 2, t1) & (1213, 71, 1435, t2=t1+(0, 6)) & (1213, 75, 2, t3=t2+(0, 4)) -> (1213, 19, 721, t4=t3+(1, 7))	3	88
(1544, 195, 2951, t1) & (1696, 141, 2223, t2=t1+(0, 6)) & (2223, 48, 2951, t3=t2+(0, 4)) -> (1696, 141, 1696, t4=t3+(1, 5))	3	89
(1251, 132, 1651, t1) & (1681, 43, 1215, t2=t1+(0, 6)) & (1651, 122, 1215, t3=t2+(0, 2)) -> (1251, 122, 1681, t4=t3+(1, 9))	3	90
(2759, 179, 270, t1) & (3776, 154, 912, t2=t1+(0, 6)) & (912, 191, 2759, t3=t2+(0, 4)) -> (3776, 191, 2759, t4=t3+(1, 9))	3	91
(1467, 92, 6, t1) & (2520, 145, 2389, t2=t1+(0, 9)) & (2520, 17, 6, t3=t2+(0, 4)) -> (1467, 17, 6, t4=t3+(1, 7))	3	92
(4520, 11, 2150, t1) & (3458, 63, 982, t2=t1+(0, 8)) & (3458, 27, 2150, t3=t2+(0, 9)) -> (3458, 27, 3458, t4=t3+(1, 8))	3	93
(4915, 16, 1783, t1) & (580, 11, 270, t2=t1+(0, 5)) & (4915, 67, 270, t3=t2+(0, 6)) -> (4915, 16, 580, t4=t3+(1, 5))	3	94
(2901, 5, 158, t1) & (1719, 97, 4194, t2=t1+(0, 7)) & (4194, 47, 158, t3=t2+(0, 5)) -> (4194, 5, 158, t4=t3+(1, 8))	3	95
(3502, 17, 3874, t1) & (580, 176, 2622, t2=t1+(0, 4)) & (2622, 45, 3874, t3=t2+(0, 3)) -> (3874, 45, 2622, t4=t3+(1, 3))	3	96
(1543, 106, 4069, t1) & (4925, 147, 2619, t2=t1+(0, 4)) & (2619, 151, 1543, t3=t2+(0, 2)) -> (2619, 106, 4925, t4=t3+(1, 6))	3	97
(2365, 198, 1148, t1) & (978, 31, 3715, t2=t1+(0, 6)) & (1148, 196, 978, t3=t2+(0, 1)) -> (1148, 196, 1148, t4=t3+(1, 7))	3	98
(3375, 103, 3910, t1) & (1030, 125, 4515, t2=t1+(0, 3)) & (3375, 187, 1030, t3=t2+(0, 9)) -> (3910, 187, 3910, t4=t3+(1, 2))	3	99
(910, 44, 1563, t1) & (1563, 191, 1563, t2=t1+(0, 3)) -> (1563, 44, 1563, t3=t2+(1, 12))	2	100
(2441, 102, 3974, t1) & (2441, 93, 688, t2=t1+(0, 6)) -> (2441, 102, 688, t3=t2+(1, 7))	2	101
(2446, 149, 781, t1) & (2446, 149, 4773, t2=t1+(0, 5)) -> (4773, 149, 4773, t3=t2+(1, 5))	2	102
(4998, 125, 3776, t1) & (3113, 48, 3776, t2=t1+(0, 9)) -> (3113, 48, 3776, t3=t2+(1, 3))	2	103
(4870, 81, 757, t1) & (2032, 175, 4870, t2=t1+(0, 5)) -> (4870, 81, 4870, t3=t2+(1, 4))	2	104
(2630, 89, 1543, t1) & (2630, 167, 1543, t2=t1+(0, 4)) -> (1543, 167, 1543, t3=t2+(1, 7))	2	105
(4026, 29, 1545, t1) & (1388, 31, 1545, t2=t1+(0, 1)) -> (1545, 29, 1545, t3=t2+(1, 5))	2	106
(1251, 167, 1594, t1) & (1251, 179, 1719, t2=t1+(0, 6)) -> (1719, 167, 1594, t3=t2+(1, 14))	2	107
(4188, 117, 27, t1) & (3849, 159, 27, t2=t1+(0, 6)) -> (3849, 159, 3849, t3=t2+(1, 6))	2	108
(4537, 80, 3405, t1) & (3405, 54, 4537, t2=t1+(0, 5)) -> (3405, 80, 3405, t3=t2+(1, 6))	2	109
(1208, 119, 1170, t1) & (1208, 86, 1170, t2=t1+(0, 5)) -> (1170, 86, 1170, t3=t2+(1, 3))	2	110
(4966, 20, 1278, t1) & (62, 136, 4966, t2=t1+(0, 6)) -> (4966, 20, 1278, t3=t2+(1, 5))	2	111
(4069, 40, 3451, t1) & (3451, 90, 316, t2=t1+(0, 6)) -> (4069, 40, 3451, t3=t2+(1, 8))	2	112
(624, 1, 636, t1) & (624, 45, 84, t2=t1+(0, 5)) -> (636, 45, 636, t3=t2+(1, 7))	2	113
(4220, 29, 4243, t1) & (4220, 153, 4220, t2=t1+(0, 7)) -> (4220, 29, 4243, t3=t2+(1, 3))	2	114
(2676, 9, 2513, t1) & (1696, 132, 2676, t2=t1+(0, 5)) -> (2676, 132, 1696, t3=t2+(1, 6))	2	115
(2330, 93, 2273, t1) & (2273, 124, 2330, t2=t1+(0, 8)) -> (2330, 93, 2273, t3=t2+(1, 5))	2	116
(816, 56, 1502, t1) & (816, 118, 1940, t2=t1+(0, 4)) -> (816, 56, 1502, t3=t2+(1, 3))	2	117
(3375, 182, 722, t1) & (3375, 153, 3680, t2=t1+(0, 5)) -> (3680, 153, 3680, t3=t2+(1, 8))	2	118
(4862, 195, 4120, t1) & (4862, 29, 4862, t2=t1+(0, 2)) -> (4120, 29, 4862, t3=t2+(1, 4))	2	119
(4928, 166, 3969, t1) & (2143, 53, 3969, t2=t1+(0, 6)) -> (4928, 166, 3969, t3=t2+(1, 6))	2	120
(3733, 55, 3634, t1) & (3634, 167, 3842, t2=t1+(0, 6)) -> (3733, 55, 3842, t3=t2+(1, 5))	2	121
(476, 148, 4524, t1) & (4524, 42, 476, t2=t1+(0, 6)) -> (476, 148, 4524, t3=t2+(1, 5))	2	122
(1513, 155, 2767, t1) & (2767, 110, 3715, t2=t1+(0, 7)) -> (2767, 155, 1513, t3=t2+(1, 2))	2	123
(341, 86, 1719, t1) & (1719, 155, 341, t2=t1+(0, 5)) -> (341, 155, 341, t3=t2+(1, 7))	2	124
(4819, 172, 4515, t1) & (131, 35, 4819, t2=t1+(0, 5)) -> (131, 172, 4819, t3=t2+(1, 4))	2	125
(3405, 46, 3138, t1) & (3138, 23, 1513, t2=t1+(0, 1)) -> (3405, 23, 3405, t3=t2+(1, 4))	2	126
(2186, 52, 3842, t1) & (2015, 79, 3842, t2=t1+(0, 6)) -> (2186, 52, 2015, t3=t2+(1, 2))	2	127
(4568, 1, 2515, t1) & (2515, 63, 3852, t2=t1+(0, 5)) -> (2515, 63, 3852, t3=t2+(1, 4))	2	128
(2241, 199, 2132, t1) & (2330, 108, 2241, t2=t1+(0, 8)) -> (2241, 108, 2241, t3=t2+(1, 6))	2	129
(1251, 140, 4616, t1) & (1251, 13, 3774, t2=t1+(0, 7)) -> (1251, 140, 1251, t3=t2+(1, 5))	2	130
(2539, 35, 3858, t1) & (3858, 19, 3858, t2=t1+(0, 4)) -> (2539, 35, 2539, t3=t2+(1, 4))	2	131
(2409, 33, 62, t1) & (62, 66, 62, t2=t1+(0, 6)) -> (62, 66, 62, t3=t2+(1, 4))	2	132
(73, 79, 3008, t1) & (654, 61, 73, t2=t1+(0, 3)) -> (3008, 79, 3008, t3=t2+(1, 5))	2	133
(3295, 36, 177, t1) & (3295, 14, 3745, t2=t1+(0, 7)) -> (3295, 14, 3745, t3=t2+(1, 4))	2	134
(4915, 122, 3097, t1) & (4915, 15, 4915, t2=t1+(0, 5)) -> (3097, 122, 4915, t3=t2+(1, 4))	2	135
(3217, 171, 570, t1) & (837, 81, 3217, t2=t1+(0, 4)) -> (3217, 171, 3217, t3=t2+(1, 6))	2	136
(2015, 42, 1431, t1) & (2015, 86, 1431, t2=t1+(0, 5)) -> (2015, 86, 2015, t3=t2+(1, 7))	2	137
(2878, 160, 2197, t1) & (2197, 189, 2878, t2=t1+(0, 2)) -> (2878, 160, 2878, t3=t2+(1, 5))	2	138
(1204, 135, 1696, t1) & (1696, 101, 1204, t2=t1+(0, 3)) -> (1696, 101, 1204, t3=t2+(1, 4))	2	139
(2377, 151, 2866, t1) & (2866, 152, 2973, t2=t1+(0, 3)) -> (2866, 151, 2866, t3=t2+(1, 5))	2	140
(4120, 193, 4830, t1) & (4120, 182, 2184, t2=t1+(0, 2)) -> (4120, 182, 4830, t3=t2+(1, 9))	2	141
(3977, 92, 2167, t1) & (2167, 151, 2167, t2=t1+(0, 9)) -> (2167, 92, 2167, t3=t2+(1, 4))	2	142
(2062, 159, 2061, t1) & (2062, 30, 2061, t2=t1+(0, 5)) -> (2062, 30, 2062, t3=t2+(1, 3))	2	143
(3775, 112, 4244, t1) & (4244, 199, 2026, t2=t1+(0, 5)) -> (4244, 112, 2026, t3=t2+(1, 5))	2	144
(272, 40, 2483, t1) & (4644, 94, 272, t2=t1+(0, 4)) -> (4644, 40, 2483, t3=t2+(1, 5))	2	145
(2365, 7, 4200, t1) & (4200, 96, 2365, t2=t1+(0, 2)) -> (4200, 7, 2365, t3=t2+(1, 3))	2	146
(1641, 26, 4719, t1) & (1641, 31, 4719, t2=t1+(0, 5)) -> (4719, 26, 4719, t3=t2+(1, 7))	2	147
(3412, 77, 294, t1) & (4616, 65, 3412, t2=t1+(0, 5)) -> (3412, 77, 3412, t3=t2+(1, 4))	2	148
(173, 107, 4773, t1) & (2641, 157, 173, t2=t1+(0, 2)) -> (173, 107, 173, t3=t2+(1, 1))	2	149
(1354, 112, 3935, t1) & (1354, 134, 4816, t2=t1+(0, 3)) -> (1354, 112, 1354, t3=t2+(1, 2))	2	150
(1690, 168, 4087, t1) & (4666, 77, 4087, t2=t1+(0, 8)) -> (4087, 77, 4087, t3=t2+(1, 4))	2	151
(2062, 167, 698, t1) & (3533, 21, 698, t2=t1+(0, 2)) -> (698, 167, 3533, t3=t2+(1, 5))	2	152
(313, 48, 2748, t1) & (3575, 183, 313, t2=t1+(0, 8)) -> (3575, 48, 3575, t3=t2+(1, 8))	2	153
(4947, 89, 3776, t1) & (3776, 178, 3776, t2=t1+(0, 8)) -> (4947, 89, 3776, t3=t2+(1, 8))	2	154
(4684, 69, 2374, t1) & (2374, 180, 215, t2=t1+(0, 4)) -> (2374, 69, 2374, t3=t2+(1, 1))	2	155
(1418, 133, 1418, t1) & (1418, 50, 3868, t2=t1+(0, 4)) -> (1418, 133, 1418, t3=t2+(1, 2))	2	156
(3108, 94, 4819, t1) & (2821, 31, 3108, t2=t1+(0, 4)) -> (2821, 31, 3108, t3=t2+(1, 5))	2	157
(3254, 12, 1824, t1) & (1824, 199, 3234, t2=t1+(0, 4)) -> (3254, 12, 3254, t3=t2+(1, 1))	2	158
(3584, 147, 2172, t1) & (4928, 58, 2172, t2=t1+(0, 5)) -> (2172, 147, 2172, t3=t2+(1, 3))	2	159
(795, 162, 4581, t1) & (4581, 150, 795, t2=t1+(0, 3)) -> (795, 150, 4581, t3=t2+(1, 5))	2	160
(3742, 142, 761, t1) & (4220, 33, 3742, t2=t1+(0, 4)) -> (4220, 33, 3742, t3=t2+(1, 2))	2	161
(3345, 156, 4485, t1) & (4485, 123, 1113, t2=t1+(0, 9)) -> (4485, 156, 4485, t3=t2+(1, 7))	2	162
(4569, 30, 198, t1) & (198, 121, 4537, t2=t1+(0, 5)) -> (198, 121, 198, t3=t2+(1, 7))	2	163
(4666, 115, 4928, t1) & (4666, 192, 44, t2=t1+(0, 2)) -> (4666, 192, 44, t3=t2+(1, 4))	2	164
(4459, 154, 953, t1) & (953, 151, 4459, t2=t1+(0, 5)) -> (4459, 154, 953, t3=t2+(1, 5))	2	165
(1876, 17, 3098, t1) & (982, 117, 1876, t2=t1+(0, 2)) -> (982, 17, 1876, t3=t2+(1, 4))	2	166
(4160, 141, 881, t1) & (881, 190, 4160, t2=t1+(0, 4)) -> (4160, 190, 4160, t3=t2+(1, 2))	2	167
(3588, 120, 4223, t1) & (4223, 155, 4223, t2=t1+(0, 8)) -> (3588, 120, 4223, t3=t2+(1, 9))	2	168
(3004, 148, 2624, t1) & (3004, 101, 3004, t2=t1+(0, 2)) -> (3004, 148, 3004, t3=t2+(1, 5))	2	169
(2870, 68, 4830, t1) & (2870, 111, 2870, t2=t1+(0, 3)) -> (2870, 111, 4830, t3=t2+(1, 6))	2	170
(4168, 112, 1746, t1) & (4896, 164, 1746, t2=t1+(0, 3)) -> (1746, 112, 4168, t3=t2+(1, 2))	2	171
(2061, 72, 1068, t1) & (1068, 139, 3106, t2=t1+(0, 6)) -> (3106, 72, 1068, t3=t2+(1, 1))	2	172
(4816, 114, 3536, t1) & (1253, 62, 3536, t2=t1+(0, 3)) -> (1253, 114, 3536, t3=t2+(1, 3))	2	173
(2748, 53, 3308, t1) & (3308, 28, 2748, t2=t1+(0, 1)) -> (2748, 28, 2748, t3=t2+(1, 2))	2	174
(2641, 95, 1429, t1) & (674, 155, 1429, t2=t1+(0, 5)) -> (674, 95, 1429, t3=t2+(1, 4))	2	175
(4594, 84, 2756, t1) & (3852, 73, 2756, t2=t1+(0, 7)) -> (4594, 73, 4594, t3=t2+(1, 5))	2	176
(1473, 59, 3783, t1) & (3783, 123, 881, t2=t1+(0, 4)) -> (1473, 123, 3783, t3=t2+(1, 2))	2	177
(3248, 124, 4906, t1) & (1330, 54, 4906, t2=t1+(0, 2)) -> (4906, 54, 4906, t3=t2+(1, 2))	2	178
(1896, 199, 3197, t1) & (2273, 40, 3197, t2=t1+(0, 5)) -> (2273, 199, 3197, t3=t2+(1, 3))	2	179
(1545, 93, 881, t1) & (881, 15, 881, t2=t1+(0, 5)) -> (881, 93, 881, t3=t2+(1, 3))	2	180
(636, 89, 4353, t1) & (636, 139, 4353, t2=t1+(0, 11)) -> (4353, 89, 4353, t3=t2+(1, 5))	2	181
(2061, 176, 3357, t1) & (146, 26, 2061, t2=t1+(0, 7)) -> (146, 26, 2061, t3=t2+(1, 4))	2	182
(1553, 70, 4954, t1) & (1553, 149, 2178, t2=t1+(0, 1)) -> (2178, 149, 2178, t3=t2+(1, 3))	2	183
(3858, 158, 892, t1) & (3858, 22, 3858, t2=t1+(0, 4)) -> (3858, 22, 3858, t3=t2+(1, 5))	2	184
(3528, 73, 997, t1) & (997, 179, 636, t2=t1+(0, 6)) -> (997, 179, 997, t3=t2+(1, 8))	2	185
(310, 181, 888, t1) & (310, 42, 888, t2=t1+(0, 6)) -> (310, 42, 888, t3=t2+(1, 5))	2	186
(861, 198, 2199, t1) & (1278, 33, 861, t2=t1+(0, 4)) -> (861, 198, 861, t3=t2+(1, 2))	2	187
(588, 81, 1113, t1) & (1113, 40, 3852, t2=t1+(0, 7)) -> (3852, 81, 588, t3=t2+(1, 10))	2	188
(4208, 129, 4616, t1) & (4616, 115, 2793, t2=t1+(0, 3)) -> (4616, 115, 4616, t3=t2+(1, 6))	2	189
(1815, 174, 220, t1) & (220, 33, 186, t2=t1+(0, 4)) -> (220, 33, 1815, t3=t2+(1, 6))	2	190
(163, 143, 2490, t1) & (193, 119, 2490, t2=t1+(0, 4)) -> (2490, 143, 2490, t3=t2+(1, 3))	2	191
(1035, 103, 812, t1) & (1035, 179, 1035, t2=t1+(0, 3)) -> (1035, 103, 1035, t3=t2+(1, 4))	2	192
(3502, 162, 3372, t1) & (2767, 4, 3502, t2=t1+(0, 8)) -> (3502, 162, 3372, t3=t2+(1, 3))	2	193
(1454, 57, 220, t1) & (3467, 164, 220, t2=t1+(0, 10)) -> (220, 164, 1454, t3=t2+(1, 3))	2	194
(220, 18, 2142, t1) & (220, 23, 757, t2=t1+(0, 5)) -> (2142, 18, 2142, t3=t2+(1, 5))	2	195
(3776, 89, 2132, t1) & (2132, 46, 2816, t2=t1+(0, 10)) -> (2816, 89, 2132, t3=t2+(1, 3))	2	196
(2630, 38, 1889, t1) & (1719, 14, 1889, t2=t1+(0, 5)) -> (1889, 38, 1889, t3=t2+(1, 3))	2	197
(494, 137, 2725, t1) & (194, 189, 494, t2=t1+(0, 5)) -> (494, 189, 494, t3=t2+(1, 5))	2	198
(809, 54, 874, t1) & (874, 130, 809, t2=t1+(0, 5)) -> (874, 130, 809, t3=t2+(1, 7))	2	199
(2062, 90, 208, t1) -> (208, 90, 208, t2=t1+(1, 5))	1	200
(4038, 170, 4000, t1) -> (4000, 170, 4000, t2=t1+(1, 3))	1	201
(1564, 122, 2520, t1) -> (2520, 122, 1564, t2=t1+(1, 6))	1	202
(3582, 42, 2641, t1) -> (3582, 42, 3582, t2=t1+(1, 5))	1	203
(4520, 125, 2641, t1) -> (4520, 125, 2641, t2=t1+(1, 5))	1	204
(1429, 15, 4963, t1) -> (1429, 15, 1429, t2=t1+(1, 6))	1	205
(1251, 181, 4684, t1) -> (1251, 181, 1251, t2=t1+(1, 3))	1	206
(194, 190, 3995, t1) -> (194, 190, 3995, t2=t1+(1, 6))	1	207
(1030, 55, 2664, t1) -> (2664, 55, 1030, t2=t1+(1, 3))	1	208
(1204, 183, 4055, t1) -> (1204, 183, 1204, t2=t1+(1, 8))	1	209
(6, 107, 703, t1) -> (703, 107, 703, t2=t1+(1, 5))	1	210
(1852, 72, 4616, t1) -> (4616, 72, 4616, t2=t1+(1, 2))	1	211
(442, 192, 3329, t1) -> (3329, 192, 442, t2=t1+(1, 1))	1	212
(1027, 172, 4983, t1) -> (4983, 172, 1027, t2=t1+(1, 7))	1	213
(433, 43, 84, t1) -> (433, 43, 433, t2=t1+(1, 3))	1	214
(3634, 199, 3108, t1) -> (3634, 199, 3634, t2=t1+(1, 3))	1	215
(1388, 39, 2374, t1) -> (2374, 39, 2374, t2=t1+(1, 3))	1	216
(4155, 62, 4339, t1) -> (4155, 62, 4339, t2=t1+(1, 7))	1	217
(2645, 96, 3054, t1) -> (3054, 96, 3054, t2=t1+(1, 4))	1	218
(3295, 160, 2970, t1) -> (3295, 160, 3295, t2=t1+(1, 2))	1	219
(1951, 194, 146, t1) -> (1951, 194, 1951, t2=t1+(1, 3))	1	220
(761, 119, 2186, t1) -> (761, 119, 761, t2=t1+(1, 6))	1	221
(2759, 32, 837, t1) -> (837, 32, 837, t2=t1+(1, 6))	1	222
(807, 39, 2962, t1) -> (2962, 39, 807, t2=t1+(1, 7))	1	223
(888, 27, 580, t1) -> (888, 27, 888, t2=t1+(1, 2))	1	224
(2664, 41, 4594, t1) -> (2664, 41, 2664, t2=t1+(1, 9))	1	225
(2833, 89, 982, t1) -> (982, 89, 2833, t2=t1+(1, 3))	1	226
(3719, 113, 1071, t1) -> (3719, 113, 3719, t2=t1+(1, 6))	1	227
(2197, 94, 4188, t1) -> (2197, 94, 4188, t2=t1+(1, 2))	1	228
(1349, 29, 2340, t1) -> (2340, 29, 2340, t2=t1+(1, 4))	1	229
(4171, 113, 98, t1) -> (98, 113, 4171, t2=t1+(1, 5))	1	230
(2483, 46, 1204, t1) -> (2483, 46, 2483, t2=t1+(1, 4))	1	231
(4945, 33, 757, t1) -> (4945, 33, 4945, t2=t1+(1, 4))	1	232
(3261, 83, 4788, t1) -> (3261, 83, 4788, t2=t1+(1, 3))	1	233
(2920, 160, 2970, t1) -> (2920, 160, 2970, t2=t1+(1, 2))	1	234
(2554, 185, 43, t1) -> (43, 185, 2554, t2=t1+(1, 2))	1	235
(314, 135, 1524, t1) -> (1524, 135, 1524, t2=t1+(1, 5))	1	236
(3719, 198, 1517, t1) -> (3719, 198, 1517, t2=t1+(1, 3))	1	237
(3296, 160, 270, t1) -> (270, 160, 270, t2=t1+(1, 8))	1	238
(47, 128, 3718, t1) -> (47, 128, 47, t2=t1+(1, 5))	1	239
(733, 114, 2483, t1) -> (733, 114, 2483, t2=t1+(1, 5))	1	240
(4948, 159, 2767, t1) -> (2767, 159, 2767, t2=t1+(1, 4))	1	241
(795, 13, 1030, t1) -> (1030, 13, 795, t2=t1+(1, 6))	1	242
(4819, 53, 1113, t1) -> (4819, 53, 1113, t2=t1+(1, 4))	1	243
(1251, 166, 2513, t1) -> (1251, 166, 1251, t2=t1+(1, 7))	1	244
(3452, 82, 3995, t1) -> (3452, 82, 3452, t2=t1+(1, 2))	1	245
(306, 128, 3303, t1) -> (306, 128, 3303, t2=t1+(1, 3))	1	246
(4097, 14, 887, t1) -> (4097, 14, 887, t2=t1+(1, 4))	1	247
(4665, 137, 2644, t1) -> (4665, 137, 2644, t2=t1+(1, 4))	1	248
(513, 14, 3858, t1) -> (513, 14, 513, t2=t1+(1, 3))	1	249
(3138, 124, 1719, t1) -> (3138, 124, 1719, t2=t1+(1, 6))	1	250
(309, 86, 1413, t1) -> (1413, 86, 309, t2=t1+(1, 5))	1	251
(3378, 164, 662, t1) -> (662, 164, 662, t2=t1+(1, 4))	1	252
(3824, 169, 242, t1) -> (242, 169, 3824, t2=t1+(1, 3))	1	253
(1027, 123, 710, t1) -> (710, 123, 1027, t2=t1+(1, 10))	1	254
(1385, 119, 612, t1) -> (1385, 119, 612, t2=t1+(1, 8))	1	255
(1884, 123, 2061, t1) -> (2061, 123, 1884, t2=t1+(1, 5))	1	256
(2374, 148, 4864, t1) -> (4864, 148, 4864, t2=t1+(1, 5))	1	257
(4461, 34, 314, t1) -> (314, 34, 314, t2=t1+(1, 7))	1	258
(1467, 175, 3874, t1) -> (3874, 175, 3874, t2=t1+(1, 5))	1	259
(761, 136, 2186, t1) -> (761, 136, 2186, t2=t1+(1, 6))	1	260
(2624, 147, 1027, t1) -> (2624, 147, 1027, t2=t1+(1, 2))	1	261
(3412, 40, 4537, t1) -> (4537, 40, 3412, t2=t1+(1, 3))	1	262
(4594, 121, 3308, t1) -> (4594, 121, 3308, t2=t1+(1, 6))	1	263
(1251, 174, 2664, t1) -> (1251, 174, 1251, t2=t1+(1, 3))	1	264
(3138, 191, 4394, t1) -> (4394, 191, 3138, t2=t1+(1, 4))	1	265
(4014, 1, 1650, t1) -> (1650, 1, 4014, t2=t1+(1, 5))	1	266
(4117, 62, 4569, t1) -> (4117, 62, 4117, t2=t1+(1, 5))	1	267
(2197, 186, 710, t1) -> (710, 186, 710, t2=t1+(1, 8))	1	268
(3479, 114, 914, t1) -> (3479, 114, 3479, t2=t1+(1, 2))	1	269
(212, 162, 3910, t1) -> (212, 162, 3910, t2=t1+(1, 2))	1	270
(1251, 170, 4026, t1) -> (4026, 170, 4026, t2=t1+(1, 3))	1	271
(3717, 134, 1113, t1) -> (3717, 134, 3717, t2=t1+(1, 2))	1	272
(103, 180, 2748, t1) -> (2748, 180, 103, t2=t1+(1, 8))	1	273
(4194, 104, 3285, t1) -> (4194, 104, 3285, t2=t1+(1, 5))	1	274
(3314, 89, 2350, t1) -> (2350, 89, 3314, t2=t1+(1, 5))	1	275
(3868, 45, 3776, t1) -> (3776, 45, 3868, t2=t1+(1, 8))	1	276
(4484, 188, 4597, t1) -> (4484, 188, 4597, t2=t1+(1, 6))	1	277
(70, 90, 1564, t1) -> (70, 90, 70, t2=t1+(1, 5))	1	278
(2841, 38, 812, t1) -> (2841, 38, 812, t2=t1+(1, 2))	1	279
(4925, 188, 4102, t1) -> (4925, 188, 4102, t2=t1+(1, 5))	1	280
(2353, 164, 1455, t1) -> (2353, 164, 1455, t2=t1+(1, 6))	1	281
(2516, 9, 2676, t1) -> (2676, 9, 2516, t2=t1+(1, 7))	1	282
(3327, 95, 1719, t1) -> (3327, 95, 3327, t2=t1+(1, 7))	1	283
(442, 191, 1719, t1) -> (1719, 191, 1719, t2=t1+(1, 2))	1	284
(3739, 170, 4268, t1) -> (4268, 170, 3739, t2=t1+(1, 8))	1	285
(2641, 189, 982, t1) -> (982, 189, 2641, t2=t1+(1, 8))	1	286
(1702, 27, 136, t1) -> (136, 27, 136, t2=t1+(1, 8))	1	287
(812, 0, 3874, t1) -> (3874, 0, 3874, t2=t1+(1, 2))	1	288
(4059, 156, 3992, t1) -> (4059, 156, 4059, t2=t1+(1, 8))	1	289
(461, 16, 888, t1) -> (461, 16, 888, t2=t1+(1, 8))	1	290
(4154, 97, 1244, t1) -> (4154, 97, 4154, t2=t1+(1, 1))	1	291
(3412, 93, 4383, t1) -> (4383, 93, 3412, t2=t1+(1, 6))	1	292
(3296, 105, 4268, t1) -> (4268, 105, 3296, t2=t1+(1, 7))	1	293
(3858, 184, 4483, t1) -> (3858, 184, 4483, t2=t1+(1, 5))	1	294
(963, 93, 4962, t1) -> (4962, 93, 4962, t2=t1+(1, 6))	1	295
(3249, 169, 3375, t1) -> (3375, 169, 3375, t2=t1+(1, 6))	1	296
(551, 32, 1563, t1) -> (1563, 32, 551, t2=t1+(1, 6))	1	297
(4569, 136, 904, t1) -> (4569, 136, 904, t2=t1+(1, 5))	1	298
(134, 118, 531, t1) -> (134, 118, 134, t2=t1+(1, 4))	1	299
