(289, 78, 3610, t1) & (981, 33, 3506, t2=t1+(0, 1)) & (3610, 181, 981, t3=t2+(0, 4)) -> (289, 78, 3610, t4=t3+(1, 4))	3	0
(4053, 123, 977, t1) & (1135, 128, 3327, t2=t1+(0, 6)) & (4053, 110, 3327, t3=t2+(0, 9)) -> (4053, 128, 3327, t4=t3+(1, 7))	3	1
(2862, 75, 1676, t1) & (1400, 11, 4995, t2=t1+(0, 5)) & (4995, 188, 1676, t3=t2+(0, 3)) -> (2862, 188, 4995, t4=t3+(1, 3))	3	2
(675, 105, 1568, t1) & (2749, 132, 3936, t2=t1+(0, 7)) & (1568, 30, 3936, t3=t2+(0, 9)) -> (3936, 30, 2749, t4=t3+(1, 5))	3	3
(4108, 170, 99, t1) & (939, 56, 3598, t2=t1+(0, 5)) & (4108, 90, 939, t3=t2+(0, 6)) -> (3598, 90, 4108, t4=t3+(1, 2))	3	4
(615, 28, 403, t1) & (462, 129, 3450, t2=t1+(0, 5)) & (462, 94, 615, t3=t2+(0, 6)) -> (462, 28, 615, t4=t3+(1, 6))	3	5
(793, 195, 3831, t1) & (105, 2, 2559, t2=t1+(0, 9)) & (793, 24, 2559, t3=t2+(0, 5)) -> (2559, 195, 2559, t4=t3+(1, 2))	3	6
(521, 70, 2994, t1) & (793, 174, 628, t2=t1+(0, 3)) & (521, 106, 628, t3=t2+(0, 6)) -> (793, 174, 628, t4=t3+(1, 3))	3	7
(2243, 108, 1514, t1) & (3652, 41, 1559, t2=t1+(0, 2)) & (2243, 186, 3652, t3=t2+(0, 7)) -> (1559, 41, 2243, t4=t3+(1, 5))	3	8
(432, 63, 2968, t1) & (1706, 199, 1441, t2=t1+(0, 5)) & (1706, 2, 2968, t3=t2+(0, 10)) -> (1706, 2, 432, t4=t3+(1, 8))	3	9
(563, 107, 1564, t1) & (3860, 77, 4522, t2=t1+(0, 4)) & (3860, 196, 563, t3=t2+(0, 5)) -> (563, 107, 4522, t4=t3+(1, 6))	3	10
(1520, 1, 1688, t1) & (2220, 40, 1678, t2=t1+(0, 4)) & (1520, 25, 1678, t3=t2+(0, 3)) -> (2220, 40, 2220, t4=t3+(1, 3))	3	11
(4184, 44, 4708, t1) & (1679, 33, 2738, t2=t1+(0, 6)) & (4708, 7, 2738, t3=t2+(0, 5)) -> (4184, 33, 2738, t4=t3+(1, 11))	3	12
(3941, 121, 4141, t1) & (1899, 28, 3665, t2=t1+(0, 7)) & (4141, 184, 3665, t3=t2+(0, 5)) -> (1899, 184, 3665, t4=t3+(1, 4))	3	13
(4580, 6, 2018, t1) & (4635, 86, 4624, t2=t1+(0, 8)) & (4635, 21, 4580, t3=t2+(0, 4)) -> (4580, 86, 4624, t4=t3+(1, 10))	3	14
(3591, 154, 1457, t1) & (2181, 109, 3916, t2=t1+(0, 4)) & (2181, 139, 3591, t3=t2+(0, 8)) -> (3591, 139, 3591, t4=t3+(1, 5))	3	15
(530, 102, 4091, t1) & (612, 125, 1465, t2=t1+(0, 4)) & (530, 48, 612, t3=t2+(0, 5)) -> (530, 125, 1465, t4=t3+(1, 7))	3	16
(2282, 123, 3474, t1) & (1735, 41, 1579, t2=t1+(0, 5)) & (3474, 196, 1735, t3=t2+(0, 5)) -> (1579, 123, 1579, t4=t3+(1, 2))	3	17
(770, 84, 3728, t1) & (846, 101, 4594, t2=t1+(0, 8)) & (4594, 34, 770, t3=t2+(0, 6)) -> (4594, 34, 846, t4=t3+(1, 10))	3	18
(381, 58, 3828, t1) & (2641, 0, 1561, t2=t1+(0, 8)) & (3828, 16, 1561, t3=t2+(0, 8)) -> (1561, 0, 381, t4=t3+(1, 2))	3	19
(1322, 44, 4358, t1) & (347, 96, 2664, t2=t1+(0, 4)) & (1322, 44, 2664, t3=t2+(0, 4)) -> (1322, 96, 4358, t4=t3+(1, 1))	3	20
(4877, 163, 1221, t1) & (2501, 28, 4277, t2=t1+(0, 2)) & (4277, 46, 1221, t3=t2+(0, 7)) -> (4277, 46, 1221, t4=t3+(1, 4))	3	21
(3172, 120, 2419, t1) & (76, 162, 1914, t2=t1+(0, 5)) & (2419, 126, 1914, t3=t2+(0, 4)) -> (1914, 126, 3172, t4=t3+(1, 6))	3	22
(1492, 111, 1318, t1) & (1884, 153, 2099, t2=t1+(0, 6)) & (1318, 38, 2099, t3=t2+(0, 8)) -> (1884, 111, 1884, t4=t3+(1, 1))	3	23
(1178, 135, 629, t1) & (4488, 143, 346, t2=t1+(0, 4)) & (346, 162, 629, t3=t2+(0, 5)) -> (629, 135, 1178, t4=t3+(1, 7))	3	24
(3352, 11, 2353, t1) & (2353, 168, 3352, t2=t1+(0, 5)) -> (3352, 168, 2353, t3=t2+(1, 2))	2	25
(3024, 198, 1824, t1) & (1824, 35, 125, t2=t1+(0, 4)) -> (3024, 198, 125, t3=t2+(1, 6))	2	26
(25, 74, 3793, t1) & (3355, 116, 25, t2=t1+(0, 0)) -> (3793, 116, 3355, t3=t2+(1, 5))	2	27
(4647, 164, 10, t1) & (4647, 56, 3787, t2=t1+(0, 7)) -> (10, 164, 4647, t3=t2+(1, 8))	2	28
(2928, 98, 4957, t1) & (3289, 136, 4957, t2=t1+(0, 7)) -> (2928, 98, 4957, t3=t2+(1, 8))	2	29
(1816, 44, 2844, t1) & (2844, 171, 1816, t2=t1+(0, 5)) -> (1816, 171, 2844, t3=t2+(1, 8))	2	30
(2312, 141, 2154, t1) & (2154, 18, 2154, t2=t1+(0, 4)) -> (2154, 141, 2154, t3=t2+(1, 4))	2	31
(1154, 21, 4351, t1) & (1154, 78, 117, t2=t1+(0, 4)) -> (1154, 21, 1154, t3=t2+(1, 7))	2	32
(743, 183, 4705, t1) & (4342, 15, 743, t2=t1+(0, 3)) -> (743, 183, 743, t3=t2+(1, 4))	2	33
(1938, 131, 4107, t1) & (1679, 15, 4107, t2=t1+(0, 3)) -> (1679, 131, 1938, t3=t2+(1, 5))	2	34
(4285, 75, 2936, t1) & (2936, 169, 1293, t2=t1+(0, 6)) -> (2936, 75, 1293, t3=t2+(1, 8))	2	35
(2062, 99, 1108, t1) & (2062, 38, 2062, t2=t1+(0, 8)) -> (2062, 99, 1108, t3=t2+(1, 3))	2	36
(3111, 40, 4869, t1) & (4869, 170, 3111, t2=t1+(0, 4)) -> (4869, 40, 3111, t3=t2+(1, 6))	2	37
(1130, 85, 4165, t1) & (4845, 81, 4165, t2=t1+(0, 4)) -> (4845, 85, 4845, t3=t2+(1, 6))	2	38
(3746, 124, 1642, t1) & (3780, 9, 3746, t2=t1+(0, 5)) -> (3746, 9, 3746, t3=t2+(1, 2))	2	39
(2013, 77, 702, t1) & (3815, 71, 2013, t2=t1+(0, 3)) -> (2013, 71, 2013, t3=t2+(1, 3))	2	40
(2838, 21, 1767, t1) & (1767, 154, 1322, t2=t1+(0, 7)) -> (1767, 21, 2838, t3=t2+(1, 9))	2	41
(1732, 178, 3812, t1) & (3812, 1, 1732, t2=t1+(0, 5)) -> (1732, 1, 3812, t3=t2+(1, 5))	2	42
(1069, 72, 4768, t1) & (1069, 168, 1494, t2=t1+(0, 5)) -> (1069, 72, 1069, t3=t2+(1, 7))	2	43
(3344, 140, 2939, t1) & (2939, 145, 2503, t2=t1+(0, 3)) -> (2503, 140, 2939, t3=t2+(1, 6))	2	44
(515, 138, 2077, t1) & (764, 179, 2077, t2=t1+(0, 6)) -> (764, 179, 764, t3=t2+(1, 7))	2	45
(2266, 48, 4553, t1) & (1766, 36, 2266, t2=t1+(0, 6)) -> (1766, 48, 4553, t3=t2+(1, 5))	2	46
(511, 185, 1304, t1) & (4260, 11, 511, t2=t1+(0, 4)) -> (511, 11, 4260, t3=t2+(1, 10))	2	47
(417, 111, 3688, t1) & (417, 87, 3688, t2=t1+(0, 2)) -> (3688, 111, 3688, t3=t2+(1, 6))	2	48
(4323, 139, 4678, t1) & (3836, 148, 4323, t2=t1+(0, 8)) -> (4678, 148, 4323, t3=t2+(1, 4))	2	49
(3124, 13, 2580, t1) & (2580, 185, 3124, t2=t1+(0, 7)) -> (3124, 13, 2580, t3=t2+(1, 4))	2	50
(3238, 51, 2599, t1) & (3238, 84, 4130, t2=t1+(0, 4)) -> (4130, 51, 4130, t3=t2+(1, 3))	2	51
(3413, 113, 4168, t1) & (688, 193, 4168, t2=t1+(0, 4)) -> (4168, 193, 3413, t3=t2+(1, 4))	2	52
(1068, 199, 3615, t1) & (910, 107, 1068, t2=t1+(0, 5)) -> (1068, 199, 1068, t3=t2+(1, 6))	2	53
(650, 38, 2203, t1) & (3978, 145, 2203, t2=t1+(0, 3)) -> (2203, 38, 2203, t3=t2+(1, 4))	2	54
(4507, 110, 3499, t1) & (4507, 143, 3257, t2=t1+(0, 5)) -> (4507, 143, 3499, t3=t2+(1, 1))	2	55
(1409, 12, 3098, t1) & (3098, 104, 3098, t2=t1+(0, 5)) -> (3098, 12, 3098, t3=t2+(1, 1))	2	56
(4886, 178, 4992, t1) & (3096, 132, 4992, t2=t1+(0, 1)) -> (4886, 132, 4992, t3=t2+(1, 5))	2	57
(2578, 98, 4293, t1) & (2578, 132, 2578, t2=t1+(0, 4)) -> (2578, 132, 2578, t3=t2+(1, 5))	2	58
(1430, 95, 2275, t1) & (1430, 127, 1430, t2=t1+(0, 6)) -> (1430, 95, 1430, t3=t2+(1, 6))	2	59
(4727, 20, 1965, t1) & (4727, 123, 4727, t2=t1+(0, 8)) -> (1965, 20, 4727, t3=t2+(1, 10))	2	60
(1027, 15, 4257, t1) & (331, 48, 1027, t2=t1+(0, 9)) -> (4257, 48, 4257, t3=t2+(1, 5))	2	61
(2820, 30, 863, t1) & (2820, 153, 1085, t2=t1+(0, 5)) -> (863, 30, 1085, t3=t2+(1, 6))	2	62
(432, 18, 90, t1) & (1666, 20, 90, t2=t1+(0, 4)) -> (432, 18, 90, t3=t2+(1, 6))	2	63
(4439, 123, 1970, t1) & (4439, 33, 4439, t2=t1+(0, 5)) -> (4439, 33, 4439, t3=t2+(1, 7))	2	64
(3196, 127, 3075, t1) & (3196, 151, 3196, t2=t1+(0, 0)) -> (3196, 151, 3196, t3=t2+(1, 6))	2	65
(2630, 41, 1593, t1) & (1593, 23, 3067, t2=t1+(0, 2)) -> (2630, 23, 3067, t3=t2+(1, 5))	2	66
(4394, 42, 3061, t1) & (4394, 18, 3061, t2=t1+(0, 5)) -> (3061, 18, 3061, t3=t2+(1, 3))	2	67
(2993, 75, 4734, t1) & (4734, 94, 3271, t2=t1+(0, 6)) -> (2993, 75, 4734, t3=t2+(1, 4))	2	68
(2284, 28, 1290, t1) & (1290, 54, 2284, t2=t1+(0, 1)) -> (2284, 54, 1290, t3=t2+(1, 6))	2	69
(1451, 87, 4040, t1) & (2941, 156, 4040, t2=t1+(0, 3)) -> (4040, 87, 4040, t3=t2+(1, 2))	2	70
(2145, 38, 2847, t1) & (2847, 60, 4533, t2=t1+(0, 5)) -> (2847, 60, 2145, t3=t2+(1, 1))	2	71
(4101, 25, 2987, t1) & (4101, 65, 1055, t2=t1+(0, 6)) -> (2987, 65, 1055, t3=t2+(1, 3))	2	72
(596, 158, 4518, t1) & (4537, 94, 596, t2=t1+(0, 4)) -> (596, 94, 596, t3=t2+(1, 8))	2	73
(3249, 78, 545, t1) & (3249, 108, 545, t2=t1+(0, 3)) -> (3249, 78, 3249, t3=t2+(1, 4))	2	74
(1206, 194, 4229, t1) & (4229, 187, 1206, t2=t1+(0, 4)) -> (1206, 187, 1206, t3=t2+(1, 3))	2	75
(3815, 45, 3151, t1) & (3151, 49, 1220, t2=t1+(0, 2)) -> (3151, 45, 1220, t3=t2+(1, 3))	2	76
(1428, 30, 403, t1) & (4272, 34, 1428, t2=t1+(0, 1)) -> (1428, 30, 403, t3=t2+(1, 4))	2	77
(2437, 188, 3893, t1) & (3893, 56, 3893, t2=t1+(0, 4)) -> (2437, 188, 3893, t3=t2+(1, 3))	2	78
(3777, 123, 44, t1) & (3777, 29, 1805, t2=t1+(0, 1)) -> (44, 123, 1805, t3=t2+(1, 4))	2	79
(3751, 161, 1133, t1) & (2578, 158, 3751, t2=t1+(0, 5)) -> (3751, 161, 1133, t3=t2+(1, 9))	2	80
(3642, 106, 751, t1) & (751, 187, 751, t2=t1+(0, 6)) -> (3642, 187, 751, t3=t2+(1, 4))	2	81
(4164, 53, 3315, t1) & (4164, 123, 4164, t2=t1+(0, 7)) -> (4164, 123, 4164, t3=t2+(1, 3))	2	82
(800, 105, 2543, t1) & (2543, 72, 2543, t2=t1+(0, 1)) -> (2543, 105, 2543, t3=t2+(1, 4))	2	83
(2955, 120, 4003, t1) & (2955, 126, 4003, t2=t1+(0, 5)) -> (2955, 126, 2955, t3=t2+(1, 2))	2	84
(2729, 111, 4448, t1) & (927, 20, 2729, t2=t1+(0, 7)) -> (927, 111, 2729, t3=t2+(1, 4))	2	85
(1071, 155, 4612, t1) & (1828, 165, 4612, t2=t1+(0, 4)) -> (1071, 155, 4612, t3=t2+(1, 4))	2	86
(4206, 182, 764, t1) & (759, 35, 764, t2=t1+(0, 5)) -> (764, 182, 764, t3=t2+(1, 7))	2	87
(812, 100, 2264, t1) & (812, 34, 3375, t2=t1+(0, 4)) -> (812, 34, 3375, t3=t2+(1, 6))	2	88
(1689, 121, 2125, t1) & (1477, 104, 1689, t2=t1+(0, 3)) -> (2125, 121, 2125, t3=t2+(1, 7))	2	89
(88, 143, 168, t1) & (2227, 97, 88, t2=t1+(0, 5)) -> (168, 97, 168, t3=t2+(1, 2))	2	90
(4451, 112, 323, t1) & (4451, 67, 1597, t2=t1+(0, 3)) -> (4451, 67, 4451, t3=t2+(1, 7))	2	91
(2871, 16, 4814, t1) & (2871, 99, 4059, t2=t1+(0, 4)) -> (2871, 99, 4059, t3=t2+(1, 9))	2	92
(2267, 81, 2160, t1) & (1366, 38, 2267, t2=t1+(0, 2)) -> (2267, 38, 2160, t3=t2+(1, 4))	2	93
(2396, 196, 469, t1) & (651, 112, 469, t2=t1+(0, 1)) -> (469, 112, 469, t3=t2+(1, 4))	2	94
(3476, 96, 1256, t1) & (1256, 81, 1256, t2=t1+(0, 6)) -> (1256, 96, 1256, t3=t2+(1, 3))	2	95
(1240, 88, 4142, t1) & (4142, 106, 1932, t2=t1+(0, 7)) -> (4142, 88, 4142, t3=t2+(1, 6))	2	96
(2475, 83, 2817, t1) & (103, 46, 2475, t2=t1+(0, 2)) -> (2475, 46, 2475, t3=t2+(1, 4))	2	97
(220, 72, 3976, t1) & (288, 153, 220, t2=t1+(0, 6)) -> (3976, 153, 288, t3=t2+(1, 7))	2	98
(4081, 44, 1878, t1) & (4081, 33, 4081, t2=t1+(0, 9)) -> (1878, 44, 4081, t3=t2+(1, 8))	2	99
(1948, 198, 4570, t1) & (837, 185, 4570, t2=t1+(0, 5)) -> (1948, 198, 1948, t3=t2+(1, 4))	2	100
(3915, 116, 2661, t1) & (3915, 86, 3915, t2=t1+(0, 3)) -> (3915, 86, 3915, t3=t2+(1, 4))	2	101
(3533, 11, 1257, t1) & (3533, 67, 3533, t2=t1+(0, 3)) -> (3533, 67, 1257, t3=t2+(1, 5))	2	102
(3264, 165, 1059, t1) & (1059, 144, 3498, t2=t1+(0, 5)) -> (1059, 144, 1059, t3=t2+(1, 1))	2	103
(2315, 130, 1000, t1) & (4419, 112, 2315, t2=t1+(0, 8)) -> (2315, 112, 4419, t3=t2+(1, 9))	2	104
(1553, 65, 591, t1) & (591, 131, 591, t2=t1+(0, 6)) -> (591, 65, 591, t3=t2+(1, 4))	2	105
(2191, 173, 3080, t1) & (3080, 19, 2191, t2=t1+(0, 6)) -> (3080, 173, 3080, t3=t2+(1, 8))	2	106
(3332, 123, 2945, t1) & (3332, 28, 3332, t2=t1+(0, 4)) -> (3332, 123, 3332, t3=t2+(1, 2))	2	107
(1589, 166, 2663, t1) & (2663, 61, 1141, t2=t1+(0, 4)) -> (1589, 61, 2663, t3=t2+(1, 7))	2	108
(139, 142, 1488, t1) & (1488, 19, 1488, t2=t1+(0, 4)) -> (139, 19, 1488, t3=t2+(1, 3))	2	109
(1182, 112, 2309, t1) & (2309, 150, 2309, t2=t1+(0, 3)) -> (1182, 150, 2309, t3=t2+(1, 5))	2	110
(3703, 148, 6, t1) & (3162, 79, 6, t2=t1+(0, 7)) -> (3162, 148, 6, t3=t2+(1, 2))	2	111
(989, 38, 2084, t1) & (989, 156, 989, t2=t1+(0, 8)) -> (2084, 156, 2084, t3=t2+(1, 4))	2	112
(3310, 24, 970, t1) & (3310, 49, 3028, t2=t1+(0, 7)) -> (3310, 24, 3310, t3=t2+(1, 7))	2	113
(1222, 139, 495, t1) & (2245, 71, 495, t2=t1+(0, 2)) -> (2245, 139, 1222, t3=t2+(1, 4))	2	114
(1490, 168, 2046, t1) & (2641, 118, 1490, t2=t1+(0, 4)) -> (2046, 118, 1490, t3=t2+(1, 3))	2	115
(1551, 151, 382, t1) & (1551, 141, 382, t2=t1+(0, 5)) -> (382, 141, 1551, t3=t2+(1, 4))	2	116
(1562, 45, 879, t1) & (2337, 57, 1562, t2=t1+(0, 4)) -> (879, 45, 1562, t3=t2+(1, 5))	2	117
(4393, 125, 197, t1) & (4393, 167, 197, t2=t1+(0, 1)) -> (197, 125, 197, t3=t2+(1, 7))	2	118
(2480, 187, 3057, t1) & (3057, 19, 3057, t2=t1+(0, 4)) -> (3057, 19, 3057, t3=t2+(1, 6))	2	119
(2552, 104, 4987, t1) & (2552, 97, 2007, t2=t1+(0, 2)) -> (2552, 104, 2007, t3=t2+(1, 9))	2	120
(503, 124, 3473, t1) & (4462, 140, 503, t2=t1+(0, 7)) -> (4462, 124, 503, t3=t2+(1, 7))	2	121
(2959, 167, 556, t1) & (556, 183, 556, t2=t1+(0, 2)) -> (2959, 183, 556, t3=t2+(1, 5))	2	122
(4883, 10, 4989, t1) & (4989, 130, 4989, t2=t1+(0, 6)) -> (4989, 10, 4883, t3=t2+(1, 6))	2	123
(2039, 53, 1774, t1) & (2039, 169, 2039, t2=t1+(0, 8)) -> (2039, 169, 2039, t3=t2+(1, 1))	2	124
(1789, 107, 893, t1) -> (893, 107, 1789, t2=t1+(1, 5))	1	125
(2702, 88, 3482, t1) -> (3482, 88, 3482, t2=t1+(1, 3))	1	126
(1955, 198, 2522, t1) -> (2522, 198, 1955, t2=t1+(1, 4))	1	127
(864, 54, 1617, t1) -> (864, 54, 864, t2=t1+(1, 5))	1	128
(2213, 179, 1849, t1) -> (2213, 179, 2213, t2=t1+(1, 2))	1	129
(2214, 195, 2616, t1) -> (2616, 195, 2616, t2=t1+(1, 3))	1	130
(4724, 35, 2729, t1) -> (4724, 35, 4724, t2=t1+(1, 5))	1	131
(3167, 2, 3392, t1) -> (3167, 2, 3392, t2=t1+(1, 5))	1	132
(2138, 2, 4424, t1) -> (4424, 2, 4424, t2=t1+(1, 3))	1	133
(450, 163, 2484, t1) -> (2484, 163, 2484, t2=t1+(1, 5))	1	134
(147, 115, 381, t1) -> (147, 115, 381, t2=t1+(1, 2))	1	135
(3022, 56, 1029, t1) -> (3022, 56, 1029, t2=t1+(1, 1))	1	136
(3109, 5, 989, t1) -> (3109, 5, 989, t2=t1+(1, 5))	1	137
(3747, 64, 3375, t1) -> (3747, 64, 3747, t2=t1+(1, 3))	1	138
(2183, 14, 2125, t1) -> (2183, 14, 2183, t2=t1+(1, 5))	1	139
(3969, 165, 1674, t1) -> (1674, 165, 1674, t2=t1+(1, 2))	1	140
(4064, 1, 3239, t1) -> (4064, 1, 3239, t2=t1+(1, 4))	1	141
(7, 105, 1055, t1) -> (7, 105, 1055, t2=t1+(1, 6))	1	142
(3376, 192, 417, t1) -> (3376, 192, 3376, t2=t1+(1, 8))	1	143
(746, 104, 2808, t1) -> (746, 104, 2808, t2=t1+(1, 4))	1	144
(675, 38, 1412, t1) -> (1412, 38, 675, t2=t1+(1, 3))	1	145
(2691, 181, 3564, t1) -> (2691, 181, 3564, t2=t1+(1, 6))	1	146
(1182, 162, 847, t1) -> (1182, 162, 847, t2=t1+(1, 7))	1	147
(4034, 122, 2399, t1) -> (2399, 122, 4034, t2=t1+(1, 7))	1	148
(3064, 42, 636, t1) -> (3064, 42, 636, t2=t1+(1, 4))	1	149
(144, 161, 4028, t1) -> (144, 161, 144, t2=t1+(1, 4))	1	150
(4354, 158, 4783, t1) -> (4783, 158, 4783, t2=t1+(1, 6))	1	151
(3740, 80, 4020, t1) -> (3740, 80, 4020, t2=t1+(1, 3))	1	152
(3057, 132, 4454, t1) -> (4454, 132, 3057, t2=t1+(1, 1))	1	153
(4761, 45, 2740, t1) -> (4761, 45, 4761, t2=t1+(1, 2))	1	154
(4457, 37, 3810, t1) -> (4457, 37, 3810, t2=t1+(1, 3))	1	155
(521, 150, 2715, t1) -> (521, 150, 2715, t2=t1+(1, 5))	1	156
(848, 132, 64, t1) -> (64, 132, 848, t2=t1+(1, 2))	1	157
(3810, 140, 2030, t1) -> (3810, 140, 3810, t2=t1+(1, 1))	1	158
(3310, 90, 4781, t1) -> (4781, 90, 3310, t2=t1+(1, 2))	1	159
(3487, 10, 2059, t1) -> (3487, 10, 2059, t2=t1+(1, 8))	1	160
(4504, 44, 4911, t1) -> (4911, 44, 4911, t2=t1+(1, 1))	1	161
(1477, 70, 3685, t1) -> (1477, 70, 1477, t2=t1+(1, 5))	1	162
(1978, 6, 4471, t1) -> (4471, 6, 4471, t2=t1+(1, 6))	1	163
(4731, 29, 105, t1) -> (4731, 29, 105, t2=t1+(1, 5))	1	164
(4657, 50, 4307, t1) -> (4657, 50, 4307, t2=t1+(1, 5))	1	165
(960, 133, 2258, t1) -> (2258, 133, 2258, t2=t1+(1, 9))	1	166
(462, 136, 2578, t1) -> (462, 136, 2578, t2=t1+(1, 1))	1	167
(695, 131, 1394, t1) -> (1394, 131, 695, t2=t1+(1, 5))	1	168
(4272, 139, 1387, t1) -> (4272, 139, 1387, t2=t1+(1, 10))	1	169
(2824, 93, 2935, t1) -> (2935, 93, 2824, t2=t1+(1, 5))	1	170
(31, 130, 1446, t1) -> (31, 130, 31, t2=t1+(1, 3))	1	171
(882, 191, 18, t1) -> (882, 191, 18, t2=t1+(1, 7))	1	172
(4733, 36, 3190, t1) -> (4733, 36, 4733, t2=t1+(1, 5))	1	173
(117, 17, 1070, t1) -> (117, 17, 117, t2=t1+(1, 4))	1	174
(4851, 101, 390, t1) -> (390, 101, 390, t2=t1+(1, 5))	1	175
(2550, 11, 2026, t1) -> (2550, 11, 2026, t2=t1+(1, 4))	1	176
(3189, 176, 1759, t1) -> (1759, 176, 3189, t2=t1+(1, 8))	1	177
(141, 41, 2982, t1) -> (141, 41, 2982, t2=t1+(1, 5))	1	178
(1220, 190, 2633, t1) -> (1220, 190, 1220, t2=t1+(1, 8))	1	179
(4092, 194, 4987, t1) -> (4987, 194, 4092, t2=t1+(1, 2))	1	180
(4639, 14, 3439, t1) -> (4639, 14, 3439, t2=t1+(1, 8))	1	181
(3535, 174, 4055, t1) -> (3535, 174, 4055, t2=t1+(1, 6))	1	182
(1553, 128, 3302, t1) -> (3302, 128, 1553, t2=t1+(1, 5))	1	183
(3236, 66, 3984, t1) -> (3236, 66, 3984, t2=t1+(1, 4))	1	184
(3090, 134, 3489, t1) -> (3090, 134, 3489, t2=t1+(1, 3))	1	185
(2605, 58, 3221, t1) -> (3221, 58, 3221, t2=t1+(1, 5))	1	186
(4833, 90, 4723, t1) -> (4723, 90, 4833, t2=t1+(1, 3))	1	187
(3598, 171, 2133, t1) -> (2133, 171, 3598, t2=t1+(1, 9))	1	188
(376, 30, 661, t1) -> (661, 30, 376, t2=t1+(1, 3))	1	189
(2351, 155, 622, t1) -> (622, 155, 2351, t2=t1+(1, 5))	1	190
(226, 132, 1156, t1) -> (1156, 132, 226, t2=t1+(1, 6))	1	191
(1907, 64, 1236, t1) -> (1907, 64, 1236, t2=t1+(1, 6))	1	192
(3389, 73, 4286, t1) -> (4286, 73, 3389, t2=t1+(1, 9))	1	193
(516, 163, 3674, t1) -> (3674, 163, 3674, t2=t1+(1, 10))	1	194
(2789, 124, 2449, t1) -> (2789, 124, 2789, t2=t1+(1, 5))	1	195
(3826, 194, 670, t1) -> (670, 194, 3826, t2=t1+(1, 3))	1	196
(2333, 95, 3297, t1) -> (3297, 95, 3297, t2=t1+(1, 3))	1	197
(998, 158, 3470, t1) -> (998, 158, 998, t2=t1+(1, 7))	1	198
(4293, 191, 1160, t1) -> (4293, 191, 4293, t2=t1+(1, 6))	1	199
(4279, 96, 2980, t1) -> (4279, 96, 2980, t2=t1+(1, 3))	1	200
(1181, 140, 1613, t1) -> (1613, 140, 1613, t2=t1+(1, 9))	1	201
(1949, 62, 11, t1) -> (11, 62, 1949, t2=t1+(1, 8))	1	202
(4639, 17, 3748, t1) -> (4639, 17, 4639, t2=t1+(1, 4))	1	203
(4645, 62, 2675, t1) -> (4645, 62, 4645, t2=t1+(1, 5))	1	204
(2263, 63, 1164, t1) -> (1164, 63, 1164, t2=t1+(1, 3))	1	205
(2160, 132, 1268, t1) -> (1268, 132, 2160, t2=t1+(1, 3))	1	206
(3178, 119, 4938, t1) -> (3178, 119, 3178, t2=t1+(1, 6))	1	207
(4215, 121, 4891, t1) -> (4891, 121, 4215, t2=t1+(1, 8))	1	208
(2454, 174, 2321, t1) -> (2454, 174, 2454, t2=t1+(1, 6))	1	209
(4290, 33, 1513, t1) -> (4290, 33, 4290, t2=t1+(1, 6))	1	210
(1343, 114, 2165, t1) -> (1343, 114, 2165, t2=t1+(1, 3))	1	211
(3937, 187, 2643, t1) -> (3937, 187, 2643, t2=t1+(1, 4))	1	212
(4406, 84, 3112, t1) -> (4406, 84, 3112, t2=t1+(1, 3))	1	213
(698, 122, 3504, t1) -> (3504, 122, 3504, t2=t1+(1, 3))	1	214
(2764, 114, 4317, t1) -> (4317, 114, 2764, t2=t1+(1, 3))	1	215
(3688, 9, 3250, t1) -> (3688, 9, 3250, t2=t1+(1, 2))	1	216
(3538, 196, 4250, t1) -> (3538, 196, 4250, t2=t1+(1, 3))	1	217
(4005, 105, 4568, t1) -> (4005, 105, 4568, t2=t1+(1, 3))	1	218
(2164, 113, 1423, t1) -> (2164, 113, 2164, t2=t1+(1, 5))	1	219
(4960, 105, 4591, t1) -> (4591, 105, 4591, t2=t1+(1, 3))	1	220
(1401, 100, 2858, t1) -> (2858, 100, 1401, t2=t1+(1, 6))	1	221
(3496, 7, 2895, t1) -> (3496, 7, 3496, t2=t1+(1, 4))	1	222
(2148, 108, 2790, t1) -> (2790, 108, 2148, t2=t1+(1, 7))	1	223
(3169, 181, 1608, t1) -> (3169, 181, 1608, t2=t1+(1, 1))	1	224
(3385, 189, 4403, t1) -> (3385, 189, 4403, t2=t1+(1, 8))	1	225
(2029, 113, 4431, t1) -> (4431, 113, 2029, t2=t1+(1, 6))	1	226
(236, 136, 3880, t1) -> (236, 136, 3880, t2=t1+(1, 5))	1	227
(4743, 141, 1579, t1) -> (4743, 141, 4743, t2=t1+(1, 5))	1	228
(4831, 163, 125, t1) -> (4831, 163, 4831, t2=t1+(1, 7))	1	229
(3828, 62, 3581, t1) -> (3581, 62, 3828, t2=t1+(1, 4))	1	230
(1373, 67, 2787, t1) -> (2787, 67, 2787, t2=t1+(1, 3))	1	231
(2264, 190, 4780, t1) -> (2264, 190, 2264, t2=t1+(1, 6))	1	232
(4715, 13, 3229, t1) -> (4715, 13, 3229, t2=t1+(1, 4))	1	233
(4891, 138, 1517, t1) -> (4891, 138, 4891, t2=t1+(1, 6))	1	234
(3618, 104, 44, t1) -> (3618, 104, 44, t2=t1+(1, 6))	1	235
(3195, 84, 1797, t1) -> (1797, 84, 3195, t2=t1+(1, 7))	1	236
(2049, 71, 1646, t1) -> (2049, 71, 1646, t2=t1+(1, 8))	1	237
(4101, 49, 3541, t1) -> (4101, 49, 3541, t2=t1+(1, 4))	1	238
(869, 3, 51, t1) -> (51, 3, 869, t2=t1+(1, 4))	1	239
(3067, 23, 3853, t1) -> (3067, 23, 3853, t2=t1+(1, 5))	1	240
(436, 8, 4283, t1) -> (436, 8, 436, t2=t1+(1, 8))	1	241
(2536, 8, 2089, t1) -> (2536, 8, 2536, t2=t1+(1, 7))	1	242
(4374, 64, 2548, t1) -> (4374, 64, 2548, t2=t1+(1, 6))	1	243
(2171, 37, 1768, t1) -> (2171, 37, 2171, t2=t1+(1, 5))	1	244
(2523, 114, 1000, t1) -> (1000, 114, 1000, t2=t1+(1, 9))	1	245
(505, 48, 1101, t1) -> (1101, 48, 505, t2=t1+(1, 6))	1	246
(2086, 132, 3416, t1) -> (3416, 132, 2086, t2=t1+(1, 5))	1	247
(2986, 100, 4565, t1) -> (2986, 100, 2986, t2=t1+(1, 3))	1	248
(998, 61, 890, t1) -> (890, 61, 998, t2=t1+(1, 9))	1	249
(2216, 48, 1058, t1) -> (1058, 48, 1058, t2=t1+(1, 6))	1	250
(3846, 187, 3676, t1) -> (3846, 187, 3846, t2=t1+(1, 3))	1	251
(945, 184, 1954, t1) -> (1954, 184, 945, t2=t1+(1, 6))	1	252
(4856, 30, 4371, t1) -> (4856, 30, 4371, t2=t1+(1, 6))	1	253
(3508, 13, 3434, t1) -> (3508, 13, 3508, t2=t1+(1, 5))	1	254
(3865, 21, 2408, t1) -> (3865, 21, 2408, t2=t1+(1, 3))	1	255
(697, 6, 3562, t1) -> (3562, 6, 697, t2=t1+(1, 4))	1	256
(2205, 82, 2575, t1) -> (2205, 82, 2205, t2=t1+(1, 1))	1	257
(4611, 53, 4668, t1) -> (4668, 53, 4611, t2=t1+(1, 6))	1	258
(449, 142, 3026, t1) -> (449, 142, 449, t2=t1+(1, 6))	1	259
(1344, 155, 1728, t1) -> (1728, 155, 1344, t2=t1+(1, 3))	1	260
(1057, 9, 2394, t1) -> (2394, 9, 1057, t2=t1+(1, 4))	1	261
(70, 56, 2801, t1) -> (70, 56, 70, t2=t1+(1, 5))	1	262
(1143, 28, 3119, t1) -> (1143, 28, 3119, t2=t1+(1, 5))	1	263
(1849, 171, 4842, t1) -> (4842, 171, 1849, t2=t1+(1, 4))	1	264
(4709, 79, 2344, t1) -> (4709, 79, 4709, t2=t1+(1, 2))	1	265
(3336, 84, 835, t1) -> (835, 84, 835, t2=t1+(1, 1))	1	266
(3537, 158, 4643, t1) -> (4643, 158, 4643, t2=t1+(1, 7))	1	267
(3316, 120, 1087, t1) -> (3316, 120, 1087, t2=t1+(1, 5))	1	268
(1884, 112, 1239, t1) -> (1239, 112, 1884, t2=t1+(1, 5))	1	269
(1480, 137, 4003, t1) -> (1480, 137, 1480, t2=t1+(1, 4))	1	270
(2763, 32, 3263, t1) -> (2763, 32, 2763, t2=t1+(1, 1))	1	271
(2963, 65, 2444, t1) -> (2444, 65, 2444, t2=t1+(1, 3))	1	272
(4083, 148, 4977, t1) -> (4083, 148, 4977, t2=t1+(1, 4))	1	273
(2400, 149, 1154, t1) -> (2400, 149, 2400, t2=t1+(1, 5))	1	274
(1479, 18, 4021, t1) -> (1479, 18, 1479, t2=t1+(1, 7))	1	275
(3739, 133, 3283, t1) -> (3283, 133, 3283, t2=t1+(1, 5))	1	276
(2653, 143, 4530, t1) -> (4530, 143, 4530, t2=t1+(1, 5))	1	277
(2272, 122, 3995, t1) -> (3995, 122, 2272, t2=t1+(1, 9))	1	278
(3839, 94, 3892, t1) -> (3892, 94, 3892, t2=t1+(1, 5))	1	279
(34, 78, 811, t1) -> (34, 78, 811, t2=t1+(1, 3))	1	280
(2906, 55, 2367, t1) -> (2367, 55, 2906, t2=t1+(1, 5))	1	281
(3272, 144, 4629, t1) -> (4629, 144, 3272, t2=t1+(1, 3))	1	282
(2799, 88, 4066, t1) -> (2799, 88, 4066, t2=t1+(1, 5))	1	283
(1937, 74, 4497, t1) -> (4497, 74, 1937, t2=t1+(1, 7))	1	284
(3240, 146, 3036, t1) -> (3036, 146, 3240, t2=t1+(1, 7))	1	285
(140, 78, 4830, t1) -> (140, 78, 4830, t2=t1+(1, 5))	1	286
(1311, 87, 808, t1) -> (808, 87, 808, t2=t1+(1, 5))	1	287
(282, 17, 1123, t1) -> (282, 17, 1123, t2=t1+(1, 3))	1	288
(4518, 142, 2337, t1) -> (4518, 142, 4518, t2=t1+(1, 4))	1	289
(1879, 169, 1055, t1) -> (1879, 169, 1055, t2=t1+(1, 6))	1	290
(1358, 7, 4348, t1) -> (4348, 7, 1358, t2=t1+(1, 5))	1	291
(4877, 68, 355, t1) -> (4877, 68, 355, t2=t1+(1, 4))	1	292
(1348, 28, 4530, t1) -> (1348, 28, 4530, t2=t1+(1, 5))	1	293
(3038, 63, 2791, t1) -> (2791, 63, 3038, t2=t1+(1, 4))	1	294
(3918, 20, 1463, t1) -> (1463, 20, 1463, t2=t1+(1, 2))	1	295
(3148, 185, 2045, t1) -> (3148, 185, 2045, t2=t1+(1, 4))	1	296
(2466, 165, 198, t1) -> (2466, 165, 198, t2=t1+(1, 3))	1	297
(3835, 18, 1375, t1) -> (3835, 18, 3835, t2=t1+(1, 2))	1	298
(451, 5, 4369, t1) -> (451, 5, 4369, t2=t1+(1, 6))	1	299
(1891, 129, 2130, t1) -> (1891, 129, 1891, t2=t1+(1, 7))	1	300
(791, 138, 3820, t1) -> (791, 138, 791, t2=t1+(1, 5))	1	301
(1699, 113, 2227, t1) -> (1699, 113, 1699, t2=t1+(1, 3))	1	302
(3475, 26, 2297, t1) -> (3475, 26, 3475, t2=t1+(1, 6))	1	303
(2088, 40, 936, t1) -> (936, 40, 936, t2=t1+(1, 6))	1	304
(1241, 52, 33, t1) -> (1241, 52, 1241, t2=t1+(1, 10))	1	305
(4876, 164, 4172, t1) -> (4172, 164, 4876, t2=t1+(1, 6))	1	306
(3114, 102, 2170, t1) -> (3114, 102, 3114, t2=t1+(1, 5))	1	307
(4469, 190, 4668, t1) -> (4668, 190, 4668, t2=t1+(1, 6))	1	308
(4042, 37, 2779, t1) -> (2779, 37, 2779, t2=t1+(1, 6))	1	309
(4071, 49, 4332, t1) -> (4071, 49, 4071, t2=t1+(1, 1))	1	310
(2276, 139, 201, t1) -> (201, 139, 2276, t2=t1+(1, 3))	1	311
(2433, 64, 1096, t1) -> (1096, 64, 2433, t2=t1+(1, 8))	1	312
(1398, 123, 4644, t1) -> (4644, 123, 4644, t2=t1+(1, 7))	1	313
(1911, 42, 4596, t1) -> (1911, 42, 1911, t2=t1+(1, 4))	1	314
(911, 40, 3807, t1) -> (3807, 40, 3807, t2=t1+(1, 5))	1	315
(2800, 175, 801, t1) -> (2800, 175, 801, t2=t1+(1, 4))	1	316
(4144, 185, 2885, t1) -> (4144, 185, 2885, t2=t1+(1, 7))	1	317
(3825, 114, 2569, t1) -> (2569, 114, 3825, t2=t1+(1, 6))	1	318
(4500, 17, 3611, t1) -> (4500, 17, 4500, t2=t1+(1, 4))	1	319
(4540, 50, 3456, t1) -> (3456, 50, 3456, t2=t1+(1, 4))	1	320
(1621, 8, 3680, t1) -> (3680, 8, 3680, t2=t1+(1, 1))	1	321
(727, 149, 4287, t1) -> (4287, 149, 4287, t2=t1+(1, 3))	1	322
(1564, 66, 4913, t1) -> (4913, 66, 1564, t2=t1+(1, 6))	1	323
(1885, 142, 995, t1) -> (1885, 142, 995, t2=t1+(1, 5))	1	324
(4840, 153, 1487, t1) -> (4840, 153, 4840, t2=t1+(1, 3))	1	325
(713, 146, 3983, t1) -> (3983, 146, 3983, t2=t1+(1, 7))	1	326
(1681, 13, 4767, t1) -> (4767, 13, 4767, t2=t1+(1, 5))	1	327
(1401, 166, 3660, t1) -> (1401, 166, 3660, t2=t1+(1, 8))	1	328
(892, 118, 2486, t1) -> (892, 118, 892, t2=t1+(1, 8))	1	329
(2398, 103, 3820, t1) -> (2398, 103, 3820, t2=t1+(1, 6))	1	330
(3251, 22, 4228, t1) -> (3251, 22, 4228, t2=t1+(1, 4))	1	331
(1921, 165, 408, t1) -> (1921, 165, 1921, t2=t1+(1, 1))	1	332
(4174, 62, 942, t1) -> (942, 62, 4174, t2=t1+(1, 1))	1	333
(1089, 165, 1702, t1) -> (1089, 165, 1702, t2=t1+(1, 4))	1	334
(4775, 165, 1053, t1) -> (1053, 165, 4775, t2=t1+(1, 6))	1	335
(2924, 161, 1115, t1) -> (2924, 161, 2924, t2=t1+(1, 7))	1	336
(3401, 182, 979, t1) -> (3401, 182, 3401, t2=t1+(1, 5))	1	337
(20, 42, 2027, t1) -> (2027, 42, 20, t2=t1+(1, 2))	1	338
(1381, 169, 3463, t1) -> (3463, 169, 3463, t2=t1+(1, 6))	1	339
(1260, 149, 999, t1) -> (1260, 149, 999, t2=t1+(1, 7))	1	340
(2279, 56, 2477, t1) -> (2477, 56, 2477, t2=t1+(1, 3))	1	341
(2042, 105, 4068, t1) -> (2042, 105, 2042, t2=t1+(1, 7))	1	342
(2924, 17, 2993, t1) -> (2924, 17, 2924, t2=t1+(1, 5))	1	343
(3021, 109, 540, t1) -> (3021, 109, 540, t2=t1+(1, 2))	1	344
(591, 70, 4071, t1) -> (591, 70, 591, t2=t1+(1, 2))	1	345
(4333, 144, 1592, t1) -> (4333, 144, 1592, t2=t1+(1, 6))	1	346
(4761, 158, 3006, t1) -> (4761, 158, 3006, t2=t1+(1, 4))	1	347
(147, 139, 2129, t1) -> (2129, 139, 147, t2=t1+(1, 8))	1	348
(2591, 27, 3193, t1) -> (3193, 27, 2591, t2=t1+(1, 4))	1	349
(4914, 156, 1529, t1) -> (4914, 156, 4914, t2=t1+(1, 5))	1	350
(274, 83, 166, t1) -> (166, 83, 166, t2=t1+(1, 3))	1	351
(4136, 188, 758, t1) -> (758, 188, 4136, t2=t1+(1, 6))	1	352
(4431, 6, 2066, t1) -> (2066, 6, 2066, t2=t1+(1, 9))	1	353
(2600, 56, 3146, t1) -> (2600, 56, 3146, t2=t1+(1, 8))	1	354
(2856, 193, 1602, t1) -> (2856, 193, 2856, t2=t1+(1, 4))	1	355
(1453, 164, 2412, t1) -> (2412, 164, 1453, t2=t1+(1, 2))	1	356
(305, 94, 2424, t1) -> (305, 94, 305, t2=t1+(1, 4))	1	357
(651, 27, 2569, t1) -> (2569, 27, 2569, t2=t1+(1, 1))	1	358
(1189, 54, 3185, t1) -> (1189, 54, 1189, t2=t1+(1, 8))	1	359
(2703, 182, 1442, t1) -> (1442, 182, 2703, t2=t1+(1, 4))	1	360
(4944, 50, 2080, t1) -> (4944, 50, 2080, t2=t1+(1, 2))	1	361
(3384, 73, 1804, t1) -> (3384, 73, 3384, t2=t1+(1, 3))	1	362
(3648, 49, 339, t1) -> (3648, 49, 339, t2=t1+(1, 5))	1	363
(2266, 78, 3225, t1) -> (3225, 78, 3225, t2=t1+(1, 4))	1	364
(3080, 130, 1981, t1) -> (1981, 130, 1981, t2=t1+(1, 5))	1	365
(801, 17, 1541, t1) -> (801, 17, 801, t2=t1+(1, 3))	1	366
(2723, 136, 1712, t1) -> (2723, 136, 1712, t2=t1+(1, 1))	1	367
(2809, 169, 1557, t1) -> (1557, 169, 2809, t2=t1+(1, 7))	1	368
(3388, 153, 1401, t1) -> (1401, 153, 3388, t2=t1+(1, 8))	1	369
(254, 39, 2619, t1) -> (254, 39, 254, t2=t1+(1, 6))	1	370
(1407, 39, 2624, t1) -> (1407, 39, 1407, t2=t1+(1, 4))	1	371
(4544, 18, 226, t1) -> (4544, 18, 4544, t2=t1+(1, 10))	1	372
(3300, 180, 30, t1) -> (3300, 180, 3300, t2=t1+(1, 6))	1	373
(4753, 31, 2831, t1) -> (2831, 31, 4753, t2=t1+(1, 4))	1	374
(2226, 176, 64, t1) -> (2226, 176, 2226, t2=t1+(1, 7))	1	375
(624, 13, 3660, t1) -> (3660, 13, 3660, t2=t1+(1, 4))	1	376
(1763, 10, 1991, t1) -> (1763, 10, 1991, t2=t1+(1, 6))	1	377
(3075, 21, 1161, t1) -> (1161, 21, 1161, t2=t1+(1, 4))	1	378
(887, 139, 468, t1) -> (468, 139, 468, t2=t1+(1, 9))	1	379
(3120, 50, 1630, t1) -> (1630, 50, 1630, t2=t1+(1, 5))	1	380
(4897, 37, 975, t1) -> (4897, 37, 4897, t2=t1+(1, 4))	1	381
(3055, 177, 4848, t1) -> (3055, 177, 3055, t2=t1+(1, 1))	1	382
(3981, 194, 4782, t1) -> (4782, 194, 4782, t2=t1+(1, 8))	1	383
(2616, 69, 124, t1) -> (2616, 69, 2616, t2=t1+(1, 5))	1	384
(4957, 122, 3001, t1) -> (3001, 122, 3001, t2=t1+(1, 6))	1	385
(736, 22, 1461, t1) -> (1461, 22, 736, t2=t1+(1, 3))	1	386
(737, 14, 4669, t1) -> (4669, 14, 4669, t2=t1+(1, 3))	1	387
(118, 174, 4235, t1) -> (4235, 174, 4235, t2=t1+(1, 4))	1	388
(3409, 193, 27, t1) -> (27, 193, 27, t2=t1+(1, 4))	1	389
(1753, 194, 3553, t1) -> (1753, 194, 1753, t2=t1+(1, 6))	1	390
(4420, 69, 1051, t1) -> (4420, 69, 4420, t2=t1+(1, 6))	1	391
(3987, 177, 3326, t1) -> (3326, 177, 3987, t2=t1+(1, 5))	1	392
(379, 32, 4015, t1) -> (4015, 32, 379, t2=t1+(1, 6))	1	393
(4300, 119, 1166, t1) -> (4300, 119, 1166, t2=t1+(1, 1))	1	394
(4898, 111, 4221, t1) -> (4898, 111, 4898, t2=t1+(1, 9))	1	395
(2645, 11, 2850, t1) -> (2850, 11, 2645, t2=t1+(1, 3))	1	396
(938, 91, 951, t1) -> (938, 91, 938, t2=t1+(1, 6))	1	397
(1175, 66, 3734, t1) -> (3734, 66, 1175, t2=t1+(1, 6))	1	398
(4454, 163, 4497, t1) -> (4454, 163, 4454, t2=t1+(1, 5))	1	399
(4610, 126, 2370, t1) -> (4610, 126, 4610, t2=t1+(1, 5))	1	400
(3605, 104, 3168, t1) -> (3605, 104, 3605, t2=t1+(1, 2))	1	401
(3380, 101, 4269, t1) -> (3380, 101, 3380, t2=t1+(1, 6))	1	402
(110, 2, 4042, t1) -> (4042, 2, 4042, t2=t1+(1, 5))	1	403
(3609, 62, 3503, t1) -> (3609, 62, 3503, t2=t1+(1, 6))	1	404
(1813, 69, 530, t1) -> (530, 69, 1813, t2=t1+(1, 4))	1	405
(1037, 180, 872, t1) -> (872, 180, 872, t2=t1+(1, 4))	1	406
(2153, 115, 887, t1) -> (887, 115, 887, t2=t1+(1, 3))	1	407
(773, 143, 213, t1) -> (213, 143, 213, t2=t1+(1, 5))	1	408
(2777, 92, 4413, t1) -> (2777, 92, 2777, t2=t1+(1, 6))	1	409
(1131, 51, 2004, t1) -> (1131, 51, 1131, t2=t1+(1, 3))	1	410
(1272, 45, 4715, t1) -> (1272, 45, 4715, t2=t1+(1, 3))	1	411
(955, 119, 3841, t1) -> (3841, 119, 955, t2=t1+(1, 5))	1	412
(4948, 116, 1334, t1) -> (4948, 116, 1334, t2=t1+(1, 4))	1	413
(98, 146, 1700, t1) -> (1700, 146, 1700, t2=t1+(1, 3))	1	414
(4773, 69, 511, t1) -> (511, 69, 4773, t2=t1+(1, 6))	1	415
(4657, 111, 416, t1) -> (4657, 111, 416, t2=t1+(1, 3))	1	416
(1702, 98, 2617, t1) -> (1702, 98, 2617, t2=t1+(1, 4))	1	417
(2986, 13, 1244, t1) -> (1244, 13, 1244, t2=t1+(1, 3))	1	418
(1882, 192, 2763, t1) -> (1882, 192, 1882, t2=t1+(1, 6))	1	419
(217, 185, 3585, t1) -> (217, 185, 217, t2=t1+(1, 5))	1	420
(3910, 167, 4880, t1) -> (4880, 167, 4880, t2=t1+(1, 7))	1	421
(3586, 100, 2341, t1) -> (3586, 100, 2341, t2=t1+(1, 2))	1	422
(1657, 187, 2636, t1) -> (2636, 187, 2636, t2=t1+(1, 4))	1	423
(2232, 54, 1578, t1) -> (2232, 54, 1578, t2=t1+(1, 7))	1	424
(1509, 165, 526, t1) -> (526, 165, 1509, t2=t1+(1, 9))	1	425
(2231, 79, 2112, t1) -> (2112, 79, 2112, t2=t1+(1, 3))	1	426
(3151, 133, 3668, t1) -> (3151, 133, 3668, t2=t1+(1, 6))	1	427
(4655, 37, 3942, t1) -> (3942, 37, 3942, t2=t1+(1, 5))	1	428
(1765, 66, 1452, t1) -> (1452, 66, 1765, t2=t1+(1, 6))	1	429
(1053, 82, 3920, t1) -> (1053, 82, 1053, t2=t1+(1, 5))	1	430
(1728, 127, 1676, t1) -> (1676, 127, 1728, t2=t1+(1, 5))	1	431
(848, 61, 1223, t1) -> (848, 61, 1223, t2=t1+(1, 4))	1	432
(2637, 131, 2017, t1) -> (2017, 131, 2017, t2=t1+(1, 5))	1	433
(1605, 26, 1950, t1) -> (1605, 26, 1605, t2=t1+(1, 7))	1	434
(2593, 59, 2356, t1) -> (2593, 59, 2356, t2=t1+(1, 3))	1	435
(4499, 4, 4461, t1) -> (4461, 4, 4499, t2=t1+(1, 5))	1	436
(1162, 99, 3245, t1) -> (3245, 99, 1162, t2=t1+(1, 7))	1	437
(499, 152, 2033, t1) -> (499, 152, 2033, t2=t1+(1, 4))	1	438
(2615, 83, 3421, t1) -> (2615, 83, 2615, t2=t1+(1, 4))	1	439
(1831, 16, 3641, t1) -> (1831, 16, 1831, t2=t1+(1, 2))	1	440
(2881, 94, 476, t1) -> (476, 94, 2881, t2=t1+(1, 3))	1	441
(4245, 129, 3178, t1) -> (3178, 129, 3178, t2=t1+(1, 8))	1	442
(4144, 127, 3503, t1) -> (3503, 127, 3503, t2=t1+(1, 3))	1	443
(1639, 197, 2308, t1) -> (2308, 197, 2308, t2=t1+(1, 5))	1	444
(888, 43, 3529, t1) -> (888, 43, 3529, t2=t1+(1, 6))	1	445
(3046, 36, 4978, t1) -> (3046, 36, 3046, t2=t1+(1, 9))	1	446
(2121, 128, 4728, t1) -> (2121, 128, 4728, t2=t1+(1, 4))	1	447
(1583, 196, 4320, t1) -> (1583, 196, 4320, t2=t1+(1, 3))	1	448
(4621, 30, 1895, t1) -> (1895, 30, 4621, t2=t1+(1, 7))	1	449
(4137, 185, 776, t1) -> (4137, 185, 776, t2=t1+(1, 5))	1	450
(3412, 119, 2767, t1) -> (2767, 119, 3412, t2=t1+(1, 6))	1	451
(1533, 168, 4197, t1) -> (4197, 168, 4197, t2=t1+(1, 7))	1	452
(4522, 54, 2207, t1) -> (4522, 54, 2207, t2=t1+(1, 4))	1	453
(2577, 141, 2000, t1) -> (2577, 141, 2000, t2=t1+(1, 2))	1	454
(3819, 19, 2966, t1) -> (3819, 19, 3819, t2=t1+(1, 2))	1	455
(3235, 88, 4604, t1) -> (4604, 88, 3235, t2=t1+(1, 6))	1	456
(2839, 192, 184, t1) -> (2839, 192, 2839, t2=t1+(1, 2))	1	457
(3116, 187, 414, t1) -> (414, 187, 3116, t2=t1+(1, 11))	1	458
(441, 30, 2707, t1) -> (2707, 30, 441, t2=t1+(1, 5))	1	459
(871, 168, 775, t1) -> (871, 168, 775, t2=t1+(1, 5))	1	460
(3434, 103, 3571, t1) -> (3434, 103, 3571, t2=t1+(1, 5))	1	461
(1989, 100, 1516, t1) -> (1516, 100, 1989, t2=t1+(1, 5))	1	462
(3575, 39, 317, t1) -> (317, 39, 317, t2=t1+(1, 6))	1	463
(3444, 132, 3462, t1) -> (3444, 132, 3444, t2=t1+(1, 4))	1	464
(3993, 97, 3797, t1) -> (3797, 97, 3993, t2=t1+(1, 4))	1	465
(1082, 109, 829, t1) -> (1082, 109, 829, t2=t1+(1, 10))	1	466
(4467, 182, 4536, t1) -> (4536, 182, 4536, t2=t1+(1, 7))	1	467
(4100, 157, 2073, t1) -> (4100, 157, 4100, t2=t1+(1, 2))	1	468
(1372, 6, 3121, t1) -> (3121, 6, 3121, t2=t1+(1, 5))	1	469
(4523, 81, 3735, t1) -> (4523, 81, 4523, t2=t1+(1, 7))	1	470
(450, 54, 3595, t1) -> (3595, 54, 3595, t2=t1+(1, 4))	1	471
(2283, 109, 2149, t1) -> (2283, 109, 2283, t2=t1+(1, 5))	1	472
(4054, 58, 1796, t1) -> (1796, 58, 4054, t2=t1+(1, 3))	1	473
(968, 167, 3716, t1) -> (968, 167, 968, t2=t1+(1, 6))	1	474
(4388, 75, 182, t1) -> (182, 75, 182, t2=t1+(1, 5))	1	475
(752, 106, 4906, t1) -> (4906, 106, 4906, t2=t1+(1, 3))	1	476
(498, 146, 169, t1) -> (169, 146, 498, t2=t1+(1, 7))	1	477
(2078, 54, 149, t1) -> (2078, 54, 149, t2=t1+(1, 6))	1	478
(2162, 62, 1383, t1) -> (1383, 62, 1383, t2=t1+(1, 10))	1	479
(4972, 173, 1709, t1) -> (4972, 173, 1709, t2=t1+(1, 3))	1	480
(2500, 27, 3862, t1) -> (3862, 27, 2500, t2=t1+(1, 5))	1	481
(3504, 96, 4433, t1) -> (3504, 96, 3504, t2=t1+(1, 7))	1	482
(2346, 183, 4217, t1) -> (4217, 183, 2346, t2=t1+(1, 5))	1	483
(3368, 139, 2104, t1) -> (2104, 139, 3368, t2=t1+(1, 10))	1	484
(3002, 162, 807, t1) -> (807, 162, 3002, t2=t1+(1, 3))	1	485
(569, 4, 1512, t1) -> (1512, 4, 1512, t2=t1+(1, 5))	1	486
(4631, 171, 2645, t1) -> (2645, 171, 2645, t2=t1+(1, 7))	1	487
(2170, 103, 1692, t1) -> (2170, 103, 1692, t2=t1+(1, 3))	1	488
(1291, 146, 924, t1) -> (924, 146, 1291, t2=t1+(1, 3))	1	489
(4319, 148, 2178, t1) -> (4319, 148, 4319, t2=t1+(1, 5))	1	490
(1446, 7, 630, t1) -> (1446, 7, 630, t2=t1+(1, 3))	1	491
(2518, 44, 3361, t1) -> (2518, 44, 3361, t2=t1+(1, 4))	1	492
(2324, 94, 3771, t1) -> (2324, 94, 3771, t2=t1+(1, 7))	1	493
(4323, 75, 3649, t1) -> (3649, 75, 4323, t2=t1+(1, 3))	1	494
(2066, 115, 4643, t1) -> (4643, 115, 2066, t2=t1+(1, 2))	1	495
(2577, 16, 1028, t1) -> (2577, 16, 2577, t2=t1+(1, 9))	1	496
(129, 112, 3821, t1) -> (3821, 112, 3821, t2=t1+(1, 5))	1	497
(3599, 7, 881, t1) -> (881, 7, 3599, t2=t1+(1, 4))	1	498
(2246, 36, 4150, t1) -> (2246, 36, 4150, t2=t1+(1, 5))	1	499
(3329, 165, 4011, t1) -> (3329, 165, 4011, t2=t1+(1, 4))	1	500
(2618, 58, 1705, t1) -> (2618, 58, 1705, t2=t1+(1, 9))	1	501
(4082, 29, 588, t1) -> (588, 29, 4082, t2=t1+(1, 5))	1	502
(4033, 133, 3858, t1) -> (4033, 133, 3858, t2=t1+(1, 3))	1	503
(4876, 126, 1575, t1) -> (4876, 126, 4876, t2=t1+(1, 6))	1	504
(1416, 114, 3315, t1) -> (3315, 114, 1416, t2=t1+(1, 4))	1	505
(2019, 90, 4277, t1) -> (4277, 90, 4277, t2=t1+(1, 4))	1	506
(2093, 159, 1023, t1) -> (2093, 159, 2093, t2=t1+(1, 4))	1	507
(4974, 128, 4778, t1) -> (4778, 128, 4778, t2=t1+(1, 4))	1	508
(4920, 176, 3296, t1) -> (3296, 176, 3296, t2=t1+(1, 9))	1	509
(625, 146, 3510, t1) -> (3510, 146, 3510, t2=t1+(1, 5))	1	510
(3666, 112, 557, t1) -> (3666, 112, 3666, t2=t1+(1, 6))	1	511
(4057, 39, 2512, t1) -> (4057, 39, 4057, t2=t1+(1, 4))	1	512
(2973, 172, 2777, t1) -> (2777, 172, 2777, t2=t1+(1, 6))	1	513
(1576, 84, 3694, t1) -> (1576, 84, 3694, t2=t1+(1, 5))	1	514
(3447, 153, 4510, t1) -> (3447, 153, 4510, t2=t1+(1, 6))	1	515
(2469, 34, 4334, t1) -> (4334, 34, 2469, t2=t1+(1, 4))	1	516
(3489, 53, 2891, t1) -> (3489, 53, 3489, t2=t1+(1, 7))	1	517
(2977, 164, 3327, t1) -> (2977, 164, 3327, t2=t1+(1, 5))	1	518
(680, 35, 4531, t1) -> (680, 35, 680, t2=t1+(1, 4))	1	519
(372, 125, 1001, t1) -> (372, 125, 1001, t2=t1+(1, 6))	1	520
(76, 48, 924, t1) -> (76, 48, 76, t2=t1+(1, 6))	1	521
(2878, 195, 3191, t1) -> (2878, 195, 3191, t2=t1+(1, 4))	1	522
(3502, 3, 447, t1) -> (3502, 3, 3502, t2=t1+(1, 2))	1	523
(1541, 106, 453, t1) -> (453, 106, 453, t2=t1+(1, 1))	1	524
