(2561, 73, 809, t1) & (4398, 113, 2233, t2=t1+(0, 5)) & (2233, 108, 2561, t3=t2+(0, 4)) -> (2233, 113, 2561, t4=t3+(1, 6))	3	0
(69, 92, 2265, t1) & (127, 178, 1635, t2=t1+(0, 7)) & (2265, 115, 1635, t3=t2+(0, 5)) -> (69, 178, 127, t4=t3+(1, 6))	3	1
(235, 100, 4232, t1) & (158, 176, 4202, t2=t1+(0, 6)) & (235, 5, 4202, t3=t2+(0, 6)) -> (235, 5, 235, t4=t3+(1, 4))	3	2
(2881, 138, 4623, t1) & (3914, 98, 4442, t2=t1+(0, 3)) & (4623, 147, 4442, t3=t2+(0, 6)) -> (4442, 138, 4623, t4=t3+(1, 1))	3	3
(612, 190, 264, t1) & (3317, 110, 1214, t2=t1+(0, 9)) & (264, 100, 1214, t3=t2+(0, 2)) -> (264, 190, 264, t4=t3+(1, 3))	3	4
(4952, 193, 285, t1) & (1066, 73, 706, t2=t1+(0, 6)) & (285, 87, 1066, t3=t2+(0, 5)) -> (1066, 193, 285, t4=t3+(1, 6))	3	5
(4664, 18, 614, t1) & (3549, 73, 301, t2=t1+(0, 7)) & (301, 61, 614, t3=t2+(0, 5)) -> (301, 73, 301, t4=t3+(1, 3))	3	6
(1454, 134, 4786, t1) & (676, 130, 446, t2=t1+(0, 6)) & (446, 113, 4786, t3=t2+(0, 7)) -> (446, 113, 1454, t4=t3+(1, 1))	3	7
(207, 36, 1535, t1) & (4579, 44, 2292, t2=t1+(0, 3)) & (207, 137, 2292, t3=t2+(0, 7)) -> (4579, 36, 1535, t4=t3+(1, 2))	3	8
(4672, 176, 1265, t1) & (200, 171, 2829, t2=t1+(0, 3)) & (4672, 139, 2829, t3=t2+(0, 7)) -> (200, 139, 4672, t4=t3+(1, 8))	3	9
(1239, 46, 1877, t1) & (1949, 163, 1061, t2=t1+(0, 5)) & (1061, 83, 1239, t3=t2+(0, 4)) -> (1061, 83, 1239, t4=t3+(1, 3))	3	10
(4899, 132, 4852, t1) & (1742, 27, 3299, t2=t1+(0, 3)) & (3299, 36, 4852, t3=t2+(0, 6)) -> (1742, 132, 4852, t4=t3+(1, 5))	3	11
(1712, 196, 1292, t1) & (3909, 74, 1554, t2=t1+(0, 5)) & (1292, 24, 3909, t3=t2+(0, 5)) -> (1554, 74, 3909, t4=t3+(1, 4))	3	12
(4158, 83, 2704, t1) & (2906, 199, 3140, t2=t1+(0, 4)) & (2704, 115, 2906, t3=t2+(0, 2)) -> (4158, 83, 4158, t4=t3+(1, 4))	3	13
(642, 105, 3878, t1) & (4414, 110, 731, t2=t1+(0, 2)) & (642, 167, 4414, t3=t2+(0, 7)) -> (3878, 110, 3878, t4=t3+(1, 3))	3	14
(3704, 134, 1820, t1) & (3264, 100, 3486, t2=t1+(0, 2)) & (1820, 53, 3264, t3=t2+(0, 3)) -> (3264, 53, 3704, t4=t3+(1, 11))	3	15
(833, 143, 846, t1) & (2820, 130, 3413, t2=t1+(0, 2)) & (833, 157, 2820, t3=t2+(0, 2)) -> (846, 143, 2820, t4=t3+(1, 4))	3	16
(5, 20, 1415, t1) & (4480, 154, 1410, t2=t1+(0, 3)) & (1415, 89, 4480, t3=t2+(0, 6)) -> (5, 89, 4480, t4=t3+(1, 1))	3	17
(4934, 20, 1050, t1) & (4665, 176, 4265, t2=t1+(0, 4)) & (4934, 46, 4665, t3=t2+(0, 5)) -> (4934, 176, 4934, t4=t3+(1, 7))	3	18
(2202, 81, 4759, t1) & (4887, 52, 3099, t2=t1+(0, 5)) & (2202, 86, 3099, t3=t2+(0, 5)) -> (4759, 81, 4887, t4=t3+(1, 1))	3	19
(1445, 17, 2189, t1) & (1685, 27, 1528, t2=t1+(0, 2)) & (2189, 36, 1528, t3=t2+(0, 3)) -> (1528, 36, 2189, t4=t3+(1, 7))	3	20
(1827, 148, 213, t1) & (3991, 74, 2951, t2=t1+(0, 5)) & (1827, 141, 2951, t3=t2+(0, 2)) -> (1827, 148, 1827, t4=t3+(1, 4))	3	21
(1542, 100, 4861, t1) & (1375, 71, 768, t2=t1+(0, 7)) & (768, 110, 4861, t3=t2+(0, 4)) -> (4861, 110, 4861, t4=t3+(1, 7))	3	22
(2943, 1, 2044, t1) & (2107, 148, 4504, t2=t1+(0, 7)) & (2044, 157, 2107, t3=t2+(0, 3)) -> (2943, 1, 2044, t4=t3+(1, 9))	3	23
(2758, 37, 1606, t1) & (4673, 28, 4975, t2=t1+(0, 9)) & (1606, 181, 4673, t3=t2+(0, 1)) -> (1606, 181, 4673, t4=t3+(1, 2))	3	24
(236, 130, 758, t1) & (259, 74, 893, t2=t1+(0, 5)) & (758, 1, 893, t3=t2+(0, 7)) -> (758, 1, 758, t4=t3+(1, 5))	3	25
(2704, 121, 1816, t1) & (2939, 171, 3951, t2=t1+(0, 5)) & (1816, 93, 2939, t3=t2+(0, 7)) -> (2939, 121, 1816, t4=t3+(1, 9))	3	26
(4436, 110, 3005, t1) & (1266, 127, 702, t2=t1+(0, 8)) & (3005, 114, 1266, t3=t2+(0, 7)) -> (1266, 127, 1266, t4=t3+(1, 5))	3	27
(3001, 54, 3203, t1) & (4045, 20, 1774, t2=t1+(0, 7)) & (3203, 96, 4045, t3=t2+(0, 5)) -> (3203, 20, 3203, t4=t3+(1, 3))	3	28
(1676, 79, 3438, t1) & (3172, 23, 1961, t2=t1+(0, 3)) & (3438, 86, 1961, t3=t2+(0, 4)) -> (1676, 23, 1961, t4=t3+(1, 6))	3	29
(3847, 97, 2457, t1) & (4053, 21, 454, t2=t1+(0, 8)) & (4053, 134, 2457, t3=t2+(0, 9)) -> (454, 134, 3847, t4=t3+(1, 6))	3	30
(3111, 135, 4876, t1) & (234, 0, 212, t2=t1+(0, 1)) & (234, 36, 4876, t3=t2+(0, 4)) -> (234, 135, 234, t4=t3+(1, 8))	3	31
(1044, 96, 3534, t1) & (3604, 192, 4038, t2=t1+(0, 6)) & (3604, 36, 1044, t3=t2+(0, 6)) -> (3604, 36, 3534, t4=t3+(1, 5))	3	32
(2148, 16, 4327, t1) & (553, 71, 4909, t2=t1+(0, 13)) & (553, 166, 4327, t3=t2+(0, 3)) -> (553, 16, 553, t4=t3+(1, 5))	3	33
(2939, 130, 1096, t1) & (4493, 7, 588, t2=t1+(0, 6)) & (4493, 185, 1096, t3=t2+(0, 5)) -> (1096, 185, 4493, t4=t3+(1, 6))	3	34
(420, 153, 2536, t1) & (4775, 21, 1119, t2=t1+(0, 5)) & (2536, 196, 4775, t3=t2+(0, 10)) -> (2536, 21, 2536, t4=t3+(1, 11))	3	35
(650, 50, 146, t1) & (2457, 17, 2753, t2=t1+(0, 6)) & (2753, 36, 650, t3=t2+(0, 7)) -> (146, 17, 2753, t4=t3+(1, 6))	3	36
(215, 11, 4953, t1) & (4859, 104, 284, t2=t1+(0, 4)) & (4859, 61, 215, t3=t2+(0, 8)) -> (4953, 104, 284, t4=t3+(1, 4))	3	37
(4916, 163, 3925, t1) & (2941, 181, 2361, t2=t1+(0, 2)) & (3925, 93, 2941, t3=t2+(0, 7)) -> (2941, 181, 3925, t4=t3+(1, 6))	3	38
(1287, 110, 3909, t1) & (2572, 199, 1774, t2=t1+(0, 6)) & (2572, 127, 1287, t3=t2+(0, 4)) -> (2572, 127, 1774, t4=t3+(1, 5))	3	39
(862, 195, 1607, t1) & (2760, 44, 3422, t2=t1+(0, 7)) & (1607, 61, 2760, t3=t2+(0, 5)) -> (1607, 61, 1607, t4=t3+(1, 7))	3	40
(2733, 24, 4739, t1) & (763, 24, 295, t2=t1+(0, 6)) & (2733, 115, 295, t3=t2+(0, 7)) -> (295, 115, 2733, t4=t3+(1, 4))	3	41
(772, 96, 914, t1) & (455, 77, 97, t2=t1+(0, 7)) & (914, 81, 97, t3=t2+(0, 5)) -> (97, 77, 914, t4=t3+(1, 4))	3	42
(4367, 41, 3605, t1) & (1851, 55, 4558, t2=t1+(0, 3)) & (4367, 22, 1851, t3=t2+(0, 5)) -> (4367, 41, 4367, t4=t3+(1, 3))	3	43
(292, 116, 696, t1) & (318, 46, 149, t2=t1+(0, 6)) & (318, 1, 696, t3=t2+(0, 9)) -> (318, 46, 292, t4=t3+(1, 6))	3	44
(3265, 31, 4130, t1) & (4034, 161, 404, t2=t1+(0, 8)) & (4034, 130, 4130, t3=t2+(0, 6)) -> (404, 161, 4034, t4=t3+(1, 2))	3	45
(1521, 97, 1857, t1) & (2610, 74, 2371, t2=t1+(0, 5)) & (2371, 118, 1521, t3=t2+(0, 2)) -> (1521, 118, 2610, t4=t3+(1, 2))	3	46
(16, 71, 3437, t1) & (1872, 186, 3049, t2=t1+(0, 2)) & (3049, 170, 3437, t3=t2+(0, 3)) -> (3437, 71, 16, t4=t3+(1, 6))	3	47
(2293, 52, 2379, t1) & (3721, 52, 4422, t2=t1+(0, 5)) & (2293, 126, 3721, t3=t2+(0, 2)) -> (3721, 52, 2293, t4=t3+(1, 4))	3	48
(1148, 87, 2216, t1) & (1001, 43, 4174, t2=t1+(0, 4)) & (4174, 46, 1148, t3=t2+(0, 3)) -> (4174, 46, 4174, t4=t3+(1, 5))	3	49
(1299, 115, 979, t1) & (134, 114, 4525, t2=t1+(0, 5)) & (4525, 87, 979, t3=t2+(0, 5)) -> (1299, 114, 979, t4=t3+(1, 6))	3	50
(4985, 18, 1067, t1) & (642, 154, 352, t2=t1+(0, 5)) & (352, 36, 1067, t3=t2+(0, 9)) -> (352, 154, 352, t4=t3+(1, 5))	3	51
(4570, 110, 3868, t1) & (3757, 36, 1083, t2=t1+(0, 6)) & (3868, 53, 1083, t3=t2+(0, 8)) -> (3868, 110, 1083, t4=t3+(1, 2))	3	52
(221, 58, 108, t1) & (2312, 36, 2903, t2=t1+(0, 7)) & (108, 1, 2312, t3=t2+(0, 4)) -> (2312, 1, 2903, t4=t3+(1, 5))	3	53
(185, 139, 654, t1) & (4705, 19, 2135, t2=t1+(0, 9)) & (185, 36, 4705, t3=t2+(0, 4)) -> (4705, 36, 185, t4=t3+(1, 2))	3	54
(1167, 143, 2557, t1) & (2094, 125, 4491, t2=t1+(0, 3)) & (4491, 148, 1167, t3=t2+(0, 7)) -> (4491, 148, 2557, t4=t3+(1, 7))	3	55
(1837, 88, 3720, t1) & (295, 28, 3752, t2=t1+(0, 6)) & (1837, 119, 295, t3=t2+(0, 3)) -> (3752, 28, 3752, t4=t3+(1, 4))	3	56
(3397, 137, 85, t1) & (1995, 111, 2566, t2=t1+(0, 5)) & (2566, 9, 85, t3=t2+(0, 7)) -> (3397, 9, 2566, t4=t3+(1, 3))	3	57
(1167, 100, 3490, t1) & (2835, 171, 709, t2=t1+(0, 4)) & (2835, 11, 3490, t3=t2+(0, 6)) -> (3490, 11, 2835, t4=t3+(1, 3))	3	58
(1313, 91, 106, t1) & (1167, 24, 103, t2=t1+(0, 6)) & (1167, 60, 106, t3=t2+(0, 2)) -> (1167, 91, 103, t4=t3+(1, 6))	3	59
(2952, 142, 4795, t1) & (482, 17, 457, t2=t1+(0, 3)) & (2952, 22, 457, t3=t2+(0, 6)) -> (4795, 22, 482, t4=t3+(1, 8))	3	60
(2824, 1, 307, t1) & (3486, 52, 4681, t2=t1+(0, 8)) & (2824, 20, 3486, t3=t2+(0, 8)) -> (3486, 1, 4681, t4=t3+(1, 2))	3	61
(4884, 176, 312, t1) & (4777, 92, 4367, t2=t1+(0, 3)) & (4884, 36, 4367, t3=t2+(0, 4)) -> (4777, 176, 4884, t4=t3+(1, 3))	3	62
(2701, 67, 3047, t1) & (3184, 46, 2397, t2=t1+(0, 7)) & (2701, 78, 3184, t3=t2+(0, 4)) -> (3184, 46, 3184, t4=t3+(1, 5))	3	63
(1913, 100, 2851, t1) & (4378, 92, 4108, t2=t1+(0, 3)) & (4108, 133, 1913, t3=t2+(0, 4)) -> (2851, 100, 4108, t4=t3+(1, 6))	3	64
(50, 166, 1526, t1) & (3582, 112, 4907, t2=t1+(0, 5)) & (50, 137, 4907, t3=t2+(0, 3)) -> (3582, 112, 3582, t4=t3+(1, 12))	3	65
(1428, 150, 3971, t1) & (2111, 155, 2740, t2=t1+(0, 5)) & (2740, 93, 3971, t3=t2+(0, 5)) -> (2740, 150, 2740, t4=t3+(1, 3))	3	66
(271, 111, 1336, t1) & (3416, 53, 1965, t2=t1+(0, 5)) & (1965, 154, 271, t3=t2+(0, 5)) -> (1336, 111, 271, t4=t3+(1, 1))	3	67
(2543, 52, 3015, t1) & (852, 175, 2470, t2=t1+(0, 2)) & (852, 186, 3015, t3=t2+(0, 8)) -> (852, 175, 3015, t4=t3+(1, 7))	3	68
(2241, 170, 3492, t1) & (1760, 98, 3076, t2=t1+(0, 3)) & (3492, 52, 3076, t3=t2+(0, 3)) -> (1760, 52, 3492, t4=t3+(1, 7))	3	69
(4539, 98, 1544, t1) & (4782, 100, 1895, t2=t1+(0, 4)) & (1895, 73, 4539, t3=t2+(0, 3)) -> (4782, 98, 1895, t4=t3+(1, 5))	3	70
(1683, 170, 2361, t1) & (4947, 22, 4604, t2=t1+(0, 8)) & (1683, 41, 4604, t3=t2+(0, 7)) -> (1683, 22, 4604, t4=t3+(1, 2))	3	71
(4725, 93, 2433, t1) & (2076, 134, 2273, t2=t1+(0, 6)) & (2076, 157, 2433, t3=t2+(0, 1)) -> (2433, 134, 2433, t4=t3+(1, 6))	3	72
(4731, 44, 2077, t1) & (467, 138, 4126, t2=t1+(0, 7)) & (4731, 75, 4126, t3=t2+(0, 2)) -> (467, 138, 4731, t4=t3+(1, 3))	3	73
(1909, 160, 1695, t1) & (1747, 171, 131, t2=t1+(0, 7)) & (131, 92, 1695, t3=t2+(0, 5)) -> (1695, 171, 131, t4=t3+(1, 7))	3	74
(2242, 41, 4694, t1) & (4856, 178, 4274, t2=t1+(0, 4)) & (4274, 142, 2242, t3=t2+(0, 8)) -> (4274, 178, 2242, t4=t3+(1, 1))	3	75
(1395, 136, 811, t1) & (147, 136, 2363, t2=t1+(0, 4)) & (2363, 73, 811, t3=t2+(0, 0)) -> (811, 73, 147, t4=t3+(1, 6))	3	76
(4214, 39, 1197, t1) & (2083, 137, 1237, t2=t1+(0, 7)) & (1237, 38, 4214, t3=t2+(0, 3)) -> (1197, 39, 1197, t4=t3+(1, 3))	3	77
(36, 171, 832, t1) & (4436, 92, 193, t2=t1+(0, 3)) & (4436, 119, 36, t3=t2+(0, 5)) -> (36, 171, 36, t4=t3+(1, 8))	3	78
(4882, 110, 3678, t1) & (491, 189, 323, t2=t1+(0, 6)) & (3678, 87, 491, t3=t2+(0, 6)) -> (4882, 87, 491, t4=t3+(1, 6))	3	79
(2440, 94, 787, t1) & (1562, 102, 1884, t2=t1+(0, 7)) & (1562, 2, 787, t3=t2+(0, 8)) -> (1884, 94, 787, t4=t3+(1, 6))	3	80
(3909, 179, 3732, t1) & (3017, 46, 3501, t2=t1+(0, 4)) & (3732, 22, 3501, t3=t2+(0, 2)) -> (3501, 22, 3501, t4=t3+(1, 4))	3	81
(3254, 20, 2004, t1) & (1943, 43, 405, t2=t1+(0, 3)) & (3254, 42, 405, t3=t2+(0, 9)) -> (3254, 43, 3254, t4=t3+(1, 1))	3	82
(3861, 166, 3495, t1) & (366, 176, 94, t2=t1+(0, 3)) & (3861, 17, 366, t3=t2+(0, 3)) -> (94, 166, 366, t4=t3+(1, 2))	3	83
(3422, 24, 3726, t1) & (4088, 79, 2361, t2=t1+(0, 5)) & (3422, 28, 2361, t3=t2+(0, 3)) -> (4088, 28, 2361, t4=t3+(1, 4))	3	84
(2021, 43, 2369, t1) & (3890, 141, 136, t2=t1+(0, 3)) & (3890, 115, 2021, t3=t2+(0, 11)) -> (136, 43, 2021, t4=t3+(1, 3))	3	85
(3555, 93, 3734, t1) & (249, 22, 1574, t2=t1+(0, 8)) & (249, 180, 3734, t3=t2+(0, 1)) -> (3555, 93, 249, t4=t3+(1, 4))	3	86
(4621, 92, 4067, t1) & (3422, 112, 3924, t2=t1+(0, 3)) & (3422, 22, 4067, t3=t2+(0, 2)) -> (3422, 92, 3422, t4=t3+(1, 5))	3	87
(3694, 86, 2248, t1) & (4302, 38, 190, t2=t1+(0, 5)) & (2248, 73, 190, t3=t2+(0, 3)) -> (4302, 86, 2248, t4=t3+(1, 10))	3	88
(2298, 161, 4021, t1) & (2529, 81, 1457, t2=t1+(0, 10)) & (2298, 196, 2529, t3=t2+(0, 3)) -> (2529, 161, 4021, t4=t3+(1, 5))	3	89
(4543, 154, 4341, t1) & (2533, 97, 3043, t2=t1+(0, 4)) & (4341, 84, 3043, t3=t2+(0, 3)) -> (3043, 97, 4543, t4=t3+(1, 5))	3	90
(2823, 114, 540, t1) & (1983, 93, 4597, t2=t1+(0, 3)) & (2823, 27, 1983, t3=t2+(0, 1)) -> (2823, 27, 1983, t4=t3+(1, 8))	3	91
(4685, 196, 2789, t1) & (1937, 93, 919, t2=t1+(0, 10)) & (919, 92, 2789, t3=t2+(0, 5)) -> (919, 92, 919, t4=t3+(1, 3))	3	92
(4660, 11, 3470, t1) & (2522, 100, 3386, t2=t1+(0, 8)) & (4660, 63, 2522, t3=t2+(0, 9)) -> (3470, 63, 2522, t4=t3+(1, 3))	3	93
(4262, 81, 322, t1) & (1813, 74, 2892, t2=t1+(0, 3)) & (322, 60, 1813, t3=t2+(0, 4)) -> (322, 60, 322, t4=t3+(1, 1))	3	94
(2590, 29, 4886, t1) & (1459, 36, 1103, t2=t1+(0, 6)) & (2590, 38, 1103, t3=t2+(0, 3)) -> (1103, 36, 1103, t4=t3+(1, 5))	3	95
(3628, 128, 3477, t1) & (1726, 55, 1255, t2=t1+(0, 5)) & (1726, 111, 3628, t3=t2+(0, 5)) -> (3628, 55, 3477, t4=t3+(1, 7))	3	96
(1919, 93, 4233, t1) & (365, 170, 2413, t2=t1+(0, 4)) & (4233, 195, 2413, t3=t2+(0, 2)) -> (1919, 93, 1919, t4=t3+(1, 4))	3	97
(2371, 167, 1175, t1) & (135, 4, 3231, t2=t1+(0, 6)) & (1175, 108, 135, t3=t2+(0, 2)) -> (135, 4, 1175, t4=t3+(1, 7))	3	98
(2309, 21, 2880, t1) & (3384, 124, 4392, t2=t1+(0, 3)) & (3384, 36, 2880, t3=t2+(0, 2)) -> (3384, 21, 3384, t4=t3+(1, 5))	3	99
(2371, 123, 191, t1) & (2778, 94, 2371, t2=t1+(0, 7)) -> (2778, 123, 2371, t3=t2+(1, 10))	2	100
(4534, 72, 1162, t1) & (1162, 97, 3298, t2=t1+(0, 10)) -> (4534, 72, 3298, t3=t2+(1, 7))	2	101
(1707, 83, 1808, t1) & (1808, 17, 892, t2=t1+(0, 6)) -> (1707, 17, 1808, t3=t2+(1, 3))	2	102
(158, 162, 1808, t1) & (158, 93, 4534, t2=t1+(0, 3)) -> (4534, 162, 4534, t3=t2+(1, 6))	2	103
(3298, 139, 4828, t1) & (3298, 20, 4828, t2=t1+(0, 4)) -> (3298, 20, 4828, t3=t2+(1, 8))	2	104
(1132, 52, 1012, t1) & (1012, 73, 1012, t2=t1+(0, 2)) -> (1012, 52, 1132, t3=t2+(1, 6))	2	105
(4759, 36, 1606, t1) & (1606, 147, 242, t2=t1+(0, 3)) -> (1606, 36, 4759, t3=t2+(1, 5))	2	106
(2797, 97, 1955, t1) & (1693, 194, 1955, t2=t1+(0, 8)) -> (1693, 97, 2797, t3=t2+(1, 5))	2	107
(1237, 12, 4017, t1) & (4017, 53, 1237, t2=t1+(0, 3)) -> (1237, 12, 1237, t3=t2+(1, 8))	2	108
(1193, 98, 2636, t1) & (1193, 27, 4050, t2=t1+(0, 6)) -> (1193, 98, 2636, t3=t2+(1, 2))	2	109
(559, 182, 1737, t1) & (794, 18, 1737, t2=t1+(0, 9)) -> (794, 18, 1737, t3=t2+(1, 7))	2	110
(4925, 40, 1216, t1) & (4186, 32, 4925, t2=t1+(0, 4)) -> (4925, 40, 1216, t3=t2+(1, 4))	2	111
(2068, 83, 1446, t1) & (175, 196, 2068, t2=t1+(0, 5)) -> (175, 196, 2068, t3=t2+(1, 4))	2	112
(3318, 139, 3782, t1) & (3782, 22, 3286, t2=t1+(0, 11)) -> (3782, 139, 3286, t3=t2+(1, 6))	2	113
(2994, 93, 1416, t1) & (4428, 192, 1416, t2=t1+(0, 7)) -> (2994, 192, 2994, t3=t2+(1, 7))	2	114
(3489, 1, 740, t1) & (740, 27, 3286, t2=t1+(0, 5)) -> (3286, 1, 3489, t3=t2+(1, 5))	2	115
(241, 81, 4077, t1) & (995, 36, 241, t2=t1+(0, 8)) -> (241, 36, 4077, t3=t2+(1, 6))	2	116
(4480, 44, 40, t1) & (40, 174, 40, t2=t1+(0, 9)) -> (40, 174, 40, t3=t2+(1, 5))	2	117
(2207, 16, 2906, t1) & (2207, 52, 2207, t2=t1+(0, 3)) -> (2207, 16, 2207, t3=t2+(1, 5))	2	118
(3786, 81, 275, t1) & (2238, 181, 275, t2=t1+(0, 6)) -> (275, 81, 2238, t3=t2+(1, 7))	2	119
(2836, 19, 3519, t1) & (3519, 111, 604, t2=t1+(0, 7)) -> (2836, 19, 604, t3=t2+(1, 5))	2	120
(4692, 176, 592, t1) & (4692, 50, 1074, t2=t1+(0, 11)) -> (592, 50, 592, t3=t2+(1, 4))	2	121
(1778, 180, 2519, t1) & (4724, 166, 1778, t2=t1+(0, 6)) -> (4724, 180, 4724, t3=t2+(1, 3))	2	122
(2789, 128, 19, t1) & (2017, 154, 19, t2=t1+(0, 1)) -> (19, 154, 19, t3=t2+(1, 6))	2	123
(4057, 7, 4098, t1) & (4098, 28, 4098, t2=t1+(0, 9)) -> (4098, 7, 4098, t3=t2+(1, 9))	2	124
(1147, 17, 2348, t1) & (2348, 157, 1147, t2=t1+(0, 5)) -> (2348, 17, 1147, t3=t2+(1, 5))	2	125
(233, 43, 759, t1) & (233, 161, 759, t2=t1+(0, 3)) -> (233, 43, 233, t3=t2+(1, 3))	2	126
(2501, 24, 3725, t1) & (495, 142, 3725, t2=t1+(0, 6)) -> (3725, 24, 3725, t3=t2+(1, 7))	2	127
(14, 117, 3661, t1) & (3661, 75, 14, t2=t1+(0, 3)) -> (3661, 75, 3661, t3=t2+(1, 4))	2	128
(2940, 22, 1021, t1) & (1021, 22, 2940, t2=t1+(0, 5)) -> (2940, 22, 1021, t3=t2+(1, 6))	2	129
(4067, 169, 1566, t1) & (738, 157, 1566, t2=t1+(0, 3)) -> (738, 169, 1566, t3=t2+(1, 9))	2	130
(4230, 1, 4360, t1) & (4467, 110, 4360, t2=t1+(0, 4)) -> (4360, 110, 4360, t3=t2+(1, 3))	2	131
(302, 81, 598, t1) & (2176, 110, 302, t2=t1+(0, 7)) -> (598, 110, 302, t3=t2+(1, 6))	2	132
(1650, 36, 4133, t1) & (2305, 63, 4133, t2=t1+(0, 8)) -> (4133, 63, 4133, t3=t2+(1, 7))	2	133
(2777, 71, 3769, t1) & (4963, 100, 3769, t2=t1+(0, 8)) -> (2777, 100, 3769, t3=t2+(1, 8))	2	134
(1567, 182, 4506, t1) & (1567, 126, 1567, t2=t1+(0, 5)) -> (1567, 126, 1567, t3=t2+(1, 4))	2	135
(4413, 93, 4505, t1) & (4505, 121, 1267, t2=t1+(0, 10)) -> (4505, 93, 4505, t3=t2+(1, 4))	2	136
(2772, 39, 3935, t1) & (2772, 72, 3935, t2=t1+(0, 8)) -> (3935, 72, 2772, t3=t2+(1, 5))	2	137
(2913, 100, 4622, t1) & (2357, 114, 2913, t2=t1+(0, 9)) -> (2913, 100, 2913, t3=t2+(1, 6))	2	138
(3628, 114, 2007, t1) & (2007, 75, 3302, t2=t1+(0, 9)) -> (3302, 114, 3302, t3=t2+(1, 1))	2	139
(3958, 176, 3616, t1) & (3958, 171, 3972, t2=t1+(0, 2)) -> (3616, 176, 3958, t3=t2+(1, 3))	2	140
(1913, 87, 3167, t1) & (3607, 36, 3167, t2=t1+(0, 5)) -> (3607, 36, 3607, t3=t2+(1, 5))	2	141
(1833, 16, 2238, t1) & (1833, 128, 2238, t2=t1+(0, 8)) -> (1833, 128, 1833, t3=t2+(1, 2))	2	142
(78, 22, 1568, t1) & (78, 111, 3221, t2=t1+(0, 5)) -> (1568, 111, 78, t3=t2+(1, 8))	2	143
(464, 46, 4616, t1) & (4321, 110, 4616, t2=t1+(0, 6)) -> (464, 46, 4616, t3=t2+(1, 6))	2	144
(3501, 125, 2131, t1) & (3501, 81, 2131, t2=t1+(0, 7)) -> (2131, 125, 3501, t3=t2+(1, 6))	2	145
(3843, 156, 3580, t1) & (3843, 22, 37, t2=t1+(0, 5)) -> (3843, 156, 3843, t3=t2+(1, 3))	2	146
(1644, 16, 4138, t1) & (1644, 94, 232, t2=t1+(0, 5)) -> (232, 16, 1644, t3=t2+(1, 7))	2	147
(373, 176, 3305, t1) & (373, 77, 3305, t2=t1+(0, 8)) -> (3305, 176, 3305, t3=t2+(1, 4))	2	148
(1402, 183, 2220, t1) & (1402, 22, 1402, t2=t1+(0, 8)) -> (1402, 22, 1402, t3=t2+(1, 3))	2	149
(3578, 29, 1215, t1) & (3765, 169, 1215, t2=t1+(0, 7)) -> (1215, 169, 3578, t3=t2+(1, 5))	2	150
(414, 170, 2354, t1) & (2354, 73, 2354, t2=t1+(0, 3)) -> (414, 73, 2354, t3=t2+(1, 4))	2	151
(4198, 20, 23, t1) & (1656, 86, 4198, t2=t1+(0, 8)) -> (23, 20, 4198, t3=t2+(1, 7))	2	152
(2089, 159, 950, t1) & (950, 44, 4343, t2=t1+(0, 4)) -> (950, 159, 950, t3=t2+(1, 4))	2	153
(4143, 36, 1268, t1) & (3005, 46, 1268, t2=t1+(0, 4)) -> (3005, 46, 1268, t3=t2+(1, 7))	2	154
(4165, 167, 3914, t1) & (4165, 36, 48, t2=t1+(0, 6)) -> (4165, 36, 4165, t3=t2+(1, 8))	2	155
(257, 110, 1024, t1) & (1024, 163, 3298, t2=t1+(0, 3)) -> (1024, 163, 257, t3=t2+(1, 3))	2	156
(2697, 92, 354, t1) & (354, 160, 850, t2=t1+(0, 7)) -> (2697, 92, 354, t3=t2+(1, 3))	2	157
(2201, 139, 362, t1) & (2201, 175, 839, t2=t1+(0, 4)) -> (362, 175, 2201, t3=t2+(1, 4))	2	158
(3576, 163, 1460, t1) & (1460, 17, 3576, t2=t1+(0, 7)) -> (3576, 17, 1460, t3=t2+(1, 12))	2	159
(2465, 11, 4296, t1) & (2465, 92, 492, t2=t1+(0, 6)) -> (2465, 92, 492, t3=t2+(1, 4))	2	160
(1308, 84, 480, t1) & (4240, 119, 480, t2=t1+(0, 4)) -> (480, 84, 4240, t3=t2+(1, 7))	2	161
(3193, 174, 2880, t1) & (2880, 17, 1347, t2=t1+(0, 9)) -> (3193, 174, 3193, t3=t2+(1, 4))	2	162
(4048, 143, 4739, t1) & (4048, 168, 4739, t2=t1+(0, 6)) -> (4739, 143, 4739, t3=t2+(1, 4))	2	163
(4720, 52, 735, t1) & (4720, 101, 4720, t2=t1+(0, 10)) -> (4720, 101, 4720, t3=t2+(1, 4))	2	164
(1695, 36, 2100, t1) & (2100, 58, 3675, t2=t1+(0, 5)) -> (1695, 36, 1695, t3=t2+(1, 5))	2	165
(4872, 134, 3493, t1) & (4872, 52, 4872, t2=t1+(0, 7)) -> (4872, 134, 4872, t3=t2+(1, 5))	2	166
(4969, 144, 3430, t1) & (4969, 192, 4969, t2=t1+(0, 4)) -> (3430, 144, 4969, t3=t2+(1, 3))	2	167
(2939, 138, 2502, t1) & (2502, 186, 1589, t2=t1+(0, 6)) -> (2502, 138, 2939, t3=t2+(1, 3))	2	168
(3577, 73, 573, t1) & (2006, 110, 3577, t2=t1+(0, 6)) -> (573, 73, 3577, t3=t2+(1, 7))	2	169
(763, 169, 2074, t1) & (2074, 144, 444, t2=t1+(0, 3)) -> (2074, 144, 2074, t3=t2+(1, 3))	2	170
(3892, 63, 2985, t1) & (2985, 190, 3892, t2=t1+(0, 4)) -> (3892, 190, 3892, t3=t2+(1, 7))	2	171
(158, 100, 3019, t1) & (3019, 2, 158, t2=t1+(0, 5)) -> (158, 100, 3019, t3=t2+(1, 5))	2	172
(3357, 36, 1609, t1) & (3357, 28, 1609, t2=t1+(0, 4)) -> (1609, 36, 1609, t3=t2+(1, 2))	2	173
(3380, 100, 3958, t1) & (3380, 73, 426, t2=t1+(0, 5)) -> (3380, 100, 3380, t3=t2+(1, 4))	2	174
(275, 92, 2719, t1) & (275, 98, 3924, t2=t1+(0, 6)) -> (3924, 98, 275, t3=t2+(1, 7))	2	175
(2089, 140, 911, t1) & (1897, 98, 2089, t2=t1+(0, 2)) -> (911, 140, 2089, t3=t2+(1, 10))	2	176
(1562, 119, 3729, t1) & (128, 132, 3729, t2=t1+(0, 4)) -> (3729, 132, 3729, t3=t2+(1, 8))	2	177
(2681, 74, 2555, t1) & (2555, 100, 3267, t2=t1+(0, 5)) -> (2681, 100, 3267, t3=t2+(1, 6))	2	178
(4742, 49, 3984, t1) & (3198, 188, 4742, t2=t1+(0, 7)) -> (3198, 49, 3198, t3=t2+(1, 6))	2	179
(3882, 71, 2255, t1) & (1236, 46, 3882, t2=t1+(0, 2)) -> (2255, 46, 3882, t3=t2+(1, 2))	2	180
(2882, 1, 121, t1) & (2419, 141, 2882, t2=t1+(0, 2)) -> (121, 141, 2419, t3=t2+(1, 4))	2	181
(3186, 130, 4806, t1) & (3164, 38, 4806, t2=t1+(0, 4)) -> (4806, 130, 3164, t3=t2+(1, 6))	2	182
(3286, 117, 797, t1) & (2219, 159, 3286, t2=t1+(0, 4)) -> (3286, 159, 3286, t3=t2+(1, 4))	2	183
(4048, 122, 3635, t1) & (1356, 155, 4048, t2=t1+(0, 9)) -> (1356, 155, 4048, t3=t2+(1, 8))	2	184
(3211, 191, 4523, t1) & (3211, 73, 4392, t2=t1+(0, 9)) -> (3211, 191, 4392, t3=t2+(1, 6))	2	185
(1388, 53, 3037, t1) & (2037, 110, 3037, t2=t1+(0, 3)) -> (2037, 53, 3037, t3=t2+(1, 2))	2	186
(1678, 181, 4186, t1) & (4186, 162, 4186, t2=t1+(0, 3)) -> (1678, 181, 1678, t3=t2+(1, 6))	2	187
(319, 162, 909, t1) & (909, 171, 3538, t2=t1+(0, 7)) -> (909, 162, 3538, t3=t2+(1, 7))	2	188
(192, 151, 2705, t1) & (1324, 32, 2705, t2=t1+(0, 3)) -> (192, 32, 1324, t3=t2+(1, 1))	2	189
(2017, 1, 2736, t1) & (2736, 190, 2736, t2=t1+(0, 4)) -> (2736, 1, 2736, t3=t2+(1, 7))	2	190
(373, 199, 2728, t1) & (2728, 21, 4039, t2=t1+(0, 7)) -> (2728, 199, 4039, t3=t2+(1, 4))	2	191
(806, 111, 2949, t1) & (2949, 102, 806, t2=t1+(0, 3)) -> (2949, 102, 806, t3=t2+(1, 5))	2	192
(4947, 148, 1065, t1) & (1065, 137, 3010, t2=t1+(0, 6)) -> (1065, 148, 1065, t3=t2+(1, 2))	2	193
(1580, 93, 1195, t1) & (1580, 86, 3171, t2=t1+(0, 8)) -> (1195, 93, 1580, t3=t2+(1, 3))	2	194
(3027, 100, 1230, t1) & (3027, 91, 3027, t2=t1+(0, 6)) -> (3027, 100, 3027, t3=t2+(1, 5))	2	195
(140, 170, 4845, t1) & (140, 130, 1233, t2=t1+(0, 3)) -> (1233, 170, 140, t3=t2+(1, 4))	2	196
(3175, 33, 925, t1) & (925, 148, 925, t2=t1+(0, 6)) -> (925, 148, 3175, t3=t2+(1, 2))	2	197
(2922, 114, 1141, t1) & (2922, 112, 2922, t2=t1+(0, 6)) -> (2922, 114, 2922, t3=t2+(1, 4))	2	198
(236, 135, 1391, t1) & (1391, 92, 1913, t2=t1+(0, 10)) -> (1391, 135, 236, t3=t2+(1, 6))	2	199
(1472, 27, 2012, t1) -> (1472, 27, 1472, t2=t1+(1, 5))	1	200
(4825, 110, 1432, t1) -> (1432, 110, 4825, t2=t1+(1, 6))	1	201
(3193, 113, 3019, t1) -> (3193, 113, 3019, t2=t1+(1, 6))	1	202
(2, 119, 4609, t1) -> (4609, 119, 2, t2=t1+(1, 6))	1	203
(4356, 83, 2296, t1) -> (2296, 83, 4356, t2=t1+(1, 6))	1	204
(1175, 148, 4451, t1) -> (1175, 148, 4451, t2=t1+(1, 4))	1	205
(1243, 4, 2235, t1) -> (1243, 4, 2235, t2=t1+(1, 6))	1	206
(4799, 44, 1661, t1) -> (4799, 44, 4799, t2=t1+(1, 5))	1	207
(1190, 170, 1889, t1) -> (1190, 170, 1190, t2=t1+(1, 6))	1	208
(2221, 147, 2512, t1) -> (2221, 147, 2512, t2=t1+(1, 6))	1	209
(4159, 91, 172, t1) -> (4159, 91, 4159, t2=t1+(1, 4))	1	210
(3023, 84, 1085, t1) -> (3023, 84, 3023, t2=t1+(1, 2))	1	211
(4376, 119, 3238, t1) -> (3238, 119, 4376, t2=t1+(1, 2))	1	212
(1150, 34, 681, t1) -> (1150, 34, 681, t2=t1+(1, 6))	1	213
(2461, 22, 4641, t1) -> (2461, 22, 2461, t2=t1+(1, 8))	1	214
(1431, 182, 3240, t1) -> (3240, 182, 1431, t2=t1+(1, 5))	1	215
(4430, 17, 3797, t1) -> (3797, 17, 3797, t2=t1+(1, 7))	1	216
(4316, 92, 4404, t1) -> (4404, 92, 4316, t2=t1+(1, 3))	1	217
(4136, 125, 4777, t1) -> (4777, 125, 4777, t2=t1+(1, 4))	1	218
(3648, 133, 804, t1) -> (3648, 133, 804, t2=t1+(1, 5))	1	219
(2804, 163, 4595, t1) -> (4595, 163, 2804, t2=t1+(1, 4))	1	220
(3817, 123, 2089, t1) -> (3817, 123, 3817, t2=t1+(1, 8))	1	221
(3800, 137, 4300, t1) -> (4300, 137, 4300, t2=t1+(1, 8))	1	222
(1158, 52, 2071, t1) -> (1158, 52, 2071, t2=t1+(1, 5))	1	223
(3424, 141, 1790, t1) -> (3424, 141, 1790, t2=t1+(1, 4))	1	224
(4332, 1, 3777, t1) -> (3777, 1, 3777, t2=t1+(1, 4))	1	225
(1485, 82, 4171, t1) -> (4171, 82, 4171, t2=t1+(1, 3))	1	226
(264, 135, 4150, t1) -> (4150, 135, 264, t2=t1+(1, 1))	1	227
(888, 75, 4976, t1) -> (4976, 75, 888, t2=t1+(1, 9))	1	228
(625, 52, 1003, t1) -> (625, 52, 625, t2=t1+(1, 2))	1	229
(442, 36, 3321, t1) -> (442, 36, 442, t2=t1+(1, 8))	1	230
(1113, 100, 2966, t1) -> (1113, 100, 2966, t2=t1+(1, 3))	1	231
(1487, 141, 241, t1) -> (1487, 141, 1487, t2=t1+(1, 11))	1	232
(4078, 83, 3546, t1) -> (4078, 83, 4078, t2=t1+(1, 10))	1	233
(1769, 18, 2660, t1) -> (2660, 18, 1769, t2=t1+(1, 6))	1	234
(1903, 20, 1734, t1) -> (1903, 20, 1734, t2=t1+(1, 3))	1	235
(1500, 20, 31, t1) -> (1500, 20, 1500, t2=t1+(1, 5))	1	236
(4550, 103, 3442, t1) -> (4550, 103, 4550, t2=t1+(1, 2))	1	237
(1288, 194, 3304, t1) -> (1288, 194, 1288, t2=t1+(1, 6))	1	238
(1243, 30, 4627, t1) -> (4627, 30, 1243, t2=t1+(1, 4))	1	239
(1782, 50, 3999, t1) -> (1782, 50, 3999, t2=t1+(1, 6))	1	240
(2792, 111, 2300, t1) -> (2300, 111, 2300, t2=t1+(1, 4))	1	241
(605, 8, 1664, t1) -> (605, 8, 1664, t2=t1+(1, 6))	1	242
(3337, 22, 1019, t1) -> (3337, 22, 3337, t2=t1+(1, 6))	1	243
(1907, 50, 1255, t1) -> (1907, 50, 1907, t2=t1+(1, 5))	1	244
(2682, 136, 3722, t1) -> (2682, 136, 3722, t2=t1+(1, 4))	1	245
(222, 181, 1430, t1) -> (222, 181, 1430, t2=t1+(1, 5))	1	246
(2369, 156, 2970, t1) -> (2369, 156, 2369, t2=t1+(1, 4))	1	247
(1191, 115, 438, t1) -> (438, 115, 1191, t2=t1+(1, 3))	1	248
(598, 183, 113, t1) -> (598, 183, 113, t2=t1+(1, 6))	1	249
(4344, 177, 3413, t1) -> (4344, 177, 3413, t2=t1+(1, 7))	1	250
(2655, 100, 3925, t1) -> (3925, 100, 3925, t2=t1+(1, 4))	1	251
(2949, 100, 3470, t1) -> (2949, 100, 3470, t2=t1+(1, 4))	1	252
(1376, 74, 4100, t1) -> (4100, 74, 1376, t2=t1+(1, 2))	1	253
(1786, 43, 2355, t1) -> (1786, 43, 2355, t2=t1+(1, 7))	1	254
(236, 81, 2037, t1) -> (236, 81, 2037, t2=t1+(1, 3))	1	255
(1009, 142, 2327, t1) -> (2327, 142, 1009, t2=t1+(1, 5))	1	256
(35, 100, 3233, t1) -> (3233, 100, 3233, t2=t1+(1, 1))	1	257
(1582, 169, 2183, t1) -> (1582, 169, 1582, t2=t1+(1, 4))	1	258
(2446, 137, 3792, t1) -> (2446, 137, 2446, t2=t1+(1, 5))	1	259
(122, 28, 4272, t1) -> (4272, 28, 122, t2=t1+(1, 3))	1	260
(4026, 147, 1736, t1) -> (1736, 147, 4026, t2=t1+(1, 5))	1	261
(2463, 44, 3709, t1) -> (3709, 44, 2463, t2=t1+(1, 5))	1	262
(246, 190, 3372, t1) -> (3372, 190, 3372, t2=t1+(1, 5))	1	263
(1595, 176, 1064, t1) -> (1064, 176, 1064, t2=t1+(1, 2))	1	264
(396, 4, 672, t1) -> (672, 4, 672, t2=t1+(1, 6))	1	265
(4195, 180, 3638, t1) -> (4195, 180, 4195, t2=t1+(1, 2))	1	266
(2116, 100, 499, t1) -> (499, 100, 499, t2=t1+(1, 5))	1	267
(28, 81, 1123, t1) -> (28, 81, 28, t2=t1+(1, 4))	1	268
(3782, 52, 512, t1) -> (512, 52, 3782, t2=t1+(1, 3))	1	269
(4536, 157, 1923, t1) -> (1923, 157, 4536, t2=t1+(1, 5))	1	270
(936, 31, 2245, t1) -> (936, 31, 2245, t2=t1+(1, 3))	1	271
(3468, 27, 4739, t1) -> (3468, 27, 4739, t2=t1+(1, 2))	1	272
(108, 93, 797, t1) -> (797, 93, 797, t2=t1+(1, 7))	1	273
(4520, 53, 3179, t1) -> (4520, 53, 3179, t2=t1+(1, 6))	1	274
(3252, 81, 2981, t1) -> (3252, 81, 3252, t2=t1+(1, 5))	1	275
(1886, 38, 4650, t1) -> (1886, 38, 1886, t2=t1+(1, 4))	1	276
(3685, 83, 317, t1) -> (317, 83, 317, t2=t1+(1, 3))	1	277
(4492, 94, 1249, t1) -> (4492, 94, 1249, t2=t1+(1, 4))	1	278
(1945, 22, 4010, t1) -> (1945, 22, 1945, t2=t1+(1, 9))	1	279
(804, 143, 1297, t1) -> (804, 143, 1297, t2=t1+(1, 3))	1	280
(2093, 90, 1277, t1) -> (2093, 90, 2093, t2=t1+(1, 5))	1	281
(2408, 128, 3096, t1) -> (3096, 128, 2408, t2=t1+(1, 6))	1	282
(2991, 170, 4731, t1) -> (4731, 170, 4731, t2=t1+(1, 4))	1	283
(4815, 31, 22, t1) -> (22, 31, 4815, t2=t1+(1, 5))	1	284
(2251, 139, 1926, t1) -> (2251, 139, 2251, t2=t1+(1, 7))	1	285
(4064, 53, 1683, t1) -> (4064, 53, 1683, t2=t1+(1, 6))	1	286
(962, 170, 164, t1) -> (962, 170, 164, t2=t1+(1, 6))	1	287
(2398, 22, 3234, t1) -> (2398, 22, 3234, t2=t1+(1, 7))	1	288
(4373, 81, 3998, t1) -> (4373, 81, 3998, t2=t1+(1, 6))	1	289
(3741, 81, 3394, t1) -> (3741, 81, 3394, t2=t1+(1, 4))	1	290
(998, 131, 2394, t1) -> (998, 131, 2394, t2=t1+(1, 5))	1	291
(4671, 110, 1687, t1) -> (1687, 110, 1687, t2=t1+(1, 12))	1	292
(3583, 81, 2943, t1) -> (2943, 81, 2943, t2=t1+(1, 6))	1	293
(1994, 185, 1822, t1) -> (1822, 185, 1822, t2=t1+(1, 3))	1	294
(1771, 108, 877, t1) -> (1771, 108, 1771, t2=t1+(1, 4))	1	295
(308, 86, 2341, t1) -> (308, 86, 2341, t2=t1+(1, 7))	1	296
(4328, 75, 1957, t1) -> (4328, 75, 4328, t2=t1+(1, 4))	1	297
(2023, 68, 1076, t1) -> (2023, 68, 2023, t2=t1+(1, 4))	1	298
(2070, 4, 863, t1) -> (863, 4, 2070, t2=t1+(1, 8))	1	299
