(3500, 153, 4539, t1) & (3958, 3, 4864, t2=t1+(0, 7)) & (3958, 60, 3500, t3=t2+(0, 6)) -> (4539, 153, 3958, t4=t3+(1, 2))	3	0
(929, 38, 4833, t1) & (3524, 168, 1385, t2=t1+(0, 4)) & (3524, 145, 4833, t3=t2+(0, 6)) -> (4833, 145, 4833, t4=t3+(1, 4))	3	1
(903, 133, 3181, t1) & (2362, 100, 2267, t2=t1+(0, 4)) & (2362, 127, 903, t3=t2+(0, 4)) -> (903, 133, 3181, t4=t3+(1, 4))	3	2
(961, 70, 4540, t1) & (4827, 7, 2680, t2=t1+(0, 9)) & (4827, 57, 4540, t3=t2+(0, 5)) -> (961, 70, 4827, t4=t3+(1, 11))	3	3
(4671, 64, 3972, t1) & (3271, 55, 1096, t2=t1+(0, 7)) & (1096, 15, 4671, t3=t2+(0, 6)) -> (4671, 55, 1096, t4=t3+(1, 1))	3	4
(2997, 58, 3379, t1) & (3155, 110, 350, t2=t1+(0, 4)) & (3379, 174, 350, t3=t2+(0, 6)) -> (3155, 174, 350, t4=t3+(1, 4))	3	5
(784, 42, 4127, t1) & (4701, 67, 1982, t2=t1+(0, 6)) & (1982, 95, 784, t3=t2+(0, 9)) -> (1982, 95, 784, t4=t3+(1, 7))	3	6
(1752, 73, 2088, t1) & (2990, 11, 2473, t2=t1+(0, 8)) & (2473, 195, 2088, t3=t2+(0, 4)) -> (2473, 73, 2473, t4=t3+(1, 4))	3	7
(4677, 128, 416, t1) & (3651, 105, 3925, t2=t1+(0, 2)) & (3925, 47, 4677, t3=t2+(0, 5)) -> (416, 47, 3651, t4=t3+(1, 4))	3	8
(1143, 88, 1033, t1) & (4834, 185, 1858, t2=t1+(0, 6)) & (4834, 54, 1033, t3=t2+(0, 4)) -> (1033, 54, 1143, t4=t3+(1, 6))	3	9
(3764, 137, 1677, t1) & (4071, 57, 2179, t2=t1+(0, 4)) & (3764, 116, 4071, t3=t2+(0, 3)) -> (2179, 57, 3764, t4=t3+(1, 4))	3	10
(44, 141, 1430, t1) & (80, 187, 3412, t2=t1+(0, 4)) & (3412, 182, 44, t3=t2+(0, 5)) -> (44, 187, 44, t4=t3+(1, 7))	3	11
(923, 58, 1236, t1) & (3171, 119, 3360, t2=t1+(0, 4)) & (3360, 43, 1236, t3=t2+(0, 6)) -> (3360, 58, 1236, t4=t3+(1, 7))	3	12
(2396, 40, 269, t1) & (4485, 179, 1601, t2=t1+(0, 5)) & (1601, 96, 269, t3=t2+(0, 3)) -> (269, 96, 4485, t4=t3+(1, 3))	3	13
(742, 172, 57, t1) & (4597, 56, 1742, t2=t1+(0, 3)) & (742, 119, 1742, t3=t2+(0, 2)) -> (1742, 172, 1742, t4=t3+(1, 2))	3	14
(29, 106, 1767, t1) & (749, 138, 2097, t2=t1+(0, 2)) & (29, 13, 2097, t3=t2+(0, 6)) -> (2097, 13, 749, t4=t3+(1, 6))	3	15
(1548, 41, 1178, t1) & (477, 168, 1120, t2=t1+(0, 4)) & (1178, 77, 477, t3=t2+(0, 5)) -> (477, 41, 477, t4=t3+(1, 6))	3	16
(294, 131, 2949, t1) & (88, 50, 2060, t2=t1+(0, 0)) & (2060, 50, 2949, t3=t2+(0, 8)) -> (88, 131, 2949, t4=t3+(1, 2))	3	17
(2846, 153, 3399, t1) & (4680, 146, 2701, t2=t1+(0, 4)) & (2846, 173, 4680, t3=t2+(0, 2)) -> (2846, 146, 2846, t4=t3+(1, 4))	3	18
(4306, 13, 358, t1) & (440, 50, 4298, t2=t1+(0, 2)) & (358, 171, 440, t3=t2+(0, 4)) -> (4306, 171, 358, t4=t3+(1, 6))	3	19
(1102, 95, 1868, t1) & (4866, 29, 2496, t2=t1+(0, 6)) & (2496, 138, 1868, t3=t2+(0, 5)) -> (2496, 29, 1868, t4=t3+(1, 4))	3	20
(2182, 37, 369, t1) & (634, 132, 4736, t2=t1+(0, 4)) & (369, 150, 4736, t3=t2+(0, 6)) -> (634, 150, 2182, t4=t3+(1, 3))	3	21
(494, 16, 2336, t1) & (3975, 103, 13, t2=t1+(0, 4)) & (3975, 152, 494, t3=t2+(0, 6)) -> (3975, 16, 3975, t4=t3+(1, 7))	3	22
(4868, 128, 307, t1) & (2340, 100, 3509, t2=t1+(0, 8)) & (4868, 70, 3509, t3=t2+(0, 7)) -> (307, 128, 4868, t4=t3+(1, 4))	3	23
(4964, 20, 2304, t1) & (2343, 20, 2121, t2=t1+(0, 4)) & (2121, 24, 2304, t3=t2+(0, 2)) -> (2304, 24, 4964, t4=t3+(1, 9))	3	24
(4744, 130, 1580, t1) & (4744, 152, 1580, t2=t1+(0, 6)) -> (1580, 130, 1580, t3=t2+(1, 6))	2	25
(1740, 152, 1024, t1) & (1740, 125, 407, t2=t1+(0, 4)) -> (407, 152, 1740, t3=t2+(1, 7))	2	26
(1187, 110, 4287, t1) & (4972, 142, 1187, t2=t1+(0, 3)) -> (1187, 110, 1187, t3=t2+(1, 5))	2	27
(1171, 96, 1723, t1) & (2971, 157, 1723, t2=t1+(0, 8)) -> (1723, 157, 1171, t3=t2+(1, 4))	2	28
(242, 114, 2072, t1) & (297, 119, 2072, t2=t1+(0, 3)) -> (2072, 119, 2072, t3=t2+(1, 7))	2	29
(4535, 94, 1141, t1) & (4810, 160, 1141, t2=t1+(0, 6)) -> (4810, 94, 4810, t3=t2+(1, 5))	2	30
(2295, 10, 2986, t1) & (2986, 8, 2986, t2=t1+(0, 2)) -> (2986, 10, 2986, t3=t2+(1, 3))	2	31
(4901, 144, 4547, t1) & (1856, 53, 4901, t2=t1+(0, 5)) -> (4901, 144, 4901, t3=t2+(1, 1))	2	32
(4926, 192, 3113, t1) & (2849, 29, 3113, t2=t1+(0, 6)) -> (3113, 29, 3113, t3=t2+(1, 5))	2	33
(3029, 53, 4403, t1) & (4403, 171, 3298, t2=t1+(0, 7)) -> (3298, 53, 3029, t3=t2+(1, 7))	2	34
(3214, 99, 4836, t1) & (3214, 182, 3401, t2=t1+(0, 5)) -> (3214, 99, 3214, t3=t2+(1, 5))	2	35
(4887, 57, 3972, t1) & (3972, 65, 111, t2=t1+(0, 4)) -> (111, 65, 4887, t3=t2+(1, 7))	2	36
(1399, 29, 2539, t1) & (1337, 136, 1399, t2=t1+(0, 5)) -> (1399, 29, 1337, t3=t2+(1, 10))	2	37
(3914, 113, 1562, t1) & (4501, 45, 3914, t2=t1+(0, 5)) -> (3914, 113, 3914, t3=t2+(1, 3))	2	38
(61, 48, 2150, t1) & (1754, 117, 61, t2=t1+(0, 1)) -> (1754, 117, 61, t3=t2+(1, 3))	2	39
(2229, 153, 3337, t1) & (2229, 111, 346, t2=t1+(0, 5)) -> (2229, 153, 346, t3=t2+(1, 5))	2	40
(3203, 26, 1293, t1) & (1293, 197, 1820, t2=t1+(0, 3)) -> (1293, 197, 3203, t3=t2+(1, 6))	2	41
(4645, 37, 4453, t1) & (4645, 2, 4645, t2=t1+(0, 8)) -> (4645, 2, 4645, t3=t2+(1, 2))	2	42
(1522, 46, 944, t1) & (1522, 70, 944, t2=t1+(0, 7)) -> (944, 46, 944, t3=t2+(1, 3))	2	43
(1381, 2, 2520, t1) & (1381, 97, 2520, t2=t1+(0, 4)) -> (1381, 2, 1381, t3=t2+(1, 6))	2	44
(740, 155, 295, t1) & (740, 97, 740, t2=t1+(0, 5)) -> (295, 97, 740, t3=t2+(1, 8))	2	45
(2382, 192, 942, t1) & (4318, 148, 942, t2=t1+(0, 7)) -> (942, 192, 942, t3=t2+(1, 10))	2	46
(307, 50, 1106, t1) & (307, 171, 2244, t2=t1+(0, 7)) -> (307, 50, 307, t3=t2+(1, 5))	2	47
(1446, 97, 3812, t1) & (2323, 34, 1446, t2=t1+(0, 10)) -> (3812, 34, 1446, t3=t2+(1, 2))	2	48
(4415, 146, 3599, t1) & (3599, 119, 3599, t2=t1+(0, 5)) -> (3599, 119, 3599, t3=t2+(1, 5))	2	49
(1236, 79, 2640, t1) & (1236, 109, 4199, t2=t1+(0, 3)) -> (1236, 79, 1236, t3=t2+(1, 2))	2	50
(3673, 196, 1048, t1) & (1048, 162, 1048, t2=t1+(0, 4)) -> (3673, 162, 3673, t3=t2+(1, 4))	2	51
(4620, 115, 4920, t1) & (4375, 111, 4920, t2=t1+(0, 12)) -> (4920, 111, 4620, t3=t2+(1, 4))	2	52
(2792, 173, 1381, t1) & (1800, 95, 1381, t2=t1+(0, 5)) -> (1381, 173, 1800, t3=t2+(1, 4))	2	53
(4383, 93, 1865, t1) & (4383, 132, 1865, t2=t1+(0, 4)) -> (4383, 93, 1865, t3=t2+(1, 4))	2	54
(2013, 197, 3892, t1) & (3892, 121, 4904, t2=t1+(0, 3)) -> (4904, 197, 4904, t3=t2+(1, 6))	2	55
(4339, 181, 374, t1) & (466, 65, 4339, t2=t1+(0, 8)) -> (4339, 65, 374, t3=t2+(1, 2))	2	56
(3365, 163, 4492, t1) & (3365, 118, 4865, t2=t1+(0, 11)) -> (3365, 118, 3365, t3=t2+(1, 3))	2	57
(1526, 107, 994, t1) & (1526, 73, 1526, t2=t1+(0, 4)) -> (1526, 107, 1526, t3=t2+(1, 3))	2	58
(2491, 48, 322, t1) & (2491, 101, 2936, t2=t1+(0, 5)) -> (322, 101, 2936, t3=t2+(1, 3))	2	59
(997, 182, 412, t1) & (412, 66, 997, t2=t1+(0, 6)) -> (997, 66, 997, t3=t2+(1, 4))	2	60
(115, 89, 3722, t1) & (115, 60, 1203, t2=t1+(0, 6)) -> (3722, 60, 1203, t3=t2+(1, 7))	2	61
(1832, 151, 390, t1) & (1832, 54, 390, t2=t1+(0, 2)) -> (390, 151, 1832, t3=t2+(1, 5))	2	62
(838, 45, 953, t1) & (953, 140, 953, t2=t1+(0, 6)) -> (953, 140, 953, t3=t2+(1, 6))	2	63
(4414, 140, 4949, t1) & (2949, 182, 4949, t2=t1+(0, 10)) -> (4949, 182, 2949, t3=t2+(1, 2))	2	64
(2445, 98, 3172, t1) & (3172, 60, 766, t2=t1+(0, 4)) -> (2445, 60, 3172, t3=t2+(1, 9))	2	65
(470, 116, 799, t1) & (470, 53, 799, t2=t1+(0, 4)) -> (470, 116, 799, t3=t2+(1, 5))	2	66
(728, 36, 3800, t1) & (4902, 96, 728, t2=t1+(0, 6)) -> (728, 36, 3800, t3=t2+(1, 10))	2	67
(263, 160, 492, t1) & (263, 37, 492, t2=t1+(0, 2)) -> (492, 160, 492, t3=t2+(1, 5))	2	68
(1335, 159, 686, t1) & (1335, 72, 2271, t2=t1+(0, 3)) -> (1335, 159, 686, t3=t2+(1, 8))	2	69
(2463, 83, 2901, t1) & (3277, 138, 2901, t2=t1+(0, 4)) -> (3277, 83, 2463, t3=t2+(1, 6))	2	70
(2580, 150, 107, t1) & (107, 176, 4030, t2=t1+(0, 3)) -> (107, 150, 107, t3=t2+(1, 5))	2	71
(3276, 3, 3515, t1) & (3276, 184, 3515, t2=t1+(0, 7)) -> (3276, 184, 3276, t3=t2+(1, 7))	2	72
(4268, 93, 1493, t1) & (3318, 123, 4268, t2=t1+(0, 5)) -> (4268, 123, 4268, t3=t2+(1, 9))	2	73
(4579, 115, 1679, t1) & (1847, 0, 1679, t2=t1+(0, 6)) -> (1847, 115, 1679, t3=t2+(1, 2))	2	74
(4561, 135, 676, t1) & (4561, 117, 1223, t2=t1+(0, 3)) -> (4561, 117, 4561, t3=t2+(1, 8))	2	75
(4309, 119, 2107, t1) & (2107, 57, 1703, t2=t1+(0, 4)) -> (1703, 57, 2107, t3=t2+(1, 2))	2	76
(3180, 83, 3874, t1) & (3874, 20, 4861, t2=t1+(0, 3)) -> (3874, 83, 3874, t3=t2+(1, 4))	2	77
(4336, 85, 1592, t1) & (1592, 131, 1592, t2=t1+(0, 5)) -> (1592, 131, 4336, t3=t2+(1, 1))	2	78
(972, 128, 1526, t1) & (972, 51, 869, t2=t1+(0, 3)) -> (1526, 128, 1526, t3=t2+(1, 4))	2	79
(4735, 197, 3217, t1) & (844, 156, 3217, t2=t1+(0, 1)) -> (4735, 156, 844, t3=t2+(1, 4))	2	80
(4600, 78, 1307, t1) & (2535, 163, 1307, t2=t1+(0, 3)) -> (4600, 163, 1307, t3=t2+(1, 2))	2	81
(2707, 46, 1247, t1) & (1247, 138, 3734, t2=t1+(0, 2)) -> (1247, 138, 1247, t3=t2+(1, 4))	2	82
(2048, 168, 3207, t1) & (3207, 175, 2948, t2=t1+(0, 3)) -> (2948, 175, 3207, t3=t2+(1, 7))	2	83
(941, 82, 3405, t1) & (3405, 190, 3661, t2=t1+(0, 3)) -> (3661, 190, 3405, t3=t2+(1, 5))	2	84
(1078, 61, 3060, t1) & (1078, 29, 4793, t2=t1+(0, 5)) -> (4793, 61, 3060, t3=t2+(1, 3))	2	85
(2851, 154, 4312, t1) & (4312, 63, 2851, t2=t1+(0, 6)) -> (2851, 63, 2851, t3=t2+(1, 2))	2	86
(1572, 188, 4785, t1) & (4785, 88, 1646, t2=t1+(0, 4)) -> (1646, 188, 4785, t3=t2+(1, 6))	2	87
(3572, 14, 3816, t1) & (3816, 52, 564, t2=t1+(0, 6)) -> (3816, 52, 3572, t3=t2+(1, 8))	2	88
(4091, 115, 4506, t1) & (4506, 133, 4091, t2=t1+(0, 5)) -> (4091, 115, 4506, t3=t2+(1, 7))	2	89
(1485, 75, 1580, t1) & (1485, 122, 3412, t2=t1+(0, 5)) -> (1485, 122, 1485, t3=t2+(1, 5))	2	90
(3392, 155, 766, t1) & (3392, 158, 3392, t2=t1+(0, 6)) -> (3392, 155, 3392, t3=t2+(1, 6))	2	91
(4536, 52, 1436, t1) & (1436, 148, 848, t2=t1+(0, 6)) -> (4536, 148, 1436, t3=t2+(1, 3))	2	92
(1293, 20, 4849, t1) & (3555, 182, 4849, t2=t1+(0, 5)) -> (4849, 182, 4849, t3=t2+(1, 2))	2	93
(3627, 137, 2607, t1) & (3627, 157, 2607, t2=t1+(0, 3)) -> (3627, 157, 3627, t3=t2+(1, 4))	2	94
(246, 8, 1990, t1) & (1990, 57, 4015, t2=t1+(0, 4)) -> (1990, 57, 1990, t3=t2+(1, 11))	2	95
(1464, 111, 550, t1) & (1464, 108, 548, t2=t1+(0, 4)) -> (1464, 111, 1464, t3=t2+(1, 3))	2	96
(3692, 189, 2803, t1) & (3692, 165, 762, t2=t1+(0, 4)) -> (762, 189, 2803, t3=t2+(1, 4))	2	97
(2646, 132, 2120, t1) & (2120, 182, 2120, t2=t1+(0, 7)) -> (2646, 182, 2120, t3=t2+(1, 7))	2	98
(643, 73, 978, t1) & (4346, 43, 643, t2=t1+(0, 6)) -> (643, 73, 643, t3=t2+(1, 9))	2	99
(1680, 14, 4672, t1) & (4672, 104, 833, t2=t1+(0, 4)) -> (4672, 14, 833, t3=t2+(1, 3))	2	100
(942, 83, 389, t1) & (389, 30, 3386, t2=t1+(0, 3)) -> (389, 30, 3386, t3=t2+(1, 5))	2	101
(565, 84, 694, t1) & (558, 130, 565, t2=t1+(0, 8)) -> (565, 130, 565, t3=t2+(1, 3))	2	102
(1807, 126, 1258, t1) & (3111, 186, 1258, t2=t1+(0, 5)) -> (1258, 126, 3111, t3=t2+(1, 8))	2	103
(85, 3, 506, t1) & (85, 0, 85, t2=t1+(0, 7)) -> (85, 3, 506, t3=t2+(1, 6))	2	104
(547, 10, 4650, t1) & (4650, 10, 4650, t2=t1+(0, 2)) -> (547, 10, 4650, t3=t2+(1, 2))	2	105
(1628, 134, 4501, t1) & (1628, 177, 4501, t2=t1+(0, 6)) -> (1628, 134, 1628, t3=t2+(1, 2))	2	106
(1272, 105, 302, t1) & (3199, 44, 1272, t2=t1+(0, 8)) -> (1272, 44, 1272, t3=t2+(1, 4))	2	107
(676, 163, 4651, t1) & (2827, 90, 676, t2=t1+(0, 4)) -> (676, 163, 4651, t3=t2+(1, 2))	2	108
(3191, 164, 4374, t1) & (3191, 186, 4374, t2=t1+(0, 7)) -> (4374, 164, 4374, t3=t2+(1, 4))	2	109
(3554, 56, 1562, t1) & (3554, 186, 1507, t2=t1+(0, 8)) -> (1507, 186, 3554, t3=t2+(1, 3))	2	110
(4550, 158, 228, t1) & (1514, 107, 228, t2=t1+(0, 5)) -> (228, 158, 1514, t3=t2+(1, 5))	2	111
(360, 9, 4420, t1) & (4420, 71, 360, t2=t1+(0, 4)) -> (360, 71, 360, t3=t2+(1, 1))	2	112
(1524, 168, 609, t1) & (609, 76, 609, t2=t1+(0, 12)) -> (1524, 168, 609, t3=t2+(1, 3))	2	113
(217, 148, 7, t1) & (7, 176, 1083, t2=t1+(0, 1)) -> (1083, 148, 217, t3=t2+(1, 2))	2	114
(4642, 118, 2558, t1) & (4698, 103, 2558, t2=t1+(0, 3)) -> (2558, 118, 2558, t3=t2+(1, 4))	2	115
(3227, 45, 2196, t1) & (778, 152, 2196, t2=t1+(0, 6)) -> (778, 152, 3227, t3=t2+(1, 3))	2	116
(52, 74, 1161, t1) & (52, 140, 3788, t2=t1+(0, 7)) -> (1161, 140, 1161, t3=t2+(1, 5))	2	117
(923, 63, 2466, t1) & (2466, 18, 1689, t2=t1+(0, 5)) -> (2466, 18, 923, t3=t2+(1, 7))	2	118
(2754, 156, 3356, t1) & (2315, 123, 3356, t2=t1+(0, 2)) -> (2315, 156, 2315, t3=t2+(1, 7))	2	119
(4407, 139, 4953, t1) & (4596, 28, 4953, t2=t1+(0, 5)) -> (4953, 139, 4953, t3=t2+(1, 3))	2	120
(1967, 37, 897, t1) & (897, 12, 1967, t2=t1+(0, 8)) -> (1967, 37, 897, t3=t2+(1, 5))	2	121
(4513, 8, 2439, t1) & (2439, 20, 4513, t2=t1+(0, 3)) -> (4513, 20, 2439, t3=t2+(1, 7))	2	122
(2550, 158, 1407, t1) & (1407, 80, 1407, t2=t1+(0, 7)) -> (1407, 158, 1407, t3=t2+(1, 4))	2	123
(2066, 48, 4189, t1) & (2066, 9, 384, t2=t1+(0, 3)) -> (2066, 48, 2066, t3=t2+(1, 4))	2	124
(3283, 42, 563, t1) -> (563, 42, 563, t2=t1+(1, 9))	1	125
(754, 83, 4378, t1) -> (754, 83, 754, t2=t1+(1, 10))	1	126
(3744, 13, 403, t1) -> (403, 13, 403, t2=t1+(1, 6))	1	127
(2851, 137, 1613, t1) -> (2851, 137, 1613, t2=t1+(1, 3))	1	128
(4065, 191, 231, t1) -> (4065, 191, 231, t2=t1+(1, 4))	1	129
(4253, 109, 970, t1) -> (970, 109, 4253, t2=t1+(1, 3))	1	130
(361, 4, 1578, t1) -> (361, 4, 1578, t2=t1+(1, 7))	1	131
(177, 192, 1254, t1) -> (177, 192, 1254, t2=t1+(1, 5))	1	132
(1604, 38, 4046, t1) -> (4046, 38, 4046, t2=t1+(1, 4))	1	133
(2423, 136, 790, t1) -> (790, 136, 790, t2=t1+(1, 3))	1	134
(4341, 57, 1856, t1) -> (1856, 57, 4341, t2=t1+(1, 2))	1	135
(2322, 150, 3743, t1) -> (2322, 150, 2322, t2=t1+(1, 3))	1	136
(3060, 175, 4506, t1) -> (4506, 175, 3060, t2=t1+(1, 6))	1	137
(270, 115, 3738, t1) -> (270, 115, 3738, t2=t1+(1, 2))	1	138
(3390, 109, 1104, t1) -> (1104, 109, 1104, t2=t1+(1, 6))	1	139
(4032, 170, 1818, t1) -> (1818, 170, 1818, t2=t1+(1, 5))	1	140
(1105, 60, 4225, t1) -> (4225, 60, 1105, t2=t1+(1, 4))	1	141
(4936, 110, 2526, t1) -> (4936, 110, 2526, t2=t1+(1, 7))	1	142
(3766, 127, 4574, t1) -> (3766, 127, 3766, t2=t1+(1, 2))	1	143
(995, 83, 3920, t1) -> (995, 83, 3920, t2=t1+(1, 3))	1	144
(4394, 88, 4361, t1) -> (4361, 88, 4394, t2=t1+(1, 4))	1	145
(3333, 14, 3141, t1) -> (3141, 14, 3333, t2=t1+(1, 6))	1	146
(1306, 119, 955, t1) -> (955, 119, 1306, t2=t1+(1, 6))	1	147
(2713, 96, 4711, t1) -> (2713, 96, 2713, t2=t1+(1, 5))	1	148
(538, 77, 4131, t1) -> (4131, 77, 538, t2=t1+(1, 9))	1	149
(713, 188, 3917, t1) -> (713, 188, 713, t2=t1+(1, 8))	1	150
(1436, 136, 529, t1) -> (1436, 136, 1436, t2=t1+(1, 6))	1	151
(4661, 18, 4273, t1) -> (4661, 18, 4273, t2=t1+(1, 4))	1	152
(2620, 65, 2338, t1) -> (2620, 65, 2338, t2=t1+(1, 4))	1	153
(626, 179, 4051, t1) -> (626, 179, 4051, t2=t1+(1, 7))	1	154
(1845, 150, 1223, t1) -> (1845, 150, 1223, t2=t1+(1, 4))	1	155
(1819, 95, 4462, t1) -> (1819, 95, 4462, t2=t1+(1, 6))	1	156
(1896, 179, 370, t1) -> (370, 179, 370, t2=t1+(1, 10))	1	157
(4158, 79, 2799, t1) -> (4158, 79, 4158, t2=t1+(1, 3))	1	158
(3555, 43, 945, t1) -> (945, 43, 3555, t2=t1+(1, 5))	1	159
(1407, 88, 1617, t1) -> (1617, 88, 1617, t2=t1+(1, 5))	1	160
(1012, 145, 1951, t1) -> (1012, 145, 1951, t2=t1+(1, 7))	1	161
(4289, 195, 2050, t1) -> (4289, 195, 2050, t2=t1+(1, 8))	1	162
(829, 128, 2952, t1) -> (829, 128, 829, t2=t1+(1, 3))	1	163
(2344, 136, 4443, t1) -> (2344, 136, 2344, t2=t1+(1, 7))	1	164
(741, 196, 2297, t1) -> (2297, 196, 2297, t2=t1+(1, 5))	1	165
(1032, 25, 2004, t1) -> (2004, 25, 2004, t2=t1+(1, 5))	1	166
(1003, 30, 616, t1) -> (1003, 30, 1003, t2=t1+(1, 5))	1	167
(889, 65, 2225, t1) -> (2225, 65, 2225, t2=t1+(1, 2))	1	168
(1215, 4, 281, t1) -> (1215, 4, 281, t2=t1+(1, 2))	1	169
(2964, 83, 4692, t1) -> (4692, 83, 2964, t2=t1+(1, 9))	1	170
(4138, 23, 2883, t1) -> (4138, 23, 4138, t2=t1+(1, 5))	1	171
(3253, 123, 570, t1) -> (3253, 123, 3253, t2=t1+(1, 6))	1	172
(649, 3, 3909, t1) -> (649, 3, 3909, t2=t1+(1, 7))	1	173
(1191, 148, 436, t1) -> (1191, 148, 1191, t2=t1+(1, 8))	1	174
(686, 114, 650, t1) -> (686, 114, 686, t2=t1+(1, 2))	1	175
(980, 105, 1085, t1) -> (1085, 105, 1085, t2=t1+(1, 5))	1	176
(3708, 108, 3233, t1) -> (3708, 108, 3708, t2=t1+(1, 4))	1	177
(4927, 81, 409, t1) -> (409, 81, 409, t2=t1+(1, 7))	1	178
(4146, 54, 643, t1) -> (643, 54, 643, t2=t1+(1, 3))	1	179
(821, 168, 1620, t1) -> (821, 168, 821, t2=t1+(1, 6))	1	180
(2856, 142, 2062, t1) -> (2856, 142, 2062, t2=t1+(1, 6))	1	181
(856, 150, 393, t1) -> (856, 150, 856, t2=t1+(1, 3))	1	182
(1863, 185, 3038, t1) -> (3038, 185, 1863, t2=t1+(1, 6))	1	183
(4097, 78, 4239, t1) -> (4097, 78, 4097, t2=t1+(1, 5))	1	184
(2604, 73, 1315, t1) -> (2604, 73, 2604, t2=t1+(1, 3))	1	185
(3367, 48, 1922, t1) -> (3367, 48, 1922, t2=t1+(1, 4))	1	186
(1214, 86, 962, t1) -> (962, 86, 962, t2=t1+(1, 5))	1	187
(589, 26, 4097, t1) -> (4097, 26, 589, t2=t1+(1, 7))	1	188
(1671, 141, 4919, t1) -> (4919, 141, 4919, t2=t1+(1, 3))	1	189
(2694, 122, 3333, t1) -> (3333, 122, 2694, t2=t1+(1, 4))	1	190
(2649, 194, 2987, t1) -> (2987, 194, 2987, t2=t1+(1, 9))	1	191
(853, 190, 817, t1) -> (853, 190, 853, t2=t1+(1, 2))	1	192
(4635, 76, 4484, t1) -> (4484, 76, 4484, t2=t1+(1, 6))	1	193
(4733, 34, 3573, t1) -> (3573, 34, 3573, t2=t1+(1, 5))	1	194
(3483, 4, 4695, t1) -> (3483, 4, 3483, t2=t1+(1, 5))	1	195
(1089, 56, 197, t1) -> (1089, 56, 197, t2=t1+(1, 4))	1	196
(3484, 167, 3515, t1) -> (3515, 167, 3484, t2=t1+(1, 6))	1	197
(165, 166, 3510, t1) -> (3510, 166, 3510, t2=t1+(1, 4))	1	198
(1737, 121, 3416, t1) -> (3416, 121, 1737, t2=t1+(1, 5))	1	199
(3659, 9, 1966, t1) -> (1966, 9, 3659, t2=t1+(1, 5))	1	200
(600, 126, 4427, t1) -> (600, 126, 4427, t2=t1+(1, 5))	1	201
(3261, 44, 2544, t1) -> (2544, 44, 2544, t2=t1+(1, 7))	1	202
(2550, 161, 1362, t1) -> (2550, 161, 1362, t2=t1+(1, 4))	1	203
(2276, 80, 682, t1) -> (682, 80, 682, t2=t1+(1, 7))	1	204
(4719, 186, 167, t1) -> (167, 186, 4719, t2=t1+(1, 3))	1	205
(191, 49, 2413, t1) -> (2413, 49, 2413, t2=t1+(1, 2))	1	206
(504, 172, 192, t1) -> (504, 172, 192, t2=t1+(1, 4))	1	207
(4105, 180, 1213, t1) -> (1213, 180, 1213, t2=t1+(1, 5))	1	208
(3252, 121, 4513, t1) -> (4513, 121, 4513, t2=t1+(1, 6))	1	209
(413, 155, 3929, t1) -> (3929, 155, 413, t2=t1+(1, 1))	1	210
(3201, 180, 802, t1) -> (3201, 180, 3201, t2=t1+(1, 6))	1	211
(1265, 109, 3251, t1) -> (1265, 109, 3251, t2=t1+(1, 4))	1	212
(212, 184, 3054, t1) -> (212, 184, 212, t2=t1+(1, 3))	1	213
(695, 54, 693, t1) -> (695, 54, 693, t2=t1+(1, 6))	1	214
(3269, 125, 3338, t1) -> (3269, 125, 3269, t2=t1+(1, 5))	1	215
(2545, 123, 1958, t1) -> (2545, 123, 1958, t2=t1+(1, 6))	1	216
(1532, 195, 641, t1) -> (1532, 195, 641, t2=t1+(1, 4))	1	217
(495, 47, 4880, t1) -> (495, 47, 4880, t2=t1+(1, 2))	1	218
(4708, 37, 3809, t1) -> (3809, 37, 3809, t2=t1+(1, 5))	1	219
(1569, 42, 1969, t1) -> (1969, 42, 1569, t2=t1+(1, 4))	1	220
(782, 44, 1566, t1) -> (1566, 44, 782, t2=t1+(1, 7))	1	221
(2696, 198, 1339, t1) -> (2696, 198, 2696, t2=t1+(1, 3))	1	222
(3835, 92, 1286, t1) -> (1286, 92, 3835, t2=t1+(1, 2))	1	223
(1828, 144, 4065, t1) -> (4065, 144, 1828, t2=t1+(1, 5))	1	224
(276, 140, 3717, t1) -> (3717, 140, 276, t2=t1+(1, 5))	1	225
(4736, 67, 1823, t1) -> (1823, 67, 1823, t2=t1+(1, 8))	1	226
(55, 138, 4307, t1) -> (4307, 138, 4307, t2=t1+(1, 5))	1	227
(2367, 92, 1356, t1) -> (1356, 92, 1356, t2=t1+(1, 6))	1	228
(92, 178, 204, t1) -> (92, 178, 92, t2=t1+(1, 5))	1	229
(1823, 120, 3164, t1) -> (1823, 120, 1823, t2=t1+(1, 5))	1	230
(1669, 117, 1379, t1) -> (1669, 117, 1379, t2=t1+(1, 4))	1	231
(2679, 128, 1516, t1) -> (1516, 128, 2679, t2=t1+(1, 5))	1	232
(3188, 107, 1236, t1) -> (3188, 107, 1236, t2=t1+(1, 8))	1	233
(1810, 126, 3546, t1) -> (1810, 126, 1810, t2=t1+(1, 3))	1	234
(4003, 132, 1796, t1) -> (4003, 132, 4003, t2=t1+(1, 6))	1	235
(295, 24, 3507, t1) -> (3507, 24, 3507, t2=t1+(1, 5))	1	236
(645, 29, 1803, t1) -> (1803, 29, 1803, t2=t1+(1, 3))	1	237
(305, 48, 81, t1) -> (305, 48, 305, t2=t1+(1, 6))	1	238
(3706, 53, 2689, t1) -> (3706, 53, 2689, t2=t1+(1, 5))	1	239
(2581, 135, 1006, t1) -> (2581, 135, 1006, t2=t1+(1, 1))	1	240
(2274, 15, 2488, t1) -> (2274, 15, 2488, t2=t1+(1, 4))	1	241
(3213, 62, 2842, t1) -> (2842, 62, 3213, t2=t1+(1, 4))	1	242
(2671, 187, 3201, t1) -> (3201, 187, 2671, t2=t1+(1, 6))	1	243
(3770, 73, 186, t1) -> (3770, 73, 3770, t2=t1+(1, 3))	1	244
(571, 185, 966, t1) -> (966, 185, 571, t2=t1+(1, 11))	1	245
(3875, 68, 2660, t1) -> (3875, 68, 3875, t2=t1+(1, 8))	1	246
(3611, 177, 882, t1) -> (3611, 177, 882, t2=t1+(1, 7))	1	247
(2921, 9, 4090, t1) -> (4090, 9, 2921, t2=t1+(1, 5))	1	248
(4283, 57, 1907, t1) -> (4283, 57, 1907, t2=t1+(1, 6))	1	249
(3994, 128, 69, t1) -> (3994, 128, 69, t2=t1+(1, 3))	1	250
(416, 193, 2611, t1) -> (416, 193, 416, t2=t1+(1, 4))	1	251
(3156, 182, 3006, t1) -> (3006, 182, 3006, t2=t1+(1, 7))	1	252
(1380, 161, 240, t1) -> (240, 161, 240, t2=t1+(1, 8))	1	253
(4821, 79, 1449, t1) -> (1449, 79, 1449, t2=t1+(1, 5))	1	254
(3156, 179, 3302, t1) -> (3156, 179, 3302, t2=t1+(1, 4))	1	255
(2240, 72, 2000, t1) -> (2000, 72, 2000, t2=t1+(1, 3))	1	256
(4831, 32, 2680, t1) -> (2680, 32, 4831, t2=t1+(1, 9))	1	257
(2591, 111, 3522, t1) -> (2591, 111, 3522, t2=t1+(1, 8))	1	258
(664, 58, 4216, t1) -> (4216, 58, 4216, t2=t1+(1, 6))	1	259
(1385, 73, 1608, t1) -> (1608, 73, 1608, t2=t1+(1, 4))	1	260
(1634, 124, 3889, t1) -> (1634, 124, 1634, t2=t1+(1, 5))	1	261
(408, 12, 1788, t1) -> (1788, 12, 1788, t2=t1+(1, 3))	1	262
(2558, 189, 3178, t1) -> (3178, 189, 2558, t2=t1+(1, 3))	1	263
(2493, 184, 1526, t1) -> (2493, 184, 1526, t2=t1+(1, 8))	1	264
(2017, 172, 2508, t1) -> (2017, 172, 2508, t2=t1+(1, 6))	1	265
(3241, 8, 3980, t1) -> (3241, 8, 3241, t2=t1+(1, 13))	1	266
(4408, 144, 1660, t1) -> (1660, 144, 4408, t2=t1+(1, 5))	1	267
(2031, 151, 750, t1) -> (750, 151, 750, t2=t1+(1, 4))	1	268
(2600, 103, 2109, t1) -> (2109, 103, 2109, t2=t1+(1, 7))	1	269
(177, 76, 973, t1) -> (177, 76, 973, t2=t1+(1, 9))	1	270
(980, 71, 4412, t1) -> (4412, 71, 980, t2=t1+(1, 8))	1	271
(4971, 146, 3591, t1) -> (4971, 146, 4971, t2=t1+(1, 9))	1	272
(3632, 140, 4255, t1) -> (3632, 140, 4255, t2=t1+(1, 4))	1	273
(4613, 10, 4970, t1) -> (4613, 10, 4613, t2=t1+(1, 5))	1	274
(4008, 161, 3975, t1) -> (4008, 161, 4008, t2=t1+(1, 6))	1	275
(762, 177, 4452, t1) -> (762, 177, 762, t2=t1+(1, 6))	1	276
(932, 26, 3820, t1) -> (932, 26, 3820, t2=t1+(1, 3))	1	277
(4670, 134, 2036, t1) -> (4670, 134, 4670, t2=t1+(1, 3))	1	278
(1039, 36, 2382, t1) -> (2382, 36, 1039, t2=t1+(1, 5))	1	279
(388, 193, 1661, t1) -> (388, 193, 1661, t2=t1+(1, 4))	1	280
(2938, 182, 3735, t1) -> (2938, 182, 2938, t2=t1+(1, 6))	1	281
(1555, 12, 542, t1) -> (1555, 12, 1555, t2=t1+(1, 8))	1	282
(996, 128, 1527, t1) -> (1527, 128, 1527, t2=t1+(1, 9))	1	283
(3863, 55, 4516, t1) -> (4516, 55, 4516, t2=t1+(1, 6))	1	284
(2609, 170, 1642, t1) -> (1642, 170, 2609, t2=t1+(1, 7))	1	285
(4600, 122, 2412, t1) -> (2412, 122, 4600, t2=t1+(1, 5))	1	286
(3608, 0, 3367, t1) -> (3608, 0, 3367, t2=t1+(1, 3))	1	287
(4540, 60, 2037, t1) -> (4540, 60, 2037, t2=t1+(1, 1))	1	288
(3514, 63, 4336, t1) -> (3514, 63, 3514, t2=t1+(1, 3))	1	289
(753, 144, 1105, t1) -> (753, 144, 753, t2=t1+(1, 4))	1	290
(452, 96, 1563, t1) -> (452, 96, 1563, t2=t1+(1, 5))	1	291
(455, 116, 4331, t1) -> (4331, 116, 4331, t2=t1+(1, 7))	1	292
(1067, 110, 78, t1) -> (1067, 110, 78, t2=t1+(1, 4))	1	293
(2055, 106, 2471, t1) -> (2471, 106, 2471, t2=t1+(1, 5))	1	294
(2262, 32, 4638, t1) -> (4638, 32, 4638, t2=t1+(1, 2))	1	295
(1218, 17, 4046, t1) -> (1218, 17, 1218, t2=t1+(1, 3))	1	296
(434, 103, 566, t1) -> (566, 103, 434, t2=t1+(1, 5))	1	297
(2916, 191, 986, t1) -> (986, 191, 2916, t2=t1+(1, 4))	1	298
(2830, 93, 3382, t1) -> (3382, 93, 3382, t2=t1+(1, 4))	1	299
(2444, 188, 4897, t1) -> (4897, 188, 4897, t2=t1+(1, 9))	1	300
(279, 115, 4473, t1) -> (4473, 115, 279, t2=t1+(1, 4))	1	301
(1182, 118, 2432, t1) -> (1182, 118, 2432, t2=t1+(1, 5))	1	302
(701, 67, 1316, t1) -> (701, 67, 1316, t2=t1+(1, 4))	1	303
(878, 87, 3184, t1) -> (878, 87, 878, t2=t1+(1, 3))	1	304
(3268, 194, 1567, t1) -> (1567, 194, 3268, t2=t1+(1, 4))	1	305
(4763, 180, 1184, t1) -> (1184, 180, 1184, t2=t1+(1, 6))	1	306
(1124, 136, 4489, t1) -> (1124, 136, 4489, t2=t1+(1, 7))	1	307
(4575, 129, 89, t1) -> (89, 129, 89, t2=t1+(1, 3))	1	308
(4150, 39, 3490, t1) -> (4150, 39, 4150, t2=t1+(1, 6))	1	309
(1632, 191, 2520, t1) -> (1632, 191, 2520, t2=t1+(1, 6))	1	310
(1042, 188, 518, t1) -> (518, 188, 1042, t2=t1+(1, 2))	1	311
(4172, 174, 3514, t1) -> (3514, 174, 4172, t2=t1+(1, 6))	1	312
(1884, 64, 2612, t1) -> (1884, 64, 2612, t2=t1+(1, 7))	1	313
(396, 125, 3352, t1) -> (3352, 125, 396, t2=t1+(1, 6))	1	314
(1096, 164, 2307, t1) -> (2307, 164, 2307, t2=t1+(1, 8))	1	315
(1493, 24, 2305, t1) -> (2305, 24, 2305, t2=t1+(1, 3))	1	316
(4876, 41, 54, t1) -> (4876, 41, 4876, t2=t1+(1, 4))	1	317
(3753, 73, 876, t1) -> (3753, 73, 3753, t2=t1+(1, 6))	1	318
(1568, 9, 3926, t1) -> (3926, 9, 3926, t2=t1+(1, 5))	1	319
(1033, 127, 781, t1) -> (1033, 127, 781, t2=t1+(1, 8))	1	320
(1093, 76, 1432, t1) -> (1093, 76, 1432, t2=t1+(1, 6))	1	321
(1942, 121, 449, t1) -> (449, 121, 449, t2=t1+(1, 9))	1	322
(4550, 71, 4931, t1) -> (4931, 71, 4550, t2=t1+(1, 3))	1	323
(881, 89, 3209, t1) -> (881, 89, 881, t2=t1+(1, 4))	1	324
(3930, 99, 3424, t1) -> (3424, 99, 3424, t2=t1+(1, 5))	1	325
(3078, 16, 650, t1) -> (650, 16, 3078, t2=t1+(1, 4))	1	326
(1811, 110, 2185, t1) -> (2185, 110, 2185, t2=t1+(1, 9))	1	327
(119, 136, 4997, t1) -> (119, 136, 4997, t2=t1+(1, 5))	1	328
(1087, 85, 4771, t1) -> (4771, 85, 1087, t2=t1+(1, 4))	1	329
(1235, 162, 610, t1) -> (610, 162, 1235, t2=t1+(1, 3))	1	330
(2543, 129, 905, t1) -> (2543, 129, 905, t2=t1+(1, 3))	1	331
(1474, 60, 27, t1) -> (27, 60, 1474, t2=t1+(1, 3))	1	332
(2963, 177, 3863, t1) -> (2963, 177, 3863, t2=t1+(1, 5))	1	333
(4134, 56, 4809, t1) -> (4134, 56, 4134, t2=t1+(1, 5))	1	334
(775, 19, 4613, t1) -> (775, 19, 4613, t2=t1+(1, 7))	1	335
(2863, 192, 3377, t1) -> (3377, 192, 2863, t2=t1+(1, 5))	1	336
(435, 167, 737, t1) -> (435, 167, 435, t2=t1+(1, 4))	1	337
(4717, 172, 3764, t1) -> (4717, 172, 4717, t2=t1+(1, 5))	1	338
(2048, 161, 803, t1) -> (2048, 161, 803, t2=t1+(1, 4))	1	339
(1124, 6, 4346, t1) -> (4346, 6, 4346, t2=t1+(1, 5))	1	340
(3741, 24, 3829, t1) -> (3829, 24, 3741, t2=t1+(1, 2))	1	341
(3440, 98, 1990, t1) -> (3440, 98, 3440, t2=t1+(1, 5))	1	342
(1024, 147, 4684, t1) -> (1024, 147, 4684, t2=t1+(1, 5))	1	343
(4953, 109, 1289, t1) -> (1289, 109, 1289, t2=t1+(1, 5))	1	344
(1900, 126, 2464, t1) -> (1900, 126, 2464, t2=t1+(1, 4))	1	345
(4175, 186, 187, t1) -> (187, 186, 187, t2=t1+(1, 4))	1	346
(4418, 140, 2923, t1) -> (4418, 140, 2923, t2=t1+(1, 5))	1	347
(784, 134, 4378, t1) -> (784, 134, 4378, t2=t1+(1, 3))	1	348
(1362, 184, 3133, t1) -> (3133, 184, 3133, t2=t1+(1, 4))	1	349
(2352, 116, 1576, t1) -> (1576, 116, 2352, t2=t1+(1, 4))	1	350
(3743, 96, 988, t1) -> (3743, 96, 988, t2=t1+(1, 6))	1	351
(465, 104, 3900, t1) -> (465, 104, 3900, t2=t1+(1, 3))	1	352
(1825, 188, 1638, t1) -> (1825, 188, 1825, t2=t1+(1, 3))	1	353
(1758, 122, 1505, t1) -> (1505, 122, 1505, t2=t1+(1, 1))	1	354
(2831, 86, 3177, t1) -> (3177, 86, 2831, t2=t1+(1, 8))	1	355
(1250, 179, 4165, t1) -> (4165, 179, 1250, t2=t1+(1, 2))	1	356
(2555, 113, 588, t1) -> (2555, 113, 2555, t2=t1+(1, 1))	1	357
(4829, 76, 3883, t1) -> (3883, 76, 4829, t2=t1+(1, 2))	1	358
(4597, 144, 2366, t1) -> (4597, 144, 4597, t2=t1+(1, 2))	1	359
(4487, 188, 4955, t1) -> (4487, 188, 4487, t2=t1+(1, 5))	1	360
(3969, 71, 4634, t1) -> (3969, 71, 4634, t2=t1+(1, 4))	1	361
(1124, 94, 543, t1) -> (543, 94, 543, t2=t1+(1, 6))	1	362
(4373, 122, 4386, t1) -> (4373, 122, 4386, t2=t1+(1, 6))	1	363
(1355, 64, 2527, t1) -> (2527, 64, 2527, t2=t1+(1, 2))	1	364
(4067, 102, 4434, t1) -> (4434, 102, 4067, t2=t1+(1, 7))	1	365
(4204, 193, 4500, t1) -> (4500, 193, 4204, t2=t1+(1, 5))	1	366
(3301, 25, 4134, t1) -> (4134, 25, 4134, t2=t1+(1, 6))	1	367
(1796, 7, 3251, t1) -> (1796, 7, 1796, t2=t1+(1, 3))	1	368
(733, 176, 3471, t1) -> (733, 176, 733, t2=t1+(1, 5))	1	369
(3884, 37, 1411, t1) -> (3884, 37, 3884, t2=t1+(1, 4))	1	370
(2528, 153, 333, t1) -> (2528, 153, 333, t2=t1+(1, 9))	1	371
(3103, 155, 3795, t1) -> (3795, 155, 3103, t2=t1+(1, 3))	1	372
(1512, 23, 4148, t1) -> (4148, 23, 1512, t2=t1+(1, 8))	1	373
(4950, 142, 2950, t1) -> (4950, 142, 4950, t2=t1+(1, 6))	1	374
(4803, 31, 397, t1) -> (397, 31, 4803, t2=t1+(1, 5))	1	375
(764, 180, 1871, t1) -> (764, 180, 1871, t2=t1+(1, 7))	1	376
(4576, 46, 880, t1) -> (4576, 46, 4576, t2=t1+(1, 3))	1	377
(3698, 13, 4221, t1) -> (3698, 13, 3698, t2=t1+(1, 3))	1	378
(2071, 42, 3342, t1) -> (3342, 42, 2071, t2=t1+(1, 5))	1	379
(1601, 180, 1290, t1) -> (1601, 180, 1601, t2=t1+(1, 8))	1	380
(3912, 18, 2199, t1) -> (2199, 18, 3912, t2=t1+(1, 6))	1	381
(2537, 42, 1223, t1) -> (2537, 42, 1223, t2=t1+(1, 5))	1	382
(1867, 24, 4718, t1) -> (4718, 24, 4718, t2=t1+(1, 4))	1	383
(1338, 25, 2102, t1) -> (2102, 25, 2102, t2=t1+(1, 1))	1	384
(85, 166, 396, t1) -> (85, 166, 396, t2=t1+(1, 1))	1	385
(2636, 66, 1709, t1) -> (2636, 66, 2636, t2=t1+(1, 7))	1	386
(2264, 63, 3467, t1) -> (2264, 63, 3467, t2=t1+(1, 11))	1	387
(1490, 122, 1274, t1) -> (1274, 122, 1490, t2=t1+(1, 6))	1	388
(4972, 48, 2285, t1) -> (4972, 48, 2285, t2=t1+(1, 3))	1	389
(2687, 6, 4637, t1) -> (4637, 6, 4637, t2=t1+(1, 5))	1	390
(4584, 96, 1634, t1) -> (4584, 96, 1634, t2=t1+(1, 5))	1	391
(1221, 55, 986, t1) -> (1221, 55, 1221, t2=t1+(1, 7))	1	392
(1841, 174, 3961, t1) -> (3961, 174, 1841, t2=t1+(1, 4))	1	393
(8, 191, 3517, t1) -> (3517, 191, 8, t2=t1+(1, 10))	1	394
(3596, 68, 2416, t1) -> (2416, 68, 3596, t2=t1+(1, 3))	1	395
(3205, 68, 3396, t1) -> (3396, 68, 3205, t2=t1+(1, 5))	1	396
(2790, 193, 836, t1) -> (2790, 193, 836, t2=t1+(1, 6))	1	397
(4459, 91, 4371, t1) -> (4371, 91, 4459, t2=t1+(1, 5))	1	398
(4111, 57, 3690, t1) -> (4111, 57, 4111, t2=t1+(1, 4))	1	399
(1219, 99, 2892, t1) -> (2892, 99, 1219, t2=t1+(1, 7))	1	400
(1028, 31, 702, t1) -> (1028, 31, 702, t2=t1+(1, 6))	1	401
(2994, 7, 775, t1) -> (2994, 7, 775, t2=t1+(1, 9))	1	402
(4129, 21, 3158, t1) -> (3158, 21, 3158, t2=t1+(1, 5))	1	403
(2711, 85, 594, t1) -> (594, 85, 594, t2=t1+(1, 3))	1	404
(4383, 118, 951, t1) -> (4383, 118, 951, t2=t1+(1, 6))	1	405
(2681, 63, 4776, t1) -> (4776, 63, 4776, t2=t1+(1, 7))	1	406
(4166, 15, 1499, t1) -> (4166, 15, 4166, t2=t1+(1, 4))	1	407
(4676, 51, 2321, t1) -> (4676, 51, 2321, t2=t1+(1, 4))	1	408
(1650, 0, 754, t1) -> (754, 0, 754, t2=t1+(1, 8))	1	409
(907, 51, 1788, t1) -> (1788, 51, 1788, t2=t1+(1, 8))	1	410
(419, 193, 574, t1) -> (574, 193, 574, t2=t1+(1, 5))	1	411
(2613, 141, 4249, t1) -> (2613, 141, 2613, t2=t1+(1, 5))	1	412
(3227, 49, 4207, t1) -> (3227, 49, 3227, t2=t1+(1, 4))	1	413
(3167, 184, 171, t1) -> (3167, 184, 3167, t2=t1+(1, 7))	1	414
(1653, 158, 4303, t1) -> (1653, 158, 4303, t2=t1+(1, 6))	1	415
(4593, 13, 3469, t1) -> (3469, 13, 3469, t2=t1+(1, 3))	1	416
(4156, 161, 4748, t1) -> (4156, 161, 4748, t2=t1+(1, 2))	1	417
(374, 118, 2254, t1) -> (374, 118, 374, t2=t1+(1, 5))	1	418
(3435, 35, 1296, t1) -> (1296, 35, 1296, t2=t1+(1, 2))	1	419
(955, 44, 1259, t1) -> (955, 44, 955, t2=t1+(1, 6))	1	420
(4708, 187, 381, t1) -> (4708, 187, 381, t2=t1+(1, 2))	1	421
(3301, 114, 2296, t1) -> (3301, 114, 2296, t2=t1+(1, 2))	1	422
(2761, 4, 986, t1) -> (2761, 4, 2761, t2=t1+(1, 8))	1	423
(4211, 198, 1309, t1) -> (1309, 198, 1309, t2=t1+(1, 5))	1	424
(2486, 166, 1800, t1) -> (2486, 166, 2486, t2=t1+(1, 2))	1	425
(3644, 123, 4437, t1) -> (4437, 123, 3644, t2=t1+(1, 9))	1	426
(4670, 12, 1165, t1) -> (4670, 12, 4670, t2=t1+(1, 4))	1	427
(4674, 2, 2381, t1) -> (2381, 2, 2381, t2=t1+(1, 7))	1	428
(2821, 125, 3246, t1) -> (2821, 125, 3246, t2=t1+(1, 3))	1	429
(530, 32, 1507, t1) -> (1507, 32, 1507, t2=t1+(1, 3))	1	430
(4646, 3, 4276, t1) -> (4276, 3, 4646, t2=t1+(1, 9))	1	431
(4810, 195, 3982, t1) -> (4810, 195, 4810, t2=t1+(1, 5))	1	432
(3177, 10, 4389, t1) -> (4389, 10, 4389, t2=t1+(1, 2))	1	433
(4505, 112, 1934, t1) -> (4505, 112, 4505, t2=t1+(1, 4))	1	434
(2220, 47, 923, t1) -> (923, 47, 923, t2=t1+(1, 3))	1	435
(4530, 74, 3149, t1) -> (4530, 74, 4530, t2=t1+(1, 2))	1	436
(878, 82, 1533, t1) -> (1533, 82, 878, t2=t1+(1, 5))	1	437
(2646, 94, 3395, t1) -> (2646, 94, 2646, t2=t1+(1, 9))	1	438
(4147, 50, 1723, t1) -> (4147, 50, 1723, t2=t1+(1, 2))	1	439
(827, 125, 3148, t1) -> (827, 125, 827, t2=t1+(1, 7))	1	440
(2202, 196, 1610, t1) -> (2202, 196, 1610, t2=t1+(1, 4))	1	441
(2074, 119, 3981, t1) -> (3981, 119, 3981, t2=t1+(1, 7))	1	442
(4079, 156, 3535, t1) -> (3535, 156, 4079, t2=t1+(1, 2))	1	443
(2936, 94, 2863, t1) -> (2863, 94, 2863, t2=t1+(1, 4))	1	444
(2402, 188, 727, t1) -> (2402, 188, 2402, t2=t1+(1, 9))	1	445
(564, 69, 2596, t1) -> (564, 69, 564, t2=t1+(1, 7))	1	446
(3576, 109, 120, t1) -> (120, 109, 3576, t2=t1+(1, 4))	1	447
(4725, 72, 2982, t1) -> (2982, 72, 4725, t2=t1+(1, 8))	1	448
(4141, 169, 1256, t1) -> (1256, 169, 4141, t2=t1+(1, 1))	1	449
(1002, 144, 3332, t1) -> (3332, 144, 3332, t2=t1+(1, 3))	1	450
(3973, 28, 367, t1) -> (3973, 28, 367, t2=t1+(1, 3))	1	451
(404, 34, 4068, t1) -> (4068, 34, 4068, t2=t1+(1, 6))	1	452
(1342, 59, 3844, t1) -> (1342, 59, 1342, t2=t1+(1, 2))	1	453
(1557, 43, 2564, t1) -> (2564, 43, 1557, t2=t1+(1, 8))	1	454
(471, 87, 4757, t1) -> (471, 87, 4757, t2=t1+(1, 5))	1	455
(4272, 54, 367, t1) -> (367, 54, 367, t2=t1+(1, 3))	1	456
(2445, 86, 3734, t1) -> (3734, 86, 3734, t2=t1+(1, 5))	1	457
(2039, 168, 2349, t1) -> (2349, 168, 2039, t2=t1+(1, 6))	1	458
(318, 156, 3253, t1) -> (3253, 156, 3253, t2=t1+(1, 2))	1	459
(3064, 23, 3962, t1) -> (3064, 23, 3064, t2=t1+(1, 1))	1	460
(1883, 126, 582, t1) -> (582, 126, 582, t2=t1+(1, 6))	1	461
(2717, 14, 1140, t1) -> (1140, 14, 2717, t2=t1+(1, 7))	1	462
(1265, 18, 740, t1) -> (1265, 18, 1265, t2=t1+(1, 7))	1	463
(4050, 180, 1537, t1) -> (1537, 180, 1537, t2=t1+(1, 5))	1	464
(154, 193, 1795, t1) -> (1795, 193, 154, t2=t1+(1, 9))	1	465
(2282, 141, 1052, t1) -> (2282, 141, 1052, t2=t1+(1, 7))	1	466
(3150, 85, 2497, t1) -> (3150, 85, 2497, t2=t1+(1, 5))	1	467
(2924, 110, 504, t1) -> (504, 110, 2924, t2=t1+(1, 8))	1	468
(2333, 167, 2825, t1) -> (2825, 167, 2333, t2=t1+(1, 4))	1	469
(1209, 162, 4952, t1) -> (4952, 162, 1209, t2=t1+(1, 3))	1	470
(3310, 10, 4366, t1) -> (3310, 10, 4366, t2=t1+(1, 8))	1	471
(1706, 12, 4022, t1) -> (4022, 12, 4022, t2=t1+(1, 1))	1	472
(1471, 109, 4418, t1) -> (1471, 109, 4418, t2=t1+(1, 8))	1	473
(649, 98, 563, t1) -> (563, 98, 649, t2=t1+(1, 7))	1	474
(1051, 19, 3942, t1) -> (3942, 19, 1051, t2=t1+(1, 5))	1	475
(3573, 21, 930, t1) -> (930, 21, 930, t2=t1+(1, 2))	1	476
(425, 192, 543, t1) -> (425, 192, 543, t2=t1+(1, 4))	1	477
(370, 198, 1510, t1) -> (370, 198, 370, t2=t1+(1, 4))	1	478
(4198, 19, 2249, t1) -> (4198, 19, 2249, t2=t1+(1, 5))	1	479
(1206, 92, 1934, t1) -> (1934, 92, 1934, t2=t1+(1, 5))	1	480
(3190, 188, 1731, t1) -> (3190, 188, 3190, t2=t1+(1, 6))	1	481
(3966, 43, 48, t1) -> (48, 43, 3966, t2=t1+(1, 3))	1	482
(4064, 119, 4782, t1) -> (4064, 119, 4064, t2=t1+(1, 1))	1	483
(1789, 148, 2642, t1) -> (2642, 148, 2642, t2=t1+(1, 6))	1	484
(2241, 131, 2971, t1) -> (2971, 131, 2241, t2=t1+(1, 9))	1	485
(1964, 119, 1626, t1) -> (1964, 119, 1626, t2=t1+(1, 6))	1	486
(965, 126, 4792, t1) -> (965, 126, 4792, t2=t1+(1, 8))	1	487
(4234, 165, 317, t1) -> (317, 165, 317, t2=t1+(1, 4))	1	488
(3146, 142, 4078, t1) -> (4078, 142, 3146, t2=t1+(1, 7))	1	489
(3741, 176, 4586, t1) -> (3741, 176, 3741, t2=t1+(1, 4))	1	490
(52, 73, 79, t1) -> (52, 73, 79, t2=t1+(1, 3))	1	491
(29, 143, 778, t1) -> (778, 143, 778, t2=t1+(1, 3))	1	492
(3232, 68, 35, t1) -> (3232, 68, 3232, t2=t1+(1, 10))	1	493
(3271, 195, 279, t1) -> (3271, 195, 3271, t2=t1+(1, 4))	1	494
(417, 146, 4879, t1) -> (417, 146, 417, t2=t1+(1, 8))	1	495
(4793, 32, 1471, t1) -> (4793, 32, 4793, t2=t1+(1, 6))	1	496
(3674, 34, 2290, t1) -> (3674, 34, 2290, t2=t1+(1, 7))	1	497
(2274, 68, 4107, t1) -> (2274, 68, 2274, t2=t1+(1, 4))	1	498
(2151, 109, 4189, t1) -> (2151, 109, 4189, t2=t1+(1, 3))	1	499
(4533, 135, 417, t1) -> (4533, 135, 417, t2=t1+(1, 7))	1	500
(1650, 93, 3500, t1) -> (1650, 93, 3500, t2=t1+(1, 9))	1	501
(4087, 29, 1343, t1) -> (4087, 29, 4087, t2=t1+(1, 3))	1	502
(1683, 108, 2012, t1) -> (2012, 108, 2012, t2=t1+(1, 5))	1	503
(3193, 90, 1277, t1) -> (1277, 90, 1277, t2=t1+(1, 6))	1	504
(2261, 0, 3801, t1) -> (3801, 0, 2261, t2=t1+(1, 3))	1	505
(4362, 56, 2949, t1) -> (4362, 56, 2949, t2=t1+(1, 8))	1	506
(4748, 130, 4523, t1) -> (4748, 130, 4748, t2=t1+(1, 2))	1	507
(4228, 160, 3310, t1) -> (4228, 160, 4228, t2=t1+(1, 6))	1	508
(1657, 122, 164, t1) -> (164, 122, 164, t2=t1+(1, 3))	1	509
(2304, 92, 4478, t1) -> (2304, 92, 4478, t2=t1+(1, 5))	1	510
(4560, 168, 1060, t1) -> (1060, 168, 1060, t2=t1+(1, 5))	1	511
(2996, 42, 68, t1) -> (2996, 42, 68, t2=t1+(1, 6))	1	512
(499, 1, 949, t1) -> (949, 1, 949, t2=t1+(1, 5))	1	513
(1384, 161, 1364, t1) -> (1384, 161, 1364, t2=t1+(1, 5))	1	514
(1227, 159, 3135, t1) -> (1227, 159, 3135, t2=t1+(1, 4))	1	515
(4617, 199, 761, t1) -> (4617, 199, 4617, t2=t1+(1, 4))	1	516
(673, 35, 4633, t1) -> (673, 35, 4633, t2=t1+(1, 7))	1	517
(3453, 20, 4269, t1) -> (3453, 20, 3453, t2=t1+(1, 6))	1	518
(2801, 43, 1327, t1) -> (1327, 43, 1327, t2=t1+(1, 5))	1	519
(3762, 4, 566, t1) -> (566, 4, 566, t2=t1+(1, 3))	1	520
(2686, 198, 3121, t1) -> (3121, 198, 3121, t2=t1+(1, 3))	1	521
(4330, 65, 1014, t1) -> (1014, 65, 4330, t2=t1+(1, 6))	1	522
(1689, 75, 3009, t1) -> (3009, 75, 3009, t2=t1+(1, 2))	1	523
(4262, 33, 3730, t1) -> (4262, 33, 4262, t2=t1+(1, 5))	1	524
