(1865, 15, 4658, t1) & (1438, 194, 1633, t2=t1+(0, 10)) & (1633, 51, 4658, t3=t2+(0, 8)) -> (1438, 51, 1438, t4=t3+(1, 9))	3	0
(1814, 92, 1028, t1) & (4056, 188, 3637, t2=t1+(0, 7)) & (1814, 47, 4056, t3=t2+(0, 4)) -> (4056, 188, 1814, t4=t3+(1, 4))	3	1
(1545, 67, 4421, t1) & (224, 166, 1351, t2=t1+(0, 7)) & (224, 180, 1545, t3=t2+(0, 5)) -> (4421, 166, 1545, t4=t3+(1, 3))	3	2
(3190, 151, 1990, t1) & (1886, 94, 1535, t2=t1+(0, 6)) & (1886, 9, 1990, t3=t2+(0, 6)) -> (1886, 9, 1990, t4=t3+(1, 6))	3	3
(3789, 118, 869, t1) & (2379, 23, 861, t2=t1+(0, 7)) & (3789, 128, 2379, t3=t2+(0, 4)) -> (861, 128, 869, t4=t3+(1, 1))	3	4
(2375, 14, 3522, t1) & (2194, 8, 2132, t2=t1+(0, 10)) & (2132, 183, 2375, t3=t2+(0, 3)) -> (2375, 183, 2375, t4=t3+(1, 2))	3	5
(1783, 50, 2755, t1) & (375, 103, 4754, t2=t1+(0, 4)) & (375, 110, 1783, t3=t2+(0, 5)) -> (2755, 50, 375, t4=t3+(1, 3))	3	6
(3542, 81, 4121, t1) & (475, 106, 3644, t2=t1+(0, 6)) & (475, 172, 3542, t3=t2+(0, 4)) -> (475, 106, 3644, t4=t3+(1, 8))	3	7
(4768, 18, 3505, t1) & (1974, 82, 3676, t2=t1+(0, 6)) & (4768, 113, 3676, t3=t2+(0, 5)) -> (4768, 82, 4768, t4=t3+(1, 5))	3	8
(1880, 69, 544, t1) & (1091, 67, 2379, t2=t1+(0, 6)) & (1880, 144, 1091, t3=t2+(0, 6)) -> (1880, 67, 1880, t4=t3+(1, 8))	3	9
(3502, 16, 1504, t1) & (3680, 156, 375, t2=t1+(0, 7)) & (3502, 80, 375, t3=t2+(0, 1)) -> (3502, 80, 3680, t4=t3+(1, 7))	3	10
(2763, 156, 1796, t1) & (3765, 101, 1044, t2=t1+(0, 4)) & (3765, 102, 1796, t3=t2+(0, 6)) -> (3765, 102, 2763, t4=t3+(1, 4))	3	11
(3478, 98, 3332, t1) & (2813, 173, 388, t2=t1+(0, 8)) & (2813, 67, 3332, t3=t2+(0, 4)) -> (3332, 173, 2813, t4=t3+(1, 5))	3	12
(4938, 36, 2291, t1) & (3267, 145, 2350, t2=t1+(0, 9)) & (3267, 127, 2291, t3=t2+(0, 6)) -> (2291, 127, 2291, t4=t3+(1, 5))	3	13
(1749, 179, 1839, t1) & (1638, 62, 1115, t2=t1+(0, 4)) & (1839, 91, 1638, t3=t2+(0, 4)) -> (1638, 62, 1115, t4=t3+(1, 5))	3	14
(4530, 174, 3676, t1) & (4027, 69, 1630, t2=t1+(0, 5)) & (1630, 38, 4530, t3=t2+(0, 4)) -> (1630, 174, 1630, t4=t3+(1, 4))	3	15
(4075, 168, 2477, t1) & (1630, 69, 3677, t2=t1+(0, 1)) & (2477, 147, 3677, t3=t2+(0, 5)) -> (4075, 69, 3677, t4=t3+(1, 8))	3	16
(3153, 20, 3223, t1) & (183, 130, 2494, t2=t1+(0, 9)) & (2494, 103, 3153, t3=t2+(0, 1)) -> (3153, 103, 2494, t4=t3+(1, 8))	3	17
(2292, 99, 4553, t1) & (4702, 187, 455, t2=t1+(0, 5)) & (4553, 24, 4702, t3=t2+(0, 5)) -> (2292, 99, 455, t4=t3+(1, 10))	3	18
(207, 56, 50, t1) & (153, 108, 2232, t2=t1+(0, 3)) & (50, 85, 153, t3=t2+(0, 5)) -> (153, 85, 2232, t4=t3+(1, 7))	3	19
(3478, 193, 4843, t1) & (2742, 69, 3866, t2=t1+(0, 3)) & (3478, 82, 3866, t3=t2+(0, 4)) -> (3478, 69, 4843, t4=t3+(1, 5))	3	20
(253, 159, 1949, t1) & (3651, 109, 2938, t2=t1+(0, 7)) & (3651, 55, 253, t3=t2+(0, 5)) -> (1949, 55, 3651, t4=t3+(1, 6))	3	21
(120, 99, 2395, t1) & (4098, 73, 3181, t2=t1+(0, 3)) & (3181, 81, 120, t3=t2+(0, 6)) -> (4098, 99, 2395, t4=t3+(1, 7))	3	22
(2694, 133, 246, t1) & (462, 45, 4353, t2=t1+(0, 4)) & (462, 59, 246, t3=t2+(0, 4)) -> (462, 59, 462, t4=t3+(1, 5))	3	23
(372, 166, 1887, t1) & (3832, 181, 2899, t2=t1+(0, 6)) & (2899, 117, 372, t3=t2+(0, 6)) -> (3832, 181, 1887, t4=t3+(1, 4))	3	24
(1426, 108, 1633, t1) & (1071, 59, 2813, t2=t1+(0, 5)) & (1426, 163, 2813, t3=t2+(0, 9)) -> (1633, 108, 1633, t4=t3+(1, 6))	3	25
(4444, 107, 732, t1) & (4147, 5, 3081, t2=t1+(0, 6)) & (732, 77, 3081, t3=t2+(0, 3)) -> (732, 77, 4147, t4=t3+(1, 2))	3	26
(4962, 78, 219, t1) & (4689, 56, 3906, t2=t1+(0, 3)) & (219, 9, 3906, t3=t2+(0, 4)) -> (4962, 78, 4962, t4=t3+(1, 3))	3	27
(3297, 9, 3908, t1) & (2307, 111, 4734, t2=t1+(0, 6)) & (2307, 95, 3297, t3=t2+(0, 4)) -> (3297, 95, 3297, t4=t3+(1, 4))	3	28
(4363, 63, 4310, t1) & (2232, 177, 4608, t2=t1+(0, 3)) & (2232, 142, 4310, t3=t2+(0, 11)) -> (2232, 177, 2232, t4=t3+(1, 8))	3	29
(4436, 49, 3909, t1) & (755, 161, 4158, t2=t1+(0, 5)) & (4436, 127, 755, t3=t2+(0, 2)) -> (755, 127, 755, t4=t3+(1, 1))	3	30
(4478, 181, 2164, t1) & (1630, 10, 4413, t2=t1+(0, 3)) & (4413, 189, 4478, t3=t2+(0, 7)) -> (4413, 189, 4478, t4=t3+(1, 6))	3	31
(2929, 93, 2010, t1) & (4677, 194, 1474, t2=t1+(0, 11)) & (2010, 181, 1474, t3=t2+(0, 6)) -> (2010, 181, 1474, t4=t3+(1, 6))	3	32
(3243, 156, 88, t1) & (251, 34, 90, t2=t1+(0, 2)) & (90, 44, 88, t3=t2+(0, 7)) -> (90, 156, 90, t4=t3+(1, 7))	3	33
(1310, 69, 967, t1) & (921, 113, 375, t2=t1+(0, 1)) & (967, 26, 921, t3=t2+(0, 9)) -> (967, 26, 921, t4=t3+(1, 4))	3	34
(1596, 32, 732, t1) & (3415, 197, 2256, t2=t1+(0, 4)) & (1596, 86, 3415, t3=t2+(0, 4)) -> (2256, 197, 1596, t4=t3+(1, 4))	3	35
(2968, 195, 2283, t1) & (2477, 156, 4241, t2=t1+(0, 6)) & (2477, 199, 2968, t3=t2+(0, 5)) -> (2283, 199, 2477, t4=t3+(1, 5))	3	36
(4619, 94, 779, t1) & (1384, 180, 155, t2=t1+(0, 5)) & (779, 71, 155, t3=t2+(0, 3)) -> (155, 180, 155, t4=t3+(1, 5))	3	37
(4111, 17, 142, t1) & (2001, 13, 4065, t2=t1+(0, 2)) & (142, 163, 4065, t3=t2+(0, 3)) -> (142, 163, 4111, t4=t3+(1, 4))	3	38
(120, 101, 3016, t1) & (1882, 35, 4777, t2=t1+(0, 7)) & (4777, 84, 3016, t3=t2+(0, 5)) -> (3016, 101, 3016, t4=t3+(1, 6))	3	39
(2486, 116, 4079, t1) & (75, 60, 1044, t2=t1+(0, 6)) & (2486, 137, 75, t3=t2+(0, 5)) -> (75, 116, 75, t4=t3+(1, 5))	3	40
(4639, 74, 3288, t1) & (1548, 28, 883, t2=t1+(0, 7)) & (883, 30, 4639, t3=t2+(0, 5)) -> (883, 30, 4639, t4=t3+(1, 5))	3	41
(279, 55, 2529, t1) & (3950, 21, 1535, t2=t1+(0, 4)) & (1535, 1, 2529, t3=t2+(0, 2)) -> (1535, 21, 279, t4=t3+(1, 5))	3	42
(4363, 111, 3411, t1) & (435, 179, 66, t2=t1+(0, 5)) & (3411, 158, 435, t3=t2+(0, 4)) -> (435, 179, 435, t4=t3+(1, 5))	3	43
(4027, 159, 4410, t1) & (4735, 11, 1200, t2=t1+(0, 3)) & (4735, 166, 4027, t3=t2+(0, 4)) -> (4027, 159, 4027, t4=t3+(1, 8))	3	44
(2687, 121, 4314, t1) & (2114, 168, 4070, t2=t1+(0, 7)) & (2114, 151, 2687, t3=t2+(0, 4)) -> (4070, 151, 4070, t4=t3+(1, 7))	3	45
(4735, 158, 1138, t1) & (3680, 195, 2053, t2=t1+(0, 5)) & (3680, 40, 4735, t3=t2+(0, 3)) -> (4735, 195, 2053, t4=t3+(1, 7))	3	46
(358, 108, 4231, t1) & (740, 10, 16, t2=t1+(0, 6)) & (16, 178, 4231, t3=t2+(0, 6)) -> (358, 108, 16, t4=t3+(1, 5))	3	47
(487, 174, 3091, t1) & (1543, 128, 1151, t2=t1+(0, 4)) & (3091, 188, 1151, t3=t2+(0, 6)) -> (3091, 128, 1151, t4=t3+(1, 4))	3	48
(2448, 67, 4363, t1) & (1825, 96, 3862, t2=t1+(0, 5)) & (4363, 25, 1825, t3=t2+(0, 3)) -> (4363, 96, 4363, t4=t3+(1, 7))	3	49
(617, 196, 24, t1) & (1041, 131, 4878, t2=t1+(0, 5)) & (4878, 124, 24, t3=t2+(0, 3)) -> (617, 124, 4878, t4=t3+(1, 4))	3	50
(29, 96, 4403, t1) & (1711, 61, 4734, t2=t1+(0, 4)) & (1711, 39, 4403, t3=t2+(0, 4)) -> (4734, 39, 1711, t4=t3+(1, 3))	3	51
(3698, 180, 4990, t1) & (4121, 192, 4963, t2=t1+(0, 7)) & (4990, 71, 4963, t3=t2+(0, 5)) -> (4963, 192, 4963, t4=t3+(1, 4))	3	52
(220, 57, 2469, t1) & (1044, 44, 2608, t2=t1+(0, 8)) & (2608, 158, 2469, t3=t2+(0, 6)) -> (2469, 57, 2469, t4=t3+(1, 5))	3	53
(3522, 129, 1242, t1) & (3950, 46, 1646, t2=t1+(0, 6)) & (1242, 75, 3950, t3=t2+(0, 7)) -> (3950, 75, 3950, t4=t3+(1, 2))	3	54
(220, 60, 168, t1) & (4608, 65, 66, t2=t1+(0, 3)) & (4608, 16, 220, t3=t2+(0, 6)) -> (220, 60, 220, t4=t3+(1, 6))	3	55
(3936, 126, 876, t1) & (2707, 63, 4041, t2=t1+(0, 4)) & (3936, 177, 2707, t3=t2+(0, 4)) -> (876, 177, 2707, t4=t3+(1, 2))	3	56
(3009, 18, 3680, t1) & (4107, 36, 4715, t2=t1+(0, 1)) & (4107, 58, 3009, t3=t2+(0, 7)) -> (3009, 36, 3009, t4=t3+(1, 10))	3	57
(2763, 157, 120, t1) & (1488, 125, 4070, t2=t1+(0, 5)) & (4070, 48, 120, t3=t2+(0, 4)) -> (120, 48, 4070, t4=t3+(1, 6))	3	58
(2467, 176, 1362, t1) & (2078, 46, 4436, t2=t1+(0, 4)) & (2078, 126, 2467, t3=t2+(0, 5)) -> (2467, 46, 1362, t4=t3+(1, 8))	3	59
(4938, 134, 850, t1) & (546, 46, 4401, t2=t1+(0, 4)) & (4938, 181, 4401, t3=t2+(0, 5)) -> (4938, 134, 850, t4=t3+(1, 3))	3	60
(4389, 53, 1801, t1) & (2181, 137, 1644, t2=t1+(0, 4)) & (4389, 77, 1644, t3=t2+(0, 7)) -> (1644, 77, 1801, t4=t3+(1, 11))	3	61
(1469, 114, 2167, t1) & (1691, 115, 1975, t2=t1+(0, 5)) & (1975, 83, 1469, t3=t2+(0, 4)) -> (2167, 115, 1469, t4=t3+(1, 6))	3	62
(869, 44, 4450, t1) & (1749, 66, 1734, t2=t1+(0, 5)) & (869, 178, 1734, t3=t2+(0, 2)) -> (869, 66, 869, t4=t3+(1, 5))	3	63
(2494, 168, 2755, t1) & (4530, 162, 3658, t2=t1+(0, 4)) & (4530, 47, 2755, t3=t2+(0, 7)) -> (4530, 162, 2755, t4=t3+(1, 3))	3	64
(308, 176, 4070, t1) & (4550, 185, 2683, t2=t1+(0, 8)) & (4070, 68, 4550, t3=t2+(0, 3)) -> (4070, 68, 4070, t4=t3+(1, 6))	3	65
(4990, 27, 3450, t1) & (291, 10, 2232, t2=t1+(0, 5)) & (291, 42, 3450, t3=t2+(0, 5)) -> (291, 10, 3450, t4=t3+(1, 6))	3	66
(499, 9, 470, t1) & (3875, 176, 183, t2=t1+(0, 4)) & (470, 131, 3875, t3=t2+(0, 8)) -> (499, 9, 499, t4=t3+(1, 4))	3	67
(3364, 29, 775, t1) & (1038, 16, 2232, t2=t1+(0, 4)) & (1038, 190, 3364, t3=t2+(0, 6)) -> (3364, 190, 3364, t4=t3+(1, 1))	3	68
(3542, 143, 4450, t1) & (1598, 53, 1918, t2=t1+(0, 3)) & (4450, 55, 1918, t3=t2+(0, 2)) -> (4450, 55, 3542, t4=t3+(1, 6))	3	69
(196, 189, 2122, t1) & (4226, 121, 4370, t2=t1+(0, 5)) & (2122, 143, 4226, t3=t2+(0, 2)) -> (2122, 121, 4226, t4=t3+(1, 5))	3	70
(256, 63, 3942, t1) & (3983, 143, 4998, t2=t1+(0, 5)) & (3983, 108, 256, t3=t2+(0, 7)) -> (256, 108, 3983, t4=t3+(1, 3))	3	71
(4142, 0, 876, t1) & (4843, 48, 4864, t2=t1+(0, 8)) & (4864, 87, 876, t3=t2+(0, 4)) -> (4843, 48, 876, t4=t3+(1, 8))	3	72
(2303, 150, 58, t1) & (4121, 96, 3676, t2=t1+(0, 3)) & (3676, 13, 2303, t3=t2+(0, 6)) -> (58, 150, 2303, t4=t3+(1, 5))	3	73
(522, 57, 3355, t1) & (2132, 146, 3987, t2=t1+(0, 4)) & (2132, 28, 3355, t3=t2+(0, 5)) -> (522, 146, 3355, t4=t3+(1, 7))	3	74
(4446, 76, 3223, t1) & (291, 82, 291, t2=t1+(0, 8)) & (3223, 38, 291, t3=t2+(0, 6)) -> (291, 76, 4446, t4=t3+(1, 8))	3	75
(1990, 85, 302, t1) & (3832, 44, 16, t2=t1+(0, 6)) & (302, 23, 3832, t3=t2+(0, 5)) -> (302, 23, 3832, t4=t3+(1, 3))	3	76
(4094, 180, 4446, t1) & (3193, 114, 168, t2=t1+(0, 2)) & (4094, 55, 3193, t3=t2+(0, 6)) -> (4094, 114, 168, t4=t3+(1, 6))	3	77
(1779, 189, 1634, t1) & (1574, 177, 2454, t2=t1+(0, 6)) & (1574, 33, 1634, t3=t2+(0, 7)) -> (1574, 177, 1574, t4=t3+(1, 3))	3	78
(4608, 80, 869, t1) & (2457, 172, 4100, t2=t1+(0, 5)) & (869, 173, 2457, t3=t2+(0, 6)) -> (869, 173, 869, t4=t3+(1, 1))	3	79
(2010, 139, 1874, t1) & (2742, 31, 2350, t2=t1+(0, 3)) & (2010, 133, 2350, t3=t2+(0, 4)) -> (2350, 139, 2010, t4=t3+(1, 10))	3	80
(4687, 71, 4163, t1) & (1740, 146, 4938, t2=t1+(0, 4)) & (4687, 186, 4938, t3=t2+(0, 6)) -> (4687, 71, 4687, t4=t3+(1, 5))	3	81
(3577, 146, 3982, t1) & (3288, 146, 1381, t2=t1+(0, 3)) & (3288, 19, 3577, t3=t2+(0, 5)) -> (1381, 146, 3577, t4=t3+(1, 9))	3	82
(967, 53, 2122, t1) & (4802, 55, 2194, t2=t1+(0, 10)) & (967, 158, 2194, t3=t2+(0, 2)) -> (967, 55, 967, t4=t3+(1, 5))	3	83
(1949, 151, 4261, t1) & (2147, 98, 883, t2=t1+(0, 5)) & (4261, 162, 883, t3=t2+(0, 7)) -> (1949, 151, 1949, t4=t3+(1, 8))	3	84
(2813, 173, 1633, t1) & (3313, 36, 2679, t2=t1+(0, 5)) & (1633, 72, 2679, t3=t2+(0, 4)) -> (1633, 173, 2813, t4=t3+(1, 4))	3	85
(2494, 117, 1596, t1) & (218, 36, 967, t2=t1+(0, 10)) & (1596, 64, 967, t3=t2+(0, 4)) -> (967, 36, 967, t4=t3+(1, 8))	3	86
(3126, 18, 4142, t1) & (1596, 15, 3544, t2=t1+(0, 9)) & (3126, 21, 3544, t3=t2+(0, 8)) -> (3544, 21, 1596, t4=t3+(1, 4))	3	87
(1581, 148, 4121, t1) & (196, 109, 550, t2=t1+(0, 9)) & (1581, 25, 550, t3=t2+(0, 6)) -> (196, 109, 1581, t4=t3+(1, 6))	3	88
(584, 126, 1070, t1) & (491, 162, 4919, t2=t1+(0, 5)) & (584, 184, 4919, t3=t2+(0, 3)) -> (4919, 162, 1070, t4=t3+(1, 4))	3	89
(4760, 136, 3577, t1) & (179, 137, 493, t2=t1+(0, 8)) & (493, 190, 4760, t3=t2+(0, 8)) -> (493, 136, 4760, t4=t3+(1, 5))	3	90
(3133, 27, 967, t1) & (3443, 114, 4734, t2=t1+(0, 4)) & (967, 124, 4734, t3=t2+(0, 3)) -> (967, 124, 967, t4=t3+(1, 4))	3	91
(1348, 150, 2253, t1) & (3982, 178, 2577, t2=t1+(0, 5)) & (3982, 26, 2253, t3=t2+(0, 8)) -> (2253, 150, 2253, t4=t3+(1, 1))	3	92
(623, 101, 219, t1) & (3972, 63, 2813, t2=t1+(0, 5)) & (623, 69, 2813, t3=t2+(0, 5)) -> (2813, 63, 219, t4=t3+(1, 7))	3	93
(628, 158, 4655, t1) & (4069, 83, 99, t2=t1+(0, 5)) & (99, 127, 4655, t3=t2+(0, 4)) -> (4655, 83, 4655, t4=t3+(1, 5))	3	94
(4070, 114, 4241, t1) & (1570, 103, 2395, t2=t1+(0, 6)) & (2395, 199, 4241, t3=t2+(0, 5)) -> (2395, 199, 2395, t4=t3+(1, 11))	3	95
(4962, 44, 2615, t1) & (2533, 128, 120, t2=t1+(0, 7)) & (2615, 21, 120, t3=t2+(0, 9)) -> (2615, 21, 120, t4=t3+(1, 2))	3	96
(3628, 103, 1059, t1) & (2549, 151, 2772, t2=t1+(0, 3)) & (1059, 147, 2772, t3=t2+(0, 6)) -> (2549, 147, 2772, t4=t3+(1, 6))	3	97
(4952, 47, 220, t1) & (3770, 170, 1353, t2=t1+(0, 4)) & (3770, 157, 4952, t3=t2+(0, 7)) -> (4952, 157, 4952, t4=t3+(1, 4))	3	98
(3640, 65, 4241, t1) & (1384, 186, 3765, t2=t1+(0, 3)) & (4241, 60, 1384, t3=t2+(0, 4)) -> (3765, 65, 4241, t4=t3+(1, 6))	3	99
(3571, 198, 1091, t1) & (3571, 39, 1091, t2=t1+(0, 3)) -> (1091, 198, 1091, t3=t2+(1, 7))	2	100
(3242, 7, 3577, t1) & (4773, 0, 3577, t2=t1+(0, 3)) -> (3577, 7, 3242, t3=t2+(1, 6))	2	101
(308, 20, 2457, t1) & (2457, 174, 462, t2=t1+(0, 5)) -> (308, 20, 2457, t3=t2+(1, 4))	2	102
(4069, 183, 1619, t1) & (1619, 91, 3822, t2=t1+(0, 7)) -> (3822, 91, 3822, t3=t2+(1, 3))	2	103
(2134, 1, 597, t1) & (597, 140, 3111, t2=t1+(0, 3)) -> (597, 140, 597, t3=t2+(1, 7))	2	104
(1796, 106, 1055, t1) & (1585, 126, 1796, t2=t1+(0, 4)) -> (1796, 126, 1796, t3=t2+(1, 6))	2	105
(3547, 108, 3237, t1) & (3237, 172, 3680, t2=t1+(0, 3)) -> (3547, 172, 3547, t3=t2+(1, 3))	2	106
(4735, 12, 2167, t1) & (4286, 184, 2167, t2=t1+(0, 2)) -> (4735, 184, 2167, t3=t2+(1, 4))	2	107
(2419, 28, 3550, t1) & (3550, 40, 3550, t2=t1+(0, 4)) -> (3550, 28, 3550, t3=t2+(1, 10))	2	108
(4760, 145, 4027, t1) & (4760, 45, 3407, t2=t1+(0, 4)) -> (4760, 145, 4027, t3=t2+(1, 7))	2	109
(3332, 88, 2289, t1) & (3332, 66, 2090, t2=t1+(0, 2)) -> (3332, 66, 2090, t3=t2+(1, 2))	2	110
(2533, 41, 505, t1) & (505, 32, 2533, t2=t1+(0, 3)) -> (2533, 32, 2533, t3=t2+(1, 10))	2	111
(4027, 31, 1138, t1) & (4027, 116, 1138, t2=t1+(0, 6)) -> (4027, 116, 1138, t3=t2+(1, 9))	2	112
(4497, 47, 3112, t1) & (3783, 150, 3112, t2=t1+(0, 6)) -> (3112, 47, 3783, t3=t2+(1, 6))	2	113
(142, 84, 1318, t1) & (142, 56, 1318, t2=t1+(0, 4)) -> (142, 56, 142, t3=t2+(1, 4))	2	114
(1305, 158, 2944, t1) & (2944, 136, 3661, t2=t1+(0, 4)) -> (3661, 136, 2944, t3=t2+(1, 7))	2	115
(4595, 97, 630, t1) & (630, 146, 967, t2=t1+(0, 5)) -> (967, 97, 630, t3=t2+(1, 2))	2	116
(1149, 121, 732, t1) & (4655, 46, 1149, t2=t1+(0, 7)) -> (1149, 121, 732, t3=t2+(1, 2))	2	117
(3676, 26, 1574, t1) & (3676, 188, 1359, t2=t1+(0, 1)) -> (3676, 188, 1359, t3=t2+(1, 6))	2	118
(2467, 82, 3332, t1) & (2257, 94, 2467, t2=t1+(0, 3)) -> (3332, 82, 3332, t3=t2+(1, 5))	2	119
(1172, 47, 4022, t1) & (4022, 174, 4497, t2=t1+(0, 4)) -> (4022, 47, 4497, t3=t2+(1, 3))	2	120
(2672, 173, 4213, t1) & (2281, 177, 4213, t2=t1+(0, 6)) -> (4213, 173, 4213, t3=t2+(1, 7))	2	121
(2696, 21, 4199, t1) & (4279, 11, 2696, t2=t1+(0, 4)) -> (2696, 11, 2696, t3=t2+(1, 4))	2	122
(2696, 86, 3156, t1) & (571, 79, 3156, t2=t1+(0, 4)) -> (3156, 86, 571, t3=t2+(1, 3))	2	123
(1256, 123, 2340, t1) & (1256, 8, 1348, t2=t1+(0, 11)) -> (1348, 123, 1256, t3=t2+(1, 5))	2	124
(4121, 137, 4784, t1) & (4121, 20, 3474, t2=t1+(0, 6)) -> (4784, 137, 4121, t3=t2+(1, 1))	2	125
(3577, 29, 1949, t1) & (3577, 165, 1949, t2=t1+(0, 7)) -> (1949, 29, 1949, t3=t2+(1, 3))	2	126
(4211, 192, 2457, t1) & (4211, 106, 4211, t2=t1+(0, 5)) -> (2457, 192, 4211, t3=t2+(1, 5))	2	127
(2742, 16, 1321, t1) & (2549, 68, 2742, t2=t1+(0, 7)) -> (2742, 16, 2742, t3=t2+(1, 2))	2	128
(4027, 124, 3244, t1) & (3244, 174, 4421, t2=t1+(0, 2)) -> (3244, 174, 4027, t3=t2+(1, 9))	2	129
(2134, 63, 1820, t1) & (2134, 164, 2134, t2=t1+(0, 3)) -> (2134, 164, 1820, t3=t2+(1, 6))	2	130
(214, 67, 1041, t1) & (1691, 117, 214, t2=t1+(0, 6)) -> (1691, 117, 1041, t3=t2+(1, 7))	2	131
(4363, 105, 487, t1) & (487, 105, 4363, t2=t1+(0, 5)) -> (487, 105, 4363, t3=t2+(1, 3))	2	132
(1839, 108, 218, t1) & (218, 27, 4069, t2=t1+(0, 2)) -> (218, 27, 218, t3=t2+(1, 5))	2	133
(2813, 0, 4027, t1) & (4027, 39, 2813, t2=t1+(0, 3)) -> (4027, 0, 2813, t3=t2+(1, 6))	2	134
(2804, 27, 2950, t1) & (3638, 161, 2804, t2=t1+(0, 7)) -> (3638, 161, 2804, t3=t2+(1, 6))	2	135
(3779, 13, 251, t1) & (251, 145, 3779, t2=t1+(0, 3)) -> (3779, 145, 3779, t3=t2+(1, 7))	2	136
(4902, 137, 3362, t1) & (4902, 128, 2378, t2=t1+(0, 2)) -> (4902, 137, 2378, t3=t2+(1, 4))	2	137
(462, 12, 3332, t1) & (3332, 184, 3568, t2=t1+(0, 7)) -> (462, 12, 462, t3=t2+(1, 6))	2	138
(1730, 10, 2145, t1) & (1730, 7, 2929, t2=t1+(0, 3)) -> (2929, 7, 2929, t3=t2+(1, 6))	2	139
(4530, 174, 747, t1) & (747, 174, 4530, t2=t1+(0, 4)) -> (747, 174, 4530, t3=t2+(1, 3))	2	140
(3550, 108, 4754, t1) & (2064, 84, 4754, t2=t1+(0, 8)) -> (3550, 84, 2064, t3=t2+(1, 8))	2	141
(4302, 102, 3117, t1) & (3117, 176, 3117, t2=t1+(0, 3)) -> (3117, 176, 3117, t3=t2+(1, 8))	2	142
(2494, 129, 1050, t1) & (1050, 105, 1474, t2=t1+(0, 10)) -> (1474, 129, 2494, t3=t2+(1, 3))	2	143
(3153, 147, 1328, t1) & (1328, 29, 291, t2=t1+(0, 1)) -> (291, 29, 1328, t3=t2+(1, 10))	2	144
(691, 81, 4530, t1) & (4530, 9, 691, t2=t1+(0, 3)) -> (691, 81, 691, t3=t2+(1, 7))	2	145
(3906, 100, 2453, t1) & (2453, 20, 2453, t2=t1+(0, 2)) -> (2453, 20, 2453, t3=t2+(1, 6))	2	146
(3165, 3, 4557, t1) & (3165, 81, 2772, t2=t1+(0, 7)) -> (3165, 3, 3165, t3=t2+(1, 3))	2	147
(3822, 31, 1596, t1) & (3822, 192, 3822, t2=t1+(0, 7)) -> (1596, 31, 1596, t3=t2+(1, 1))	2	148
(4530, 73, 1955, t1) & (1955, 89, 4530, t2=t1+(0, 7)) -> (1955, 73, 1955, t3=t2+(1, 7))	2	149
(1138, 137, 4292, t1) & (2494, 51, 4292, t2=t1+(0, 4)) -> (1138, 137, 4292, t3=t2+(1, 3))	2	150
(142, 34, 4557, t1) & (142, 97, 814, t2=t1+(0, 4)) -> (814, 97, 4557, t3=t2+(1, 4))	2	151
(2123, 141, 358, t1) & (2123, 89, 2123, t2=t1+(0, 9)) -> (2123, 141, 2123, t3=t2+(1, 8))	2	152
(4363, 65, 3072, t1) & (3072, 28, 4919, t2=t1+(0, 2)) -> (3072, 28, 3072, t3=t2+(1, 4))	2	153
(155, 5, 2533, t1) & (2533, 95, 2533, t2=t1+(0, 5)) -> (2533, 5, 2533, t3=t2+(1, 8))	2	154
(2263, 10, 1091, t1) & (1091, 48, 1091, t2=t1+(0, 5)) -> (1091, 48, 1091, t3=t2+(1, 4))	2	155
(4421, 39, 2193, t1) & (4421, 127, 1880, t2=t1+(0, 4)) -> (4421, 127, 2193, t3=t2+(1, 2))	2	156
(4450, 31, 50, t1) & (50, 5, 747, t2=t1+(0, 3)) -> (50, 5, 747, t3=t2+(1, 2))	2	157
(1596, 164, 4097, t1) & (1596, 143, 4998, t2=t1+(0, 5)) -> (4998, 143, 4097, t3=t2+(1, 6))	2	158
(743, 69, 4097, t1) & (743, 127, 2716, t2=t1+(0, 7)) -> (2716, 127, 743, t3=t2+(1, 1))	2	159
(3326, 135, 1535, t1) & (1535, 170, 1535, t2=t1+(0, 7)) -> (3326, 170, 1535, t3=t2+(1, 5))	2	160
(4094, 12, 2716, t1) & (4094, 186, 2716, t2=t1+(0, 7)) -> (2716, 12, 4094, t3=t2+(1, 4))	2	161
(3925, 121, 3126, t1) & (120, 145, 3126, t2=t1+(0, 2)) -> (3126, 121, 3126, t3=t2+(1, 7))	2	162
(3731, 132, 4444, t1) & (522, 180, 4444, t2=t1+(0, 3)) -> (3731, 180, 4444, t3=t2+(1, 6))	2	163
(476, 62, 1055, t1) & (66, 48, 1055, t2=t1+(0, 6)) -> (1055, 48, 1055, t3=t2+(1, 10))	2	164
(3640, 188, 50, t1) & (50, 97, 3640, t2=t1+(0, 9)) -> (3640, 188, 3640, t3=t2+(1, 5))	2	165
(92, 45, 2138, t1) & (2138, 161, 3680, t2=t1+(0, 7)) -> (2138, 161, 2138, t3=t2+(1, 4))	2	166
(3407, 88, 68, t1) & (68, 63, 2078, t2=t1+(0, 6)) -> (68, 88, 68, t3=t2+(1, 5))	2	167
(2965, 104, 2373, t1) & (2373, 30, 2373, t2=t1+(0, 8)) -> (2373, 104, 2965, t3=t2+(1, 4))	2	168
(2025, 2, 1017, t1) & (2025, 132, 4159, t2=t1+(0, 7)) -> (2025, 132, 4159, t3=t2+(1, 5))	2	169
(3288, 35, 1672, t1) & (1672, 98, 814, t2=t1+(0, 5)) -> (1672, 98, 1672, t3=t2+(1, 3))	2	170
(4094, 184, 3364, t1) & (4094, 68, 50, t2=t1+(0, 6)) -> (50, 68, 3364, t3=t2+(1, 4))	2	171
(1990, 134, 1337, t1) & (1337, 149, 1865, t2=t1+(0, 5)) -> (1865, 149, 1990, t3=t2+(1, 3))	2	172
(2477, 95, 4613, t1) & (88, 5, 2477, t2=t1+(0, 5)) -> (2477, 95, 2477, t3=t2+(1, 5))	2	173
(3966, 117, 4082, t1) & (3966, 55, 1070, t2=t1+(0, 3)) -> (4082, 117, 3966, t3=t2+(1, 5))	2	174
(1262, 13, 3628, t1) & (4735, 166, 3628, t2=t1+(0, 5)) -> (3628, 13, 1262, t3=t2+(1, 6))	2	175
(2395, 135, 3081, t1) & (2395, 186, 4938, t2=t1+(0, 2)) -> (2395, 135, 4938, t3=t2+(1, 5))	2	176
(743, 180, 251, t1) & (4535, 132, 743, t2=t1+(0, 6)) -> (4535, 180, 743, t3=t2+(1, 10))	2	177
(4363, 168, 4389, t1) & (4363, 167, 4389, t2=t1+(0, 8)) -> (4363, 167, 4389, t3=t2+(1, 1))	2	178
(4658, 118, 4608, t1) & (4608, 45, 4658, t2=t1+(0, 5)) -> (4608, 118, 4608, t3=t2+(1, 7))	2	179
(1247, 142, 3721, t1) & (1247, 24, 3721, t2=t1+(0, 6)) -> (1247, 24, 1247, t3=t2+(1, 4))	2	180
(1223, 185, 4843, t1) & (1223, 57, 3703, t2=t1+(0, 5)) -> (4843, 185, 3703, t3=t2+(1, 6))	2	181
(1348, 91, 2965, t1) & (1348, 49, 2104, t2=t1+(0, 10)) -> (1348, 49, 1348, t3=t2+(1, 1))	2	182
(1384, 146, 1596, t1) & (1384, 152, 4187, t2=t1+(0, 4)) -> (4187, 152, 1384, t3=t2+(1, 3))	2	183
(487, 4, 3522, t1) & (487, 71, 193, t2=t1+(0, 3)) -> (487, 4, 193, t3=t2+(1, 3))	2	184
(3081, 122, 2132, t1) & (342, 90, 3081, t2=t1+(0, 10)) -> (2132, 90, 342, t3=t2+(1, 3))	2	185
(2710, 9, 2590, t1) & (2710, 0, 1028, t2=t1+(0, 2)) -> (1028, 9, 2590, t3=t2+(1, 4))	2	186
(1662, 91, 4458, t1) & (3640, 92, 4458, t2=t1+(0, 6)) -> (1662, 91, 4458, t3=t2+(1, 11))	2	187
(4534, 195, 1990, t1) & (1990, 24, 3765, t2=t1+(0, 5)) -> (1990, 195, 1990, t3=t2+(1, 6))	2	188
(4737, 2, 3276, t1) & (4737, 142, 168, t2=t1+(0, 1)) -> (168, 2, 4737, t3=t2+(1, 5))	2	189
(630, 174, 2292, t1) & (2292, 101, 630, t2=t1+(0, 4)) -> (2292, 101, 630, t3=t2+(1, 9))	2	190
(1384, 194, 218, t1) & (1384, 141, 218, t2=t1+(0, 6)) -> (218, 194, 218, t3=t2+(1, 6))	2	191
(3009, 20, 2935, t1) & (3009, 152, 3297, t2=t1+(0, 5)) -> (3297, 20, 3009, t3=t2+(1, 8))	2	192
(4105, 179, 4210, t1) & (1116, 177, 4210, t2=t1+(0, 7)) -> (4210, 177, 4105, t3=t2+(1, 8))	2	193
(4567, 72, 2380, t1) & (1310, 134, 4567, t2=t1+(0, 3)) -> (4567, 72, 1310, t3=t2+(1, 9))	2	194
(2813, 47, 1059, t1) & (510, 29, 1059, t2=t1+(0, 5)) -> (510, 47, 1059, t3=t2+(1, 4))	2	195
(2533, 51, 4988, t1) & (2533, 82, 4658, t2=t1+(0, 3)) -> (2533, 82, 2533, t3=t2+(1, 6))	2	196
(120, 155, 1318, t1) & (120, 189, 4027, t2=t1+(0, 1)) -> (4027, 155, 120, t3=t2+(1, 5))	2	197
(218, 139, 4931, t1) & (2078, 137, 4931, t2=t1+(0, 6)) -> (4931, 139, 4931, t3=t2+(1, 3))	2	198
(1113, 143, 1102, t1) & (1113, 6, 1102, t2=t1+(0, 6)) -> (1113, 143, 1102, t3=t2+(1, 4))	2	199
(4450, 22, 1044, t1) -> (4450, 22, 4450, t2=t1+(1, 6))	1	200
(1041, 47, 1535, t1) -> (1535, 47, 1041, t2=t1+(1, 7))	1	201
(1172, 142, 3577, t1) -> (1172, 142, 3577, t2=t1+(1, 8))	1	202
(2786, 44, 274, t1) -> (274, 44, 2786, t2=t1+(1, 4))	1	203
(1619, 153, 2529, t1) -> (1619, 153, 2529, t2=t1+(1, 3))	1	204
(3041, 177, 1348, t1) -> (3041, 177, 1348, t2=t1+(1, 3))	1	205
(1988, 41, 3070, t1) -> (3070, 41, 3070, t2=t1+(1, 8))	1	206
(665, 153, 4724, t1) -> (665, 153, 4724, t2=t1+(1, 5))	1	207
(633, 156, 50, t1) -> (633, 156, 633, t2=t1+(1, 3))	1	208
(218, 192, 612, t1) -> (612, 192, 218, t2=t1+(1, 6))	1	209
(4998, 145, 4450, t1) -> (4450, 145, 4450, t2=t1+(1, 2))	1	210
(4027, 189, 168, t1) -> (4027, 189, 168, t2=t1+(1, 5))	1	211
(3081, 198, 3326, t1) -> (3326, 198, 3326, t2=t1+(1, 4))	1	212
(1256, 127, 475, t1) -> (475, 127, 1256, t2=t1+(1, 3))	1	213
(694, 193, 3008, t1) -> (3008, 193, 3008, t2=t1+(1, 4))	1	214
(3770, 189, 3460, t1) -> (3460, 189, 3770, t2=t1+(1, 5))	1	215
(4105, 31, 2123, t1) -> (2123, 31, 2123, t2=t1+(1, 6))	1	216
(4005, 2, 1488, t1) -> (4005, 2, 4005, t2=t1+(1, 5))	1	217
(168, 43, 358, t1) -> (358, 43, 358, t2=t1+(1, 2))	1	218
(3926, 186, 869, t1) -> (869, 186, 3926, t2=t1+(1, 6))	1	219
(869, 70, 620, t1) -> (620, 70, 869, t2=t1+(1, 3))	1	220
(2375, 51, 423, t1) -> (2375, 51, 2375, t2=t1+(1, 3))	1	221
(1456, 170, 4292, t1) -> (1456, 170, 4292, t2=t1+(1, 6))	1	222
(9, 58, 1017, t1) -> (9, 58, 1017, t2=t1+(1, 1))	1	223
(2672, 64, 120, t1) -> (2672, 64, 120, t2=t1+(1, 3))	1	224
(3571, 79, 2568, t1) -> (2568, 79, 3571, t2=t1+(1, 7))	1	225
(3182, 75, 4369, t1) -> (4369, 75, 3182, t2=t1+(1, 4))	1	226
(1458, 121, 2010, t1) -> (2010, 121, 2010, t2=t1+(1, 6))	1	227
(168, 136, 4676, t1) -> (4676, 136, 4676, t2=t1+(1, 12))	1	228
(3982, 89, 3862, t1) -> (3982, 89, 3982, t2=t1+(1, 5))	1	229
(2123, 99, 3972, t1) -> (2123, 99, 2123, t2=t1+(1, 1))	1	230
(94, 15, 2150, t1) -> (94, 15, 2150, t2=t1+(1, 2))	1	231
(1256, 64, 2549, t1) -> (1256, 64, 1256, t2=t1+(1, 7))	1	232
(2679, 9, 4368, t1) -> (4368, 9, 2679, t2=t1+(1, 4))	1	233
(3459, 48, 4446, t1) -> (3459, 48, 3459, t2=t1+(1, 6))	1	234
(168, 183, 1115, t1) -> (1115, 183, 1115, t2=t1+(1, 5))	1	235
(968, 40, 2339, t1) -> (968, 40, 968, t2=t1+(1, 5))	1	236
(2194, 132, 3966, t1) -> (3966, 132, 2194, t2=t1+(1, 5))	1	237
(4605, 186, 388, t1) -> (388, 186, 388, t2=t1+(1, 6))	1	238
(2477, 23, 1820, t1) -> (1820, 23, 1820, t2=t1+(1, 2))	1	239
(2194, 125, 4121, t1) -> (2194, 125, 2194, t2=t1+(1, 4))	1	240
(3237, 157, 869, t1) -> (869, 157, 3237, t2=t1+(1, 7))	1	241
(732, 183, 684, t1) -> (732, 183, 684, t2=t1+(1, 2))	1	242
(4796, 42, 2235, t1) -> (4796, 42, 2235, t2=t1+(1, 7))	1	243
(2122, 162, 1151, t1) -> (2122, 162, 1151, t2=t1+(1, 3))	1	244
(4760, 144, 4467, t1) -> (4467, 144, 4467, t2=t1+(1, 3))	1	245
(4679, 194, 4292, t1) -> (4679, 194, 4292, t2=t1+(1, 9))	1	246
(2232, 99, 1091, t1) -> (2232, 99, 1091, t2=t1+(1, 2))	1	247
(3661, 80, 757, t1) -> (3661, 80, 3661, t2=t1+(1, 2))	1	248
(3249, 188, 4107, t1) -> (3249, 188, 3249, t2=t1+(1, 3))	1	249
(2477, 51, 1457, t1) -> (2477, 51, 2477, t2=t1+(1, 2))	1	250
(2680, 102, 2610, t1) -> (2680, 102, 2680, t2=t1+(1, 8))	1	251
(3223, 108, 4722, t1) -> (3223, 108, 3223, t2=t1+(1, 4))	1	252
(2467, 126, 4608, t1) -> (4608, 126, 4608, t2=t1+(1, 4))	1	253
(1641, 168, 1634, t1) -> (1634, 168, 1634, t2=t1+(1, 6))	1	254
(3832, 71, 3332, t1) -> (3332, 71, 3832, t2=t1+(1, 5))	1	255
(2577, 44, 1545, t1) -> (2577, 44, 1545, t2=t1+(1, 3))	1	256
(4545, 161, 1384, t1) -> (1384, 161, 4545, t2=t1+(1, 8))	1	257
(251, 130, 4262, t1) -> (251, 130, 251, t2=t1+(1, 9))	1	258
(830, 132, 988, t1) -> (988, 132, 830, t2=t1+(1, 4))	1	259
(4199, 110, 3892, t1) -> (4199, 110, 4199, t2=t1+(1, 4))	1	260
(2167, 102, 1348, t1) -> (1348, 102, 2167, t2=t1+(1, 4))	1	261
(2303, 177, 2486, t1) -> (2303, 177, 2486, t2=t1+(1, 1))	1	262
(968, 108, 1732, t1) -> (968, 108, 1732, t2=t1+(1, 6))	1	263
(214, 104, 4446, t1) -> (214, 104, 214, t2=t1+(1, 7))	1	264
(2289, 49, 2010, t1) -> (2010, 49, 2289, t2=t1+(1, 5))	1	265
(649, 109, 4261, t1) -> (4261, 109, 4261, t2=t1+(1, 8))	1	266
(2129, 136, 3983, t1) -> (3983, 136, 2129, t2=t1+(1, 5))	1	267
(3326, 160, 4557, t1) -> (4557, 160, 4557, t2=t1+(1, 3))	1	268
(1256, 44, 3126, t1) -> (1256, 44, 3126, t2=t1+(1, 7))	1	269
(3483, 152, 1348, t1) -> (3483, 152, 1348, t2=t1+(1, 4))	1	270
(1839, 12, 4233, t1) -> (4233, 12, 4233, t2=t1+(1, 5))	1	271
(592, 47, 4926, t1) -> (592, 47, 4926, t2=t1+(1, 4))	1	272
(168, 92, 3983, t1) -> (3983, 92, 3983, t2=t1+(1, 5))	1	273
(1378, 164, 3699, t1) -> (3699, 164, 1378, t2=t1+(1, 7))	1	274
(4098, 187, 2181, t1) -> (4098, 187, 4098, t2=t1+(1, 1))	1	275
(3832, 120, 1839, t1) -> (1839, 120, 3832, t2=t1+(1, 5))	1	276
(4236, 39, 2736, t1) -> (4236, 39, 2736, t2=t1+(1, 6))	1	277
(4664, 109, 1630, t1) -> (4664, 109, 1630, t2=t1+(1, 3))	1	278
(2481, 23, 2938, t1) -> (2938, 23, 2938, t2=t1+(1, 8))	1	279
(104, 14, 1875, t1) -> (104, 14, 104, t2=t1+(1, 3))	1	280
(3577, 137, 4618, t1) -> (3577, 137, 4618, t2=t1+(1, 6))	1	281
(2987, 119, 3942, t1) -> (3942, 119, 2987, t2=t1+(1, 8))	1	282
(1761, 187, 3950, t1) -> (1761, 187, 3950, t2=t1+(1, 3))	1	283
(3297, 77, 3906, t1) -> (3906, 77, 3906, t2=t1+(1, 2))	1	284
(3190, 154, 3332, t1) -> (3332, 154, 3190, t2=t1+(1, 3))	1	285
(4279, 163, 4308, t1) -> (4308, 163, 4279, t2=t1+(1, 3))	1	286
(4878, 28, 3300, t1) -> (3300, 28, 3300, t2=t1+(1, 5))	1	287
(988, 37, 4450, t1) -> (988, 37, 988, t2=t1+(1, 3))	1	288
(4707, 193, 2594, t1) -> (2594, 193, 4707, t2=t1+(1, 3))	1	289
(4070, 197, 1256, t1) -> (1256, 197, 1256, t2=t1+(1, 4))	1	290
(636, 61, 3950, t1) -> (3950, 61, 636, t2=t1+(1, 1))	1	291
(2500, 36, 3640, t1) -> (3640, 36, 2500, t2=t1+(1, 2))	1	292
(2529, 177, 2453, t1) -> (2453, 177, 2453, t2=t1+(1, 3))	1	293
(1875, 179, 3126, t1) -> (1875, 179, 3126, t2=t1+(1, 6))	1	294
(1038, 9, 4655, t1) -> (4655, 9, 1038, t2=t1+(1, 5))	1	295
(3359, 40, 1800, t1) -> (3359, 40, 1800, t2=t1+(1, 4))	1	296
(1882, 98, 1044, t1) -> (1882, 98, 1044, t2=t1+(1, 4))	1	297
(1050, 99, 400, t1) -> (400, 99, 1050, t2=t1+(1, 4))	1	298
(2167, 121, 4109, t1) -> (4109, 121, 4109, t2=t1+(1, 1))	1	299
