(4354, 52, 4468, t1) & (2500, 85, 1368, t2=t1+(0, 3)) & (2500, 17, 4468, t3=t2+(0, 4)) -> (2500, 85, 2500, t4=t3+(1, 9))	3	0
(2134, 52, 2883, t1) & (1055, 79, 1903, t2=t1+(0, 5)) & (2134, 44, 1055, t3=t2+(0, 8)) -> (1055, 52, 1055, t4=t3+(1, 4))	3	1
(4644, 0, 3638, t1) & (4393, 111, 1122, t2=t1+(0, 11)) & (1122, 117, 3638, t3=t2+(0, 4)) -> (1122, 111, 3638, t4=t3+(1, 6))	3	2
(4759, 19, 1375, t1) & (3529, 13, 3459, t2=t1+(0, 5)) & (1375, 185, 3459, t3=t2+(0, 1)) -> (1375, 19, 4759, t4=t3+(1, 2))	3	3
(4241, 175, 3624, t1) & (2883, 179, 1121, t2=t1+(0, 5)) & (4241, 193, 1121, t3=t2+(0, 3)) -> (1121, 175, 4241, t4=t3+(1, 6))	3	4
(4413, 78, 1099, t1) & (3809, 53, 3402, t2=t1+(0, 4)) & (4413, 162, 3402, t3=t2+(0, 3)) -> (3809, 78, 3402, t4=t3+(1, 5))	3	5
(455, 55, 3306, t1) & (4617, 189, 3589, t2=t1+(0, 8)) & (4617, 132, 3306, t3=t2+(0, 7)) -> (4617, 132, 3306, t4=t3+(1, 6))	3	6
(4550, 149, 1244, t1) & (4108, 53, 1409, t2=t1+(0, 5)) & (1244, 115, 4108, t3=t2+(0, 6)) -> (1244, 149, 1244, t4=t3+(1, 5))	3	7
(3170, 176, 1179, t1) & (2817, 56, 1647, t2=t1+(0, 5)) & (3170, 143, 1647, t3=t2+(0, 6)) -> (3170, 56, 1647, t4=t3+(1, 5))	3	8
(3297, 49, 17, t1) & (1389, 32, 879, t2=t1+(0, 7)) & (17, 144, 1389, t3=t2+(0, 6)) -> (879, 144, 879, t4=t3+(1, 4))	3	9
(4538, 18, 3366, t1) & (3825, 3, 69, t2=t1+(0, 3)) & (4538, 13, 3825, t3=t2+(0, 10)) -> (3825, 3, 3825, t4=t3+(1, 5))	3	10
(4250, 139, 4227, t1) & (3812, 52, 1317, t2=t1+(0, 3)) & (4227, 164, 3812, t3=t2+(0, 3)) -> (4227, 164, 3812, t4=t3+(1, 4))	3	11
(2787, 124, 3904, t1) & (2764, 174, 3927, t2=t1+(0, 3)) & (3904, 72, 3927, t3=t2+(0, 1)) -> (3927, 174, 3927, t4=t3+(1, 6))	3	12
(4741, 184, 3265, t1) & (4798, 13, 3704, t2=t1+(0, 10)) & (3265, 78, 3704, t3=t2+(0, 3)) -> (3704, 13, 3704, t4=t3+(1, 2))	3	13
(1404, 48, 2520, t1) & (3771, 40, 1313, t2=t1+(0, 5)) & (2520, 53, 3771, t3=t2+(0, 7)) -> (1404, 40, 2520, t4=t3+(1, 3))	3	14
(2847, 54, 2487, t1) & (854, 163, 4371, t2=t1+(0, 4)) & (854, 98, 2487, t3=t2+(0, 8)) -> (2487, 98, 2847, t4=t3+(1, 7))	3	15
(1846, 83, 1482, t1) & (4356, 148, 1548, t2=t1+(0, 8)) & (1846, 125, 1548, t3=t2+(0, 5)) -> (1548, 125, 1548, t4=t3+(1, 5))	3	16
(4004, 56, 2010, t1) & (1174, 199, 68, t2=t1+(0, 5)) & (2010, 89, 1174, t3=t2+(0, 5)) -> (2010, 89, 4004, t4=t3+(1, 3))	3	17
(2454, 165, 1214, t1) & (4474, 143, 2741, t2=t1+(0, 3)) & (2454, 151, 2741, t3=t2+(0, 4)) -> (2741, 151, 2741, t4=t3+(1, 2))	3	18
(2520, 32, 4848, t1) & (2407, 32, 2795, t2=t1+(0, 5)) & (2407, 143, 2520, t3=t2+(0, 9)) -> (2520, 143, 4848, t4=t3+(1, 4))	3	19
(1007, 37, 3299, t1) & (2232, 68, 1637, t2=t1+(0, 6)) & (3299, 147, 2232, t3=t2+(0, 4)) -> (2232, 68, 1007, t4=t3+(1, 7))	3	20
(3578, 28, 1604, t1) & (813, 128, 1965, t2=t1+(0, 9)) & (3578, 46, 1965, t3=t2+(0, 8)) -> (3578, 28, 1965, t4=t3+(1, 4))	3	21
(3579, 124, 785, t1) & (1121, 114, 3794, t2=t1+(0, 6)) & (1121, 71, 785, t3=t2+(0, 3)) -> (785, 71, 3579, t4=t3+(1, 2))	3	22
(1744, 147, 590, t1) & (2176, 175, 3948, t2=t1+(0, 6)) & (2176, 16, 1744, t3=t2+(0, 4)) -> (1744, 16, 590, t4=t3+(1, 5))	3	23
(1925, 71, 2850, t1) & (1556, 187, 2307, t2=t1+(0, 9)) & (2307, 84, 2850, t3=t2+(0, 8)) -> (2850, 187, 2307, t4=t3+(1, 6))	3	24
(454, 40, 112, t1) & (2984, 24, 1843, t2=t1+(0, 4)) & (1843, 47, 112, t3=t2+(0, 5)) -> (112, 24, 1843, t4=t3+(1, 6))	3	25
(2111, 89, 2492, t1) & (793, 8, 4568, t2=t1+(0, 4)) & (4568, 184, 2492, t3=t2+(0, 2)) -> (4568, 89, 4568, t4=t3+(1, 3))	3	26
(2883, 69, 4510, t1) & (448, 185, 1542, t2=t1+(0, 3)) & (4510, 19, 1542, t3=t2+(0, 6)) -> (1542, 69, 4510, t4=t3+(1, 6))	3	27
(3508, 111, 3818, t1) & (3457, 92, 3460, t2=t1+(0, 4)) & (3460, 32, 3508, t3=t2+(0, 2)) -> (3460, 32, 3460, t4=t3+(1, 1))	3	28
(1212, 174, 995, t1) & (139, 15, 417, t2=t1+(0, 2)) & (995, 2, 417, t3=t2+(0, 4)) -> (417, 2, 995, t4=t3+(1, 4))	3	29
(796, 191, 861, t1) & (3494, 128, 2730, t2=t1+(0, 2)) & (796, 19, 2730, t3=t2+(0, 4)) -> (861, 19, 796, t4=t3+(1, 4))	3	30
(1583, 184, 3156, t1) & (4273, 103, 1745, t2=t1+(0, 4)) & (3156, 178, 1745, t3=t2+(0, 5)) -> (1745, 184, 1583, t4=t3+(1, 2))	3	31
(3534, 99, 3237, t1) & (3774, 128, 4801, t2=t1+(0, 7)) & (3774, 53, 3237, t3=t2+(0, 4)) -> (4801, 128, 3534, t4=t3+(1, 4))	3	32
(4233, 176, 3383, t1) & (4516, 191, 77, t2=t1+(0, 1)) & (3383, 21, 77, t3=t2+(0, 6)) -> (4516, 21, 4516, t4=t3+(1, 6))	3	33
(2069, 162, 854, t1) & (392, 81, 551, t2=t1+(0, 6)) & (854, 42, 551, t3=t2+(0, 5)) -> (392, 81, 551, t4=t3+(1, 3))	3	34
(4608, 28, 2015, t1) & (1408, 58, 2026, t2=t1+(0, 4)) & (2026, 125, 2015, t3=t2+(0, 5)) -> (4608, 28, 2015, t4=t3+(1, 4))	3	35
(3656, 32, 2038, t1) & (4726, 7, 1863, t2=t1+(0, 4)) & (2038, 149, 4726, t3=t2+(0, 6)) -> (2038, 32, 2038, t4=t3+(1, 3))	3	36
(3679, 181, 4032, t1) & (4559, 69, 1367, t2=t1+(0, 5)) & (4032, 68, 1367, t3=t2+(0, 5)) -> (4032, 68, 4032, t4=t3+(1, 3))	3	37
(4898, 19, 2054, t1) & (4002, 54, 1050, t2=t1+(0, 5)) & (4898, 185, 4002, t3=t2+(0, 4)) -> (4002, 54, 4898, t4=t3+(1, 8))	3	38
(1017, 84, 2213, t1) & (4842, 17, 14, t2=t1+(0, 4)) & (14, 75, 2213, t3=t2+(0, 8)) -> (14, 17, 14, t4=t3+(1, 2))	3	39
(1287, 61, 2836, t1) & (3436, 83, 4059, t2=t1+(0, 6)) & (2836, 67, 4059, t3=t2+(0, 4)) -> (1287, 83, 2836, t4=t3+(1, 5))	3	40
(220, 126, 4976, t1) & (195, 15, 4248, t2=t1+(0, 9)) & (195, 52, 220, t3=t2+(0, 2)) -> (220, 15, 4976, t4=t3+(1, 2))	3	41
(1668, 40, 1374, t1) & (4178, 82, 368, t2=t1+(0, 0)) & (4178, 83, 1668, t3=t2+(0, 3)) -> (4178, 83, 1668, t4=t3+(1, 5))	3	42
(708, 144, 407, t1) & (4461, 19, 4688, t2=t1+(0, 3)) & (407, 5, 4688, t3=t2+(0, 6)) -> (708, 5, 4688, t4=t3+(1, 1))	3	43
(631, 73, 618, t1) & (2260, 166, 3836, t2=t1+(0, 4)) & (2260, 143, 618, t3=t2+(0, 6)) -> (3836, 166, 2260, t4=t3+(1, 7))	3	44
(2554, 54, 1182, t1) & (503, 73, 2813, t2=t1+(0, 5)) & (503, 115, 1182, t3=t2+(0, 2)) -> (503, 115, 1182, t4=t3+(1, 5))	3	45
(2648, 28, 4505, t1) & (1826, 151, 838, t2=t1+(0, 4)) & (1826, 67, 4505, t3=t2+(0, 5)) -> (1826, 67, 4505, t4=t3+(1, 8))	3	46
(3321, 40, 7, t1) & (4073, 109, 4710, t2=t1+(0, 6)) & (4710, 72, 7, t3=t2+(0, 4)) -> (4710, 72, 4710, t4=t3+(1, 3))	3	47
(2688, 13, 1736, t1) & (1431, 118, 4369, t2=t1+(0, 6)) & (1736, 28, 4369, t3=t2+(0, 4)) -> (4369, 28, 1736, t4=t3+(1, 4))	3	48
(4791, 182, 2939, t1) & (2385, 118, 3476, t2=t1+(0, 3)) & (3476, 125, 2939, t3=t2+(0, 6)) -> (2939, 118, 4791, t4=t3+(1, 2))	3	49
(3611, 89, 327, t1) & (730, 20, 4767, t2=t1+(0, 6)) & (327, 50, 730, t3=t2+(0, 4)) -> (730, 89, 730, t4=t3+(1, 11))	3	50
(2282, 185, 4373, t1) & (4348, 104, 4164, t2=t1+(0, 9)) & (4348, 47, 4373, t3=t2+(0, 6)) -> (2282, 47, 4164, t4=t3+(1, 5))	3	51
(1200, 182, 2915, t1) & (952, 15, 3135, t2=t1+(0, 9)) & (2915, 180, 3135, t3=t2+(0, 3)) -> (1200, 182, 2915, t4=t3+(1, 6))	3	52
(54, 164, 4165, t1) & (1934, 11, 2953, t2=t1+(0, 4)) & (54, 24, 2953, t3=t2+(0, 7)) -> (4165, 24, 54, t4=t3+(1, 4))	3	53
(302, 170, 1927, t1) & (4006, 117, 2800, t2=t1+(0, 7)) & (1927, 149, 2800, t3=t2+(0, 3)) -> (2800, 117, 4006, t4=t3+(1, 4))	3	54
(2085, 52, 4179, t1) & (1347, 34, 3297, t2=t1+(0, 1)) & (3297, 142, 2085, t3=t2+(0, 6)) -> (3297, 34, 4179, t4=t3+(1, 6))	3	55
(4975, 52, 2322, t1) & (4561, 52, 2338, t2=t1+(0, 7)) & (2338, 10, 2322, t3=t2+(0, 5)) -> (2338, 10, 4975, t4=t3+(1, 7))	3	56
(3163, 184, 3162, t1) & (1892, 9, 4326, t2=t1+(0, 9)) & (1892, 20, 3163, t3=t2+(0, 5)) -> (3162, 9, 3163, t4=t3+(1, 1))	3	57
(3873, 7, 3384, t1) & (833, 188, 4161, t2=t1+(0, 3)) & (3384, 28, 4161, t3=t2+(0, 7)) -> (3873, 188, 3873, t4=t3+(1, 4))	3	58
(1220, 4, 1871, t1) & (2480, 31, 4697, t2=t1+(0, 8)) & (1220, 28, 2480, t3=t2+(0, 5)) -> (2480, 28, 1220, t4=t3+(1, 5))	3	59
(4831, 40, 936, t1) & (4910, 111, 1885, t2=t1+(0, 4)) & (936, 49, 4910, t3=t2+(0, 4)) -> (4831, 49, 1885, t4=t3+(1, 8))	3	60
(3816, 120, 4837, t1) & (3988, 28, 3216, t2=t1+(0, 5)) & (4837, 115, 3216, t3=t2+(0, 7)) -> (4837, 120, 3816, t4=t3+(1, 5))	3	61
(636, 19, 238, t1) & (1712, 125, 4930, t2=t1+(0, 5)) & (4930, 28, 636, t3=t2+(0, 3)) -> (238, 19, 1712, t4=t3+(1, 8))	3	62
(2537, 23, 4282, t1) & (4937, 33, 4209, t2=t1+(0, 7)) & (4937, 57, 4282, t3=t2+(0, 7)) -> (4937, 57, 2537, t4=t3+(1, 10))	3	63
(4140, 156, 1196, t1) & (3308, 165, 3041, t2=t1+(0, 9)) & (1196, 109, 3041, t3=t2+(0, 4)) -> (3041, 156, 1196, t4=t3+(1, 6))	3	64
(4326, 72, 4188, t1) & (2620, 89, 2235, t2=t1+(0, 3)) & (4188, 162, 2620, t3=t2+(0, 5)) -> (4188, 89, 2620, t4=t3+(1, 6))	3	65
(66, 191, 3428, t1) & (1211, 151, 3920, t2=t1+(0, 5)) & (1211, 54, 66, t3=t2+(0, 3)) -> (3920, 54, 3428, t4=t3+(1, 6))	3	66
(4607, 151, 602, t1) & (934, 15, 1809, t2=t1+(0, 5)) & (602, 15, 934, t3=t2+(0, 6)) -> (934, 151, 4607, t4=t3+(1, 5))	3	67
(3400, 40, 155, t1) & (3625, 69, 2329, t2=t1+(0, 6)) & (2329, 72, 3400, t3=t2+(0, 1)) -> (3625, 40, 3400, t4=t3+(1, 4))	3	68
(2586, 18, 1294, t1) & (875, 1, 1542, t2=t1+(0, 7)) & (2586, 50, 1542, t3=t2+(0, 8)) -> (2586, 1, 875, t4=t3+(1, 5))	3	69
(3334, 81, 3533, t1) & (4422, 54, 4673, t2=t1+(0, 3)) & (3334, 78, 4422, t3=t2+(0, 4)) -> (3334, 81, 4422, t4=t3+(1, 6))	3	70
(3574, 84, 2411, t1) & (3395, 160, 898, t2=t1+(0, 5)) & (3574, 68, 3395, t3=t2+(0, 4)) -> (3395, 160, 3574, t4=t3+(1, 9))	3	71
(1671, 10, 3146, t1) & (1105, 26, 3359, t2=t1+(0, 8)) & (1671, 176, 1105, t3=t2+(0, 5)) -> (3359, 26, 1105, t4=t3+(1, 2))	3	72
(601, 175, 3238, t1) & (3494, 105, 2451, t2=t1+(0, 4)) & (601, 61, 2451, t3=t2+(0, 8)) -> (2451, 105, 3238, t4=t3+(1, 3))	3	73
(4972, 33, 2210, t1) & (923, 79, 119, t2=t1+(0, 7)) & (923, 156, 4972, t3=t2+(0, 4)) -> (119, 79, 119, t4=t3+(1, 2))	3	74
(1957, 139, 894, t1) & (1128, 109, 1890, t2=t1+(0, 2)) & (1128, 132, 1957, t3=t2+(0, 5)) -> (1957, 132, 1957, t4=t3+(1, 2))	3	75
(1151, 123, 4794, t1) & (4848, 24, 3395, t2=t1+(0, 4)) & (1151, 174, 3395, t3=t2+(0, 4)) -> (1151, 24, 4794, t4=t3+(1, 8))	3	76
(557, 72, 305, t1) & (2972, 103, 2334, t2=t1+(0, 12)) & (557, 81, 2972, t3=t2+(0, 4)) -> (557, 72, 305, t4=t3+(1, 6))	3	77
(2454, 28, 4051, t1) & (3213, 28, 2336, t2=t1+(0, 5)) & (4051, 59, 3213, t3=t2+(0, 2)) -> (2454, 28, 3213, t4=t3+(1, 5))	3	78
(297, 19, 2752, t1) & (1959, 132, 633, t2=t1+(0, 7)) & (2752, 61, 633, t3=t2+(0, 5)) -> (1959, 61, 633, t4=t3+(1, 4))	3	79
(269, 184, 11, t1) & (1413, 58, 3908, t2=t1+(0, 8)) & (1413, 76, 269, t3=t2+(0, 4)) -> (11, 76, 1413, t4=t3+(1, 6))	3	80
(2845, 21, 558, t1) & (387, 191, 2468, t2=t1+(0, 7)) & (2845, 84, 387, t3=t2+(0, 4)) -> (2845, 191, 2845, t4=t3+(1, 5))	3	81
(4377, 78, 1394, t1) & (345, 92, 1166, t2=t1+(0, 2)) & (4377, 164, 345, t3=t2+(0, 3)) -> (345, 164, 4377, t4=t3+(1, 8))	3	82
(643, 21, 1511, t1) & (3519, 102, 814, t2=t1+(0, 7)) & (1511, 151, 3519, t3=t2+(0, 9)) -> (1511, 151, 3519, t4=t3+(1, 5))	3	83
(287, 148, 2920, t1) & (2456, 115, 2752, t2=t1+(0, 6)) & (2456, 148, 287, t3=t2+(0, 7)) -> (287, 148, 2456, t4=t3+(1, 7))	3	84
(2805, 50, 835, t1) & (2413, 52, 1334, t2=t1+(0, 9)) & (2413, 124, 835, t3=t2+(0, 5)) -> (2413, 52, 835, t4=t3+(1, 3))	3	85
(3049, 7, 2870, t1) & (2950, 136, 3178, t2=t1+(0, 4)) & (3049, 174, 2950, t3=t2+(0, 3)) -> (3049, 174, 2950, t4=t3+(1, 4))	3	86
(2854, 184, 4429, t1) & (1449, 175, 1539, t2=t1+(0, 5)) & (4429, 38, 1539, t3=t2+(0, 2)) -> (4429, 175, 2854, t4=t3+(1, 1))	3	87
(4119, 13, 581, t1) & (4392, 5, 3161, t2=t1+(0, 6)) & (3161, 72, 4119, t3=t2+(0, 5)) -> (4392, 5, 3161, t4=t3+(1, 3))	3	88
(3113, 72, 1234, t1) & (1766, 75, 1394, t2=t1+(0, 2)) & (1234, 117, 1394, t3=t2+(0, 2)) -> (1394, 72, 1234, t4=t3+(1, 2))	3	89
(2937, 188, 1037, t1) & (1911, 52, 4648, t2=t1+(0, 4)) & (1037, 72, 4648, t3=t2+(0, 3)) -> (1037, 188, 1037, t4=t3+(1, 4))	3	90
(3359, 90, 3441, t1) & (1120, 130, 3759, t2=t1+(0, 4)) & (3759, 29, 3441, t3=t2+(0, 5)) -> (1120, 29, 3759, t4=t3+(1, 8))	3	91
(4850, 188, 4785, t1) & (1644, 161, 3187, t2=t1+(0, 3)) & (1644, 148, 4785, t3=t2+(0, 2)) -> (4785, 161, 3187, t4=t3+(1, 3))	3	92
(3294, 54, 2492, t1) & (413, 15, 2251, t2=t1+(0, 5)) & (413, 28, 2492, t3=t2+(0, 9)) -> (2492, 28, 413, t4=t3+(1, 1))	3	93
(4398, 145, 211, t1) & (2026, 89, 2521, t2=t1+(0, 1)) & (4398, 142, 2521, t3=t2+(0, 3)) -> (2521, 142, 4398, t4=t3+(1, 3))	3	94
(1352, 28, 4502, t1) & (789, 191, 2347, t2=t1+(0, 2)) & (2347, 78, 1352, t3=t2+(0, 4)) -> (2347, 78, 1352, t4=t3+(1, 9))	3	95
(4337, 142, 4521, t1) & (2163, 96, 2913, t2=t1+(0, 5)) & (4337, 18, 2163, t3=t2+(0, 4)) -> (2163, 96, 4521, t4=t3+(1, 4))	3	96
(2085, 130, 220, t1) & (2257, 174, 2812, t2=t1+(0, 11)) & (2812, 111, 220, t3=t2+(0, 6)) -> (2085, 174, 2085, t4=t3+(1, 5))	3	97
(4157, 24, 4552, t1) & (3988, 52, 4466, t2=t1+(0, 2)) & (4157, 176, 3988, t3=t2+(0, 3)) -> (3988, 52, 4157, t4=t3+(1, 8))	3	98
(3584, 28, 2737, t1) & (1070, 125, 2888, t2=t1+(0, 4)) & (3584, 127, 2888, t3=t2+(0, 7)) -> (1070, 127, 2737, t4=t3+(1, 7))	3	99
(3526, 166, 1531, t1) & (3526, 17, 3526, t2=t1+(0, 6)) -> (3526, 166, 1531, t3=t2+(1, 9))	2	100
(4411, 42, 4252, t1) & (3034, 184, 4252, t2=t1+(0, 3)) -> (4252, 184, 3034, t3=t2+(1, 1))	2	101
(4282, 97, 2069, t1) & (4284, 151, 2069, t2=t1+(0, 4)) -> (2069, 97, 2069, t3=t2+(1, 5))	2	102
(4222, 79, 4293, t1) & (1133, 9, 4293, t2=t1+(0, 3)) -> (4293, 9, 4222, t3=t2+(1, 6))	2	103
(692, 131, 1297, t1) & (2255, 15, 692, t2=t1+(0, 5)) -> (692, 131, 2255, t3=t2+(1, 5))	2	104
(2919, 179, 4980, t1) & (884, 170, 2919, t2=t1+(0, 5)) -> (4980, 170, 2919, t3=t2+(1, 6))	2	105
(3379, 20, 934, t1) & (4299, 55, 3379, t2=t1+(0, 3)) -> (934, 55, 934, t3=t2+(1, 7))	2	106
(2432, 182, 507, t1) & (3687, 139, 2432, t2=t1+(0, 2)) -> (2432, 182, 3687, t3=t2+(1, 4))	2	107
(4818, 54, 4789, t1) & (4789, 164, 4789, t2=t1+(0, 9)) -> (4789, 164, 4789, t3=t2+(1, 7))	2	108
(4102, 193, 3569, t1) & (4102, 7, 3569, t2=t1+(0, 6)) -> (3569, 193, 3569, t3=t2+(1, 5))	2	109
(2899, 125, 415, t1) & (415, 10, 1050, t2=t1+(0, 9)) -> (415, 10, 415, t3=t2+(1, 2))	2	110
(1283, 146, 4730, t1) & (1283, 185, 858, t2=t1+(0, 7)) -> (1283, 185, 1283, t3=t2+(1, 3))	2	111
(3303, 43, 4116, t1) & (414, 166, 4116, t2=t1+(0, 6)) -> (4116, 43, 414, t3=t2+(1, 3))	2	112
(2174, 33, 2599, t1) & (2174, 130, 2599, t2=t1+(0, 4)) -> (2174, 33, 2174, t3=t2+(1, 3))	2	113
(3256, 11, 4928, t1) & (3256, 17, 3256, t2=t1+(0, 4)) -> (3256, 11, 4928, t3=t2+(1, 4))	2	114
(189, 89, 300, t1) & (300, 52, 300, t2=t1+(0, 7)) -> (300, 52, 300, t3=t2+(1, 4))	2	115
(4856, 52, 1497, t1) & (1497, 77, 4856, t2=t1+(0, 7)) -> (1497, 77, 4856, t3=t2+(1, 10))	2	116
(404, 23, 1807, t1) & (1807, 52, 404, t2=t1+(0, 6)) -> (1807, 52, 1807, t3=t2+(1, 9))	2	117
(3721, 40, 2819, t1) & (2819, 132, 3142, t2=t1+(0, 7)) -> (3721, 40, 2819, t3=t2+(1, 5))	2	118
(3225, 191, 4839, t1) & (1134, 40, 4839, t2=t1+(0, 3)) -> (4839, 40, 4839, t3=t2+(1, 7))	2	119
(476, 156, 1770, t1) & (3337, 178, 1770, t2=t1+(0, 2)) -> (1770, 178, 1770, t3=t2+(1, 3))	2	120
(4353, 31, 3300, t1) & (2192, 52, 3300, t2=t1+(0, 7)) -> (3300, 52, 3300, t3=t2+(1, 4))	2	121
(4113, 19, 2853, t1) & (2853, 73, 2853, t2=t1+(0, 7)) -> (4113, 73, 2853, t3=t2+(1, 3))	2	122
(686, 185, 4188, t1) & (2958, 79, 4188, t2=t1+(0, 4)) -> (4188, 79, 4188, t3=t2+(1, 5))	2	123
(1107, 177, 267, t1) & (2340, 40, 1107, t2=t1+(0, 2)) -> (1107, 40, 267, t3=t2+(1, 5))	2	124
(1953, 2, 4006, t1) & (1953, 31, 1953, t2=t1+(0, 1)) -> (1953, 2, 1953, t3=t2+(1, 6))	2	125
(3487, 52, 183, t1) & (3487, 123, 2556, t2=t1+(0, 10)) -> (2556, 123, 3487, t3=t2+(1, 5))	2	126
(3780, 31, 1313, t1) & (1313, 176, 3780, t2=t1+(0, 4)) -> (3780, 176, 1313, t3=t2+(1, 2))	2	127
(1401, 49, 2570, t1) & (2570, 28, 1181, t2=t1+(0, 5)) -> (2570, 28, 1181, t3=t2+(1, 3))	2	128
(1832, 123, 1812, t1) & (1832, 191, 1832, t2=t1+(0, 9)) -> (1832, 191, 1812, t3=t2+(1, 6))	2	129
(904, 72, 4535, t1) & (4535, 34, 4535, t2=t1+(0, 1)) -> (4535, 34, 4535, t3=t2+(1, 3))	2	130
(3707, 190, 3150, t1) & (3707, 70, 3303, t2=t1+(0, 4)) -> (3707, 190, 3150, t3=t2+(1, 7))	2	131
(4533, 142, 71, t1) & (287, 115, 4533, t2=t1+(0, 7)) -> (4533, 142, 71, t3=t2+(1, 5))	2	132
(2119, 121, 424, t1) & (2167, 123, 424, t2=t1+(0, 2)) -> (424, 121, 2119, t3=t2+(1, 5))	2	133
(1461, 151, 1913, t1) & (902, 125, 1461, t2=t1+(0, 7)) -> (1461, 151, 1913, t3=t2+(1, 10))	2	134
(301, 193, 1312, t1) & (1125, 197, 1312, t2=t1+(0, 6)) -> (1312, 193, 1312, t3=t2+(1, 7))	2	135
(1038, 52, 4015, t1) & (614, 84, 4015, t2=t1+(0, 6)) -> (614, 52, 4015, t3=t2+(1, 4))	2	136
(4755, 28, 971, t1) & (971, 92, 376, t2=t1+(0, 8)) -> (376, 28, 971, t3=t2+(1, 4))	2	137
(3658, 108, 1067, t1) & (3658, 174, 1067, t2=t1+(0, 6)) -> (3658, 174, 3658, t3=t2+(1, 3))	2	138
(4321, 89, 2905, t1) & (4745, 163, 4321, t2=t1+(0, 9)) -> (4745, 89, 4745, t3=t2+(1, 4))	2	139
(43, 40, 4819, t1) & (4819, 71, 4819, t2=t1+(0, 5)) -> (4819, 71, 43, t3=t2+(1, 5))	2	140
(1776, 103, 1219, t1) & (1776, 122, 1219, t2=t1+(0, 7)) -> (1776, 122, 1219, t3=t2+(1, 7))	2	141
(4973, 79, 4429, t1) & (3469, 190, 4429, t2=t1+(0, 7)) -> (3469, 190, 4429, t3=t2+(1, 4))	2	142
(770, 13, 3688, t1) & (3688, 139, 3688, t2=t1+(0, 4)) -> (3688, 139, 3688, t3=t2+(1, 5))	2	143
(4644, 185, 3598, t1) & (3598, 11, 3223, t2=t1+(0, 5)) -> (3223, 185, 4644, t3=t2+(1, 5))	2	144
(1897, 40, 2164, t1) & (2164, 40, 2362, t2=t1+(0, 4)) -> (2164, 40, 2164, t3=t2+(1, 7))	2	145
(3479, 15, 1262, t1) & (1262, 75, 1721, t2=t1+(0, 7)) -> (3479, 15, 1262, t3=t2+(1, 5))	2	146
(599, 34, 2923, t1) & (1891, 52, 2923, t2=t1+(0, 10)) -> (1891, 34, 2923, t3=t2+(1, 3))	2	147
(2932, 13, 902, t1) & (902, 34, 2669, t2=t1+(0, 7)) -> (902, 13, 2932, t3=t2+(1, 4))	2	148
(605, 185, 625, t1) & (625, 191, 840, t2=t1+(0, 6)) -> (840, 191, 625, t3=t2+(1, 10))	2	149
(961, 116, 715, t1) & (961, 125, 2007, t2=t1+(0, 3)) -> (715, 116, 961, t3=t2+(1, 3))	2	150
(217, 132, 2732, t1) & (2714, 111, 217, t2=t1+(0, 6)) -> (217, 132, 2732, t3=t2+(1, 5))	2	151
(1051, 106, 203, t1) & (1051, 28, 1051, t2=t1+(0, 6)) -> (1051, 106, 1051, t3=t2+(1, 2))	2	152
(1595, 51, 296, t1) & (1595, 32, 1595, t2=t1+(0, 1)) -> (1595, 32, 1595, t3=t2+(1, 8))	2	153
(424, 106, 4868, t1) & (2434, 142, 4868, t2=t1+(0, 3)) -> (2434, 142, 4868, t3=t2+(1, 2))	2	154
(2270, 72, 1415, t1) & (1415, 86, 1415, t2=t1+(0, 5)) -> (1415, 72, 1415, t3=t2+(1, 7))	2	155
(4802, 40, 4351, t1) & (4351, 125, 4993, t2=t1+(0, 7)) -> (4993, 40, 4351, t3=t2+(1, 5))	2	156
(964, 126, 1309, t1) & (3543, 109, 1309, t2=t1+(0, 5)) -> (1309, 126, 1309, t3=t2+(1, 3))	2	157
(1891, 78, 4826, t1) & (1891, 122, 1891, t2=t1+(0, 4)) -> (4826, 122, 4826, t3=t2+(1, 8))	2	158
(2777, 160, 2914, t1) & (4444, 84, 2777, t2=t1+(0, 2)) -> (4444, 160, 2914, t3=t2+(1, 8))	2	159
(4541, 5, 3260, t1) & (4541, 130, 3260, t2=t1+(0, 6)) -> (3260, 130, 4541, t3=t2+(1, 4))	2	160
(620, 180, 3351, t1) & (2567, 193, 620, t2=t1+(0, 3)) -> (3351, 193, 3351, t3=t2+(1, 9))	2	161
(1981, 145, 1565, t1) & (4572, 124, 1565, t2=t1+(0, 2)) -> (4572, 124, 1981, t3=t2+(1, 4))	2	162
(4397, 79, 431, t1) & (4397, 147, 1034, t2=t1+(0, 3)) -> (4397, 79, 4397, t3=t2+(1, 5))	2	163
(1143, 52, 4238, t1) & (4238, 151, 3024, t2=t1+(0, 5)) -> (3024, 151, 4238, t3=t2+(1, 5))	2	164
(2679, 0, 2632, t1) & (2679, 184, 2632, t2=t1+(0, 2)) -> (2679, 0, 2679, t3=t2+(1, 5))	2	165
(1546, 97, 1125, t1) & (1546, 47, 3664, t2=t1+(0, 5)) -> (1125, 97, 1546, t3=t2+(1, 7))	2	166
(4187, 193, 2518, t1) & (4187, 180, 950, t2=t1+(0, 4)) -> (4187, 180, 950, t3=t2+(1, 11))	2	167
(1744, 26, 716, t1) & (716, 68, 4723, t2=t1+(0, 6)) -> (716, 26, 1744, t3=t2+(1, 8))	2	168
(2067, 46, 4335, t1) & (242, 96, 2067, t2=t1+(0, 7)) -> (2067, 96, 242, t3=t2+(1, 10))	2	169
(953, 162, 93, t1) & (93, 40, 953, t2=t1+(0, 2)) -> (93, 162, 93, t3=t2+(1, 9))	2	170
(2274, 17, 3990, t1) & (2274, 63, 2781, t2=t1+(0, 4)) -> (2274, 63, 3990, t3=t2+(1, 6))	2	171
(2813, 24, 4589, t1) & (1079, 109, 4589, t2=t1+(0, 6)) -> (4589, 24, 4589, t3=t2+(1, 8))	2	172
(128, 23, 2110, t1) & (2110, 161, 4803, t2=t1+(0, 9)) -> (128, 161, 2110, t3=t2+(1, 5))	2	173
(1065, 92, 3071, t1) & (41, 71, 3071, t2=t1+(0, 8)) -> (41, 71, 3071, t3=t2+(1, 5))	2	174
(4832, 40, 2173, t1) & (337, 127, 2173, t2=t1+(0, 5)) -> (2173, 40, 4832, t3=t2+(1, 6))	2	175
(14, 17, 112, t1) & (3508, 185, 112, t2=t1+(0, 4)) -> (3508, 17, 3508, t3=t2+(1, 6))	2	176
(1638, 165, 4601, t1) & (4601, 79, 4601, t2=t1+(0, 6)) -> (4601, 79, 1638, t3=t2+(1, 1))	2	177
(3791, 11, 397, t1) & (397, 84, 397, t2=t1+(0, 4)) -> (397, 11, 397, t3=t2+(1, 6))	2	178
(241, 191, 4791, t1) & (4867, 35, 4791, t2=t1+(0, 6)) -> (4791, 35, 241, t3=t2+(1, 9))	2	179
(2787, 28, 1589, t1) & (1589, 12, 1589, t2=t1+(0, 5)) -> (1589, 28, 2787, t3=t2+(1, 4))	2	180
(4525, 52, 2342, t1) & (454, 40, 2342, t2=t1+(0, 9)) -> (454, 40, 4525, t3=t2+(1, 7))	2	181
(3613, 17, 3287, t1) & (3613, 26, 2266, t2=t1+(0, 4)) -> (3287, 26, 3287, t3=t2+(1, 4))	2	182
(1196, 52, 4130, t1) & (4130, 79, 2128, t2=t1+(0, 5)) -> (4130, 79, 1196, t3=t2+(1, 1))	2	183
(1870, 24, 2777, t1) & (1870, 90, 4819, t2=t1+(0, 5)) -> (4819, 24, 1870, t3=t2+(1, 3))	2	184
(1212, 106, 2599, t1) & (1212, 61, 2599, t2=t1+(0, 3)) -> (1212, 61, 1212, t3=t2+(1, 6))	2	185
(3280, 75, 3758, t1) & (3280, 68, 582, t2=t1+(0, 6)) -> (582, 68, 582, t3=t2+(1, 6))	2	186
(1905, 92, 2783, t1) & (832, 2, 1905, t2=t1+(0, 4)) -> (2783, 2, 1905, t3=t2+(1, 4))	2	187
(1522, 185, 4390, t1) & (1522, 151, 4390, t2=t1+(0, 4)) -> (1522, 185, 4390, t3=t2+(1, 6))	2	188
(687, 133, 3045, t1) & (3045, 29, 2192, t2=t1+(0, 5)) -> (3045, 29, 3045, t3=t2+(1, 4))	2	189
(275, 24, 3204, t1) & (215, 145, 3204, t2=t1+(0, 2)) -> (275, 145, 3204, t3=t2+(1, 4))	2	190
(4029, 28, 1683, t1) & (3116, 152, 4029, t2=t1+(0, 10)) -> (1683, 152, 3116, t3=t2+(1, 3))	2	191
(4665, 172, 4568, t1) & (4665, 23, 2629, t2=t1+(0, 5)) -> (2629, 23, 2629, t3=t2+(1, 4))	2	192
(3183, 124, 2605, t1) & (3183, 47, 3183, t2=t1+(0, 3)) -> (3183, 124, 3183, t3=t2+(1, 7))	2	193
(4395, 65, 349, t1) & (349, 15, 349, t2=t1+(0, 6)) -> (349, 15, 4395, t3=t2+(1, 6))	2	194
(3051, 114, 803, t1) & (3051, 184, 3051, t2=t1+(0, 3)) -> (3051, 184, 3051, t3=t2+(1, 6))	2	195
(503, 12, 4239, t1) & (503, 50, 503, t2=t1+(0, 5)) -> (4239, 12, 503, t3=t2+(1, 5))	2	196
(1822, 142, 3992, t1) & (2887, 105, 1822, t2=t1+(0, 4)) -> (2887, 105, 2887, t3=t2+(1, 5))	2	197
(4850, 52, 1675, t1) & (1675, 125, 4850, t2=t1+(0, 4)) -> (4850, 125, 4850, t3=t2+(1, 5))	2	198
(729, 162, 80, t1) & (2742, 143, 729, t2=t1+(0, 7)) -> (2742, 143, 2742, t3=t2+(1, 4))	2	199
(4842, 10, 3530, t1) -> (4842, 10, 3530, t2=t1+(1, 3))	1	200
(925, 174, 1545, t1) -> (925, 174, 1545, t2=t1+(1, 3))	1	201
(2473, 52, 727, t1) -> (2473, 52, 2473, t2=t1+(1, 9))	1	202
(1233, 179, 2056, t1) -> (1233, 179, 2056, t2=t1+(1, 4))	1	203
(4440, 19, 521, t1) -> (521, 19, 521, t2=t1+(1, 7))	1	204
(4082, 77, 2051, t1) -> (4082, 77, 2051, t2=t1+(1, 5))	1	205
(3779, 15, 3176, t1) -> (3176, 15, 3779, t2=t1+(1, 6))	1	206
(3153, 125, 4625, t1) -> (3153, 125, 3153, t2=t1+(1, 7))	1	207
(3732, 177, 1684, t1) -> (1684, 177, 1684, t2=t1+(1, 7))	1	208
(933, 46, 1312, t1) -> (933, 46, 1312, t2=t1+(1, 8))	1	209
(3442, 131, 3862, t1) -> (3442, 131, 3442, t2=t1+(1, 3))	1	210
(3362, 55, 1161, t1) -> (3362, 55, 3362, t2=t1+(1, 4))	1	211
(1022, 67, 3073, t1) -> (3073, 67, 3073, t2=t1+(1, 9))	1	212
(3180, 98, 2933, t1) -> (2933, 98, 2933, t2=t1+(1, 5))	1	213
(1780, 37, 1712, t1) -> (1712, 37, 1712, t2=t1+(1, 3))	1	214
(2710, 18, 3273, t1) -> (2710, 18, 2710, t2=t1+(1, 8))	1	215
(1601, 68, 1588, t1) -> (1601, 68, 1588, t2=t1+(1, 7))	1	216
(1593, 7, 2958, t1) -> (2958, 7, 2958, t2=t1+(1, 3))	1	217
(2895, 13, 2203, t1) -> (2203, 13, 2895, t2=t1+(1, 4))	1	218
(974, 17, 2790, t1) -> (974, 17, 2790, t2=t1+(1, 7))	1	219
(3512, 147, 364, t1) -> (364, 147, 3512, t2=t1+(1, 4))	1	220
(48, 140, 4090, t1) -> (4090, 140, 48, t2=t1+(1, 3))	1	221
(369, 52, 3141, t1) -> (369, 52, 3141, t2=t1+(1, 3))	1	222
(3504, 40, 2514, t1) -> (3504, 40, 2514, t2=t1+(1, 7))	1	223
(2714, 89, 762, t1) -> (762, 89, 2714, t2=t1+(1, 6))	1	224
(2298, 7, 2029, t1) -> (2029, 7, 2029, t2=t1+(1, 7))	1	225
(3068, 124, 3512, t1) -> (3068, 124, 3068, t2=t1+(1, 5))	1	226
(4946, 65, 2086, t1) -> (4946, 65, 4946, t2=t1+(1, 8))	1	227
(155, 16, 3555, t1) -> (155, 16, 155, t2=t1+(1, 2))	1	228
(4073, 164, 3987, t1) -> (3987, 164, 4073, t2=t1+(1, 8))	1	229
(4735, 43, 3048, t1) -> (3048, 43, 3048, t2=t1+(1, 3))	1	230
(2048, 74, 1300, t1) -> (2048, 74, 2048, t2=t1+(1, 9))	1	231
(3745, 20, 3211, t1) -> (3211, 20, 3745, t2=t1+(1, 6))	1	232
(344, 115, 453, t1) -> (344, 115, 344, t2=t1+(1, 4))	1	233
(457, 28, 2772, t1) -> (2772, 28, 2772, t2=t1+(1, 7))	1	234
(4487, 52, 627, t1) -> (627, 52, 627, t2=t1+(1, 4))	1	235
(1878, 147, 183, t1) -> (1878, 147, 1878, t2=t1+(1, 2))	1	236
(1427, 72, 3069, t1) -> (3069, 72, 1427, t2=t1+(1, 6))	1	237
(1662, 52, 4790, t1) -> (4790, 52, 1662, t2=t1+(1, 2))	1	238
(1929, 91, 1343, t1) -> (1343, 91, 1929, t2=t1+(1, 9))	1	239
(3753, 123, 1856, t1) -> (1856, 123, 1856, t2=t1+(1, 7))	1	240
(4690, 65, 590, t1) -> (4690, 65, 590, t2=t1+(1, 5))	1	241
(189, 50, 2724, t1) -> (2724, 50, 189, t2=t1+(1, 5))	1	242
(1135, 66, 2738, t1) -> (1135, 66, 1135, t2=t1+(1, 5))	1	243
(1913, 188, 3702, t1) -> (1913, 188, 3702, t2=t1+(1, 4))	1	244
(796, 74, 2191, t1) -> (2191, 74, 796, t2=t1+(1, 2))	1	245
(3688, 77, 2751, t1) -> (2751, 77, 2751, t2=t1+(1, 2))	1	246
(633, 8, 3696, t1) -> (3696, 8, 3696, t2=t1+(1, 5))	1	247
(1508, 54, 3758, t1) -> (1508, 54, 1508, t2=t1+(1, 7))	1	248
(2090, 117, 3882, t1) -> (2090, 117, 3882, t2=t1+(1, 3))	1	249
(3987, 144, 2911, t1) -> (2911, 144, 2911, t2=t1+(1, 6))	1	250
(1765, 184, 3458, t1) -> (1765, 184, 3458, t2=t1+(1, 4))	1	251
(4361, 66, 4098, t1) -> (4098, 66, 4361, t2=t1+(1, 4))	1	252
(2855, 127, 2955, t1) -> (2955, 127, 2855, t2=t1+(1, 6))	1	253
(3347, 132, 4166, t1) -> (4166, 132, 4166, t2=t1+(1, 6))	1	254
(4306, 32, 2819, t1) -> (4306, 32, 2819, t2=t1+(1, 7))	1	255
(552, 103, 4316, t1) -> (4316, 103, 4316, t2=t1+(1, 3))	1	256
(1081, 44, 962, t1) -> (962, 44, 1081, t2=t1+(1, 11))	1	257
(2197, 67, 219, t1) -> (2197, 67, 219, t2=t1+(1, 6))	1	258
(1006, 148, 4519, t1) -> (1006, 148, 4519, t2=t1+(1, 5))	1	259
(3419, 75, 250, t1) -> (250, 75, 3419, t2=t1+(1, 2))	1	260
(2495, 28, 3155, t1) -> (2495, 28, 3155, t2=t1+(1, 7))	1	261
(835, 54, 3110, t1) -> (3110, 54, 835, t2=t1+(1, 3))	1	262
(1012, 92, 764, t1) -> (764, 92, 764, t2=t1+(1, 8))	1	263
(4105, 139, 1442, t1) -> (1442, 139, 1442, t2=t1+(1, 4))	1	264
(1203, 84, 2964, t1) -> (2964, 84, 1203, t2=t1+(1, 7))	1	265
(2692, 89, 535, t1) -> (535, 89, 2692, t2=t1+(1, 1))	1	266
(3174, 54, 171, t1) -> (171, 54, 3174, t2=t1+(1, 7))	1	267
(2166, 176, 2061, t1) -> (2166, 176, 2166, t2=t1+(1, 4))	1	268
(949, 53, 2726, t1) -> (949, 53, 949, t2=t1+(1, 4))	1	269
(2317, 92, 1261, t1) -> (1261, 92, 2317, t2=t1+(1, 3))	1	270
(183, 81, 4361, t1) -> (4361, 81, 183, t2=t1+(1, 2))	1	271
(764, 60, 1569, t1) -> (764, 60, 764, t2=t1+(1, 6))	1	272
(858, 123, 3881, t1) -> (3881, 123, 858, t2=t1+(1, 6))	1	273
(3718, 148, 3820, t1) -> (3718, 148, 3820, t2=t1+(1, 11))	1	274
(2683, 174, 965, t1) -> (965, 174, 965, t2=t1+(1, 7))	1	275
(254, 2, 4515, t1) -> (4515, 2, 4515, t2=t1+(1, 3))	1	276
(307, 34, 2672, t1) -> (307, 34, 307, t2=t1+(1, 4))	1	277
(3154, 11, 4876, t1) -> (4876, 11, 4876, t2=t1+(1, 1))	1	278
(726, 151, 4054, t1) -> (4054, 151, 726, t2=t1+(1, 4))	1	279
(2888, 37, 1396, t1) -> (1396, 37, 2888, t2=t1+(1, 4))	1	280
(4928, 78, 4615, t1) -> (4928, 78, 4615, t2=t1+(1, 5))	1	281
(592, 124, 4130, t1) -> (592, 124, 4130, t2=t1+(1, 3))	1	282
(1064, 36, 856, t1) -> (856, 36, 856, t2=t1+(1, 5))	1	283
(3379, 176, 4379, t1) -> (4379, 176, 4379, t2=t1+(1, 5))	1	284
(4151, 52, 1910, t1) -> (1910, 52, 1910, t2=t1+(1, 2))	1	285
(3246, 145, 4717, t1) -> (4717, 145, 4717, t2=t1+(1, 6))	1	286
(4774, 176, 2913, t1) -> (2913, 176, 2913, t2=t1+(1, 2))	1	287
(1938, 66, 2463, t1) -> (2463, 66, 2463, t2=t1+(1, 4))	1	288
(1769, 54, 3334, t1) -> (1769, 54, 1769, t2=t1+(1, 7))	1	289
(1774, 2, 259, t1) -> (259, 2, 259, t2=t1+(1, 4))	1	290
(1005, 115, 3707, t1) -> (1005, 115, 3707, t2=t1+(1, 8))	1	291
(1284, 65, 4355, t1) -> (1284, 65, 4355, t2=t1+(1, 2))	1	292
(1493, 40, 2904, t1) -> (1493, 40, 1493, t2=t1+(1, 6))	1	293
(1205, 37, 1523, t1) -> (1205, 37, 1523, t2=t1+(1, 6))	1	294
(4319, 152, 3847, t1) -> (4319, 152, 3847, t2=t1+(1, 2))	1	295
(3987, 191, 2394, t1) -> (3987, 191, 3987, t2=t1+(1, 10))	1	296
(2762, 176, 2230, t1) -> (2230, 176, 2230, t2=t1+(1, 5))	1	297
(2030, 37, 930, t1) -> (930, 37, 930, t2=t1+(1, 4))	1	298
(4149, 125, 168, t1) -> (4149, 125, 168, t2=t1+(1, 2))	1	299
