(3721, 199, 3006, t1) & (2494, 52, 731, t2=t1+(0, 8)) & (731, 144, 3721, t3=t2+(0, 3)) -> (731, 144, 731, t4=t3+(1, 7))	3	0
(1633, 18, 4070, t1) & (3017, 18, 2328, t2=t1+(0, 6)) & (1633, 127, 2328, t3=t2+(0, 5)) -> (4070, 127, 3017, t4=t3+(1, 10))	3	1
(4749, 38, 3699, t1) & (1687, 83, 24, t2=t1+(0, 6)) & (24, 134, 4749, t3=t2+(0, 5)) -> (24, 38, 24, t4=t3+(1, 4))	3	2
(1705, 159, 2191, t1) & (1528, 84, 646, t2=t1+(0, 6)) & (2191, 186, 1528, t3=t2+(0, 4)) -> (1528, 186, 646, t4=t3+(1, 6))	3	3
(3543, 179, 2699, t1) & (3454, 101, 2163, t2=t1+(0, 4)) & (2699, 189, 3454, t3=t2+(0, 4)) -> (3454, 189, 3454, t4=t3+(1, 3))	3	4
(3691, 10, 1208, t1) & (1570, 129, 2746, t2=t1+(0, 7)) & (1570, 168, 1208, t3=t2+(0, 6)) -> (1570, 10, 1208, t4=t3+(1, 7))	3	5
(364, 128, 1201, t1) & (1892, 172, 2382, t2=t1+(0, 11)) & (1892, 43, 1201, t3=t2+(0, 9)) -> (364, 128, 1201, t4=t3+(1, 3))	3	6
(1173, 118, 1830, t1) & (1956, 192, 3246, t2=t1+(0, 3)) & (1956, 36, 1173, t3=t2+(0, 6)) -> (1830, 118, 3246, t4=t3+(1, 5))	3	7
(2769, 7, 2994, t1) & (2432, 38, 4722, t2=t1+(0, 2)) & (2994, 72, 4722, t3=t2+(0, 6)) -> (2432, 72, 2994, t4=t3+(1, 6))	3	8
(3645, 125, 2918, t1) & (1400, 161, 1895, t2=t1+(0, 5)) & (3645, 195, 1895, t3=t2+(0, 4)) -> (1895, 125, 3645, t4=t3+(1, 6))	3	9
(928, 157, 845, t1) & (4920, 139, 1813, t2=t1+(0, 6)) & (1813, 75, 928, t3=t2+(0, 4)) -> (928, 139, 928, t4=t3+(1, 4))	3	10
(871, 30, 2923, t1) & (492, 179, 3634, t2=t1+(0, 7)) & (2923, 120, 492, t3=t2+(0, 7)) -> (492, 179, 2923, t4=t3+(1, 3))	3	11
(4357, 74, 1002, t1) & (3566, 125, 4426, t2=t1+(0, 7)) & (4426, 0, 1002, t3=t2+(0, 9)) -> (1002, 74, 1002, t4=t3+(1, 12))	3	12
(3811, 197, 2142, t1) & (3767, 105, 3612, t2=t1+(0, 1)) & (3612, 82, 3811, t3=t2+(0, 4)) -> (3767, 197, 3811, t4=t3+(1, 4))	3	13
(1491, 158, 1423, t1) & (1468, 90, 1870, t2=t1+(0, 5)) & (1870, 110, 1423, t3=t2+(0, 2)) -> (1423, 110, 1423, t4=t3+(1, 8))	3	14
(2267, 106, 3993, t1) & (2091, 143, 740, t2=t1+(0, 4)) & (2267, 174, 2091, t3=t2+(0, 7)) -> (2091, 106, 2267, t4=t3+(1, 6))	3	15
(1699, 181, 1243, t1) & (4346, 18, 3291, t2=t1+(0, 6)) & (3291, 12, 1699, t3=t2+(0, 9)) -> (1699, 12, 1699, t4=t3+(1, 6))	3	16
(633, 63, 3192, t1) & (4397, 83, 3258, t2=t1+(0, 3)) & (3258, 23, 3192, t3=t2+(0, 2)) -> (3192, 23, 3258, t4=t3+(1, 7))	3	17
(1731, 162, 407, t1) & (2915, 61, 836, t2=t1+(0, 6)) & (2915, 196, 1731, t3=t2+(0, 6)) -> (1731, 196, 1731, t4=t3+(1, 2))	3	18
(1583, 89, 2716, t1) & (164, 127, 1436, t2=t1+(0, 8)) & (2716, 153, 164, t3=t2+(0, 6)) -> (164, 127, 2716, t4=t3+(1, 8))	3	19
(3706, 113, 1193, t1) & (4740, 52, 1664, t2=t1+(0, 2)) & (4740, 191, 3706, t3=t2+(0, 6)) -> (4740, 52, 3706, t4=t3+(1, 4))	3	20
(631, 111, 4662, t1) & (1868, 5, 454, t2=t1+(0, 1)) & (4662, 175, 1868, t3=t2+(0, 5)) -> (1868, 111, 4662, t4=t3+(1, 7))	3	21
(122, 71, 1736, t1) & (3691, 184, 1474, t2=t1+(0, 4)) & (1736, 107, 1474, t3=t2+(0, 4)) -> (1474, 184, 3691, t4=t3+(1, 8))	3	22
(3590, 15, 4386, t1) & (4049, 16, 1724, t2=t1+(0, 0)) & (4386, 178, 4049, t3=t2+(0, 6)) -> (4386, 178, 3590, t4=t3+(1, 8))	3	23
(147, 110, 1074, t1) & (773, 16, 1699, t2=t1+(0, 5)) & (147, 99, 1699, t3=t2+(0, 1)) -> (147, 16, 1699, t4=t3+(1, 5))	3	24
(2824, 130, 3599, t1) & (3194, 22, 3631, t2=t1+(0, 5)) & (3194, 37, 2824, t3=t2+(0, 5)) -> (3599, 22, 3194, t4=t3+(1, 5))	3	25
(3210, 162, 522, t1) & (203, 162, 4711, t2=t1+(0, 9)) & (4711, 155, 3210, t3=t2+(0, 1)) -> (203, 162, 3210, t4=t3+(1, 3))	3	26
(3418, 181, 3661, t1) & (4073, 129, 1196, t2=t1+(0, 8)) & (1196, 168, 3418, t3=t2+(0, 3)) -> (1196, 181, 3418, t4=t3+(1, 5))	3	27
(1336, 159, 3884, t1) & (3547, 89, 3093, t2=t1+(0, 5)) & (3093, 121, 3884, t3=t2+(0, 4)) -> (3884, 121, 3547, t4=t3+(1, 5))	3	28
(1519, 0, 51, t1) & (2395, 57, 2614, t2=t1+(0, 4)) & (1519, 167, 2395, t3=t2+(0, 4)) -> (1519, 167, 1519, t4=t3+(1, 6))	3	29
(1490, 59, 2897, t1) & (1114, 43, 998, t2=t1+(0, 6)) & (1490, 182, 998, t3=t2+(0, 5)) -> (998, 182, 1490, t4=t3+(1, 7))	3	30
(2974, 167, 2471, t1) & (4148, 95, 1811, t2=t1+(0, 9)) & (4148, 178, 2471, t3=t2+(0, 10)) -> (2471, 178, 2974, t4=t3+(1, 5))	3	31
(963, 33, 1821, t1) & (4781, 52, 4318, t2=t1+(0, 3)) & (1821, 68, 4781, t3=t2+(0, 5)) -> (963, 68, 4781, t4=t3+(1, 6))	3	32
(3363, 196, 439, t1) & (1872, 82, 3220, t2=t1+(0, 7)) & (3363, 127, 1872, t3=t2+(0, 7)) -> (3220, 82, 3220, t4=t3+(1, 9))	3	33
(1082, 187, 1006, t1) & (1378, 58, 3599, t2=t1+(0, 3)) & (1006, 48, 3599, t3=t2+(0, 2)) -> (1378, 58, 1082, t4=t3+(1, 7))	3	34
(1651, 107, 4342, t1) & (2330, 127, 4286, t2=t1+(0, 1)) & (1651, 122, 4286, t3=t2+(0, 7)) -> (4286, 107, 4342, t4=t3+(1, 4))	3	35
(4446, 38, 2779, t1) & (134, 175, 1251, t2=t1+(0, 4)) & (2779, 6, 134, t3=t2+(0, 7)) -> (2779, 6, 2779, t4=t3+(1, 8))	3	36
(877, 51, 1537, t1) & (4653, 2, 3586, t2=t1+(0, 1)) & (877, 28, 3586, t3=t2+(0, 3)) -> (1537, 51, 4653, t4=t3+(1, 5))	3	37
(17, 140, 1927, t1) & (558, 94, 1171, t2=t1+(0, 6)) & (17, 67, 558, t3=t2+(0, 4)) -> (17, 67, 1171, t4=t3+(1, 2))	3	38
(4887, 131, 4040, t1) & (4559, 101, 2901, t2=t1+(0, 6)) & (4559, 2, 4040, t3=t2+(0, 3)) -> (2901, 2, 4559, t4=t3+(1, 7))	3	39
(4799, 123, 2676, t1) & (3385, 181, 606, t2=t1+(0, 2)) & (3385, 102, 2676, t3=t2+(0, 5)) -> (4799, 181, 3385, t4=t3+(1, 4))	3	40
(4569, 102, 627, t1) & (2076, 153, 4674, t2=t1+(0, 6)) & (4674, 50, 627, t3=t2+(0, 4)) -> (627, 153, 4674, t4=t3+(1, 5))	3	41
(2012, 33, 308, t1) & (3017, 42, 2593, t2=t1+(0, 2)) & (3017, 172, 2012, t3=t2+(0, 6)) -> (2012, 172, 3017, t4=t3+(1, 1))	3	42
(415, 102, 356, t1) & (2876, 93, 3534, t2=t1+(0, 10)) & (2876, 73, 356, t3=t2+(0, 3)) -> (415, 102, 3534, t4=t3+(1, 3))	3	43
(1630, 127, 3659, t1) & (2006, 40, 286, t2=t1+(0, 9)) & (286, 57, 1630, t3=t2+(0, 6)) -> (286, 40, 1630, t4=t3+(1, 3))	3	44
(3710, 105, 3206, t1) & (4158, 121, 3411, t2=t1+(0, 6)) & (3710, 102, 3411, t3=t2+(0, 7)) -> (4158, 105, 3411, t4=t3+(1, 8))	3	45
(2083, 77, 3690, t1) & (3056, 196, 4170, t2=t1+(0, 5)) & (3056, 155, 3690, t3=t2+(0, 8)) -> (2083, 155, 3056, t4=t3+(1, 9))	3	46
(4306, 177, 3165, t1) & (2236, 147, 3044, t2=t1+(0, 6)) & (3044, 195, 4306, t3=t2+(0, 9)) -> (3165, 147, 3165, t4=t3+(1, 5))	3	47
(295, 155, 4940, t1) & (2223, 101, 1706, t2=t1+(0, 4)) & (295, 73, 2223, t3=t2+(0, 4)) -> (2223, 101, 295, t4=t3+(1, 7))	3	48
(4244, 184, 525, t1) & (3522, 179, 1276, t2=t1+(0, 3)) & (4244, 79, 1276, t3=t2+(0, 4)) -> (4244, 184, 3522, t4=t3+(1, 5))	3	49
(4253, 88, 764, t1) & (796, 73, 4927, t2=t1+(0, 4)) & (4927, 199, 764, t3=t2+(0, 1)) -> (4253, 199, 796, t4=t3+(1, 1))	3	50
(3825, 120, 2363, t1) & (4224, 97, 4135, t2=t1+(0, 8)) & (4135, 8, 2363, t3=t2+(0, 6)) -> (2363, 8, 4224, t4=t3+(1, 4))	3	51
(4554, 107, 2889, t1) & (3600, 155, 1925, t2=t1+(0, 4)) & (4554, 161, 1925, t3=t2+(0, 2)) -> (4554, 161, 2889, t4=t3+(1, 5))	3	52
(4894, 33, 698, t1) & (993, 42, 4507, t2=t1+(0, 0)) & (698, 10, 993, t3=t2+(0, 4)) -> (698, 42, 698, t4=t3+(1, 8))	3	53
(2413, 49, 3780, t1) & (1288, 129, 2041, t2=t1+(0, 5)) & (2041, 176, 3780, t3=t2+(0, 3)) -> (2041, 129, 3780, t4=t3+(1, 6))	3	54
(3704, 116, 2117, t1) & (3494, 121, 997, t2=t1+(0, 5)) & (997, 44, 3704, t3=t2+(0, 1)) -> (997, 44, 997, t4=t3+(1, 5))	3	55
(3757, 29, 4349, t1) & (4270, 47, 378, t2=t1+(0, 2)) & (378, 40, 3757, t3=t2+(0, 8)) -> (4349, 29, 3757, t4=t3+(1, 4))	3	56
(3390, 141, 4501, t1) & (1968, 159, 3497, t2=t1+(0, 5)) & (3497, 25, 3390, t3=t2+(0, 5)) -> (3497, 25, 3390, t4=t3+(1, 9))	3	57
(1653, 193, 4752, t1) & (4460, 128, 171, t2=t1+(0, 4)) & (4460, 100, 4752, t3=t2+(0, 6)) -> (1653, 128, 4460, t4=t3+(1, 6))	3	58
(4872, 36, 303, t1) & (4819, 74, 2118, t2=t1+(0, 6)) & (4819, 7, 303, t3=t2+(0, 7)) -> (303, 36, 4872, t4=t3+(1, 4))	3	59
(4486, 115, 4349, t1) & (3877, 115, 4485, t2=t1+(0, 8)) & (4349, 64, 3877, t3=t2+(0, 4)) -> (4485, 115, 3877, t4=t3+(1, 6))	3	60
(4046, 191, 1603, t1) & (1796, 150, 841, t2=t1+(0, 1)) & (4046, 61, 841, t3=t2+(0, 4)) -> (4046, 150, 1603, t4=t3+(1, 5))	3	61
(2345, 85, 2975, t1) & (279, 147, 2475, t2=t1+(0, 5)) & (2475, 82, 2975, t3=t2+(0, 5)) -> (2975, 82, 2975, t4=t3+(1, 3))	3	62
(2445, 170, 3745, t1) & (1854, 156, 3448, t2=t1+(0, 2)) & (3448, 16, 2445, t3=t2+(0, 5)) -> (1854, 16, 3745, t4=t3+(1, 5))	3	63
(979, 110, 3005, t1) & (4781, 118, 1787, t2=t1+(0, 6)) & (1787, 39, 3005, t3=t2+(0, 3)) -> (3005, 118, 3005, t4=t3+(1, 8))	3	64
(3124, 142, 3105, t1) & (4339, 113, 1934, t2=t1+(0, 4)) & (1934, 93, 3124, t3=t2+(0, 0)) -> (3124, 113, 1934, t4=t3+(1, 4))	3	65
(1213, 26, 2188, t1) & (974, 131, 1009, t2=t1+(0, 6)) & (1213, 74, 1009, t3=t2+(0, 2)) -> (1213, 26, 1213, t4=t3+(1, 5))	3	66
(1698, 79, 2844, t1) & (1713, 11, 3105, t2=t1+(0, 5)) & (2844, 117, 1713, t3=t2+(0, 9)) -> (1698, 11, 2844, t4=t3+(1, 7))	3	67
(742, 77, 925, t1) & (2008, 186, 4624, t2=t1+(0, 4)) & (742, 81, 4624, t3=t2+(0, 6)) -> (742, 81, 4624, t4=t3+(1, 10))	3	68
(2339, 47, 3294, t1) & (1647, 138, 1259, t2=t1+(0, 4)) & (2339, 82, 1647, t3=t2+(0, 2)) -> (1647, 47, 1647, t4=t3+(1, 4))	3	69
(1061, 13, 914, t1) & (2717, 196, 190, t2=t1+(0, 3)) & (2717, 135, 1061, t3=t2+(0, 4)) -> (2717, 13, 190, t4=t3+(1, 2))	3	70
(1654, 21, 4873, t1) & (1841, 66, 1676, t2=t1+(0, 4)) & (1654, 195, 1841, t3=t2+(0, 4)) -> (1654, 195, 1841, t4=t3+(1, 8))	3	71
(1798, 37, 3722, t1) & (558, 124, 959, t2=t1+(0, 8)) & (959, 185, 1798, t3=t2+(0, 8)) -> (3722, 124, 1798, t4=t3+(1, 3))	3	72
(754, 66, 1883, t1) & (1962, 98, 1259, t2=t1+(0, 7)) & (754, 35, 1962, t3=t2+(0, 2)) -> (1962, 98, 1883, t4=t3+(1, 6))	3	73
(4254, 190, 3542, t1) & (1312, 131, 2825, t2=t1+(0, 11)) & (2825, 115, 3542, t3=t2+(0, 4)) -> (2825, 131, 3542, t4=t3+(1, 7))	3	74
(247, 87, 112, t1) & (1673, 171, 3497, t2=t1+(0, 2)) & (1673, 34, 112, t3=t2+(0, 1)) -> (112, 34, 112, t4=t3+(1, 3))	3	75
(4543, 148, 2180, t1) & (749, 103, 2662, t2=t1+(0, 3)) & (2662, 23, 2180, t3=t2+(0, 10)) -> (2662, 103, 749, t4=t3+(1, 6))	3	76
(1737, 187, 221, t1) & (3878, 77, 4173, t2=t1+(0, 5)) & (1737, 148, 4173, t3=t2+(0, 7)) -> (1737, 187, 3878, t4=t3+(1, 2))	3	77
(3238, 87, 1509, t1) & (3136, 118, 1513, t2=t1+(0, 2)) & (1513, 175, 1509, t3=t2+(0, 8)) -> (1513, 87, 3238, t4=t3+(1, 6))	3	78
(2003, 116, 2378, t1) & (3965, 33, 3734, t2=t1+(0, 2)) & (2378, 101, 3734, t3=t2+(0, 4)) -> (2378, 116, 2378, t4=t3+(1, 4))	3	79
(1582, 178, 1466, t1) & (679, 113, 447, t2=t1+(0, 3)) & (1466, 155, 679, t3=t2+(0, 4)) -> (679, 113, 1466, t4=t3+(1, 3))	3	80
(3325, 174, 1573, t1) & (2136, 27, 2247, t2=t1+(0, 3)) & (2247, 65, 1573, t3=t2+(0, 1)) -> (3325, 174, 2247, t4=t3+(1, 6))	3	81
(2591, 23, 4353, t1) & (2381, 142, 1716, t2=t1+(0, 4)) & (4353, 125, 1716, t3=t2+(0, 3)) -> (2381, 142, 4353, t4=t3+(1, 2))	3	82
(2855, 92, 3850, t1) & (3213, 87, 4638, t2=t1+(0, 4)) & (4638, 48, 2855, t3=t2+(0, 3)) -> (3850, 48, 2855, t4=t3+(1, 7))	3	83
(4410, 127, 233, t1) & (2629, 136, 474, t2=t1+(0, 5)) & (233, 102, 2629, t3=t2+(0, 6)) -> (4410, 102, 4410, t4=t3+(1, 6))	3	84
(1308, 92, 3053, t1) & (2454, 111, 3741, t2=t1+(0, 6)) & (3053, 118, 3741, t3=t2+(0, 10)) -> (2454, 111, 2454, t4=t3+(1, 5))	3	85
(2763, 16, 4490, t1) & (292, 22, 2984, t2=t1+(0, 8)) & (292, 193, 2763, t3=t2+(0, 11)) -> (4490, 22, 2984, t4=t3+(1, 4))	3	86
(1749, 31, 3359, t1) & (2557, 114, 3321, t2=t1+(0, 4)) & (2557, 75, 1749, t3=t2+(0, 3)) -> (2557, 114, 2557, t4=t3+(1, 2))	3	87
(1231, 131, 516, t1) & (1586, 127, 1841, t2=t1+(0, 7)) & (1841, 17, 516, t3=t2+(0, 4)) -> (1841, 127, 1841, t4=t3+(1, 12))	3	88
(219, 64, 2298, t1) & (3658, 88, 1380, t2=t1+(0, 4)) & (3658, 46, 2298, t3=t2+(0, 7)) -> (2298, 64, 2298, t4=t3+(1, 9))	3	89
(400, 129, 4086, t1) & (3702, 186, 530, t2=t1+(0, 3)) & (530, 15, 400, t3=t2+(0, 9)) -> (3702, 186, 4086, t4=t3+(1, 3))	3	90
(4304, 9, 4085, t1) & (2889, 92, 1211, t2=t1+(0, 4)) & (2889, 75, 4304, t3=t2+(0, 2)) -> (4304, 9, 2889, t4=t3+(1, 7))	3	91
(891, 14, 1841, t1) & (4713, 29, 59, t2=t1+(0, 6)) & (1841, 156, 59, t3=t2+(0, 3)) -> (1841, 29, 1841, t4=t3+(1, 8))	3	92
(2474, 61, 4243, t1) & (2743, 173, 2613, t2=t1+(0, 2)) & (2613, 186, 4243, t3=t2+(0, 3)) -> (4243, 61, 2613, t4=t3+(1, 3))	3	93
(3, 49, 1359, t1) & (846, 166, 3019, t2=t1+(0, 3)) & (1359, 34, 3019, t3=t2+(0, 5)) -> (846, 166, 846, t4=t3+(1, 3))	3	94
(4335, 52, 3836, t1) & (3744, 193, 1986, t2=t1+(0, 5)) & (4335, 58, 3744, t3=t2+(0, 9)) -> (4335, 52, 4335, t4=t3+(1, 3))	3	95
(4484, 12, 2287, t1) & (313, 179, 4385, t2=t1+(0, 4)) & (4385, 7, 4484, t3=t2+(0, 8)) -> (4484, 179, 4385, t4=t3+(1, 7))	3	96
(3672, 121, 4568, t1) & (3796, 181, 4709, t2=t1+(0, 7)) & (3672, 192, 3796, t3=t2+(0, 6)) -> (4709, 121, 4709, t4=t3+(1, 2))	3	97
(3313, 164, 656, t1) & (1373, 143, 3518, t2=t1+(0, 3)) & (656, 178, 1373, t3=t2+(0, 7)) -> (3313, 143, 3313, t4=t3+(1, 2))	3	98
(3608, 39, 713, t1) & (2378, 158, 2719, t2=t1+(0, 3)) & (2719, 68, 3608, t3=t2+(0, 9)) -> (2719, 158, 3608, t4=t3+(1, 7))	3	99
(371, 197, 818, t1) & (3727, 26, 2408, t2=t1+(0, 3)) & (818, 148, 2408, t3=t2+(0, 4)) -> (3727, 26, 2408, t4=t3+(1, 5))	3	100
(954, 59, 3195, t1) & (2249, 115, 4184, t2=t1+(0, 4)) & (4184, 188, 954, t3=t2+(0, 5)) -> (954, 188, 2249, t4=t3+(1, 3))	3	101
(2136, 119, 1461, t1) & (951, 70, 1546, t2=t1+(0, 4)) & (951, 192, 1461, t3=t2+(0, 5)) -> (951, 70, 1546, t4=t3+(1, 1))	3	102
(2258, 111, 812, t1) & (287, 81, 2787, t2=t1+(0, 3)) & (2258, 101, 2787, t3=t2+(0, 4)) -> (812, 101, 287, t4=t3+(1, 4))	3	103
(3273, 174, 1508, t1) & (603, 67, 170, t2=t1+(0, 2)) & (170, 194, 1508, t3=t2+(0, 6)) -> (1508, 67, 170, t4=t3+(1, 5))	3	104
(4580, 14, 1623, t1) & (324, 159, 2852, t2=t1+(0, 6)) & (1623, 185, 2852, t3=t2+(0, 5)) -> (1623, 159, 2852, t4=t3+(1, 6))	3	105
(367, 152, 4988, t1) & (3217, 10, 912, t2=t1+(0, 6)) & (912, 27, 4988, t3=t2+(0, 5)) -> (3217, 152, 367, t4=t3+(1, 3))	3	106
(164, 189, 2088, t1) & (2432, 20, 4519, t2=t1+(0, 6)) & (164, 4, 4519, t3=t2+(0, 6)) -> (2088, 20, 164, t4=t3+(1, 5))	3	107
(3634, 160, 3781, t1) & (4986, 34, 4655, t2=t1+(0, 7)) & (3634, 118, 4986, t3=t2+(0, 3)) -> (4986, 160, 4986, t4=t3+(1, 1))	3	108
(1678, 24, 3231, t1) & (933, 20, 4729, t2=t1+(0, 2)) & (3231, 64, 4729, t3=t2+(0, 4)) -> (4729, 20, 4729, t4=t3+(1, 3))	3	109
(251, 171, 4658, t1) & (880, 34, 2603, t2=t1+(0, 2)) & (880, 58, 4658, t3=t2+(0, 5)) -> (4658, 34, 4658, t4=t3+(1, 4))	3	110
(676, 180, 95, t1) & (4520, 192, 685, t2=t1+(0, 10)) & (4520, 148, 676, t3=t2+(0, 2)) -> (95, 148, 676, t4=t3+(1, 3))	3	111
(171, 56, 4823, t1) & (444, 170, 2015, t2=t1+(0, 5)) & (4823, 104, 2015, t3=t2+(0, 2)) -> (2015, 56, 2015, t4=t3+(1, 3))	3	112
(2459, 136, 1805, t1) & (1785, 46, 325, t2=t1+(0, 2)) & (1805, 188, 1785, t3=t2+(0, 4)) -> (2459, 188, 1805, t4=t3+(1, 4))	3	113
(4796, 96, 4281, t1) & (1388, 65, 1368, t2=t1+(0, 8)) & (1368, 141, 4281, t3=t2+(0, 3)) -> (1368, 65, 4281, t4=t3+(1, 4))	3	114
(1365, 37, 4032, t1) & (88, 62, 687, t2=t1+(0, 1)) & (687, 6, 4032, t3=t2+(0, 4)) -> (88, 37, 88, t4=t3+(1, 8))	3	115
(1898, 105, 3604, t1) & (4443, 121, 2455, t2=t1+(0, 3)) & (4443, 130, 1898, t3=t2+(0, 8)) -> (1898, 105, 1898, t4=t3+(1, 8))	3	116
(155, 181, 3518, t1) & (1356, 95, 1057, t2=t1+(0, 4)) & (1057, 8, 155, t3=t2+(0, 2)) -> (1356, 181, 155, t4=t3+(1, 9))	3	117
(4800, 173, 1095, t1) & (440, 181, 4642, t2=t1+(0, 6)) & (440, 124, 4800, t3=t2+(0, 2)) -> (4800, 173, 440, t4=t3+(1, 3))	3	118
(1809, 81, 479, t1) & (1830, 161, 4124, t2=t1+(0, 7)) & (1809, 19, 1830, t3=t2+(0, 2)) -> (4124, 81, 479, t4=t3+(1, 10))	3	119
(3292, 51, 1311, t1) & (3720, 166, 4023, t2=t1+(0, 6)) & (1311, 44, 3720, t3=t2+(0, 3)) -> (4023, 166, 3292, t4=t3+(1, 3))	3	120
(2057, 127, 2253, t1) & (3084, 84, 668, t2=t1+(0, 3)) & (668, 129, 2253, t3=t2+(0, 2)) -> (2253, 127, 3084, t4=t3+(1, 2))	3	121
(2997, 191, 2501, t1) & (3733, 113, 2114, t2=t1+(0, 3)) & (2114, 150, 2501, t3=t2+(0, 6)) -> (3733, 150, 2501, t4=t3+(1, 7))	3	122
(744, 195, 647, t1) & (1171, 181, 1358, t2=t1+(0, 6)) & (647, 171, 1171, t3=t2+(0, 6)) -> (1171, 195, 1358, t4=t3+(1, 10))	3	123
(844, 189, 1025, t1) & (651, 28, 4245, t2=t1+(0, 15)) & (4245, 66, 844, t3=t2+(0, 7)) -> (4245, 66, 1025, t4=t3+(1, 5))	3	124
(209, 119, 3837, t1) & (2975, 130, 415, t2=t1+(0, 3)) & (415, 168, 3837, t3=t2+(0, 4)) -> (3837, 168, 415, t4=t3+(1, 3))	3	125
(477, 18, 443, t1) & (4646, 159, 3225, t2=t1+(0, 4)) & (477, 185, 4646, t3=t2+(0, 4)) -> (4646, 185, 3225, t4=t3+(1, 6))	3	126
(2024, 141, 301, t1) & (2801, 119, 4183, t2=t1+(0, 5)) & (4183, 34, 301, t3=t2+(0, 6)) -> (2801, 141, 2801, t4=t3+(1, 7))	3	127
(681, 157, 1428, t1) & (4532, 4, 2093, t2=t1+(0, 1)) & (4532, 34, 681, t3=t2+(0, 4)) -> (681, 4, 4532, t4=t3+(1, 5))	3	128
(1499, 138, 4584, t1) & (4259, 107, 1997, t2=t1+(0, 1)) & (1499, 75, 1997, t3=t2+(0, 7)) -> (1499, 75, 4259, t4=t3+(1, 2))	3	129
(2752, 26, 1358, t1) & (3026, 64, 1781, t2=t1+(0, 1)) & (1358, 124, 1781, t3=t2+(0, 4)) -> (1781, 124, 1358, t4=t3+(1, 5))	3	130
(252, 175, 3848, t1) & (4876, 95, 4402, t2=t1+(0, 9)) & (4876, 56, 252, t3=t2+(0, 7)) -> (4876, 56, 252, t4=t3+(1, 4))	3	131
(4798, 71, 4245, t1) & (1713, 6, 1165, t2=t1+(0, 6)) & (4245, 173, 1165, t3=t2+(0, 7)) -> (4245, 71, 1165, t4=t3+(1, 5))	3	132
(87, 28, 1012, t1) & (2148, 144, 58, t2=t1+(0, 5)) & (2148, 108, 87, t3=t2+(0, 4)) -> (58, 144, 2148, t4=t3+(1, 2))	3	133
(316, 58, 3559, t1) & (2781, 108, 209, t2=t1+(0, 9)) & (2781, 111, 316, t3=t2+(0, 5)) -> (2781, 58, 2781, t4=t3+(1, 5))	3	134
(4724, 84, 762, t1) & (2548, 20, 1741, t2=t1+(0, 1)) & (2548, 119, 762, t3=t2+(0, 6)) -> (762, 20, 4724, t4=t3+(1, 3))	3	135
(1960, 183, 1439, t1) & (2605, 96, 85, t2=t1+(0, 6)) & (2605, 184, 1439, t3=t2+(0, 8)) -> (1439, 183, 1439, t4=t3+(1, 5))	3	136
(966, 168, 152, t1) & (818, 137, 3353, t2=t1+(0, 5)) & (152, 103, 3353, t3=t2+(0, 5)) -> (3353, 103, 3353, t4=t3+(1, 3))	3	137
(3222, 170, 4565, t1) & (3841, 69, 3056, t2=t1+(0, 3)) & (3841, 116, 3222, t3=t2+(0, 4)) -> (3841, 116, 3841, t4=t3+(1, 4))	3	138
(4070, 78, 2836, t1) & (812, 121, 3075, t2=t1+(0, 2)) & (812, 137, 2836, t3=t2+(0, 5)) -> (812, 78, 812, t4=t3+(1, 8))	3	139
(4589, 96, 2934, t1) & (3401, 29, 2023, t2=t1+(0, 5)) & (3401, 108, 4589, t3=t2+(0, 1)) -> (4589, 96, 4589, t4=t3+(1, 9))	3	140
(397, 167, 4610, t1) & (4401, 29, 2972, t2=t1+(0, 5)) & (397, 192, 4401, t3=t2+(0, 6)) -> (2972, 192, 2972, t4=t3+(1, 5))	3	141
(3793, 3, 2738, t1) & (4771, 109, 3098, t2=t1+(0, 7)) & (3793, 95, 4771, t3=t2+(0, 6)) -> (3793, 95, 2738, t4=t3+(1, 4))	3	142
(218, 162, 4095, t1) & (23, 170, 2258, t2=t1+(0, 5)) & (218, 70, 2258, t3=t2+(0, 8)) -> (218, 170, 2258, t4=t3+(1, 8))	3	143
(4840, 199, 3740, t1) & (3734, 84, 4530, t2=t1+(0, 5)) & (3734, 80, 4840, t3=t2+(0, 3)) -> (4840, 80, 4840, t4=t3+(1, 6))	3	144
(1348, 129, 4757, t1) & (1996, 68, 1110, t2=t1+(0, 6)) & (1110, 94, 1348, t3=t2+(0, 4)) -> (1110, 129, 1348, t4=t3+(1, 3))	3	145
(2129, 100, 246, t1) & (3609, 159, 4795, t2=t1+(0, 9)) & (4795, 198, 2129, t3=t2+(0, 3)) -> (4795, 100, 4795, t4=t3+(1, 2))	3	146
(3404, 128, 1523, t1) & (4235, 159, 2697, t2=t1+(0, 11)) & (2697, 19, 1523, t3=t2+(0, 6)) -> (2697, 159, 2697, t4=t3+(1, 3))	3	147
(4831, 97, 1940, t1) & (3563, 163, 1432, t2=t1+(0, 5)) & (4831, 69, 3563, t3=t2+(0, 5)) -> (1940, 163, 4831, t4=t3+(1, 9))	3	148
(1298, 79, 1659, t1) & (2661, 143, 3473, t2=t1+(0, 5)) & (2661, 195, 1298, t3=t2+(0, 0)) -> (1659, 143, 2661, t4=t3+(1, 3))	3	149
(2663, 16, 3918, t1) & (4778, 18, 933, t2=t1+(0, 2)) & (2663, 53, 4778, t3=t2+(0, 5)) -> (933, 53, 2663, t4=t3+(1, 5))	3	150
(3624, 52, 911, t1) & (3382, 71, 1977, t2=t1+(0, 8)) & (911, 48, 1977, t3=t2+(0, 4)) -> (1977, 48, 911, t4=t3+(1, 4))	3	151
(58, 98, 973, t1) & (3785, 79, 326, t2=t1+(0, 11)) & (326, 115, 58, t3=t2+(0, 3)) -> (326, 79, 973, t4=t3+(1, 7))	3	152
(4931, 19, 4780, t1) & (1931, 66, 564, t2=t1+(0, 8)) & (4780, 78, 1931, t3=t2+(0, 2)) -> (564, 66, 1931, t4=t3+(1, 3))	3	153
(2211, 186, 4658, t1) & (2762, 198, 3598, t2=t1+(0, 5)) & (3598, 168, 4658, t3=t2+(0, 5)) -> (3598, 186, 2762, t4=t3+(1, 7))	3	154
(1748, 68, 4283, t1) & (3331, 125, 357, t2=t1+(0, 12)) & (4283, 121, 357, t3=t2+(0, 2)) -> (4283, 121, 4283, t4=t3+(1, 9))	3	155
(3268, 173, 505, t1) & (3254, 158, 1059, t2=t1+(0, 4)) & (3268, 168, 1059, t3=t2+(0, 4)) -> (1059, 173, 3254, t4=t3+(1, 1))	3	156
(3937, 19, 392, t1) & (430, 59, 742, t2=t1+(0, 0)) & (3937, 87, 742, t3=t2+(0, 4)) -> (742, 87, 3937, t4=t3+(1, 4))	3	157
(3058, 126, 102, t1) & (956, 25, 958, t2=t1+(0, 2)) & (3058, 164, 956, t3=t2+(0, 7)) -> (956, 25, 3058, t4=t3+(1, 7))	3	158
(545, 92, 406, t1) & (997, 128, 4376, t2=t1+(0, 6)) & (4376, 168, 406, t3=t2+(0, 5)) -> (4376, 92, 406, t4=t3+(1, 7))	3	159
(1815, 103, 1410, t1) & (3233, 4, 4477, t2=t1+(0, 4)) & (1410, 156, 3233, t3=t2+(0, 8)) -> (1815, 4, 1410, t4=t3+(1, 10))	3	160
(4187, 133, 2671, t1) & (3387, 109, 3594, t2=t1+(0, 3)) & (3387, 178, 2671, t3=t2+(0, 5)) -> (2671, 109, 2671, t4=t3+(1, 6))	3	161
(4964, 107, 738, t1) & (4847, 125, 1868, t2=t1+(0, 7)) & (4964, 92, 4847, t3=t2+(0, 8)) -> (4964, 92, 4847, t4=t3+(1, 4))	3	162
(4803, 194, 3848, t1) & (1810, 82, 118, t2=t1+(0, 2)) & (4803, 118, 1810, t3=t2+(0, 6)) -> (3848, 194, 1810, t4=t3+(1, 7))	3	163
(58, 134, 1610, t1) & (2187, 199, 4168, t2=t1+(0, 3)) & (4168, 135, 1610, t3=t2+(0, 2)) -> (58, 199, 2187, t4=t3+(1, 3))	3	164
(2795, 132, 4021, t1) & (783, 53, 2014, t2=t1+(0, 4)) & (4021, 34, 2014, t3=t2+(0, 3)) -> (783, 132, 2014, t4=t3+(1, 3))	3	165
(4323, 151, 507, t1) & (2183, 83, 4895, t2=t1+(0, 3)) & (4323, 93, 4895, t3=t2+(0, 6)) -> (2183, 83, 4323, t4=t3+(1, 6))	3	166
(963, 48, 2169, t1) & (1616, 30, 4494, t2=t1+(0, 3)) & (2169, 88, 4494, t3=t2+(0, 8)) -> (4494, 48, 4494, t4=t3+(1, 2))	3	167
(4567, 187, 2379, t1) & (1630, 26, 4561, t2=t1+(0, 3)) & (1630, 76, 4567, t3=t2+(0, 7)) -> (1630, 76, 4567, t4=t3+(1, 7))	3	168
(1210, 195, 3604, t1) & (864, 135, 3702, t2=t1+(0, 7)) & (864, 111, 1210, t3=t2+(0, 1)) -> (1210, 111, 1210, t4=t3+(1, 7))	3	169
(1529, 189, 3381, t1) & (3269, 33, 1567, t2=t1+(0, 3)) & (1567, 13, 1529, t3=t2+(0, 8)) -> (1567, 33, 3269, t4=t3+(1, 6))	3	170
(2923, 1, 2718, t1) & (637, 87, 3500, t2=t1+(0, 9)) & (2718, 79, 3500, t3=t2+(0, 0)) -> (637, 79, 2718, t4=t3+(1, 5))	3	171
(2103, 190, 2977, t1) & (2194, 143, 2492, t2=t1+(0, 4)) & (2977, 39, 2492, t3=t2+(0, 4)) -> (2103, 39, 2103, t4=t3+(1, 2))	3	172
(2591, 83, 3292, t1) & (158, 7, 265, t2=t1+(0, 7)) & (158, 192, 3292, t3=t2+(0, 4)) -> (158, 83, 158, t4=t3+(1, 4))	3	173
(2069, 152, 624, t1) & (943, 146, 1807, t2=t1+(0, 6)) & (2069, 174, 943, t3=t2+(0, 3)) -> (2069, 174, 1807, t4=t3+(1, 6))	3	174
(1428, 143, 2620, t1) & (3819, 29, 1237, t2=t1+(0, 7)) & (2620, 195, 1237, t3=t2+(0, 2)) -> (2620, 29, 1237, t4=t3+(1, 3))	3	175
(2794, 196, 4173, t1) & (3879, 154, 42, t2=t1+(0, 7)) & (42, 72, 4173, t3=t2+(0, 2)) -> (2794, 154, 42, t4=t3+(1, 5))	3	176
(2953, 12, 3953, t1) & (3254, 142, 2887, t2=t1+(0, 6)) & (2887, 85, 2953, t3=t2+(0, 3)) -> (3254, 142, 2953, t4=t3+(1, 3))	3	177
(3074, 158, 1001, t1) & (265, 80, 4885, t2=t1+(0, 5)) & (265, 4, 1001, t3=t2+(0, 5)) -> (265, 158, 3074, t4=t3+(1, 1))	3	178
(58, 22, 967, t1) & (1165, 25, 70, t2=t1+(0, 5)) & (58, 163, 1165, t3=t2+(0, 6)) -> (1165, 25, 1165, t4=t3+(1, 6))	3	179
(4229, 195, 2390, t1) & (4805, 128, 4148, t2=t1+(0, 6)) & (4148, 103, 4229, t3=t2+(0, 5)) -> (4148, 195, 4229, t4=t3+(1, 5))	3	180
(1303, 190, 4371, t1) & (2256, 75, 358, t2=t1+(0, 3)) & (2256, 75, 4371, t3=t2+(0, 4)) -> (4371, 75, 2256, t4=t3+(1, 5))	3	181
(4926, 27, 1791, t1) & (4401, 167, 3893, t2=t1+(0, 8)) & (4401, 108, 4926, t3=t2+(0, 3)) -> (4401, 167, 1791, t4=t3+(1, 5))	3	182
(798, 142, 4261, t1) & (2135, 18, 357, t2=t1+(0, 8)) & (798, 63, 2135, t3=t2+(0, 8)) -> (357, 142, 2135, t4=t3+(1, 8))	3	183
(2459, 42, 1150, t1) & (1512, 22, 685, t2=t1+(0, 6)) & (685, 115, 1150, t3=t2+(0, 1)) -> (1150, 42, 685, t4=t3+(1, 3))	3	184
(3092, 51, 3344, t1) & (3604, 118, 3812, t2=t1+(0, 9)) & (3812, 75, 3344, t3=t2+(0, 0)) -> (3092, 118, 3344, t4=t3+(1, 3))	3	185
(3289, 29, 2161, t1) & (1343, 115, 4174, t2=t1+(0, 12)) & (2161, 147, 1343, t3=t2+(0, 7)) -> (3289, 115, 2161, t4=t3+(1, 3))	3	186
(2282, 23, 3868, t1) & (695, 159, 665, t2=t1+(0, 9)) & (695, 93, 2282, t3=t2+(0, 2)) -> (2282, 159, 3868, t4=t3+(1, 5))	3	187
(4522, 2, 3443, t1) & (3750, 124, 1647, t2=t1+(0, 2)) & (3750, 114, 4522, t3=t2+(0, 8)) -> (1647, 124, 3750, t4=t3+(1, 5))	3	188
(4380, 152, 3137, t1) & (3545, 9, 3111, t2=t1+(0, 6)) & (3545, 109, 3137, t3=t2+(0, 4)) -> (4380, 152, 3545, t4=t3+(1, 5))	3	189
(389, 71, 1206, t1) & (100, 61, 2860, t2=t1+(0, 10)) & (1206, 67, 100, t3=t2+(0, 3)) -> (100, 71, 1206, t4=t3+(1, 5))	3	190
(2351, 143, 339, t1) & (1033, 165, 1442, t2=t1+(0, 3)) & (2351, 129, 1033, t3=t2+(0, 6)) -> (339, 143, 339, t4=t3+(1, 5))	3	191
(4336, 189, 647, t1) & (4227, 26, 2430, t2=t1+(0, 6)) & (647, 15, 4227, t3=t2+(0, 3)) -> (647, 189, 2430, t4=t3+(1, 4))	3	192
(2140, 149, 2620, t1) & (801, 102, 3306, t2=t1+(0, 5)) & (3306, 107, 2140, t3=t2+(0, 9)) -> (3306, 149, 801, t4=t3+(1, 4))	3	193
(2457, 157, 2105, t1) & (4415, 185, 4118, t2=t1+(0, 7)) & (2105, 132, 4415, t3=t2+(0, 9)) -> (4415, 132, 4415, t4=t3+(1, 1))	3	194
(2703, 174, 3849, t1) & (3818, 143, 2055, t2=t1+(0, 4)) & (3849, 98, 2055, t3=t2+(0, 1)) -> (2703, 98, 2055, t4=t3+(1, 4))	3	195
(1482, 128, 3088, t1) & (290, 187, 2424, t2=t1+(0, 2)) & (1482, 82, 290, t3=t2+(0, 5)) -> (2424, 187, 1482, t4=t3+(1, 6))	3	196
(3728, 15, 2338, t1) & (2251, 21, 2423, t2=t1+(0, 6)) & (2251, 25, 2338, t3=t2+(0, 3)) -> (2423, 21, 2338, t4=t3+(1, 4))	3	197
(1968, 79, 2369, t1) & (2995, 160, 4117, t2=t1+(0, 7)) & (4117, 6, 2369, t3=t2+(0, 5)) -> (2369, 6, 4117, t4=t3+(1, 3))	3	198
(3298, 124, 530, t1) & (2476, 119, 1282, t2=t1+(0, 2)) & (530, 6, 2476, t3=t2+(0, 3)) -> (530, 119, 3298, t4=t3+(1, 5))	3	199
(557, 159, 4397, t1) & (4397, 5, 557, t2=t1+(0, 4)) -> (4397, 159, 557, t3=t2+(1, 3))	2	200
(3472, 163, 648, t1) & (3472, 15, 4433, t2=t1+(0, 5)) -> (3472, 15, 3472, t3=t2+(1, 3))	2	201
(2302, 97, 327, t1) & (2302, 157, 2107, t2=t1+(0, 5)) -> (2302, 97, 327, t3=t2+(1, 5))	2	202
(827, 45, 1231, t1) & (3987, 175, 827, t2=t1+(0, 4)) -> (1231, 45, 827, t3=t2+(1, 5))	2	203
(2776, 190, 1724, t1) & (2776, 21, 1724, t2=t1+(0, 5)) -> (1724, 21, 1724, t3=t2+(1, 1))	2	204
(4779, 63, 3622, t1) & (3622, 111, 3622, t2=t1+(0, 7)) -> (4779, 111, 3622, t3=t2+(1, 3))	2	205
(1378, 178, 126, t1) & (126, 106, 126, t2=t1+(0, 4)) -> (126, 178, 126, t3=t2+(1, 8))	2	206
(208, 3, 463, t1) & (4604, 165, 208, t2=t1+(0, 8)) -> (463, 3, 208, t3=t2+(1, 3))	2	207
(1861, 103, 1704, t1) & (3242, 93, 1861, t2=t1+(0, 2)) -> (1704, 93, 3242, t3=t2+(1, 5))	2	208
(1346, 123, 347, t1) & (1346, 148, 4828, t2=t1+(0, 12)) -> (1346, 148, 347, t3=t2+(1, 5))	2	209
(4698, 84, 4573, t1) & (4698, 23, 4573, t2=t1+(0, 5)) -> (4698, 23, 4698, t3=t2+(1, 5))	2	210
(2527, 113, 4395, t1) & (2527, 37, 2527, t2=t1+(0, 2)) -> (4395, 113, 2527, t3=t2+(1, 5))	2	211
(374, 103, 2255, t1) & (4757, 183, 2255, t2=t1+(0, 6)) -> (374, 183, 2255, t3=t2+(1, 5))	2	212
(167, 125, 4320, t1) & (4320, 147, 4320, t2=t1+(0, 4)) -> (167, 147, 4320, t3=t2+(1, 7))	2	213
(1863, 51, 1338, t1) & (1338, 14, 1863, t2=t1+(0, 5)) -> (1338, 51, 1863, t3=t2+(1, 5))	2	214
(2488, 21, 4958, t1) & (1621, 140, 2488, t2=t1+(0, 6)) -> (2488, 21, 2488, t3=t2+(1, 9))	2	215
(884, 43, 3227, t1) & (3227, 61, 884, t2=t1+(0, 4)) -> (3227, 61, 884, t3=t2+(1, 5))	2	216
(4052, 134, 2713, t1) & (2872, 4, 4052, t2=t1+(0, 5)) -> (2872, 134, 2872, t3=t2+(1, 2))	2	217
(1571, 187, 4119, t1) & (3971, 150, 1571, t2=t1+(0, 8)) -> (1571, 187, 1571, t3=t2+(1, 5))	2	218
(3761, 154, 82, t1) & (3761, 70, 82, t2=t1+(0, 5)) -> (82, 70, 82, t3=t2+(1, 1))	2	219
(705, 90, 2409, t1) & (2995, 191, 705, t2=t1+(0, 4)) -> (2409, 90, 705, t3=t2+(1, 5))	2	220
(3769, 60, 390, t1) & (390, 185, 3615, t2=t1+(0, 8)) -> (390, 60, 3615, t3=t2+(1, 2))	2	221
(393, 186, 3747, t1) & (3747, 173, 712, t2=t1+(0, 4)) -> (712, 173, 3747, t3=t2+(1, 5))	2	222
(3676, 185, 4086, t1) & (4086, 174, 3676, t2=t1+(0, 5)) -> (3676, 174, 3676, t3=t2+(1, 7))	2	223
(2072, 21, 731, t1) & (731, 36, 2072, t2=t1+(0, 5)) -> (2072, 21, 731, t3=t2+(1, 4))	2	224
(3208, 16, 1706, t1) & (3046, 164, 3208, t2=t1+(0, 3)) -> (3208, 16, 1706, t3=t2+(1, 8))	2	225
(2443, 14, 3558, t1) & (612, 10, 3558, t2=t1+(0, 6)) -> (2443, 14, 3558, t3=t2+(1, 5))	2	226
(862, 46, 1974, t1) & (862, 94, 1974, t2=t1+(0, 5)) -> (862, 94, 862, t3=t2+(1, 2))	2	227
(4105, 193, 1204, t1) & (4105, 10, 170, t2=t1+(0, 6)) -> (4105, 193, 4105, t3=t2+(1, 4))	2	228
(3156, 165, 4297, t1) & (4297, 175, 4024, t2=t1+(0, 5)) -> (4297, 175, 4297, t3=t2+(1, 4))	2	229
(1382, 94, 3820, t1) & (1382, 128, 1309, t2=t1+(0, 0)) -> (1382, 94, 1382, t3=t2+(1, 3))	2	230
(374, 46, 2777, t1) & (938, 183, 2777, t2=t1+(0, 6)) -> (2777, 183, 2777, t3=t2+(1, 2))	2	231
(1411, 175, 3779, t1) & (1411, 142, 3779, t2=t1+(0, 5)) -> (1411, 175, 3779, t3=t2+(1, 4))	2	232
(3705, 22, 403, t1) & (403, 61, 1195, t2=t1+(0, 11)) -> (1195, 61, 403, t3=t2+(1, 6))	2	233
(704, 5, 4217, t1) & (4217, 7, 4217, t2=t1+(0, 4)) -> (4217, 5, 4217, t3=t2+(1, 6))	2	234
(2826, 11, 2389, t1) & (2389, 179, 2389, t2=t1+(0, 2)) -> (2389, 11, 2826, t3=t2+(1, 6))	2	235
(307, 125, 1315, t1) & (307, 127, 0, t2=t1+(0, 9)) -> (307, 127, 0, t3=t2+(1, 9))	2	236
(855, 164, 1163, t1) & (3873, 119, 1163, t2=t1+(0, 1)) -> (855, 164, 1163, t3=t2+(1, 2))	2	237
(4345, 61, 4288, t1) & (4288, 19, 4288, t2=t1+(0, 9)) -> (4288, 19, 4288, t3=t2+(1, 6))	2	238
(3737, 11, 617, t1) & (3697, 53, 3737, t2=t1+(0, 5)) -> (3737, 11, 3737, t3=t2+(1, 4))	2	239
(2738, 134, 366, t1) & (366, 75, 4744, t2=t1+(0, 5)) -> (2738, 134, 2738, t3=t2+(1, 5))	2	240
(1836, 88, 2844, t1) & (1836, 195, 2844, t2=t1+(0, 6)) -> (1836, 195, 2844, t3=t2+(1, 3))	2	241
(3557, 120, 805, t1) & (805, 90, 3557, t2=t1+(0, 1)) -> (805, 120, 805, t3=t2+(1, 7))	2	242
(1610, 1, 1502, t1) & (589, 194, 1502, t2=t1+(0, 10)) -> (1502, 194, 1502, t3=t2+(1, 2))	2	243
(3104, 3, 830, t1) & (830, 183, 3104, t2=t1+(0, 6)) -> (3104, 3, 830, t3=t2+(1, 5))	2	244
(2137, 85, 2822, t1) & (4693, 191, 2137, t2=t1+(0, 6)) -> (2822, 191, 2137, t3=t2+(1, 6))	2	245
(2216, 157, 1839, t1) & (2216, 22, 4518, t2=t1+(0, 1)) -> (2216, 22, 1839, t3=t2+(1, 4))	2	246
(4951, 112, 1661, t1) & (1661, 108, 4951, t2=t1+(0, 4)) -> (1661, 108, 1661, t3=t2+(1, 1))	2	247
(2201, 5, 3329, t1) & (2201, 147, 2201, t2=t1+(0, 2)) -> (2201, 5, 2201, t3=t2+(1, 5))	2	248
(3826, 151, 456, t1) & (456, 1, 456, t2=t1+(0, 3)) -> (3826, 1, 3826, t3=t2+(1, 8))	2	249
(4314, 126, 123, t1) & (4314, 65, 4314, t2=t1+(0, 1)) -> (4314, 65, 4314, t3=t2+(1, 4))	2	250
(539, 62, 3220, t1) & (3220, 101, 539, t2=t1+(0, 5)) -> (539, 101, 539, t3=t2+(1, 3))	2	251
(2227, 60, 3659, t1) & (4553, 23, 3659, t2=t1+(0, 6)) -> (3659, 23, 4553, t3=t2+(1, 3))	2	252
(3427, 199, 3118, t1) & (3118, 30, 3087, t2=t1+(0, 7)) -> (3118, 199, 3118, t3=t2+(1, 8))	2	253
(4559, 140, 4797, t1) & (3502, 148, 4797, t2=t1+(0, 6)) -> (4797, 140, 4797, t3=t2+(1, 5))	2	254
(1876, 115, 1031, t1) & (1876, 4, 2866, t2=t1+(0, 5)) -> (2866, 4, 1031, t3=t2+(1, 7))	2	255
(2008, 78, 374, t1) & (4022, 171, 374, t2=t1+(0, 1)) -> (2008, 171, 374, t3=t2+(1, 6))	2	256
(3058, 147, 4140, t1) & (3844, 89, 3058, t2=t1+(0, 5)) -> (3844, 147, 3844, t3=t2+(1, 6))	2	257
(2120, 186, 1518, t1) & (1518, 71, 1951, t2=t1+(0, 6)) -> (1518, 186, 1518, t3=t2+(1, 8))	2	258
(3780, 48, 688, t1) & (3780, 7, 3780, t2=t1+(0, 1)) -> (688, 7, 688, t3=t2+(1, 4))	2	259
(2908, 61, 4263, t1) & (2908, 164, 2908, t2=t1+(0, 3)) -> (2908, 61, 2908, t3=t2+(1, 5))	2	260
(1834, 55, 1499, t1) & (1834, 159, 1834, t2=t1+(0, 8)) -> (1834, 55, 1834, t3=t2+(1, 4))	2	261
(584, 2, 2718, t1) & (584, 40, 2718, t2=t1+(0, 4)) -> (584, 2, 2718, t3=t2+(1, 8))	2	262
(4951, 74, 1279, t1) & (4951, 48, 4324, t2=t1+(0, 6)) -> (1279, 48, 4951, t3=t2+(1, 4))	2	263
(3165, 180, 1856, t1) & (2880, 116, 1856, t2=t1+(0, 6)) -> (3165, 116, 3165, t3=t2+(1, 3))	2	264
(552, 107, 2053, t1) & (552, 170, 4961, t2=t1+(0, 6)) -> (2053, 170, 4961, t3=t2+(1, 4))	2	265
(2169, 119, 1586, t1) & (1972, 40, 1586, t2=t1+(0, 4)) -> (1972, 40, 2169, t3=t2+(1, 3))	2	266
(3104, 125, 2742, t1) & (3104, 89, 2332, t2=t1+(0, 4)) -> (3104, 89, 2742, t3=t2+(1, 3))	2	267
(3238, 2, 1381, t1) & (1381, 51, 2488, t2=t1+(0, 9)) -> (3238, 51, 3238, t3=t2+(1, 4))	2	268
(4901, 171, 4759, t1) & (4901, 114, 4759, t2=t1+(0, 8)) -> (4759, 114, 4901, t3=t2+(1, 4))	2	269
(167, 49, 4586, t1) & (3980, 105, 4586, t2=t1+(0, 3)) -> (4586, 49, 4586, t3=t2+(1, 5))	2	270
(1785, 100, 3542, t1) & (3118, 11, 1785, t2=t1+(0, 4)) -> (3118, 100, 3118, t3=t2+(1, 7))	2	271
(335, 185, 139, t1) & (3708, 188, 139, t2=t1+(0, 6)) -> (139, 185, 139, t3=t2+(1, 6))	2	272
(4637, 125, 3431, t1) & (4720, 90, 4637, t2=t1+(0, 6)) -> (3431, 90, 4720, t3=t2+(1, 4))	2	273
(107, 51, 4091, t1) & (4091, 162, 602, t2=t1+(0, 4)) -> (4091, 162, 602, t3=t2+(1, 1))	2	274
(4382, 106, 2585, t1) & (2585, 61, 2585, t2=t1+(0, 4)) -> (2585, 106, 2585, t3=t2+(1, 5))	2	275
(3241, 175, 3887, t1) & (3241, 194, 4087, t2=t1+(0, 5)) -> (3241, 194, 3241, t3=t2+(1, 4))	2	276
(4396, 35, 2246, t1) & (4396, 119, 4396, t2=t1+(0, 3)) -> (4396, 119, 4396, t3=t2+(1, 3))	2	277
(3577, 13, 4752, t1) & (4803, 4, 3577, t2=t1+(0, 3)) -> (3577, 13, 3577, t3=t2+(1, 3))	2	278
(3193, 65, 2097, t1) & (3193, 64, 4338, t2=t1+(0, 5)) -> (3193, 64, 3193, t3=t2+(1, 2))	2	279
(2281, 196, 4209, t1) & (2281, 42, 2281, t2=t1+(0, 2)) -> (2281, 196, 2281, t3=t2+(1, 3))	2	280
(2882, 82, 4021, t1) & (877, 151, 4021, t2=t1+(0, 4)) -> (877, 151, 2882, t3=t2+(1, 2))	2	281
(3009, 171, 3186, t1) & (3009, 90, 3113, t2=t1+(0, 4)) -> (3009, 171, 3186, t3=t2+(1, 5))	2	282
(1022, 105, 3472, t1) & (2201, 84, 3472, t2=t1+(0, 4)) -> (3472, 84, 3472, t3=t2+(1, 4))	2	283
(4038, 193, 2659, t1) & (3235, 87, 2659, t2=t1+(0, 6)) -> (2659, 87, 4038, t3=t2+(1, 7))	2	284
(816, 8, 838, t1) & (816, 173, 838, t2=t1+(0, 5)) -> (838, 173, 838, t3=t2+(1, 5))	2	285
(4370, 123, 162, t1) & (4370, 21, 162, t2=t1+(0, 5)) -> (4370, 123, 4370, t3=t2+(1, 8))	2	286
(3947, 139, 704, t1) & (704, 48, 520, t2=t1+(0, 6)) -> (704, 48, 704, t3=t2+(1, 5))	2	287
(4663, 16, 4427, t1) & (4427, 84, 3617, t2=t1+(0, 8)) -> (4663, 84, 4427, t3=t2+(1, 3))	2	288
(3947, 135, 1376, t1) & (3947, 198, 2710, t2=t1+(0, 3)) -> (2710, 198, 1376, t3=t2+(1, 6))	2	289
(2219, 73, 4233, t1) & (4233, 186, 4955, t2=t1+(0, 6)) -> (4233, 186, 2219, t3=t2+(1, 6))	2	290
(1479, 166, 2381, t1) & (1479, 5, 1479, t2=t1+(0, 4)) -> (2381, 5, 1479, t3=t2+(1, 5))	2	291
(4620, 177, 1970, t1) & (2451, 39, 1970, t2=t1+(0, 3)) -> (1970, 39, 1970, t3=t2+(1, 6))	2	292
(3449, 51, 2760, t1) & (2760, 149, 3449, t2=t1+(0, 5)) -> (2760, 51, 3449, t3=t2+(1, 3))	2	293
(1737, 68, 3681, t1) & (1737, 168, 2851, t2=t1+(0, 1)) -> (1737, 68, 3681, t3=t2+(1, 8))	2	294
(2284, 22, 379, t1) & (379, 180, 379, t2=t1+(0, 5)) -> (379, 180, 379, t3=t2+(1, 7))	2	295
(4085, 92, 3754, t1) & (4318, 173, 3754, t2=t1+(0, 3)) -> (3754, 173, 4318, t3=t2+(1, 3))	2	296
(110, 181, 12, t1) & (2490, 16, 110, t2=t1+(0, 5)) -> (12, 181, 12, t3=t2+(1, 2))	2	297
(3367, 4, 638, t1) & (4851, 85, 638, t2=t1+(0, 3)) -> (4851, 85, 4851, t3=t2+(1, 9))	2	298
(940, 144, 2214, t1) & (2214, 67, 940, t2=t1+(0, 3)) -> (940, 144, 940, t3=t2+(1, 9))	2	299
(3721, 48, 4480, t1) -> (4480, 48, 4480, t2=t1+(1, 4))	1	300
(1927, 134, 973, t1) -> (973, 134, 1927, t2=t1+(1, 10))	1	301
(2389, 80, 3896, t1) -> (2389, 80, 2389, t2=t1+(1, 4))	1	302
(96, 26, 747, t1) -> (747, 26, 96, t2=t1+(1, 6))	1	303
(1080, 161, 1055, t1) -> (1055, 161, 1080, t2=t1+(1, 3))	1	304
(3485, 73, 3648, t1) -> (3648, 73, 3648, t2=t1+(1, 4))	1	305
(298, 124, 2370, t1) -> (298, 124, 2370, t2=t1+(1, 5))	1	306
(4174, 135, 3681, t1) -> (4174, 135, 3681, t2=t1+(1, 1))	1	307
(1106, 67, 534, t1) -> (534, 67, 1106, t2=t1+(1, 7))	1	308
(3196, 37, 2044, t1) -> (3196, 37, 2044, t2=t1+(1, 5))	1	309
(1610, 62, 3669, t1) -> (1610, 62, 1610, t2=t1+(1, 2))	1	310
(1064, 186, 324, t1) -> (324, 186, 324, t2=t1+(1, 6))	1	311
(1981, 186, 504, t1) -> (504, 186, 1981, t2=t1+(1, 1))	1	312
(2477, 83, 2495, t1) -> (2495, 83, 2495, t2=t1+(1, 7))	1	313
(468, 90, 2580, t1) -> (2580, 90, 2580, t2=t1+(1, 1))	1	314
(838, 76, 4326, t1) -> (838, 76, 838, t2=t1+(1, 8))	1	315
(3156, 9, 2354, t1) -> (2354, 9, 2354, t2=t1+(1, 4))	1	316
(2743, 81, 2448, t1) -> (2743, 81, 2743, t2=t1+(1, 5))	1	317
(528, 66, 2335, t1) -> (528, 66, 2335, t2=t1+(1, 3))	1	318
(3057, 153, 375, t1) -> (3057, 153, 375, t2=t1+(1, 8))	1	319
(561, 186, 4486, t1) -> (561, 186, 561, t2=t1+(1, 3))	1	320
(4401, 115, 676, t1) -> (4401, 115, 4401, t2=t1+(1, 8))	1	321
(980, 161, 879, t1) -> (879, 161, 980, t2=t1+(1, 6))	1	322
(2383, 44, 546, t1) -> (2383, 44, 546, t2=t1+(1, 4))	1	323
(2605, 22, 179, t1) -> (179, 22, 179, t2=t1+(1, 5))	1	324
(2469, 58, 3274, t1) -> (3274, 58, 3274, t2=t1+(1, 4))	1	325
(4232, 166, 3411, t1) -> (4232, 166, 4232, t2=t1+(1, 9))	1	326
(4022, 20, 4070, t1) -> (4022, 20, 4022, t2=t1+(1, 8))	1	327
(3509, 50, 1186, t1) -> (1186, 50, 3509, t2=t1+(1, 5))	1	328
(3454, 51, 293, t1) -> (293, 51, 3454, t2=t1+(1, 2))	1	329
(1155, 159, 1275, t1) -> (1155, 159, 1275, t2=t1+(1, 7))	1	330
(565, 61, 1767, t1) -> (1767, 61, 565, t2=t1+(1, 1))	1	331
(1184, 28, 4401, t1) -> (1184, 28, 1184, t2=t1+(1, 10))	1	332
(4633, 57, 713, t1) -> (4633, 57, 4633, t2=t1+(1, 7))	1	333
(1443, 134, 1280, t1) -> (1443, 134, 1443, t2=t1+(1, 6))	1	334
(2678, 193, 4036, t1) -> (4036, 193, 4036, t2=t1+(1, 4))	1	335
(1687, 113, 2465, t1) -> (1687, 113, 2465, t2=t1+(1, 2))	1	336
(2452, 69, 2777, t1) -> (2777, 69, 2452, t2=t1+(1, 6))	1	337
(2450, 46, 488, t1) -> (2450, 46, 488, t2=t1+(1, 8))	1	338
(2352, 79, 4655, t1) -> (2352, 79, 2352, t2=t1+(1, 3))	1	339
(940, 170, 4847, t1) -> (4847, 170, 940, t2=t1+(1, 4))	1	340
(1668, 156, 1607, t1) -> (1607, 156, 1607, t2=t1+(1, 7))	1	341
(156, 188, 3858, t1) -> (3858, 188, 3858, t2=t1+(1, 3))	1	342
(436, 139, 4859, t1) -> (436, 139, 4859, t2=t1+(1, 2))	1	343
(3772, 21, 3117, t1) -> (3117, 21, 3117, t2=t1+(1, 4))	1	344
(4303, 58, 2555, t1) -> (4303, 58, 4303, t2=t1+(1, 2))	1	345
(1922, 91, 4556, t1) -> (1922, 91, 4556, t2=t1+(1, 9))	1	346
(937, 46, 962, t1) -> (937, 46, 937, t2=t1+(1, 5))	1	347
(3617, 193, 3215, t1) -> (3215, 193, 3215, t2=t1+(1, 3))	1	348
(1974, 168, 499, t1) -> (1974, 168, 1974, t2=t1+(1, 6))	1	349
