(2128, 6, 341, t1) & (1557, 105, 3430, t2=t1+(0, 3)) & (3430, 10, 341, t3=t2+(0, 2)) -> (3430, 105, 3430, t4=t3+(1, 3))	3	0
(3935, 105, 3174, t1) & (2913, 11, 72, t2=t1+(0, 3)) & (72, 74, 3935, t3=t2+(0, 4)) -> (72, 105, 3935, t4=t3+(1, 4))	3	1
(4318, 102, 2857, t1) & (4165, 0, 1858, t2=t1+(0, 5)) & (2857, 152, 1858, t3=t2+(0, 6)) -> (1858, 0, 1858, t4=t3+(1, 7))	3	2
(4528, 181, 632, t1) & (4778, 10, 2296, t2=t1+(0, 1)) & (4528, 178, 4778, t3=t2+(0, 5)) -> (4778, 10, 4528, t4=t3+(1, 6))	3	3
(772, 198, 1871, t1) & (2964, 49, 4734, t2=t1+(0, 2)) & (4734, 111, 772, t3=t2+(0, 5)) -> (4734, 111, 1871, t4=t3+(1, 5))	3	4
(4490, 143, 3375, t1) & (1895, 141, 3563, t2=t1+(0, 7)) & (3375, 183, 1895, t3=t2+(0, 3)) -> (1895, 183, 3563, t4=t3+(1, 9))	3	5
(4457, 130, 2893, t1) & (351, 179, 3051, t2=t1+(0, 5)) & (4457, 87, 351, t3=t2+(0, 1)) -> (3051, 179, 2893, t4=t3+(1, 3))	3	6
(3847, 61, 2878, t1) & (4791, 192, 1042, t2=t1+(0, 3)) & (4791, 91, 2878, t3=t2+(0, 3)) -> (2878, 91, 2878, t4=t3+(1, 8))	3	7
(2468, 102, 2964, t1) & (3509, 184, 2569, t2=t1+(0, 2)) & (2569, 30, 2468, t3=t2+(0, 3)) -> (2468, 30, 2468, t4=t3+(1, 6))	3	8
(2184, 179, 1110, t1) & (84, 131, 1757, t2=t1+(0, 6)) & (1110, 28, 84, t3=t2+(0, 3)) -> (84, 131, 1757, t4=t3+(1, 5))	3	9
(3373, 165, 129, t1) & (4076, 178, 2362, t2=t1+(0, 5)) & (4076, 10, 3373, t3=t2+(0, 5)) -> (4076, 178, 3373, t4=t3+(1, 6))	3	10
(4852, 119, 2343, t1) & (2870, 152, 2066, t2=t1+(0, 2)) & (2066, 131, 2343, t3=t2+(0, 5)) -> (2343, 152, 4852, t4=t3+(1, 3))	3	11
(1833, 183, 979, t1) & (4778, 143, 4739, t2=t1+(0, 6)) & (4778, 185, 1833, t3=t2+(0, 3)) -> (1833, 143, 1833, t4=t3+(1, 5))	3	12
(4741, 37, 4924, t1) & (1216, 95, 2788, t2=t1+(0, 6)) & (4741, 127, 2788, t3=t2+(0, 3)) -> (2788, 37, 4924, t4=t3+(1, 3))	3	13
(2202, 183, 3859, t1) & (2870, 11, 4787, t2=t1+(0, 3)) & (4787, 95, 3859, t3=t2+(0, 2)) -> (2870, 11, 2870, t4=t3+(1, 3))	3	14
(4214, 21, 2859, t1) & (3152, 189, 3265, t2=t1+(0, 9)) & (4214, 35, 3265, t3=t2+(0, 5)) -> (3265, 189, 4214, t4=t3+(1, 5))	3	15
(575, 19, 2830, t1) & (3579, 130, 3374, t2=t1+(0, 8)) & (2830, 178, 3579, t3=t2+(0, 2)) -> (575, 130, 2830, t4=t3+(1, 6))	3	16
(4915, 192, 4891, t1) & (638, 192, 370, t2=t1+(0, 7)) & (4891, 22, 370, t3=t2+(0, 7)) -> (370, 22, 370, t4=t3+(1, 4))	3	17
(2128, 103, 3788, t1) & (2870, 195, 1056, t2=t1+(0, 2)) & (2870, 28, 2128, t3=t2+(0, 5)) -> (2128, 103, 2128, t4=t3+(1, 3))	3	18
(2066, 152, 4199, t1) & (2870, 88, 2645, t2=t1+(0, 4)) & (2645, 178, 4199, t3=t2+(0, 3)) -> (2870, 178, 2645, t4=t3+(1, 7))	3	19
(1605, 127, 2941, t1) & (3405, 168, 4545, t2=t1+(0, 2)) & (2941, 20, 3405, t3=t2+(0, 5)) -> (2941, 127, 3405, t4=t3+(1, 3))	3	20
(322, 5, 2790, t1) & (1506, 186, 4199, t2=t1+(0, 1)) & (2790, 11, 4199, t3=t2+(0, 5)) -> (1506, 5, 322, t4=t3+(1, 4))	3	21
(1659, 69, 1324, t1) & (42, 146, 1382, t2=t1+(0, 5)) & (42, 8, 1659, t3=t2+(0, 4)) -> (1659, 69, 1382, t4=t3+(1, 7))	3	22
(3187, 73, 1212, t1) & (3847, 179, 1655, t2=t1+(0, 3)) & (3847, 177, 3187, t3=t2+(0, 10)) -> (3847, 73, 3847, t4=t3+(1, 4))	3	23
(3374, 21, 4528, t1) & (735, 107, 3853, t2=t1+(0, 5)) & (3374, 69, 3853, t3=t2+(0, 4)) -> (4528, 107, 3853, t4=t3+(1, 5))	3	24
(3105, 112, 2180, t1) & (2584, 91, 1667, t2=t1+(0, 5)) & (2584, 5, 2180, t3=t2+(0, 5)) -> (2584, 112, 3105, t4=t3+(1, 5))	3	25
(3563, 192, 1867, t1) & (759, 95, 4778, t2=t1+(0, 0)) & (759, 143, 3563, t3=t2+(0, 3)) -> (4778, 192, 3563, t4=t3+(1, 1))	3	26
(2128, 131, 4787, t1) & (1604, 189, 1000, t2=t1+(0, 7)) & (1000, 111, 2128, t3=t2+(0, 8)) -> (1000, 111, 1604, t4=t3+(1, 10))	3	27
(4281, 179, 2913, t1) & (1422, 10, 1085, t2=t1+(0, 5)) & (1085, 3, 4281, t3=t2+(0, 4)) -> (4281, 179, 4281, t4=t3+(1, 1))	3	28
(4915, 148, 1662, t1) & (4678, 183, 3511, t2=t1+(0, 4)) & (3511, 91, 4915, t3=t2+(0, 5)) -> (1662, 91, 4915, t4=t3+(1, 1))	3	29
(462, 167, 162, t1) & (1605, 99, 3680, t2=t1+(0, 4)) & (462, 37, 3680, t3=t2+(0, 10)) -> (3680, 99, 3680, t4=t3+(1, 3))	3	30
(1056, 95, 1867, t1) & (1525, 21, 2609, t2=t1+(0, 3)) & (1525, 63, 1867, t3=t2+(0, 8)) -> (1867, 95, 1525, t4=t3+(1, 4))	3	31
(3820, 59, 4483, t1) & (143, 19, 1132, t2=t1+(0, 5)) & (3820, 157, 143, t3=t2+(0, 5)) -> (143, 19, 1132, t4=t3+(1, 6))	3	32
(4882, 170, 3349, t1) & (57, 111, 2790, t2=t1+(0, 5)) & (4882, 98, 57, t3=t2+(0, 3)) -> (57, 98, 2790, t4=t3+(1, 4))	3	33
(4052, 125, 2398, t1) & (1086, 148, 3369, t2=t1+(0, 4)) & (2398, 13, 3369, t3=t2+(0, 2)) -> (3369, 125, 3369, t4=t3+(1, 5))	3	34
(2184, 98, 3973, t1) & (3181, 154, 4791, t2=t1+(0, 5)) & (2184, 135, 3181, t3=t2+(0, 4)) -> (3181, 98, 2184, t4=t3+(1, 6))	3	35
(2502, 141, 3898, t1) & (1025, 148, 947, t2=t1+(0, 5)) & (1025, 3, 3898, t3=t2+(0, 6)) -> (1025, 141, 1025, t4=t3+(1, 4))	3	36
(3295, 95, 2964, t1) & (3511, 11, 3645, t2=t1+(0, 7)) & (3511, 179, 3295, t3=t2+(0, 6)) -> (3511, 11, 3511, t4=t3+(1, 6))	3	37
(2128, 10, 3411, t1) & (1422, 22, 483, t2=t1+(0, 9)) & (483, 130, 3411, t3=t2+(0, 4)) -> (483, 10, 483, t4=t3+(1, 4))	3	38
(2859, 53, 3898, t1) & (4041, 151, 2865, t2=t1+(0, 3)) & (2859, 131, 2865, t3=t2+(0, 5)) -> (2859, 151, 3898, t4=t3+(1, 2))	3	39
(2016, 152, 4330, t1) & (3735, 131, 329, t2=t1+(0, 10)) & (329, 159, 2016, t3=t2+(0, 3)) -> (2016, 131, 329, t4=t3+(1, 7))	3	40
(2128, 101, 3284, t1) & (3430, 11, 4575, t2=t1+(0, 6)) & (3430, 177, 3284, t3=t2+(0, 4)) -> (3430, 11, 3284, t4=t3+(1, 4))	3	41
(307, 13, 3181, t1) & (4088, 100, 3187, t2=t1+(0, 4)) & (3181, 11, 3187, t3=t2+(0, 2)) -> (3181, 11, 4088, t4=t3+(1, 5))	3	42
(3083, 63, 374, t1) & (3951, 162, 3105, t2=t1+(0, 9)) & (3951, 93, 374, t3=t2+(0, 5)) -> (3105, 63, 3083, t4=t3+(1, 3))	3	43
(327, 103, 2688, t1) & (632, 86, 457, t2=t1+(0, 9)) & (2688, 117, 632, t3=t2+(0, 8)) -> (457, 117, 2688, t4=t3+(1, 10))	3	44
(3632, 111, 2128, t1) & (4685, 170, 1652, t2=t1+(0, 8)) & (1652, 127, 2128, t3=t2+(0, 3)) -> (2128, 111, 1652, t4=t3+(1, 6))	3	45
(3373, 146, 2057, t1) & (2870, 10, 4262, t2=t1+(0, 6)) & (2057, 164, 4262, t3=t2+(0, 7)) -> (4262, 164, 2870, t4=t3+(1, 4))	3	46
(344, 131, 4924, t1) & (3185, 157, 251, t2=t1+(0, 5)) & (3185, 49, 4924, t3=t2+(0, 5)) -> (3185, 131, 344, t4=t3+(1, 2))	3	47
(1140, 30, 3973, t1) & (3680, 118, 2184, t2=t1+(0, 5)) & (3680, 141, 3973, t3=t2+(0, 7)) -> (1140, 30, 3973, t4=t3+(1, 4))	3	48
(979, 188, 2999, t1) & (1252, 184, 4351, t2=t1+(0, 3)) & (4351, 71, 979, t3=t2+(0, 8)) -> (2999, 188, 4351, t4=t3+(1, 7))	3	49
(4717, 162, 3343, t1) & (3371, 136, 4778, t2=t1+(0, 4)) & (3343, 131, 3371, t3=t2+(0, 3)) -> (4717, 136, 3343, t4=t3+(1, 8))	3	50
(2946, 60, 4457, t1) & (341, 183, 375, t2=t1+(0, 5)) & (4457, 169, 375, t3=t2+(0, 3)) -> (375, 169, 375, t4=t3+(1, 6))	3	51
(4583, 170, 3430, t1) & (654, 11, 3996, t2=t1+(0, 5)) & (654, 130, 4583, t3=t2+(0, 4)) -> (654, 130, 654, t4=t3+(1, 2))	3	52
(1382, 105, 1305, t1) & (3065, 26, 2057, t2=t1+(0, 3)) & (3065, 66, 1382, t3=t2+(0, 4)) -> (3065, 66, 2057, t4=t3+(1, 8))	3	53
(4402, 105, 2202, t1) & (412, 96, 893, t2=t1+(0, 6)) & (2202, 136, 412, t3=t2+(0, 2)) -> (4402, 105, 4402, t4=t3+(1, 4))	3	54
(817, 152, 2184, t1) & (2408, 65, 2569, t2=t1+(0, 7)) & (2408, 191, 2184, t3=t2+(0, 6)) -> (2184, 65, 2184, t4=t3+(1, 4))	3	55
(2770, 8, 96, t1) & (307, 178, 370, t2=t1+(0, 2)) & (2770, 85, 307, t3=t2+(0, 5)) -> (307, 8, 307, t4=t3+(1, 4))	3	56
(816, 3, 212, t1) & (4536, 170, 3830, t2=t1+(0, 1)) & (816, 13, 3830, t3=t2+(0, 5)) -> (3830, 3, 816, t4=t3+(1, 7))	3	57
(3915, 105, 3185, t1) & (4268, 170, 3187, t2=t1+(0, 6)) & (3187, 3, 3915, t3=t2+(0, 3)) -> (3185, 105, 4268, t4=t3+(1, 8))	3	58
(2066, 93, 3680, t1) & (4318, 102, 4047, t2=t1+(0, 6)) & (2066, 178, 4047, t3=t2+(0, 6)) -> (4047, 93, 4047, t4=t3+(1, 6))	3	59
(2343, 35, 1988, t1) & (1876, 19, 1490, t2=t1+(0, 5)) & (2343, 91, 1490, t3=t2+(0, 5)) -> (1988, 19, 2343, t4=t3+(1, 7))	3	60
(375, 116, 1489, t1) & (2261, 179, 4141, t2=t1+(0, 5)) & (1489, 5, 4141, t3=t2+(0, 11)) -> (1489, 116, 4141, t4=t3+(1, 8))	3	61
(1650, 38, 2790, t1) & (4011, 63, 1042, t2=t1+(0, 5)) & (4011, 13, 1650, t3=t2+(0, 5)) -> (4011, 38, 1650, t4=t3+(1, 8))	3	62
(4791, 185, 4791, t1) & (816, 178, 4262, t2=t1+(0, 2)) & (4791, 15, 4262, t3=t2+(0, 4)) -> (816, 15, 4262, t4=t3+(1, 4))	3	63
(3106, 93, 2708, t1) & (646, 151, 3847, t2=t1+(0, 5)) & (2708, 56, 646, t3=t2+(0, 5)) -> (2708, 56, 2708, t4=t3+(1, 5))	3	64
(2296, 75, 3572, t1) & (1391, 64, 3083, t2=t1+(0, 3)) & (2296, 27, 3083, t3=t2+(0, 5)) -> (2296, 27, 3572, t4=t3+(1, 7))	3	65
(1765, 18, 4558, t1) & (3617, 170, 603, t2=t1+(0, 4)) & (3617, 136, 1765, t3=t2+(0, 7)) -> (603, 18, 4558, t4=t3+(1, 3))	3	66
(1494, 10, 2352, t1) & (1042, 131, 2672, t2=t1+(0, 8)) & (2672, 132, 1494, t3=t2+(0, 5)) -> (1042, 132, 2672, t4=t3+(1, 2))	3	67
(96, 6, 4048, t1) & (1300, 13, 2469, t2=t1+(0, 2)) & (2469, 164, 4048, t3=t2+(0, 3)) -> (2469, 164, 1300, t4=t3+(1, 5))	3	68
(84, 189, 3847, t1) & (3051, 2, 2128, t2=t1+(0, 1)) & (3051, 154, 84, t3=t2+(0, 7)) -> (2128, 154, 3847, t4=t3+(1, 8))	3	69
(772, 193, 4218, t1) & (4328, 96, 371, t2=t1+(0, 6)) & (4328, 93, 4218, t3=t2+(0, 4)) -> (772, 193, 4328, t4=t3+(1, 7))	3	70
(375, 36, 2770, t1) & (3511, 108, 1571, t2=t1+(0, 1)) & (2770, 3, 3511, t3=t2+(0, 4)) -> (2770, 108, 2770, t4=t3+(1, 7))	3	71
(1833, 99, 1183, t1) & (646, 136, 960, t2=t1+(0, 7)) & (1183, 70, 960, t3=t2+(0, 3)) -> (646, 99, 960, t4=t3+(1, 10))	3	72
(1149, 151, 4778, t1) & (1736, 191, 4717, t2=t1+(0, 4)) & (4778, 13, 1736, t3=t2+(0, 6)) -> (1149, 151, 1736, t4=t3+(1, 2))	3	73
(1208, 39, 351, t1) & (2964, 69, 792, t2=t1+(0, 4)) & (2964, 86, 351, t3=t2+(0, 6)) -> (351, 86, 351, t4=t3+(1, 2))	3	74
(3464, 60, 2708, t1) & (4330, 1, 361, t2=t1+(0, 3)) & (4330, 179, 2708, t3=t2+(0, 6)) -> (2708, 60, 4330, t4=t3+(1, 4))	3	75
(1506, 151, 568, t1) & (1265, 73, 96, t2=t1+(0, 7)) & (96, 195, 1506, t3=t2+(0, 3)) -> (1506, 195, 96, t4=t3+(1, 6))	3	76
(1449, 24, 3300, t1) & (3224, 164, 1422, t2=t1+(0, 2)) & (3300, 11, 1422, t3=t2+(0, 4)) -> (3300, 164, 1422, t4=t3+(1, 3))	3	77
(2556, 25, 1031, t1) & (375, 111, 784, t2=t1+(0, 5)) & (784, 3, 2556, t3=t2+(0, 6)) -> (375, 25, 1031, t4=t3+(1, 5))	3	78
(1650, 22, 4199, t1) & (1801, 79, 1650, t2=t1+(0, 6)) & (1650, 122, 1650, t3=t2+(0, 1)) -> (1650, 22, 4199, t4=t3+(1, 2))	3	79
(2217, 11, 1286, t1) & (1268, 108, 2344, t2=t1+(0, 5)) & (2217, 93, 1268, t3=t2+(0, 3)) -> (1268, 108, 1286, t4=t3+(1, 7))	3	80
(2749, 118, 2672, t1) & (1078, 100, 2979, t2=t1+(0, 8)) & (2749, 164, 1078, t3=t2+(0, 4)) -> (2979, 164, 2672, t4=t3+(1, 2))	3	81
(2422, 109, 2999, t1) & (3879, 95, 943, t2=t1+(0, 4)) & (3879, 123, 2422, t3=t2+(0, 3)) -> (943, 123, 2422, t4=t3+(1, 6))	3	82
(3187, 91, 4268, t1) & (2384, 136, 3181, t2=t1+(0, 6)) & (3181, 168, 3187, t3=t2+(0, 2)) -> (3181, 168, 4268, t4=t3+(1, 7))	3	83
(2913, 13, 3224, t1) & (3031, 192, 1659, t2=t1+(0, 7)) & (2913, 20, 1659, t3=t2+(0, 6)) -> (2913, 20, 1659, t4=t3+(1, 5))	3	84
(3609, 143, 2788, t1) & (2151, 6, 638, t2=t1+(0, 7)) & (2788, 122, 638, t3=t2+(0, 4)) -> (3609, 143, 638, t4=t3+(1, 9))	3	85
(3105, 185, 2953, t1) & (2370, 3, 1547, t2=t1+(0, 9)) & (2370, 199, 2953, t3=t2+(0, 5)) -> (2370, 3, 2953, t4=t3+(1, 2))	3	86
(3661, 195, 4605, t1) & (1308, 66, 2093, t2=t1+(0, 2)) & (2093, 4, 4605, t3=t2+(0, 4)) -> (1308, 4, 4605, t4=t3+(1, 3))	3	87
(3121, 120, 2142, t1) & (3138, 11, 2083, t2=t1+(0, 3)) & (3121, 77, 3138, t3=t2+(0, 3)) -> (3138, 77, 3121, t4=t3+(1, 4))	3	88
(2915, 3, 4066, t1) & (3503, 100, 552, t2=t1+(0, 4)) & (4066, 108, 3503, t3=t2+(0, 8)) -> (4066, 108, 552, t4=t3+(1, 4))	3	89
(3329, 105, 3741, t1) & (1787, 59, 3696, t2=t1+(0, 5)) & (1787, 39, 3329, t3=t2+(0, 5)) -> (3696, 105, 1787, t4=t3+(1, 3))	3	90
(1042, 178, 1709, t1) & (4047, 107, 2239, t2=t1+(0, 4)) & (1042, 96, 4047, t3=t2+(0, 6)) -> (4047, 178, 1042, t4=t3+(1, 3))	3	91
(2722, 19, 2128, t1) & (4423, 6, 2913, t2=t1+(0, 11)) & (2913, 126, 2722, t3=t2+(0, 2)) -> (2722, 6, 2722, t4=t3+(1, 11))	3	92
(4787, 154, 3258, t1) & (188, 152, 2016, t2=t1+(0, 3)) & (3258, 96, 2016, t3=t2+(0, 6)) -> (2016, 152, 2016, t4=t3+(1, 6))	3	93
(4199, 166, 3937, t1) & (3121, 151, 3176, t2=t1+(0, 4)) & (3176, 95, 3937, t3=t2+(0, 3)) -> (3937, 95, 3176, t4=t3+(1, 2))	3	94
(2859, 10, 3511, t1) & (3051, 193, 1096, t2=t1+(0, 7)) & (1096, 158, 3511, t3=t2+(0, 1)) -> (3511, 193, 3511, t4=t3+(1, 7))	3	95
(1441, 38, 4691, t1) & (3511, 80, 4519, t2=t1+(0, 5)) & (4519, 61, 4691, t3=t2+(0, 11)) -> (4519, 80, 4691, t4=t3+(1, 5))	3	96
(3617, 140, 2999, t1) & (943, 183, 255, t2=t1+(0, 7)) & (3617, 164, 255, t3=t2+(0, 5)) -> (3617, 183, 255, t4=t3+(1, 4))	3	97
(251, 10, 2772, t1) & (2859, 53, 3493, t2=t1+(0, 6)) & (251, 131, 3493, t3=t2+(0, 10)) -> (3493, 10, 251, t4=t3+(1, 5))	3	98
(182, 127, 2870, t1) & (3921, 146, 2941, t2=t1+(0, 9)) & (3921, 138, 2870, t3=t2+(0, 3)) -> (3921, 127, 3921, t4=t3+(1, 5))	3	99
(1781, 183, 2090, t1) & (1781, 88, 2090, t2=t1+(0, 2)) -> (2090, 183, 1781, t3=t2+(1, 6))	2	100
(2810, 37, 4093, t1) & (1773, 93, 4093, t2=t1+(0, 4)) -> (4093, 93, 2810, t3=t2+(1, 7))	2	101
(1216, 60, 2545, t1) & (3680, 19, 1216, t2=t1+(0, 6)) -> (3680, 19, 1216, t3=t2+(1, 4))	2	102
(345, 173, 3261, t1) & (345, 69, 3261, t2=t1+(0, 4)) -> (345, 173, 3261, t3=t2+(1, 9))	2	103
(4787, 18, 2872, t1) & (2872, 135, 4787, t2=t1+(0, 5)) -> (2872, 18, 2872, t3=t2+(1, 4))	2	104
(3661, 98, 2770, t1) & (2128, 62, 2770, t2=t1+(0, 6)) -> (2128, 62, 3661, t3=t2+(1, 3))	2	105
(4645, 148, 3295, t1) & (792, 130, 3295, t2=t1+(0, 7)) -> (4645, 130, 3295, t3=t2+(1, 4))	2	106
(1294, 3, 947, t1) & (1294, 130, 1294, t2=t1+(0, 4)) -> (1294, 130, 947, t3=t2+(1, 4))	2	107
(3674, 171, 3937, t1) & (3937, 18, 3937, t2=t1+(0, 7)) -> (3937, 171, 3937, t3=t2+(1, 8))	2	108
(3295, 164, 3405, t1) & (3511, 151, 3405, t2=t1+(0, 4)) -> (3295, 164, 3511, t3=t2+(1, 8))	2	109
(4088, 114, 251, t1) & (3181, 74, 4088, t2=t1+(0, 7)) -> (4088, 114, 251, t3=t2+(1, 3))	2	110
(1382, 17, 2818, t1) & (1709, 109, 2818, t2=t1+(0, 9)) -> (2818, 17, 2818, t3=t2+(1, 9))	2	111
(2098, 53, 3185, t1) & (3185, 11, 1096, t2=t1+(0, 7)) -> (1096, 11, 1096, t3=t2+(1, 5))	2	112
(1665, 103, 104, t1) & (4092, 50, 1665, t2=t1+(0, 5)) -> (4092, 50, 4092, t3=t2+(1, 7))	2	113
(829, 39, 654, t1) & (654, 120, 654, t2=t1+(0, 5)) -> (654, 39, 654, t3=t2+(1, 4))	2	114
(4328, 61, 2502, t1) & (2502, 3, 2343, t2=t1+(0, 8)) -> (2502, 61, 2502, t3=t2+(1, 7))	2	115
(1662, 148, 4568, t1) & (1662, 192, 1662, t2=t1+(0, 4)) -> (1662, 192, 1662, t3=t2+(1, 8))	2	116
(179, 11, 29, t1) & (29, 170, 77, t2=t1+(0, 7)) -> (179, 170, 179, t3=t2+(1, 1))	2	117
(3817, 131, 1140, t1) & (1140, 23, 1544, t2=t1+(0, 3)) -> (1140, 23, 1544, t3=t2+(1, 3))	2	118
(3349, 111, 96, t1) & (3349, 183, 753, t2=t1+(0, 1)) -> (753, 183, 753, t3=t2+(1, 3))	2	119
(2362, 118, 3187, t1) & (1094, 162, 3187, t2=t1+(0, 3)) -> (3187, 162, 3187, t3=t2+(1, 7))	2	120
(1871, 39, 77, t1) & (1871, 123, 4461, t2=t1+(0, 10)) -> (77, 39, 1871, t3=t2+(1, 6))	2	121
(2661, 148, 292, t1) & (1765, 69, 292, t2=t1+(0, 4)) -> (292, 148, 1765, t3=t2+(1, 6))	2	122
(4461, 38, 4831, t1) & (4461, 141, 4791, t2=t1+(0, 7)) -> (4791, 141, 4831, t3=t2+(1, 6))	2	123
(2184, 25, 3958, t1) & (1078, 191, 3958, t2=t1+(0, 0)) -> (2184, 25, 3958, t3=t2+(1, 4))	2	124
(654, 178, 3391, t1) & (3375, 114, 654, t2=t1+(0, 3)) -> (3375, 178, 654, t3=t2+(1, 6))	2	125
(2128, 91, 375, t1) & (2128, 78, 3429, t2=t1+(0, 6)) -> (375, 78, 2128, t3=t2+(1, 4))	2	126
(1140, 152, 412, t1) & (1140, 69, 2256, t2=t1+(0, 7)) -> (1140, 69, 2256, t3=t2+(1, 4))	2	127
(4915, 61, 4281, t1) & (4281, 118, 4915, t2=t1+(0, 5)) -> (4915, 61, 4281, t3=t2+(1, 8))	2	128
(2870, 79, 3174, t1) & (2885, 146, 3174, t2=t1+(0, 3)) -> (3174, 146, 2870, t3=t2+(1, 3))	2	129
(4328, 178, 251, t1) & (251, 164, 1988, t2=t1+(0, 3)) -> (1988, 178, 1988, t3=t2+(1, 7))	2	130
(4029, 6, 4924, t1) & (150, 11, 4924, t2=t1+(0, 5)) -> (150, 11, 4924, t3=t2+(1, 2))	2	131
(784, 60, 1801, t1) & (1250, 114, 784, t2=t1+(0, 4)) -> (1250, 60, 1801, t3=t2+(1, 5))	2	132
(2578, 177, 307, t1) & (2578, 122, 307, t2=t1+(0, 5)) -> (307, 177, 307, t3=t2+(1, 1))	2	133
(251, 6, 4265, t1) & (2468, 100, 4265, t2=t1+(0, 6)) -> (4265, 100, 251, t3=t2+(1, 4))	2	134
(1422, 57, 2469, t1) & (2469, 49, 2469, t2=t1+(0, 5)) -> (1422, 57, 2469, t3=t2+(1, 5))	2	135
(4423, 123, 2715, t1) & (30, 180, 2715, t2=t1+(0, 2)) -> (2715, 123, 2715, t3=t2+(1, 7))	2	136
(4457, 25, 1731, t1) & (4457, 49, 1731, t2=t1+(0, 7)) -> (1731, 49, 1731, t3=t2+(1, 3))	2	137
(72, 21, 1265, t1) & (4166, 123, 1265, t2=t1+(0, 5)) -> (1265, 21, 1265, t3=t2+(1, 7))	2	138
(3502, 60, 773, t1) & (3502, 34, 4778, t2=t1+(0, 1)) -> (773, 34, 4778, t3=t2+(1, 3))	2	139
(3373, 134, 612, t1) & (612, 130, 1212, t2=t1+(0, 4)) -> (612, 130, 1212, t3=t2+(1, 4))	2	140
(2184, 80, 4115, t1) & (4115, 148, 4115, t2=t1+(0, 6)) -> (4115, 80, 4115, t3=t2+(1, 5))	2	141
(1816, 10, 3865, t1) & (1816, 102, 1816, t2=t1+(0, 8)) -> (1816, 102, 1816, t3=t2+(1, 4))	2	142
(1677, 28, 188, t1) & (1677, 135, 3373, t2=t1+(0, 9)) -> (3373, 28, 1677, t3=t2+(1, 4))	2	143
(4214, 81, 2128, t1) & (2343, 51, 4214, t2=t1+(0, 6)) -> (2343, 81, 2343, t3=t2+(1, 5))	2	144
(1517, 164, 3680, t1) & (65, 187, 3680, t2=t1+(0, 4)) -> (3680, 187, 3680, t3=t2+(1, 2))	2	145
(4243, 158, 3898, t1) & (3898, 53, 3446, t2=t1+(0, 8)) -> (3898, 53, 3898, t3=t2+(1, 4))	2	146
(999, 152, 4717, t1) & (999, 50, 2859, t2=t1+(0, 8)) -> (999, 152, 2859, t3=t2+(1, 3))	2	147
(2431, 143, 3645, t1) & (2431, 164, 4249, t2=t1+(0, 5)) -> (2431, 164, 2431, t3=t2+(1, 3))	2	148
(495, 66, 1801, t1) & (1801, 111, 1801, t2=t1+(0, 3)) -> (1801, 66, 1801, t3=t2+(1, 10))	2	149
(3886, 39, 145, t1) & (3886, 95, 3511, t2=t1+(0, 3)) -> (3886, 39, 3886, t3=t2+(1, 6))	2	150
(2999, 189, 3373, t1) & (3373, 186, 2999, t2=t1+(0, 1)) -> (3373, 186, 2999, t3=t2+(1, 4))	2	151
(104, 118, 171, t1) & (2128, 100, 171, t2=t1+(0, 9)) -> (171, 100, 171, t3=t2+(1, 7))	2	152
(3889, 96, 1519, t1) & (1519, 34, 2440, t2=t1+(0, 3)) -> (3889, 96, 1519, t3=t2+(1, 4))	2	153
(2418, 170, 1865, t1) & (3410, 21, 2418, t2=t1+(0, 2)) -> (2418, 21, 3410, t3=t2+(1, 4))	2	154
(3034, 7, 307, t1) & (3034, 124, 3034, t2=t1+(0, 8)) -> (307, 7, 3034, t3=t2+(1, 8))	2	155
(2202, 100, 3617, t1) & (2202, 79, 3617, t2=t1+(0, 2)) -> (2202, 100, 2202, t3=t2+(1, 4))	2	156
(4878, 105, 4827, t1) & (4827, 19, 2202, t2=t1+(0, 3)) -> (4878, 19, 4827, t3=t2+(1, 7))	2	157
(2128, 91, 2772, t1) & (2772, 148, 2772, t2=t1+(0, 4)) -> (2772, 148, 2772, t3=t2+(1, 9))	2	158
(1604, 105, 2083, t1) & (1604, 48, 2083, t2=t1+(0, 4)) -> (2083, 48, 2083, t3=t2+(1, 6))	2	159
(3609, 26, 3038, t1) & (4968, 86, 3609, t2=t1+(0, 4)) -> (3609, 26, 4968, t3=t2+(1, 8))	2	160
(1736, 11, 4218, t1) & (361, 191, 4218, t2=t1+(0, 5)) -> (1736, 191, 1736, t3=t2+(1, 7))	2	161
(1422, 164, 2387, t1) & (1422, 49, 84, t2=t1+(0, 4)) -> (2387, 49, 84, t3=t2+(1, 5))	2	162
(2818, 50, 2772, t1) & (2818, 131, 3898, t2=t1+(0, 5)) -> (2818, 50, 3898, t3=t2+(1, 6))	2	163
(2418, 2, 3105, t1) & (2418, 152, 3105, t2=t1+(0, 3)) -> (2418, 2, 2418, t3=t2+(1, 4))	2	164
(22, 164, 4262, t1) & (4262, 118, 2821, t2=t1+(0, 6)) -> (4262, 118, 4262, t3=t2+(1, 6))	2	165
(13, 131, 4233, t1) & (4233, 189, 13, t2=t1+(0, 4)) -> (13, 131, 13, t3=t2+(1, 6))	2	166
(3105, 111, 4318, t1) & (3105, 108, 4635, t2=t1+(0, 6)) -> (3105, 108, 3105, t3=t2+(1, 2))	2	167
(2177, 189, 1906, t1) & (3152, 124, 2177, t2=t1+(0, 4)) -> (1906, 124, 1906, t3=t2+(1, 7))	2	168
(2468, 148, 3853, t1) & (2468, 15, 3680, t2=t1+(0, 3)) -> (2468, 148, 2468, t3=t2+(1, 4))	2	169
(2818, 179, 1490, t1) & (2818, 100, 4416, t2=t1+(0, 7)) -> (1490, 100, 4416, t3=t2+(1, 6))	2	170
(1019, 51, 4446, t1) & (1019, 35, 1019, t2=t1+(0, 10)) -> (1019, 35, 1019, t3=t2+(1, 7))	2	171
(3374, 19, 2818, t1) & (3579, 111, 2818, t2=t1+(0, 5)) -> (3579, 19, 2818, t3=t2+(1, 1))	2	172
(977, 183, 568, t1) & (568, 103, 568, t2=t1+(0, 6)) -> (568, 183, 568, t3=t2+(1, 3))	2	173
(2770, 159, 2788, t1) & (2870, 179, 2770, t2=t1+(0, 7)) -> (2870, 159, 2788, t3=t2+(1, 6))	2	174
(1451, 131, 2140, t1) & (2140, 127, 2140, t2=t1+(0, 6)) -> (2140, 131, 2140, t3=t2+(1, 2))	2	175
(2622, 91, 2093, t1) & (2569, 62, 2093, t2=t1+(0, 5)) -> (2093, 91, 2569, t3=t2+(1, 10))	2	176
(3579, 3, 1252, t1) & (3579, 170, 1289, t2=t1+(0, 3)) -> (1252, 170, 3579, t3=t2+(1, 1))	2	177
(128, 157, 4214, t1) & (128, 164, 4214, t2=t1+(0, 5)) -> (128, 164, 128, t3=t2+(1, 6))	2	178
(1561, 41, 603, t1) & (603, 101, 1561, t2=t1+(0, 2)) -> (1561, 101, 603, t3=t2+(1, 5))	2	179
(2202, 178, 2622, t1) & (3195, 63, 2202, t2=t1+(0, 3)) -> (2622, 178, 2202, t3=t2+(1, 3))	2	180
(632, 118, 4548, t1) & (3904, 178, 632, t2=t1+(0, 5)) -> (4548, 118, 632, t3=t2+(1, 9))	2	181
(1539, 148, 946, t1) & (1781, 88, 1539, t2=t1+(0, 5)) -> (1781, 88, 1539, t3=t2+(1, 5))	2	182
(3374, 37, 1042, t1) & (1042, 100, 4791, t2=t1+(0, 6)) -> (1042, 37, 1042, t3=t2+(1, 5))	2	183
(4098, 192, 4878, t1) & (906, 159, 4878, t2=t1+(0, 3)) -> (4878, 159, 4098, t3=t2+(1, 5))	2	184
(1547, 146, 4734, t1) & (1547, 102, 4734, t2=t1+(0, 3)) -> (4734, 102, 1547, t3=t2+(1, 8))	2	185
(2370, 164, 4301, t1) & (2370, 37, 2370, t2=t1+(0, 7)) -> (2370, 164, 2370, t3=t2+(1, 9))	2	186
(1086, 100, 4525, t1) & (4525, 148, 1086, t2=t1+(0, 5)) -> (1086, 148, 4525, t3=t2+(1, 4))	2	187
(2417, 30, 392, t1) & (772, 166, 2417, t2=t1+(0, 3)) -> (2417, 30, 772, t3=t2+(1, 1))	2	188
(2370, 105, 1605, t1) & (1605, 154, 175, t2=t1+(0, 3)) -> (175, 105, 2370, t3=t2+(1, 6))	2	189
(4871, 110, 4820, t1) & (4871, 131, 1286, t2=t1+(0, 6)) -> (4820, 131, 4871, t3=t2+(1, 11))	2	190
(412, 20, 251, t1) & (182, 30, 251, t2=t1+(0, 10)) -> (182, 20, 251, t3=t2+(1, 4))	2	191
(104, 191, 4318, t1) & (4318, 39, 104, t2=t1+(0, 6)) -> (4318, 39, 104, t3=t2+(1, 4))	2	192
(2128, 2, 1538, t1) & (1538, 164, 4839, t2=t1+(0, 5)) -> (1538, 164, 1538, t3=t2+(1, 4))	2	193
(179, 50, 3373, t1) & (3373, 41, 1999, t2=t1+(0, 5)) -> (3373, 50, 1999, t3=t2+(1, 5))	2	194
(603, 27, 3187, t1) & (4328, 181, 3187, t2=t1+(0, 5)) -> (603, 181, 3187, t3=t2+(1, 2))	2	195
(3661, 164, 2794, t1) & (3661, 169, 3609, t2=t1+(0, 9)) -> (3661, 169, 3661, t3=t2+(1, 4))	2	196
(1547, 171, 3295, t1) & (3295, 66, 3295, t2=t1+(0, 6)) -> (3295, 66, 3295, t3=t2+(1, 6))	2	197
(624, 135, 1495, t1) & (1495, 37, 1422, t2=t1+(0, 1)) -> (1495, 37, 1495, t3=t2+(1, 2))	2	198
(2818, 74, 2384, t1) & (2, 45, 2818, t2=t1+(0, 6)) -> (2, 74, 2384, t3=t2+(1, 10))	2	199
(2813, 198, 3487, t1) -> (3487, 198, 3487, t2=t1+(1, 4))	1	200
(2830, 151, 3181, t1) -> (2830, 151, 3181, t2=t1+(1, 6))	1	201
(1685, 6, 2956, t1) -> (1685, 6, 2956, t2=t1+(1, 3))	1	202
(1087, 177, 4165, t1) -> (4165, 177, 1087, t2=t1+(1, 4))	1	203
(2878, 3, 4787, t1) -> (2878, 3, 2878, t2=t1+(1, 2))	1	204
(893, 41, 3733, t1) -> (893, 41, 893, t2=t1+(1, 5))	1	205
(4390, 164, 251, t1) -> (4390, 164, 251, t2=t1+(1, 6))	1	206
(4778, 80, 4330, t1) -> (4778, 80, 4330, t2=t1+(1, 5))	1	207
(2569, 135, 3359, t1) -> (3359, 135, 3359, t2=t1+(1, 7))	1	208
(3223, 27, 2609, t1) -> (2609, 27, 2609, t2=t1+(1, 2))	1	209
(3579, 27, 999, t1) -> (3579, 27, 3579, t2=t1+(1, 4))	1	210
(1171, 192, 906, t1) -> (906, 192, 1171, t2=t1+(1, 4))	1	211
(4968, 43, 264, t1) -> (264, 43, 264, t2=t1+(1, 5))	1	212
(2221, 66, 1911, t1) -> (1911, 66, 1911, t2=t1+(1, 7))	1	213
(3688, 36, 1604, t1) -> (1604, 36, 3688, t2=t1+(1, 8))	1	214
(3929, 178, 4749, t1) -> (3929, 178, 4749, t2=t1+(1, 8))	1	215
(3092, 152, 632, t1) -> (3092, 152, 632, t2=t1+(1, 1))	1	216
(2818, 91, 3579, t1) -> (3579, 91, 3579, t2=t1+(1, 7))	1	217
(3181, 143, 4827, t1) -> (3181, 143, 4827, t2=t1+(1, 5))	1	218
(1208, 111, 1266, t1) -> (1266, 111, 1208, t2=t1+(1, 3))	1	219
(2700, 142, 3720, t1) -> (2700, 142, 2700, t2=t1+(1, 10))	1	220
(1605, 13, 96, t1) -> (96, 13, 96, t2=t1+(1, 5))	1	221
(3277, 177, 4047, t1) -> (4047, 177, 3277, t2=t1+(1, 5))	1	222
(829, 69, 603, t1) -> (603, 69, 829, t2=t1+(1, 1))	1	223
(2668, 192, 2184, t1) -> (2668, 192, 2184, t2=t1+(1, 10))	1	224
(2790, 152, 4328, t1) -> (4328, 152, 2790, t2=t1+(1, 2))	1	225
(3265, 11, 1422, t1) -> (3265, 11, 3265, t2=t1+(1, 4))	1	226
(2637, 118, 4047, t1) -> (4047, 118, 2637, t2=t1+(1, 2))	1	227
(1773, 21, 2261, t1) -> (2261, 21, 2261, t2=t1+(1, 2))	1	228
(546, 109, 4787, t1) -> (546, 109, 4787, t2=t1+(1, 2))	1	229
(1623, 183, 1587, t1) -> (1587, 183, 1587, t2=t1+(1, 6))	1	230
(2202, 19, 3680, t1) -> (3680, 19, 3680, t2=t1+(1, 6))	1	231
(2905, 119, 3294, t1) -> (2905, 119, 3294, t2=t1+(1, 8))	1	232
(2999, 63, 4924, t1) -> (4924, 63, 4924, t2=t1+(1, 6))	1	233
(2805, 95, 2358, t1) -> (2358, 95, 2358, t2=t1+(1, 5))	1	234
(4298, 110, 4030, t1) -> (4030, 110, 4030, t2=t1+(1, 6))	1	235
(4768, 107, 3195, t1) -> (3195, 107, 3195, t2=t1+(1, 6))	1	236
(4330, 19, 2818, t1) -> (2818, 19, 4330, t2=t1+(1, 2))	1	237
(1664, 78, 3607, t1) -> (1664, 78, 3607, t2=t1+(1, 5))	1	238
(3464, 6, 3553, t1) -> (3553, 6, 3553, t2=t1+(1, 5))	1	239
(4548, 191, 2117, t1) -> (4548, 191, 2117, t2=t1+(1, 12))	1	240
(2964, 164, 263, t1) -> (263, 164, 2964, t2=t1+(1, 7))	1	241
(3798, 148, 4423, t1) -> (3798, 148, 3798, t2=t1+(1, 5))	1	242
(3929, 69, 1042, t1) -> (1042, 69, 3929, t2=t1+(1, 6))	1	243
(869, 154, 829, t1) -> (869, 154, 869, t2=t1+(1, 6))	1	244
(2468, 131, 4778, t1) -> (2468, 131, 4778, t2=t1+(1, 5))	1	245
(1288, 96, 4548, t1) -> (1288, 96, 4548, t2=t1+(1, 5))	1	246
(434, 148, 666, t1) -> (434, 148, 434, t2=t1+(1, 12))	1	247
(4200, 62, 2872, t1) -> (2872, 62, 4200, t2=t1+(1, 3))	1	248
(4411, 163, 2518, t1) -> (4411, 163, 4411, t2=t1+(1, 6))	1	249
(2221, 184, 57, t1) -> (57, 184, 57, t2=t1+(1, 2))	1	250
(1451, 183, 2722, t1) -> (1451, 183, 2722, t2=t1+(1, 7))	1	251
(4116, 51, 3553, t1) -> (4116, 51, 4116, t2=t1+(1, 7))	1	252
(4717, 22, 2280, t1) -> (4717, 22, 2280, t2=t1+(1, 8))	1	253
(2569, 83, 632, t1) -> (2569, 83, 2569, t2=t1+(1, 4))	1	254
(3886, 82, 759, t1) -> (759, 82, 759, t2=t1+(1, 7))	1	255
(2772, 62, 1574, t1) -> (1574, 62, 1574, t2=t1+(1, 3))	1	256
(307, 100, 3349, t1) -> (3349, 100, 3349, t2=t1+(1, 7))	1	257
(1422, 191, 3919, t1) -> (1422, 191, 3919, t2=t1+(1, 3))	1	258
(3181, 60, 3373, t1) -> (3373, 60, 3373, t2=t1+(1, 6))	1	259
(2083, 186, 4328, t1) -> (4328, 186, 2083, t2=t1+(1, 8))	1	260
(3830, 178, 2872, t1) -> (2872, 178, 3830, t2=t1+(1, 3))	1	261
(2382, 131, 361, t1) -> (2382, 131, 2382, t2=t1+(1, 2))	1	262
(77, 192, 4165, t1) -> (4165, 192, 4165, t2=t1+(1, 2))	1	263
(781, 105, 3105, t1) -> (781, 105, 781, t2=t1+(1, 4))	1	264
(2545, 6, 1945, t1) -> (1945, 6, 2545, t2=t1+(1, 4))	1	265
(568, 51, 632, t1) -> (568, 51, 632, t2=t1+(1, 3))	1	266
(1662, 168, 4046, t1) -> (4046, 168, 1662, t2=t1+(1, 5))	1	267
(2090, 131, 2722, t1) -> (2722, 131, 2090, t2=t1+(1, 7))	1	268
(4165, 167, 3083, t1) -> (3083, 167, 3083, t2=t1+(1, 10))	1	269
(255, 131, 3688, t1) -> (255, 131, 255, t2=t1+(1, 4))	1	270
(3531, 28, 3720, t1) -> (3720, 28, 3720, t2=t1+(1, 3))	1	271
(2142, 198, 1105, t1) -> (1105, 198, 1105, t2=t1+(1, 7))	1	272
(307, 151, 4088, t1) -> (4088, 151, 307, t2=t1+(1, 3))	1	273
(371, 39, 502, t1) -> (502, 39, 502, t2=t1+(1, 4))	1	274
(981, 10, 84, t1) -> (84, 10, 981, t2=t1+(1, 4))	1	275
(521, 136, 3529, t1) -> (3529, 136, 521, t2=t1+(1, 4))	1	276
(816, 96, 763, t1) -> (763, 96, 816, t2=t1+(1, 2))	1	277
(3212, 181, 4787, t1) -> (4787, 181, 3212, t2=t1+(1, 8))	1	278
(1773, 109, 2700, t1) -> (2700, 109, 1773, t2=t1+(1, 7))	1	279
(3374, 49, 84, t1) -> (84, 49, 84, t2=t1+(1, 4))	1	280
(361, 53, 3736, t1) -> (361, 53, 361, t2=t1+(1, 6))	1	281
(575, 13, 420, t1) -> (575, 13, 420, t2=t1+(1, 4))	1	282
(2060, 21, 1110, t1) -> (1110, 21, 1110, t2=t1+(1, 3))	1	283
(1911, 118, 773, t1) -> (773, 118, 1911, t2=t1+(1, 1))	1	284
(1078, 100, 1801, t1) -> (1801, 100, 1078, t2=t1+(1, 8))	1	285
(1382, 186, 3572, t1) -> (3572, 186, 3572, t2=t1+(1, 5))	1	286
(1895, 151, 977, t1) -> (1895, 151, 977, t2=t1+(1, 5))	1	287
(13, 131, 3830, t1) -> (13, 131, 3830, t2=t1+(1, 3))	1	288
(251, 165, 3680, t1) -> (3680, 165, 3680, t2=t1+(1, 3))	1	289
(84, 36, 2578, t1) -> (84, 36, 84, t2=t1+(1, 8))	1	290
(4589, 151, 4892, t1) -> (4589, 151, 4892, t2=t1+(1, 5))	1	291
(817, 183, 2469, t1) -> (2469, 183, 2469, t2=t1+(1, 2))	1	292
(2694, 151, 4528, t1) -> (2694, 151, 2694, t2=t1+(1, 6))	1	293
(3780, 81, 4791, t1) -> (3780, 81, 4791, t2=t1+(1, 2))	1	294
(4924, 27, 2431, t1) -> (4924, 27, 4924, t2=t1+(1, 5))	1	295
(173, 59, 84, t1) -> (173, 59, 173, t2=t1+(1, 8))	1	296
(4717, 119, 2772, t1) -> (4717, 119, 2772, t2=t1+(1, 5))	1	297
(2708, 192, 2953, t1) -> (2708, 192, 2953, t2=t1+(1, 3))	1	298
(3277, 105, 2356, t1) -> (3277, 105, 2356, t2=t1+(1, 3))	1	299
