(183, 167, 3925, t1) & (4380, 169, 3492, t2=t1+(0, 8)) & (183, 84, 4380, t3=t2+(0, 9)) -> (3925, 167, 4380, t4=t3+(1, 2))	3	0
(4863, 197, 2161, t1) & (4852, 131, 2673, t2=t1+(0, 7)) & (2673, 41, 4863, t3=t2+(0, 2)) -> (4863, 131, 2673, t4=t3+(1, 5))	3	1
(3905, 91, 3003, t1) & (1319, 156, 4596, t2=t1+(0, 1)) & (3003, 155, 1319, t3=t2+(0, 4)) -> (4596, 91, 3003, t4=t3+(1, 3))	3	2
(2278, 76, 1079, t1) & (2646, 78, 3469, t2=t1+(0, 12)) & (2646, 117, 1079, t3=t2+(0, 6)) -> (2646, 78, 2646, t4=t3+(1, 5))	3	3
(238, 107, 189, t1) & (3705, 145, 922, t2=t1+(0, 2)) & (189, 191, 922, t3=t2+(0, 6)) -> (189, 145, 238, t4=t3+(1, 4))	3	4
(4393, 123, 1072, t1) & (2172, 147, 285, t2=t1+(0, 5)) & (2172, 123, 4393, t3=t2+(0, 6)) -> (4393, 147, 4393, t4=t3+(1, 3))	3	5
(102, 169, 4366, t1) & (2705, 49, 3349, t2=t1+(0, 9)) & (3349, 12, 102, t3=t2+(0, 2)) -> (4366, 49, 4366, t4=t3+(1, 1))	3	6
(3730, 100, 2232, t1) & (3885, 161, 2093, t2=t1+(0, 6)) & (3730, 6, 3885, t3=t2+(0, 0)) -> (3885, 161, 3885, t4=t3+(1, 7))	3	7
(526, 103, 1393, t1) & (762, 103, 3388, t2=t1+(0, 4)) & (3388, 123, 1393, t3=t2+(0, 6)) -> (1393, 103, 3388, t4=t3+(1, 10))	3	8
(2139, 3, 1287, t1) & (225, 87, 2590, t2=t1+(0, 3)) & (225, 136, 1287, t3=t2+(0, 4)) -> (1287, 3, 2139, t4=t3+(1, 8))	3	9
(4269, 134, 1306, t1) & (3010, 167, 1060, t2=t1+(0, 2)) & (1306, 173, 3010, t3=t2+(0, 5)) -> (1306, 134, 1306, t4=t3+(1, 4))	3	10
(2006, 131, 807, t1) & (173, 99, 1621, t2=t1+(0, 6)) & (1621, 24, 807, t3=t2+(0, 4)) -> (807, 99, 807, t4=t3+(1, 9))	3	11
(384, 10, 3073, t1) & (4401, 155, 1761, t2=t1+(0, 8)) & (1761, 100, 3073, t3=t2+(0, 7)) -> (4401, 10, 1761, t4=t3+(1, 6))	3	12
(3659, 123, 4215, t1) & (2703, 191, 834, t2=t1+(0, 6)) & (834, 191, 3659, t3=t2+(0, 4)) -> (2703, 123, 2703, t4=t3+(1, 4))	3	13
(4906, 20, 471, t1) & (1992, 119, 315, t2=t1+(0, 4)) & (471, 144, 1992, t3=t2+(0, 7)) -> (1992, 144, 1992, t4=t3+(1, 7))	3	14
(1455, 199, 3528, t1) & (4536, 38, 135, t2=t1+(0, 6)) & (4536, 135, 1455, t3=t2+(0, 5)) -> (1455, 135, 3528, t4=t3+(1, 3))	3	15
(1825, 138, 1832, t1) & (750, 175, 2082, t2=t1+(0, 4)) & (2082, 176, 1825, t3=t2+(0, 2)) -> (1825, 176, 1832, t4=t3+(1, 6))	3	16
(4399, 166, 2979, t1) & (4552, 33, 2167, t2=t1+(0, 3)) & (2979, 70, 4552, t3=t2+(0, 11)) -> (4399, 70, 2979, t4=t3+(1, 4))	3	17
(1549, 184, 318, t1) & (1277, 63, 1058, t2=t1+(0, 3)) & (1277, 116, 318, t3=t2+(0, 7)) -> (318, 184, 1277, t4=t3+(1, 4))	3	18
(4326, 188, 2078, t1) & (1762, 188, 2547, t2=t1+(0, 5)) & (2078, 197, 1762, t3=t2+(0, 6)) -> (2078, 188, 2078, t4=t3+(1, 4))	3	19
(4778, 110, 1016, t1) & (3829, 120, 4646, t2=t1+(0, 1)) & (3829, 62, 4778, t3=t2+(0, 3)) -> (1016, 110, 3829, t4=t3+(1, 3))	3	20
(4911, 84, 2188, t1) & (1959, 196, 1037, t2=t1+(0, 3)) & (1037, 5, 2188, t3=t2+(0, 2)) -> (1037, 196, 2188, t4=t3+(1, 8))	3	21
(4959, 160, 1942, t1) & (3417, 198, 3225, t2=t1+(0, 8)) & (4959, 62, 3417, t3=t2+(0, 3)) -> (3417, 62, 4959, t4=t3+(1, 4))	3	22
(416, 114, 11, t1) & (106, 184, 3522, t2=t1+(0, 6)) & (3522, 116, 416, t3=t2+(0, 4)) -> (3522, 114, 11, t4=t3+(1, 2))	3	23
(2643, 54, 3621, t1) & (2347, 91, 299, t2=t1+(0, 8)) & (299, 11, 2643, t3=t2+(0, 6)) -> (299, 54, 299, t4=t3+(1, 6))	3	24
(1616, 62, 972, t1) & (3673, 183, 2665, t2=t1+(0, 7)) & (2665, 49, 972, t3=t2+(0, 7)) -> (972, 62, 2665, t4=t3+(1, 5))	3	25
(1533, 16, 1772, t1) & (1687, 86, 124, t2=t1+(0, 5)) & (1533, 3, 1687, t3=t2+(0, 4)) -> (1687, 3, 124, t4=t3+(1, 6))	3	26
(340, 192, 3446, t1) & (634, 65, 3924, t2=t1+(0, 8)) & (3924, 148, 340, t3=t2+(0, 9)) -> (3446, 148, 340, t4=t3+(1, 3))	3	27
(3810, 10, 4315, t1) & (133, 170, 4170, t2=t1+(0, 5)) & (133, 40, 4315, t3=t2+(0, 4)) -> (133, 40, 4170, t4=t3+(1, 4))	3	28
(2735, 70, 113, t1) & (3723, 155, 787, t2=t1+(0, 7)) & (787, 46, 113, t3=t2+(0, 5)) -> (787, 46, 113, t4=t3+(1, 4))	3	29
(3866, 112, 744, t1) & (4952, 94, 4707, t2=t1+(0, 5)) & (3866, 169, 4707, t3=t2+(0, 9)) -> (4952, 169, 4952, t4=t3+(1, 7))	3	30
(4310, 181, 4886, t1) & (1801, 160, 4034, t2=t1+(0, 4)) & (4886, 188, 4034, t3=t2+(0, 7)) -> (4034, 188, 1801, t4=t3+(1, 6))	3	31
(4752, 33, 4309, t1) & (369, 55, 3910, t2=t1+(0, 6)) & (369, 134, 4309, t3=t2+(0, 8)) -> (4309, 33, 3910, t4=t3+(1, 7))	3	32
(2547, 180, 349, t1) & (2426, 108, 2514, t2=t1+(0, 3)) & (349, 57, 2426, t3=t2+(0, 5)) -> (2426, 108, 349, t4=t3+(1, 4))	3	33
(2072, 30, 1941, t1) & (1186, 126, 823, t2=t1+(0, 3)) & (823, 42, 2072, t3=t2+(0, 7)) -> (823, 42, 823, t4=t3+(1, 4))	3	34
(2252, 86, 1421, t1) & (1440, 173, 2631, t2=t1+(0, 6)) & (1440, 1, 1421, t3=t2+(0, 7)) -> (2252, 86, 1421, t4=t3+(1, 6))	3	35
(759, 107, 4273, t1) & (3851, 89, 3410, t2=t1+(0, 3)) & (759, 149, 3851, t3=t2+(0, 2)) -> (3851, 89, 3851, t4=t3+(1, 3))	3	36
(2869, 63, 787, t1) & (638, 84, 3817, t2=t1+(0, 6)) & (638, 142, 787, t3=t2+(0, 9)) -> (3817, 63, 2869, t4=t3+(1, 4))	3	37
(1225, 184, 2623, t1) & (1062, 180, 58, t2=t1+(0, 8)) & (58, 31, 1225, t3=t2+(0, 1)) -> (2623, 184, 2623, t4=t3+(1, 5))	3	38
(1272, 133, 677, t1) & (3326, 130, 1099, t2=t1+(0, 5)) & (1272, 157, 1099, t3=t2+(0, 3)) -> (1099, 133, 1272, t4=t3+(1, 2))	3	39
(2082, 86, 1515, t1) & (1523, 9, 3077, t2=t1+(0, 3)) & (2082, 107, 3077, t3=t2+(0, 0)) -> (1515, 86, 2082, t4=t3+(1, 3))	3	40
(4856, 140, 4822, t1) & (4113, 70, 191, t2=t1+(0, 6)) & (4856, 0, 191, t3=t2+(0, 3)) -> (4856, 70, 191, t4=t3+(1, 4))	3	41
(4051, 11, 1591, t1) & (3512, 1, 2207, t2=t1+(0, 5)) & (3512, 79, 4051, t3=t2+(0, 4)) -> (4051, 79, 3512, t4=t3+(1, 4))	3	42
(4800, 20, 2667, t1) & (840, 120, 4277, t2=t1+(0, 6)) & (2667, 84, 4277, t3=t2+(0, 3)) -> (4277, 20, 840, t4=t3+(1, 6))	3	43
(2380, 179, 538, t1) & (4005, 122, 802, t2=t1+(0, 2)) & (4005, 79, 538, t3=t2+(0, 3)) -> (2380, 79, 538, t4=t3+(1, 8))	3	44
(4128, 185, 4750, t1) & (3124, 178, 1389, t2=t1+(0, 7)) & (4750, 176, 3124, t3=t2+(0, 5)) -> (1389, 185, 1389, t4=t3+(1, 4))	3	45
(748, 141, 2876, t1) & (4720, 114, 2816, t2=t1+(0, 6)) & (748, 181, 2816, t3=t2+(0, 6)) -> (2816, 181, 2816, t4=t3+(1, 3))	3	46
(2984, 194, 4544, t1) & (2547, 33, 1457, t2=t1+(0, 5)) & (2984, 114, 1457, t3=t2+(0, 3)) -> (2547, 33, 2547, t4=t3+(1, 6))	3	47
(4845, 93, 4615, t1) & (4740, 195, 2240, t2=t1+(0, 6)) & (4615, 78, 2240, t3=t2+(0, 0)) -> (2240, 78, 4615, t4=t3+(1, 3))	3	48
(1666, 72, 4490, t1) & (1026, 189, 647, t2=t1+(0, 11)) & (647, 69, 4490, t3=t2+(0, 5)) -> (1026, 69, 647, t4=t3+(1, 4))	3	49
(3168, 146, 1622, t1) & (2552, 36, 2251, t2=t1+(0, 2)) & (1622, 164, 2251, t3=t2+(0, 5)) -> (2251, 36, 1622, t4=t3+(1, 6))	3	50
(55, 164, 370, t1) & (4123, 39, 4720, t2=t1+(0, 6)) & (55, 90, 4123, t3=t2+(0, 6)) -> (55, 39, 4720, t4=t3+(1, 6))	3	51
(3244, 188, 594, t1) & (4627, 189, 2491, t2=t1+(0, 5)) & (3244, 121, 2491, t3=t2+(0, 7)) -> (2491, 121, 3244, t4=t3+(1, 6))	3	52
(2735, 133, 1600, t1) & (1498, 105, 1923, t2=t1+(0, 6)) & (1923, 167, 1600, t3=t2+(0, 1)) -> (1923, 133, 1923, t4=t3+(1, 5))	3	53
(98, 163, 4412, t1) & (1728, 85, 4838, t2=t1+(0, 11)) & (4412, 3, 4838, t3=t2+(0, 3)) -> (4412, 163, 4838, t4=t3+(1, 1))	3	54
(4335, 187, 2537, t1) & (827, 146, 2728, t2=t1+(0, 3)) & (827, 162, 2537, t3=t2+(0, 3)) -> (2537, 146, 4335, t4=t3+(1, 7))	3	55
(2920, 43, 1252, t1) & (2158, 144, 2572, t2=t1+(0, 7)) & (2920, 162, 2572, t3=t2+(0, 6)) -> (2158, 144, 2572, t4=t3+(1, 7))	3	56
(2819, 24, 381, t1) & (697, 9, 4847, t2=t1+(0, 3)) & (697, 43, 381, t3=t2+(0, 5)) -> (381, 43, 381, t4=t3+(1, 5))	3	57
(2540, 14, 323, t1) & (2061, 124, 863, t2=t1+(0, 7)) & (323, 73, 863, t3=t2+(0, 10)) -> (2540, 73, 2540, t4=t3+(1, 6))	3	58
(1258, 35, 2351, t1) & (4475, 109, 1103, t2=t1+(0, 7)) & (2351, 175, 1103, t3=t2+(0, 2)) -> (4475, 35, 2351, t4=t3+(1, 6))	3	59
(1112, 108, 4637, t1) & (3434, 104, 460, t2=t1+(0, 5)) & (3434, 193, 4637, t3=t2+(0, 5)) -> (1112, 104, 1112, t4=t3+(1, 4))	3	60
(2557, 24, 2252, t1) & (624, 97, 574, t2=t1+(0, 7)) & (2252, 158, 574, t3=t2+(0, 6)) -> (574, 158, 574, t4=t3+(1, 9))	3	61
(4337, 98, 1657, t1) & (723, 176, 1968, t2=t1+(0, 4)) & (1657, 41, 723, t3=t2+(0, 11)) -> (1657, 176, 1968, t4=t3+(1, 4))	3	62
(2541, 178, 1483, t1) & (2608, 173, 345, t2=t1+(0, 4)) & (2541, 34, 2608, t3=t2+(0, 11)) -> (345, 178, 345, t4=t3+(1, 3))	3	63
(3854, 26, 969, t1) & (2236, 22, 2079, t2=t1+(0, 3)) & (969, 197, 2236, t3=t2+(0, 4)) -> (2236, 197, 969, t4=t3+(1, 11))	3	64
(1520, 14, 2658, t1) & (4058, 82, 3163, t2=t1+(0, 8)) & (4058, 165, 1520, t3=t2+(0, 1)) -> (4058, 165, 4058, t4=t3+(1, 3))	3	65
(665, 59, 1084, t1) & (4294, 56, 1681, t2=t1+(0, 5)) & (1681, 198, 1084, t3=t2+(0, 6)) -> (1681, 198, 1084, t4=t3+(1, 4))	3	66
(1501, 164, 2867, t1) & (2326, 125, 2296, t2=t1+(0, 3)) & (2326, 113, 1501, t3=t2+(0, 2)) -> (2296, 125, 2296, t4=t3+(1, 7))	3	67
(37, 93, 4118, t1) & (508, 173, 592, t2=t1+(0, 7)) & (592, 26, 37, t3=t2+(0, 5)) -> (592, 26, 37, t4=t3+(1, 3))	3	68
(1736, 116, 2345, t1) & (1322, 21, 1678, t2=t1+(0, 10)) & (1678, 197, 1736, t3=t2+(0, 6)) -> (1678, 21, 2345, t4=t3+(1, 5))	3	69
(3673, 124, 4047, t1) & (1299, 14, 3121, t2=t1+(0, 7)) & (3673, 193, 3121, t3=t2+(0, 6)) -> (3121, 124, 3673, t4=t3+(1, 2))	3	70
(8, 178, 4008, t1) & (2255, 8, 3884, t2=t1+(0, 6)) & (3884, 134, 4008, t3=t2+(0, 5)) -> (4008, 8, 8, t4=t3+(1, 1))	3	71
(2298, 28, 4323, t1) & (2938, 98, 3622, t2=t1+(0, 6)) & (2938, 186, 4323, t3=t2+(0, 5)) -> (3622, 28, 2938, t4=t3+(1, 6))	3	72
(1539, 91, 3398, t1) & (2115, 163, 2296, t2=t1+(0, 8)) & (3398, 48, 2115, t3=t2+(0, 2)) -> (2115, 163, 2115, t4=t3+(1, 6))	3	73
(462, 118, 38, t1) & (2658, 158, 3774, t2=t1+(0, 4)) & (3774, 54, 38, t3=t2+(0, 10)) -> (462, 158, 462, t4=t3+(1, 4))	3	74
(4510, 3, 4885, t1) & (3271, 31, 3698, t2=t1+(0, 4)) & (4510, 78, 3271, t3=t2+(0, 6)) -> (3271, 3, 4510, t4=t3+(1, 3))	3	75
(4082, 153, 2026, t1) & (1977, 183, 2580, t2=t1+(0, 6)) & (4082, 166, 2580, t3=t2+(0, 2)) -> (2580, 166, 1977, t4=t3+(1, 7))	3	76
(195, 103, 3719, t1) & (1073, 88, 2353, t2=t1+(0, 8)) & (195, 111, 1073, t3=t2+(0, 6)) -> (1073, 88, 1073, t4=t3+(1, 10))	3	77
(489, 110, 4019, t1) & (2278, 71, 1579, t2=t1+(0, 2)) & (489, 6, 1579, t3=t2+(0, 9)) -> (489, 110, 1579, t4=t3+(1, 6))	3	78
(3632, 81, 4180, t1) & (326, 159, 4356, t2=t1+(0, 5)) & (326, 129, 3632, t3=t2+(0, 7)) -> (4356, 129, 3632, t4=t3+(1, 3))	3	79
(4337, 83, 1610, t1) & (2369, 151, 975, t2=t1+(0, 6)) & (4337, 65, 975, t3=t2+(0, 9)) -> (2369, 151, 4337, t4=t3+(1, 4))	3	80
(1984, 122, 3973, t1) & (1210, 49, 2472, t2=t1+(0, 6)) & (2472, 152, 3973, t3=t2+(0, 4)) -> (3973, 49, 1984, t4=t3+(1, 6))	3	81
(4136, 122, 2878, t1) & (3434, 141, 3072, t2=t1+(0, 7)) & (2878, 46, 3072, t3=t2+(0, 7)) -> (3072, 46, 2878, t4=t3+(1, 8))	3	82
(4639, 47, 293, t1) & (1510, 199, 142, t2=t1+(0, 7)) & (142, 149, 293, t3=t2+(0, 7)) -> (293, 47, 293, t4=t3+(1, 4))	3	83
(1716, 147, 1802, t1) & (414, 139, 114, t2=t1+(0, 6)) & (414, 83, 1802, t3=t2+(0, 4)) -> (1716, 83, 414, t4=t3+(1, 12))	3	84
(1368, 2, 500, t1) & (4048, 90, 2066, t2=t1+(0, 7)) & (2066, 85, 500, t3=t2+(0, 4)) -> (500, 85, 1368, t4=t3+(1, 3))	3	85
(2269, 149, 3672, t1) & (4432, 92, 930, t2=t1+(0, 5)) & (3672, 133, 930, t3=t2+(0, 9)) -> (930, 133, 930, t4=t3+(1, 3))	3	86
(2785, 145, 4011, t1) & (3186, 133, 3443, t2=t1+(0, 6)) & (3186, 184, 2785, t3=t2+(0, 6)) -> (3186, 184, 2785, t4=t3+(1, 4))	3	87
(1649, 158, 1064, t1) & (4849, 29, 4983, t2=t1+(0, 4)) & (1649, 41, 4983, t3=t2+(0, 3)) -> (1649, 29, 4983, t4=t3+(1, 2))	3	88
(252, 151, 3975, t1) & (1853, 79, 3833, t2=t1+(0, 2)) & (1853, 112, 3975, t3=t2+(0, 2)) -> (3833, 151, 3975, t4=t3+(1, 4))	3	89
(2382, 66, 4848, t1) & (2831, 46, 894, t2=t1+(0, 6)) & (2382, 147, 2831, t3=t2+(0, 6)) -> (2831, 147, 894, t4=t3+(1, 7))	3	90
(2857, 72, 1703, t1) & (2804, 153, 1114, t2=t1+(0, 1)) & (1114, 126, 1703, t3=t2+(0, 4)) -> (1703, 153, 2857, t4=t3+(1, 6))	3	91
(3957, 133, 4042, t1) & (3490, 71, 4448, t2=t1+(0, 1)) & (4042, 181, 4448, t3=t2+(0, 3)) -> (4042, 133, 4042, t4=t3+(1, 1))	3	92
(1690, 163, 1229, t1) & (250, 76, 4342, t2=t1+(0, 2)) & (1690, 155, 250, t3=t2+(0, 7)) -> (1690, 76, 1690, t4=t3+(1, 5))	3	93
(3222, 135, 1447, t1) & (472, 87, 1984, t2=t1+(0, 0)) & (1447, 195, 472, t3=t2+(0, 6)) -> (472, 195, 3222, t4=t3+(1, 5))	3	94
(2936, 96, 2758, t1) & (4173, 182, 1077, t2=t1+(0, 10)) & (4173, 30, 2758, t3=t2+(0, 4)) -> (2936, 96, 2936, t4=t3+(1, 5))	3	95
(1948, 131, 3644, t1) & (3653, 84, 89, t2=t1+(0, 5)) & (3644, 115, 89, t3=t2+(0, 4)) -> (89, 131, 89, t4=t3+(1, 4))	3	96
(1850, 161, 3112, t1) & (108, 116, 530, t2=t1+(0, 4)) & (108, 78, 1850, t3=t2+(0, 1)) -> (108, 78, 1850, t4=t3+(1, 4))	3	97
(830, 107, 4836, t1) & (3827, 179, 4922, t2=t1+(0, 5)) & (3827, 132, 830, t3=t2+(0, 6)) -> (830, 107, 3827, t4=t3+(1, 4))	3	98
(3802, 27, 2438, t1) & (274, 140, 2264, t2=t1+(0, 3)) & (2438, 88, 274, t3=t2+(0, 7)) -> (274, 27, 3802, t4=t3+(1, 5))	3	99
(4722, 43, 2781, t1) & (802, 198, 2052, t2=t1+(0, 4)) & (4722, 106, 802, t3=t2+(0, 4)) -> (4722, 198, 4722, t4=t3+(1, 7))	3	100
(4019, 181, 2248, t1) & (3183, 24, 1498, t2=t1+(0, 5)) & (2248, 190, 1498, t3=t2+(0, 5)) -> (1498, 190, 4019, t4=t3+(1, 10))	3	101
(1138, 183, 1830, t1) & (4209, 92, 3151, t2=t1+(0, 7)) & (1830, 167, 3151, t3=t2+(0, 5)) -> (3151, 167, 1138, t4=t3+(1, 2))	3	102
(4022, 151, 2428, t1) & (1338, 22, 672, t2=t1+(0, 7)) & (4022, 139, 672, t3=t2+(0, 4)) -> (672, 22, 2428, t4=t3+(1, 4))	3	103
(4162, 118, 1553, t1) & (3124, 83, 4165, t2=t1+(0, 8)) & (1553, 120, 3124, t3=t2+(0, 4)) -> (3124, 118, 4162, t4=t3+(1, 4))	3	104
(2838, 108, 2609, t1) & (545, 126, 2991, t2=t1+(0, 7)) & (2609, 181, 2991, t3=t2+(0, 5)) -> (2838, 126, 2838, t4=t3+(1, 4))	3	105
(1674, 74, 269, t1) & (2545, 153, 2628, t2=t1+(0, 3)) & (2545, 54, 269, t3=t2+(0, 3)) -> (269, 54, 2545, t4=t3+(1, 5))	3	106
(1648, 180, 3225, t1) & (2944, 126, 3243, t2=t1+(0, 6)) & (1648, 114, 2944, t3=t2+(0, 3)) -> (3225, 180, 1648, t4=t3+(1, 4))	3	107
(3066, 74, 4824, t1) & (2530, 196, 3383, t2=t1+(0, 5)) & (4824, 174, 2530, t3=t2+(0, 3)) -> (2530, 196, 4824, t4=t3+(1, 6))	3	108
(489, 76, 1581, t1) & (4323, 63, 1929, t2=t1+(0, 4)) & (1929, 31, 489, t3=t2+(0, 5)) -> (1581, 76, 489, t4=t3+(1, 2))	3	109
(119, 19, 635, t1) & (283, 52, 194, t2=t1+(0, 5)) & (119, 18, 283, t3=t2+(0, 6)) -> (283, 18, 119, t4=t3+(1, 7))	3	110
(2301, 163, 2950, t1) & (244, 144, 909, t2=t1+(0, 3)) & (2950, 195, 909, t3=t2+(0, 9)) -> (909, 163, 244, t4=t3+(1, 5))	3	111
(1257, 158, 1348, t1) & (1675, 18, 1102, t2=t1+(0, 4)) & (1675, 17, 1257, t3=t2+(0, 3)) -> (1257, 158, 1257, t4=t3+(1, 5))	3	112
(4171, 59, 1368, t1) & (4909, 5, 4677, t2=t1+(0, 5)) & (4909, 137, 1368, t3=t2+(0, 3)) -> (1368, 5, 4171, t4=t3+(1, 7))	3	113
(1174, 188, 2013, t1) & (4467, 139, 641, t2=t1+(0, 6)) & (4467, 13, 2013, t3=t2+(0, 4)) -> (4467, 13, 641, t4=t3+(1, 2))	3	114
(3512, 35, 3727, t1) & (2698, 56, 2891, t2=t1+(0, 5)) & (2891, 16, 3512, t3=t2+(0, 4)) -> (2891, 35, 2698, t4=t3+(1, 5))	3	115
(2032, 19, 18, t1) & (2263, 109, 2602, t2=t1+(0, 6)) & (18, 191, 2602, t3=t2+(0, 3)) -> (2032, 109, 2032, t4=t3+(1, 3))	3	116
(2563, 165, 2244, t1) & (1386, 114, 1244, t2=t1+(0, 3)) & (1244, 199, 2244, t3=t2+(0, 4)) -> (1386, 165, 1244, t4=t3+(1, 4))	3	117
(3580, 133, 4075, t1) & (3793, 160, 1123, t2=t1+(0, 4)) & (4075, 16, 1123, t3=t2+(0, 6)) -> (1123, 133, 3580, t4=t3+(1, 3))	3	118
(4363, 156, 757, t1) & (4150, 129, 1429, t2=t1+(0, 2)) & (1429, 88, 4363, t3=t2+(0, 5)) -> (4150, 88, 4363, t4=t3+(1, 6))	3	119
(4690, 114, 4650, t1) & (4621, 31, 2367, t2=t1+(0, 4)) & (4690, 195, 2367, t3=t2+(0, 3)) -> (4690, 114, 4650, t4=t3+(1, 4))	3	120
(1245, 34, 615, t1) & (1259, 197, 1301, t2=t1+(0, 2)) & (1301, 180, 615, t3=t2+(0, 6)) -> (1259, 34, 1301, t4=t3+(1, 4))	3	121
(782, 84, 4495, t1) & (599, 99, 4405, t2=t1+(0, 7)) & (782, 85, 4405, t3=t2+(0, 3)) -> (4405, 84, 782, t4=t3+(1, 5))	3	122
(461, 97, 4587, t1) & (384, 114, 1845, t2=t1+(0, 7)) & (1845, 3, 4587, t3=t2+(0, 3)) -> (1845, 97, 384, t4=t3+(1, 2))	3	123
(1105, 79, 1602, t1) & (104, 73, 2798, t2=t1+(0, 7)) & (1602, 163, 2798, t3=t2+(0, 0)) -> (1602, 73, 2798, t4=t3+(1, 8))	3	124
(2072, 159, 2788, t1) & (996, 68, 120, t2=t1+(0, 4)) & (120, 143, 2788, t3=t2+(0, 9)) -> (996, 68, 2788, t4=t3+(1, 7))	3	125
(2832, 73, 2132, t1) & (3545, 143, 1304, t2=t1+(0, 4)) & (1304, 190, 2832, t3=t2+(0, 6)) -> (2832, 143, 2832, t4=t3+(1, 2))	3	126
(3694, 90, 1176, t1) & (2429, 168, 3542, t2=t1+(0, 9)) & (2429, 87, 1176, t3=t2+(0, 8)) -> (1176, 90, 1176, t4=t3+(1, 5))	3	127
(4258, 197, 3786, t1) & (1416, 134, 2830, t2=t1+(0, 9)) & (4258, 127, 1416, t3=t2+(0, 5)) -> (4258, 134, 1416, t4=t3+(1, 3))	3	128
(3975, 192, 1543, t1) & (805, 45, 3632, t2=t1+(0, 4)) & (3975, 170, 805, t3=t2+(0, 4)) -> (3632, 45, 3975, t4=t3+(1, 4))	3	129
(4436, 158, 2839, t1) & (3386, 57, 916, t2=t1+(0, 4)) & (3386, 159, 4436, t3=t2+(0, 5)) -> (4436, 158, 3386, t4=t3+(1, 1))	3	130
(3928, 198, 2917, t1) & (2185, 175, 2188, t2=t1+(0, 4)) & (2917, 89, 2185, t3=t2+(0, 5)) -> (2185, 175, 3928, t4=t3+(1, 2))	3	131
(1142, 38, 1233, t1) & (1858, 94, 4291, t2=t1+(0, 3)) & (4291, 13, 1233, t3=t2+(0, 4)) -> (4291, 13, 4291, t4=t3+(1, 2))	3	132
(521, 102, 381, t1) & (1573, 179, 4659, t2=t1+(0, 5)) & (1573, 68, 381, t3=t2+(0, 1)) -> (521, 102, 1573, t4=t3+(1, 7))	3	133
(2837, 171, 4032, t1) & (2500, 108, 743, t2=t1+(0, 5)) & (743, 154, 2837, t3=t2+(0, 6)) -> (2837, 171, 743, t4=t3+(1, 5))	3	134
(3906, 51, 392, t1) & (1445, 190, 4570, t2=t1+(0, 4)) & (3906, 126, 4570, t3=t2+(0, 6)) -> (4570, 51, 1445, t4=t3+(1, 2))	3	135
(3798, 153, 3252, t1) & (535, 192, 4841, t2=t1+(0, 2)) & (3798, 134, 4841, t3=t2+(0, 5)) -> (3798, 134, 3798, t4=t3+(1, 3))	3	136
(3709, 151, 1460, t1) & (4998, 43, 1182, t2=t1+(0, 6)) & (1182, 188, 1460, t3=t2+(0, 6)) -> (1460, 188, 1182, t4=t3+(1, 5))	3	137
(3069, 147, 2083, t1) & (3417, 199, 983, t2=t1+(0, 7)) & (3069, 1, 3417, t3=t2+(0, 2)) -> (3417, 147, 983, t4=t3+(1, 6))	3	138
(709, 14, 2081, t1) & (758, 88, 945, t2=t1+(0, 4)) & (2081, 190, 758, t3=t2+(0, 4)) -> (709, 190, 945, t4=t3+(1, 4))	3	139
(1228, 186, 2753, t1) & (1588, 14, 283, t2=t1+(0, 5)) & (283, 98, 1228, t3=t2+(0, 2)) -> (1228, 186, 283, t4=t3+(1, 8))	3	140
(3039, 124, 1234, t1) & (4112, 36, 4957, t2=t1+(0, 3)) & (4112, 9, 1234, t3=t2+(0, 6)) -> (4112, 36, 1234, t4=t3+(1, 5))	3	141
(1040, 93, 3305, t1) & (840, 136, 1586, t2=t1+(0, 6)) & (1586, 34, 1040, t3=t2+(0, 9)) -> (1040, 93, 3305, t4=t3+(1, 5))	3	142
(2562, 99, 1334, t1) & (3234, 104, 963, t2=t1+(0, 4)) & (3234, 185, 2562, t3=t2+(0, 2)) -> (1334, 185, 963, t4=t3+(1, 3))	3	143
(3286, 73, 4097, t1) & (2302, 139, 3263, t2=t1+(0, 1)) & (2302, 79, 3286, t3=t2+(0, 8)) -> (3263, 79, 3286, t4=t3+(1, 9))	3	144
(4375, 125, 4358, t1) & (3342, 74, 4146, t2=t1+(0, 6)) & (4375, 81, 3342, t3=t2+(0, 6)) -> (4358, 125, 4375, t4=t3+(1, 1))	3	145
(4364, 66, 4862, t1) & (2236, 83, 2105, t2=t1+(0, 4)) & (4364, 198, 2236, t3=t2+(0, 7)) -> (2236, 66, 2236, t4=t3+(1, 7))	3	146
(978, 171, 3634, t1) & (1391, 67, 577, t2=t1+(0, 4)) & (1391, 24, 3634, t3=t2+(0, 6)) -> (3634, 67, 1391, t4=t3+(1, 7))	3	147
(4026, 52, 2440, t1) & (2940, 186, 1182, t2=t1+(0, 4)) & (1182, 12, 2440, t3=t2+(0, 3)) -> (1182, 12, 2940, t4=t3+(1, 7))	3	148
(285, 68, 1986, t1) & (3718, 64, 4522, t2=t1+(0, 8)) & (3718, 97, 285, t3=t2+(0, 3)) -> (4522, 68, 1986, t4=t3+(1, 6))	3	149
(605, 5, 4918, t1) & (4882, 131, 1272, t2=t1+(0, 4)) & (4918, 184, 4882, t3=t2+(0, 5)) -> (4882, 184, 1272, t4=t3+(1, 5))	3	150
(2402, 108, 2674, t1) & (2105, 64, 1039, t2=t1+(0, 9)) & (2105, 188, 2402, t3=t2+(0, 5)) -> (1039, 108, 2402, t4=t3+(1, 4))	3	151
(1435, 32, 3662, t1) & (4179, 177, 1402, t2=t1+(0, 5)) & (3662, 70, 1402, t3=t2+(0, 2)) -> (3662, 177, 3662, t4=t3+(1, 3))	3	152
(2479, 60, 3500, t1) & (1483, 123, 1010, t2=t1+(0, 8)) & (2479, 147, 1483, t3=t2+(0, 3)) -> (1483, 147, 1010, t4=t3+(1, 6))	3	153
(635, 158, 1197, t1) & (84, 28, 204, t2=t1+(0, 2)) & (204, 111, 635, t3=t2+(0, 6)) -> (204, 158, 84, t4=t3+(1, 2))	3	154
(4170, 11, 2328, t1) & (84, 46, 4047, t2=t1+(0, 6)) & (4170, 199, 84, t3=t2+(0, 5)) -> (84, 199, 84, t4=t3+(1, 6))	3	155
(820, 179, 4852, t1) & (4588, 118, 1746, t2=t1+(0, 6)) & (4852, 104, 1746, t3=t2+(0, 4)) -> (1746, 179, 4852, t4=t3+(1, 8))	3	156
(4091, 114, 1616, t1) & (1622, 33, 4134, t2=t1+(0, 5)) & (1622, 189, 1616, t3=t2+(0, 5)) -> (1622, 33, 4134, t4=t3+(1, 3))	3	157
(1695, 152, 83, t1) & (382, 14, 1733, t2=t1+(0, 5)) & (1733, 199, 1695, t3=t2+(0, 4)) -> (83, 152, 1733, t4=t3+(1, 6))	3	158
(1813, 149, 306, t1) & (4624, 157, 4892, t2=t1+(0, 9)) & (4624, 90, 306, t3=t2+(0, 5)) -> (4624, 90, 306, t4=t3+(1, 7))	3	159
(4081, 29, 3121, t1) & (4691, 109, 4520, t2=t1+(0, 4)) & (4520, 14, 4081, t3=t2+(0, 7)) -> (3121, 109, 4081, t4=t3+(1, 9))	3	160
(4757, 186, 2236, t1) & (3171, 185, 2545, t2=t1+(0, 7)) & (3171, 76, 4757, t3=t2+(0, 4)) -> (2236, 186, 4757, t4=t3+(1, 4))	3	161
(2994, 59, 1712, t1) & (358, 190, 2285, t2=t1+(0, 4)) & (2285, 193, 2994, t3=t2+(0, 5)) -> (1712, 190, 2285, t4=t3+(1, 6))	3	162
(4849, 155, 2345, t1) & (3908, 139, 1534, t2=t1+(0, 6)) & (1534, 8, 2345, t3=t2+(0, 6)) -> (1534, 155, 1534, t4=t3+(1, 6))	3	163
(1257, 139, 2463, t1) & (4318, 76, 2494, t2=t1+(0, 4)) & (1257, 81, 4318, t3=t2+(0, 5)) -> (4318, 76, 2463, t4=t3+(1, 5))	3	164
(588, 168, 2222, t1) & (1362, 98, 639, t2=t1+(0, 3)) & (1362, 19, 2222, t3=t2+(0, 4)) -> (588, 168, 639, t4=t3+(1, 4))	3	165
(2860, 27, 3841, t1) & (206, 198, 3239, t2=t1+(0, 3)) & (2860, 166, 3239, t3=t2+(0, 8)) -> (2860, 27, 206, t4=t3+(1, 8))	3	166
(4615, 178, 17, t1) & (1205, 54, 2233, t2=t1+(0, 6)) & (4615, 173, 2233, t3=t2+(0, 8)) -> (2233, 173, 2233, t4=t3+(1, 2))	3	167
(2967, 3, 463, t1) & (2745, 17, 1045, t2=t1+(0, 4)) & (2967, 187, 1045, t3=t2+(0, 5)) -> (2967, 187, 2745, t4=t3+(1, 5))	3	168
(3605, 66, 1670, t1) & (3836, 89, 4318, t2=t1+(0, 3)) & (4318, 74, 1670, t3=t2+(0, 4)) -> (3605, 74, 4318, t4=t3+(1, 2))	3	169
(4092, 56, 4256, t1) & (4066, 32, 4182, t2=t1+(0, 6)) & (4256, 47, 4066, t3=t2+(0, 4)) -> (4092, 32, 4066, t4=t3+(1, 7))	3	170
(1773, 120, 1496, t1) & (4553, 125, 589, t2=t1+(0, 5)) & (1496, 16, 4553, t3=t2+(0, 5)) -> (4553, 120, 1773, t4=t3+(1, 6))	3	171
(3737, 136, 1692, t1) & (3426, 138, 3925, t2=t1+(0, 5)) & (3737, 61, 3925, t3=t2+(0, 3)) -> (3737, 138, 3737, t4=t3+(1, 2))	3	172
(1026, 72, 4760, t1) & (3834, 172, 4675, t2=t1+(0, 7)) & (3834, 111, 1026, t3=t2+(0, 7)) -> (1026, 111, 3834, t4=t3+(1, 3))	3	173
(2783, 9, 608, t1) & (2063, 7, 3249, t2=t1+(0, 5)) & (3249, 53, 2783, t3=t2+(0, 7)) -> (2783, 53, 3249, t4=t3+(1, 5))	3	174
(725, 175, 2843, t1) & (3173, 123, 1836, t2=t1+(0, 7)) & (725, 157, 1836, t3=t2+(0, 7)) -> (1836, 175, 1836, t4=t3+(1, 5))	3	175
(1756, 167, 1124, t1) & (1470, 17, 2132, t2=t1+(0, 4)) & (1124, 24, 2132, t3=t2+(0, 6)) -> (2132, 24, 1124, t4=t3+(1, 8))	3	176
(4528, 76, 1614, t1) & (3774, 43, 4155, t2=t1+(0, 2)) & (4155, 81, 4528, t3=t2+(0, 4)) -> (4155, 76, 4155, t4=t3+(1, 5))	3	177
(2148, 11, 3138, t1) & (2961, 140, 4228, t2=t1+(0, 5)) & (4228, 133, 3138, t3=t2+(0, 5)) -> (3138, 11, 4228, t4=t3+(1, 10))	3	178
(2960, 137, 3106, t1) & (206, 90, 2668, t2=t1+(0, 4)) & (206, 60, 2960, t3=t2+(0, 9)) -> (2960, 90, 3106, t4=t3+(1, 5))	3	179
(1191, 154, 4635, t1) & (4822, 34, 4513, t2=t1+(0, 5)) & (1191, 98, 4822, t3=t2+(0, 6)) -> (4635, 98, 1191, t4=t3+(1, 2))	3	180
(2400, 166, 3266, t1) & (3434, 132, 2279, t2=t1+(0, 9)) & (2400, 41, 3434, t3=t2+(0, 8)) -> (3266, 166, 2279, t4=t3+(1, 2))	3	181
(1271, 133, 2225, t1) & (3170, 78, 2712, t2=t1+(0, 7)) & (2225, 64, 2712, t3=t2+(0, 4)) -> (2712, 64, 3170, t4=t3+(1, 5))	3	182
(669, 50, 1909, t1) & (2313, 19, 1800, t2=t1+(0, 4)) & (669, 147, 2313, t3=t2+(0, 9)) -> (2313, 19, 1909, t4=t3+(1, 6))	3	183
(1292, 47, 3666, t1) & (1986, 69, 4767, t2=t1+(0, 4)) & (3666, 87, 4767, t3=t2+(0, 4)) -> (4767, 47, 1292, t4=t3+(1, 5))	3	184
(2146, 0, 4500, t1) & (1862, 125, 3721, t2=t1+(0, 12)) & (2146, 54, 3721, t3=t2+(0, 4)) -> (3721, 125, 3721, t4=t3+(1, 4))	3	185
(4383, 150, 1356, t1) & (4764, 52, 2727, t2=t1+(0, 5)) & (2727, 2, 1356, t3=t2+(0, 8)) -> (2727, 2, 2727, t4=t3+(1, 11))	3	186
(4937, 190, 738, t1) & (2594, 55, 705, t2=t1+(0, 8)) & (2594, 151, 4937, t3=t2+(0, 7)) -> (705, 55, 4937, t4=t3+(1, 3))	3	187
(3367, 136, 3910, t1) & (661, 0, 717, t2=t1+(0, 7)) & (661, 32, 3367, t3=t2+(0, 4)) -> (3367, 32, 3910, t4=t3+(1, 3))	3	188
(1428, 77, 3965, t1) & (3663, 168, 3106, t2=t1+(0, 3)) & (3106, 136, 1428, t3=t2+(0, 3)) -> (1428, 168, 3663, t4=t3+(1, 7))	3	189
(4235, 35, 3430, t1) & (2086, 59, 3482, t2=t1+(0, 2)) & (4235, 161, 3482, t3=t2+(0, 9)) -> (4235, 161, 4235, t4=t3+(1, 3))	3	190
(4146, 134, 227, t1) & (3381, 3, 4197, t2=t1+(0, 6)) & (227, 11, 3381, t3=t2+(0, 6)) -> (3381, 11, 3381, t4=t3+(1, 6))	3	191
(3935, 120, 2386, t1) & (4758, 16, 3136, t2=t1+(0, 3)) & (3136, 87, 3935, t3=t2+(0, 6)) -> (3136, 87, 3136, t4=t3+(1, 5))	3	192
(189, 173, 726, t1) & (1172, 43, 1648, t2=t1+(0, 6)) & (1172, 48, 189, t3=t2+(0, 5)) -> (189, 173, 1648, t4=t3+(1, 4))	3	193
(4982, 135, 4788, t1) & (1002, 187, 3944, t2=t1+(0, 4)) & (4982, 40, 3944, t3=t2+(0, 2)) -> (4982, 187, 3944, t4=t3+(1, 4))	3	194
(1748, 38, 4721, t1) & (3865, 198, 3341, t2=t1+(0, 5)) & (3341, 191, 4721, t3=t2+(0, 4)) -> (3865, 191, 4721, t4=t3+(1, 2))	3	195
(1029, 174, 4042, t1) & (2310, 82, 1293, t2=t1+(0, 5)) & (2310, 90, 4042, t3=t2+(0, 6)) -> (1293, 82, 2310, t4=t3+(1, 5))	3	196
(1676, 109, 3920, t1) & (1183, 74, 4113, t2=t1+(0, 4)) & (4113, 38, 1676, t3=t2+(0, 7)) -> (1676, 74, 1676, t4=t3+(1, 6))	3	197
(18, 9, 617, t1) & (1840, 126, 4190, t2=t1+(0, 1)) & (1840, 94, 18, t3=t2+(0, 6)) -> (1840, 9, 617, t4=t3+(1, 5))	3	198
(4356, 112, 451, t1) & (2709, 4, 4515, t2=t1+(0, 5)) & (4356, 34, 2709, t3=t2+(0, 5)) -> (2709, 34, 2709, t4=t3+(1, 2))	3	199
(4480, 138, 125, t1) & (1187, 17, 4480, t2=t1+(0, 4)) -> (1187, 17, 4480, t3=t2+(1, 9))	2	200
(4836, 193, 2851, t1) & (150, 75, 2851, t2=t1+(0, 3)) -> (2851, 193, 4836, t3=t2+(1, 3))	2	201
(3, 77, 4127, t1) & (4127, 197, 4127, t2=t1+(0, 3)) -> (3, 197, 4127, t3=t2+(1, 4))	2	202
(751, 29, 385, t1) & (385, 40, 980, t2=t1+(0, 4)) -> (751, 29, 385, t3=t2+(1, 10))	2	203
(299, 62, 945, t1) & (299, 111, 4324, t2=t1+(0, 5)) -> (4324, 62, 4324, t3=t2+(1, 9))	2	204
(4117, 50, 836, t1) & (4117, 145, 2032, t2=t1+(0, 4)) -> (4117, 145, 2032, t3=t2+(1, 4))	2	205
(1789, 188, 2340, t1) & (2340, 87, 4814, t2=t1+(0, 5)) -> (1789, 188, 2340, t3=t2+(1, 8))	2	206
(2592, 77, 3963, t1) & (3107, 4, 3963, t2=t1+(0, 6)) -> (3963, 77, 3963, t3=t2+(1, 6))	2	207
(4999, 124, 4788, t1) & (4192, 7, 4788, t2=t1+(0, 3)) -> (4192, 7, 4788, t3=t2+(1, 7))	2	208
(2530, 172, 2028, t1) & (112, 90, 2028, t2=t1+(0, 4)) -> (2530, 90, 2530, t3=t2+(1, 6))	2	209
(3920, 27, 1085, t1) & (3920, 3, 3920, t2=t1+(0, 5)) -> (3920, 3, 3920, t3=t2+(1, 3))	2	210
(1862, 116, 2718, t1) & (2718, 143, 2809, t2=t1+(0, 5)) -> (2718, 116, 2718, t3=t2+(1, 2))	2	211
(543, 106, 4558, t1) & (543, 107, 4558, t2=t1+(0, 5)) -> (543, 107, 4558, t3=t2+(1, 7))	2	212
(2239, 48, 398, t1) & (2239, 63, 398, t2=t1+(0, 3)) -> (2239, 63, 2239, t3=t2+(1, 3))	2	213
(4218, 66, 2692, t1) & (1760, 159, 2692, t2=t1+(0, 4)) -> (2692, 66, 4218, t3=t2+(1, 4))	2	214
(4060, 72, 1125, t1) & (4313, 23, 1125, t2=t1+(0, 4)) -> (4060, 72, 4313, t3=t2+(1, 3))	2	215
(2363, 121, 4836, t1) & (1574, 108, 2363, t2=t1+(0, 5)) -> (4836, 121, 2363, t3=t2+(1, 5))	2	216
(3468, 101, 3761, t1) & (3468, 80, 530, t2=t1+(0, 5)) -> (3468, 101, 3468, t3=t2+(1, 7))	2	217
(717, 92, 4586, t1) & (722, 132, 4586, t2=t1+(0, 6)) -> (4586, 132, 4586, t3=t2+(1, 8))	2	218
(4403, 79, 34, t1) & (808, 192, 4403, t2=t1+(0, 5)) -> (4403, 192, 808, t3=t2+(1, 4))	2	219
(4769, 79, 4668, t1) & (4668, 6, 4810, t2=t1+(0, 4)) -> (4668, 6, 4668, t3=t2+(1, 9))	2	220
(3192, 180, 1571, t1) & (1571, 165, 3683, t2=t1+(0, 4)) -> (1571, 180, 1571, t3=t2+(1, 1))	2	221
(4167, 173, 4189, t1) & (2367, 45, 4167, t2=t1+(0, 5)) -> (2367, 45, 4167, t3=t2+(1, 3))	2	222
(2554, 41, 540, t1) & (2554, 115, 3503, t2=t1+(0, 4)) -> (2554, 41, 2554, t3=t2+(1, 4))	2	223
(4979, 42, 0, t1) & (4979, 33, 4979, t2=t1+(0, 4)) -> (4979, 33, 0, t3=t2+(1, 6))	2	224
(1881, 9, 4340, t1) & (4304, 31, 4340, t2=t1+(0, 4)) -> (4340, 31, 4340, t3=t2+(1, 3))	2	225
(2497, 98, 2792, t1) & (2792, 101, 2041, t2=t1+(0, 3)) -> (2792, 101, 2041, t3=t2+(1, 4))	2	226
(3796, 53, 3354, t1) & (4796, 191, 3354, t2=t1+(0, 2)) -> (3796, 191, 3796, t3=t2+(1, 3))	2	227
(502, 172, 3395, t1) & (3395, 131, 1671, t2=t1+(0, 2)) -> (1671, 131, 3395, t3=t2+(1, 11))	2	228
(2470, 100, 2382, t1) & (1444, 187, 2382, t2=t1+(0, 11)) -> (2470, 187, 1444, t3=t2+(1, 3))	2	229
(2355, 85, 1090, t1) & (1894, 146, 2355, t2=t1+(0, 4)) -> (1894, 85, 2355, t3=t2+(1, 7))	2	230
(4389, 9, 1804, t1) & (4389, 145, 1804, t2=t1+(0, 4)) -> (4389, 9, 4389, t3=t2+(1, 4))	2	231
(4130, 158, 3711, t1) & (4130, 55, 4946, t2=t1+(0, 5)) -> (3711, 55, 4130, t3=t2+(1, 4))	2	232
(399, 189, 744, t1) & (4949, 82, 744, t2=t1+(0, 3)) -> (744, 189, 4949, t3=t2+(1, 2))	2	233
(4455, 87, 915, t1) & (4455, 35, 915, t2=t1+(0, 8)) -> (915, 87, 4455, t3=t2+(1, 6))	2	234
(1643, 161, 93, t1) & (3793, 3, 1643, t2=t1+(0, 5)) -> (93, 3, 93, t3=t2+(1, 4))	2	235
(3060, 34, 3237, t1) & (3060, 164, 20, t2=t1+(0, 4)) -> (3237, 164, 3237, t3=t2+(1, 5))	2	236
(496, 95, 1523, t1) & (1523, 87, 2921, t2=t1+(0, 9)) -> (496, 95, 1523, t3=t2+(1, 3))	2	237
(1409, 165, 1927, t1) & (1927, 107, 1409, t2=t1+(0, 3)) -> (1927, 165, 1409, t3=t2+(1, 6))	2	238
(3202, 151, 674, t1) & (674, 129, 674, t2=t1+(0, 7)) -> (674, 151, 674, t3=t2+(1, 8))	2	239
(3085, 15, 581, t1) & (3085, 72, 3085, t2=t1+(0, 1)) -> (3085, 72, 581, t3=t2+(1, 3))	2	240
(1520, 50, 3119, t1) & (3119, 12, 1520, t2=t1+(0, 5)) -> (1520, 12, 1520, t3=t2+(1, 3))	2	241
(1747, 176, 1058, t1) & (1782, 129, 1747, t2=t1+(0, 8)) -> (1058, 176, 1747, t3=t2+(1, 3))	2	242
(3230, 105, 2329, t1) & (3230, 86, 2072, t2=t1+(0, 5)) -> (3230, 86, 3230, t3=t2+(1, 3))	2	243
(229, 172, 1924, t1) & (4895, 83, 1924, t2=t1+(0, 6)) -> (1924, 83, 4895, t3=t2+(1, 4))	2	244
(4719, 152, 1208, t1) & (1208, 94, 1208, t2=t1+(0, 4)) -> (1208, 152, 1208, t3=t2+(1, 5))	2	245
(791, 28, 1178, t1) & (4576, 140, 1178, t2=t1+(0, 4)) -> (1178, 140, 1178, t3=t2+(1, 7))	2	246
(1540, 94, 1477, t1) & (2847, 166, 1477, t2=t1+(0, 2)) -> (2847, 166, 1477, t3=t2+(1, 5))	2	247
(2778, 153, 1327, t1) & (2778, 6, 2765, t2=t1+(0, 7)) -> (2765, 6, 2765, t3=t2+(1, 7))	2	248
(1311, 165, 2926, t1) & (3495, 79, 1311, t2=t1+(0, 5)) -> (1311, 79, 3495, t3=t2+(1, 2))	2	249
(3519, 111, 1259, t1) & (1259, 178, 1259, t2=t1+(0, 3)) -> (3519, 178, 1259, t3=t2+(1, 4))	2	250
(777, 186, 1924, t1) & (771, 151, 777, t2=t1+(0, 4)) -> (777, 186, 777, t3=t2+(1, 6))	2	251
(787, 178, 596, t1) & (787, 146, 596, t2=t1+(0, 8)) -> (787, 146, 596, t3=t2+(1, 4))	2	252
(1061, 107, 3398, t1) & (3398, 65, 1010, t2=t1+(0, 12)) -> (1010, 65, 3398, t3=t2+(1, 4))	2	253
(3596, 83, 3963, t1) & (3596, 74, 3963, t2=t1+(0, 5)) -> (3963, 83, 3963, t3=t2+(1, 3))	2	254
(4279, 78, 4877, t1) & (4877, 97, 4249, t2=t1+(0, 3)) -> (4877, 97, 4877, t3=t2+(1, 5))	2	255
(3574, 56, 509, t1) & (3574, 137, 1129, t2=t1+(0, 7)) -> (3574, 137, 3574, t3=t2+(1, 3))	2	256
(4692, 180, 1804, t1) & (1804, 27, 3973, t2=t1+(0, 4)) -> (3973, 27, 4692, t3=t2+(1, 9))	2	257
(4003, 112, 1426, t1) & (1426, 109, 4544, t2=t1+(0, 2)) -> (4003, 109, 1426, t3=t2+(1, 6))	2	258
(4578, 95, 1184, t1) & (1184, 0, 4578, t2=t1+(0, 6)) -> (4578, 95, 1184, t3=t2+(1, 3))	2	259
(3035, 194, 2417, t1) & (3035, 4, 2417, t2=t1+(0, 9)) -> (2417, 4, 3035, t3=t2+(1, 4))	2	260
(4592, 73, 644, t1) & (4592, 79, 2047, t2=t1+(0, 8)) -> (4592, 73, 4592, t3=t2+(1, 9))	2	261
(1274, 131, 4280, t1) & (4280, 27, 1274, t2=t1+(0, 4)) -> (4280, 27, 1274, t3=t2+(1, 7))	2	262
(3240, 193, 4063, t1) & (3240, 30, 4063, t2=t1+(0, 4)) -> (3240, 193, 4063, t3=t2+(1, 3))	2	263
(4744, 160, 4171, t1) & (856, 138, 4171, t2=t1+(0, 7)) -> (4171, 138, 4744, t3=t2+(1, 6))	2	264
(3138, 198, 3868, t1) & (3138, 136, 2980, t2=t1+(0, 5)) -> (3138, 198, 3138, t3=t2+(1, 2))	2	265
(1714, 58, 2449, t1) & (2449, 104, 2449, t2=t1+(0, 9)) -> (1714, 58, 2449, t3=t2+(1, 6))	2	266
(1865, 142, 4343, t1) & (1865, 50, 1519, t2=t1+(0, 4)) -> (1519, 142, 4343, t3=t2+(1, 4))	2	267
(2934, 188, 4711, t1) & (2934, 118, 2934, t2=t1+(0, 8)) -> (2934, 188, 2934, t3=t2+(1, 5))	2	268
(12, 81, 1487, t1) & (12, 90, 12, t2=t1+(0, 4)) -> (1487, 90, 12, t3=t2+(1, 5))	2	269
(2056, 13, 3030, t1) & (2056, 54, 2056, t2=t1+(0, 6)) -> (2056, 54, 2056, t3=t2+(1, 8))	2	270
(4693, 157, 885, t1) & (4693, 74, 1988, t2=t1+(0, 5)) -> (4693, 157, 4693, t3=t2+(1, 6))	2	271
(3271, 173, 139, t1) & (3271, 120, 1244, t2=t1+(0, 6)) -> (3271, 120, 1244, t3=t2+(1, 8))	2	272
(39, 87, 3653, t1) & (39, 112, 1373, t2=t1+(0, 2)) -> (39, 87, 3653, t3=t2+(1, 8))	2	273
(652, 148, 3702, t1) & (3702, 92, 1729, t2=t1+(0, 2)) -> (3702, 92, 3702, t3=t2+(1, 9))	2	274
(918, 44, 4810, t1) & (918, 93, 918, t2=t1+(0, 4)) -> (918, 44, 918, t3=t2+(1, 3))	2	275
(334, 194, 2512, t1) & (334, 177, 4293, t2=t1+(0, 5)) -> (334, 177, 334, t3=t2+(1, 5))	2	276
(4561, 93, 1932, t1) & (2261, 3, 1932, t2=t1+(0, 5)) -> (1932, 3, 1932, t3=t2+(1, 6))	2	277
(3199, 13, 430, t1) & (3199, 39, 3199, t2=t1+(0, 4)) -> (3199, 39, 3199, t3=t2+(1, 1))	2	278
(172, 49, 217, t1) & (172, 94, 172, t2=t1+(0, 5)) -> (172, 94, 172, t3=t2+(1, 1))	2	279
(4210, 157, 333, t1) & (333, 69, 709, t2=t1+(0, 7)) -> (4210, 157, 333, t3=t2+(1, 9))	2	280
(4908, 107, 4790, t1) & (3230, 101, 4790, t2=t1+(0, 6)) -> (4790, 101, 4790, t3=t2+(1, 7))	2	281
(1202, 50, 1392, t1) & (1393, 123, 1202, t2=t1+(0, 4)) -> (1393, 123, 1202, t3=t2+(1, 3))	2	282
(3358, 165, 2668, t1) & (2668, 142, 3358, t2=t1+(0, 3)) -> (3358, 142, 3358, t3=t2+(1, 2))	2	283
(3774, 88, 2970, t1) & (2615, 107, 3774, t2=t1+(0, 5)) -> (3774, 107, 2615, t3=t2+(1, 4))	2	284
(2595, 83, 3494, t1) & (3494, 196, 2640, t2=t1+(0, 3)) -> (2595, 83, 2640, t3=t2+(1, 7))	2	285
(1717, 57, 3628, t1) & (1717, 132, 4755, t2=t1+(0, 5)) -> (3628, 57, 3628, t3=t2+(1, 3))	2	286
(779, 106, 3460, t1) & (1580, 27, 3460, t2=t1+(0, 5)) -> (1580, 27, 3460, t3=t2+(1, 7))	2	287
(2341, 172, 3338, t1) & (1861, 199, 2341, t2=t1+(0, 5)) -> (2341, 172, 2341, t3=t2+(1, 2))	2	288
(4432, 70, 3581, t1) & (3581, 158, 3953, t2=t1+(0, 8)) -> (3953, 158, 4432, t3=t2+(1, 2))	2	289
(1969, 131, 3930, t1) & (4473, 118, 1969, t2=t1+(0, 3)) -> (3930, 131, 1969, t3=t2+(1, 6))	2	290
(3531, 63, 2474, t1) & (3531, 48, 441, t2=t1+(0, 4)) -> (3531, 48, 2474, t3=t2+(1, 5))	2	291
(3972, 171, 4933, t1) & (4933, 177, 3972, t2=t1+(0, 5)) -> (4933, 171, 4933, t3=t2+(1, 4))	2	292
(2905, 54, 3851, t1) & (2905, 164, 2808, t2=t1+(0, 6)) -> (2905, 54, 3851, t3=t2+(1, 5))	2	293
(3402, 64, 196, t1) & (2681, 54, 3402, t2=t1+(0, 5)) -> (3402, 54, 3402, t3=t2+(1, 4))	2	294
(4837, 43, 3191, t1) & (1984, 14, 3191, t2=t1+(0, 4)) -> (3191, 14, 1984, t3=t2+(1, 1))	2	295
(1617, 46, 1928, t1) & (1928, 81, 3455, t2=t1+(0, 4)) -> (1928, 81, 1928, t3=t2+(1, 2))	2	296
(4244, 11, 3312, t1) & (1044, 167, 4244, t2=t1+(0, 9)) -> (3312, 11, 1044, t3=t2+(1, 6))	2	297
(4094, 39, 4328, t1) & (4328, 13, 2996, t2=t1+(0, 3)) -> (4094, 39, 4328, t3=t2+(1, 9))	2	298
(1197, 153, 1579, t1) & (1579, 35, 1579, t2=t1+(0, 1)) -> (1579, 153, 1579, t3=t2+(1, 2))	2	299
(369, 65, 2145, t1) -> (2145, 65, 369, t2=t1+(1, 5))	1	300
(3046, 37, 341, t1) -> (3046, 37, 341, t2=t1+(1, 7))	1	301
(1072, 8, 3883, t1) -> (1072, 8, 3883, t2=t1+(1, 7))	1	302
(4193, 11, 3253, t1) -> (4193, 11, 3253, t2=t1+(1, 7))	1	303
(3975, 39, 264, t1) -> (264, 39, 264, t2=t1+(1, 8))	1	304
(3535, 187, 2351, t1) -> (2351, 187, 3535, t2=t1+(1, 3))	1	305
(239, 122, 1697, t1) -> (1697, 122, 239, t2=t1+(1, 6))	1	306
(4266, 150, 2810, t1) -> (4266, 150, 4266, t2=t1+(1, 7))	1	307
(98, 178, 1855, t1) -> (1855, 178, 1855, t2=t1+(1, 7))	1	308
(2302, 170, 3206, t1) -> (2302, 170, 2302, t2=t1+(1, 4))	1	309
(4701, 60, 4110, t1) -> (4701, 60, 4701, t2=t1+(1, 4))	1	310
(3416, 184, 1005, t1) -> (1005, 184, 1005, t2=t1+(1, 4))	1	311
(385, 163, 3161, t1) -> (385, 163, 3161, t2=t1+(1, 3))	1	312
(2314, 19, 3619, t1) -> (3619, 19, 2314, t2=t1+(1, 4))	1	313
(473, 114, 604, t1) -> (473, 114, 604, t2=t1+(1, 5))	1	314
(1059, 196, 917, t1) -> (917, 196, 1059, t2=t1+(1, 5))	1	315
(3417, 95, 3550, t1) -> (3417, 95, 3417, t2=t1+(1, 4))	1	316
(2043, 35, 286, t1) -> (2043, 35, 2043, t2=t1+(1, 3))	1	317
(910, 199, 2351, t1) -> (910, 199, 910, t2=t1+(1, 1))	1	318
(144, 150, 669, t1) -> (669, 150, 669, t2=t1+(1, 2))	1	319
(2865, 9, 1115, t1) -> (1115, 9, 1115, t2=t1+(1, 6))	1	320
(3208, 41, 4331, t1) -> (4331, 41, 3208, t2=t1+(1, 3))	1	321
(4365, 7, 3509, t1) -> (3509, 7, 3509, t2=t1+(1, 9))	1	322
(3935, 194, 1624, t1) -> (3935, 194, 3935, t2=t1+(1, 8))	1	323
(4152, 24, 2191, t1) -> (4152, 24, 4152, t2=t1+(1, 5))	1	324
(1855, 179, 4916, t1) -> (1855, 179, 1855, t2=t1+(1, 4))	1	325
(703, 148, 2205, t1) -> (2205, 148, 2205, t2=t1+(1, 5))	1	326
(358, 109, 4151, t1) -> (4151, 109, 358, t2=t1+(1, 5))	1	327
(3301, 113, 828, t1) -> (3301, 113, 828, t2=t1+(1, 4))	1	328
(798, 30, 3283, t1) -> (798, 30, 798, t2=t1+(1, 5))	1	329
(2008, 147, 1145, t1) -> (1145, 147, 1145, t2=t1+(1, 6))	1	330
(1487, 100, 3787, t1) -> (3787, 100, 3787, t2=t1+(1, 6))	1	331
(3907, 139, 3262, t1) -> (3907, 139, 3907, t2=t1+(1, 6))	1	332
(3074, 30, 4897, t1) -> (4897, 30, 3074, t2=t1+(1, 6))	1	333
(1751, 37, 3443, t1) -> (3443, 37, 3443, t2=t1+(1, 3))	1	334
(2992, 104, 3766, t1) -> (2992, 104, 3766, t2=t1+(1, 5))	1	335
(2291, 114, 673, t1) -> (2291, 114, 2291, t2=t1+(1, 3))	1	336
(3294, 71, 365, t1) -> (3294, 71, 3294, t2=t1+(1, 4))	1	337
(3867, 33, 1234, t1) -> (3867, 33, 3867, t2=t1+(1, 6))	1	338
(1261, 172, 2459, t1) -> (1261, 172, 1261, t2=t1+(1, 7))	1	339
(3295, 31, 892, t1) -> (3295, 31, 3295, t2=t1+(1, 5))	1	340
(1542, 117, 2359, t1) -> (1542, 117, 1542, t2=t1+(1, 3))	1	341
(106, 128, 3663, t1) -> (106, 128, 106, t2=t1+(1, 3))	1	342
(4320, 97, 351, t1) -> (4320, 97, 351, t2=t1+(1, 5))	1	343
(3566, 143, 2625, t1) -> (2625, 143, 3566, t2=t1+(1, 7))	1	344
(4052, 163, 270, t1) -> (270, 163, 4052, t2=t1+(1, 6))	1	345
(2193, 46, 1815, t1) -> (2193, 46, 2193, t2=t1+(1, 9))	1	346
(1759, 13, 2249, t1) -> (1759, 13, 1759, t2=t1+(1, 6))	1	347
(3748, 78, 2760, t1) -> (3748, 78, 2760, t2=t1+(1, 6))	1	348
(1981, 182, 849, t1) -> (1981, 182, 849, t2=t1+(1, 6))	1	349
