(3760, 3, 15, t1) & (1893, 21, 3564, t2=t1+(0, 7)) & (3564, 182, 3760, t3=t2+(0, 4)) -> (3760, 21, 1893, t4=t3+(1, 3))	3	0
(2442, 121, 1491, t1) & (4943, 171, 3468, t2=t1+(0, 4)) & (4943, 58, 1491, t3=t2+(0, 3)) -> (3468, 58, 4943, t4=t3+(1, 8))	3	1
(2490, 160, 334, t1) & (229, 83, 3375, t2=t1+(0, 5)) & (3375, 50, 2490, t3=t2+(0, 1)) -> (3375, 160, 3375, t4=t3+(1, 10))	3	2
(4163, 17, 4159, t1) & (2194, 51, 4775, t2=t1+(0, 6)) & (4775, 19, 4159, t3=t2+(0, 5)) -> (2194, 17, 4159, t4=t3+(1, 3))	3	3
(3792, 144, 2851, t1) & (83, 27, 723, t2=t1+(0, 1)) & (2851, 29, 83, t3=t2+(0, 2)) -> (2851, 27, 2851, t4=t3+(1, 4))	3	4
(3076, 185, 4627, t1) & (4088, 194, 521, t2=t1+(0, 4)) & (3076, 79, 521, t3=t2+(0, 6)) -> (3076, 185, 521, t4=t3+(1, 7))	3	5
(2816, 109, 1249, t1) & (1195, 5, 4535, t2=t1+(0, 3)) & (1249, 13, 4535, t3=t2+(0, 5)) -> (4535, 109, 1195, t4=t3+(1, 1))	3	6
(1556, 151, 3097, t1) & (4662, 184, 3630, t2=t1+(0, 7)) & (4662, 142, 1556, t3=t2+(0, 4)) -> (1556, 142, 4662, t4=t3+(1, 2))	3	7
(485, 55, 2422, t1) & (4401, 191, 3147, t2=t1+(0, 5)) & (4401, 183, 485, t3=t2+(0, 4)) -> (485, 55, 2422, t4=t3+(1, 4))	3	8
(681, 131, 2524, t1) & (1812, 179, 417, t2=t1+(0, 5)) & (681, 122, 1812, t3=t2+(0, 2)) -> (681, 122, 681, t4=t3+(1, 3))	3	9
(4042, 48, 3997, t1) & (1616, 21, 3650, t2=t1+(0, 4)) & (3997, 141, 3650, t3=t2+(0, 3)) -> (4042, 21, 3650, t4=t3+(1, 4))	3	10
(2193, 178, 4438, t1) & (3195, 18, 3748, t2=t1+(0, 5)) & (3195, 139, 4438, t3=t2+(0, 9)) -> (3748, 139, 3195, t4=t3+(1, 6))	3	11
(2401, 52, 21, t1) & (2828, 43, 3225, t2=t1+(0, 4)) & (2828, 2, 21, t3=t2+(0, 5)) -> (21, 43, 2828, t4=t3+(1, 1))	3	12
(3428, 138, 4311, t1) & (1268, 39, 1809, t2=t1+(0, 7)) & (1268, 49, 4311, t3=t2+(0, 4)) -> (3428, 138, 4311, t4=t3+(1, 4))	3	13
(4928, 85, 4287, t1) & (4015, 138, 728, t2=t1+(0, 7)) & (4287, 158, 728, t3=t2+(0, 3)) -> (4015, 138, 728, t4=t3+(1, 3))	3	14
(1598, 25, 4095, t1) & (4817, 135, 3000, t2=t1+(0, 5)) & (4095, 0, 3000, t3=t2+(0, 4)) -> (3000, 135, 3000, t4=t3+(1, 5))	3	15
(4150, 47, 1409, t1) & (111, 46, 2883, t2=t1+(0, 4)) & (111, 136, 4150, t3=t2+(0, 3)) -> (111, 136, 4150, t4=t3+(1, 7))	3	16
(3995, 153, 3831, t1) & (1726, 136, 1631, t2=t1+(0, 10)) & (3831, 106, 1726, t3=t2+(0, 8)) -> (3831, 136, 1631, t4=t3+(1, 5))	3	17
(371, 109, 3912, t1) & (895, 114, 2577, t2=t1+(0, 4)) & (2577, 121, 371, t3=t2+(0, 8)) -> (2577, 114, 895, t4=t3+(1, 7))	3	18
(1677, 44, 4337, t1) & (3883, 116, 1884, t2=t1+(0, 4)) & (1677, 161, 3883, t3=t2+(0, 2)) -> (1884, 44, 4337, t4=t3+(1, 3))	3	19
(2175, 87, 22, t1) & (23, 138, 782, t2=t1+(0, 2)) & (2175, 40, 782, t3=t2+(0, 3)) -> (22, 138, 23, t4=t3+(1, 4))	3	20
(640, 129, 155, t1) & (3031, 65, 4546, t2=t1+(0, 3)) & (155, 170, 4546, t3=t2+(0, 6)) -> (3031, 170, 4546, t4=t3+(1, 6))	3	21
(1771, 161, 2291, t1) & (2822, 3, 3811, t2=t1+(0, 5)) & (3811, 71, 2291, t3=t2+(0, 4)) -> (2822, 3, 2291, t4=t3+(1, 8))	3	22
(2225, 74, 1620, t1) & (4920, 158, 2723, t2=t1+(0, 3)) & (2723, 164, 1620, t3=t2+(0, 6)) -> (2723, 74, 2723, t4=t3+(1, 8))	3	23
(3362, 85, 2820, t1) & (4097, 2, 2833, t2=t1+(0, 5)) & (4097, 182, 2820, t3=t2+(0, 2)) -> (3362, 2, 2820, t4=t3+(1, 3))	3	24
(2896, 74, 3831, t1) & (4288, 23, 3342, t2=t1+(0, 10)) & (3342, 85, 2896, t3=t2+(0, 5)) -> (4288, 23, 2896, t4=t3+(1, 4))	3	25
(4439, 161, 4472, t1) & (2212, 94, 2677, t2=t1+(0, 7)) & (4472, 116, 2677, t3=t2+(0, 5)) -> (4439, 116, 4439, t4=t3+(1, 6))	3	26
(1259, 33, 2726, t1) & (3786, 64, 2727, t2=t1+(0, 3)) & (2726, 187, 3786, t3=t2+(0, 5)) -> (3786, 64, 3786, t4=t3+(1, 4))	3	27
(1048, 128, 3973, t1) & (3292, 32, 1414, t2=t1+(0, 6)) & (1048, 139, 1414, t3=t2+(0, 4)) -> (3292, 128, 1048, t4=t3+(1, 7))	3	28
(1251, 98, 1012, t1) & (409, 59, 717, t2=t1+(0, 6)) & (409, 30, 1012, t3=t2+(0, 4)) -> (717, 30, 1012, t4=t3+(1, 2))	3	29
(428, 80, 172, t1) & (1900, 78, 4566, t2=t1+(0, 4)) & (1900, 105, 172, t3=t2+(0, 1)) -> (172, 80, 4566, t4=t3+(1, 6))	3	30
(1984, 156, 4554, t1) & (4364, 41, 2009, t2=t1+(0, 5)) & (4554, 190, 4364, t3=t2+(0, 6)) -> (1984, 156, 4364, t4=t3+(1, 4))	3	31
(780, 0, 4030, t1) & (2660, 173, 1305, t2=t1+(0, 5)) & (1305, 79, 4030, t3=t2+(0, 4)) -> (780, 0, 4030, t4=t3+(1, 6))	3	32
(858, 186, 4539, t1) & (749, 81, 4346, t2=t1+(0, 4)) & (4539, 158, 749, t3=t2+(0, 7)) -> (4539, 158, 749, t4=t3+(1, 3))	3	33
(4040, 128, 1397, t1) & (3643, 173, 2424, t2=t1+(0, 4)) & (4040, 54, 2424, t3=t2+(0, 5)) -> (4040, 173, 2424, t4=t3+(1, 9))	3	34
(3437, 37, 613, t1) & (3348, 49, 2028, t2=t1+(0, 4)) & (3437, 7, 3348, t3=t2+(0, 2)) -> (3348, 37, 3348, t4=t3+(1, 4))	3	35
(1011, 192, 283, t1) & (2617, 103, 1893, t2=t1+(0, 9)) & (1011, 91, 1893, t3=t2+(0, 2)) -> (1011, 103, 2617, t4=t3+(1, 7))	3	36
(4009, 90, 4852, t1) & (1738, 107, 2615, t2=t1+(0, 2)) & (4852, 129, 2615, t3=t2+(0, 3)) -> (2615, 107, 4852, t4=t3+(1, 6))	3	37
(3562, 77, 2369, t1) & (4583, 100, 3806, t2=t1+(0, 4)) & (4583, 168, 2369, t3=t2+(0, 3)) -> (2369, 77, 3806, t4=t3+(1, 5))	3	38
(4202, 151, 2039, t1) & (22, 71, 1474, t2=t1+(0, 4)) & (4202, 16, 1474, t3=t2+(0, 9)) -> (22, 151, 1474, t4=t3+(1, 2))	3	39
(3853, 130, 4805, t1) & (121, 130, 4398, t2=t1+(0, 6)) & (3853, 20, 121, t3=t2+(0, 7)) -> (121, 130, 3853, t4=t3+(1, 2))	3	40
(1935, 59, 4108, t1) & (2403, 148, 1128, t2=t1+(0, 7)) & (4108, 47, 2403, t3=t2+(0, 5)) -> (1128, 148, 1128, t4=t3+(1, 5))	3	41
(4149, 155, 3051, t1) & (2326, 106, 4305, t2=t1+(0, 8)) & (2326, 154, 3051, t3=t2+(0, 9)) -> (2326, 106, 4149, t4=t3+(1, 4))	3	42
(4335, 99, 1671, t1) & (117, 35, 2416, t2=t1+(0, 3)) & (4335, 47, 117, t3=t2+(0, 5)) -> (117, 47, 4335, t4=t3+(1, 2))	3	43
(763, 166, 597, t1) & (573, 69, 4212, t2=t1+(0, 4)) & (763, 134, 4212, t3=t2+(0, 2)) -> (4212, 166, 763, t4=t3+(1, 6))	3	44
(69, 132, 582, t1) & (2993, 72, 1112, t2=t1+(0, 4)) & (1112, 115, 69, t3=t2+(0, 7)) -> (69, 72, 69, t4=t3+(1, 4))	3	45
(3856, 152, 1851, t1) & (3474, 40, 3880, t2=t1+(0, 6)) & (3474, 197, 3856, t3=t2+(0, 5)) -> (3856, 40, 3474, t4=t3+(1, 3))	3	46
(2334, 181, 3776, t1) & (558, 12, 1492, t2=t1+(0, 5)) & (1492, 95, 2334, t3=t2+(0, 4)) -> (1492, 95, 2334, t4=t3+(1, 4))	3	47
(4052, 50, 4390, t1) & (1722, 115, 3523, t2=t1+(0, 7)) & (4390, 81, 3523, t3=t2+(0, 5)) -> (4390, 50, 4052, t4=t3+(1, 4))	3	48
(4944, 89, 3800, t1) & (3490, 66, 769, t2=t1+(0, 3)) & (4944, 50, 3490, t3=t2+(0, 7)) -> (4944, 50, 3490, t4=t3+(1, 10))	3	49
(1704, 196, 1273, t1) & (2373, 20, 2572, t2=t1+(0, 3)) & (2373, 38, 1273, t3=t2+(0, 4)) -> (2373, 38, 2572, t4=t3+(1, 5))	3	50
(1872, 192, 2759, t1) & (490, 75, 1908, t2=t1+(0, 12)) & (2759, 189, 490, t3=t2+(0, 6)) -> (1872, 189, 2759, t4=t3+(1, 2))	3	51
(964, 43, 81, t1) & (1279, 195, 3136, t2=t1+(0, 7)) & (81, 44, 3136, t3=t2+(0, 3)) -> (964, 44, 81, t4=t3+(1, 2))	3	52
(4890, 124, 833, t1) & (2894, 9, 1987, t2=t1+(0, 4)) & (833, 7, 2894, t3=t2+(0, 5)) -> (2894, 9, 2894, t4=t3+(1, 6))	3	53
(3847, 29, 3350, t1) & (1844, 189, 4626, t2=t1+(0, 7)) & (3847, 19, 4626, t3=t2+(0, 2)) -> (3847, 19, 4626, t4=t3+(1, 4))	3	54
(3448, 19, 1520, t1) & (2146, 160, 3814, t2=t1+(0, 3)) & (3814, 72, 3448, t3=t2+(0, 4)) -> (1520, 72, 3814, t4=t3+(1, 6))	3	55
(516, 3, 3346, t1) & (1810, 91, 130, t2=t1+(0, 5)) & (1810, 158, 516, t3=t2+(0, 7)) -> (516, 3, 1810, t4=t3+(1, 8))	3	56
(2426, 157, 300, t1) & (4380, 57, 2043, t2=t1+(0, 9)) & (4380, 37, 300, t3=t2+(0, 2)) -> (300, 157, 300, t4=t3+(1, 5))	3	57
(400, 73, 3541, t1) & (3051, 25, 1282, t2=t1+(0, 8)) & (400, 54, 3051, t3=t2+(0, 2)) -> (400, 54, 400, t4=t3+(1, 6))	3	58
(3742, 98, 4050, t1) & (1167, 70, 464, t2=t1+(0, 4)) & (3742, 146, 1167, t3=t2+(0, 7)) -> (1167, 146, 1167, t4=t3+(1, 6))	3	59
(4605, 81, 4879, t1) & (1083, 73, 2902, t2=t1+(0, 4)) & (1083, 132, 4605, t3=t2+(0, 1)) -> (4605, 73, 4605, t4=t3+(1, 5))	3	60
(1772, 180, 4870, t1) & (4365, 92, 876, t2=t1+(0, 9)) & (876, 67, 1772, t3=t2+(0, 2)) -> (876, 180, 4365, t4=t3+(1, 4))	3	61
(483, 10, 2017, t1) & (903, 84, 2400, t2=t1+(0, 3)) & (2017, 160, 903, t3=t2+(0, 8)) -> (2017, 10, 2017, t4=t3+(1, 8))	3	62
(3502, 37, 2887, t1) & (3897, 25, 3826, t2=t1+(0, 5)) & (3502, 89, 3897, t3=t2+(0, 4)) -> (3826, 37, 3897, t4=t3+(1, 3))	3	63
(242, 82, 3845, t1) & (3985, 104, 3714, t2=t1+(0, 8)) & (3985, 102, 3845, t3=t2+(0, 7)) -> (3985, 82, 3845, t4=t3+(1, 1))	3	64
(4376, 172, 1213, t1) & (785, 189, 1119, t2=t1+(0, 1)) & (1213, 183, 785, t3=t2+(0, 6)) -> (1119, 183, 1119, t4=t3+(1, 6))	3	65
(1431, 38, 848, t1) & (3177, 99, 3440, t2=t1+(0, 2)) & (848, 12, 3177, t3=t2+(0, 5)) -> (848, 99, 3440, t4=t3+(1, 6))	3	66
(4591, 188, 4342, t1) & (2786, 149, 2244, t2=t1+(0, 7)) & (2786, 141, 4342, t3=t2+(0, 4)) -> (4342, 188, 2786, t4=t3+(1, 3))	3	67
(4063, 199, 4743, t1) & (846, 12, 2341, t2=t1+(0, 4)) & (846, 196, 4063, t3=t2+(0, 5)) -> (846, 12, 846, t4=t3+(1, 5))	3	68
(70, 57, 3818, t1) & (2845, 106, 2259, t2=t1+(0, 6)) & (3818, 155, 2259, t3=t2+(0, 3)) -> (2259, 155, 3818, t4=t3+(1, 5))	3	69
(1689, 197, 3069, t1) & (1855, 184, 1247, t2=t1+(0, 3)) & (1689, 159, 1855, t3=t2+(0, 2)) -> (1855, 197, 1689, t4=t3+(1, 1))	3	70
(3354, 136, 791, t1) & (2149, 41, 1765, t2=t1+(0, 5)) & (3354, 89, 1765, t3=t2+(0, 7)) -> (3354, 136, 1765, t4=t3+(1, 6))	3	71
(1390, 79, 1889, t1) & (4383, 123, 4198, t2=t1+(0, 5)) & (4198, 167, 1889, t3=t2+(0, 5)) -> (1889, 79, 1390, t4=t3+(1, 3))	3	72
(3446, 10, 4631, t1) & (3691, 24, 838, t2=t1+(0, 4)) & (3446, 19, 838, t3=t2+(0, 4)) -> (3446, 19, 3446, t4=t3+(1, 8))	3	73
(3508, 59, 900, t1) & (4983, 11, 4086, t2=t1+(0, 5)) & (3508, 195, 4086, t3=t2+(0, 7)) -> (900, 195, 4086, t4=t3+(1, 10))	3	74
(4926, 34, 1788, t1) & (4863, 52, 540, t2=t1+(0, 5)) & (1788, 15, 540, t3=t2+(0, 6)) -> (4863, 52, 4863, t4=t3+(1, 8))	3	75
(3273, 69, 4640, t1) & (160, 58, 4844, t2=t1+(0, 5)) & (3273, 156, 4844, t3=t2+(0, 9)) -> (160, 156, 160, t4=t3+(1, 3))	3	76
(2813, 85, 4820, t1) & (1839, 83, 3168, t2=t1+(0, 6)) & (4820, 183, 3168, t3=t2+(0, 3)) -> (3168, 85, 2813, t4=t3+(1, 4))	3	77
(986, 193, 962, t1) & (462, 48, 279, t2=t1+(0, 6)) & (986, 18, 279, t3=t2+(0, 3)) -> (986, 193, 986, t4=t3+(1, 2))	3	78
(1369, 177, 3616, t1) & (127, 18, 1258, t2=t1+(0, 7)) & (1258, 49, 1369, t3=t2+(0, 8)) -> (1369, 49, 1258, t4=t3+(1, 7))	3	79
(2831, 193, 1207, t1) & (3449, 121, 3711, t2=t1+(0, 4)) & (1207, 127, 3449, t3=t2+(0, 4)) -> (2831, 121, 1207, t4=t3+(1, 6))	3	80
(4644, 59, 901, t1) & (3669, 54, 1792, t2=t1+(0, 1)) & (1792, 106, 901, t3=t2+(0, 8)) -> (1792, 54, 901, t4=t3+(1, 4))	3	81
(652, 182, 3779, t1) & (1342, 154, 4103, t2=t1+(0, 3)) & (652, 54, 1342, t3=t2+(0, 7)) -> (1342, 54, 652, t4=t3+(1, 6))	3	82
(3122, 157, 1157, t1) & (4171, 102, 3753, t2=t1+(0, 7)) & (3753, 56, 1157, t3=t2+(0, 6)) -> (4171, 157, 3753, t4=t3+(1, 4))	3	83
(436, 29, 3159, t1) & (461, 47, 3836, t2=t1+(0, 3)) & (461, 88, 436, t3=t2+(0, 6)) -> (436, 88, 436, t4=t3+(1, 5))	3	84
(4426, 187, 2801, t1) & (2689, 17, 3641, t2=t1+(0, 4)) & (3641, 155, 2801, t3=t2+(0, 3)) -> (4426, 187, 3641, t4=t3+(1, 7))	3	85
(1640, 160, 1834, t1) & (1831, 146, 1577, t2=t1+(0, 5)) & (1577, 191, 1834, t3=t2+(0, 3)) -> (1834, 191, 1640, t4=t3+(1, 4))	3	86
(4353, 63, 3265, t1) & (2657, 134, 871, t2=t1+(0, 5)) & (4353, 95, 2657, t3=t2+(0, 5)) -> (2657, 63, 2657, t4=t3+(1, 6))	3	87
(4257, 44, 935, t1) & (4657, 109, 2578, t2=t1+(0, 7)) & (4257, 5, 2578, t3=t2+(0, 7)) -> (4257, 5, 4257, t4=t3+(1, 5))	3	88
(3137, 104, 422, t1) & (4197, 196, 4747, t2=t1+(0, 4)) & (4747, 121, 3137, t3=t2+(0, 5)) -> (422, 121, 422, t4=t3+(1, 7))	3	89
(2698, 165, 4142, t1) & (1858, 44, 1729, t2=t1+(0, 3)) & (2698, 190, 1729, t3=t2+(0, 3)) -> (4142, 44, 2698, t4=t3+(1, 8))	3	90
(1484, 127, 4901, t1) & (983, 33, 4246, t2=t1+(0, 8)) & (4246, 173, 1484, t3=t2+(0, 5)) -> (1484, 33, 4246, t4=t3+(1, 5))	3	91
(3357, 150, 54, t1) & (205, 102, 517, t2=t1+(0, 4)) & (3357, 153, 517, t3=t2+(0, 3)) -> (3357, 150, 3357, t4=t3+(1, 2))	3	92
(4152, 78, 3110, t1) & (2970, 44, 2831, t2=t1+(0, 6)) & (4152, 94, 2970, t3=t2+(0, 5)) -> (2831, 94, 4152, t4=t3+(1, 4))	3	93
(4808, 95, 1929, t1) & (3447, 36, 3414, t2=t1+(0, 5)) & (1929, 68, 3414, t3=t2+(0, 1)) -> (3447, 95, 3414, t4=t3+(1, 3))	3	94
(1078, 139, 1010, t1) & (3764, 107, 1207, t2=t1+(0, 6)) & (3764, 117, 1078, t3=t2+(0, 4)) -> (3764, 117, 3764, t4=t3+(1, 5))	3	95
(1595, 159, 3623, t1) & (2527, 47, 305, t2=t1+(0, 3)) & (305, 189, 3623, t3=t2+(0, 8)) -> (305, 47, 1595, t4=t3+(1, 8))	3	96
(355, 82, 1407, t1) & (655, 92, 285, t2=t1+(0, 2)) & (655, 84, 1407, t3=t2+(0, 6)) -> (1407, 92, 655, t4=t3+(1, 6))	3	97
(819, 160, 3047, t1) & (4910, 130, 3822, t2=t1+(0, 2)) & (4910, 142, 3047, t3=t2+(0, 4)) -> (3822, 130, 4910, t4=t3+(1, 7))	3	98
(3103, 91, 1305, t1) & (1132, 197, 2387, t2=t1+(0, 4)) & (1132, 7, 3103, t3=t2+(0, 3)) -> (3103, 91, 3103, t4=t3+(1, 5))	3	99
(4878, 192, 1884, t1) & (462, 186, 458, t2=t1+(0, 4)) & (1884, 10, 462, t3=t2+(0, 8)) -> (1884, 186, 1884, t4=t3+(1, 5))	3	100
(429, 59, 3816, t1) & (4850, 83, 500, t2=t1+(0, 1)) & (429, 197, 4850, t3=t2+(0, 5)) -> (4850, 197, 429, t4=t3+(1, 6))	3	101
(2911, 57, 4, t1) & (1796, 63, 4254, t2=t1+(0, 9)) & (4, 119, 1796, t3=t2+(0, 5)) -> (4, 119, 2911, t4=t3+(1, 5))	3	102
(2590, 139, 4752, t1) & (428, 54, 4138, t2=t1+(0, 6)) & (4138, 162, 2590, t3=t2+(0, 6)) -> (2590, 54, 4752, t4=t3+(1, 8))	3	103
(2249, 37, 4218, t1) & (3985, 41, 1673, t2=t1+(0, 4)) & (4218, 71, 1673, t3=t2+(0, 5)) -> (1673, 37, 4218, t4=t3+(1, 3))	3	104
(2127, 138, 319, t1) & (535, 28, 4184, t2=t1+(0, 3)) & (2127, 23, 4184, t3=t2+(0, 5)) -> (535, 28, 535, t4=t3+(1, 4))	3	105
(651, 154, 258, t1) & (1970, 65, 4129, t2=t1+(0, 6)) & (1970, 198, 651, t3=t2+(0, 7)) -> (258, 154, 1970, t4=t3+(1, 3))	3	106
(2299, 164, 1266, t1) & (884, 168, 2462, t2=t1+(0, 8)) & (2299, 59, 884, t3=t2+(0, 6)) -> (2299, 59, 884, t4=t3+(1, 3))	3	107
(543, 143, 3890, t1) & (1890, 165, 819, t2=t1+(0, 4)) & (3890, 95, 819, t3=t2+(0, 3)) -> (543, 143, 819, t4=t3+(1, 1))	3	108
(420, 31, 3620, t1) & (3317, 117, 3204, t2=t1+(0, 5)) & (3204, 108, 3620, t3=t2+(0, 3)) -> (3620, 108, 3204, t4=t3+(1, 4))	3	109
(4441, 7, 2952, t1) & (3960, 75, 1610, t2=t1+(0, 2)) & (2952, 83, 1610, t3=t2+(0, 4)) -> (1610, 75, 3960, t4=t3+(1, 5))	3	110
(31, 73, 4509, t1) & (856, 48, 3095, t2=t1+(0, 4)) & (3095, 40, 4509, t3=t2+(0, 4)) -> (3095, 40, 856, t4=t3+(1, 8))	3	111
(1581, 112, 4665, t1) & (4864, 40, 4312, t2=t1+(0, 6)) & (4665, 54, 4312, t3=t2+(0, 6)) -> (4312, 112, 1581, t4=t3+(1, 7))	3	112
(1548, 183, 737, t1) & (1542, 6, 2463, t2=t1+(0, 4)) & (2463, 121, 1548, t3=t2+(0, 5)) -> (2463, 121, 2463, t4=t3+(1, 4))	3	113
(499, 75, 4563, t1) & (4442, 43, 2959, t2=t1+(0, 6)) & (2959, 86, 499, t3=t2+(0, 8)) -> (2959, 75, 4442, t4=t3+(1, 1))	3	114
(2450, 63, 3927, t1) & (2084, 169, 3266, t2=t1+(0, 5)) & (3927, 23, 3266, t3=t2+(0, 4)) -> (3266, 23, 3927, t4=t3+(1, 4))	3	115
(3632, 194, 4967, t1) & (621, 124, 4645, t2=t1+(0, 8)) & (621, 185, 4967, t3=t2+(0, 9)) -> (4967, 124, 3632, t4=t3+(1, 3))	3	116
(3444, 177, 574, t1) & (1694, 111, 2789, t2=t1+(0, 3)) & (2789, 65, 3444, t3=t2+(0, 8)) -> (3444, 65, 1694, t4=t3+(1, 6))	3	117
(888, 43, 1358, t1) & (747, 102, 4258, t2=t1+(0, 11)) & (747, 96, 888, t3=t2+(0, 5)) -> (747, 102, 747, t4=t3+(1, 12))	3	118
(2064, 105, 4785, t1) & (1518, 44, 2867, t2=t1+(0, 5)) & (2867, 95, 2064, t3=t2+(0, 3)) -> (2064, 44, 2867, t4=t3+(1, 4))	3	119
(1733, 107, 3610, t1) & (4980, 97, 2087, t2=t1+(0, 3)) & (1733, 137, 2087, t3=t2+(0, 2)) -> (3610, 97, 1733, t4=t3+(1, 5))	3	120
(1858, 184, 196, t1) & (1517, 150, 2392, t2=t1+(0, 5)) & (2392, 165, 1858, t3=t2+(0, 8)) -> (2392, 150, 1858, t4=t3+(1, 8))	3	121
(1792, 107, 2747, t1) & (3456, 106, 412, t2=t1+(0, 1)) & (412, 50, 2747, t3=t2+(0, 1)) -> (3456, 107, 412, t4=t3+(1, 4))	3	122
(812, 114, 178, t1) & (200, 22, 12, t2=t1+(0, 3)) & (812, 5, 12, t3=t2+(0, 7)) -> (812, 114, 12, t4=t3+(1, 4))	3	123
(2049, 56, 1541, t1) & (915, 198, 2204, t2=t1+(0, 2)) & (2049, 44, 915, t3=t2+(0, 2)) -> (2049, 198, 915, t4=t3+(1, 3))	3	124
(2088, 5, 1321, t1) & (3268, 198, 468, t2=t1+(0, 3)) & (1321, 156, 3268, t3=t2+(0, 6)) -> (3268, 156, 1321, t4=t3+(1, 2))	3	125
(882, 39, 3098, t1) & (1725, 140, 4443, t2=t1+(0, 7)) & (882, 125, 1725, t3=t2+(0, 5)) -> (4443, 39, 1725, t4=t3+(1, 3))	3	126
(2997, 192, 4087, t1) & (1194, 163, 319, t2=t1+(0, 4)) & (4087, 43, 1194, t3=t2+(0, 8)) -> (1194, 192, 1194, t4=t3+(1, 6))	3	127
(3402, 71, 2296, t1) & (3094, 79, 145, t2=t1+(0, 5)) & (145, 176, 3402, t3=t2+(0, 5)) -> (3402, 71, 3402, t4=t3+(1, 5))	3	128
(3795, 37, 377, t1) & (767, 172, 2104, t2=t1+(0, 5)) & (767, 125, 3795, t3=t2+(0, 4)) -> (767, 125, 767, t4=t3+(1, 3))	3	129
(1875, 38, 2163, t1) & (765, 157, 3164, t2=t1+(0, 4)) & (765, 37, 2163, t3=t2+(0, 3)) -> (2163, 157, 1875, t4=t3+(1, 4))	3	130
(3671, 5, 2905, t1) & (2221, 132, 705, t2=t1+(0, 4)) & (705, 72, 2905, t3=t2+(0, 7)) -> (705, 132, 2905, t4=t3+(1, 3))	3	131
(944, 16, 676, t1) & (2610, 71, 4750, t2=t1+(0, 3)) & (4750, 90, 676, t3=t2+(0, 6)) -> (944, 90, 944, t4=t3+(1, 3))	3	132
(4124, 156, 3366, t1) & (4412, 33, 2717, t2=t1+(0, 6)) & (4412, 135, 4124, t3=t2+(0, 2)) -> (4412, 156, 4124, t4=t3+(1, 4))	3	133
(4505, 77, 745, t1) & (4561, 21, 1181, t2=t1+(0, 8)) & (1181, 83, 745, t3=t2+(0, 2)) -> (745, 77, 4505, t4=t3+(1, 4))	3	134
(278, 149, 4988, t1) & (4043, 170, 168, t2=t1+(0, 8)) & (278, 94, 168, t3=t2+(0, 6)) -> (168, 94, 168, t4=t3+(1, 4))	3	135
(3318, 151, 3521, t1) & (2174, 8, 3195, t2=t1+(0, 4)) & (3195, 78, 3521, t3=t2+(0, 2)) -> (3195, 151, 3521, t4=t3+(1, 7))	3	136
(3395, 70, 2348, t1) & (41, 67, 3099, t2=t1+(0, 4)) & (2348, 119, 3099, t3=t2+(0, 5)) -> (3099, 119, 3099, t4=t3+(1, 3))	3	137
(3537, 145, 2429, t1) & (1396, 174, 2473, t2=t1+(0, 4)) & (3537, 73, 2473, t3=t2+(0, 5)) -> (2473, 145, 3537, t4=t3+(1, 4))	3	138
(3477, 196, 96, t1) & (2089, 31, 575, t2=t1+(0, 3)) & (3477, 180, 2089, t3=t2+(0, 6)) -> (3477, 31, 575, t4=t3+(1, 5))	3	139
(4364, 110, 4186, t1) & (1564, 162, 4741, t2=t1+(0, 3)) & (4741, 198, 4364, t3=t2+(0, 6)) -> (4364, 198, 4364, t4=t3+(1, 2))	3	140
(1771, 97, 421, t1) & (1814, 40, 4950, t2=t1+(0, 7)) & (4950, 154, 1771, t3=t2+(0, 6)) -> (1814, 40, 4950, t4=t3+(1, 7))	3	141
(3805, 68, 2899, t1) & (444, 128, 4570, t2=t1+(0, 6)) & (444, 14, 3805, t3=t2+(0, 7)) -> (2899, 14, 444, t4=t3+(1, 3))	3	142
(296, 195, 438, t1) & (2818, 98, 191, t2=t1+(0, 2)) & (296, 6, 2818, t3=t2+(0, 2)) -> (191, 6, 296, t4=t3+(1, 1))	3	143
(1197, 134, 2838, t1) & (752, 55, 965, t2=t1+(0, 4)) & (2838, 135, 965, t3=t2+(0, 5)) -> (2838, 134, 965, t4=t3+(1, 4))	3	144
(4375, 106, 2542, t1) & (1956, 135, 4012, t2=t1+(0, 8)) & (4012, 51, 4375, t3=t2+(0, 4)) -> (4012, 106, 4375, t4=t3+(1, 4))	3	145
(4244, 169, 4803, t1) & (1986, 106, 864, t2=t1+(0, 8)) & (4803, 180, 864, t3=t2+(0, 4)) -> (4244, 106, 1986, t4=t3+(1, 4))	3	146
(3991, 179, 569, t1) & (2261, 126, 1686, t2=t1+(0, 2)) & (1686, 54, 3991, t3=t2+(0, 3)) -> (569, 126, 2261, t4=t3+(1, 5))	3	147
(4358, 73, 3613, t1) & (1468, 51, 4178, t2=t1+(0, 5)) & (4358, 50, 4178, t3=t2+(0, 9)) -> (1468, 50, 1468, t4=t3+(1, 3))	3	148
(173, 45, 4523, t1) & (3806, 127, 3058, t2=t1+(0, 11)) & (3806, 121, 173, t3=t2+(0, 5)) -> (3806, 127, 173, t4=t3+(1, 5))	3	149
(2827, 169, 870, t1) & (2407, 173, 1961, t2=t1+(0, 3)) & (870, 159, 2407, t3=t2+(0, 7)) -> (870, 173, 2407, t4=t3+(1, 6))	3	150
(404, 46, 4546, t1) & (2347, 107, 1131, t2=t1+(0, 6)) & (2347, 73, 4546, t3=t2+(0, 3)) -> (4546, 73, 4546, t4=t3+(1, 5))	3	151
(2785, 112, 3525, t1) & (3901, 98, 3663, t2=t1+(0, 3)) & (3901, 66, 2785, t3=t2+(0, 4)) -> (2785, 98, 2785, t4=t3+(1, 1))	3	152
(4737, 143, 4204, t1) & (830, 15, 1121, t2=t1+(0, 4)) & (4204, 144, 830, t3=t2+(0, 3)) -> (4204, 143, 4204, t4=t3+(1, 3))	3	153
(3010, 97, 2361, t1) & (3567, 13, 373, t2=t1+(0, 7)) & (3010, 25, 3567, t3=t2+(0, 4)) -> (373, 25, 3010, t4=t3+(1, 6))	3	154
(2846, 161, 4789, t1) & (4254, 46, 3802, t2=t1+(0, 2)) & (4789, 87, 4254, t3=t2+(0, 4)) -> (2846, 46, 4254, t4=t3+(1, 10))	3	155
(314, 125, 2926, t1) & (4866, 47, 2613, t2=t1+(0, 8)) & (314, 191, 2613, t3=t2+(0, 8)) -> (314, 191, 2613, t4=t3+(1, 9))	3	156
(422, 11, 4733, t1) & (2601, 53, 3227, t2=t1+(0, 8)) & (2601, 184, 422, t3=t2+(0, 1)) -> (2601, 184, 422, t4=t3+(1, 2))	3	157
(468, 90, 1728, t1) & (3724, 196, 3825, t2=t1+(0, 4)) & (1728, 195, 3825, t3=t2+(0, 3)) -> (1728, 195, 468, t4=t3+(1, 7))	3	158
(3708, 154, 475, t1) & (2323, 19, 551, t2=t1+(0, 2)) & (475, 110, 551, t3=t2+(0, 5)) -> (551, 154, 551, t4=t3+(1, 7))	3	159
(1214, 193, 2731, t1) & (4839, 48, 1725, t2=t1+(0, 6)) & (1214, 191, 1725, t3=t2+(0, 1)) -> (4839, 193, 4839, t4=t3+(1, 5))	3	160
(821, 71, 4047, t1) & (1420, 193, 3610, t2=t1+(0, 4)) & (3610, 102, 821, t3=t2+(0, 5)) -> (821, 102, 821, t4=t3+(1, 4))	3	161
(4476, 84, 2976, t1) & (316, 96, 2363, t2=t1+(0, 5)) & (4476, 39, 316, t3=t2+(0, 1)) -> (316, 84, 2976, t4=t3+(1, 6))	3	162
(3818, 79, 2268, t1) & (3158, 97, 4808, t2=t1+(0, 9)) & (3158, 138, 3818, t3=t2+(0, 5)) -> (2268, 79, 2268, t4=t3+(1, 4))	3	163
(4425, 1, 879, t1) & (1856, 15, 3057, t2=t1+(0, 5)) & (1856, 189, 4425, t3=t2+(0, 3)) -> (3057, 15, 1856, t4=t3+(1, 8))	3	164
(1201, 114, 1197, t1) & (509, 6, 4420, t2=t1+(0, 10)) & (4420, 141, 1201, t3=t2+(0, 9)) -> (4420, 6, 1201, t4=t3+(1, 6))	3	165
(1253, 132, 2046, t1) & (773, 166, 3, t2=t1+(0, 3)) & (3, 35, 2046, t3=t2+(0, 7)) -> (2046, 35, 3, t4=t3+(1, 1))	3	166
(142, 171, 3244, t1) & (1210, 181, 2486, t2=t1+(0, 9)) & (3244, 10, 1210, t3=t2+(0, 3)) -> (1210, 181, 1210, t4=t3+(1, 11))	3	167
(2041, 121, 1155, t1) & (1947, 77, 2197, t2=t1+(0, 2)) & (1947, 130, 1155, t3=t2+(0, 2)) -> (1947, 121, 2197, t4=t3+(1, 11))	3	168
(2461, 61, 2557, t1) & (217, 185, 2324, t2=t1+(0, 4)) & (2461, 115, 217, t3=t2+(0, 3)) -> (2461, 61, 217, t4=t3+(1, 4))	3	169
(1651, 45, 2790, t1) & (3685, 186, 3726, t2=t1+(0, 4)) & (2790, 168, 3726, t3=t2+(0, 7)) -> (3685, 45, 3726, t4=t3+(1, 3))	3	170
(756, 121, 2374, t1) & (2970, 11, 4849, t2=t1+(0, 2)) & (2374, 41, 4849, t3=t2+(0, 4)) -> (2374, 41, 2374, t4=t3+(1, 3))	3	171
(2168, 80, 3704, t1) & (541, 24, 487, t2=t1+(0, 8)) & (2168, 9, 487, t3=t2+(0, 1)) -> (487, 9, 487, t4=t3+(1, 5))	3	172
(3955, 74, 4708, t1) & (4111, 101, 4110, t2=t1+(0, 2)) & (4111, 20, 3955, t3=t2+(0, 4)) -> (4111, 101, 4110, t4=t3+(1, 5))	3	173
(1440, 18, 3118, t1) & (801, 30, 4345, t2=t1+(0, 4)) & (1440, 125, 801, t3=t2+(0, 5)) -> (4345, 125, 1440, t4=t3+(1, 5))	3	174
(3179, 94, 4151, t1) & (468, 50, 2599, t2=t1+(0, 7)) & (4151, 73, 2599, t3=t2+(0, 5)) -> (4151, 94, 4151, t4=t3+(1, 5))	3	175
(3318, 141, 1195, t1) & (4623, 183, 1936, t2=t1+(0, 0)) & (1936, 123, 3318, t3=t2+(0, 6)) -> (1936, 183, 3318, t4=t3+(1, 5))	3	176
(1181, 74, 1609, t1) & (4688, 65, 3306, t2=t1+(0, 4)) & (1609, 160, 4688, t3=t2+(0, 4)) -> (1181, 160, 1181, t4=t3+(1, 2))	3	177
(1399, 33, 3931, t1) & (720, 195, 2105, t2=t1+(0, 9)) & (1399, 88, 2105, t3=t2+(0, 4)) -> (1399, 195, 2105, t4=t3+(1, 2))	3	178
(3370, 89, 4167, t1) & (458, 159, 889, t2=t1+(0, 8)) & (458, 74, 3370, t3=t2+(0, 9)) -> (3370, 89, 3370, t4=t3+(1, 4))	3	179
(4603, 152, 813, t1) & (5, 155, 4682, t2=t1+(0, 4)) & (4603, 171, 5, t3=t2+(0, 6)) -> (4682, 152, 4603, t4=t3+(1, 3))	3	180
(3480, 25, 2761, t1) & (40, 69, 3152, t2=t1+(0, 6)) & (3480, 198, 3152, t3=t2+(0, 5)) -> (40, 69, 2761, t4=t3+(1, 2))	3	181
(1687, 37, 3544, t1) & (412, 198, 4127, t2=t1+(0, 10)) & (3544, 17, 4127, t3=t2+(0, 7)) -> (1687, 198, 1687, t4=t3+(1, 4))	3	182
(2314, 106, 2972, t1) & (997, 196, 2303, t2=t1+(0, 6)) & (997, 159, 2314, t3=t2+(0, 3)) -> (997, 159, 2314, t4=t3+(1, 6))	3	183
(2972, 154, 3008, t1) & (4004, 94, 4521, t2=t1+(0, 6)) & (3008, 42, 4521, t3=t2+(0, 6)) -> (3008, 154, 3008, t4=t3+(1, 5))	3	184
(3439, 2, 3414, t1) & (4070, 85, 4362, t2=t1+(0, 8)) & (3414, 86, 4070, t3=t2+(0, 6)) -> (3414, 85, 3414, t4=t3+(1, 4))	3	185
(1952, 72, 1832, t1) & (1828, 194, 2652, t2=t1+(0, 6)) & (1952, 175, 1828, t3=t2+(0, 7)) -> (1828, 175, 1828, t4=t3+(1, 3))	3	186
(4831, 54, 2675, t1) & (2384, 116, 2137, t2=t1+(0, 4)) & (2675, 127, 2384, t3=t2+(0, 10)) -> (2675, 116, 2384, t4=t3+(1, 8))	3	187
(1167, 92, 4475, t1) & (4968, 94, 2267, t2=t1+(0, 3)) & (1167, 53, 2267, t3=t2+(0, 4)) -> (2267, 94, 2267, t4=t3+(1, 7))	3	188
(924, 80, 1131, t1) & (1177, 92, 2849, t2=t1+(0, 6)) & (2849, 21, 1131, t3=t2+(0, 3)) -> (2849, 80, 1131, t4=t3+(1, 3))	3	189
(2976, 107, 3701, t1) & (4675, 174, 936, t2=t1+(0, 5)) & (2976, 63, 4675, t3=t2+(0, 4)) -> (3701, 63, 4675, t4=t3+(1, 7))	3	190
(344, 115, 4288, t1) & (4544, 158, 4036, t2=t1+(0, 10)) & (4036, 121, 344, t3=t2+(0, 10)) -> (4544, 115, 4288, t4=t3+(1, 2))	3	191
(510, 181, 1426, t1) & (3503, 165, 3744, t2=t1+(0, 3)) & (510, 19, 3744, t3=t2+(0, 8)) -> (510, 165, 1426, t4=t3+(1, 9))	3	192
(2286, 99, 2456, t1) & (3871, 36, 3373, t2=t1+(0, 3)) & (3373, 123, 2456, t3=t2+(0, 4)) -> (3373, 36, 3373, t4=t3+(1, 2))	3	193
(2166, 21, 3550, t1) & (4092, 188, 4540, t2=t1+(0, 5)) & (3550, 50, 4092, t3=t2+(0, 3)) -> (4540, 50, 4092, t4=t3+(1, 1))	3	194
(2966, 175, 1431, t1) & (868, 101, 4300, t2=t1+(0, 7)) & (868, 49, 1431, t3=t2+(0, 6)) -> (868, 49, 1431, t4=t3+(1, 8))	3	195
(1141, 105, 3742, t1) & (3970, 6, 3985, t2=t1+(0, 6)) & (3985, 11, 1141, t3=t2+(0, 8)) -> (3970, 6, 3970, t4=t3+(1, 1))	3	196
(2408, 163, 4982, t1) & (3255, 1, 4916, t2=t1+(0, 5)) & (2408, 189, 3255, t3=t2+(0, 8)) -> (3255, 163, 2408, t4=t3+(1, 4))	3	197
(2655, 41, 2484, t1) & (2396, 186, 3778, t2=t1+(0, 6)) & (2655, 195, 3778, t3=t2+(0, 8)) -> (2484, 186, 2655, t4=t3+(1, 7))	3	198
(2062, 138, 1801, t1) & (2701, 167, 892, t2=t1+(0, 6)) & (892, 109, 2062, t3=t2+(0, 4)) -> (2062, 109, 2062, t4=t3+(1, 7))	3	199
(3067, 189, 689, t1) & (3067, 61, 1165, t2=t1+(0, 7)) -> (689, 189, 689, t3=t2+(1, 3))	2	200
(826, 47, 2428, t1) & (826, 70, 826, t2=t1+(0, 5)) -> (826, 47, 826, t3=t2+(1, 7))	2	201
(2953, 96, 3398, t1) & (3420, 71, 2953, t2=t1+(0, 5)) -> (2953, 96, 3398, t3=t2+(1, 4))	2	202
(2896, 56, 4595, t1) & (3394, 134, 2896, t2=t1+(0, 6)) -> (4595, 56, 3394, t3=t2+(1, 8))	2	203
(307, 159, 2955, t1) & (307, 97, 2955, t2=t1+(0, 9)) -> (307, 159, 2955, t3=t2+(1, 5))	2	204
(3920, 117, 726, t1) & (4198, 98, 726, t2=t1+(0, 8)) -> (726, 98, 3920, t3=t2+(1, 4))	2	205
(1998, 44, 3009, t1) & (1146, 188, 1998, t2=t1+(0, 3)) -> (3009, 44, 3009, t3=t2+(1, 5))	2	206
(1274, 23, 4113, t1) & (1274, 127, 1274, t2=t1+(0, 5)) -> (1274, 127, 1274, t3=t2+(1, 5))	2	207
(4482, 61, 1465, t1) & (4482, 18, 1465, t2=t1+(0, 3)) -> (4482, 61, 1465, t3=t2+(1, 6))	2	208
(2078, 18, 177, t1) & (2865, 2, 2078, t2=t1+(0, 5)) -> (2865, 2, 2078, t3=t2+(1, 3))	2	209
(4185, 17, 785, t1) & (785, 112, 1052, t2=t1+(0, 4)) -> (1052, 112, 785, t3=t2+(1, 12))	2	210
(2370, 193, 2504, t1) & (2504, 162, 2504, t2=t1+(0, 2)) -> (2504, 193, 2504, t3=t2+(1, 5))	2	211
(2546, 42, 4797, t1) & (1602, 195, 4797, t2=t1+(0, 5)) -> (1602, 42, 4797, t3=t2+(1, 3))	2	212
(4430, 7, 720, t1) & (720, 35, 4222, t2=t1+(0, 6)) -> (4430, 35, 4430, t3=t2+(1, 3))	2	213
(3706, 88, 945, t1) & (3706, 129, 742, t2=t1+(0, 4)) -> (742, 129, 945, t3=t2+(1, 8))	2	214
(3706, 180, 1925, t1) & (1925, 192, 3706, t2=t1+(0, 7)) -> (3706, 180, 1925, t3=t2+(1, 7))	2	215
(2467, 148, 4467, t1) & (2467, 185, 4303, t2=t1+(0, 5)) -> (2467, 148, 4303, t3=t2+(1, 4))	2	216
(1576, 194, 1476, t1) & (451, 127, 1576, t2=t1+(0, 3)) -> (1476, 127, 1576, t3=t2+(1, 4))	2	217
(4944, 172, 954, t1) & (954, 18, 344, t2=t1+(0, 10)) -> (4944, 172, 954, t3=t2+(1, 3))	2	218
(4509, 116, 1969, t1) & (1969, 119, 2165, t2=t1+(0, 2)) -> (4509, 116, 2165, t3=t2+(1, 8))	2	219
(476, 139, 4222, t1) & (4459, 50, 4222, t2=t1+(0, 4)) -> (4222, 50, 4222, t3=t2+(1, 4))	2	220
(3953, 80, 4257, t1) & (4257, 97, 4257, t2=t1+(0, 3)) -> (3953, 97, 4257, t3=t2+(1, 3))	2	221
(942, 70, 10, t1) & (2355, 87, 10, t2=t1+(0, 10)) -> (10, 87, 2355, t3=t2+(1, 3))	2	222
(4539, 127, 3048, t1) & (3901, 156, 3048, t2=t1+(0, 5)) -> (3048, 127, 3048, t3=t2+(1, 5))	2	223
(1556, 139, 1910, t1) & (1556, 133, 3840, t2=t1+(0, 5)) -> (1556, 133, 1556, t3=t2+(1, 8))	2	224
(2639, 45, 2612, t1) & (4587, 45, 2639, t2=t1+(0, 11)) -> (2639, 45, 4587, t3=t2+(1, 7))	2	225
(2720, 165, 3786, t1) & (2000, 62, 3786, t2=t1+(0, 9)) -> (2720, 62, 3786, t3=t2+(1, 1))	2	226
(1359, 46, 4974, t1) & (4974, 9, 1359, t2=t1+(0, 7)) -> (1359, 46, 4974, t3=t2+(1, 1))	2	227
(1995, 81, 2611, t1) & (1995, 86, 1995, t2=t1+(0, 2)) -> (1995, 81, 1995, t3=t2+(1, 5))	2	228
(808, 65, 1640, t1) & (1777, 90, 808, t2=t1+(0, 6)) -> (1777, 65, 808, t3=t2+(1, 4))	2	229
(694, 49, 3686, t1) & (694, 113, 694, t2=t1+(0, 5)) -> (694, 113, 694, t3=t2+(1, 3))	2	230
(874, 130, 1709, t1) & (1709, 161, 4150, t2=t1+(0, 10)) -> (874, 130, 1709, t3=t2+(1, 4))	2	231
(1794, 149, 1108, t1) & (3181, 184, 1794, t2=t1+(0, 6)) -> (1108, 149, 1794, t3=t2+(1, 7))	2	232
(2396, 72, 3423, t1) & (2717, 68, 3423, t2=t1+(0, 3)) -> (2396, 68, 2396, t3=t2+(1, 2))	2	233
(2122, 42, 3469, t1) & (3469, 116, 2122, t2=t1+(0, 3)) -> (2122, 116, 2122, t3=t2+(1, 6))	2	234
(432, 187, 3375, t1) & (432, 181, 3375, t2=t1+(0, 1)) -> (432, 187, 3375, t3=t2+(1, 4))	2	235
(4718, 47, 4151, t1) & (4718, 138, 1544, t2=t1+(0, 8)) -> (4718, 47, 4151, t3=t2+(1, 4))	2	236
(4452, 51, 3777, t1) & (4452, 77, 2836, t2=t1+(0, 3)) -> (2836, 77, 4452, t3=t2+(1, 3))	2	237
(2993, 172, 3021, t1) & (3021, 174, 2993, t2=t1+(0, 4)) -> (3021, 172, 3021, t3=t2+(1, 3))	2	238
(999, 131, 1640, t1) & (1640, 40, 1640, t2=t1+(0, 3)) -> (1640, 131, 1640, t3=t2+(1, 4))	2	239
(1369, 104, 264, t1) & (264, 75, 1369, t2=t1+(0, 2)) -> (264, 75, 1369, t3=t2+(1, 4))	2	240
(1284, 38, 2204, t1) & (1284, 151, 4511, t2=t1+(0, 4)) -> (4511, 151, 1284, t3=t2+(1, 7))	2	241
(302, 41, 2288, t1) & (2288, 100, 2733, t2=t1+(0, 1)) -> (2733, 41, 2288, t3=t2+(1, 6))	2	242
(2861, 197, 541, t1) & (2861, 162, 2531, t2=t1+(0, 4)) -> (2531, 162, 2861, t3=t2+(1, 5))	2	243
(1629, 85, 4577, t1) & (1629, 72, 211, t2=t1+(0, 1)) -> (1629, 85, 1629, t3=t2+(1, 7))	2	244
(2320, 99, 868, t1) & (868, 29, 3506, t2=t1+(0, 3)) -> (868, 99, 2320, t3=t2+(1, 4))	2	245
(972, 72, 2740, t1) & (972, 168, 2740, t2=t1+(0, 2)) -> (2740, 168, 972, t3=t2+(1, 9))	2	246
(3344, 130, 3599, t1) & (2110, 50, 3599, t2=t1+(0, 4)) -> (3344, 130, 3344, t3=t2+(1, 5))	2	247
(2899, 175, 1133, t1) & (2205, 75, 2899, t2=t1+(0, 4)) -> (2899, 75, 1133, t3=t2+(1, 4))	2	248
(827, 94, 1018, t1) & (827, 6, 1018, t2=t1+(0, 4)) -> (827, 6, 827, t3=t2+(1, 4))	2	249
(2201, 10, 2026, t1) & (2201, 5, 2201, t2=t1+(0, 8)) -> (2201, 10, 2201, t3=t2+(1, 8))	2	250
(741, 49, 2726, t1) & (2687, 9, 741, t2=t1+(0, 4)) -> (741, 49, 2687, t3=t2+(1, 10))	2	251
(1153, 11, 3414, t1) & (1153, 161, 3414, t2=t1+(0, 4)) -> (3414, 11, 1153, t3=t2+(1, 3))	2	252
(3869, 153, 1683, t1) & (2717, 55, 1683, t2=t1+(0, 7)) -> (1683, 55, 3869, t3=t2+(1, 3))	2	253
(3253, 186, 3300, t1) & (3300, 27, 3300, t2=t1+(0, 6)) -> (3300, 27, 3300, t3=t2+(1, 3))	2	254
(1173, 45, 1136, t1) & (2858, 120, 1136, t2=t1+(0, 5)) -> (1136, 45, 1136, t3=t2+(1, 5))	2	255
(3251, 109, 4146, t1) & (4146, 22, 248, t2=t1+(0, 4)) -> (4146, 22, 4146, t3=t2+(1, 4))	2	256
(519, 178, 3924, t1) & (4881, 70, 519, t2=t1+(0, 4)) -> (3924, 178, 519, t3=t2+(1, 1))	2	257
(4553, 37, 1281, t1) & (1448, 51, 1281, t2=t1+(0, 7)) -> (4553, 51, 1448, t3=t2+(1, 4))	2	258
(778, 195, 1135, t1) & (778, 85, 778, t2=t1+(0, 6)) -> (778, 195, 778, t3=t2+(1, 4))	2	259
(3281, 7, 3437, t1) & (3281, 158, 1505, t2=t1+(0, 2)) -> (1505, 7, 3281, t3=t2+(1, 5))	2	260
(3842, 11, 540, t1) & (290, 143, 540, t2=t1+(0, 2)) -> (3842, 143, 3842, t3=t2+(1, 2))	2	261
(3305, 73, 3331, t1) & (3331, 80, 3176, t2=t1+(0, 2)) -> (3176, 73, 3305, t3=t2+(1, 6))	2	262
(827, 36, 3751, t1) & (3751, 100, 4557, t2=t1+(0, 11)) -> (3751, 100, 827, t3=t2+(1, 4))	2	263
(4182, 175, 1270, t1) & (4182, 100, 1270, t2=t1+(0, 7)) -> (1270, 100, 1270, t3=t2+(1, 7))	2	264
(2959, 113, 2856, t1) & (2959, 108, 2959, t2=t1+(0, 7)) -> (2856, 113, 2856, t3=t2+(1, 7))	2	265
(4531, 13, 2609, t1) & (590, 148, 2609, t2=t1+(0, 4)) -> (2609, 148, 2609, t3=t2+(1, 4))	2	266
(968, 48, 2528, t1) & (4155, 82, 2528, t2=t1+(0, 5)) -> (4155, 82, 4155, t3=t2+(1, 7))	2	267
(3289, 100, 2420, t1) & (2420, 161, 2749, t2=t1+(0, 6)) -> (3289, 161, 2749, t3=t2+(1, 7))	2	268
(3390, 27, 256, t1) & (1074, 143, 3390, t2=t1+(0, 4)) -> (3390, 27, 3390, t3=t2+(1, 4))	2	269
(4785, 86, 1044, t1) & (4785, 134, 537, t2=t1+(0, 4)) -> (4785, 86, 1044, t3=t2+(1, 9))	2	270
(2543, 22, 3975, t1) & (1473, 143, 3975, t2=t1+(0, 3)) -> (3975, 22, 3975, t3=t2+(1, 4))	2	271
(1951, 107, 2726, t1) & (120, 154, 2726, t2=t1+(0, 7)) -> (2726, 107, 2726, t3=t2+(1, 8))	2	272
(779, 157, 2708, t1) & (1231, 152, 779, t2=t1+(0, 1)) -> (779, 157, 1231, t3=t2+(1, 8))	2	273
(4926, 79, 2025, t1) & (2025, 149, 4926, t2=t1+(0, 5)) -> (2025, 79, 2025, t3=t2+(1, 7))	2	274
(2757, 93, 1758, t1) & (1758, 114, 1758, t2=t1+(0, 1)) -> (1758, 93, 1758, t3=t2+(1, 4))	2	275
(3531, 84, 2922, t1) & (2922, 42, 210, t2=t1+(0, 6)) -> (210, 42, 3531, t3=t2+(1, 6))	2	276
(24, 162, 1423, t1) & (1423, 31, 24, t2=t1+(0, 4)) -> (1423, 31, 1423, t3=t2+(1, 8))	2	277
(1473, 175, 1004, t1) & (1004, 97, 1473, t2=t1+(0, 4)) -> (1004, 97, 1004, t3=t2+(1, 1))	2	278
(2484, 164, 4299, t1) & (4299, 46, 2484, t2=t1+(0, 5)) -> (2484, 164, 2484, t3=t2+(1, 2))	2	279
(4550, 149, 2837, t1) & (2091, 164, 4550, t2=t1+(0, 4)) -> (4550, 149, 4550, t3=t2+(1, 1))	2	280
(3246, 26, 4384, t1) & (3246, 78, 3246, t2=t1+(0, 8)) -> (4384, 26, 4384, t3=t2+(1, 5))	2	281
(1463, 154, 4556, t1) & (4556, 191, 4482, t2=t1+(0, 5)) -> (1463, 191, 4556, t3=t2+(1, 3))	2	282
(4715, 95, 4376, t1) & (4376, 136, 883, t2=t1+(0, 3)) -> (4376, 95, 4376, t3=t2+(1, 10))	2	283
(4937, 30, 721, t1) & (4937, 125, 721, t2=t1+(0, 7)) -> (721, 30, 4937, t3=t2+(1, 7))	2	284
(1449, 168, 590, t1) & (590, 194, 3482, t2=t1+(0, 1)) -> (3482, 168, 1449, t3=t2+(1, 5))	2	285
(4659, 162, 1409, t1) & (4659, 177, 1409, t2=t1+(0, 7)) -> (1409, 162, 4659, t3=t2+(1, 13))	2	286
(2173, 60, 231, t1) & (1250, 123, 231, t2=t1+(0, 2)) -> (1250, 60, 2173, t3=t2+(1, 7))	2	287
(100, 149, 3963, t1) & (3963, 24, 100, t2=t1+(0, 7)) -> (3963, 24, 100, t3=t2+(1, 3))	2	288
(2245, 159, 3429, t1) & (4604, 53, 2245, t2=t1+(0, 8)) -> (2245, 159, 4604, t3=t2+(1, 4))	2	289
(3556, 88, 1918, t1) & (4118, 132, 3556, t2=t1+(0, 11)) -> (1918, 132, 4118, t3=t2+(1, 3))	2	290
(4073, 157, 2586, t1) & (941, 92, 2586, t2=t1+(0, 3)) -> (941, 92, 2586, t3=t2+(1, 4))	2	291
(2364, 23, 2003, t1) & (2364, 46, 2458, t2=t1+(0, 3)) -> (2458, 46, 2364, t3=t2+(1, 7))	2	292
(4993, 112, 1481, t1) & (1481, 135, 4969, t2=t1+(0, 10)) -> (4993, 112, 1481, t3=t2+(1, 6))	2	293
(1775, 181, 3473, t1) & (3473, 159, 1884, t2=t1+(0, 6)) -> (3473, 159, 1775, t3=t2+(1, 5))	2	294
(3503, 44, 1321, t1) & (65, 5, 1321, t2=t1+(0, 4)) -> (1321, 44, 1321, t3=t2+(1, 7))	2	295
(3698, 36, 1257, t1) & (1257, 25, 3698, t2=t1+(0, 8)) -> (3698, 25, 1257, t3=t2+(1, 4))	2	296
(732, 141, 4668, t1) & (732, 142, 840, t2=t1+(0, 4)) -> (732, 142, 732, t3=t2+(1, 5))	2	297
(65, 73, 306, t1) & (65, 37, 3977, t2=t1+(0, 7)) -> (65, 73, 306, t3=t2+(1, 5))	2	298
(847, 75, 2973, t1) & (2973, 132, 866, t2=t1+(0, 3)) -> (2973, 132, 866, t3=t2+(1, 3))	2	299
(1373, 156, 2423, t1) -> (2423, 156, 1373, t2=t1+(1, 6))	1	300
(1309, 77, 1246, t1) -> (1309, 77, 1309, t2=t1+(1, 4))	1	301
(2196, 59, 3622, t1) -> (3622, 59, 2196, t2=t1+(1, 5))	1	302
(3476, 97, 3254, t1) -> (3254, 97, 3476, t2=t1+(1, 2))	1	303
(2290, 25, 3373, t1) -> (2290, 25, 3373, t2=t1+(1, 3))	1	304
(1894, 177, 2889, t1) -> (2889, 177, 2889, t2=t1+(1, 6))	1	305
(4783, 167, 4118, t1) -> (4783, 167, 4118, t2=t1+(1, 6))	1	306
(724, 138, 4529, t1) -> (724, 138, 724, t2=t1+(1, 4))	1	307
(4280, 124, 2052, t1) -> (4280, 124, 2052, t2=t1+(1, 4))	1	308
(387, 55, 2882, t1) -> (2882, 55, 387, t2=t1+(1, 5))	1	309
(2976, 91, 467, t1) -> (467, 91, 2976, t2=t1+(1, 4))	1	310
(4029, 35, 2197, t1) -> (4029, 35, 4029, t2=t1+(1, 4))	1	311
(3707, 65, 2335, t1) -> (3707, 65, 3707, t2=t1+(1, 8))	1	312
(2041, 146, 118, t1) -> (2041, 146, 118, t2=t1+(1, 3))	1	313
(2085, 137, 3593, t1) -> (3593, 137, 2085, t2=t1+(1, 5))	1	314
(972, 191, 2402, t1) -> (972, 191, 972, t2=t1+(1, 4))	1	315
(406, 80, 4267, t1) -> (406, 80, 406, t2=t1+(1, 2))	1	316
(306, 137, 1488, t1) -> (1488, 137, 1488, t2=t1+(1, 7))	1	317
(391, 38, 2350, t1) -> (2350, 38, 391, t2=t1+(1, 3))	1	318
(1456, 30, 4685, t1) -> (4685, 30, 1456, t2=t1+(1, 4))	1	319
(1039, 22, 4434, t1) -> (4434, 22, 1039, t2=t1+(1, 1))	1	320
(3183, 80, 1145, t1) -> (1145, 80, 1145, t2=t1+(1, 6))	1	321
(1404, 33, 4812, t1) -> (1404, 33, 4812, t2=t1+(1, 8))	1	322
(1352, 133, 199, t1) -> (1352, 133, 199, t2=t1+(1, 7))	1	323
(4053, 32, 679, t1) -> (679, 32, 679, t2=t1+(1, 3))	1	324
(2560, 0, 385, t1) -> (2560, 0, 385, t2=t1+(1, 4))	1	325
(3943, 64, 1937, t1) -> (1937, 64, 3943, t2=t1+(1, 4))	1	326
(3219, 44, 523, t1) -> (3219, 44, 523, t2=t1+(1, 4))	1	327
(4599, 63, 1288, t1) -> (4599, 63, 1288, t2=t1+(1, 9))	1	328
(2240, 175, 159, t1) -> (159, 175, 2240, t2=t1+(1, 4))	1	329
(3983, 130, 1273, t1) -> (1273, 130, 1273, t2=t1+(1, 6))	1	330
(871, 111, 456, t1) -> (871, 111, 871, t2=t1+(1, 4))	1	331
(4055, 24, 3465, t1) -> (3465, 24, 4055, t2=t1+(1, 5))	1	332
(1922, 193, 4924, t1) -> (4924, 193, 1922, t2=t1+(1, 6))	1	333
(1407, 71, 511, t1) -> (511, 71, 1407, t2=t1+(1, 5))	1	334
(2153, 80, 3446, t1) -> (2153, 80, 2153, t2=t1+(1, 2))	1	335
(2295, 35, 971, t1) -> (2295, 35, 971, t2=t1+(1, 2))	1	336
(1564, 96, 557, t1) -> (1564, 96, 557, t2=t1+(1, 2))	1	337
(2367, 72, 2352, t1) -> (2352, 72, 2367, t2=t1+(1, 5))	1	338
(4254, 66, 2515, t1) -> (4254, 66, 2515, t2=t1+(1, 7))	1	339
(3482, 30, 602, t1) -> (3482, 30, 3482, t2=t1+(1, 5))	1	340
(4473, 72, 4847, t1) -> (4847, 72, 4847, t2=t1+(1, 3))	1	341
(2712, 95, 2354, t1) -> (2354, 95, 2712, t2=t1+(1, 5))	1	342
(513, 3, 3913, t1) -> (3913, 3, 513, t2=t1+(1, 9))	1	343
(4099, 145, 197, t1) -> (4099, 145, 197, t2=t1+(1, 5))	1	344
(2774, 36, 3687, t1) -> (3687, 36, 2774, t2=t1+(1, 5))	1	345
(360, 26, 2155, t1) -> (360, 26, 360, t2=t1+(1, 5))	1	346
(3712, 104, 4332, t1) -> (3712, 104, 3712, t2=t1+(1, 5))	1	347
(1600, 16, 891, t1) -> (891, 16, 1600, t2=t1+(1, 6))	1	348
(2823, 27, 488, t1) -> (488, 27, 2823, t2=t1+(1, 9))	1	349
