(4328, 142, 3535, t1) & (4192, 140, 4877, t2=t1+(0, 5)) & (4328, 23, 4877, t3=t2+(0, 5)) -> (4877, 23, 4328, t4=t3+(1, 2))	3	0
(4943, 130, 4653, t1) & (3003, 194, 3533, t2=t1+(0, 6)) & (3003, 100, 4943, t3=t2+(0, 4)) -> (3003, 100, 4653, t4=t3+(1, 5))	3	1
(567, 39, 2524, t1) & (116, 165, 4904, t2=t1+(0, 3)) & (116, 27, 2524, t3=t2+(0, 8)) -> (4904, 39, 116, t4=t3+(1, 8))	3	2
(490, 129, 1150, t1) & (4269, 181, 2280, t2=t1+(0, 4)) & (490, 54, 2280, t3=t2+(0, 5)) -> (4269, 129, 490, t4=t3+(1, 4))	3	3
(2540, 181, 1288, t1) & (3673, 33, 4427, t2=t1+(0, 5)) & (3673, 5, 1288, t3=t2+(0, 8)) -> (1288, 181, 4427, t4=t3+(1, 7))	3	4
(3153, 107, 35, t1) & (1306, 54, 1795, t2=t1+(0, 3)) & (1795, 111, 3153, t3=t2+(0, 4)) -> (1795, 107, 1795, t4=t3+(1, 7))	3	5
(4936, 129, 560, t1) & (3935, 166, 3042, t2=t1+(0, 5)) & (560, 22, 3935, t3=t2+(0, 6)) -> (3935, 22, 3935, t4=t3+(1, 6))	3	6
(4569, 71, 1037, t1) & (3266, 76, 3605, t2=t1+(0, 1)) & (1037, 92, 3266, t3=t2+(0, 4)) -> (1037, 92, 4569, t4=t3+(1, 4))	3	7
(628, 38, 2949, t1) & (3565, 16, 3019, t2=t1+(0, 8)) & (3565, 46, 628, t3=t2+(0, 2)) -> (628, 46, 3019, t4=t3+(1, 7))	3	8
(4328, 65, 328, t1) & (4626, 39, 865, t2=t1+(0, 7)) & (4328, 56, 4626, t3=t2+(0, 5)) -> (4626, 56, 4328, t4=t3+(1, 3))	3	9
(4100, 54, 1098, t1) & (3478, 92, 3474, t2=t1+(0, 6)) & (3474, 67, 1098, t3=t2+(0, 5)) -> (1098, 54, 1098, t4=t3+(1, 3))	3	10
(362, 172, 1863, t1) & (2900, 188, 984, t2=t1+(0, 5)) & (2900, 90, 1863, t3=t2+(0, 4)) -> (1863, 90, 1863, t4=t3+(1, 7))	3	11
(3535, 23, 926, t1) & (1279, 41, 946, t2=t1+(0, 2)) & (3535, 23, 1279, t3=t2+(0, 4)) -> (3535, 23, 926, t4=t3+(1, 6))	3	12
(2062, 120, 93, t1) & (1062, 61, 2435, t2=t1+(0, 7)) & (1062, 20, 93, t3=t2+(0, 4)) -> (93, 20, 2435, t4=t3+(1, 5))	3	13
(1062, 79, 1843, t1) & (1439, 75, 3210, t2=t1+(0, 7)) & (1843, 194, 3210, t3=t2+(0, 2)) -> (3210, 75, 1439, t4=t3+(1, 3))	3	14
(628, 64, 796, t1) & (103, 16, 1538, t2=t1+(0, 2)) & (628, 77, 103, t3=t2+(0, 3)) -> (628, 16, 1538, t4=t3+(1, 6))	3	15
(1647, 58, 4212, t1) & (2435, 181, 4108, t2=t1+(0, 8)) & (4108, 5, 4212, t3=t2+(0, 7)) -> (1647, 181, 4108, t4=t3+(1, 8))	3	16
(2559, 60, 782, t1) & (960, 130, 1895, t2=t1+(0, 5)) & (960, 74, 782, t3=t2+(0, 4)) -> (782, 130, 782, t4=t3+(1, 4))	3	17
(833, 41, 4575, t1) & (2492, 84, 177, t2=t1+(0, 6)) & (4575, 18, 2492, t3=t2+(0, 2)) -> (4575, 84, 4575, t4=t3+(1, 2))	3	18
(2900, 147, 2357, t1) & (2435, 38, 740, t2=t1+(0, 4)) & (2435, 95, 2357, t3=t2+(0, 1)) -> (740, 147, 2357, t4=t3+(1, 4))	3	19
(4350, 54, 395, t1) & (949, 22, 1647, t2=t1+(0, 3)) & (1647, 151, 395, t3=t2+(0, 7)) -> (4350, 151, 395, t4=t3+(1, 3))	3	20
(848, 0, 3403, t1) & (4532, 173, 35, t2=t1+(0, 10)) & (4532, 157, 3403, t3=t2+(0, 4)) -> (3403, 157, 35, t4=t3+(1, 6))	3	21
(3493, 31, 3844, t1) & (406, 115, 4759, t2=t1+(0, 6)) & (3844, 85, 406, t3=t2+(0, 11)) -> (3493, 115, 406, t4=t3+(1, 3))	3	22
(476, 39, 4950, t1) & (3501, 18, 260, t2=t1+(0, 7)) & (260, 128, 476, t3=t2+(0, 5)) -> (3501, 18, 3501, t4=t3+(1, 3))	3	23
(3018, 123, 1082, t1) & (2116, 71, 2194, t2=t1+(0, 4)) & (1082, 92, 2116, t3=t2+(0, 5)) -> (3018, 123, 2116, t4=t3+(1, 6))	3	24
(2735, 61, 109, t1) & (3493, 128, 4256, t2=t1+(0, 5)) & (2735, 81, 3493, t3=t2+(0, 6)) -> (3493, 128, 4256, t4=t3+(1, 4))	3	25
(4485, 187, 93, t1) & (179, 182, 2318, t2=t1+(0, 6)) & (4485, 95, 179, t3=t2+(0, 6)) -> (179, 95, 4485, t4=t3+(1, 5))	3	26
(3715, 76, 3514, t1) & (2142, 194, 785, t2=t1+(0, 4)) & (3715, 163, 2142, t3=t2+(0, 2)) -> (3715, 194, 3715, t4=t3+(1, 4))	3	27
(4575, 153, 1685, t1) & (2961, 198, 1037, t2=t1+(0, 5)) & (1685, 39, 1037, t3=t2+(0, 5)) -> (2961, 198, 1685, t4=t3+(1, 2))	3	28
(1528, 119, 638, t1) & (4472, 30, 1686, t2=t1+(0, 8)) & (638, 20, 1686, t3=t2+(0, 3)) -> (1686, 20, 638, t4=t3+(1, 6))	3	29
(478, 168, 4882, t1) & (3791, 77, 2816, t2=t1+(0, 9)) & (2816, 63, 478, t3=t2+(0, 3)) -> (4882, 168, 3791, t4=t3+(1, 3))	3	30
(2636, 39, 4760, t1) & (4074, 144, 4985, t2=t1+(0, 5)) & (4074, 19, 2636, t3=t2+(0, 2)) -> (4985, 19, 2636, t4=t3+(1, 3))	3	31
(4453, 43, 2141, t1) & (4964, 140, 722, t2=t1+(0, 4)) & (2141, 107, 4964, t3=t2+(0, 3)) -> (4964, 140, 2141, t4=t3+(1, 1))	3	32
(1895, 103, 1708, t1) & (3003, 153, 2562, t2=t1+(0, 12)) & (1708, 89, 3003, t3=t2+(0, 2)) -> (3003, 103, 1708, t4=t3+(1, 6))	3	33
(3605, 194, 3983, t1) & (1681, 153, 2120, t2=t1+(0, 7)) & (1681, 16, 3605, t3=t2+(0, 3)) -> (3605, 16, 3605, t4=t3+(1, 5))	3	34
(3141, 151, 984, t1) & (4384, 81, 3929, t2=t1+(0, 3)) & (984, 20, 3929, t3=t2+(0, 6)) -> (984, 20, 984, t4=t3+(1, 7))	3	35
(1636, 3, 4135, t1) & (1439, 170, 1037, t2=t1+(0, 5)) & (4135, 76, 1037, t3=t2+(0, 9)) -> (4135, 3, 4135, t4=t3+(1, 4))	3	36
(1451, 140, 4419, t1) & (1538, 115, 4427, t2=t1+(0, 4)) & (1451, 100, 1538, t3=t2+(0, 5)) -> (1538, 100, 4419, t4=t3+(1, 6))	3	37
(4950, 100, 2248, t1) & (754, 129, 1329, t2=t1+(0, 6)) & (2248, 151, 754, t3=t2+(0, 7)) -> (2248, 100, 2248, t4=t3+(1, 4))	3	38
(1260, 188, 1795, t1) & (688, 71, 4846, t2=t1+(0, 5)) & (1260, 115, 688, t3=t2+(0, 8)) -> (1260, 71, 1795, t4=t3+(1, 7))	3	39
(4335, 169, 1097, t1) & (2136, 89, 3167, t2=t1+(0, 7)) & (3167, 199, 4335, t3=t2+(0, 4)) -> (1097, 169, 4335, t4=t3+(1, 5))	3	40
(2280, 13, 782, t1) & (4846, 159, 2996, t2=t1+(0, 4)) & (2996, 195, 2280, t3=t2+(0, 7)) -> (2996, 13, 2280, t4=t3+(1, 3))	3	41
(1154, 155, 3571, t1) & (3509, 76, 2141, t2=t1+(0, 1)) & (3509, 159, 3571, t3=t2+(0, 5)) -> (2141, 159, 3571, t4=t3+(1, 6))	3	42
(4335, 194, 4904, t1) & (534, 129, 3309, t2=t1+(0, 5)) & (4904, 77, 3309, t3=t2+(0, 4)) -> (3309, 77, 3309, t4=t3+(1, 1))	3	43
(93, 61, 4335, t1) & (681, 147, 2475, t2=t1+(0, 10)) & (4335, 43, 2475, t3=t2+(0, 4)) -> (4335, 147, 4335, t4=t3+(1, 7))	3	44
(621, 19, 4335, t1) & (1499, 76, 1143, t2=t1+(0, 3)) & (4335, 156, 1143, t3=t2+(0, 7)) -> (1499, 76, 1143, t4=t3+(1, 10))	3	45
(103, 156, 4130, t1) & (681, 101, 1412, t2=t1+(0, 4)) & (103, 159, 681, t3=t2+(0, 5)) -> (4130, 159, 1412, t4=t3+(1, 10))	3	46
(946, 61, 3209, t1) & (406, 89, 2900, t2=t1+(0, 2)) & (2900, 76, 946, t3=t2+(0, 4)) -> (946, 89, 3209, t4=t3+(1, 3))	3	47
(3403, 138, 35, t1) & (1505, 77, 406, t2=t1+(0, 10)) & (35, 167, 406, t3=t2+(0, 5)) -> (1505, 167, 35, t4=t3+(1, 6))	3	48
(2818, 76, 1097, t1) & (1481, 125, 3673, t2=t1+(0, 4)) & (2818, 188, 3673, t3=t2+(0, 7)) -> (3673, 76, 1097, t4=t3+(1, 4))	3	49
(4494, 76, 2461, t1) & (1412, 120, 4264, t2=t1+(0, 5)) & (1412, 103, 2461, t3=t2+(0, 5)) -> (2461, 103, 4264, t4=t3+(1, 7))	3	50
(1569, 150, 328, t1) & (2828, 198, 4128, t2=t1+(0, 1)) & (1569, 198, 2828, t3=t2+(0, 2)) -> (2828, 198, 2828, t4=t3+(1, 3))	3	51
(1348, 19, 3493, t1) & (2171, 39, 1389, t2=t1+(0, 5)) & (3493, 68, 2171, t3=t2+(0, 4)) -> (3493, 68, 1389, t4=t3+(1, 3))	3	52
(4314, 56, 4320, t1) & (740, 184, 4760, t2=t1+(0, 1)) & (740, 170, 4320, t3=t2+(0, 7)) -> (4314, 170, 4760, t4=t3+(1, 6))	3	53
(3054, 170, 1062, t1) & (4427, 67, 3911, t2=t1+(0, 4)) & (3911, 130, 1062, t3=t2+(0, 8)) -> (1062, 170, 3911, t4=t3+(1, 5))	3	54
(35, 145, 1666, t1) & (1154, 29, 4709, t2=t1+(0, 2)) & (4709, 16, 1666, t3=t2+(0, 3)) -> (1154, 145, 1154, t4=t3+(1, 3))	3	55
(745, 77, 2024, t1) & (743, 156, 413, t2=t1+(0, 3)) & (743, 61, 745, t3=t2+(0, 5)) -> (745, 156, 745, t4=t3+(1, 8))	3	56
(782, 182, 3003, t1) & (1481, 166, 2267, t2=t1+(0, 2)) & (2267, 56, 3003, t3=t2+(0, 7)) -> (1481, 166, 2267, t4=t3+(1, 3))	3	57
(688, 75, 1306, t1) & (179, 142, 2037, t2=t1+(0, 5)) & (2037, 15, 688, t3=t2+(0, 3)) -> (688, 15, 179, t4=t3+(1, 4))	3	58
(601, 172, 4350, t1) & (4238, 92, 4802, t2=t1+(0, 6)) & (4802, 145, 601, t3=t2+(0, 7)) -> (4238, 145, 4802, t4=t3+(1, 3))	3	59
(2636, 122, 1347, t1) & (4562, 111, 4427, t2=t1+(0, 3)) & (1347, 80, 4562, t3=t2+(0, 4)) -> (4562, 122, 1347, t4=t3+(1, 3))	3	60
(4320, 153, 3003, t1) & (900, 165, 2739, t2=t1+(0, 4)) & (900, 142, 4320, t3=t2+(0, 4)) -> (3003, 165, 3003, t4=t3+(1, 5))	3	61
(4717, 127, 1242, t1) & (4508, 113, 165, t2=t1+(0, 3)) & (165, 153, 1242, t3=t2+(0, 7)) -> (1242, 127, 1242, t4=t3+(1, 3))	3	62
(1952, 61, 1097, t1) & (2698, 68, 1236, t2=t1+(0, 3)) & (1952, 62, 2698, t3=t2+(0, 5)) -> (1952, 61, 1952, t4=t3+(1, 3))	3	63
(3670, 52, 1082, t1) & (1672, 153, 2705, t2=t1+(0, 6)) & (1082, 148, 1672, t3=t2+(0, 2)) -> (1082, 148, 1672, t4=t3+(1, 1))	3	64
(3190, 33, 621, t1) & (4846, 71, 4665, t2=t1+(0, 4)) & (621, 140, 4846, t3=t2+(0, 7)) -> (4846, 140, 3190, t4=t3+(1, 3))	3	65
(4277, 172, 782, t1) & (3318, 198, 4314, t2=t1+(0, 5)) & (4277, 92, 4314, t3=t2+(0, 2)) -> (4277, 92, 4277, t4=t3+(1, 7))	3	66
(3971, 26, 3531, t1) & (1915, 164, 3891, t2=t1+(0, 5)) & (3531, 163, 3891, t3=t2+(0, 7)) -> (1915, 163, 3531, t4=t3+(1, 2))	3	67
(951, 90, 4805, t1) & (817, 23, 35, t2=t1+(0, 3)) & (817, 128, 951, t3=t2+(0, 9)) -> (35, 128, 951, t4=t3+(1, 3))	3	68
(1354, 23, 1383, t1) & (1344, 142, 4320, t2=t1+(0, 3)) & (1354, 115, 4320, t3=t2+(0, 8)) -> (1354, 23, 1383, t4=t3+(1, 5))	3	69
(560, 170, 3149, t1) & (2505, 115, 4485, t2=t1+(0, 1)) & (560, 52, 4485, t3=t2+(0, 4)) -> (4485, 170, 560, t4=t3+(1, 7))	3	70
(2280, 165, 2248, t1) & (800, 16, 4100, t2=t1+(0, 3)) & (4100, 69, 2248, t3=t2+(0, 2)) -> (4100, 16, 4100, t4=t3+(1, 7))	3	71
(4751, 54, 1665, t1) & (1643, 119, 601, t2=t1+(0, 11)) & (4751, 191, 601, t3=t2+(0, 3)) -> (1665, 119, 1665, t4=t3+(1, 4))	3	72
(3433, 142, 4943, t1) & (3209, 197, 2226, t2=t1+(0, 4)) & (3209, 142, 4943, t3=t2+(0, 4)) -> (3209, 142, 3433, t4=t3+(1, 5))	3	73
(4609, 144, 3533, t1) & (4335, 71, 2581, t2=t1+(0, 3)) & (2581, 100, 4609, t3=t2+(0, 5)) -> (3533, 100, 2581, t4=t3+(1, 6))	3	74
(1275, 142, 2900, t1) & (1915, 20, 3121, t2=t1+(0, 5)) & (2900, 71, 3121, t3=t2+(0, 4)) -> (2900, 142, 2900, t4=t3+(1, 6))	3	75
(2739, 140, 4453, t1) & (3003, 5, 2120, t2=t1+(0, 3)) & (4453, 101, 3003, t3=t2+(0, 4)) -> (2739, 101, 4453, t4=t3+(1, 7))	3	76
(796, 126, 580, t1) & (3935, 1, 1685, t2=t1+(0, 1)) & (1685, 144, 796, t3=t2+(0, 6)) -> (1685, 1, 1685, t4=t3+(1, 5))	3	77
(3226, 120, 4665, t1) & (2855, 182, 1037, t2=t1+(0, 4)) & (4665, 140, 2855, t3=t2+(0, 7)) -> (1037, 182, 2855, t4=t3+(1, 8))	3	78
(2544, 15, 1293, t1) & (1534, 116, 4958, t2=t1+(0, 3)) & (2544, 151, 4958, t3=t2+(0, 4)) -> (4958, 15, 2544, t4=t3+(1, 2))	3	79
(4253, 153, 2424, t1) & (560, 123, 921, t2=t1+(0, 3)) & (2424, 181, 921, t3=t2+(0, 5)) -> (2424, 181, 2424, t4=t3+(1, 9))	3	80
(572, 140, 4380, t1) & (4277, 61, 3493, t2=t1+(0, 3)) & (4380, 114, 4277, t3=t2+(0, 5)) -> (4277, 140, 4277, t4=t3+(1, 3))	3	81
(2037, 18, 2262, t1) & (4419, 156, 4846, t2=t1+(0, 8)) & (4846, 142, 2262, t3=t2+(0, 6)) -> (2037, 156, 4846, t4=t3+(1, 7))	3	82
(3260, 165, 1037, t1) & (1930, 132, 3535, t2=t1+(0, 4)) & (1037, 180, 1930, t3=t2+(0, 2)) -> (3535, 180, 1037, t4=t3+(1, 4))	3	83
(2194, 89, 653, t1) & (1260, 5, 638, t2=t1+(0, 9)) & (638, 27, 2194, t3=t2+(0, 7)) -> (2194, 89, 1260, t4=t3+(1, 8))	3	84
(740, 106, 1704, t1) & (412, 50, 3003, t2=t1+(0, 2)) & (3003, 61, 740, t3=t2+(0, 4)) -> (740, 106, 740, t4=t3+(1, 2))	3	85
(782, 64, 78, t1) & (4904, 143, 1073, t2=t1+(0, 5)) & (782, 76, 1073, t3=t2+(0, 3)) -> (1073, 143, 4904, t4=t3+(1, 6))	3	86
(219, 71, 2739, t1) & (4269, 144, 2405, t2=t1+(0, 3)) & (4269, 26, 2739, t3=t2+(0, 6)) -> (2739, 71, 2739, t4=t3+(1, 3))	3	87
(681, 48, 3894, t1) & (2740, 154, 35, t2=t1+(0, 6)) & (681, 180, 2740, t3=t2+(0, 4)) -> (2740, 154, 2740, t4=t3+(1, 4))	3	88
(3414, 87, 4634, t1) & (4335, 107, 3003, t2=t1+(0, 4)) & (3414, 147, 3003, t3=t2+(0, 3)) -> (3003, 147, 3414, t4=t3+(1, 5))	3	89
(1643, 163, 3833, t1) & (257, 128, 2717, t2=t1+(0, 5)) & (257, 55, 3833, t3=t2+(0, 9)) -> (2717, 55, 2717, t4=t3+(1, 6))	3	90
(4261, 198, 2717, t1) & (1354, 92, 1227, t2=t1+(0, 7)) & (1354, 137, 4261, t3=t2+(0, 10)) -> (4261, 92, 1354, t4=t3+(1, 5))	3	91
(3929, 23, 4016, t1) & (4335, 23, 4204, t2=t1+(0, 6)) & (4016, 184, 4335, t3=t2+(0, 9)) -> (4335, 23, 4204, t4=t3+(1, 12))	3	92
(3268, 61, 331, t1) & (3003, 157, 3403, t2=t1+(0, 3)) & (331, 145, 3003, t3=t2+(0, 4)) -> (3268, 61, 3403, t4=t3+(1, 4))	3	93
(2328, 85, 103, t1) & (2248, 20, 4016, t2=t1+(0, 3)) & (2248, 129, 103, t3=t2+(0, 2)) -> (2328, 20, 103, t4=t3+(1, 4))	3	94
(3452, 170, 1853, t1) & (1795, 97, 560, t2=t1+(0, 6)) & (1795, 41, 3452, t3=t2+(0, 3)) -> (3452, 41, 3452, t4=t3+(1, 3))	3	95
(2924, 178, 2283, t1) & (2267, 64, 4453, t2=t1+(0, 3)) & (2283, 188, 2267, t3=t2+(0, 5)) -> (2267, 64, 2924, t4=t3+(1, 9))	3	96
(2924, 111, 4217, t1) & (3866, 161, 4384, t2=t1+(0, 4)) & (4384, 131, 2924, t3=t2+(0, 1)) -> (4384, 131, 4384, t4=t3+(1, 5))	3	97
(3533, 58, 365, t1) & (35, 161, 2328, t2=t1+(0, 10)) & (3533, 77, 2328, t3=t2+(0, 8)) -> (2328, 77, 2328, t4=t3+(1, 2))	3	98
(4752, 114, 740, t1) & (2269, 66, 3535, t2=t1+(0, 4)) & (2269, 64, 740, t3=t2+(0, 10)) -> (3535, 66, 2269, t4=t3+(1, 4))	3	99
(1589, 107, 2232, t1) & (2232, 165, 3183, t2=t1+(0, 4)) -> (3183, 107, 2232, t3=t2+(1, 3))	2	100
(2390, 158, 4569, t1) & (4569, 61, 4569, t2=t1+(0, 8)) -> (2390, 61, 4569, t3=t2+(1, 1))	2	101
(1421, 119, 1, t1) & (1, 100, 1421, t2=t1+(0, 3)) -> (1, 119, 1, t3=t2+(1, 6))	2	102
(1037, 191, 1344, t1) & (4802, 127, 1344, t2=t1+(0, 8)) -> (1344, 191, 4802, t3=t2+(1, 5))	2	103
(78, 182, 3429, t1) & (78, 136, 3891, t2=t1+(0, 7)) -> (3891, 136, 3429, t3=t2+(1, 3))	2	104
(4124, 71, 2739, t1) & (4124, 14, 257, t2=t1+(0, 6)) -> (4124, 14, 4124, t3=t2+(1, 5))	2	105
(1141, 86, 2721, t1) & (2721, 118, 1141, t2=t1+(0, 5)) -> (1141, 86, 2721, t3=t2+(1, 3))	2	106
(2339, 76, 3188, t1) & (2339, 56, 3188, t2=t1+(0, 3)) -> (2339, 76, 2339, t3=t2+(1, 8))	2	107
(3565, 99, 3879, t1) & (3565, 18, 3565, t2=t1+(0, 4)) -> (3565, 99, 3879, t3=t2+(1, 2))	2	108
(796, 38, 3847, t1) & (3847, 187, 4709, t2=t1+(0, 1)) -> (3847, 38, 796, t3=t2+(1, 5))	2	109
(4003, 100, 165, t1) & (165, 163, 165, t2=t1+(0, 7)) -> (165, 100, 165, t3=t2+(1, 5))	2	110
(1679, 165, 3121, t1) & (3121, 148, 2949, t2=t1+(0, 5)) -> (2949, 165, 1679, t3=t2+(1, 5))	2	111
(3584, 20, 328, t1) & (3820, 76, 328, t2=t1+(0, 4)) -> (3584, 20, 3820, t3=t2+(1, 6))	2	112
(4100, 129, 4797, t1) & (4100, 129, 4100, t2=t1+(0, 8)) -> (4100, 129, 4797, t3=t2+(1, 5))	2	113
(170, 69, 4327, t1) & (4327, 94, 1526, t2=t1+(0, 7)) -> (170, 94, 1526, t3=t2+(1, 3))	2	114
(4335, 145, 4320, t1) & (4335, 120, 1292, t2=t1+(0, 8)) -> (1292, 145, 4335, t3=t2+(1, 8))	2	115
(2792, 84, 4320, t1) & (4061, 37, 2792, t2=t1+(0, 3)) -> (2792, 84, 2792, t3=t2+(1, 9))	2	116
(2761, 101, 1354, t1) & (4108, 119, 1354, t2=t1+(0, 3)) -> (1354, 101, 4108, t3=t2+(1, 5))	2	117
(1154, 105, 3271, t1) & (3271, 128, 3506, t2=t1+(0, 6)) -> (3271, 128, 3271, t3=t2+(1, 5))	2	118
(1037, 94, 1685, t1) & (1037, 71, 1037, t2=t1+(0, 5)) -> (1037, 94, 1037, t3=t2+(1, 5))	2	119
(956, 165, 3433, t1) & (956, 145, 956, t2=t1+(0, 3)) -> (956, 145, 3433, t3=t2+(1, 2))	2	120
(3268, 151, 2702, t1) & (1947, 140, 2702, t2=t1+(0, 7)) -> (2702, 140, 3268, t3=t2+(1, 6))	2	121
(1926, 71, 3406, t1) & (284, 165, 1926, t2=t1+(0, 5)) -> (3406, 165, 3406, t3=t2+(1, 7))	2	122
(1037, 128, 933, t1) & (1037, 172, 1037, t2=t1+(0, 5)) -> (1037, 172, 1037, t3=t2+(1, 6))	2	123
(3894, 20, 2337, t1) & (2238, 33, 3894, t2=t1+(0, 7)) -> (2337, 33, 3894, t3=t2+(1, 6))	2	124
(3686, 111, 3578, t1) & (3578, 129, 3578, t2=t1+(0, 2)) -> (3578, 111, 3578, t3=t2+(1, 8))	2	125
(4888, 43, 560, t1) & (560, 198, 4581, t2=t1+(0, 5)) -> (560, 198, 560, t3=t2+(1, 4))	2	126
(490, 13, 155, t1) & (490, 144, 490, t2=t1+(0, 6)) -> (155, 13, 155, t3=t2+(1, 1))	2	127
(3245, 114, 3874, t1) & (3874, 103, 4427, t2=t1+(0, 4)) -> (4427, 114, 4427, t3=t2+(1, 3))	2	128
(4320, 147, 1360, t1) & (1062, 167, 1360, t2=t1+(0, 5)) -> (1062, 147, 1062, t3=t2+(1, 4))	2	129
(4003, 107, 3535, t1) & (3535, 101, 1857, t2=t1+(0, 7)) -> (3535, 107, 4003, t3=t2+(1, 7))	2	130
(1481, 54, 658, t1) & (658, 147, 1481, t2=t1+(0, 8)) -> (658, 54, 658, t3=t2+(1, 6))	2	131
(745, 85, 4130, t1) & (745, 61, 3322, t2=t1+(0, 5)) -> (4130, 85, 745, t3=t2+(1, 2))	2	132
(4805, 33, 3003, t1) & (4805, 5, 4805, t2=t1+(0, 6)) -> (3003, 33, 4805, t3=t2+(1, 4))	2	133
(3474, 145, 4452, t1) & (754, 87, 4452, t2=t1+(0, 3)) -> (3474, 145, 3474, t3=t2+(1, 3))	2	134
(413, 153, 4936, t1) & (4936, 105, 413, t2=t1+(0, 4)) -> (4936, 105, 413, t3=t2+(1, 2))	2	135
(2110, 54, 3218, t1) & (4453, 89, 3218, t2=t1+(0, 9)) -> (3218, 54, 2110, t3=t2+(1, 6))	2	136
(1800, 127, 1439, t1) & (2401, 30, 1800, t2=t1+(0, 8)) -> (2401, 127, 1800, t3=t2+(1, 1))	2	137
(1344, 89, 782, t1) & (1344, 159, 1344, t2=t1+(0, 4)) -> (782, 89, 1344, t3=t2+(1, 4))	2	138
(4782, 92, 1383, t1) & (4350, 168, 1383, t2=t1+(0, 1)) -> (1383, 92, 4782, t3=t2+(1, 4))	2	139
(1257, 188, 2735, t1) & (2735, 20, 2735, t2=t1+(0, 6)) -> (2735, 20, 2735, t3=t2+(1, 7))	2	140
(2268, 69, 3998, t1) & (3998, 142, 4100, t2=t1+(0, 5)) -> (3998, 142, 2268, t3=t2+(1, 8))	2	141
(4320, 140, 3501, t1) & (3501, 41, 4320, t2=t1+(0, 5)) -> (4320, 140, 4320, t3=t2+(1, 7))	2	142
(3535, 140, 4654, t1) & (3535, 50, 3535, t2=t1+(0, 10)) -> (4654, 50, 3535, t3=t2+(1, 3))	2	143
(2648, 156, 4273, t1) & (630, 22, 2648, t2=t1+(0, 3)) -> (2648, 156, 630, t3=t2+(1, 4))	2	144
(1239, 63, 3343, t1) & (3764, 56, 3343, t2=t1+(0, 4)) -> (3343, 56, 3343, t3=t2+(1, 5))	2	145
(4017, 125, 1318, t1) & (4017, 119, 4626, t2=t1+(0, 3)) -> (1318, 125, 4017, t3=t2+(1, 4))	2	146
(1617, 89, 3493, t1) & (3493, 82, 3493, t2=t1+(0, 2)) -> (1617, 82, 3493, t3=t2+(1, 4))	2	147
(3560, 155, 727, t1) & (3560, 110, 1260, t2=t1+(0, 7)) -> (1260, 155, 3560, t3=t2+(1, 6))	2	148
(946, 165, 365, t1) & (365, 145, 257, t2=t1+(0, 8)) -> (365, 145, 365, t3=t2+(1, 11))	2	149
(4454, 39, 785, t1) & (4454, 35, 257, t2=t1+(0, 7)) -> (257, 39, 257, t3=t2+(1, 3))	2	150
(4320, 181, 1165, t1) & (1165, 85, 3245, t2=t1+(0, 7)) -> (1165, 181, 1165, t3=t2+(1, 7))	2	151
(3791, 103, 170, t1) & (3791, 61, 1477, t2=t1+(0, 5)) -> (3791, 61, 1477, t3=t2+(1, 8))	2	152
(4815, 89, 2280, t1) & (3911, 75, 4815, t2=t1+(0, 5)) -> (4815, 89, 3911, t3=t2+(1, 2))	2	153
(2136, 76, 4846, t1) & (2136, 71, 4846, t2=t1+(0, 3)) -> (4846, 76, 4846, t3=t2+(1, 3))	2	154
(3190, 165, 2268, t1) & (2268, 165, 2268, t2=t1+(0, 6)) -> (2268, 165, 2268, t3=t2+(1, 6))	2	155
(4288, 54, 1242, t1) & (1242, 198, 1242, t2=t1+(0, 5)) -> (4288, 54, 1242, t3=t2+(1, 4))	2	156
(3514, 84, 2280, t1) & (2280, 26, 2280, t2=t1+(0, 2)) -> (2280, 26, 3514, t3=t2+(1, 3))	2	157
(3474, 120, 949, t1) & (1451, 103, 3474, t2=t1+(0, 3)) -> (3474, 120, 1451, t3=t2+(1, 3))	2	158
(896, 5, 4193, t1) & (4193, 152, 4100, t2=t1+(0, 9)) -> (896, 5, 4193, t3=t2+(1, 5))	2	159
(4545, 61, 2633, t1) & (4719, 27, 4545, t2=t1+(0, 4)) -> (4719, 27, 4545, t3=t2+(1, 4))	2	160
(4335, 89, 406, t1) & (406, 6, 3226, t2=t1+(0, 7)) -> (4335, 89, 3226, t3=t2+(1, 4))	2	161
(2328, 190, 1344, t1) & (782, 163, 1344, t2=t1+(0, 5)) -> (2328, 190, 1344, t3=t2+(1, 5))	2	162
(781, 120, 165, t1) & (2446, 140, 165, t2=t1+(0, 5)) -> (781, 120, 165, t3=t2+(1, 8))	2	163
(2878, 129, 4877, t1) & (4277, 95, 4877, t2=t1+(0, 4)) -> (4277, 129, 4877, t3=t2+(1, 2))	2	164
(2562, 39, 3560, t1) & (3560, 157, 3560, t2=t1+(0, 8)) -> (2562, 39, 3560, t3=t2+(1, 4))	2	165
(1360, 194, 3681, t1) & (3681, 165, 1907, t2=t1+(0, 14)) -> (1360, 165, 1360, t3=t2+(1, 4))	2	166
(2908, 99, 727, t1) & (946, 129, 2908, t2=t1+(0, 6)) -> (727, 129, 946, t3=t2+(1, 1))	2	167
(631, 20, 776, t1) & (631, 82, 631, t2=t1+(0, 4)) -> (631, 20, 631, t3=t2+(1, 4))	2	168
(4638, 71, 3971, t1) & (3971, 63, 4638, t2=t1+(0, 3)) -> (4638, 71, 4638, t3=t2+(1, 4))	2	169
(1152, 172, 2996, t1) & (2996, 172, 4028, t2=t1+(0, 1)) -> (2996, 172, 4028, t3=t2+(1, 6))	2	170
(3971, 71, 3815, t1) & (3971, 74, 3971, t2=t1+(0, 9)) -> (3971, 71, 3971, t3=t2+(1, 7))	2	171
(3506, 48, 4877, t1) & (4877, 22, 4877, t2=t1+(0, 6)) -> (4877, 48, 3506, t3=t2+(1, 7))	2	172
(2717, 27, 3925, t1) & (406, 18, 3925, t2=t1+(0, 6)) -> (3925, 27, 2717, t3=t2+(1, 4))	2	173
(3894, 75, 2520, t1) & (2900, 38, 3894, t2=t1+(0, 5)) -> (3894, 75, 3894, t3=t2+(1, 7))	2	174
(4659, 142, 205, t1) & (205, 46, 4558, t2=t1+(0, 5)) -> (205, 46, 205, t3=t2+(1, 9))	2	175
(2259, 194, 3085, t1) & (2259, 100, 3085, t2=t1+(0, 3)) -> (2259, 100, 2259, t3=t2+(1, 6))	2	176
(3531, 157, 4328, t1) & (4424, 145, 3531, t2=t1+(0, 6)) -> (3531, 145, 3531, t3=t2+(1, 3))	2	177
(4204, 112, 560, t1) & (560, 39, 4204, t2=t1+(0, 7)) -> (560, 39, 4204, t3=t2+(1, 3))	2	178
(4580, 71, 3493, t1) & (4580, 93, 3866, t2=t1+(0, 6)) -> (3493, 93, 3493, t3=t2+(1, 6))	2	179
(4751, 157, 2721, t1) & (4751, 177, 3266, t2=t1+(0, 6)) -> (4751, 177, 4751, t3=t2+(1, 5))	2	180
(4545, 62, 4936, t1) & (4936, 126, 1776, t2=t1+(0, 5)) -> (4545, 62, 4545, t3=t2+(1, 3))	2	181
(1286, 66, 4476, t1) & (4476, 20, 1286, t2=t1+(0, 6)) -> (4476, 20, 4476, t3=t2+(1, 9))	2	182
(3452, 23, 3190, t1) & (3190, 54, 891, t2=t1+(0, 2)) -> (3190, 54, 3452, t3=t2+(1, 3))	2	183
(4760, 28, 2816, t1) & (2816, 87, 1587, t2=t1+(0, 7)) -> (1587, 87, 2816, t3=t2+(1, 6))	2	184
(4314, 182, 4802, t1) & (3535, 155, 4314, t2=t1+(0, 1)) -> (4314, 155, 4802, t3=t2+(1, 4))	2	185
(2435, 128, 328, t1) & (328, 16, 1430, t2=t1+(0, 9)) -> (328, 16, 1430, t3=t2+(1, 5))	2	186
(3403, 140, 2739, t1) & (1002, 128, 2739, t2=t1+(0, 4)) -> (1002, 128, 1002, t3=t2+(1, 5))	2	187
(1286, 79, 2505, t1) & (2505, 54, 2505, t2=t1+(0, 4)) -> (2505, 54, 1286, t3=t2+(1, 3))	2	188
(2268, 155, 4130, t1) & (2268, 76, 828, t2=t1+(0, 12)) -> (2268, 155, 828, t3=t2+(1, 8))	2	189
(4943, 28, 2328, t1) & (984, 101, 4943, t2=t1+(0, 5)) -> (2328, 101, 2328, t3=t2+(1, 9))	2	190
(560, 195, 1037, t1) & (1037, 54, 3932, t2=t1+(0, 3)) -> (560, 54, 3932, t3=t2+(1, 6))	2	191
(571, 103, 4846, t1) & (4846, 39, 571, t2=t1+(0, 8)) -> (4846, 39, 4846, t3=t2+(1, 3))	2	192
(984, 196, 164, t1) & (984, 142, 984, t2=t1+(0, 7)) -> (984, 142, 984, t3=t2+(1, 9))	2	193
(257, 46, 1887, t1) & (257, 161, 3046, t2=t1+(0, 4)) -> (1887, 161, 257, t3=t2+(1, 4))	2	194
(2633, 18, 1685, t1) & (2803, 46, 2633, t2=t1+(0, 5)) -> (2803, 18, 2803, t3=t2+(1, 6))	2	195
(2181, 111, 1, t1) & (2181, 120, 1, t2=t1+(0, 4)) -> (2181, 120, 2181, t3=t2+(1, 4))	2	196
(3003, 26, 4269, t1) & (4269, 77, 3003, t2=t1+(0, 4)) -> (4269, 26, 4269, t3=t2+(1, 8))	2	197
(163, 165, 688, t1) & (1439, 89, 688, t2=t1+(0, 7)) -> (688, 89, 1439, t3=t2+(1, 9))	2	198
(4709, 63, 1566, t1) & (4709, 79, 1566, t2=t1+(0, 5)) -> (4709, 63, 4709, t3=t2+(1, 7))	2	199
(4100, 39, 2636, t1) -> (4100, 39, 4100, t2=t1+(1, 6))	1	200
(3674, 64, 3406, t1) -> (3674, 64, 3674, t2=t1+(1, 2))	1	201
(3209, 133, 4565, t1) -> (4565, 133, 3209, t2=t1+(1, 2))	1	202
(4335, 167, 4665, t1) -> (4665, 167, 4665, t2=t1+(1, 9))	1	203
(3518, 75, 3091, t1) -> (3518, 75, 3091, t2=t1+(1, 3))	1	204
(1559, 191, 2870, t1) -> (1559, 191, 2870, t2=t1+(1, 12))	1	205
(165, 106, 740, t1) -> (165, 106, 740, t2=t1+(1, 3))	1	206
(781, 142, 3271, t1) -> (3271, 142, 781, t2=t1+(1, 6))	1	207
(3227, 170, 2778, t1) -> (3227, 170, 3227, t2=t1+(1, 11))	1	208
(3833, 119, 1709, t1) -> (3833, 119, 1709, t2=t1+(1, 6))	1	209
(2069, 188, 1243, t1) -> (2069, 188, 2069, t2=t1+(1, 2))	1	210
(1895, 105, 4335, t1) -> (1895, 105, 1895, t2=t1+(1, 8))	1	211
(260, 176, 4505, t1) -> (4505, 176, 4505, t2=t1+(1, 10))	1	212
(490, 76, 1002, t1) -> (490, 76, 1002, t2=t1+(1, 6))	1	213
(658, 92, 3037, t1) -> (3037, 92, 3037, t2=t1+(1, 4))	1	214
(951, 115, 3406, t1) -> (3406, 115, 3406, t2=t1+(1, 6))	1	215
(4130, 157, 4309, t1) -> (4309, 157, 4309, t2=t1+(1, 4))	1	216
(4626, 129, 406, t1) -> (406, 129, 406, t2=t1+(1, 11))	1	217
(2357, 29, 1763, t1) -> (1763, 29, 2357, t2=t1+(1, 4))	1	218
(1709, 20, 1827, t1) -> (1827, 20, 1709, t2=t1+(1, 3))	1	219
(3260, 69, 916, t1) -> (916, 69, 3260, t2=t1+(1, 10))	1	220
(35, 118, 745, t1) -> (35, 118, 35, t2=t1+(1, 6))	1	221
(4003, 165, 3555, t1) -> (4003, 165, 4003, t2=t1+(1, 11))	1	222
(2735, 153, 2505, t1) -> (2735, 153, 2735, t2=t1+(1, 13))	1	223
(4, 166, 1002, t1) -> (1002, 166, 1002, t2=t1+(1, 4))	1	224
(1709, 178, 817, t1) -> (817, 178, 817, t2=t1+(1, 4))	1	225
(4987, 17, 3309, t1) -> (4987, 17, 4987, t2=t1+(1, 3))	1	226
(1042, 71, 2280, t1) -> (1042, 71, 1042, t2=t1+(1, 3))	1	227
(4297, 142, 4936, t1) -> (4936, 142, 4297, t2=t1+(1, 5))	1	228
(1037, 43, 3493, t1) -> (1037, 43, 3493, t2=t1+(1, 2))	1	229
(1213, 131, 1383, t1) -> (1383, 131, 1383, t2=t1+(1, 8))	1	230
(4263, 42, 4709, t1) -> (4263, 42, 4709, t2=t1+(1, 5))	1	231
(4507, 23, 2136, t1) -> (2136, 23, 2136, t2=t1+(1, 4))	1	232
(3201, 62, 4410, t1) -> (4410, 62, 3201, t2=t1+(1, 5))	1	233
(2357, 129, 3266, t1) -> (3266, 129, 3266, t2=t1+(1, 6))	1	234
(4320, 84, 3493, t1) -> (4320, 84, 3493, t2=t1+(1, 6))	1	235
(2870, 195, 2475, t1) -> (2475, 195, 2475, t2=t1+(1, 5))	1	236
(3268, 151, 3622, t1) -> (3268, 151, 3268, t2=t1+(1, 3))	1	237
(2037, 19, 276, t1) -> (2037, 19, 2037, t2=t1+(1, 4))	1	238
(4192, 111, 3499, t1) -> (4192, 111, 4192, t2=t1+(1, 5))	1	239
(4100, 137, 957, t1) -> (4100, 137, 4100, t2=t1+(1, 4))	1	240
(782, 61, 3753, t1) -> (782, 61, 3753, t2=t1+(1, 2))	1	241
(740, 39, 651, t1) -> (740, 39, 651, t2=t1+(1, 3))	1	242
(2900, 182, 4819, t1) -> (4819, 182, 2900, t2=t1+(1, 4))	1	243
(3535, 55, 2663, t1) -> (3535, 55, 2663, t2=t1+(1, 2))	1	244
(1538, 147, 817, t1) -> (1538, 147, 817, t2=t1+(1, 5))	1	245
(2268, 120, 2080, t1) -> (2268, 120, 2080, t2=t1+(1, 4))	1	246
(3003, 98, 1681, t1) -> (3003, 98, 1681, t2=t1+(1, 4))	1	247
(4709, 29, 3268, t1) -> (4709, 29, 3268, t2=t1+(1, 8))	1	248
(1708, 39, 621, t1) -> (1708, 39, 1708, t2=t1+(1, 4))	1	249
(2297, 170, 1267, t1) -> (2297, 170, 1267, t2=t1+(1, 2))	1	250
(1421, 194, 3037, t1) -> (1421, 194, 1421, t2=t1+(1, 5))	1	251
(4182, 54, 3891, t1) -> (4182, 54, 4182, t2=t1+(1, 2))	1	252
(4846, 141, 490, t1) -> (4846, 141, 490, t2=t1+(1, 6))	1	253
(1839, 5, 3266, t1) -> (1839, 5, 1839, t2=t1+(1, 3))	1	254
(4846, 12, 4016, t1) -> (4846, 12, 4016, t2=t1+(1, 4))	1	255
(962, 123, 2357, t1) -> (962, 123, 2357, t2=t1+(1, 4))	1	256
(342, 194, 4241, t1) -> (4241, 194, 4241, t2=t1+(1, 3))	1	257
(785, 118, 828, t1) -> (785, 118, 828, t2=t1+(1, 4))	1	258
(1795, 76, 2659, t1) -> (2659, 76, 1795, t2=t1+(1, 4))	1	259
(4660, 48, 702, t1) -> (702, 48, 702, t2=t1+(1, 2))	1	260
(3493, 71, 3879, t1) -> (3493, 71, 3879, t2=t1+(1, 3))	1	261
(2248, 39, 865, t1) -> (865, 39, 2248, t2=t1+(1, 8))	1	262
(3167, 38, 865, t1) -> (3167, 38, 3167, t2=t1+(1, 4))	1	263
(1, 111, 1672, t1) -> (1, 111, 1, t2=t1+(1, 4))	1	264
(1329, 177, 796, t1) -> (796, 177, 1329, t2=t1+(1, 8))	1	265
(828, 142, 4877, t1) -> (4877, 142, 4877, t2=t1+(1, 3))	1	266
(302, 152, 808, t1) -> (302, 152, 808, t2=t1+(1, 8))	1	267
(179, 119, 35, t1) -> (179, 119, 35, t2=t1+(1, 2))	1	268
(2803, 119, 4532, t1) -> (4532, 119, 2803, t2=t1+(1, 3))	1	269
(896, 151, 1504, t1) -> (1504, 151, 896, t2=t1+(1, 1))	1	270
(817, 100, 1573, t1) -> (1573, 100, 817, t2=t1+(1, 5))	1	271
(1874, 23, 1347, t1) -> (1874, 23, 1347, t2=t1+(1, 8))	1	272
(4846, 69, 3913, t1) -> (3913, 69, 3913, t2=t1+(1, 6))	1	273
(4462, 155, 1097, t1) -> (1097, 155, 4462, t2=t1+(1, 6))	1	274
(2268, 145, 4016, t1) -> (2268, 145, 2268, t2=t1+(1, 5))	1	275
(35, 198, 1704, t1) -> (1704, 198, 1704, t2=t1+(1, 1))	1	276
(2721, 158, 1874, t1) -> (2721, 158, 2721, t2=t1+(1, 5))	1	277
(3266, 77, 4238, t1) -> (3266, 77, 4238, t2=t1+(1, 3))	1	278
(1383, 156, 1082, t1) -> (1082, 156, 1383, t2=t1+(1, 1))	1	279
(2893, 180, 743, t1) -> (2893, 180, 743, t2=t1+(1, 6))	1	280
(2262, 95, 2058, t1) -> (2262, 95, 2262, t2=t1+(1, 6))	1	281
(4950, 153, 2238, t1) -> (4950, 153, 4950, t2=t1+(1, 6))	1	282
(4759, 187, 722, t1) -> (4759, 187, 4759, t2=t1+(1, 2))	1	283
(4453, 156, 2893, t1) -> (4453, 156, 4453, t2=t1+(1, 2))	1	284
(745, 48, 4462, t1) -> (4462, 48, 745, t2=t1+(1, 5))	1	285
(1643, 157, 1286, t1) -> (1286, 157, 1286, t2=t1+(1, 3))	1	286
(722, 54, 4638, t1) -> (4638, 54, 4638, t2=t1+(1, 1))	1	287
(1907, 137, 1344, t1) -> (1907, 137, 1344, t2=t1+(1, 4))	1	288
(3791, 50, 3493, t1) -> (3493, 50, 3791, t2=t1+(1, 3))	1	289
(4877, 120, 1643, t1) -> (1643, 120, 1643, t2=t1+(1, 5))	1	290
(817, 71, 706, t1) -> (706, 71, 706, t2=t1+(1, 8))	1	291
(2492, 155, 1985, t1) -> (2492, 155, 1985, t2=t1+(1, 2))	1	292
(745, 123, 2802, t1) -> (745, 123, 745, t2=t1+(1, 5))	1	293
(808, 177, 3042, t1) -> (808, 177, 3042, t2=t1+(1, 5))	1	294
(825, 129, 2328, t1) -> (825, 129, 2328, t2=t1+(1, 5))	1	295
(4751, 153, 3480, t1) -> (3480, 153, 3480, t2=t1+(1, 4))	1	296
(3271, 142, 2525, t1) -> (3271, 142, 2525, t2=t1+(1, 5))	1	297
(2690, 39, 165, t1) -> (165, 39, 165, t2=t1+(1, 1))	1	298
(4462, 60, 4862, t1) -> (4862, 60, 4862, t2=t1+(1, 2))	1	299
