(3278, 172, 807, t1) & (247, 81, 3062, t2=t1+(0, 3)) & (807, 123, 3062, t3=t2+(0, 4)) -> (807, 172, 3062, t4=t3+(1, 6))	3	0
(3853, 194, 1585, t1) & (2997, 67, 3667, t2=t1+(0, 4)) & (1585, 15, 2997, t3=t2+(0, 5)) -> (2997, 67, 1585, t4=t3+(1, 7))	3	1
(2711, 41, 67, t1) & (267, 103, 2001, t2=t1+(0, 5)) & (67, 149, 2001, t3=t2+(0, 3)) -> (2001, 149, 2001, t4=t3+(1, 2))	3	2
(1923, 199, 4461, t1) & (4167, 44, 2738, t2=t1+(0, 8)) & (1923, 26, 4167, t3=t2+(0, 4)) -> (4461, 44, 1923, t4=t3+(1, 2))	3	3
(1225, 62, 4080, t1) & (458, 43, 293, t2=t1+(0, 6)) & (293, 150, 1225, t3=t2+(0, 8)) -> (293, 43, 1225, t4=t3+(1, 5))	3	4
(4506, 138, 4969, t1) & (2090, 170, 4292, t2=t1+(0, 4)) & (4506, 42, 2090, t3=t2+(0, 5)) -> (2090, 42, 4292, t4=t3+(1, 3))	3	5
(4080, 8, 1873, t1) & (3953, 36, 1053, t2=t1+(0, 2)) & (4080, 13, 1053, t3=t2+(0, 7)) -> (4080, 13, 1053, t4=t3+(1, 5))	3	6
(2635, 36, 4222, t1) & (4506, 0, 3042, t2=t1+(0, 3)) & (4506, 37, 4222, t3=t2+(0, 4)) -> (4222, 37, 4222, t4=t3+(1, 4))	3	7
(2913, 130, 3733, t1) & (3605, 26, 1844, t2=t1+(0, 2)) & (3733, 146, 3605, t3=t2+(0, 2)) -> (3733, 26, 2913, t4=t3+(1, 5))	3	8
(4275, 158, 2110, t1) & (2486, 67, 4972, t2=t1+(0, 5)) & (2486, 137, 4275, t3=t2+(0, 4)) -> (2486, 67, 4972, t4=t3+(1, 2))	3	9
(1338, 193, 4658, t1) & (2442, 154, 3801, t2=t1+(0, 7)) & (4658, 3, 2442, t3=t2+(0, 9)) -> (2442, 193, 3801, t4=t3+(1, 2))	3	10
(624, 187, 2997, t1) & (3362, 103, 1619, t2=t1+(0, 4)) & (2997, 182, 1619, t3=t2+(0, 6)) -> (2997, 103, 3362, t4=t3+(1, 3))	3	11
(74, 3, 4678, t1) & (3195, 12, 4930, t2=t1+(0, 5)) & (4930, 23, 4678, t3=t2+(0, 3)) -> (3195, 12, 74, t4=t3+(1, 5))	3	12
(4566, 171, 2253, t1) & (4719, 12, 410, t2=t1+(0, 4)) & (4719, 166, 2253, t3=t2+(0, 2)) -> (4719, 166, 2253, t4=t3+(1, 8))	3	13
(3038, 147, 539, t1) & (3623, 145, 2796, t2=t1+(0, 4)) & (539, 58, 2796, t3=t2+(0, 3)) -> (3623, 145, 2796, t4=t3+(1, 8))	3	14
(2377, 54, 122, t1) & (3407, 126, 1329, t2=t1+(0, 7)) & (3407, 118, 2377, t3=t2+(0, 11)) -> (2377, 126, 1329, t4=t3+(1, 4))	3	15
(4198, 11, 786, t1) & (1583, 179, 3667, t2=t1+(0, 4)) & (786, 106, 3667, t3=t2+(0, 5)) -> (786, 11, 4198, t4=t3+(1, 4))	3	16
(2417, 2, 467, t1) & (1920, 53, 2485, t2=t1+(0, 4)) & (1920, 191, 2417, t3=t2+(0, 3)) -> (1920, 53, 1920, t4=t3+(1, 2))	3	17
(2891, 192, 3301, t1) & (940, 66, 1661, t2=t1+(0, 3)) & (940, 134, 3301, t3=t2+(0, 4)) -> (940, 66, 3301, t4=t3+(1, 6))	3	18
(3636, 82, 4838, t1) & (719, 63, 2685, t2=t1+(0, 2)) & (2685, 50, 3636, t3=t2+(0, 4)) -> (4838, 50, 719, t4=t3+(1, 8))	3	19
(4527, 50, 3999, t1) & (1685, 19, 1370, t2=t1+(0, 9)) & (1370, 27, 3999, t3=t2+(0, 4)) -> (4527, 27, 1370, t4=t3+(1, 3))	3	20
(4972, 44, 4227, t1) & (2650, 24, 1370, t2=t1+(0, 5)) & (2650, 15, 4227, t3=t2+(0, 7)) -> (4972, 44, 1370, t4=t3+(1, 5))	3	21
(4399, 193, 4229, t1) & (3822, 36, 1149, t2=t1+(0, 6)) & (4229, 51, 1149, t3=t2+(0, 7)) -> (4229, 51, 4229, t4=t3+(1, 2))	3	22
(4250, 136, 2494, t1) & (15, 120, 1370, t2=t1+(0, 6)) & (1370, 76, 4250, t3=t2+(0, 5)) -> (2494, 76, 1370, t4=t3+(1, 9))	3	23
(2864, 54, 2782, t1) & (286, 74, 2669, t2=t1+(0, 6)) & (286, 75, 2782, t3=t2+(0, 7)) -> (2782, 54, 286, t4=t3+(1, 5))	3	24
(4553, 49, 4345, t1) & (3772, 123, 3346, t2=t1+(0, 5)) & (3346, 185, 4553, t3=t2+(0, 7)) -> (3772, 185, 3772, t4=t3+(1, 2))	3	25
(293, 57, 965, t1) & (2647, 134, 3489, t2=t1+(0, 6)) & (965, 186, 3489, t3=t2+(0, 5)) -> (293, 134, 965, t4=t3+(1, 6))	3	26
(3700, 73, 4842, t1) & (3158, 160, 4553, t2=t1+(0, 6)) & (3700, 25, 3158, t3=t2+(0, 6)) -> (3158, 73, 3158, t4=t3+(1, 6))	3	27
(4816, 163, 1714, t1) & (3346, 144, 2796, t2=t1+(0, 2)) & (1714, 90, 2796, t3=t2+(0, 6)) -> (1714, 144, 3346, t4=t3+(1, 8))	3	28
(2417, 50, 309, t1) & (4080, 15, 709, t2=t1+(0, 3)) & (709, 187, 309, t3=t2+(0, 4)) -> (4080, 50, 4080, t4=t3+(1, 2))	3	29
(2954, 128, 1279, t1) & (2955, 181, 2813, t2=t1+(0, 2)) & (2954, 148, 2813, t3=t2+(0, 5)) -> (2954, 181, 1279, t4=t3+(1, 7))	3	30
(1697, 96, 3667, t1) & (267, 152, 2253, t2=t1+(0, 3)) & (267, 116, 3667, t3=t2+(0, 2)) -> (1697, 116, 3667, t4=t3+(1, 4))	3	31
(4336, 199, 3593, t1) & (3241, 107, 569, t2=t1+(0, 6)) & (3593, 74, 3241, t3=t2+(0, 6)) -> (3241, 107, 3593, t4=t3+(1, 6))	3	32
(3733, 171, 2084, t1) & (2149, 136, 3308, t2=t1+(0, 6)) & (2149, 27, 3733, t3=t2+(0, 6)) -> (2149, 136, 2084, t4=t3+(1, 7))	3	33
(4447, 18, 1432, t1) & (4516, 113, 2166, t2=t1+(0, 7)) & (4516, 175, 1432, t3=t2+(0, 4)) -> (1432, 175, 4447, t4=t3+(1, 4))	3	34
(2647, 87, 2197, t1) & (74, 146, 38, t2=t1+(0, 4)) & (2647, 196, 74, t3=t2+(0, 7)) -> (2197, 196, 2197, t4=t3+(1, 7))	3	35
(143, 130, 1923, t1) & (3963, 160, 3150, t2=t1+(0, 6)) & (3963, 99, 1923, t3=t2+(0, 3)) -> (3963, 130, 3963, t4=t3+(1, 4))	3	36
(2134, 40, 3768, t1) & (3195, 170, 1387, t2=t1+(0, 6)) & (1387, 194, 3768, t3=t2+(0, 2)) -> (1387, 40, 3768, t4=t3+(1, 4))	3	37
(3107, 8, 2603, t1) & (4506, 29, 537, t2=t1+(0, 1)) & (537, 25, 2603, t3=t2+(0, 3)) -> (4506, 8, 537, t4=t3+(1, 1))	3	38
(1014, 103, 4069, t1) & (4077, 9, 3720, t2=t1+(0, 4)) & (4077, 42, 1014, t3=t2+(0, 4)) -> (1014, 103, 4077, t4=t3+(1, 8))	3	39
(4969, 104, 206, t1) & (4086, 150, 2088, t2=t1+(0, 2)) & (2088, 21, 4969, t3=t2+(0, 6)) -> (2088, 21, 2088, t4=t3+(1, 6))	3	40
(294, 196, 4150, t1) & (2577, 101, 3805, t2=t1+(0, 4)) & (294, 108, 3805, t3=t2+(0, 6)) -> (3805, 108, 2577, t4=t3+(1, 4))	3	41
(965, 62, 3152, t1) & (654, 50, 4797, t2=t1+(0, 5)) & (654, 169, 965, t3=t2+(0, 6)) -> (3152, 50, 4797, t4=t3+(1, 8))	3	42
(4645, 37, 2738, t1) & (613, 56, 3562, t2=t1+(0, 4)) & (613, 186, 2738, t3=t2+(0, 3)) -> (2738, 186, 2738, t4=t3+(1, 2))	3	43
(710, 180, 233, t1) & (4121, 182, 4025, t2=t1+(0, 7)) & (4121, 160, 233, t3=t2+(0, 7)) -> (4025, 182, 710, t4=t3+(1, 2))	3	44
(913, 133, 4645, t1) & (1114, 2, 2455, t2=t1+(0, 5)) & (2455, 133, 913, t3=t2+(0, 2)) -> (4645, 133, 1114, t4=t3+(1, 3))	3	45
(3147, 141, 4160, t1) & (65, 0, 1531, t2=t1+(0, 3)) & (1531, 53, 4160, t3=t2+(0, 5)) -> (4160, 141, 1531, t4=t3+(1, 5))	3	46
(1391, 72, 3661, t1) & (4532, 51, 3152, t2=t1+(0, 6)) & (3152, 94, 1391, t3=t2+(0, 4)) -> (3152, 72, 3661, t4=t3+(1, 5))	3	47
(3351, 191, 247, t1) & (1535, 4, 4019, t2=t1+(0, 6)) & (3351, 64, 1535, t3=t2+(0, 10)) -> (1535, 191, 1535, t4=t3+(1, 7))	3	48
(4070, 136, 1163, t1) & (1746, 70, 1708, t2=t1+(0, 4)) & (4070, 44, 1708, t3=t2+(0, 5)) -> (1163, 44, 1746, t4=t3+(1, 3))	3	49
(4538, 34, 2233, t1) & (654, 63, 3605, t2=t1+(0, 4)) & (654, 11, 2233, t3=t2+(0, 5)) -> (4538, 11, 3605, t4=t3+(1, 5))	3	50
(3531, 35, 745, t1) & (343, 131, 929, t2=t1+(0, 5)) & (3531, 172, 929, t3=t2+(0, 8)) -> (929, 131, 3531, t4=t3+(1, 9))	3	51
(3433, 165, 4999, t1) & (1387, 199, 820, t2=t1+(0, 11)) & (4999, 33, 820, t3=t2+(0, 4)) -> (820, 33, 4999, t4=t3+(1, 5))	3	52
(4972, 193, 965, t1) & (1415, 144, 710, t2=t1+(0, 6)) & (1415, 114, 4972, t3=t2+(0, 5)) -> (1415, 193, 965, t4=t3+(1, 3))	3	53
(3822, 80, 65, t1) & (1509, 8, 2290, t2=t1+(0, 4)) & (3822, 173, 1509, t3=t2+(0, 2)) -> (2290, 8, 3822, t4=t3+(1, 4))	3	54
(4025, 16, 3934, t1) & (534, 43, 1661, t2=t1+(0, 6)) & (1661, 153, 3934, t3=t2+(0, 5)) -> (3934, 153, 1661, t4=t3+(1, 5))	3	55
(1080, 33, 4336, t1) & (1668, 125, 315, t2=t1+(0, 6)) & (315, 155, 1080, t3=t2+(0, 1)) -> (1668, 33, 315, t4=t3+(1, 5))	3	56
(2587, 8, 1014, t1) & (4292, 78, 569, t2=t1+(0, 5)) & (1014, 61, 4292, t3=t2+(0, 1)) -> (569, 8, 569, t4=t3+(1, 4))	3	57
(3805, 162, 3152, t1) & (613, 23, 3811, t2=t1+(0, 3)) & (3152, 176, 3811, t3=t2+(0, 2)) -> (613, 176, 613, t4=t3+(1, 3))	3	58
(1857, 28, 3720, t1) & (2038, 117, 1958, t2=t1+(0, 4)) & (1958, 26, 1857, t3=t2+(0, 6)) -> (2038, 28, 1857, t4=t3+(1, 5))	3	59
(1719, 137, 4478, t1) & (3002, 4, 4341, t2=t1+(0, 5)) & (4341, 165, 1719, t3=t2+(0, 3)) -> (4478, 165, 4341, t4=t3+(1, 6))	3	60
(1602, 13, 3150, t1) & (4093, 92, 1890, t2=t1+(0, 3)) & (1890, 179, 3150, t3=t2+(0, 2)) -> (4093, 179, 3150, t4=t3+(1, 3))	3	61
(4150, 109, 2697, t1) & (924, 17, 2894, t2=t1+(0, 5)) & (924, 51, 4150, t3=t2+(0, 4)) -> (924, 17, 2894, t4=t3+(1, 2))	3	62
(69, 103, 3180, t1) & (2669, 99, 3733, t2=t1+(0, 2)) & (3733, 36, 3180, t3=t2+(0, 4)) -> (2669, 36, 2669, t4=t3+(1, 3))	3	63
(2669, 113, 3533, t1) & (481, 177, 940, t2=t1+(0, 3)) & (481, 191, 3533, t3=t2+(0, 8)) -> (2669, 191, 940, t4=t3+(1, 4))	3	64
(3152, 67, 4865, t1) & (2606, 91, 805, t2=t1+(0, 3)) & (805, 121, 3152, t3=t2+(0, 11)) -> (4865, 91, 3152, t4=t3+(1, 4))	3	65
(1828, 78, 80, t1) & (2043, 127, 3733, t2=t1+(0, 7)) & (2043, 58, 1828, t3=t2+(0, 5)) -> (80, 127, 3733, t4=t3+(1, 4))	3	66
(2485, 60, 1880, t1) & (963, 53, 509, t2=t1+(0, 5)) & (963, 87, 1880, t3=t2+(0, 7)) -> (963, 60, 1880, t4=t3+(1, 6))	3	67
(2669, 131, 805, t1) & (3408, 183, 745, t2=t1+(0, 4)) & (745, 196, 2669, t3=t2+(0, 6)) -> (2669, 183, 2669, t4=t3+(1, 3))	3	68
(3844, 164, 1542, t1) & (3827, 110, 805, t2=t1+(0, 5)) & (1542, 60, 3827, t3=t2+(0, 0)) -> (3827, 110, 805, t4=t3+(1, 4))	3	69
(1227, 185, 4093, t1) & (467, 69, 1370, t2=t1+(0, 8)) & (1370, 149, 4093, t3=t2+(0, 5)) -> (1370, 69, 467, t4=t3+(1, 11))	3	70
(2442, 199, 3147, t1) & (1693, 191, 4199, t2=t1+(0, 4)) & (1693, 179, 2442, t3=t2+(0, 1)) -> (4199, 191, 4199, t4=t3+(1, 8))	3	71
(4041, 92, 4478, t1) & (2515, 24, 3020, t2=t1+(0, 5)) & (4041, 61, 2515, t3=t2+(0, 1)) -> (4041, 61, 4478, t4=t3+(1, 1))	3	72
(537, 78, 3266, t1) & (4167, 121, 1163, t2=t1+(0, 6)) & (3266, 181, 1163, t3=t2+(0, 7)) -> (1163, 78, 537, t4=t3+(1, 6))	3	73
(3657, 92, 3062, t1) & (4947, 132, 1502, t2=t1+(0, 7)) & (4947, 72, 3062, t3=t2+(0, 5)) -> (3657, 72, 1502, t4=t3+(1, 5))	3	74
(1196, 8, 783, t1) & (4538, 197, 4452, t2=t1+(0, 6)) & (783, 44, 4538, t3=t2+(0, 3)) -> (1196, 8, 1196, t4=t3+(1, 2))	3	75
(1186, 148, 2088, t1) & (1413, 44, 1005, t2=t1+(0, 7)) & (1005, 69, 1186, t3=t2+(0, 7)) -> (1005, 148, 1005, t4=t3+(1, 4))	3	76
(315, 46, 3953, t1) & (1364, 40, 1542, t2=t1+(0, 8)) & (3953, 133, 1542, t3=t2+(0, 3)) -> (3953, 133, 1364, t4=t3+(1, 5))	3	77
(4035, 177, 3812, t1) & (3700, 155, 1597, t2=t1+(0, 6)) & (4035, 170, 1597, t3=t2+(0, 9)) -> (3812, 155, 1597, t4=t3+(1, 8))	3	78
(4934, 168, 486, t1) & (4364, 164, 2330, t2=t1+(0, 4)) & (4364, 138, 4934, t3=t2+(0, 6)) -> (486, 138, 486, t4=t3+(1, 6))	3	79
(2068, 85, 4036, t1) & (704, 198, 1395, t2=t1+(0, 2)) & (1395, 147, 2068, t3=t2+(0, 11)) -> (2068, 147, 4036, t4=t3+(1, 9))	3	80
(1839, 81, 509, t1) & (710, 196, 4540, t2=t1+(0, 6)) & (509, 103, 710, t3=t2+(0, 9)) -> (710, 103, 1839, t4=t3+(1, 5))	3	81
(3359, 141, 1478, t1) & (233, 65, 3990, t2=t1+(0, 6)) & (3990, 72, 1478, t3=t2+(0, 4)) -> (1478, 141, 3359, t4=t3+(1, 2))	3	82
(285, 49, 537, t1) & (613, 123, 4077, t2=t1+(0, 4)) & (613, 60, 285, t3=t2+(0, 7)) -> (613, 60, 613, t4=t3+(1, 11))	3	83
(4399, 9, 848, t1) & (1753, 178, 3807, t2=t1+(0, 3)) & (4399, 117, 1753, t3=t2+(0, 3)) -> (1753, 117, 1753, t4=t3+(1, 6))	3	84
(467, 156, 3619, t1) & (38, 176, 2417, t2=t1+(0, 2)) & (2417, 51, 467, t3=t2+(0, 9)) -> (467, 156, 467, t4=t3+(1, 5))	3	85
(1509, 165, 267, t1) & (4298, 171, 2269, t2=t1+(0, 2)) & (2269, 189, 1509, t3=t2+(0, 12)) -> (4298, 189, 1509, t4=t3+(1, 7))	3	86
(54, 36, 4045, t1) & (1602, 180, 2333, t2=t1+(0, 7)) & (54, 167, 2333, t3=t2+(0, 5)) -> (4045, 180, 4045, t4=t3+(1, 2))	3	87
(4452, 29, 4340, t1) & (2088, 171, 3590, t2=t1+(0, 2)) & (4452, 40, 3590, t3=t2+(0, 2)) -> (4340, 171, 3590, t4=t3+(1, 5))	3	88
(3729, 134, 3150, t1) & (4634, 29, 3419, t2=t1+(0, 5)) & (3729, 151, 4634, t3=t2+(0, 4)) -> (4634, 29, 3419, t4=t3+(1, 3))	3	89
(4312, 116, 3683, t1) & (2471, 19, 1005, t2=t1+(0, 6)) & (2471, 89, 3683, t3=t2+(0, 7)) -> (2471, 116, 1005, t4=t3+(1, 5))	3	90
(3252, 136, 1755, t1) & (65, 16, 539, t2=t1+(0, 4)) & (3252, 183, 65, t3=t2+(0, 2)) -> (65, 16, 539, t4=t3+(1, 4))	3	91
(1114, 127, 805, t1) & (1275, 17, 4239, t2=t1+(0, 5)) & (4239, 92, 1114, t3=t2+(0, 1)) -> (1114, 92, 4239, t4=t3+(1, 4))	3	92
(233, 96, 4461, t1) & (3805, 158, 709, t2=t1+(0, 7)) & (3805, 82, 4461, t3=t2+(0, 10)) -> (4461, 158, 3805, t4=t3+(1, 4))	3	93
(1370, 36, 54, t1) & (1060, 70, 940, t2=t1+(0, 6)) & (1370, 136, 940, t3=t2+(0, 7)) -> (1370, 136, 940, t4=t3+(1, 7))	3	94
(2894, 0, 4239, t1) & (247, 119, 2669, t2=t1+(0, 3)) & (4239, 87, 247, t3=t2+(0, 4)) -> (4239, 87, 4239, t4=t3+(1, 5))	3	95
(3999, 2, 4478, t1) & (4478, 43, 1138, t2=t1+(0, 1)) & (4478, 137, 4478, t3=t2+(0, 5)) -> (4478, 137, 4478, t4=t3+(1, 7))	3	96
(3362, 128, 2088, t1) & (4025, 178, 1602, t2=t1+(0, 9)) & (2088, 111, 1602, t3=t2+(0, 8)) -> (1602, 128, 1602, t4=t3+(1, 3))	3	97
(1403, 72, 1769, t1) & (2545, 165, 1674, t2=t1+(0, 6)) & (1403, 31, 1674, t3=t2+(0, 5)) -> (1674, 72, 1674, t4=t3+(1, 7))	3	98
(1708, 54, 2989, t1) & (539, 197, 1698, t2=t1+(0, 4)) & (1698, 47, 1708, t3=t2+(0, 3)) -> (1708, 197, 1708, t4=t3+(1, 3))	3	99
(3042, 52, 2082, t1) & (3042, 13, 2082, t2=t1+(0, 4)) -> (3042, 13, 2082, t3=t2+(1, 6))	2	100
(654, 32, 4841, t1) & (654, 136, 654, t2=t1+(0, 5)) -> (654, 32, 4841, t3=t2+(1, 5))	2	101
(4867, 41, 2894, t1) & (2894, 196, 2753, t2=t1+(0, 5)) -> (2753, 196, 2753, t3=t2+(1, 6))	2	102
(1338, 134, 4161, t1) & (1338, 168, 4161, t2=t1+(0, 4)) -> (4161, 168, 4161, t3=t2+(1, 4))	2	103
(3749, 101, 4390, t1) & (3749, 45, 1881, t2=t1+(0, 6)) -> (3749, 101, 4390, t3=t2+(1, 8))	2	104
(3351, 35, 3062, t1) & (3062, 116, 4173, t2=t1+(0, 5)) -> (3062, 35, 3351, t3=t2+(1, 7))	2	105
(3157, 61, 3636, t1) & (3636, 73, 3636, t2=t1+(0, 5)) -> (3157, 61, 3636, t3=t2+(1, 6))	2	106
(2038, 61, 1602, t1) & (2038, 6, 1602, t2=t1+(0, 5)) -> (2038, 61, 2038, t3=t2+(1, 2))	2	107
(654, 189, 3278, t1) & (3749, 145, 654, t2=t1+(0, 9)) -> (3749, 145, 654, t3=t2+(1, 7))	2	108
(4012, 35, 1053, t1) & (1060, 101, 4012, t2=t1+(0, 7)) -> (1053, 35, 4012, t3=t2+(1, 5))	2	109
(1391, 31, 4766, t1) & (2935, 14, 1391, t2=t1+(0, 6)) -> (4766, 14, 1391, t3=t2+(1, 2))	2	110
(65, 177, 4816, t1) & (2464, 161, 4816, t2=t1+(0, 7)) -> (2464, 161, 2464, t3=t2+(1, 9))	2	111
(2443, 195, 4815, t1) & (2443, 130, 4815, t2=t1+(0, 10)) -> (4815, 195, 4815, t3=t2+(1, 6))	2	112
(1279, 70, 4292, t1) & (4292, 78, 2922, t2=t1+(0, 2)) -> (4292, 70, 4292, t3=t2+(1, 10))	2	113
(1543, 114, 2438, t1) & (1543, 84, 1097, t2=t1+(0, 4)) -> (1543, 84, 2438, t3=t2+(1, 2))	2	114
(807, 91, 4791, t1) & (4791, 58, 807, t2=t1+(0, 5)) -> (4791, 91, 807, t3=t2+(1, 10))	2	115
(3197, 194, 1089, t1) & (1089, 57, 1089, t2=t1+(0, 4)) -> (3197, 194, 3197, t3=t2+(1, 8))	2	116
(3667, 189, 4396, t1) & (3667, 171, 4396, t2=t1+(0, 1)) -> (3667, 171, 3667, t3=t2+(1, 5))	2	117
(2088, 113, 143, t1) & (2088, 15, 2088, t2=t1+(0, 7)) -> (2088, 113, 143, t3=t2+(1, 7))	2	118
(2088, 51, 481, t1) & (2088, 70, 4628, t2=t1+(0, 7)) -> (4628, 70, 2088, t3=t2+(1, 6))	2	119
(3875, 3, 1113, t1) & (1113, 49, 1774, t2=t1+(0, 4)) -> (1113, 49, 3875, t3=t2+(1, 7))	2	120
(4093, 83, 3027, t1) & (3174, 189, 3027, t2=t1+(0, 5)) -> (3174, 83, 3174, t3=t2+(1, 4))	2	121
(2280, 185, 1438, t1) & (1114, 138, 1438, t2=t1+(0, 6)) -> (1438, 138, 1438, t3=t2+(1, 8))	2	122
(4645, 173, 1186, t1) & (1186, 190, 1674, t2=t1+(0, 6)) -> (1674, 173, 4645, t3=t2+(1, 7))	2	123
(4150, 176, 4633, t1) & (4633, 63, 4461, t2=t1+(0, 7)) -> (4633, 63, 4461, t3=t2+(1, 7))	2	124
(467, 88, 4344, t1) & (4344, 153, 3301, t2=t1+(0, 9)) -> (467, 153, 4344, t3=t2+(1, 7))	2	125
(1014, 23, 4741, t1) & (4741, 38, 4741, t2=t1+(0, 5)) -> (1014, 23, 4741, t3=t2+(1, 4))	2	126
(3550, 35, 4329, t1) & (4329, 42, 821, t2=t1+(0, 9)) -> (4329, 35, 821, t3=t2+(1, 4))	2	127
(1890, 156, 3009, t1) & (4292, 18, 1890, t2=t1+(0, 3)) -> (3009, 18, 4292, t3=t2+(1, 5))	2	128
(1387, 133, 3267, t1) & (4270, 174, 1387, t2=t1+(0, 3)) -> (4270, 174, 4270, t3=t2+(1, 6))	2	129
(3859, 81, 166, t1) & (166, 100, 1844, t2=t1+(0, 9)) -> (3859, 81, 1844, t3=t2+(1, 6))	2	130
(3990, 82, 1442, t1) & (1442, 70, 3177, t2=t1+(0, 3)) -> (3990, 82, 1442, t3=t2+(1, 4))	2	131
(727, 106, 3874, t1) & (1844, 71, 727, t2=t1+(0, 1)) -> (727, 71, 1844, t3=t2+(1, 9))	2	132
(4506, 18, 2825, t1) & (2825, 142, 4506, t2=t1+(0, 6)) -> (4506, 18, 2825, t3=t2+(1, 1))	2	133
(4713, 42, 3496, t1) & (4713, 111, 310, t2=t1+(0, 6)) -> (4713, 111, 4713, t3=t2+(1, 5))	2	134
(2990, 186, 3860, t1) & (2007, 125, 3860, t2=t1+(0, 12)) -> (3860, 186, 3860, t3=t2+(1, 5))	2	135
(654, 132, 213, t1) & (654, 30, 1058, t2=t1+(0, 6)) -> (1058, 30, 1058, t3=t2+(1, 9))	2	136
(3555, 169, 4645, t1) & (4645, 126, 1708, t2=t1+(0, 5)) -> (1708, 169, 4645, t3=t2+(1, 6))	2	137
(1509, 139, 4672, t1) & (1113, 178, 1509, t2=t1+(0, 2)) -> (1509, 139, 1509, t3=t2+(1, 4))	2	138
(1602, 145, 2003, t1) & (1602, 147, 4519, t2=t1+(0, 5)) -> (1602, 145, 1602, t3=t2+(1, 7))	2	139
(1881, 32, 2868, t1) & (1881, 14, 1881, t2=t1+(0, 4)) -> (1881, 32, 1881, t3=t2+(1, 4))	2	140
(1330, 120, 1693, t1) & (745, 147, 1693, t2=t1+(0, 4)) -> (1693, 120, 1693, t3=t2+(1, 4))	2	141
(2582, 141, 2892, t1) & (2582, 16, 2892, t2=t1+(0, 6)) -> (2892, 16, 2892, t3=t2+(1, 5))	2	142
(3827, 115, 1740, t1) & (1740, 26, 1740, t2=t1+(0, 5)) -> (1740, 115, 1740, t3=t2+(1, 7))	2	143
(2012, 60, 2813, t1) & (2813, 26, 2813, t2=t1+(0, 3)) -> (2012, 26, 2813, t3=t2+(1, 4))	2	144
(2602, 104, 3700, t1) & (2602, 46, 4450, t2=t1+(0, 7)) -> (4450, 46, 2602, t3=t2+(1, 3))	2	145
(745, 39, 184, t1) & (378, 55, 184, t2=t1+(0, 4)) -> (184, 55, 184, t3=t2+(1, 4))	2	146
(3362, 185, 2877, t1) & (1708, 7, 3362, t2=t1+(0, 4)) -> (2877, 7, 3362, t3=t2+(1, 7))	2	147
(2088, 3, 4571, t1) & (4571, 157, 4571, t2=t1+(0, 6)) -> (4571, 157, 2088, t3=t2+(1, 6))	2	148
(689, 102, 3308, t1) & (3308, 28, 3102, t2=t1+(0, 9)) -> (3308, 28, 3102, t3=t2+(1, 4))	2	149
(2302, 163, 2646, t1) & (2605, 47, 2302, t2=t1+(0, 3)) -> (2605, 47, 2605, t3=t2+(1, 6))	2	150
(654, 104, 2534, t1) & (2534, 140, 2534, t2=t1+(0, 12)) -> (2534, 104, 2534, t3=t2+(1, 3))	2	151
(4530, 5, 4093, t1) & (4831, 118, 4530, t2=t1+(0, 6)) -> (4530, 118, 4530, t3=t2+(1, 2))	2	152
(198, 144, 160, t1) & (929, 146, 198, t2=t1+(0, 3)) -> (929, 144, 198, t3=t2+(1, 6))	2	153
(4199, 45, 4553, t1) & (3262, 56, 4199, t2=t1+(0, 7)) -> (3262, 56, 4199, t3=t2+(1, 8))	2	154
(4006, 56, 4519, t1) & (4006, 195, 2487, t2=t1+(0, 5)) -> (4519, 56, 2487, t3=t2+(1, 5))	2	155
(710, 68, 4944, t1) & (4944, 171, 1053, t2=t1+(0, 2)) -> (4944, 171, 4944, t3=t2+(1, 3))	2	156
(852, 160, 2206, t1) & (2206, 56, 3114, t2=t1+(0, 5)) -> (3114, 56, 2206, t3=t2+(1, 3))	2	157
(2308, 134, 2417, t1) & (2308, 97, 65, t2=t1+(0, 12)) -> (65, 134, 2308, t3=t2+(1, 4))	2	158
(1923, 38, 65, t1) & (2214, 134, 65, t2=t1+(0, 4)) -> (65, 134, 1923, t3=t2+(1, 2))	2	159
(1743, 35, 1370, t1) & (1370, 178, 1060, t2=t1+(0, 7)) -> (1370, 35, 1743, t3=t2+(1, 3))	2	160
(1769, 181, 4628, t1) & (3291, 156, 1769, t2=t1+(0, 5)) -> (1769, 156, 4628, t3=t2+(1, 5))	2	161
(3966, 123, 4771, t1) & (644, 198, 3966, t2=t1+(0, 5)) -> (3966, 123, 3966, t3=t2+(1, 3))	2	162
(3550, 119, 689, t1) & (689, 196, 513, t2=t1+(0, 5)) -> (689, 119, 689, t3=t2+(1, 3))	2	163
(534, 55, 3989, t1) & (3989, 189, 534, t2=t1+(0, 4)) -> (3989, 55, 534, t3=t2+(1, 11))	2	164
(2377, 89, 3089, t1) & (4292, 164, 3089, t2=t1+(0, 3)) -> (3089, 164, 4292, t3=t2+(1, 7))	2	165
(796, 151, 4875, t1) & (4116, 58, 4875, t2=t1+(0, 2)) -> (4116, 58, 4875, t3=t2+(1, 13))	2	166
(4999, 126, 4025, t1) & (4025, 186, 2464, t2=t1+(0, 3)) -> (4025, 186, 4025, t3=t2+(1, 6))	2	167
(2577, 47, 4199, t1) & (2577, 196, 4199, t2=t1+(0, 4)) -> (2577, 196, 2577, t3=t2+(1, 6))	2	168
(3528, 105, 2253, t1) & (355, 15, 2253, t2=t1+(0, 5)) -> (3528, 105, 2253, t3=t2+(1, 5))	2	169
(3562, 135, 2894, t1) & (4969, 179, 3562, t2=t1+(0, 5)) -> (4969, 135, 2894, t3=t2+(1, 5))	2	170
(1708, 49, 4344, t1) & (2063, 182, 4344, t2=t1+(0, 4)) -> (4344, 49, 4344, t3=t2+(1, 4))	2	171
(4077, 129, 4169, t1) & (481, 54, 4169, t2=t1+(0, 5)) -> (481, 129, 4077, t3=t2+(1, 8))	2	172
(3715, 38, 4540, t1) & (3715, 103, 4540, t2=t1+(0, 1)) -> (3715, 38, 4540, t3=t2+(1, 5))	2	173
(4791, 89, 878, t1) & (878, 164, 4791, t2=t1+(0, 5)) -> (878, 164, 4791, t3=t2+(1, 4))	2	174
(490, 100, 1531, t1) & (1674, 181, 490, t2=t1+(0, 4)) -> (490, 100, 1531, t3=t2+(1, 6))	2	175
(470, 144, 2147, t1) & (470, 99, 2147, t2=t1+(0, 8)) -> (470, 99, 470, t3=t2+(1, 4))	2	176
(537, 98, 1227, t1) & (537, 41, 1227, t2=t1+(0, 4)) -> (1227, 98, 537, t3=t2+(1, 5))	2	177
(2185, 183, 2017, t1) & (627, 40, 2017, t2=t1+(0, 5)) -> (2185, 40, 2185, t3=t2+(1, 5))	2	178
(1438, 151, 3700, t1) & (1438, 199, 470, t2=t1+(0, 2)) -> (1438, 151, 470, t3=t2+(1, 6))	2	179
(4429, 21, 3130, t1) & (1314, 73, 4429, t2=t1+(0, 8)) -> (1314, 73, 1314, t3=t2+(1, 8))	2	180
(3768, 40, 4320, t1) & (3768, 189, 4320, t2=t1+(0, 6)) -> (3768, 40, 4320, t3=t2+(1, 6))	2	181
(3554, 94, 2606, t1) & (2606, 86, 2041, t2=t1+(0, 5)) -> (2041, 86, 2606, t3=t2+(1, 7))	2	182
(1708, 83, 1053, t1) & (1708, 28, 1708, t2=t1+(0, 6)) -> (1708, 83, 1708, t3=t2+(1, 2))	2	183
(3642, 83, 3406, t1) & (2606, 58, 3642, t2=t1+(0, 4)) -> (3642, 58, 2606, t3=t2+(1, 3))	2	184
(2894, 21, 1890, t1) & (764, 195, 2894, t2=t1+(0, 7)) -> (764, 195, 1890, t3=t2+(1, 8))	2	185
(1370, 109, 1890, t1) & (1370, 46, 3801, t2=t1+(0, 7)) -> (1370, 109, 3801, t3=t2+(1, 4))	2	186
(4031, 101, 197, t1) & (4031, 5, 4031, t2=t1+(0, 8)) -> (4031, 5, 4031, t3=t2+(1, 6))	2	187
(157, 24, 80, t1) & (2894, 53, 80, t2=t1+(0, 10)) -> (80, 53, 2894, t3=t2+(1, 6))	2	188
(1890, 132, 2868, t1) & (2868, 126, 2868, t2=t1+(0, 7)) -> (2868, 132, 2868, t3=t2+(1, 8))	2	189
(2088, 161, 3755, t1) & (2088, 185, 3755, t2=t1+(0, 6)) -> (2088, 161, 2088, t3=t2+(1, 1))	2	190
(135, 173, 3827, t1) & (3827, 118, 135, t2=t1+(0, 4)) -> (135, 173, 3827, t3=t2+(1, 3))	2	191
(1114, 18, 3197, t1) & (4199, 8, 1114, t2=t1+(0, 7)) -> (1114, 18, 1114, t3=t2+(1, 8))	2	192
(4478, 122, 470, t1) & (4478, 93, 4478, t2=t1+(0, 5)) -> (4478, 93, 4478, t3=t2+(1, 6))	2	193
(3144, 54, 2891, t1) & (3144, 131, 4093, t2=t1+(0, 7)) -> (2891, 54, 3144, t3=t2+(1, 4))	2	194
(4390, 48, 2892, t1) & (2892, 124, 2892, t2=t1+(0, 6)) -> (4390, 124, 4390, t3=t2+(1, 6))	2	195
(2545, 94, 4199, t1) & (4460, 195, 4199, t2=t1+(0, 3)) -> (2545, 195, 4460, t3=t2+(1, 6))	2	196
(4771, 18, 1708, t1) & (4771, 86, 1708, t2=t1+(0, 9)) -> (4771, 18, 1708, t3=t2+(1, 5))	2	197
(3362, 157, 710, t1) & (710, 113, 4077, t2=t1+(0, 6)) -> (3362, 157, 710, t3=t2+(1, 7))	2	198
(4340, 142, 213, t1) & (1881, 79, 4340, t2=t1+(0, 5)) -> (213, 79, 4340, t3=t2+(1, 5))	2	199
(1065, 170, 3308, t1) -> (3308, 170, 1065, t2=t1+(1, 6))	1	200
(1528, 177, 2082, t1) -> (1528, 177, 2082, t2=t1+(1, 3))	1	201
(285, 36, 3749, t1) -> (3749, 36, 3749, t2=t1+(1, 6))	1	202
(2891, 86, 4803, t1) -> (4803, 86, 2891, t2=t1+(1, 8))	1	203
(67, 96, 4771, t1) -> (67, 96, 67, t2=t1+(1, 5))	1	204
(4077, 9, 2197, t1) -> (4077, 9, 4077, t2=t1+(1, 4))	1	205
(3177, 12, 2868, t1) -> (2868, 12, 2868, t2=t1+(1, 5))	1	206
(1674, 176, 3257, t1) -> (3257, 176, 3257, t2=t1+(1, 3))	1	207
(682, 92, 4540, t1) -> (682, 92, 4540, t2=t1+(1, 1))	1	208
(1196, 44, 3107, t1) -> (1196, 44, 1196, t2=t1+(1, 1))	1	209
(1186, 193, 2646, t1) -> (2646, 193, 2646, t2=t1+(1, 6))	1	210
(4180, 26, 807, t1) -> (4180, 26, 4180, t2=t1+(1, 8))	1	211
(4705, 43, 1708, t1) -> (1708, 43, 4705, t2=t1+(1, 5))	1	212
(4093, 109, 1403, t1) -> (4093, 109, 1403, t2=t1+(1, 3))	1	213
(2074, 144, 1958, t1) -> (2074, 144, 1958, t2=t1+(1, 5))	1	214
(2997, 164, 2669, t1) -> (2669, 164, 2997, t2=t1+(1, 5))	1	215
(2989, 173, 1413, t1) -> (1413, 173, 2989, t2=t1+(1, 5))	1	216
(4036, 124, 2417, t1) -> (2417, 124, 2417, t2=t1+(1, 6))	1	217
(4713, 76, 3150, t1) -> (4713, 76, 3150, t2=t1+(1, 6))	1	218
(2799, 162, 4267, t1) -> (4267, 162, 2799, t2=t1+(1, 3))	1	219
(65, 10, 285, t1) -> (285, 10, 285, t2=t1+(1, 11))	1	220
(2338, 176, 2197, t1) -> (2338, 176, 2338, t2=t1+(1, 4))	1	221
(4336, 1, 3042, t1) -> (3042, 1, 4336, t2=t1+(1, 3))	1	222
(2417, 20, 245, t1) -> (2417, 20, 2417, t2=t1+(1, 4))	1	223
(4344, 140, 2417, t1) -> (4344, 140, 2417, t2=t1+(1, 2))	1	224
(3406, 92, 2738, t1) -> (3406, 92, 3406, t2=t1+(1, 6))	1	225
(2891, 99, 247, t1) -> (247, 99, 247, t2=t1+(1, 4))	1	226
(2704, 155, 2582, t1) -> (2704, 155, 2582, t2=t1+(1, 3))	1	227
(4705, 146, 805, t1) -> (805, 146, 805, t2=t1+(1, 9))	1	228
(4546, 72, 4791, t1) -> (4546, 72, 4791, t2=t1+(1, 4))	1	229
(4903, 182, 1719, t1) -> (4903, 182, 4903, t2=t1+(1, 7))	1	230
(4312, 193, 2088, t1) -> (4312, 193, 2088, t2=t1+(1, 4))	1	231
(3102, 171, 2197, t1) -> (2197, 171, 3102, t2=t1+(1, 6))	1	232
(405, 24, 3406, t1) -> (405, 24, 3406, t2=t1+(1, 4))	1	233
(4803, 103, 2799, t1) -> (4803, 103, 4803, t2=t1+(1, 7))	1	234
(16, 178, 57, t1) -> (57, 178, 16, t2=t1+(1, 3))	1	235
(4598, 185, 4482, t1) -> (4598, 185, 4482, t2=t1+(1, 8))	1	236
(4771, 145, 3408, t1) -> (3408, 145, 4771, t2=t1+(1, 4))	1	237
(2141, 187, 1397, t1) -> (2141, 187, 1397, t2=t1+(1, 8))	1	238
(2088, 157, 3772, t1) -> (3772, 157, 2088, t2=t1+(1, 5))	1	239
(2064, 18, 710, t1) -> (710, 18, 2064, t2=t1+(1, 4))	1	240
(65, 4, 537, t1) -> (65, 4, 537, t2=t1+(1, 10))	1	241
(143, 60, 3501, t1) -> (3501, 60, 3501, t2=t1+(1, 6))	1	242
(1602, 107, 2138, t1) -> (2138, 107, 2138, t2=t1+(1, 5))	1	243
(4026, 115, 2823, t1) -> (4026, 115, 2823, t2=t1+(1, 7))	1	244
(3252, 171, 537, t1) -> (3252, 171, 537, t2=t1+(1, 4))	1	245
(3934, 15, 2532, t1) -> (3934, 15, 3934, t2=t1+(1, 4))	1	246
(848, 66, 4310, t1) -> (848, 66, 4310, t2=t1+(1, 6))	1	247
(3182, 16, 569, t1) -> (3182, 16, 569, t2=t1+(1, 3))	1	248
(2356, 183, 2471, t1) -> (2356, 183, 2356, t2=t1+(1, 3))	1	249
(937, 130, 1585, t1) -> (1585, 130, 937, t2=t1+(1, 4))	1	250
(2935, 71, 2442, t1) -> (2935, 71, 2442, t2=t1+(1, 4))	1	251
(285, 75, 2997, t1) -> (2997, 75, 2997, t2=t1+(1, 9))	1	252
(3050, 186, 4969, t1) -> (4969, 186, 3050, t2=t1+(1, 5))	1	253
(942, 78, 569, t1) -> (569, 78, 942, t2=t1+(1, 4))	1	254
(128, 179, 3733, t1) -> (3733, 179, 3733, t2=t1+(1, 9))	1	255
(3241, 97, 2334, t1) -> (3241, 97, 2334, t2=t1+(1, 4))	1	256
(1421, 199, 1097, t1) -> (1421, 199, 1421, t2=t1+(1, 3))	1	257
(4125, 168, 626, t1) -> (4125, 168, 4125, t2=t1+(1, 5))	1	258
(613, 68, 3667, t1) -> (3667, 68, 613, t2=t1+(1, 6))	1	259
(3700, 31, 1661, t1) -> (1661, 31, 3700, t2=t1+(1, 4))	1	260
(3130, 26, 294, t1) -> (3130, 26, 3130, t2=t1+(1, 9))	1	261
(3407, 9, 3733, t1) -> (3407, 9, 3407, t2=t1+(1, 8))	1	262
(2782, 134, 1400, t1) -> (1400, 134, 1400, t2=t1+(1, 5))	1	263
(3651, 172, 4969, t1) -> (4969, 172, 4969, t2=t1+(1, 4))	1	264
(2602, 198, 3003, t1) -> (2602, 198, 2602, t2=t1+(1, 3))	1	265
(1708, 43, 4093, t1) -> (4093, 43, 4093, t2=t1+(1, 1))	1	266
(3667, 102, 95, t1) -> (3667, 102, 95, t2=t1+(1, 3))	1	267
(600, 35, 1698, t1) -> (1698, 35, 1698, t2=t1+(1, 4))	1	268
(2823, 191, 1674, t1) -> (2823, 191, 1674, t2=t1+(1, 6))	1	269
(4482, 123, 2334, t1) -> (2334, 123, 4482, t2=t1+(1, 4))	1	270
(4628, 182, 4639, t1) -> (4628, 182, 4639, t2=t1+(1, 2))	1	271
(1791, 33, 1149, t1) -> (1791, 33, 1791, t2=t1+(1, 6))	1	272
(3928, 81, 1753, t1) -> (1753, 81, 1753, t2=t1+(1, 4))	1	273
(2326, 43, 2442, t1) -> (2442, 43, 2442, t2=t1+(1, 4))	1	274
(2796, 1, 654, t1) -> (654, 1, 654, t2=t1+(1, 13))	1	275
(913, 164, 1391, t1) -> (1391, 164, 913, t2=t1+(1, 4))	1	276
(2523, 174, 1005, t1) -> (1005, 174, 2523, t2=t1+(1, 6))	1	277
(4399, 79, 1649, t1) -> (1649, 79, 4399, t2=t1+(1, 3))	1	278
(4336, 97, 1873, t1) -> (1873, 97, 1873, t2=t1+(1, 5))	1	279
(4969, 20, 1279, t1) -> (1279, 20, 4969, t2=t1+(1, 7))	1	280
(250, 129, 2442, t1) -> (2442, 129, 250, t2=t1+(1, 5))	1	281
(4303, 148, 2868, t1) -> (4303, 148, 4303, t2=t1+(1, 4))	1	282
(4506, 36, 1873, t1) -> (1873, 36, 4506, t2=t1+(1, 2))	1	283
(3667, 115, 852, t1) -> (3667, 115, 3667, t2=t1+(1, 4))	1	284
(1661, 142, 4969, t1) -> (4969, 142, 1661, t2=t1+(1, 12))	1	285
(4239, 48, 1708, t1) -> (4239, 48, 4239, t2=t1+(1, 6))	1	286
(2426, 15, 3934, t1) -> (3934, 15, 2426, t2=t1+(1, 6))	1	287
(3251, 133, 2278, t1) -> (2278, 133, 2278, t2=t1+(1, 10))	1	288
(1391, 161, 4036, t1) -> (4036, 161, 4036, t2=t1+(1, 3))	1	289
(2438, 164, 4353, t1) -> (4353, 164, 2438, t2=t1+(1, 8))	1	290
(2417, 53, 3301, t1) -> (3301, 53, 3301, t2=t1+(1, 5))	1	291
(351, 148, 3853, t1) -> (351, 148, 3853, t2=t1+(1, 1))	1	292
(2997, 78, 1403, t1) -> (2997, 78, 2997, t2=t1+(1, 6))	1	293
(286, 139, 4222, t1) -> (4222, 139, 4222, t2=t1+(1, 3))	1	294
(3811, 77, 3359, t1) -> (3359, 77, 3811, t2=t1+(1, 1))	1	295
(1881, 79, 4292, t1) -> (4292, 79, 1881, t2=t1+(1, 5))	1	296
(4364, 36, 286, t1) -> (4364, 36, 4364, t2=t1+(1, 7))	1	297
(95, 106, 1196, t1) -> (1196, 106, 1196, t2=t1+(1, 2))	1	298
(143, 131, 2605, t1) -> (2605, 131, 143, t2=t1+(1, 3))	1	299
