(2869, 171, 4625, t1) & (49, 145, 139, t2=t1+(0, 5)) & (4625, 170, 49, t3=t2+(0, 5)) -> (49, 170, 4625, t4=t3+(1, 5))	3	0
(3394, 140, 2390, t1) & (2770, 68, 3481, t2=t1+(0, 5)) & (2390, 67, 3481, t3=t2+(0, 7)) -> (2770, 67, 2390, t4=t3+(1, 4))	3	1
(4552, 20, 2060, t1) & (2877, 146, 4596, t2=t1+(0, 6)) & (4596, 97, 4552, t3=t2+(0, 2)) -> (4552, 20, 2060, t4=t3+(1, 4))	3	2
(1049, 45, 3689, t1) & (1228, 16, 1267, t2=t1+(0, 4)) & (1049, 104, 1267, t3=t2+(0, 3)) -> (1267, 16, 1049, t4=t3+(1, 1))	3	3
(2694, 32, 1012, t1) & (2253, 103, 2122, t2=t1+(0, 4)) & (2122, 84, 1012, t3=t2+(0, 6)) -> (2694, 32, 2694, t4=t3+(1, 6))	3	4
(295, 118, 948, t1) & (4327, 147, 249, t2=t1+(0, 7)) & (249, 75, 295, t3=t2+(0, 6)) -> (948, 147, 948, t4=t3+(1, 3))	3	5
(2727, 125, 4531, t1) & (4260, 199, 4917, t2=t1+(0, 8)) & (4917, 96, 2727, t3=t2+(0, 5)) -> (2727, 199, 4260, t4=t3+(1, 5))	3	6
(4380, 51, 3982, t1) & (4914, 199, 2166, t2=t1+(0, 6)) & (4914, 119, 3982, t3=t2+(0, 4)) -> (4914, 51, 2166, t4=t3+(1, 4))	3	7
(1696, 36, 2003, t1) & (4160, 79, 1122, t2=t1+(0, 3)) & (1696, 102, 1122, t3=t2+(0, 2)) -> (1696, 102, 4160, t4=t3+(1, 4))	3	8
(2191, 190, 3213, t1) & (3533, 158, 1141, t2=t1+(0, 5)) & (2191, 189, 1141, t3=t2+(0, 7)) -> (1141, 190, 3533, t4=t3+(1, 5))	3	9
(1694, 114, 2024, t1) & (2509, 167, 4621, t2=t1+(0, 7)) & (4621, 147, 2024, t3=t2+(0, 3)) -> (2024, 147, 1694, t4=t3+(1, 2))	3	10
(2668, 85, 4697, t1) & (2022, 94, 2122, t2=t1+(0, 1)) & (2668, 71, 2122, t3=t2+(0, 3)) -> (2122, 94, 2022, t4=t3+(1, 11))	3	11
(3360, 115, 2614, t1) & (3590, 90, 4214, t2=t1+(0, 5)) & (4214, 61, 3360, t3=t2+(0, 5)) -> (3360, 61, 3590, t4=t3+(1, 3))	3	12
(4272, 98, 193, t1) & (3851, 157, 232, t2=t1+(0, 7)) & (4272, 101, 232, t3=t2+(0, 7)) -> (232, 157, 232, t4=t3+(1, 6))	3	13
(4121, 130, 2965, t1) & (4236, 130, 1432, t2=t1+(0, 3)) & (2965, 91, 1432, t3=t2+(0, 8)) -> (4121, 91, 1432, t4=t3+(1, 3))	3	14
(4801, 97, 4027, t1) & (4917, 189, 4588, t2=t1+(0, 5)) & (4917, 177, 4801, t3=t2+(0, 6)) -> (4801, 189, 4027, t4=t3+(1, 8))	3	15
(4652, 176, 2486, t1) & (1164, 76, 587, t2=t1+(0, 5)) & (587, 39, 2486, t3=t2+(0, 5)) -> (587, 39, 4652, t4=t3+(1, 4))	3	16
(1696, 107, 2931, t1) & (3583, 100, 1273, t2=t1+(0, 9)) & (2931, 36, 3583, t3=t2+(0, 6)) -> (1696, 107, 2931, t4=t3+(1, 10))	3	17
(3676, 162, 2375, t1) & (2251, 52, 3252, t2=t1+(0, 6)) & (3676, 72, 2251, t3=t2+(0, 12)) -> (3252, 52, 2375, t4=t3+(1, 4))	3	18
(4138, 146, 4860, t1) & (3562, 0, 2041, t2=t1+(0, 5)) & (4860, 159, 2041, t3=t2+(0, 6)) -> (3562, 146, 3562, t4=t3+(1, 6))	3	19
(870, 169, 1949, t1) & (4472, 56, 1633, t2=t1+(0, 4)) & (4472, 31, 1949, t3=t2+(0, 5)) -> (1949, 169, 1949, t4=t3+(1, 1))	3	20
(2784, 94, 2724, t1) & (774, 156, 3695, t2=t1+(0, 7)) & (2784, 49, 774, t3=t2+(0, 2)) -> (2784, 49, 2784, t4=t3+(1, 8))	3	21
(1457, 179, 4655, t1) & (2343, 91, 1498, t2=t1+(0, 5)) & (2343, 147, 4655, t3=t2+(0, 5)) -> (1498, 179, 4655, t4=t3+(1, 4))	3	22
(1548, 153, 1405, t1) & (2507, 132, 2122, t2=t1+(0, 4)) & (2122, 17, 1405, t3=t2+(0, 4)) -> (2507, 17, 1405, t4=t3+(1, 3))	3	23
(787, 116, 3583, t1) & (3652, 102, 4500, t2=t1+(0, 2)) & (787, 152, 3652, t3=t2+(0, 6)) -> (787, 102, 3583, t4=t3+(1, 2))	3	24
(2366, 92, 2043, t1) & (3526, 142, 4308, t2=t1+(0, 7)) & (4308, 150, 2043, t3=t2+(0, 7)) -> (4308, 150, 4308, t4=t3+(1, 7))	3	25
(25, 89, 325, t1) & (1694, 35, 2289, t2=t1+(0, 4)) & (25, 91, 2289, t3=t2+(0, 5)) -> (2289, 35, 25, t4=t3+(1, 4))	3	26
(852, 192, 553, t1) & (2035, 79, 3394, t2=t1+(0, 10)) & (852, 2, 3394, t3=t2+(0, 8)) -> (3394, 2, 3394, t4=t3+(1, 9))	3	27
(4272, 68, 1704, t1) & (2074, 114, 303, t2=t1+(0, 4)) & (1704, 38, 2074, t3=t2+(0, 8)) -> (2074, 38, 303, t4=t3+(1, 3))	3	28
(2507, 70, 3689, t1) & (3269, 81, 1598, t2=t1+(0, 7)) & (3269, 63, 2507, t3=t2+(0, 4)) -> (3269, 70, 2507, t4=t3+(1, 7))	3	29
(2623, 28, 3676, t1) & (1704, 83, 1505, t2=t1+(0, 3)) & (1505, 15, 3676, t3=t2+(0, 4)) -> (1704, 15, 3676, t4=t3+(1, 6))	3	30
(4917, 165, 3092, t1) & (911, 20, 1031, t2=t1+(0, 6)) & (911, 157, 3092, t3=t2+(0, 6)) -> (911, 165, 4917, t4=t3+(1, 2))	3	31
(1506, 77, 2509, t1) & (3394, 105, 1663, t2=t1+(0, 3)) & (1663, 87, 1506, t3=t2+(0, 6)) -> (1506, 105, 2509, t4=t3+(1, 4))	3	32
(4816, 180, 2547, t1) & (303, 9, 2344, t2=t1+(0, 4)) & (2344, 164, 2547, t3=t2+(0, 3)) -> (4816, 164, 2344, t4=t3+(1, 6))	3	33
(2507, 57, 2390, t1) & (1537, 83, 271, t2=t1+(0, 6)) & (2390, 2, 271, t3=t2+(0, 6)) -> (1537, 57, 271, t4=t3+(1, 4))	3	34
(948, 160, 2064, t1) & (4322, 77, 3042, t2=t1+(0, 3)) & (2064, 149, 4322, t3=t2+(0, 4)) -> (2064, 77, 3042, t4=t3+(1, 6))	3	35
(4984, 46, 1233, t1) & (2479, 129, 1694, t2=t1+(0, 8)) & (2479, 71, 4984, t3=t2+(0, 3)) -> (1694, 46, 4984, t4=t3+(1, 4))	3	36
(573, 132, 1310, t1) & (903, 181, 1696, t2=t1+(0, 4)) & (1310, 164, 1696, t3=t2+(0, 8)) -> (1696, 181, 573, t4=t3+(1, 6))	3	37
(1292, 96, 2185, t1) & (4697, 63, 4500, t2=t1+(0, 3)) & (4500, 189, 1292, t3=t2+(0, 4)) -> (4697, 63, 4697, t4=t3+(1, 3))	3	38
(25, 2, 1818, t1) & (3702, 199, 4801, t2=t1+(0, 4)) & (4801, 168, 1818, t3=t2+(0, 5)) -> (1818, 2, 25, t4=t3+(1, 5))	3	39
(1394, 74, 4130, t1) & (237, 105, 4308, t2=t1+(0, 2)) & (4308, 92, 4130, t3=t2+(0, 4)) -> (1394, 74, 4308, t4=t3+(1, 4))	3	40
(2958, 125, 602, t1) & (2635, 147, 2831, t2=t1+(0, 7)) & (2831, 84, 2958, t3=t2+(0, 4)) -> (2831, 147, 2831, t4=t3+(1, 6))	3	41
(4740, 181, 2455, t1) & (3851, 189, 1595, t2=t1+(0, 1)) & (1595, 119, 2455, t3=t2+(0, 7)) -> (2455, 119, 1595, t4=t3+(1, 4))	3	42
(2996, 172, 2623, t1) & (4955, 137, 1575, t2=t1+(0, 4)) & (2623, 31, 1575, t3=t2+(0, 4)) -> (2623, 137, 4955, t4=t3+(1, 3))	3	43
(3607, 40, 4588, t1) & (4345, 30, 321, t2=t1+(0, 1)) & (3607, 130, 321, t3=t2+(0, 4)) -> (3607, 130, 4345, t4=t3+(1, 7))	3	44
(2253, 163, 2474, t1) & (1910, 82, 2357, t2=t1+(0, 2)) & (2357, 8, 2253, t3=t2+(0, 6)) -> (2357, 163, 2474, t4=t3+(1, 5))	3	45
(4397, 167, 1648, t1) & (3671, 59, 2866, t2=t1+(0, 6)) & (4397, 176, 2866, t3=t2+(0, 5)) -> (3671, 167, 2866, t4=t3+(1, 5))	3	46
(416, 22, 3840, t1) & (2574, 117, 3269, t2=t1+(0, 4)) & (416, 117, 3269, t3=t2+(0, 6)) -> (3840, 22, 2574, t4=t3+(1, 8))	3	47
(1547, 46, 4232, t1) & (2122, 156, 3927, t2=t1+(0, 4)) & (2122, 169, 1547, t3=t2+(0, 5)) -> (2122, 156, 2122, t4=t3+(1, 5))	3	48
(4345, 40, 4880, t1) & (591, 95, 1502, t2=t1+(0, 6)) & (4345, 107, 591, t3=t2+(0, 7)) -> (591, 107, 591, t4=t3+(1, 6))	3	49
(948, 181, 1679, t1) & (3394, 188, 3218, t2=t1+(0, 6)) & (3218, 185, 1679, t3=t2+(0, 1)) -> (3394, 181, 3218, t4=t3+(1, 1))	3	50
(2390, 153, 376, t1) & (1821, 185, 1432, t2=t1+(0, 5)) & (1821, 33, 2390, t3=t2+(0, 8)) -> (2390, 185, 1821, t4=t3+(1, 8))	3	51
(3908, 171, 1570, t1) & (4420, 123, 1694, t2=t1+(0, 6)) & (1694, 174, 1570, t3=t2+(0, 2)) -> (1694, 174, 1694, t4=t3+(1, 5))	3	52
(1166, 111, 4409, t1) & (185, 178, 3682, t2=t1+(0, 3)) & (4409, 54, 3682, t3=t2+(0, 3)) -> (3682, 178, 4409, t4=t3+(1, 8))	3	53
(3293, 54, 2127, t1) & (4396, 166, 790, t2=t1+(0, 4)) & (4396, 152, 3293, t3=t2+(0, 3)) -> (3293, 166, 3293, t4=t3+(1, 2))	3	54
(2127, 7, 3520, t1) & (2788, 179, 2724, t2=t1+(0, 7)) & (2788, 120, 3520, t3=t2+(0, 5)) -> (3520, 7, 2788, t4=t3+(1, 8))	3	55
(3526, 161, 4067, t1) & (2770, 97, 1381, t2=t1+(0, 6)) & (4067, 88, 1381, t3=t2+(0, 6)) -> (4067, 88, 1381, t4=t3+(1, 5))	3	56
(4815, 188, 4816, t1) & (300, 178, 2366, t2=t1+(0, 5)) & (300, 61, 4815, t3=t2+(0, 0)) -> (4815, 61, 300, t4=t3+(1, 4))	3	57
(1407, 99, 3520, t1) & (2535, 46, 2494, t2=t1+(0, 6)) & (1407, 62, 2494, t3=t2+(0, 8)) -> (2494, 62, 3520, t4=t3+(1, 5))	3	58
(206, 15, 1373, t1) & (3426, 8, 2024, t2=t1+(0, 4)) & (206, 64, 2024, t3=t2+(0, 8)) -> (206, 8, 2024, t4=t3+(1, 5))	3	59
(1602, 135, 1967, t1) & (1141, 153, 4532, t2=t1+(0, 2)) & (1602, 79, 4532, t3=t2+(0, 11)) -> (1602, 153, 4532, t4=t3+(1, 4))	3	60
(1889, 165, 3520, t1) & (1133, 1, 3293, t2=t1+(0, 10)) & (1133, 168, 1889, t3=t2+(0, 5)) -> (1133, 168, 1889, t4=t3+(1, 4))	3	61
(1565, 158, 4152, t1) & (3905, 6, 3034, t2=t1+(0, 2)) & (4152, 19, 3905, t3=t2+(0, 2)) -> (4152, 19, 3905, t4=t3+(1, 7))	3	62
(4209, 195, 897, t1) & (3583, 101, 2808, t2=t1+(0, 3)) & (4209, 167, 3583, t3=t2+(0, 5)) -> (4209, 167, 3583, t4=t3+(1, 4))	3	63
(1595, 97, 4191, t1) & (3520, 145, 1200, t2=t1+(0, 8)) & (4191, 25, 3520, t3=t2+(0, 3)) -> (1200, 25, 3520, t4=t3+(1, 4))	3	64
(2724, 12, 1970, t1) & (1676, 1, 4754, t2=t1+(0, 9)) & (4754, 35, 1970, t3=t2+(0, 4)) -> (1676, 1, 4754, t4=t3+(1, 7))	3	65
(2136, 106, 4815, t1) & (175, 159, 619, t2=t1+(0, 7)) & (2136, 188, 619, t3=t2+(0, 0)) -> (619, 188, 619, t4=t3+(1, 2))	3	66
(350, 45, 2601, t1) & (2681, 48, 3520, t2=t1+(0, 3)) & (3520, 75, 350, t3=t2+(0, 3)) -> (350, 45, 3520, t4=t3+(1, 4))	3	67
(2688, 119, 4581, t1) & (2272, 158, 4079, t2=t1+(0, 5)) & (4581, 22, 4079, t3=t2+(0, 5)) -> (2272, 22, 4581, t4=t3+(1, 6))	3	68
(3486, 141, 2160, t1) & (1427, 172, 1978, t2=t1+(0, 6)) & (1978, 84, 2160, t3=t2+(0, 5)) -> (1978, 84, 1427, t4=t3+(1, 2))	3	69
(1767, 18, 2900, t1) & (3481, 153, 2016, t2=t1+(0, 3)) & (2016, 81, 1767, t3=t2+(0, 4)) -> (1767, 81, 1767, t4=t3+(1, 2))	3	70
(1733, 17, 2160, t1) & (1460, 180, 3945, t2=t1+(0, 1)) & (1733, 11, 3945, t3=t2+(0, 4)) -> (1460, 17, 1733, t4=t3+(1, 6))	3	71
(4532, 59, 4988, t1) & (3851, 44, 3013, t2=t1+(0, 7)) & (4988, 53, 3013, t3=t2+(0, 4)) -> (3013, 53, 4988, t4=t3+(1, 5))	3	72
(1965, 156, 2024, t1) & (2727, 40, 3851, t2=t1+(0, 3)) & (3851, 147, 1965, t3=t2+(0, 7)) -> (3851, 147, 2024, t4=t3+(1, 4))	3	73
(1432, 158, 852, t1) & (1259, 6, 1689, t2=t1+(0, 7)) & (1689, 150, 852, t3=t2+(0, 6)) -> (1689, 158, 1689, t4=t3+(1, 3))	3	74
(1969, 117, 671, t1) & (866, 69, 3113, t2=t1+(0, 4)) & (1969, 173, 3113, t3=t2+(0, 2)) -> (3113, 69, 1969, t4=t3+(1, 6))	3	75
(261, 137, 4740, t1) & (1879, 129, 996, t2=t1+(0, 6)) & (4740, 85, 996, t3=t2+(0, 5)) -> (996, 129, 1879, t4=t3+(1, 7))	3	76
(3431, 56, 3377, t1) & (1595, 169, 3032, t2=t1+(0, 7)) & (3032, 126, 3377, t3=t2+(0, 4)) -> (3032, 56, 3377, t4=t3+(1, 3))	3	77
(2890, 73, 4881, t1) & (4946, 125, 418, t2=t1+(0, 4)) & (2890, 109, 418, t3=t2+(0, 4)) -> (2890, 109, 2890, t4=t3+(1, 3))	3	78
(1426, 11, 3646, t1) & (4778, 48, 4540, t2=t1+(0, 6)) & (3646, 101, 4778, t3=t2+(0, 4)) -> (4540, 48, 1426, t4=t3+(1, 2))	3	79
(1055, 198, 3526, t1) & (3606, 178, 2717, t2=t1+(0, 4)) & (1055, 146, 3606, t3=t2+(0, 2)) -> (2717, 178, 2717, t4=t3+(1, 6))	3	80
(4103, 191, 1400, t1) & (748, 195, 3342, t2=t1+(0, 2)) & (4103, 4, 3342, t3=t2+(0, 11)) -> (3342, 191, 748, t4=t3+(1, 3))	3	81
(4994, 190, 3533, t1) & (2525, 112, 2788, t2=t1+(0, 11)) & (2788, 41, 4994, t3=t2+(0, 8)) -> (4994, 112, 4994, t4=t3+(1, 1))	3	82
(17, 25, 14, t1) & (2851, 107, 3067, t2=t1+(0, 8)) & (3067, 24, 14, t3=t2+(0, 2)) -> (14, 24, 14, t4=t3+(1, 3))	3	83
(2316, 5, 340, t1) & (416, 21, 4984, t2=t1+(0, 3)) & (4984, 12, 2316, t3=t2+(0, 3)) -> (4984, 12, 340, t4=t3+(1, 3))	3	84
(4530, 63, 418, t1) & (1602, 189, 2878, t2=t1+(0, 5)) & (1602, 69, 418, t3=t2+(0, 5)) -> (418, 69, 2878, t4=t3+(1, 7))	3	85
(11, 50, 418, t1) & (3941, 139, 220, t2=t1+(0, 7)) & (220, 145, 418, t3=t2+(0, 6)) -> (220, 139, 11, t4=t3+(1, 4))	3	86
(3927, 54, 3916, t1) & (1696, 181, 1141, t2=t1+(0, 5)) & (1141, 15, 3927, t3=t2+(0, 11)) -> (3927, 181, 3916, t4=t3+(1, 3))	3	87
(4659, 21, 4990, t1) & (1373, 175, 2965, t2=t1+(0, 5)) & (4659, 188, 2965, t3=t2+(0, 4)) -> (2965, 175, 1373, t4=t3+(1, 4))	3	88
(4849, 8, 3032, t1) & (2160, 102, 235, t2=t1+(0, 10)) & (3032, 109, 235, t3=t2+(0, 8)) -> (3032, 102, 235, t4=t3+(1, 4))	3	89
(3929, 81, 11, t1) & (1053, 134, 3652, t2=t1+(0, 5)) & (3929, 184, 3652, t3=t2+(0, 5)) -> (1053, 184, 3929, t4=t3+(1, 3))	3	90
(321, 72, 961, t1) & (2146, 88, 2064, t2=t1+(0, 10)) & (321, 48, 2146, t3=t2+(0, 5)) -> (321, 88, 2146, t4=t3+(1, 3))	3	91
(735, 159, 1310, t1) & (1471, 179, 2122, t2=t1+(0, 5)) & (735, 74, 2122, t3=t2+(0, 5)) -> (2122, 179, 735, t4=t3+(1, 2))	3	92
(1803, 196, 3583, t1) & (246, 155, 3182, t2=t1+(0, 2)) & (3182, 116, 1803, t3=t2+(0, 5)) -> (246, 196, 3182, t4=t3+(1, 3))	3	93
(1702, 7, 4801, t1) & (2831, 182, 1505, t2=t1+(0, 5)) & (1505, 162, 4801, t3=t2+(0, 1)) -> (2831, 162, 4801, t4=t3+(1, 6))	3	94
(140, 179, 4308, t1) & (1432, 99, 2016, t2=t1+(0, 10)) & (4308, 21, 1432, t3=t2+(0, 5)) -> (1432, 99, 1432, t4=t3+(1, 1))	3	95
(3317, 127, 948, t1) & (218, 88, 1595, t2=t1+(0, 7)) & (3317, 109, 1595, t3=t2+(0, 7)) -> (218, 127, 3317, t4=t3+(1, 5))	3	96
(3394, 101, 2344, t1) & (3028, 1, 1141, t2=t1+(0, 7)) & (2344, 184, 3028, t3=t2+(0, 7)) -> (3028, 184, 1141, t4=t3+(1, 1))	3	97
(3983, 99, 1487, t1) & (2060, 9, 489, t2=t1+(0, 6)) & (1487, 165, 489, t3=t2+(0, 7)) -> (1487, 9, 489, t4=t3+(1, 9))	3	98
(1595, 186, 3583, t1) & (2016, 64, 591, t2=t1+(0, 0)) & (591, 27, 3583, t3=t2+(0, 3)) -> (3583, 27, 1595, t4=t3+(1, 3))	3	99
(3112, 44, 340, t1) & (340, 150, 3112, t2=t1+(0, 4)) -> (340, 150, 3112, t3=t2+(1, 8))	2	100
(3526, 151, 2366, t1) & (3526, 108, 2366, t2=t1+(0, 5)) -> (2366, 151, 2366, t3=t2+(1, 4))	2	101
(350, 163, 495, t1) & (350, 121, 495, t2=t1+(0, 6)) -> (350, 121, 350, t3=t2+(1, 4))	2	102
(4207, 63, 1948, t1) & (4207, 106, 1948, t2=t1+(0, 3)) -> (1948, 63, 1948, t3=t2+(1, 4))	2	103
(3218, 66, 2344, t1) & (3218, 186, 2344, t2=t1+(0, 5)) -> (3218, 186, 3218, t3=t2+(1, 6))	2	104
(1967, 180, 2127, t1) & (1967, 45, 1967, t2=t1+(0, 4)) -> (1967, 180, 2127, t3=t2+(1, 4))	2	105
(503, 62, 3073, t1) & (3073, 172, 3073, t2=t1+(0, 8)) -> (3073, 172, 3073, t3=t2+(1, 1))	2	106
(4792, 194, 3349, t1) & (3349, 41, 2344, t2=t1+(0, 2)) -> (4792, 41, 3349, t3=t2+(1, 4))	2	107
(3394, 42, 4588, t1) & (2160, 73, 3394, t2=t1+(0, 5)) -> (3394, 42, 3394, t3=t2+(1, 1))	2	108
(3666, 85, 4955, t1) & (3666, 14, 4955, t2=t1+(0, 3)) -> (3666, 14, 4955, t3=t2+(1, 3))	2	109
(4192, 110, 1133, t1) & (4192, 113, 4192, t2=t1+(0, 1)) -> (4192, 113, 4192, t3=t2+(1, 8))	2	110
(2390, 118, 2688, t1) & (2390, 18, 1407, t2=t1+(0, 5)) -> (1407, 118, 2390, t3=t2+(1, 4))	2	111
(2073, 144, 2507, t1) & (2073, 105, 2507, t2=t1+(0, 5)) -> (2073, 144, 2507, t3=t2+(1, 4))	2	112
(875, 129, 2918, t1) & (875, 61, 3126, t2=t1+(0, 6)) -> (875, 129, 875, t3=t2+(1, 5))	2	113
(1330, 1, 4079, t1) & (1330, 19, 1039, t2=t1+(0, 2)) -> (1330, 19, 1330, t3=t2+(1, 6))	2	114
(48, 104, 2915, t1) & (2915, 78, 2915, t2=t1+(0, 3)) -> (48, 104, 2915, t3=t2+(1, 7))	2	115
(3042, 137, 1981, t1) & (3937, 23, 1981, t2=t1+(0, 5)) -> (1981, 137, 1981, t3=t2+(1, 4))	2	116
(2390, 153, 3286, t1) & (2717, 101, 2390, t2=t1+(0, 4)) -> (2390, 101, 2390, t3=t2+(1, 1))	2	117
(1292, 135, 890, t1) & (3526, 5, 890, t2=t1+(0, 6)) -> (890, 5, 890, t3=t2+(1, 5))	2	118
(2965, 96, 3520, t1) & (2965, 30, 2965, t2=t1+(0, 2)) -> (2965, 96, 2965, t3=t2+(1, 4))	2	119
(4754, 82, 1595, t1) & (3034, 69, 4754, t2=t1+(0, 3)) -> (4754, 69, 1595, t3=t2+(1, 4))	2	120
(2271, 58, 3771, t1) & (49, 23, 3771, t2=t1+(0, 4)) -> (2271, 23, 3771, t3=t2+(1, 3))	2	121
(4594, 49, 138, t1) & (4594, 40, 4594, t2=t1+(0, 9)) -> (4594, 40, 4594, t3=t2+(1, 7))	2	122
(676, 82, 1292, t1) & (1358, 76, 1292, t2=t1+(0, 4)) -> (1358, 76, 1358, t3=t2+(1, 6))	2	123
(774, 180, 3317, t1) & (774, 182, 774, t2=t1+(0, 6)) -> (774, 182, 3317, t3=t2+(1, 8))	2	124
(1565, 94, 4530, t1) & (3394, 38, 1565, t2=t1+(0, 9)) -> (3394, 38, 4530, t3=t2+(1, 9))	2	125
(2486, 107, 3373, t1) & (1961, 5, 3373, t2=t1+(0, 6)) -> (3373, 5, 3373, t3=t2+(1, 2))	2	126
(3460, 197, 2016, t1) & (2016, 54, 4021, t2=t1+(0, 3)) -> (3460, 197, 4021, t3=t2+(1, 3))	2	127
(3431, 82, 1598, t1) & (2896, 146, 1598, t2=t1+(0, 6)) -> (3431, 146, 3431, t3=t2+(1, 5))	2	128
(903, 116, 1190, t1) & (1190, 39, 903, t2=t1+(0, 3)) -> (903, 39, 1190, t3=t2+(1, 6))	2	129
(3533, 78, 2016, t1) & (2991, 168, 2016, t2=t1+(0, 3)) -> (2016, 168, 2016, t3=t2+(1, 5))	2	130
(3394, 192, 2074, t1) & (2486, 136, 3394, t2=t1+(0, 5)) -> (3394, 136, 3394, t3=t2+(1, 11))	2	131
(4320, 102, 4660, t1) & (4660, 143, 1494, t2=t1+(0, 4)) -> (1494, 102, 4660, t3=t2+(1, 6))	2	132
(77, 111, 3927, t1) & (3927, 27, 4230, t2=t1+(0, 5)) -> (3927, 111, 3927, t3=t2+(1, 5))	2	133
(2016, 36, 4845, t1) & (2016, 31, 4598, t2=t1+(0, 8)) -> (2016, 31, 2016, t3=t2+(1, 7))	2	134
(1595, 57, 3373, t1) & (3373, 146, 3373, t2=t1+(0, 4)) -> (3373, 146, 1595, t3=t2+(1, 5))	2	135
(77, 64, 1679, t1) & (77, 146, 77, t2=t1+(0, 2)) -> (77, 64, 77, t3=t2+(1, 3))	2	136
(1785, 54, 3394, t1) & (1785, 51, 4394, t2=t1+(0, 9)) -> (4394, 51, 3394, t3=t2+(1, 4))	2	137
(3048, 183, 4021, t1) & (4021, 20, 3048, t2=t1+(0, 3)) -> (4021, 183, 4021, t3=t2+(1, 6))	2	138
(4103, 30, 34, t1) & (1595, 169, 4103, t2=t1+(0, 0)) -> (1595, 169, 1595, t3=t2+(1, 2))	2	139
(2455, 136, 4775, t1) & (2455, 93, 3559, t2=t1+(0, 6)) -> (3559, 93, 2455, t3=t2+(1, 3))	2	140
(2165, 82, 2507, t1) & (418, 134, 2165, t2=t1+(0, 4)) -> (2165, 134, 2165, t3=t2+(1, 5))	2	141
(4846, 182, 4955, t1) & (4846, 195, 4571, t2=t1+(0, 5)) -> (4846, 182, 4571, t3=t2+(1, 5))	2	142
(4955, 33, 3124, t1) & (4955, 69, 4596, t2=t1+(0, 6)) -> (4955, 69, 3124, t3=t2+(1, 8))	2	143
(3246, 74, 389, t1) & (2392, 143, 3246, t2=t1+(0, 3)) -> (3246, 74, 2392, t3=t2+(1, 3))	2	144
(3431, 28, 3763, t1) & (3431, 129, 3431, t2=t1+(0, 3)) -> (3431, 129, 3431, t3=t2+(1, 6))	2	145
(303, 81, 1226, t1) & (1226, 4, 1226, t2=t1+(0, 5)) -> (1226, 81, 1226, t3=t2+(1, 4))	2	146
(2733, 99, 14, t1) & (14, 180, 14, t2=t1+(0, 3)) -> (2733, 180, 14, t3=t2+(1, 3))	2	147
(3520, 76, 4846, t1) & (4846, 153, 2041, t2=t1+(0, 9)) -> (3520, 76, 4846, t3=t2+(1, 3))	2	148
(1568, 160, 1055, t1) & (1055, 10, 1568, t2=t1+(0, 3)) -> (1055, 160, 1055, t3=t2+(1, 8))	2	149
(2024, 159, 903, t1) & (903, 163, 903, t2=t1+(0, 7)) -> (2024, 159, 903, t3=t2+(1, 4))	2	150
(3013, 138, 2900, t1) & (3013, 97, 4530, t2=t1+(0, 4)) -> (3013, 97, 3013, t3=t2+(1, 6))	2	151
(1268, 34, 2233, t1) & (2233, 133, 1268, t2=t1+(0, 8)) -> (2233, 133, 2233, t3=t2+(1, 4))	2	152
(365, 45, 1696, t1) & (1696, 79, 325, t2=t1+(0, 7)) -> (365, 79, 1696, t3=t2+(1, 4))	2	153
(4784, 70, 1226, t1) & (1226, 127, 1226, t2=t1+(0, 6)) -> (1226, 127, 1226, t3=t2+(1, 3))	2	154
(1696, 149, 961, t1) & (1696, 98, 961, t2=t1+(0, 10)) -> (1696, 149, 1696, t3=t2+(1, 3))	2	155
(2965, 96, 2474, t1) & (2965, 164, 2965, t2=t1+(0, 8)) -> (2965, 96, 2965, t3=t2+(1, 6))	2	156
(3927, 120, 3182, t1) & (3182, 184, 3927, t2=t1+(0, 6)) -> (3927, 184, 3927, t3=t2+(1, 7))	2	157
(1767, 120, 4654, t1) & (4654, 198, 1767, t2=t1+(0, 9)) -> (1767, 198, 4654, t3=t2+(1, 5))	2	158
(4021, 12, 4816, t1) & (2191, 97, 4021, t2=t1+(0, 7)) -> (2191, 12, 4021, t3=t2+(1, 4))	2	159
(3298, 111, 34, t1) & (1910, 9, 34, t2=t1+(0, 2)) -> (34, 111, 3298, t3=t2+(1, 7))	2	160
(1597, 154, 4553, t1) & (1597, 187, 1031, t2=t1+(0, 1)) -> (1031, 154, 1597, t3=t2+(1, 3))	2	161
(147, 48, 2535, t1) & (2535, 156, 147, t2=t1+(0, 7)) -> (147, 156, 2535, t3=t2+(1, 7))	2	162
(2447, 42, 430, t1) & (2623, 190, 430, t2=t1+(0, 3)) -> (430, 42, 2447, t3=t2+(1, 6))	2	163
(3687, 103, 416, t1) & (416, 23, 4289, t2=t1+(0, 5)) -> (3687, 103, 4289, t3=t2+(1, 4))	2	164
(461, 113, 1808, t1) & (1808, 89, 461, t2=t1+(0, 7)) -> (1808, 113, 1808, t3=t2+(1, 4))	2	165
(1618, 81, 4994, t1) & (4048, 54, 1618, t2=t1+(0, 6)) -> (1618, 54, 1618, t3=t2+(1, 4))	2	166
(1121, 155, 3394, t1) & (3394, 24, 875, t2=t1+(0, 5)) -> (1121, 155, 1121, t3=t2+(1, 4))	2	167
(217, 75, 3546, t1) & (3546, 199, 3546, t2=t1+(0, 2)) -> (3546, 75, 3546, t3=t2+(1, 4))	2	168
(1943, 135, 4588, t1) & (1908, 140, 1943, t2=t1+(0, 7)) -> (1908, 135, 1908, t3=t2+(1, 1))	2	169
(2961, 27, 1075, t1) & (3195, 35, 2961, t2=t1+(0, 8)) -> (3195, 27, 2961, t3=t2+(1, 11))	2	170
(347, 101, 1471, t1) & (1407, 98, 1471, t2=t1+(0, 9)) -> (1407, 101, 1407, t3=t2+(1, 6))	2	171
(4764, 8, 2958, t1) & (4571, 154, 4764, t2=t1+(0, 8)) -> (2958, 8, 4764, t3=t2+(1, 6))	2	172
(1212, 63, 4758, t1) & (4758, 183, 3583, t2=t1+(0, 6)) -> (4758, 63, 1212, t3=t2+(1, 7))	2	173
(884, 163, 418, t1) & (418, 86, 884, t2=t1+(0, 4)) -> (418, 163, 884, t3=t2+(1, 5))	2	174
(903, 102, 4794, t1) & (2272, 172, 4794, t2=t1+(0, 6)) -> (4794, 102, 903, t3=t2+(1, 6))	2	175
(1358, 147, 3011, t1) & (1358, 133, 3124, t2=t1+(0, 6)) -> (1358, 147, 1358, t3=t2+(1, 5))	2	176
(3583, 4, 2702, t1) & (3583, 48, 3763, t2=t1+(0, 3)) -> (2702, 4, 3583, t3=t2+(1, 8))	2	177
(1031, 17, 1779, t1) & (1031, 28, 1873, t2=t1+(0, 3)) -> (1031, 17, 1779, t3=t2+(1, 7))	2	178
(1233, 182, 3689, t1) & (3689, 37, 1233, t2=t1+(0, 4)) -> (3689, 182, 1233, t3=t2+(1, 4))	2	179
(1854, 72, 1192, t1) & (1192, 138, 1192, t2=t1+(0, 7)) -> (1192, 72, 1192, t3=t2+(1, 7))	2	180
(1460, 112, 1029, t1) & (1460, 66, 1460, t2=t1+(0, 4)) -> (1460, 66, 1029, t3=t2+(1, 6))	2	181
(4845, 65, 3013, t1) & (2770, 161, 4845, t2=t1+(0, 4)) -> (4845, 65, 3013, t3=t2+(1, 1))	2	182
(3605, 22, 4160, t1) & (1432, 59, 3605, t2=t1+(0, 3)) -> (3605, 59, 4160, t3=t2+(1, 5))	2	183
(913, 10, 890, t1) & (913, 176, 913, t2=t1+(0, 3)) -> (913, 10, 913, t3=t2+(1, 5))	2	184
(2896, 133, 2356, t1) & (2356, 194, 3882, t2=t1+(0, 6)) -> (2356, 133, 2896, t3=t2+(1, 8))	2	185
(2808, 28, 1118, t1) & (2808, 77, 430, t2=t1+(0, 8)) -> (2808, 28, 2808, t3=t2+(1, 8))	2	186
(1210, 155, 74, t1) & (2866, 58, 74, t2=t1+(0, 8)) -> (74, 155, 1210, t3=t2+(1, 6))	2	187
(2037, 129, 4466, t1) & (4466, 106, 1648, t2=t1+(0, 7)) -> (4466, 129, 4466, t3=t2+(1, 4))	2	188
(1427, 132, 3032, t1) & (1427, 53, 4308, t2=t1+(0, 6)) -> (1427, 132, 3032, t3=t2+(1, 10))	2	189
(3520, 154, 11, t1) & (11, 91, 157, t2=t1+(0, 6)) -> (3520, 154, 3520, t3=t2+(1, 7))	2	190
(3292, 170, 3978, t1) & (3978, 154, 3978, t2=t1+(0, 5)) -> (3978, 170, 3978, t3=t2+(1, 3))	2	191
(1663, 98, 4222, t1) & (4222, 190, 4818, t2=t1+(0, 4)) -> (4222, 98, 4222, t3=t2+(1, 2))	2	192
(1369, 105, 1312, t1) & (1369, 101, 961, t2=t1+(0, 4)) -> (1369, 105, 961, t3=t2+(1, 4))	2	193
(69, 27, 3763, t1) & (3763, 151, 1715, t2=t1+(0, 6)) -> (69, 151, 3763, t3=t2+(1, 2))	2	194
(3451, 114, 1166, t1) & (2917, 137, 1166, t2=t1+(0, 6)) -> (3451, 114, 1166, t3=t2+(1, 8))	2	195
(3533, 137, 1176, t1) & (1552, 177, 1176, t2=t1+(0, 5)) -> (3533, 137, 1176, t3=t2+(1, 2))	2	196
(3032, 92, 847, t1) & (847, 159, 4408, t2=t1+(0, 7)) -> (4408, 92, 847, t3=t2+(1, 4))	2	197
(4433, 130, 3032, t1) & (4433, 128, 3032, t2=t1+(0, 7)) -> (3032, 128, 4433, t3=t2+(1, 8))	2	198
(1879, 69, 4818, t1) & (1879, 99, 2366, t2=t1+(0, 9)) -> (2366, 69, 4818, t3=t2+(1, 9))	2	199
(1226, 33, 1358, t1) -> (1226, 33, 1226, t2=t1+(1, 9))	1	200
(2917, 13, 1141, t1) -> (2917, 13, 1141, t2=t1+(1, 6))	1	201
(870, 175, 4260, t1) -> (870, 175, 4260, t2=t1+(1, 7))	1	202
(2336, 72, 948, t1) -> (948, 72, 948, t2=t1+(1, 1))	1	203
(4553, 47, 3267, t1) -> (3267, 47, 4553, t2=t1+(1, 7))	1	204
(1792, 143, 1694, t1) -> (1792, 143, 1792, t2=t1+(1, 10))	1	205
(1627, 37, 417, t1) -> (417, 37, 417, t2=t1+(1, 5))	1	206
(2074, 192, 4740, t1) -> (2074, 192, 2074, t2=t1+(1, 9))	1	207
(1411, 5, 1232, t1) -> (1232, 5, 1232, t2=t1+(1, 5))	1	208
(4499, 25, 3058, t1) -> (3058, 25, 4499, t2=t1+(1, 5))	1	209
(2965, 164, 3605, t1) -> (2965, 164, 3605, t2=t1+(1, 3))	1	210
(2770, 145, 403, t1) -> (2770, 145, 2770, t2=t1+(1, 7))	1	211
(2041, 174, 2991, t1) -> (2991, 174, 2991, t2=t1+(1, 3))	1	212
(4322, 119, 3000, t1) -> (4322, 119, 4322, t2=t1+(1, 6))	1	213
(4318, 136, 2016, t1) -> (2016, 136, 4318, t2=t1+(1, 5))	1	214
(4540, 119, 3431, t1) -> (3431, 119, 4540, t2=t1+(1, 6))	1	215
(2694, 163, 3434, t1) -> (2694, 163, 2694, t2=t1+(1, 4))	1	216
(1268, 49, 1694, t1) -> (1268, 49, 1694, t2=t1+(1, 1))	1	217
(4308, 0, 1818, t1) -> (4308, 0, 4308, t2=t1+(1, 6))	1	218
(2688, 127, 1063, t1) -> (2688, 127, 1063, t2=t1+(1, 4))	1	219
(3451, 198, 2024, t1) -> (3451, 198, 2024, t2=t1+(1, 7))	1	220
(3032, 168, 1427, t1) -> (3032, 168, 1427, t2=t1+(1, 3))	1	221
(3156, 53, 3123, t1) -> (3156, 53, 3123, t2=t1+(1, 6))	1	222
(4308, 90, 1358, t1) -> (1358, 90, 1358, t2=t1+(1, 6))	1	223
(4434, 62, 1879, t1) -> (4434, 62, 4434, t2=t1+(1, 5))	1	224
(1740, 67, 4318, t1) -> (4318, 67, 4318, t2=t1+(1, 10))	1	225
(185, 132, 3558, t1) -> (185, 132, 185, t2=t1+(1, 6))	1	226
(3851, 133, 3646, t1) -> (3646, 133, 3646, t2=t1+(1, 5))	1	227
(2958, 123, 1618, t1) -> (1618, 123, 1618, t2=t1+(1, 6))	1	228
(4232, 15, 2392, t1) -> (4232, 15, 4232, t2=t1+(1, 3))	1	229
(3103, 174, 3646, t1) -> (3103, 174, 3646, t2=t1+(1, 4))	1	230
(3431, 170, 1233, t1) -> (3431, 170, 1233, t2=t1+(1, 4))	1	231
(4122, 82, 2160, t1) -> (4122, 82, 4122, t2=t1+(1, 7))	1	232
(3695, 33, 1943, t1) -> (1943, 33, 1943, t2=t1+(1, 7))	1	233
(4264, 43, 289, t1) -> (289, 43, 4264, t2=t1+(1, 4))	1	234
(1386, 8, 4655, t1) -> (1386, 8, 4655, t2=t1+(1, 3))	1	235
(660, 163, 2681, t1) -> (660, 163, 2681, t2=t1+(1, 3))	1	236
(4337, 37, 4860, t1) -> (4337, 37, 4337, t2=t1+(1, 4))	1	237
(3092, 118, 4636, t1) -> (4636, 118, 4636, t2=t1+(1, 4))	1	238
(4553, 170, 3562, t1) -> (4553, 170, 4553, t2=t1+(1, 3))	1	239
(4042, 85, 4955, t1) -> (4042, 85, 4955, t2=t1+(1, 7))	1	240
(3218, 159, 3394, t1) -> (3394, 159, 3394, t2=t1+(1, 2))	1	241
(3069, 196, 4079, t1) -> (3069, 196, 3069, t2=t1+(1, 2))	1	242
(3562, 71, 523, t1) -> (523, 71, 3562, t2=t1+(1, 5))	1	243
(3528, 36, 3711, t1) -> (3528, 36, 3711, t2=t1+(1, 4))	1	244
(3978, 184, 4540, t1) -> (4540, 184, 4540, t2=t1+(1, 2))	1	245
(3032, 56, 4318, t1) -> (3032, 56, 4318, t2=t1+(1, 4))	1	246
(713, 84, 2486, t1) -> (2486, 84, 713, t2=t1+(1, 1))	1	247
(2315, 16, 2535, t1) -> (2315, 16, 2315, t2=t1+(1, 3))	1	248
(913, 15, 774, t1) -> (913, 15, 774, t2=t1+(1, 3))	1	249
(271, 179, 3682, t1) -> (271, 179, 271, t2=t1+(1, 4))	1	250
(182, 112, 4754, t1) -> (182, 112, 4754, t2=t1+(1, 4))	1	251
(2328, 92, 3051, t1) -> (2328, 92, 3051, t2=t1+(1, 5))	1	252
(1821, 3, 1432, t1) -> (1432, 3, 1432, t2=t1+(1, 6))	1	253
(2917, 11, 2271, t1) -> (2271, 11, 2917, t2=t1+(1, 4))	1	254
(3533, 174, 4284, t1) -> (4284, 174, 4284, t2=t1+(1, 2))	1	255
(2054, 89, 4636, t1) -> (4636, 89, 4636, t2=t1+(1, 7))	1	256
(3024, 2, 1025, t1) -> (3024, 2, 3024, t2=t1+(1, 9))	1	257
(2702, 34, 720, t1) -> (2702, 34, 2702, t2=t1+(1, 2))	1	258
(866, 90, 2614, t1) -> (866, 90, 866, t2=t1+(1, 3))	1	259
(343, 26, 2276, t1) -> (2276, 26, 343, t2=t1+(1, 5))	1	260
(1696, 139, 1305, t1) -> (1305, 139, 1696, t2=t1+(1, 7))	1	261
(2346, 144, 2074, t1) -> (2346, 144, 2074, t2=t1+(1, 6))	1	262
(1565, 52, 3851, t1) -> (3851, 52, 3851, t2=t1+(1, 6))	1	263
(2116, 115, 1166, t1) -> (2116, 115, 1166, t2=t1+(1, 5))	1	264
(1696, 35, 4131, t1) -> (4131, 35, 1696, t2=t1+(1, 4))	1	265
(1854, 15, 2574, t1) -> (2574, 15, 1854, t2=t1+(1, 5))	1	266
(2754, 183, 1226, t1) -> (2754, 183, 1226, t2=t1+(1, 5))	1	267
(4659, 58, 2958, t1) -> (2958, 58, 2958, t2=t1+(1, 6))	1	268
(3051, 0, 2390, t1) -> (2390, 0, 3051, t2=t1+(1, 6))	1	269
(3360, 112, 4892, t1) -> (4892, 112, 4892, t2=t1+(1, 6))	1	270
(4500, 190, 4892, t1) -> (4892, 190, 4500, t2=t1+(1, 7))	1	271
(948, 105, 1192, t1) -> (948, 105, 948, t2=t1+(1, 3))	1	272
(3252, 45, 4320, t1) -> (4320, 45, 3252, t2=t1+(1, 7))	1	273
(1380, 113, 4051, t1) -> (4051, 113, 1380, t2=t1+(1, 3))	1	274
(2122, 149, 3052, t1) -> (3052, 149, 3052, t2=t1+(1, 2))	1	275
(376, 28, 79, t1) -> (376, 28, 79, t2=t1+(1, 4))	1	276
(1696, 121, 1808, t1) -> (1808, 121, 1696, t2=t1+(1, 4))	1	277
(2629, 114, 1402, t1) -> (2629, 114, 2629, t2=t1+(1, 4))	1	278
(2105, 197, 787, t1) -> (2105, 197, 2105, t2=t1+(1, 6))	1	279
(699, 101, 1696, t1) -> (1696, 101, 1696, t2=t1+(1, 3))	1	280
(416, 13, 1444, t1) -> (1444, 13, 1444, t2=t1+(1, 1))	1	281
(2122, 71, 2808, t1) -> (2808, 71, 2808, t2=t1+(1, 4))	1	282
(1565, 181, 2917, t1) -> (1565, 181, 1565, t2=t1+(1, 3))	1	283
(4774, 64, 4598, t1) -> (4598, 64, 4774, t2=t1+(1, 3))	1	284
(4474, 101, 1358, t1) -> (4474, 101, 4474, t2=t1+(1, 5))	1	285
(2355, 69, 847, t1) -> (847, 69, 2355, t2=t1+(1, 6))	1	286
(2996, 96, 1228, t1) -> (1228, 96, 1228, t2=t1+(1, 5))	1	287
(430, 84, 3161, t1) -> (430, 84, 430, t2=t1+(1, 5))	1	288
(3032, 175, 852, t1) -> (3032, 175, 3032, t2=t1+(1, 7))	1	289
(4394, 115, 4029, t1) -> (4029, 115, 4029, t2=t1+(1, 5))	1	290
(3269, 165, 2177, t1) -> (3269, 165, 2177, t2=t1+(1, 8))	1	291
(4801, 25, 3687, t1) -> (3687, 25, 3687, t2=t1+(1, 5))	1	292
(4408, 29, 2878, t1) -> (4408, 29, 4408, t2=t1+(1, 3))	1	293
(2016, 136, 3689, t1) -> (3689, 136, 3689, t2=t1+(1, 4))	1	294
(4909, 112, 4042, t1) -> (4042, 112, 4042, t2=t1+(1, 4))	1	295
(4697, 82, 3615, t1) -> (3615, 82, 3615, t2=t1+(1, 8))	1	296
(3459, 157, 1888, t1) -> (3459, 157, 1888, t2=t1+(1, 3))	1	297
(2380, 64, 3583, t1) -> (3583, 64, 2380, t2=t1+(1, 2))	1	298
(2793, 70, 1687, t1) -> (1687, 70, 2793, t2=t1+(1, 3))	1	299
