(3764, 12, 4228, t1) & (2723, 171, 4879, t2=t1+(0, 6)) & (2723, 12, 3764, t3=t2+(0, 2)) -> (2723, 12, 3764, t4=t3+(1, 6))	3	0
(3161, 105, 1136, t1) & (740, 97, 4077, t2=t1+(0, 3)) & (4077, 77, 3161, t3=t2+(0, 6)) -> (3161, 77, 740, t4=t3+(1, 3))	3	1
(4928, 108, 2030, t1) & (4103, 33, 3451, t2=t1+(0, 3)) & (4103, 135, 4928, t3=t2+(0, 3)) -> (4928, 135, 4103, t4=t3+(1, 8))	3	2
(4724, 113, 4583, t1) & (2966, 156, 1437, t2=t1+(0, 10)) & (2966, 9, 4724, t3=t2+(0, 2)) -> (4724, 156, 4724, t4=t3+(1, 8))	3	3
(1005, 86, 2706, t1) & (801, 190, 4571, t2=t1+(0, 3)) & (1005, 30, 801, t3=t2+(0, 8)) -> (1005, 30, 1005, t4=t3+(1, 7))	3	4
(1773, 123, 2566, t1) & (469, 11, 2671, t2=t1+(0, 6)) & (2671, 152, 2566, t3=t2+(0, 3)) -> (1773, 11, 2566, t4=t3+(1, 5))	3	5
(4416, 56, 1302, t1) & (4510, 112, 1762, t2=t1+(0, 2)) & (1302, 38, 1762, t3=t2+(0, 4)) -> (1302, 56, 4510, t4=t3+(1, 3))	3	6
(2827, 46, 3494, t1) & (2331, 46, 83, t2=t1+(0, 8)) & (2331, 79, 2827, t3=t2+(0, 7)) -> (2827, 46, 3494, t4=t3+(1, 7))	3	7
(1215, 178, 135, t1) & (1226, 30, 3541, t2=t1+(0, 5)) & (1226, 141, 1215, t3=t2+(0, 1)) -> (3541, 30, 1226, t4=t3+(1, 10))	3	8
(525, 189, 2973, t1) & (709, 96, 1000, t2=t1+(0, 7)) & (709, 131, 2973, t3=t2+(0, 4)) -> (709, 131, 525, t4=t3+(1, 2))	3	9
(3560, 131, 3658, t1) & (3512, 160, 3455, t2=t1+(0, 6)) & (3560, 156, 3455, t3=t2+(0, 6)) -> (3560, 156, 3512, t4=t3+(1, 7))	3	10
(3552, 46, 2224, t1) & (1234, 33, 4376, t2=t1+(0, 8)) & (1234, 7, 2224, t3=t2+(0, 4)) -> (4376, 46, 1234, t4=t3+(1, 6))	3	11
(3862, 46, 2942, t1) & (111, 157, 4138, t2=t1+(0, 5)) & (2942, 19, 111, t3=t2+(0, 1)) -> (3862, 19, 111, t4=t3+(1, 5))	3	12
(1433, 142, 26, t1) & (2700, 54, 1543, t2=t1+(0, 5)) & (26, 117, 1543, t3=t2+(0, 5)) -> (26, 54, 1543, t4=t3+(1, 3))	3	13
(3249, 80, 2855, t1) & (2093, 165, 3328, t2=t1+(0, 5)) & (3249, 129, 3328, t3=t2+(0, 3)) -> (3249, 129, 2093, t4=t3+(1, 6))	3	14
(226, 93, 4479, t1) & (1219, 195, 3078, t2=t1+(0, 2)) & (226, 81, 3078, t3=t2+(0, 5)) -> (4479, 81, 3078, t4=t3+(1, 1))	3	15
(4080, 17, 3040, t1) & (3903, 148, 579, t2=t1+(0, 3)) & (3040, 159, 579, t3=t2+(0, 6)) -> (579, 148, 579, t4=t3+(1, 7))	3	16
(2238, 7, 526, t1) & (2007, 184, 4387, t2=t1+(0, 8)) & (526, 92, 2007, t3=t2+(0, 10)) -> (526, 7, 526, t4=t3+(1, 3))	3	17
(1013, 109, 2512, t1) & (64, 62, 884, t2=t1+(0, 6)) & (884, 20, 2512, t3=t2+(0, 3)) -> (884, 109, 884, t4=t3+(1, 5))	3	18
(2068, 40, 4930, t1) & (1032, 31, 2357, t2=t1+(0, 3)) & (2068, 32, 2357, t3=t2+(0, 1)) -> (2068, 32, 2357, t4=t3+(1, 4))	3	19
(2260, 48, 3216, t1) & (379, 78, 2535, t2=t1+(0, 5)) & (379, 165, 3216, t3=t2+(0, 2)) -> (379, 48, 3216, t4=t3+(1, 7))	3	20
(2761, 184, 3215, t1) & (4775, 110, 3689, t2=t1+(0, 6)) & (3689, 106, 2761, t3=t2+(0, 2)) -> (2761, 106, 2761, t4=t3+(1, 7))	3	21
(3330, 168, 1360, t1) & (2347, 173, 2910, t2=t1+(0, 7)) & (3330, 164, 2910, t3=t2+(0, 3)) -> (3330, 164, 3330, t4=t3+(1, 3))	3	22
(1586, 54, 399, t1) & (2031, 186, 595, t2=t1+(0, 6)) & (1586, 132, 2031, t3=t2+(0, 4)) -> (595, 132, 399, t4=t3+(1, 6))	3	23
(1456, 4, 425, t1) & (4262, 83, 2708, t2=t1+(0, 4)) & (2708, 11, 1456, t3=t2+(0, 6)) -> (425, 11, 4262, t4=t3+(1, 2))	3	24
(3264, 37, 1417, t1) & (4615, 112, 4108, t2=t1+(0, 7)) & (4108, 176, 3264, t3=t2+(0, 5)) -> (4615, 37, 1417, t4=t3+(1, 3))	3	25
(2369, 14, 943, t1) & (3494, 155, 2159, t2=t1+(0, 3)) & (2159, 109, 2369, t3=t2+(0, 5)) -> (2369, 109, 2159, t4=t3+(1, 3))	3	26
(3399, 52, 4364, t1) & (4207, 20, 2069, t2=t1+(0, 1)) & (4207, 20, 3399, t3=t2+(0, 5)) -> (3399, 20, 2069, t4=t3+(1, 6))	3	27
(159, 1, 4117, t1) & (1135, 103, 1072, t2=t1+(0, 5)) & (159, 64, 1072, t3=t2+(0, 7)) -> (1135, 103, 159, t4=t3+(1, 6))	3	28
(1129, 177, 3092, t1) & (1084, 99, 4347, t2=t1+(0, 7)) & (1129, 166, 1084, t3=t2+(0, 7)) -> (1084, 166, 4347, t4=t3+(1, 7))	3	29
(4816, 107, 3913, t1) & (3190, 93, 1320, t2=t1+(0, 8)) & (4816, 182, 3190, t3=t2+(0, 6)) -> (4816, 107, 4816, t4=t3+(1, 1))	3	30
(1518, 130, 327, t1) & (4828, 167, 379, t2=t1+(0, 4)) & (327, 115, 379, t3=t2+(0, 3)) -> (1518, 130, 327, t4=t3+(1, 11))	3	31
(2519, 122, 194, t1) & (90, 101, 4146, t2=t1+(0, 3)) & (194, 59, 4146, t3=t2+(0, 4)) -> (194, 59, 2519, t4=t3+(1, 4))	3	32
(1244, 95, 4588, t1) & (2259, 138, 1839, t2=t1+(0, 2)) & (4588, 188, 1839, t3=t2+(0, 2)) -> (2259, 188, 1839, t4=t3+(1, 3))	3	33
(2294, 98, 1734, t1) & (3843, 17, 3396, t2=t1+(0, 5)) & (3396, 64, 1734, t3=t2+(0, 3)) -> (2294, 17, 3396, t4=t3+(1, 4))	3	34
(1601, 87, 3131, t1) & (1094, 78, 3656, t2=t1+(0, 3)) & (3656, 37, 3131, t3=t2+(0, 5)) -> (3131, 37, 1094, t4=t3+(1, 7))	3	35
(2059, 138, 4127, t1) & (3251, 158, 1934, t2=t1+(0, 2)) & (4127, 122, 3251, t3=t2+(0, 8)) -> (3251, 158, 3251, t4=t3+(1, 4))	3	36
(1503, 10, 4919, t1) & (1659, 25, 2173, t2=t1+(0, 7)) & (1659, 84, 4919, t3=t2+(0, 2)) -> (1659, 84, 4919, t4=t3+(1, 4))	3	37
(3013, 15, 1616, t1) & (857, 68, 3462, t2=t1+(0, 5)) & (3462, 8, 3013, t3=t2+(0, 2)) -> (857, 8, 1616, t4=t3+(1, 4))	3	38
(104, 9, 4414, t1) & (2238, 98, 3249, t2=t1+(0, 3)) & (104, 82, 2238, t3=t2+(0, 4)) -> (104, 98, 104, t4=t3+(1, 5))	3	39
(4366, 165, 3006, t1) & (1617, 34, 4270, t2=t1+(0, 4)) & (4366, 33, 4270, t3=t2+(0, 4)) -> (4366, 33, 4270, t4=t3+(1, 6))	3	40
(3130, 135, 4568, t1) & (3594, 135, 2797, t2=t1+(0, 6)) & (2797, 139, 4568, t3=t2+(0, 6)) -> (3594, 135, 4568, t4=t3+(1, 6))	3	41
(983, 189, 1746, t1) & (295, 104, 3707, t2=t1+(0, 5)) & (1746, 79, 295, t3=t2+(0, 6)) -> (1746, 189, 1746, t4=t3+(1, 7))	3	42
(2517, 33, 241, t1) & (3496, 72, 2545, t2=t1+(0, 3)) & (3496, 2, 2517, t3=t2+(0, 6)) -> (2517, 2, 3496, t4=t3+(1, 9))	3	43
(4233, 193, 1950, t1) & (564, 8, 1298, t2=t1+(0, 4)) & (1298, 52, 1950, t3=t2+(0, 3)) -> (1950, 8, 4233, t4=t3+(1, 7))	3	44
(2294, 180, 2349, t1) & (1960, 16, 970, t2=t1+(0, 2)) & (2349, 147, 970, t3=t2+(0, 4)) -> (2294, 180, 970, t4=t3+(1, 6))	3	45
(1281, 128, 602, t1) & (3517, 76, 4604, t2=t1+(0, 7)) & (602, 92, 4604, t3=t2+(0, 5)) -> (4604, 76, 602, t4=t3+(1, 4))	3	46
(3383, 194, 2582, t1) & (3610, 110, 1614, t2=t1+(0, 2)) & (3610, 78, 2582, t3=t2+(0, 4)) -> (3610, 110, 3610, t4=t3+(1, 4))	3	47
(2697, 152, 2694, t1) & (3473, 1, 2016, t2=t1+(0, 4)) & (2016, 132, 2694, t3=t2+(0, 3)) -> (2694, 152, 2697, t4=t3+(1, 8))	3	48
(4524, 176, 3704, t1) & (1996, 5, 2074, t2=t1+(0, 5)) & (4524, 119, 1996, t3=t2+(0, 4)) -> (4524, 5, 3704, t4=t3+(1, 7))	3	49
(4451, 89, 311, t1) & (2406, 153, 2151, t2=t1+(0, 5)) & (4451, 135, 2406, t3=t2+(0, 5)) -> (4451, 89, 2406, t4=t3+(1, 7))	3	50
(2386, 70, 432, t1) & (4352, 133, 122, t2=t1+(0, 4)) & (432, 82, 122, t3=t2+(0, 4)) -> (122, 70, 432, t4=t3+(1, 6))	3	51
(1823, 45, 4186, t1) & (594, 44, 4421, t2=t1+(0, 4)) & (4186, 13, 4421, t3=t2+(0, 3)) -> (4186, 13, 4421, t4=t3+(1, 3))	3	52
(3625, 107, 4180, t1) & (4218, 81, 926, t2=t1+(0, 4)) & (926, 68, 4180, t3=t2+(0, 4)) -> (4180, 81, 4180, t4=t3+(1, 2))	3	53
(2693, 195, 4489, t1) & (1915, 19, 2398, t2=t1+(0, 2)) & (1915, 22, 4489, t3=t2+(0, 2)) -> (1915, 19, 1915, t4=t3+(1, 1))	3	54
(4434, 106, 1778, t1) & (708, 166, 779, t2=t1+(0, 4)) & (708, 29, 1778, t3=t2+(0, 6)) -> (4434, 166, 4434, t4=t3+(1, 6))	3	55
(2496, 188, 769, t1) & (4722, 154, 1553, t2=t1+(0, 5)) & (2496, 110, 1553, t3=t2+(0, 6)) -> (2496, 154, 4722, t4=t3+(1, 2))	3	56
(3118, 59, 4234, t1) & (3000, 162, 1833, t2=t1+(0, 4)) & (1833, 127, 4234, t3=t2+(0, 4)) -> (1833, 59, 3118, t4=t3+(1, 7))	3	57
(3325, 166, 3571, t1) & (301, 17, 1410, t2=t1+(0, 6)) & (3325, 106, 301, t3=t2+(0, 1)) -> (3325, 17, 3571, t4=t3+(1, 2))	3	58
(2285, 198, 12, t1) & (4381, 196, 1957, t2=t1+(0, 1)) & (1957, 39, 2285, t3=t2+(0, 1)) -> (2285, 198, 1957, t4=t3+(1, 6))	3	59
(565, 57, 1483, t1) & (1354, 81, 1333, t2=t1+(0, 5)) & (1483, 162, 1354, t3=t2+(0, 1)) -> (1483, 57, 1354, t4=t3+(1, 5))	3	60
(4400, 68, 4829, t1) & (4270, 63, 1198, t2=t1+(0, 6)) & (1198, 170, 4400, t3=t2+(0, 9)) -> (4829, 68, 1198, t4=t3+(1, 7))	3	61
(4718, 0, 1014, t1) & (4258, 120, 4030, t2=t1+(0, 4)) & (4258, 1, 1014, t3=t2+(0, 8)) -> (4030, 1, 4030, t4=t3+(1, 8))	3	62
(552, 63, 2835, t1) & (627, 85, 3462, t2=t1+(0, 4)) & (2835, 198, 3462, t3=t2+(0, 5)) -> (552, 63, 552, t4=t3+(1, 9))	3	63
(3511, 104, 1273, t1) & (4564, 100, 1713, t2=t1+(0, 6)) & (4564, 111, 1273, t3=t2+(0, 3)) -> (1273, 111, 1273, t4=t3+(1, 4))	3	64
(119, 186, 2989, t1) & (2739, 92, 2116, t2=t1+(0, 4)) & (2739, 37, 2989, t3=t2+(0, 2)) -> (2116, 186, 119, t4=t3+(1, 2))	3	65
(3271, 192, 609, t1) & (4051, 19, 3134, t2=t1+(0, 5)) & (3134, 78, 3271, t3=t2+(0, 6)) -> (3134, 19, 609, t4=t3+(1, 6))	3	66
(593, 18, 3661, t1) & (4128, 150, 679, t2=t1+(0, 3)) & (4128, 84, 593, t3=t2+(0, 4)) -> (593, 84, 3661, t4=t3+(1, 5))	3	67
(1242, 149, 2097, t1) & (2375, 102, 266, t2=t1+(0, 4)) & (266, 152, 1242, t3=t2+(0, 5)) -> (266, 152, 266, t4=t3+(1, 4))	3	68
(4872, 195, 2689, t1) & (3224, 177, 2310, t2=t1+(0, 4)) & (3224, 129, 2689, t3=t2+(0, 4)) -> (4872, 129, 2689, t4=t3+(1, 4))	3	69
(2824, 199, 2929, t1) & (2604, 0, 621, t2=t1+(0, 5)) & (2604, 72, 2824, t3=t2+(0, 4)) -> (2604, 199, 2824, t4=t3+(1, 1))	3	70
(2395, 49, 798, t1) & (1072, 191, 76, t2=t1+(0, 3)) & (76, 140, 798, t3=t2+(0, 0)) -> (1072, 49, 2395, t4=t3+(1, 5))	3	71
(173, 140, 973, t1) & (2426, 174, 4462, t2=t1+(0, 5)) & (173, 122, 2426, t3=t2+(0, 2)) -> (173, 174, 173, t4=t3+(1, 4))	3	72
(3138, 2, 944, t1) & (3340, 68, 594, t2=t1+(0, 5)) & (944, 135, 3340, t3=t2+(0, 4)) -> (3340, 2, 944, t4=t3+(1, 8))	3	73
(111, 98, 4590, t1) & (169, 169, 4332, t2=t1+(0, 6)) & (4332, 171, 111, t3=t2+(0, 4)) -> (111, 98, 169, t4=t3+(1, 5))	3	74
(1826, 54, 2398, t1) & (4657, 189, 1522, t2=t1+(0, 6)) & (4657, 154, 1826, t3=t2+(0, 3)) -> (2398, 54, 4657, t4=t3+(1, 4))	3	75
(2730, 179, 3498, t1) & (2622, 119, 3100, t2=t1+(0, 10)) & (3100, 118, 2730, t3=t2+(0, 3)) -> (2730, 118, 2730, t4=t3+(1, 7))	3	76
(2544, 104, 3923, t1) & (133, 145, 1370, t2=t1+(0, 5)) & (2544, 110, 133, t3=t2+(0, 2)) -> (133, 145, 3923, t4=t3+(1, 2))	3	77
(1400, 116, 3228, t1) & (3927, 188, 4819, t2=t1+(0, 5)) & (1400, 119, 4819, t3=t2+(0, 6)) -> (3228, 116, 4819, t4=t3+(1, 7))	3	78
(3044, 87, 2843, t1) & (889, 86, 4629, t2=t1+(0, 6)) & (889, 189, 3044, t3=t2+(0, 7)) -> (889, 86, 3044, t4=t3+(1, 7))	3	79
(4586, 123, 3610, t1) & (203, 79, 4920, t2=t1+(0, 2)) & (3610, 39, 4920, t3=t2+(0, 8)) -> (3610, 39, 4920, t4=t3+(1, 4))	3	80
(2199, 195, 20, t1) & (1247, 132, 2804, t2=t1+(0, 4)) & (20, 50, 2804, t3=t2+(0, 4)) -> (2199, 195, 20, t4=t3+(1, 6))	3	81
(709, 33, 2003, t1) & (1, 129, 1157, t2=t1+(0, 2)) & (1, 42, 2003, t3=t2+(0, 7)) -> (1, 42, 2003, t4=t3+(1, 4))	3	82
(3576, 48, 1055, t1) & (469, 187, 4312, t2=t1+(0, 7)) & (469, 48, 3576, t3=t2+(0, 3)) -> (3576, 48, 3576, t4=t3+(1, 4))	3	83
(4524, 60, 1923, t1) & (303, 84, 2039, t2=t1+(0, 4)) & (1923, 159, 303, t3=t2+(0, 3)) -> (4524, 60, 303, t4=t3+(1, 4))	3	84
(2248, 158, 322, t1) & (3735, 35, 4900, t2=t1+(0, 8)) & (2248, 19, 4900, t3=t2+(0, 2)) -> (2248, 35, 4900, t4=t3+(1, 3))	3	85
(2992, 140, 664, t1) & (1958, 1, 4875, t2=t1+(0, 5)) & (664, 179, 1958, t3=t2+(0, 5)) -> (664, 179, 664, t4=t3+(1, 4))	3	86
(105, 189, 2768, t1) & (1789, 130, 2033, t2=t1+(0, 7)) & (2768, 33, 2033, t3=t2+(0, 3)) -> (2768, 33, 1789, t4=t3+(1, 3))	3	87
(21, 166, 2271, t1) & (4048, 156, 2500, t2=t1+(0, 7)) & (2271, 156, 2500, t3=t2+(0, 4)) -> (4048, 156, 2500, t4=t3+(1, 3))	3	88
(2793, 194, 3463, t1) & (1773, 51, 1949, t2=t1+(0, 4)) & (2793, 159, 1773, t3=t2+(0, 4)) -> (1773, 194, 2793, t4=t3+(1, 7))	3	89
(2709, 180, 3512, t1) & (4288, 99, 3932, t2=t1+(0, 4)) & (3932, 61, 3512, t3=t2+(0, 8)) -> (3932, 61, 4288, t4=t3+(1, 3))	3	90
(3636, 103, 4612, t1) & (3351, 51, 1668, t2=t1+(0, 7)) & (3636, 151, 3351, t3=t2+(0, 6)) -> (3636, 51, 3636, t4=t3+(1, 3))	3	91
(412, 74, 4478, t1) & (3438, 73, 4684, t2=t1+(0, 7)) & (4478, 85, 4684, t3=t2+(0, 7)) -> (4478, 74, 4684, t4=t3+(1, 4))	3	92
(4239, 52, 1319, t1) & (1216, 42, 2876, t2=t1+(0, 7)) & (4239, 90, 1216, t3=t2+(0, 6)) -> (1216, 90, 1319, t4=t3+(1, 10))	3	93
(3194, 94, 3427, t1) & (2661, 147, 2907, t2=t1+(0, 4)) & (2907, 184, 3427, t3=t2+(0, 4)) -> (3427, 184, 2907, t4=t3+(1, 2))	3	94
(1610, 103, 3935, t1) & (1888, 188, 4553, t2=t1+(0, 1)) & (4553, 48, 1610, t3=t2+(0, 3)) -> (3935, 103, 1610, t4=t3+(1, 3))	3	95
(3668, 47, 3270, t1) & (897, 153, 3842, t2=t1+(0, 7)) & (3270, 103, 3842, t3=t2+(0, 3)) -> (3842, 47, 3842, t4=t3+(1, 7))	3	96
(459, 57, 2163, t1) & (1912, 95, 1507, t2=t1+(0, 5)) & (2163, 90, 1912, t3=t2+(0, 6)) -> (2163, 57, 2163, t4=t3+(1, 4))	3	97
(3428, 39, 1794, t1) & (3234, 20, 4347, t2=t1+(0, 5)) & (4347, 26, 3428, t3=t2+(0, 5)) -> (3234, 39, 4347, t4=t3+(1, 3))	3	98
(2605, 102, 4855, t1) & (4296, 5, 2203, t2=t1+(0, 6)) & (4855, 156, 4296, t3=t2+(0, 12)) -> (4855, 102, 4855, t4=t3+(1, 5))	3	99
(4776, 108, 4170, t1) & (2403, 103, 4136, t2=t1+(0, 8)) & (2403, 24, 4170, t3=t2+(0, 3)) -> (4136, 103, 4170, t4=t3+(1, 4))	3	100
(4825, 90, 3725, t1) & (3868, 125, 4206, t2=t1+(0, 11)) & (3868, 25, 4825, t3=t2+(0, 3)) -> (4825, 90, 3868, t4=t3+(1, 9))	3	101
(694, 24, 2469, t1) & (560, 10, 1335, t2=t1+(0, 6)) & (694, 134, 560, t3=t2+(0, 5)) -> (694, 10, 694, t4=t3+(1, 4))	3	102
(385, 59, 1693, t1) & (3790, 113, 2595, t2=t1+(0, 5)) & (1693, 80, 2595, t3=t2+(0, 4)) -> (3790, 80, 2595, t4=t3+(1, 7))	3	103
(1405, 3, 148, t1) & (343, 79, 944, t2=t1+(0, 3)) & (1405, 36, 944, t3=t2+(0, 7)) -> (343, 79, 944, t4=t3+(1, 5))	3	104
(3383, 83, 1704, t1) & (4935, 51, 2072, t2=t1+(0, 9)) & (3383, 133, 4935, t3=t2+(0, 3)) -> (4935, 51, 1704, t4=t3+(1, 7))	3	105
(3865, 28, 1663, t1) & (4775, 42, 390, t2=t1+(0, 7)) & (390, 124, 3865, t3=t2+(0, 4)) -> (390, 28, 3865, t4=t3+(1, 2))	3	106
(4810, 175, 4598, t1) & (57, 190, 3080, t2=t1+(0, 6)) & (57, 199, 4810, t3=t2+(0, 5)) -> (4810, 199, 4810, t4=t3+(1, 6))	3	107
(2098, 45, 2523, t1) & (1114, 97, 484, t2=t1+(0, 5)) & (2098, 128, 484, t3=t2+(0, 7)) -> (484, 128, 1114, t4=t3+(1, 5))	3	108
(3216, 174, 4791, t1) & (76, 147, 4144, t2=t1+(0, 4)) & (76, 67, 4791, t3=t2+(0, 5)) -> (76, 174, 4791, t4=t3+(1, 7))	3	109
(3764, 100, 4921, t1) & (4343, 184, 2642, t2=t1+(0, 7)) & (2642, 91, 3764, t3=t2+(0, 4)) -> (2642, 100, 3764, t4=t3+(1, 3))	3	110
(4683, 194, 2654, t1) & (3946, 92, 973, t2=t1+(0, 4)) & (2654, 2, 3946, t3=t2+(0, 3)) -> (3946, 194, 3946, t4=t3+(1, 5))	3	111
(806, 8, 4960, t1) & (2468, 148, 2132, t2=t1+(0, 2)) & (2468, 121, 806, t3=t2+(0, 7)) -> (4960, 121, 2468, t4=t3+(1, 7))	3	112
(4797, 87, 1163, t1) & (1673, 134, 3792, t2=t1+(0, 7)) & (3792, 145, 1163, t3=t2+(0, 12)) -> (1673, 145, 1163, t4=t3+(1, 2))	3	113
(3545, 43, 2068, t1) & (4437, 99, 4350, t2=t1+(0, 6)) & (4350, 72, 3545, t3=t2+(0, 6)) -> (4437, 72, 2068, t4=t3+(1, 5))	3	114
(4372, 123, 1698, t1) & (4921, 30, 103, t2=t1+(0, 2)) & (4921, 131, 4372, t3=t2+(0, 3)) -> (4921, 131, 1698, t4=t3+(1, 7))	3	115
(3534, 85, 3103, t1) & (129, 133, 223, t2=t1+(0, 3)) & (3534, 10, 129, t3=t2+(0, 10)) -> (3534, 85, 223, t4=t3+(1, 3))	3	116
(2540, 14, 923, t1) & (4767, 83, 2445, t2=t1+(0, 3)) & (4767, 166, 923, t3=t2+(0, 5)) -> (923, 14, 4767, t4=t3+(1, 5))	3	117
(3121, 68, 1015, t1) & (1618, 115, 1296, t2=t1+(0, 5)) & (1296, 114, 1015, t3=t2+(0, 5)) -> (1296, 115, 1296, t4=t3+(1, 4))	3	118
(1434, 68, 1006, t1) & (2539, 52, 2019, t2=t1+(0, 3)) & (1434, 33, 2539, t3=t2+(0, 14)) -> (2539, 33, 1434, t4=t3+(1, 4))	3	119
(1624, 185, 1415, t1) & (3972, 71, 4329, t2=t1+(0, 4)) & (1624, 81, 3972, t3=t2+(0, 4)) -> (4329, 185, 1415, t4=t3+(1, 5))	3	120
(1805, 134, 1141, t1) & (4855, 33, 1622, t2=t1+(0, 5)) & (1622, 56, 1141, t3=t2+(0, 2)) -> (1141, 56, 1622, t4=t3+(1, 5))	3	121
(2370, 107, 2538, t1) & (536, 110, 2673, t2=t1+(0, 2)) & (2673, 21, 2370, t3=t2+(0, 4)) -> (2673, 110, 536, t4=t3+(1, 5))	3	122
(318, 12, 741, t1) & (2767, 138, 3025, t2=t1+(0, 7)) & (3025, 117, 741, t3=t2+(0, 7)) -> (3025, 138, 741, t4=t3+(1, 4))	3	123
(3176, 5, 4512, t1) & (1077, 114, 1613, t2=t1+(0, 4)) & (3176, 3, 1077, t3=t2+(0, 4)) -> (3176, 114, 3176, t4=t3+(1, 8))	3	124
(3490, 131, 1166, t1) & (4430, 186, 3173, t2=t1+(0, 6)) & (1166, 50, 4430, t3=t2+(0, 3)) -> (3490, 131, 4430, t4=t3+(1, 6))	3	125
(3661, 117, 1984, t1) & (4736, 42, 1101, t2=t1+(0, 9)) & (1984, 15, 4736, t3=t2+(0, 4)) -> (4736, 42, 1984, t4=t3+(1, 5))	3	126
(3396, 81, 4328, t1) & (19, 20, 2211, t2=t1+(0, 3)) & (4328, 111, 2211, t3=t2+(0, 4)) -> (3396, 81, 3396, t4=t3+(1, 7))	3	127
(1379, 185, 850, t1) & (4162, 185, 311, t2=t1+(0, 5)) & (4162, 186, 1379, t3=t2+(0, 3)) -> (850, 185, 4162, t4=t3+(1, 7))	3	128
(1916, 103, 2337, t1) & (782, 195, 4212, t2=t1+(0, 2)) & (782, 38, 1916, t3=t2+(0, 6)) -> (782, 38, 4212, t4=t3+(1, 5))	3	129
(4124, 32, 906, t1) & (2867, 160, 850, t2=t1+(0, 3)) & (2867, 71, 906, t3=t2+(0, 5)) -> (2867, 160, 906, t4=t3+(1, 4))	3	130
(3028, 94, 4139, t1) & (233, 199, 3409, t2=t1+(0, 5)) & (233, 117, 4139, t3=t2+(0, 4)) -> (233, 199, 3028, t4=t3+(1, 5))	3	131
(2295, 4, 4441, t1) & (3770, 48, 884, t2=t1+(0, 5)) & (2295, 33, 3770, t3=t2+(0, 8)) -> (3770, 48, 2295, t4=t3+(1, 8))	3	132
(4167, 101, 4306, t1) & (2066, 70, 1657, t2=t1+(0, 7)) & (4306, 21, 1657, t3=t2+(0, 4)) -> (2066, 21, 2066, t4=t3+(1, 1))	3	133
(2883, 114, 1982, t1) & (4400, 177, 4975, t2=t1+(0, 6)) & (4400, 176, 1982, t3=t2+(0, 7)) -> (4400, 114, 1982, t4=t3+(1, 8))	3	134
(397, 52, 1668, t1) & (2509, 55, 4608, t2=t1+(0, 8)) & (4608, 68, 1668, t3=t2+(0, 2)) -> (397, 68, 397, t4=t3+(1, 7))	3	135
(4934, 57, 2720, t1) & (3994, 67, 1692, t2=t1+(0, 7)) & (4934, 82, 3994, t3=t2+(0, 5)) -> (3994, 57, 4934, t4=t3+(1, 5))	3	136
(2822, 193, 2478, t1) & (2670, 72, 4126, t2=t1+(0, 3)) & (2670, 37, 2822, t3=t2+(0, 6)) -> (2670, 193, 2670, t4=t3+(1, 3))	3	137
(3777, 85, 651, t1) & (661, 196, 4341, t2=t1+(0, 4)) & (3777, 162, 4341, t3=t2+(0, 7)) -> (4341, 85, 651, t4=t3+(1, 7))	3	138
(3634, 85, 468, t1) & (3104, 56, 25, t2=t1+(0, 9)) & (468, 68, 25, t3=t2+(0, 4)) -> (25, 68, 468, t4=t3+(1, 2))	3	139
(1188, 173, 1804, t1) & (4018, 35, 1024, t2=t1+(0, 3)) & (1804, 64, 1024, t3=t2+(0, 8)) -> (1188, 35, 1024, t4=t3+(1, 5))	3	140
(4685, 17, 2797, t1) & (4954, 24, 1500, t2=t1+(0, 4)) & (2797, 7, 4954, t3=t2+(0, 9)) -> (4685, 7, 4685, t4=t3+(1, 2))	3	141
(4527, 90, 3301, t1) & (4352, 30, 2594, t2=t1+(0, 4)) & (4352, 59, 3301, t3=t2+(0, 5)) -> (4352, 90, 4527, t4=t3+(1, 2))	3	142
(3223, 191, 221, t1) & (3819, 155, 4957, t2=t1+(0, 4)) & (4957, 109, 221, t3=t2+(0, 5)) -> (221, 155, 221, t4=t3+(1, 2))	3	143
(2658, 148, 1586, t1) & (2331, 130, 3225, t2=t1+(0, 4)) & (2658, 164, 2331, t3=t2+(0, 5)) -> (2658, 148, 1586, t4=t3+(1, 3))	3	144
(1804, 47, 4064, t1) & (3545, 153, 2561, t2=t1+(0, 4)) & (3545, 32, 1804, t3=t2+(0, 5)) -> (1804, 47, 3545, t4=t3+(1, 4))	3	145
(3187, 91, 943, t1) & (890, 42, 1034, t2=t1+(0, 7)) & (1034, 153, 3187, t3=t2+(0, 4)) -> (1034, 153, 1034, t4=t3+(1, 1))	3	146
(1289, 20, 795, t1) & (3686, 73, 107, t2=t1+(0, 5)) & (3686, 113, 795, t3=t2+(0, 3)) -> (3686, 113, 1289, t4=t3+(1, 3))	3	147
(2751, 169, 2275, t1) & (3604, 10, 4052, t2=t1+(0, 3)) & (3604, 70, 2751, t3=t2+(0, 1)) -> (2751, 169, 4052, t4=t3+(1, 7))	3	148
(1151, 107, 3780, t1) & (2280, 68, 3159, t2=t1+(0, 5)) & (2280, 75, 3780, t3=t2+(0, 7)) -> (3780, 107, 3780, t4=t3+(1, 4))	3	149
(860, 55, 2562, t1) & (424, 158, 1493, t2=t1+(0, 3)) & (860, 117, 424, t3=t2+(0, 1)) -> (1493, 158, 860, t4=t3+(1, 4))	3	150
(2571, 189, 205, t1) & (535, 165, 319, t2=t1+(0, 15)) & (319, 139, 205, t3=t2+(0, 8)) -> (535, 139, 535, t4=t3+(1, 5))	3	151
(403, 8, 2222, t1) & (3083, 103, 2195, t2=t1+(0, 3)) & (2195, 196, 403, t3=t2+(0, 4)) -> (403, 196, 2195, t4=t3+(1, 8))	3	152
(3001, 71, 2553, t1) & (3361, 46, 4492, t2=t1+(0, 4)) & (2553, 100, 3361, t3=t2+(0, 3)) -> (2553, 71, 2553, t4=t3+(1, 9))	3	153
(4900, 130, 3678, t1) & (3964, 19, 296, t2=t1+(0, 2)) & (3678, 73, 296, t3=t2+(0, 3)) -> (3678, 73, 296, t4=t3+(1, 3))	3	154
(4215, 173, 4600, t1) & (70, 142, 2630, t2=t1+(0, 8)) & (70, 6, 4600, t3=t2+(0, 5)) -> (4215, 142, 4600, t4=t3+(1, 2))	3	155
(3780, 137, 4223, t1) & (111, 136, 270, t2=t1+(0, 5)) & (111, 153, 4223, t3=t2+(0, 5)) -> (4223, 153, 111, t4=t3+(1, 5))	3	156
(670, 12, 4796, t1) & (4281, 153, 739, t2=t1+(0, 3)) & (739, 141, 670, t3=t2+(0, 3)) -> (4281, 153, 739, t4=t3+(1, 5))	3	157
(1378, 36, 4090, t1) & (1886, 73, 474, t2=t1+(0, 5)) & (474, 28, 4090, t3=t2+(0, 5)) -> (4090, 36, 474, t4=t3+(1, 7))	3	158
(1291, 136, 3036, t1) & (813, 63, 178, t2=t1+(0, 5)) & (178, 79, 3036, t3=t2+(0, 3)) -> (1291, 79, 178, t4=t3+(1, 7))	3	159
(2882, 9, 4844, t1) & (1558, 150, 3744, t2=t1+(0, 6)) & (4844, 100, 1558, t3=t2+(0, 4)) -> (4844, 9, 2882, t4=t3+(1, 4))	3	160
(4647, 191, 3260, t1) & (722, 154, 2922, t2=t1+(0, 7)) & (4647, 68, 722, t3=t2+(0, 3)) -> (4647, 191, 4647, t4=t3+(1, 2))	3	161
(617, 107, 3494, t1) & (2959, 114, 2828, t2=t1+(0, 4)) & (2828, 86, 3494, t3=t2+(0, 10)) -> (2828, 114, 3494, t4=t3+(1, 8))	3	162
(1694, 16, 1801, t1) & (1558, 177, 2048, t2=t1+(0, 7)) & (2048, 174, 1694, t3=t2+(0, 5)) -> (1694, 174, 2048, t4=t3+(1, 6))	3	163
(1290, 98, 3698, t1) & (2234, 51, 4085, t2=t1+(0, 7)) & (1290, 25, 2234, t3=t2+(0, 7)) -> (2234, 51, 2234, t4=t3+(1, 8))	3	164
(877, 190, 933, t1) & (1464, 0, 411, t2=t1+(0, 8)) & (933, 63, 1464, t3=t2+(0, 7)) -> (933, 190, 1464, t4=t3+(1, 2))	3	165
(1556, 75, 4365, t1) & (2604, 169, 1800, t2=t1+(0, 3)) & (1800, 164, 4365, t3=t2+(0, 5)) -> (1800, 75, 4365, t4=t3+(1, 4))	3	166
(3998, 165, 1195, t1) & (215, 79, 2655, t2=t1+(0, 3)) & (2655, 89, 3998, t3=t2+(0, 4)) -> (2655, 89, 2655, t4=t3+(1, 4))	3	167
(2045, 98, 730, t1) & (272, 30, 3025, t2=t1+(0, 3)) & (3025, 194, 730, t3=t2+(0, 2)) -> (730, 194, 3025, t4=t3+(1, 4))	3	168
(4907, 172, 3051, t1) & (2509, 160, 4804, t2=t1+(0, 4)) & (4907, 96, 2509, t3=t2+(0, 3)) -> (3051, 172, 2509, t4=t3+(1, 3))	3	169
(254, 160, 2108, t1) & (4105, 11, 3906, t2=t1+(0, 6)) & (254, 198, 4105, t3=t2+(0, 5)) -> (254, 11, 254, t4=t3+(1, 9))	3	170
(694, 198, 1003, t1) & (3333, 183, 4137, t2=t1+(0, 7)) & (1003, 114, 4137, t3=t2+(0, 0)) -> (1003, 114, 4137, t4=t3+(1, 5))	3	171
(2496, 196, 4638, t1) & (3007, 143, 596, t2=t1+(0, 2)) & (3007, 67, 2496, t3=t2+(0, 1)) -> (2496, 196, 2496, t4=t3+(1, 5))	3	172
(1579, 159, 2105, t1) & (1727, 15, 100, t2=t1+(0, 5)) & (1727, 188, 1579, t3=t2+(0, 3)) -> (100, 188, 2105, t4=t3+(1, 4))	3	173
(1376, 138, 2054, t1) & (2834, 41, 1113, t2=t1+(0, 4)) & (1113, 25, 2054, t3=t2+(0, 9)) -> (1113, 138, 1113, t4=t3+(1, 1))	3	174
(3218, 7, 2929, t1) & (2358, 193, 4760, t2=t1+(0, 9)) & (3218, 65, 4760, t3=t2+(0, 7)) -> (3218, 7, 3218, t4=t3+(1, 6))	3	175
(2472, 4, 711, t1) & (197, 161, 4034, t2=t1+(0, 4)) & (711, 54, 4034, t3=t2+(0, 7)) -> (197, 161, 711, t4=t3+(1, 3))	3	176
(3396, 126, 3802, t1) & (128, 100, 2674, t2=t1+(0, 2)) & (128, 25, 3396, t3=t2+(0, 4)) -> (128, 126, 3396, t4=t3+(1, 6))	3	177
(4207, 23, 2080, t1) & (3202, 154, 4469, t2=t1+(0, 3)) & (2080, 181, 4469, t3=t2+(0, 2)) -> (3202, 23, 4207, t4=t3+(1, 8))	3	178
(574, 36, 1277, t1) & (4253, 134, 1564, t2=t1+(0, 5)) & (574, 100, 4253, t3=t2+(0, 4)) -> (574, 36, 574, t4=t3+(1, 3))	3	179
(244, 121, 1093, t1) & (2623, 94, 4075, t2=t1+(0, 2)) & (244, 131, 4075, t3=t2+(0, 3)) -> (244, 94, 2623, t4=t3+(1, 7))	3	180
(1679, 18, 4282, t1) & (3988, 82, 2813, t2=t1+(0, 6)) & (1679, 133, 2813, t3=t2+(0, 3)) -> (4282, 133, 2813, t4=t3+(1, 8))	3	181
(2854, 146, 143, t1) & (1020, 27, 3498, t2=t1+(0, 6)) & (1020, 173, 143, t3=t2+(0, 11)) -> (143, 173, 143, t4=t3+(1, 2))	3	182
(948, 35, 2134, t1) & (2742, 69, 2554, t2=t1+(0, 5)) & (948, 93, 2554, t3=t2+(0, 1)) -> (2742, 69, 948, t4=t3+(1, 6))	3	183
(3266, 164, 1987, t1) & (4005, 114, 4540, t2=t1+(0, 4)) & (3266, 39, 4005, t3=t2+(0, 4)) -> (1987, 164, 3266, t4=t3+(1, 9))	3	184
(4213, 95, 4838, t1) & (1557, 192, 2048, t2=t1+(0, 5)) & (4838, 165, 1557, t3=t2+(0, 12)) -> (1557, 95, 4213, t4=t3+(1, 8))	3	185
(4923, 115, 3525, t1) & (4411, 158, 1474, t2=t1+(0, 2)) & (1474, 99, 3525, t3=t2+(0, 6)) -> (4411, 99, 1474, t4=t3+(1, 6))	3	186
(821, 17, 3178, t1) & (4596, 166, 3471, t2=t1+(0, 5)) & (4596, 68, 821, t3=t2+(0, 8)) -> (3178, 166, 3471, t4=t3+(1, 4))	3	187
(3759, 178, 378, t1) & (2547, 26, 1887, t2=t1+(0, 3)) & (2547, 168, 378, t3=t2+(0, 3)) -> (3759, 26, 1887, t4=t3+(1, 12))	3	188
(1010, 155, 3532, t1) & (3817, 142, 671, t2=t1+(0, 4)) & (1010, 16, 671, t3=t2+(0, 6)) -> (1010, 16, 1010, t4=t3+(1, 2))	3	189
(3288, 102, 4250, t1) & (1419, 100, 4951, t2=t1+(0, 3)) & (4250, 165, 4951, t3=t2+(0, 9)) -> (4250, 165, 4951, t4=t3+(1, 8))	3	190
(4239, 79, 939, t1) & (3068, 131, 2275, t2=t1+(0, 9)) & (3068, 90, 939, t3=t2+(0, 3)) -> (3068, 90, 939, t4=t3+(1, 2))	3	191
(2597, 56, 1668, t1) & (4270, 106, 4724, t2=t1+(0, 3)) & (2597, 136, 4724, t3=t2+(0, 0)) -> (2597, 106, 1668, t4=t3+(1, 3))	3	192
(219, 48, 4749, t1) & (2653, 63, 3332, t2=t1+(0, 2)) & (2653, 103, 219, t3=t2+(0, 3)) -> (4749, 103, 2653, t4=t3+(1, 1))	3	193
(1348, 99, 4327, t1) & (198, 126, 2430, t2=t1+(0, 6)) & (2430, 189, 4327, t3=t2+(0, 1)) -> (198, 126, 1348, t4=t3+(1, 7))	3	194
(2003, 163, 2866, t1) & (2063, 67, 1404, t2=t1+(0, 8)) & (2866, 12, 1404, t3=t2+(0, 5)) -> (1404, 12, 2003, t4=t3+(1, 4))	3	195
(1687, 31, 4504, t1) & (4176, 39, 2839, t2=t1+(0, 3)) & (4504, 55, 4176, t3=t2+(0, 4)) -> (2839, 39, 4176, t4=t3+(1, 1))	3	196
(1588, 59, 1483, t1) & (4528, 85, 1669, t2=t1+(0, 4)) & (4528, 122, 1483, t3=t2+(0, 9)) -> (1483, 122, 1483, t4=t3+(1, 7))	3	197
(3405, 169, 2968, t1) & (219, 148, 3944, t2=t1+(0, 5)) & (3405, 24, 219, t3=t2+(0, 2)) -> (219, 24, 219, t4=t3+(1, 3))	3	198
(366, 151, 529, t1) & (4134, 191, 586, t2=t1+(0, 1)) & (366, 28, 586, t3=t2+(0, 4)) -> (366, 28, 366, t4=t3+(1, 4))	3	199
(1936, 53, 4021, t1) & (1936, 191, 1936, t2=t1+(0, 4)) -> (1936, 53, 4021, t3=t2+(1, 7))	2	200
(3729, 112, 433, t1) & (433, 145, 198, t2=t1+(0, 7)) -> (198, 112, 433, t3=t2+(1, 5))	2	201
(1033, 153, 2052, t1) & (1033, 24, 2052, t2=t1+(0, 3)) -> (2052, 153, 2052, t3=t2+(1, 5))	2	202
(1148, 71, 3464, t1) & (1148, 189, 1148, t2=t1+(0, 6)) -> (1148, 189, 3464, t3=t2+(1, 6))	2	203
(3001, 174, 1957, t1) & (490, 1, 1957, t2=t1+(0, 6)) -> (1957, 1, 1957, t3=t2+(1, 7))	2	204
(4667, 134, 4145, t1) & (4145, 194, 4145, t2=t1+(0, 2)) -> (4145, 194, 4667, t3=t2+(1, 5))	2	205
(2242, 0, 604, t1) & (3507, 103, 604, t2=t1+(0, 4)) -> (2242, 0, 3507, t3=t2+(1, 6))	2	206
(4270, 144, 3107, t1) & (2631, 10, 4270, t2=t1+(0, 1)) -> (4270, 10, 3107, t3=t2+(1, 7))	2	207
(1467, 120, 3869, t1) & (1467, 43, 1467, t2=t1+(0, 9)) -> (3869, 43, 1467, t3=t2+(1, 4))	2	208
(256, 182, 4075, t1) & (4075, 20, 1753, t2=t1+(0, 4)) -> (1753, 182, 4075, t3=t2+(1, 4))	2	209
(4108, 92, 773, t1) & (4479, 151, 4108, t2=t1+(0, 4)) -> (4479, 151, 773, t3=t2+(1, 3))	2	210
(529, 187, 3438, t1) & (3438, 133, 3438, t2=t1+(0, 5)) -> (3438, 187, 529, t3=t2+(1, 4))	2	211
(3369, 122, 4507, t1) & (4507, 64, 3369, t2=t1+(0, 4)) -> (4507, 122, 3369, t3=t2+(1, 8))	2	212
(3372, 128, 1821, t1) & (3372, 1, 824, t2=t1+(0, 6)) -> (1821, 1, 3372, t3=t2+(1, 5))	2	213
(1801, 53, 103, t1) & (103, 94, 1801, t2=t1+(0, 3)) -> (103, 94, 103, t3=t2+(1, 6))	2	214
(2956, 61, 1360, t1) & (1360, 189, 969, t2=t1+(0, 3)) -> (1360, 61, 969, t3=t2+(1, 4))	2	215
(1291, 131, 4837, t1) & (3066, 12, 1291, t2=t1+(0, 2)) -> (1291, 12, 1291, t3=t2+(1, 5))	2	216
(792, 58, 466, t1) & (3231, 124, 792, t2=t1+(0, 4)) -> (792, 124, 3231, t3=t2+(1, 6))	2	217
(2647, 110, 983, t1) & (2647, 125, 4199, t2=t1+(0, 5)) -> (4199, 125, 983, t3=t2+(1, 8))	2	218
(3816, 138, 1106, t1) & (1106, 42, 3816, t2=t1+(0, 5)) -> (3816, 42, 3816, t3=t2+(1, 6))	2	219
(4083, 60, 2207, t1) & (4083, 159, 4083, t2=t1+(0, 5)) -> (4083, 159, 4083, t3=t2+(1, 6))	2	220
(1931, 63, 3153, t1) & (1931, 56, 1931, t2=t1+(0, 4)) -> (1931, 56, 1931, t3=t2+(1, 3))	2	221
(2879, 4, 1309, t1) & (1309, 55, 1491, t2=t1+(0, 7)) -> (1491, 55, 2879, t3=t2+(1, 7))	2	222
(1308, 159, 834, t1) & (834, 105, 1308, t2=t1+(0, 6)) -> (834, 159, 834, t3=t2+(1, 7))	2	223
(4503, 177, 2560, t1) & (3105, 38, 4503, t2=t1+(0, 4)) -> (3105, 177, 4503, t3=t2+(1, 4))	2	224
(4764, 134, 3122, t1) & (4764, 64, 1195, t2=t1+(0, 4)) -> (1195, 134, 3122, t3=t2+(1, 11))	2	225
(2069, 120, 1903, t1) & (2069, 72, 4104, t2=t1+(0, 6)) -> (4104, 72, 2069, t3=t2+(1, 5))	2	226
(1638, 40, 1654, t1) & (1654, 145, 401, t2=t1+(0, 5)) -> (1638, 40, 1654, t3=t2+(1, 6))	2	227
(2376, 146, 2223, t1) & (2376, 137, 3797, t2=t1+(0, 3)) -> (2223, 146, 3797, t3=t2+(1, 6))	2	228
(3402, 91, 3199, t1) & (1776, 109, 3402, t2=t1+(0, 5)) -> (3402, 91, 3402, t3=t2+(1, 6))	2	229
(4300, 75, 4936, t1) & (4936, 15, 732, t2=t1+(0, 11)) -> (732, 15, 4936, t3=t2+(1, 4))	2	230
(4287, 106, 1074, t1) & (4287, 4, 2827, t2=t1+(0, 4)) -> (2827, 4, 4287, t3=t2+(1, 8))	2	231
(3746, 164, 3871, t1) & (4526, 177, 3871, t2=t1+(0, 5)) -> (3871, 164, 3871, t3=t2+(1, 2))	2	232
(4964, 23, 808, t1) & (4964, 2, 4665, t2=t1+(0, 5)) -> (808, 2, 4964, t3=t2+(1, 10))	2	233
(2008, 167, 115, t1) & (2008, 173, 2008, t2=t1+(0, 4)) -> (2008, 173, 2008, t3=t2+(1, 8))	2	234
(2973, 37, 882, t1) & (1980, 18, 2973, t2=t1+(0, 2)) -> (1980, 37, 2973, t3=t2+(1, 2))	2	235
(2365, 61, 3644, t1) & (3644, 143, 2691, t2=t1+(0, 3)) -> (2691, 61, 2691, t3=t2+(1, 4))	2	236
(4145, 79, 3396, t1) & (962, 19, 3396, t2=t1+(0, 6)) -> (3396, 79, 962, t3=t2+(1, 4))	2	237
(4986, 69, 3141, t1) & (3141, 150, 3141, t2=t1+(0, 4)) -> (3141, 69, 3141, t3=t2+(1, 4))	2	238
(2601, 64, 4528, t1) & (2601, 75, 2601, t2=t1+(0, 5)) -> (2601, 64, 2601, t3=t2+(1, 5))	2	239
(1041, 6, 1875, t1) & (1875, 14, 1875, t2=t1+(0, 8)) -> (1875, 14, 1875, t3=t2+(1, 7))	2	240
(2877, 108, 1897, t1) & (1897, 112, 2877, t2=t1+(0, 2)) -> (1897, 112, 1897, t3=t2+(1, 4))	2	241
(3376, 25, 3325, t1) & (3376, 122, 3376, t2=t1+(0, 4)) -> (3376, 25, 3376, t3=t2+(1, 4))	2	242
(1664, 149, 1770, t1) & (1770, 179, 2672, t2=t1+(0, 3)) -> (1770, 149, 1664, t3=t2+(1, 6))	2	243
(3357, 83, 3057, t1) & (4463, 7, 3357, t2=t1+(0, 7)) -> (3357, 7, 4463, t3=t2+(1, 2))	2	244
(2633, 192, 4640, t1) & (1149, 135, 4640, t2=t1+(0, 2)) -> (4640, 192, 4640, t3=t2+(1, 5))	2	245
(4918, 73, 182, t1) & (3333, 54, 4918, t2=t1+(0, 4)) -> (3333, 54, 4918, t3=t2+(1, 8))	2	246
(703, 4, 955, t1) & (703, 150, 703, t2=t1+(0, 4)) -> (703, 4, 703, t3=t2+(1, 6))	2	247
(4638, 59, 3776, t1) & (4638, 137, 4638, t2=t1+(0, 6)) -> (3776, 137, 4638, t3=t2+(1, 3))	2	248
(3502, 66, 3276, t1) & (3276, 174, 4545, t2=t1+(0, 6)) -> (3502, 66, 4545, t3=t2+(1, 3))	2	249
(255, 91, 4128, t1) & (255, 107, 255, t2=t1+(0, 5)) -> (255, 91, 255, t3=t2+(1, 8))	2	250
(788, 146, 1903, t1) & (2195, 25, 1903, t2=t1+(0, 4)) -> (2195, 146, 788, t3=t2+(1, 5))	2	251
(2234, 69, 3788, t1) & (2234, 28, 718, t2=t1+(0, 5)) -> (2234, 28, 2234, t3=t2+(1, 4))	2	252
(1690, 23, 1978, t1) & (1978, 167, 168, t2=t1+(0, 1)) -> (168, 167, 168, t3=t2+(1, 5))	2	253
(1948, 194, 406, t1) & (2694, 29, 1948, t2=t1+(0, 5)) -> (2694, 194, 2694, t3=t2+(1, 6))	2	254
(775, 147, 4279, t1) & (775, 198, 4279, t2=t1+(0, 4)) -> (4279, 198, 775, t3=t2+(1, 1))	2	255
(2258, 0, 4491, t1) & (4491, 181, 2554, t2=t1+(0, 2)) -> (2258, 181, 4491, t3=t2+(1, 5))	2	256
(4788, 56, 1201, t1) & (2167, 66, 4788, t2=t1+(0, 2)) -> (4788, 66, 4788, t3=t2+(1, 4))	2	257
(2848, 193, 2375, t1) & (4067, 197, 2375, t2=t1+(0, 3)) -> (4067, 197, 2375, t3=t2+(1, 5))	2	258
(2961, 25, 1738, t1) & (2961, 182, 4510, t2=t1+(0, 5)) -> (4510, 182, 2961, t3=t2+(1, 4))	2	259
(4927, 44, 3212, t1) & (3212, 100, 3212, t2=t1+(0, 5)) -> (3212, 100, 3212, t3=t2+(1, 4))	2	260
(213, 156, 3969, t1) & (721, 105, 213, t2=t1+(0, 5)) -> (721, 156, 721, t3=t2+(1, 7))	2	261
(2742, 188, 4522, t1) & (2742, 167, 4851, t2=t1+(0, 4)) -> (4522, 167, 2742, t3=t2+(1, 4))	2	262
(4045, 147, 2495, t1) & (3904, 3, 4045, t2=t1+(0, 5)) -> (4045, 3, 2495, t3=t2+(1, 2))	2	263
(4719, 115, 553, t1) & (1928, 91, 553, t2=t1+(0, 3)) -> (1928, 115, 4719, t3=t2+(1, 7))	2	264
(2018, 8, 4856, t1) & (2078, 132, 2018, t2=t1+(0, 7)) -> (2078, 8, 2018, t3=t2+(1, 7))	2	265
(4633, 22, 1272, t1) & (3617, 105, 4633, t2=t1+(0, 7)) -> (4633, 22, 4633, t3=t2+(1, 2))	2	266
(2573, 159, 4445, t1) & (1987, 155, 4445, t2=t1+(0, 6)) -> (4445, 155, 4445, t3=t2+(1, 6))	2	267
(2796, 155, 374, t1) & (196, 164, 2796, t2=t1+(0, 6)) -> (374, 155, 196, t3=t2+(1, 6))	2	268
(3386, 184, 812, t1) & (812, 191, 812, t2=t1+(0, 3)) -> (812, 184, 3386, t3=t2+(1, 6))	2	269
(408, 141, 1535, t1) & (1535, 168, 2692, t2=t1+(0, 4)) -> (1535, 141, 1535, t3=t2+(1, 3))	2	270
(2914, 58, 2320, t1) & (1920, 35, 2320, t2=t1+(0, 10)) -> (2320, 58, 2914, t3=t2+(1, 4))	2	271
(4477, 50, 2084, t1) & (4477, 187, 201, t2=t1+(0, 4)) -> (4477, 187, 201, t3=t2+(1, 7))	2	272
(4643, 47, 623, t1) & (1255, 116, 623, t2=t1+(0, 5)) -> (1255, 47, 1255, t3=t2+(1, 5))	2	273
(2090, 66, 830, t1) & (2090, 35, 2372, t2=t1+(0, 3)) -> (2090, 35, 2090, t3=t2+(1, 6))	2	274
(4088, 88, 622, t1) & (454, 149, 4088, t2=t1+(0, 4)) -> (622, 149, 454, t3=t2+(1, 5))	2	275
(1261, 79, 323, t1) & (323, 165, 1261, t2=t1+(0, 4)) -> (323, 165, 1261, t3=t2+(1, 4))	2	276
(1531, 155, 4028, t1) & (1531, 143, 1531, t2=t1+(0, 6)) -> (4028, 143, 1531, t3=t2+(1, 4))	2	277
(695, 123, 1796, t1) & (4510, 119, 1796, t2=t1+(0, 6)) -> (1796, 123, 4510, t3=t2+(1, 5))	2	278
(1318, 114, 613, t1) & (1967, 188, 1318, t2=t1+(0, 7)) -> (1318, 188, 613, t3=t2+(1, 3))	2	279
(3098, 70, 779, t1) & (2510, 86, 779, t2=t1+(0, 8)) -> (779, 86, 779, t3=t2+(1, 7))	2	280
(3999, 64, 3161, t1) & (3999, 132, 1957, t2=t1+(0, 4)) -> (3161, 132, 3999, t3=t2+(1, 4))	2	281
(732, 37, 4138, t1) & (680, 142, 4138, t2=t1+(0, 5)) -> (4138, 37, 4138, t3=t2+(1, 2))	2	282
(2896, 150, 855, t1) & (855, 52, 1759, t2=t1+(0, 3)) -> (2896, 52, 855, t3=t2+(1, 7))	2	283
(743, 68, 2245, t1) & (743, 58, 743, t2=t1+(0, 5)) -> (743, 58, 743, t3=t2+(1, 7))	2	284
(1394, 190, 3076, t1) & (3499, 155, 3076, t2=t1+(0, 1)) -> (3499, 190, 3076, t3=t2+(1, 6))	2	285
(1531, 38, 1716, t1) & (1531, 2, 1531, t2=t1+(0, 5)) -> (1531, 38, 1531, t3=t2+(1, 8))	2	286
(274, 48, 186, t1) & (274, 95, 186, t2=t1+(0, 4)) -> (186, 48, 274, t3=t2+(1, 5))	2	287
(2077, 100, 291, t1) & (2077, 6, 2689, t2=t1+(0, 4)) -> (291, 100, 2077, t3=t2+(1, 3))	2	288
(2001, 51, 2857, t1) & (2001, 49, 249, t2=t1+(0, 3)) -> (2001, 49, 249, t3=t2+(1, 10))	2	289
(930, 171, 3347, t1) & (930, 15, 1345, t2=t1+(0, 6)) -> (930, 15, 1345, t3=t2+(1, 9))	2	290
(4820, 78, 3519, t1) & (1075, 10, 4820, t2=t1+(0, 3)) -> (4820, 78, 3519, t3=t2+(1, 4))	2	291
(813, 8, 2479, t1) & (4633, 152, 2479, t2=t1+(0, 1)) -> (813, 8, 813, t3=t2+(1, 3))	2	292
(76, 99, 102, t1) & (76, 161, 102, t2=t1+(0, 7)) -> (76, 99, 102, t3=t2+(1, 5))	2	293
(2908, 191, 3776, t1) & (3776, 35, 2923, t2=t1+(0, 5)) -> (2923, 35, 3776, t3=t2+(1, 7))	2	294
(4446, 17, 1693, t1) & (1693, 199, 4446, t2=t1+(0, 3)) -> (1693, 199, 1693, t3=t2+(1, 8))	2	295
(2867, 56, 1037, t1) & (1037, 23, 3364, t2=t1+(0, 4)) -> (1037, 56, 2867, t3=t2+(1, 3))	2	296
(701, 110, 2696, t1) & (701, 54, 2696, t2=t1+(0, 5)) -> (2696, 54, 701, t3=t2+(1, 2))	2	297
(1961, 174, 3671, t1) & (1961, 95, 4907, t2=t1+(0, 5)) -> (3671, 174, 3671, t3=t2+(1, 5))	2	298
(2449, 102, 2550, t1) & (2449, 179, 4586, t2=t1+(0, 5)) -> (4586, 102, 2550, t3=t2+(1, 3))	2	299
(84, 140, 2726, t1) -> (84, 140, 2726, t2=t1+(1, 4))	1	300
(2248, 174, 3864, t1) -> (2248, 174, 3864, t2=t1+(1, 6))	1	301
(2292, 129, 4674, t1) -> (4674, 129, 4674, t2=t1+(1, 8))	1	302
(3196, 180, 638, t1) -> (3196, 180, 3196, t2=t1+(1, 1))	1	303
(1467, 27, 521, t1) -> (521, 27, 1467, t2=t1+(1, 4))	1	304
(169, 199, 613, t1) -> (169, 199, 613, t2=t1+(1, 7))	1	305
(3593, 16, 134, t1) -> (3593, 16, 134, t2=t1+(1, 5))	1	306
(286, 3, 2243, t1) -> (286, 3, 2243, t2=t1+(1, 6))	1	307
(3793, 12, 4863, t1) -> (3793, 12, 4863, t2=t1+(1, 1))	1	308
(4877, 100, 2370, t1) -> (4877, 100, 4877, t2=t1+(1, 3))	1	309
(1507, 195, 4519, t1) -> (1507, 195, 1507, t2=t1+(1, 7))	1	310
(883, 171, 1445, t1) -> (883, 171, 883, t2=t1+(1, 4))	1	311
(4175, 73, 4988, t1) -> (4988, 73, 4988, t2=t1+(1, 9))	1	312
(2562, 142, 3223, t1) -> (3223, 142, 3223, t2=t1+(1, 5))	1	313
(1968, 157, 1428, t1) -> (1428, 157, 1968, t2=t1+(1, 5))	1	314
(995, 160, 3797, t1) -> (3797, 160, 3797, t2=t1+(1, 3))	1	315
(944, 15, 2679, t1) -> (944, 15, 2679, t2=t1+(1, 8))	1	316
(679, 163, 4322, t1) -> (4322, 163, 679, t2=t1+(1, 7))	1	317
(52, 152, 4807, t1) -> (52, 152, 52, t2=t1+(1, 7))	1	318
(4926, 52, 1211, t1) -> (1211, 52, 4926, t2=t1+(1, 3))	1	319
(4588, 168, 2607, t1) -> (2607, 168, 4588, t2=t1+(1, 3))	1	320
(3367, 156, 2788, t1) -> (2788, 156, 3367, t2=t1+(1, 7))	1	321
(1432, 28, 2678, t1) -> (1432, 28, 1432, t2=t1+(1, 3))	1	322
(4030, 54, 1977, t1) -> (4030, 54, 4030, t2=t1+(1, 7))	1	323
(1634, 80, 2382, t1) -> (2382, 80, 2382, t2=t1+(1, 3))	1	324
(2264, 6, 2769, t1) -> (2769, 6, 2769, t2=t1+(1, 5))	1	325
(1548, 107, 656, t1) -> (656, 107, 656, t2=t1+(1, 9))	1	326
(3058, 33, 3416, t1) -> (3416, 33, 3416, t2=t1+(1, 4))	1	327
(4926, 155, 1944, t1) -> (1944, 155, 1944, t2=t1+(1, 9))	1	328
(2713, 69, 1830, t1) -> (1830, 69, 1830, t2=t1+(1, 9))	1	329
(1625, 170, 3522, t1) -> (1625, 170, 1625, t2=t1+(1, 10))	1	330
(942, 164, 3152, t1) -> (942, 164, 942, t2=t1+(1, 3))	1	331
(4638, 55, 4913, t1) -> (4913, 55, 4913, t2=t1+(1, 2))	1	332
(2919, 147, 3987, t1) -> (3987, 147, 2919, t2=t1+(1, 3))	1	333
(2088, 72, 4276, t1) -> (4276, 72, 4276, t2=t1+(1, 7))	1	334
(3349, 102, 2114, t1) -> (2114, 102, 3349, t2=t1+(1, 3))	1	335
(1085, 113, 4725, t1) -> (1085, 113, 4725, t2=t1+(1, 2))	1	336
(4348, 66, 3240, t1) -> (3240, 66, 4348, t2=t1+(1, 2))	1	337
(2306, 157, 783, t1) -> (2306, 157, 2306, t2=t1+(1, 4))	1	338
(2536, 108, 2299, t1) -> (2536, 108, 2299, t2=t1+(1, 5))	1	339
(1231, 159, 1846, t1) -> (1846, 159, 1846, t2=t1+(1, 5))	1	340
(2969, 49, 2617, t1) -> (2617, 49, 2617, t2=t1+(1, 5))	1	341
(3111, 134, 2112, t1) -> (2112, 134, 3111, t2=t1+(1, 7))	1	342
(2437, 135, 2572, t1) -> (2437, 135, 2572, t2=t1+(1, 3))	1	343
(3407, 19, 1917, t1) -> (3407, 19, 1917, t2=t1+(1, 5))	1	344
(3087, 58, 3400, t1) -> (3087, 58, 3087, t2=t1+(1, 7))	1	345
(2889, 187, 820, t1) -> (820, 187, 2889, t2=t1+(1, 4))	1	346
(2298, 194, 1009, t1) -> (1009, 194, 1009, t2=t1+(1, 6))	1	347
(2823, 129, 1777, t1) -> (2823, 129, 2823, t2=t1+(1, 4))	1	348
(3447, 125, 1631, t1) -> (1631, 125, 3447, t2=t1+(1, 8))	1	349
