(3503, 197, 4813, t1) & (145, 25, 383, t2=t1+(0, 2)) & (383, 58, 4813, t3=t2+(0, 2)) -> (4813, 25, 4813, t4=t3+(1, 4))	3	0
(3813, 8, 1015, t1) & (194, 53, 3617, t2=t1+(0, 3)) & (194, 177, 3813, t3=t2+(0, 3)) -> (3813, 8, 194, t4=t3+(1, 7))	3	1
(1302, 49, 4764, t1) & (3112, 38, 4386, t2=t1+(0, 6)) & (1302, 166, 4386, t3=t2+(0, 2)) -> (1302, 49, 3112, t4=t3+(1, 9))	3	2
(2034, 28, 4909, t1) & (3565, 101, 2272, t2=t1+(0, 4)) & (2272, 41, 2034, t3=t2+(0, 1)) -> (2272, 101, 2272, t4=t3+(1, 4))	3	3
(2245, 18, 459, t1) & (3067, 116, 4906, t2=t1+(0, 1)) & (4906, 133, 2245, t3=t2+(0, 5)) -> (4906, 18, 2245, t4=t3+(1, 2))	3	4
(544, 40, 476, t1) & (4196, 82, 1013, t2=t1+(0, 5)) & (4196, 144, 544, t3=t2+(0, 10)) -> (476, 82, 4196, t4=t3+(1, 6))	3	5
(3845, 153, 1004, t1) & (4374, 34, 3087, t2=t1+(0, 4)) & (1004, 25, 3087, t3=t2+(0, 8)) -> (3087, 25, 3087, t4=t3+(1, 5))	3	6
(2175, 54, 2539, t1) & (372, 34, 3900, t2=t1+(0, 4)) & (2539, 174, 372, t3=t2+(0, 7)) -> (2175, 54, 3900, t4=t3+(1, 8))	3	7
(3273, 177, 2583, t1) & (2349, 43, 3779, t2=t1+(0, 5)) & (3273, 119, 2349, t3=t2+(0, 4)) -> (2583, 177, 2349, t4=t3+(1, 7))	3	8
(1591, 113, 3799, t1) & (3905, 18, 4974, t2=t1+(0, 4)) & (3799, 135, 3905, t3=t2+(0, 7)) -> (3799, 135, 3799, t4=t3+(1, 5))	3	9
(4499, 58, 3849, t1) & (4902, 90, 314, t2=t1+(0, 1)) & (4499, 26, 4902, t3=t2+(0, 4)) -> (4499, 26, 4902, t4=t3+(1, 8))	3	10
(1175, 77, 567, t1) & (1743, 162, 3573, t2=t1+(0, 7)) & (1743, 153, 567, t3=t2+(0, 5)) -> (1743, 153, 3573, t4=t3+(1, 6))	3	11
(1703, 99, 3443, t1) & (2491, 165, 3811, t2=t1+(0, 8)) & (3811, 110, 3443, t3=t2+(0, 4)) -> (3811, 110, 3811, t4=t3+(1, 5))	3	12
(1834, 114, 231, t1) & (649, 85, 1991, t2=t1+(0, 4)) & (231, 74, 649, t3=t2+(0, 4)) -> (231, 74, 231, t4=t3+(1, 6))	3	13
(4411, 71, 1158, t1) & (1768, 146, 824, t2=t1+(0, 6)) & (824, 119, 4411, t3=t2+(0, 7)) -> (4411, 71, 1768, t4=t3+(1, 7))	3	14
(1183, 114, 472, t1) & (2017, 143, 2479, t2=t1+(0, 8)) & (2017, 56, 1183, t3=t2+(0, 6)) -> (1183, 143, 472, t4=t3+(1, 7))	3	15
(3749, 105, 2355, t1) & (603, 134, 1420, t2=t1+(0, 7)) & (1420, 28, 2355, t3=t2+(0, 6)) -> (1420, 28, 2355, t4=t3+(1, 2))	3	16
(967, 162, 3792, t1) & (943, 12, 1192, t2=t1+(0, 6)) & (943, 58, 967, t3=t2+(0, 5)) -> (3792, 162, 3792, t4=t3+(1, 9))	3	17
(2993, 144, 3828, t1) & (2912, 115, 2292, t2=t1+(0, 3)) & (3828, 146, 2292, t3=t2+(0, 5)) -> (3828, 146, 2993, t4=t3+(1, 4))	3	18
(3495, 119, 1739, t1) & (2896, 133, 1134, t2=t1+(0, 3)) & (2896, 49, 3495, t3=t2+(0, 5)) -> (3495, 133, 3495, t4=t3+(1, 8))	3	19
(928, 74, 2608, t1) & (2324, 74, 63, t2=t1+(0, 3)) & (928, 192, 2324, t3=t2+(0, 5)) -> (63, 74, 63, t4=t3+(1, 7))	3	20
(1236, 189, 2724, t1) & (4641, 114, 4445, t2=t1+(0, 2)) & (2724, 140, 4641, t3=t2+(0, 2)) -> (4641, 140, 1236, t4=t3+(1, 5))	3	21
(1180, 41, 3940, t1) & (4070, 153, 1758, t2=t1+(0, 3)) & (3940, 187, 1758, t3=t2+(0, 2)) -> (1180, 187, 1180, t4=t3+(1, 6))	3	22
(2222, 170, 561, t1) & (3544, 166, 3977, t2=t1+(0, 6)) & (3544, 97, 561, t3=t2+(0, 4)) -> (3544, 170, 2222, t4=t3+(1, 1))	3	23
(2788, 79, 3898, t1) & (2457, 187, 933, t2=t1+(0, 5)) & (933, 163, 3898, t3=t2+(0, 9)) -> (2457, 163, 2788, t4=t3+(1, 2))	3	24
(1835, 193, 2370, t1) & (2649, 82, 4821, t2=t1+(0, 4)) & (1835, 140, 4821, t3=t2+(0, 1)) -> (2649, 193, 2370, t4=t3+(1, 3))	3	25
(836, 53, 4975, t1) & (2113, 193, 1100, t2=t1+(0, 2)) & (1100, 19, 4975, t3=t2+(0, 4)) -> (2113, 53, 4975, t4=t3+(1, 1))	3	26
(1508, 146, 1396, t1) & (3353, 165, 1113, t2=t1+(0, 2)) & (3353, 12, 1396, t3=t2+(0, 4)) -> (1113, 12, 1396, t4=t3+(1, 4))	3	27
(861, 19, 180, t1) & (4460, 104, 796, t2=t1+(0, 5)) & (180, 58, 4460, t3=t2+(0, 3)) -> (861, 58, 4460, t4=t3+(1, 9))	3	28
(1400, 130, 3480, t1) & (4856, 18, 340, t2=t1+(0, 4)) & (4856, 164, 1400, t3=t2+(0, 3)) -> (4856, 18, 1400, t4=t3+(1, 5))	3	29
(1406, 134, 816, t1) & (159, 153, 628, t2=t1+(0, 6)) & (816, 41, 628, t3=t2+(0, 6)) -> (816, 153, 1406, t4=t3+(1, 3))	3	30
(227, 25, 3652, t1) & (1507, 113, 3142, t2=t1+(0, 7)) & (1507, 25, 227, t3=t2+(0, 4)) -> (227, 25, 1507, t4=t3+(1, 4))	3	31
(2888, 115, 3139, t1) & (3600, 28, 4937, t2=t1+(0, 6)) & (4937, 199, 3139, t3=t2+(0, 6)) -> (3139, 28, 4937, t4=t3+(1, 6))	3	32
(2417, 156, 639, t1) & (58, 16, 3335, t2=t1+(0, 3)) & (2417, 56, 3335, t3=t2+(0, 6)) -> (3335, 56, 639, t4=t3+(1, 5))	3	33
(2979, 1, 2252, t1) & (4918, 147, 2171, t2=t1+(0, 4)) & (2252, 66, 4918, t3=t2+(0, 2)) -> (2979, 66, 4918, t4=t3+(1, 5))	3	34
(1621, 164, 1857, t1) & (3607, 122, 1343, t2=t1+(0, 3)) & (1621, 49, 1343, t3=t2+(0, 7)) -> (1621, 49, 1857, t4=t3+(1, 4))	3	35
(925, 193, 740, t1) & (1837, 93, 3320, t2=t1+(0, 12)) & (740, 25, 1837, t3=t2+(0, 5)) -> (925, 25, 1837, t4=t3+(1, 7))	3	36
(1697, 187, 2394, t1) & (1220, 187, 4352, t2=t1+(0, 5)) & (2394, 113, 1220, t3=t2+(0, 4)) -> (1220, 187, 1697, t4=t3+(1, 6))	3	37
(615, 74, 2040, t1) & (3386, 53, 3355, t2=t1+(0, 3)) & (3386, 47, 2040, t3=t2+(0, 3)) -> (3355, 47, 3355, t4=t3+(1, 2))	3	38
(4571, 175, 4064, t1) & (3215, 153, 2342, t2=t1+(0, 6)) & (4064, 93, 2342, t3=t2+(0, 6)) -> (4064, 93, 4571, t4=t3+(1, 4))	3	39
(3844, 1, 2589, t1) & (3812, 64, 1830, t2=t1+(0, 6)) & (3812, 125, 2589, t3=t2+(0, 9)) -> (3812, 1, 1830, t4=t3+(1, 8))	3	40
(1608, 119, 1173, t1) & (243, 114, 2532, t2=t1+(0, 5)) & (243, 165, 1608, t3=t2+(0, 6)) -> (1608, 165, 243, t4=t3+(1, 2))	3	41
(2590, 130, 3679, t1) & (3189, 82, 2544, t2=t1+(0, 8)) & (2590, 48, 2544, t3=t2+(0, 4)) -> (2544, 48, 2544, t4=t3+(1, 3))	3	42
(1745, 113, 2664, t1) & (4781, 140, 1279, t2=t1+(0, 2)) & (2664, 12, 1279, t3=t2+(0, 10)) -> (1745, 12, 1279, t4=t3+(1, 6))	3	43
(578, 124, 3864, t1) & (1850, 133, 2516, t2=t1+(0, 7)) & (3864, 153, 1850, t3=t2+(0, 1)) -> (1850, 133, 3864, t4=t3+(1, 6))	3	44
(1269, 31, 1543, t1) & (1431, 71, 3588, t2=t1+(0, 3)) & (1431, 43, 1269, t3=t2+(0, 4)) -> (3588, 71, 3588, t4=t3+(1, 4))	3	45
(243, 21, 3705, t1) & (4012, 122, 812, t2=t1+(0, 5)) & (3705, 84, 812, t3=t2+(0, 5)) -> (3705, 122, 3705, t4=t3+(1, 5))	3	46
(720, 158, 1065, t1) & (1338, 82, 3024, t2=t1+(0, 5)) & (3024, 153, 720, t3=t2+(0, 1)) -> (1065, 82, 720, t4=t3+(1, 3))	3	47
(2828, 110, 1486, t1) & (4731, 50, 6, t2=t1+(0, 4)) & (6, 82, 1486, t3=t2+(0, 9)) -> (6, 82, 6, t4=t3+(1, 6))	3	48
(2190, 58, 630, t1) & (4612, 159, 4256, t2=t1+(0, 7)) & (4612, 125, 2190, t3=t2+(0, 3)) -> (2190, 159, 4612, t4=t3+(1, 7))	3	49
(4838, 144, 856, t1) & (1686, 115, 3252, t2=t1+(0, 5)) & (4838, 119, 1686, t3=t2+(0, 7)) -> (4838, 115, 4838, t4=t3+(1, 7))	3	50
(2230, 191, 2283, t1) & (2462, 54, 4932, t2=t1+(0, 2)) & (2230, 199, 2462, t3=t2+(0, 6)) -> (2462, 54, 4932, t4=t3+(1, 8))	3	51
(1528, 49, 2454, t1) & (1260, 112, 43, t2=t1+(0, 5)) & (43, 193, 1528, t3=t2+(0, 4)) -> (1528, 49, 43, t4=t3+(1, 5))	3	52
(4019, 33, 675, t1) & (3521, 144, 530, t2=t1+(0, 4)) & (530, 13, 675, t3=t2+(0, 4)) -> (530, 144, 4019, t4=t3+(1, 5))	3	53
(1396, 49, 3960, t1) & (2939, 33, 1756, t2=t1+(0, 6)) & (1756, 68, 1396, t3=t2+(0, 4)) -> (1396, 49, 1396, t4=t3+(1, 3))	3	54
(1300, 22, 1069, t1) & (4490, 160, 2694, t2=t1+(0, 6)) & (1069, 105, 4490, t3=t2+(0, 7)) -> (2694, 160, 1069, t4=t3+(1, 2))	3	55
(3170, 61, 2856, t1) & (908, 164, 4751, t2=t1+(0, 9)) & (908, 192, 2856, t3=t2+(0, 4)) -> (2856, 61, 4751, t4=t3+(1, 1))	3	56
(2296, 169, 3159, t1) & (4394, 79, 2383, t2=t1+(0, 7)) & (2296, 71, 2383, t3=t2+(0, 5)) -> (4394, 79, 2383, t4=t3+(1, 4))	3	57
(3588, 130, 4713, t1) & (1133, 130, 4586, t2=t1+(0, 5)) & (4713, 43, 4586, t3=t2+(0, 6)) -> (4713, 130, 4586, t4=t3+(1, 5))	3	58
(141, 111, 1174, t1) & (36, 34, 919, t2=t1+(0, 7)) & (919, 6, 1174, t3=t2+(0, 2)) -> (919, 34, 141, t4=t3+(1, 6))	3	59
(4015, 122, 2919, t1) & (4510, 26, 1221, t2=t1+(0, 3)) & (2919, 122, 1221, t3=t2+(0, 7)) -> (2919, 122, 2919, t4=t3+(1, 4))	3	60
(2936, 92, 81, t1) & (2157, 192, 3690, t2=t1+(0, 5)) & (3690, 74, 2936, t3=t2+(0, 4)) -> (3690, 192, 2936, t4=t3+(1, 5))	3	61
(3207, 166, 4761, t1) & (2294, 94, 2235, t2=t1+(0, 7)) & (2235, 47, 3207, t3=t2+(0, 2)) -> (3207, 166, 2235, t4=t3+(1, 4))	3	62
(2504, 16, 1710, t1) & (3115, 79, 2794, t2=t1+(0, 4)) & (2794, 10, 1710, t3=t2+(0, 4)) -> (2794, 79, 2794, t4=t3+(1, 3))	3	63
(1924, 91, 2787, t1) & (2910, 36, 3344, t2=t1+(0, 2)) & (1924, 144, 3344, t3=t2+(0, 1)) -> (2787, 91, 3344, t4=t3+(1, 11))	3	64
(4477, 144, 2363, t1) & (3779, 143, 576, t2=t1+(0, 3)) & (576, 93, 2363, t3=t2+(0, 4)) -> (576, 93, 3779, t4=t3+(1, 6))	3	65
(4718, 93, 2250, t1) & (1321, 114, 1170, t2=t1+(0, 5)) & (1321, 146, 4718, t3=t2+(0, 9)) -> (1321, 93, 1321, t4=t3+(1, 4))	3	66
(4998, 153, 3207, t1) & (3491, 5, 1353, t2=t1+(0, 3)) & (3491, 186, 3207, t3=t2+(0, 4)) -> (3207, 153, 3207, t4=t3+(1, 7))	3	67
(1245, 185, 2215, t1) & (3047, 46, 631, t2=t1+(0, 5)) & (631, 19, 1245, t3=t2+(0, 8)) -> (1245, 185, 1245, t4=t3+(1, 6))	3	68
(3952, 44, 1888, t1) & (1105, 79, 2905, t2=t1+(0, 0)) & (1888, 13, 1105, t3=t2+(0, 5)) -> (1105, 44, 3952, t4=t3+(1, 9))	3	69
(2539, 82, 1731, t1) & (1457, 110, 789, t2=t1+(0, 6)) & (1731, 165, 789, t3=t2+(0, 6)) -> (1457, 82, 2539, t4=t3+(1, 6))	3	70
(2660, 33, 3480, t1) & (1593, 87, 4950, t2=t1+(0, 5)) & (4950, 54, 3480, t3=t2+(0, 4)) -> (4950, 33, 4950, t4=t3+(1, 3))	3	71
(1831, 199, 2306, t1) & (880, 54, 3325, t2=t1+(0, 8)) & (880, 8, 1831, t3=t2+(0, 2)) -> (1831, 199, 880, t4=t3+(1, 8))	3	72
(4866, 114, 4239, t1) & (2797, 12, 2453, t2=t1+(0, 2)) & (4239, 16, 2453, t3=t2+(0, 2)) -> (4239, 12, 4239, t4=t3+(1, 6))	3	73
(3257, 33, 2268, t1) & (800, 121, 2972, t2=t1+(0, 9)) & (3257, 79, 2972, t3=t2+(0, 5)) -> (2972, 33, 3257, t4=t3+(1, 10))	3	74
(2838, 165, 1715, t1) & (3331, 47, 1117, t2=t1+(0, 4)) & (2838, 141, 1117, t3=t2+(0, 3)) -> (1117, 165, 1117, t4=t3+(1, 5))	3	75
(550, 166, 3544, t1) & (4351, 176, 1209, t2=t1+(0, 5)) & (1209, 29, 550, t3=t2+(0, 7)) -> (4351, 176, 3544, t4=t3+(1, 3))	3	76
(96, 58, 599, t1) & (4701, 74, 3765, t2=t1+(0, 7)) & (4701, 148, 599, t3=t2+(0, 7)) -> (4701, 148, 599, t4=t3+(1, 4))	3	77
(1917, 123, 1258, t1) & (3515, 25, 4764, t2=t1+(0, 6)) & (3515, 199, 1917, t3=t2+(0, 4)) -> (4764, 25, 1917, t4=t3+(1, 6))	3	78
(3904, 162, 4578, t1) & (1323, 192, 4973, t2=t1+(0, 3)) & (4973, 82, 3904, t3=t2+(0, 8)) -> (3904, 162, 3904, t4=t3+(1, 4))	3	79
(1896, 60, 362, t1) & (2371, 1, 3031, t2=t1+(0, 8)) & (2371, 33, 362, t3=t2+(0, 5)) -> (2371, 60, 2371, t4=t3+(1, 2))	3	80
(4305, 92, 432, t1) & (140, 122, 649, t2=t1+(0, 8)) & (140, 97, 432, t3=t2+(0, 6)) -> (140, 97, 4305, t4=t3+(1, 7))	3	81
(2647, 109, 2555, t1) & (1648, 152, 475, t2=t1+(0, 6)) & (475, 192, 2555, t3=t2+(0, 3)) -> (1648, 152, 475, t4=t3+(1, 5))	3	82
(2729, 26, 3695, t1) & (3344, 50, 183, t2=t1+(0, 9)) & (3695, 105, 183, t3=t2+(0, 6)) -> (183, 50, 3344, t4=t3+(1, 8))	3	83
(3834, 193, 4764, t1) & (4762, 24, 4504, t2=t1+(0, 6)) & (4504, 143, 4764, t3=t2+(0, 2)) -> (4504, 24, 4504, t4=t3+(1, 6))	3	84
(4892, 115, 3364, t1) & (4345, 184, 1411, t2=t1+(0, 6)) & (4345, 119, 4892, t3=t2+(0, 7)) -> (4345, 115, 4892, t4=t3+(1, 3))	3	85
(3876, 84, 3988, t1) & (4368, 35, 4837, t2=t1+(0, 4)) & (3876, 58, 4837, t3=t2+(0, 5)) -> (3876, 84, 3988, t4=t3+(1, 6))	3	86
(457, 53, 3165, t1) & (3938, 56, 3972, t2=t1+(0, 7)) & (3972, 165, 457, t3=t2+(0, 7)) -> (457, 56, 3972, t4=t3+(1, 3))	3	87
(1288, 199, 3941, t1) & (451, 114, 2881, t2=t1+(0, 2)) & (3941, 94, 451, t3=t2+(0, 2)) -> (1288, 199, 3941, t4=t3+(1, 6))	3	88
(5, 92, 22, t1) & (1045, 162, 88, t2=t1+(0, 2)) & (22, 50, 1045, t3=t2+(0, 5)) -> (1045, 92, 1045, t4=t3+(1, 4))	3	89
(2878, 61, 3350, t1) & (4438, 33, 1468, t2=t1+(0, 2)) & (2878, 188, 1468, t3=t2+(0, 7)) -> (4438, 61, 4438, t4=t3+(1, 7))	3	90
(1503, 38, 1110, t1) & (4382, 141, 1449, t2=t1+(0, 3)) & (4382, 79, 1503, t3=t2+(0, 7)) -> (1503, 38, 1449, t4=t3+(1, 7))	3	91
(2950, 31, 4877, t1) & (1836, 116, 2064, t2=t1+(0, 8)) & (4877, 177, 2064, t3=t2+(0, 3)) -> (4877, 116, 4877, t4=t3+(1, 7))	3	92
(2484, 64, 4504, t1) & (2951, 149, 3786, t2=t1+(0, 3)) & (4504, 158, 2951, t3=t2+(0, 4)) -> (2951, 64, 2951, t4=t3+(1, 12))	3	93
(1164, 146, 825, t1) & (835, 162, 4198, t2=t1+(0, 3)) & (825, 1, 4198, t3=t2+(0, 2)) -> (825, 146, 4198, t4=t3+(1, 7))	3	94
(2324, 0, 2526, t1) & (2125, 144, 4508, t2=t1+(0, 5)) & (2125, 105, 2526, t3=t2+(0, 7)) -> (2125, 144, 4508, t4=t3+(1, 9))	3	95
(2199, 113, 1455, t1) & (96, 5, 3697, t2=t1+(0, 6)) & (3697, 119, 1455, t3=t2+(0, 4)) -> (1455, 5, 96, t4=t3+(1, 5))	3	96
(2499, 187, 3612, t1) & (3793, 64, 2362, t2=t1+(0, 5)) & (2499, 1, 2362, t3=t2+(0, 4)) -> (3793, 64, 3793, t4=t3+(1, 10))	3	97
(4011, 95, 3084, t1) & (392, 199, 4622, t2=t1+(0, 9)) & (4011, 50, 4622, t3=t2+(0, 3)) -> (4011, 50, 3084, t4=t3+(1, 4))	3	98
(2468, 164, 4768, t1) & (490, 115, 3805, t2=t1+(0, 4)) & (3805, 38, 2468, t3=t2+(0, 7)) -> (4768, 164, 490, t4=t3+(1, 4))	3	99
(2975, 118, 1214, t1) & (689, 43, 1214, t2=t1+(0, 4)) -> (689, 43, 1214, t3=t2+(1, 1))	2	100
(534, 47, 2838, t1) & (534, 142, 2579, t2=t1+(0, 6)) -> (534, 47, 534, t3=t2+(1, 6))	2	101
(788, 124, 1420, t1) & (746, 34, 788, t2=t1+(0, 6)) -> (1420, 124, 1420, t3=t2+(1, 4))	2	102
(114, 165, 2307, t1) & (4939, 129, 114, t2=t1+(0, 1)) -> (2307, 165, 4939, t3=t2+(1, 4))	2	103
(4058, 94, 4600, t1) & (3707, 10, 4058, t2=t1+(0, 5)) -> (4058, 94, 4600, t3=t2+(1, 5))	2	104
(88, 25, 1162, t1) & (1926, 85, 88, t2=t1+(0, 6)) -> (1162, 25, 88, t3=t2+(1, 5))	2	105
(2157, 0, 4451, t1) & (4451, 71, 2157, t2=t1+(0, 10)) -> (2157, 0, 4451, t3=t2+(1, 2))	2	106
(1207, 94, 1233, t1) & (993, 164, 1207, t2=t1+(0, 3)) -> (993, 94, 1207, t3=t2+(1, 4))	2	107
(4076, 33, 1619, t1) & (2721, 177, 1619, t2=t1+(0, 5)) -> (2721, 177, 2721, t3=t2+(1, 6))	2	108
(3177, 146, 442, t1) & (722, 170, 442, t2=t1+(0, 6)) -> (442, 170, 722, t3=t2+(1, 4))	2	109
(1973, 118, 4358, t1) & (1973, 170, 718, t2=t1+(0, 6)) -> (1973, 118, 1973, t3=t2+(1, 3))	2	110
(4758, 49, 425, t1) & (1015, 169, 4758, t2=t1+(0, 5)) -> (1015, 169, 4758, t3=t2+(1, 1))	2	111
(2444, 11, 1517, t1) & (4696, 149, 2444, t2=t1+(0, 8)) -> (1517, 11, 1517, t3=t2+(1, 5))	2	112
(3513, 124, 4920, t1) & (3513, 162, 2114, t2=t1+(0, 3)) -> (3513, 162, 3513, t3=t2+(1, 3))	2	113
(4309, 68, 3512, t1) & (171, 140, 3512, t2=t1+(0, 6)) -> (3512, 68, 3512, t3=t2+(1, 6))	2	114
(4038, 159, 1722, t1) & (1722, 164, 1722, t2=t1+(0, 2)) -> (4038, 159, 1722, t3=t2+(1, 4))	2	115
(3820, 104, 3697, t1) & (3820, 162, 754, t2=t1+(0, 5)) -> (3820, 104, 3820, t3=t2+(1, 3))	2	116
(3784, 116, 820, t1) & (2076, 1, 3784, t2=t1+(0, 5)) -> (3784, 116, 3784, t3=t2+(1, 3))	2	117
(2136, 115, 4319, t1) & (4001, 52, 4319, t2=t1+(0, 5)) -> (2136, 52, 2136, t3=t2+(1, 5))	2	118
(2821, 124, 3614, t1) & (2821, 177, 1182, t2=t1+(0, 7)) -> (2821, 177, 1182, t3=t2+(1, 1))	2	119
(4100, 25, 840, t1) & (4100, 192, 287, t2=t1+(0, 10)) -> (4100, 25, 287, t3=t2+(1, 3))	2	120
(4563, 154, 3581, t1) & (4563, 188, 3581, t2=t1+(0, 3)) -> (3581, 188, 3581, t3=t2+(1, 6))	2	121
(3626, 79, 2147, t1) & (114, 74, 3626, t2=t1+(0, 5)) -> (3626, 74, 114, t3=t2+(1, 9))	2	122
(4024, 53, 2679, t1) & (4024, 8, 2679, t2=t1+(0, 4)) -> (4024, 8, 2679, t3=t2+(1, 11))	2	123
(3187, 110, 3987, t1) & (3187, 50, 1581, t2=t1+(0, 5)) -> (3987, 50, 3187, t3=t2+(1, 6))	2	124
(4680, 49, 3830, t1) & (2297, 123, 3830, t2=t1+(0, 11)) -> (3830, 49, 3830, t3=t2+(1, 10))	2	125
(4792, 144, 2561, t1) & (4792, 186, 1446, t2=t1+(0, 3)) -> (1446, 186, 4792, t3=t2+(1, 3))	2	126
(407, 53, 3599, t1) & (407, 103, 3424, t2=t1+(0, 6)) -> (407, 103, 407, t3=t2+(1, 3))	2	127
(4525, 64, 3451, t1) & (3451, 49, 1961, t2=t1+(0, 3)) -> (1961, 64, 3451, t3=t2+(1, 12))	2	128
(107, 104, 4267, t1) & (3055, 173, 4267, t2=t1+(0, 5)) -> (107, 104, 4267, t3=t2+(1, 3))	2	129
(2590, 119, 3922, t1) & (2770, 111, 3922, t2=t1+(0, 4)) -> (3922, 111, 3922, t3=t2+(1, 9))	2	130
(3547, 115, 3659, t1) & (3659, 132, 3547, t2=t1+(0, 5)) -> (3659, 115, 3659, t3=t2+(1, 6))	2	131
(2758, 156, 3421, t1) & (2758, 58, 2758, t2=t1+(0, 5)) -> (3421, 156, 2758, t3=t2+(1, 5))	2	132
(1702, 124, 59, t1) & (59, 143, 3140, t2=t1+(0, 7)) -> (1702, 124, 1702, t3=t2+(1, 9))	2	133
(4256, 53, 4289, t1) & (2521, 199, 4289, t2=t1+(0, 7)) -> (4289, 53, 4289, t3=t2+(1, 3))	2	134
(3459, 129, 3271, t1) & (267, 79, 3271, t2=t1+(0, 2)) -> (267, 129, 3271, t3=t2+(1, 6))	2	135
(2545, 2, 4045, t1) & (4045, 71, 4045, t2=t1+(0, 6)) -> (2545, 2, 4045, t3=t2+(1, 3))	2	136
(1408, 170, 2315, t1) & (1408, 36, 2315, t2=t1+(0, 2)) -> (1408, 170, 1408, t3=t2+(1, 8))	2	137
(4842, 173, 3438, t1) & (3438, 142, 4042, t2=t1+(0, 2)) -> (4842, 173, 4842, t3=t2+(1, 1))	2	138
(2979, 146, 3470, t1) & (2266, 165, 3470, t2=t1+(0, 7)) -> (2266, 165, 2979, t3=t2+(1, 6))	2	139
(1310, 126, 1226, t1) & (3273, 154, 1226, t2=t1+(0, 4)) -> (1226, 154, 1226, t3=t2+(1, 5))	2	140
(2007, 141, 4211, t1) & (4211, 129, 1010, t2=t1+(0, 3)) -> (1010, 129, 1010, t3=t2+(1, 5))	2	141
(2917, 199, 766, t1) & (2917, 67, 2917, t2=t1+(0, 3)) -> (766, 199, 2917, t3=t2+(1, 6))	2	142
(4135, 25, 3897, t1) & (3897, 146, 4135, t2=t1+(0, 4)) -> (3897, 25, 4135, t3=t2+(1, 3))	2	143
(2612, 1, 1787, t1) & (2612, 176, 4388, t2=t1+(0, 4)) -> (4388, 1, 4388, t3=t2+(1, 4))	2	144
(3113, 199, 4408, t1) & (3299, 82, 4408, t2=t1+(0, 3)) -> (3113, 199, 4408, t3=t2+(1, 3))	2	145
(3331, 53, 1032, t1) & (1032, 160, 4657, t2=t1+(0, 6)) -> (4657, 160, 1032, t3=t2+(1, 3))	2	146
(3535, 40, 2733, t1) & (3535, 53, 3535, t2=t1+(0, 4)) -> (3535, 40, 3535, t3=t2+(1, 5))	2	147
(192, 27, 3350, t1) & (192, 49, 3350, t2=t1+(0, 1)) -> (3350, 27, 192, t3=t2+(1, 7))	2	148
(4259, 12, 1209, t1) & (1209, 48, 3525, t2=t1+(0, 4)) -> (3525, 48, 1209, t3=t2+(1, 5))	2	149
(3299, 0, 522, t1) & (112, 197, 3299, t2=t1+(0, 3)) -> (522, 197, 3299, t3=t2+(1, 2))	2	150
(14, 18, 2725, t1) & (2725, 122, 14, t2=t1+(0, 9)) -> (14, 18, 2725, t3=t2+(1, 3))	2	151
(705, 102, 2524, t1) & (705, 177, 3737, t2=t1+(0, 8)) -> (3737, 102, 705, t3=t2+(1, 6))	2	152
(2498, 153, 1068, t1) & (2839, 199, 1068, t2=t1+(0, 1)) -> (1068, 199, 1068, t3=t2+(1, 6))	2	153
(3763, 82, 4047, t1) & (412, 45, 4047, t2=t1+(0, 9)) -> (4047, 45, 4047, t3=t2+(1, 9))	2	154
(3932, 165, 3709, t1) & (4631, 92, 3709, t2=t1+(0, 6)) -> (3709, 165, 3709, t3=t2+(1, 1))	2	155
(4781, 146, 432, t1) & (2859, 147, 432, t2=t1+(0, 5)) -> (432, 146, 2859, t3=t2+(1, 5))	2	156
(3696, 94, 3755, t1) & (3755, 160, 3696, t2=t1+(0, 4)) -> (3755, 160, 3755, t3=t2+(1, 7))	2	157
(1958, 144, 2743, t1) & (1958, 28, 903, t2=t1+(0, 1)) -> (903, 144, 903, t3=t2+(1, 2))	2	158
(1592, 47, 148, t1) & (1592, 48, 3145, t2=t1+(0, 3)) -> (1592, 48, 3145, t3=t2+(1, 3))	2	159
(3157, 95, 4483, t1) & (3157, 121, 3157, t2=t1+(0, 3)) -> (3157, 95, 3157, t3=t2+(1, 7))	2	160
(4571, 162, 1130, t1) & (3846, 24, 1130, t2=t1+(0, 5)) -> (1130, 24, 1130, t3=t2+(1, 4))	2	161
(1798, 146, 2935, t1) & (3123, 8, 1798, t2=t1+(0, 3)) -> (2935, 146, 1798, t3=t2+(1, 3))	2	162
(4707, 177, 2046, t1) & (2046, 48, 2046, t2=t1+(0, 2)) -> (2046, 48, 4707, t3=t2+(1, 9))	2	163
(3249, 124, 401, t1) & (401, 48, 4986, t2=t1+(0, 5)) -> (3249, 124, 401, t3=t2+(1, 4))	2	164
(2483, 58, 4289, t1) & (1377, 188, 4289, t2=t1+(0, 6)) -> (4289, 188, 4289, t3=t2+(1, 4))	2	165
(525, 164, 3120, t1) & (3120, 144, 3120, t2=t1+(0, 5)) -> (3120, 144, 3120, t3=t2+(1, 4))	2	166
(3177, 99, 1307, t1) & (3177, 162, 1307, t2=t1+(0, 3)) -> (3177, 162, 3177, t3=t2+(1, 4))	2	167
(3907, 159, 3673, t1) & (4163, 177, 3907, t2=t1+(0, 5)) -> (3907, 159, 3907, t3=t2+(1, 2))	2	168
(1242, 33, 2091, t1) & (1242, 192, 1242, t2=t1+(0, 3)) -> (1242, 192, 2091, t3=t2+(1, 5))	2	169
(1683, 181, 4531, t1) & (1561, 8, 4531, t2=t1+(0, 8)) -> (1561, 8, 4531, t3=t2+(1, 3))	2	170
(1119, 50, 2382, t1) & (4094, 101, 1119, t2=t1+(0, 8)) -> (1119, 101, 4094, t3=t2+(1, 5))	2	171
(4240, 49, 3280, t1) & (4240, 192, 3045, t2=t1+(0, 6)) -> (4240, 49, 4240, t3=t2+(1, 8))	2	172
(1808, 21, 3366, t1) & (3366, 33, 4943, t2=t1+(0, 5)) -> (3366, 33, 3366, t3=t2+(1, 8))	2	173
(2627, 111, 2904, t1) & (333, 101, 2627, t2=t1+(0, 2)) -> (2627, 111, 2627, t3=t2+(1, 4))	2	174
(936, 22, 723, t1) & (936, 112, 2230, t2=t1+(0, 5)) -> (723, 112, 2230, t3=t2+(1, 10))	2	175
(1551, 36, 3245, t1) & (1551, 187, 1551, t2=t1+(0, 7)) -> (3245, 187, 1551, t3=t2+(1, 6))	2	176
(2403, 103, 3069, t1) & (3069, 146, 2403, t2=t1+(0, 7)) -> (2403, 103, 3069, t3=t2+(1, 6))	2	177
(3217, 199, 1280, t1) & (1280, 74, 3217, t2=t1+(0, 6)) -> (3217, 74, 3217, t3=t2+(1, 4))	2	178
(1738, 94, 148, t1) & (1738, 85, 1738, t2=t1+(0, 7)) -> (1738, 85, 1738, t3=t2+(1, 4))	2	179
(4792, 17, 157, t1) & (157, 41, 157, t2=t1+(0, 3)) -> (157, 17, 157, t3=t2+(1, 10))	2	180
(451, 95, 4698, t1) & (3282, 12, 451, t2=t1+(0, 1)) -> (4698, 95, 3282, t3=t2+(1, 4))	2	181
(1989, 122, 3635, t1) & (3635, 153, 1989, t2=t1+(0, 3)) -> (3635, 153, 1989, t3=t2+(1, 4))	2	182
(33, 43, 3557, t1) & (1579, 33, 3557, t2=t1+(0, 8)) -> (1579, 33, 33, t3=t2+(1, 3))	2	183
(4201, 177, 1933, t1) & (2216, 153, 4201, t2=t1+(0, 4)) -> (1933, 153, 2216, t3=t2+(1, 3))	2	184
(117, 144, 3998, t1) & (117, 6, 117, t2=t1+(0, 7)) -> (117, 144, 117, t3=t2+(1, 10))	2	185
(1497, 20, 3906, t1) & (3906, 74, 1497, t2=t1+(0, 4)) -> (1497, 74, 3906, t3=t2+(1, 5))	2	186
(2972, 99, 3717, t1) & (3835, 87, 2972, t2=t1+(0, 7)) -> (2972, 87, 3835, t3=t2+(1, 10))	2	187
(1081, 146, 4610, t1) & (4610, 143, 4610, t2=t1+(0, 4)) -> (1081, 146, 1081, t3=t2+(1, 1))	2	188
(2961, 41, 3161, t1) & (2961, 121, 3161, t2=t1+(0, 6)) -> (2961, 41, 2961, t3=t2+(1, 10))	2	189
(3083, 153, 1864, t1) & (1864, 49, 3881, t2=t1+(0, 5)) -> (3083, 153, 1864, t3=t2+(1, 7))	2	190
(4465, 115, 3565, t1) & (3565, 177, 705, t2=t1+(0, 5)) -> (3565, 177, 3565, t3=t2+(1, 5))	2	191
(1579, 130, 889, t1) & (889, 166, 889, t2=t1+(0, 8)) -> (1579, 166, 889, t3=t2+(1, 3))	2	192
(3146, 154, 2729, t1) & (2729, 82, 3353, t2=t1+(0, 5)) -> (2729, 82, 2729, t3=t2+(1, 1))	2	193
(964, 165, 1470, t1) & (964, 82, 4540, t2=t1+(0, 11)) -> (964, 165, 1470, t3=t2+(1, 4))	2	194
(2623, 49, 2570, t1) & (2570, 133, 3478, t2=t1+(0, 2)) -> (2570, 133, 3478, t3=t2+(1, 6))	2	195
(2255, 14, 2941, t1) & (393, 174, 2941, t2=t1+(0, 3)) -> (2255, 174, 2941, t3=t2+(1, 8))	2	196
(4928, 135, 4312, t1) & (3254, 31, 4928, t2=t1+(0, 5)) -> (4312, 31, 4928, t3=t2+(1, 2))	2	197
(2893, 193, 122, t1) & (1386, 53, 122, t2=t1+(0, 4)) -> (1386, 193, 122, t3=t2+(1, 3))	2	198
(1830, 45, 2304, t1) & (2304, 22, 571, t2=t1+(0, 4)) -> (2304, 45, 2304, t3=t2+(1, 6))	2	199
(4828, 44, 1087, t1) -> (4828, 44, 1087, t2=t1+(1, 5))	1	200
(4389, 25, 3838, t1) -> (3838, 25, 3838, t2=t1+(1, 3))	1	201
(796, 34, 4472, t1) -> (796, 34, 796, t2=t1+(1, 3))	1	202
(1697, 170, 2043, t1) -> (2043, 170, 2043, t2=t1+(1, 8))	1	203
(3016, 69, 4471, t1) -> (4471, 69, 4471, t2=t1+(1, 2))	1	204
(4354, 142, 2930, t1) -> (4354, 142, 2930, t2=t1+(1, 9))	1	205
(4956, 54, 343, t1) -> (4956, 54, 4956, t2=t1+(1, 6))	1	206
(2009, 124, 853, t1) -> (2009, 124, 2009, t2=t1+(1, 4))	1	207
(3755, 38, 2704, t1) -> (2704, 38, 3755, t2=t1+(1, 6))	1	208
(4803, 153, 3664, t1) -> (3664, 153, 4803, t2=t1+(1, 5))	1	209
(1850, 156, 2529, t1) -> (1850, 156, 2529, t2=t1+(1, 8))	1	210
(3085, 179, 21, t1) -> (3085, 179, 21, t2=t1+(1, 5))	1	211
(2248, 107, 1264, t1) -> (2248, 107, 1264, t2=t1+(1, 3))	1	212
(4765, 64, 3484, t1) -> (4765, 64, 4765, t2=t1+(1, 5))	1	213
(4126, 130, 765, t1) -> (4126, 130, 4126, t2=t1+(1, 7))	1	214
(1074, 78, 1699, t1) -> (1074, 78, 1074, t2=t1+(1, 6))	1	215
(4268, 115, 75, t1) -> (75, 115, 4268, t2=t1+(1, 5))	1	216
(4368, 48, 1316, t1) -> (4368, 48, 4368, t2=t1+(1, 10))	1	217
(1003, 110, 2955, t1) -> (1003, 110, 1003, t2=t1+(1, 6))	1	218
(3306, 160, 1192, t1) -> (1192, 160, 3306, t2=t1+(1, 1))	1	219
(2168, 140, 2850, t1) -> (2850, 140, 2168, t2=t1+(1, 7))	1	220
(2935, 41, 3572, t1) -> (3572, 41, 3572, t2=t1+(1, 4))	1	221
(4160, 144, 2197, t1) -> (2197, 144, 2197, t2=t1+(1, 5))	1	222
(3159, 18, 772, t1) -> (3159, 18, 772, t2=t1+(1, 3))	1	223
(701, 64, 768, t1) -> (768, 64, 768, t2=t1+(1, 5))	1	224
(4502, 26, 4524, t1) -> (4524, 26, 4524, t2=t1+(1, 4))	1	225
(3555, 106, 107, t1) -> (107, 106, 3555, t2=t1+(1, 6))	1	226
(2400, 15, 1081, t1) -> (1081, 15, 2400, t2=t1+(1, 4))	1	227
(3712, 93, 4587, t1) -> (3712, 93, 3712, t2=t1+(1, 2))	1	228
(3514, 165, 1788, t1) -> (1788, 165, 3514, t2=t1+(1, 7))	1	229
(2105, 91, 3481, t1) -> (2105, 91, 3481, t2=t1+(1, 1))	1	230
(3424, 11, 1503, t1) -> (3424, 11, 1503, t2=t1+(1, 1))	1	231
(239, 50, 312, t1) -> (312, 50, 239, t2=t1+(1, 3))	1	232
(3527, 143, 330, t1) -> (330, 143, 3527, t2=t1+(1, 5))	1	233
(34, 142, 793, t1) -> (34, 142, 793, t2=t1+(1, 3))	1	234
(4552, 156, 1643, t1) -> (1643, 156, 1643, t2=t1+(1, 4))	1	235
(1818, 53, 4394, t1) -> (4394, 53, 1818, t2=t1+(1, 5))	1	236
(2952, 124, 1883, t1) -> (1883, 124, 1883, t2=t1+(1, 6))	1	237
(325, 22, 1220, t1) -> (1220, 22, 1220, t2=t1+(1, 8))	1	238
(1360, 53, 1693, t1) -> (1693, 53, 1360, t2=t1+(1, 3))	1	239
(4833, 54, 2755, t1) -> (4833, 54, 2755, t2=t1+(1, 5))	1	240
(1965, 121, 384, t1) -> (1965, 121, 1965, t2=t1+(1, 6))	1	241
(2814, 56, 3839, t1) -> (3839, 56, 3839, t2=t1+(1, 5))	1	242
(1469, 141, 2407, t1) -> (2407, 141, 2407, t2=t1+(1, 6))	1	243
(2427, 93, 1791, t1) -> (1791, 93, 2427, t2=t1+(1, 4))	1	244
(529, 53, 4579, t1) -> (529, 53, 529, t2=t1+(1, 5))	1	245
(673, 122, 1447, t1) -> (1447, 122, 1447, t2=t1+(1, 3))	1	246
(2907, 133, 68, t1) -> (2907, 133, 68, t2=t1+(1, 3))	1	247
(1525, 162, 144, t1) -> (144, 162, 1525, t2=t1+(1, 6))	1	248
(4422, 193, 332, t1) -> (4422, 193, 4422, t2=t1+(1, 13))	1	249
(2535, 64, 1776, t1) -> (1776, 64, 1776, t2=t1+(1, 7))	1	250
(3809, 114, 4867, t1) -> (4867, 114, 4867, t2=t1+(1, 4))	1	251
(2146, 186, 3921, t1) -> (3921, 186, 2146, t2=t1+(1, 6))	1	252
(2578, 133, 1070, t1) -> (2578, 133, 1070, t2=t1+(1, 6))	1	253
(4112, 146, 1358, t1) -> (4112, 146, 4112, t2=t1+(1, 8))	1	254
(2718, 144, 61, t1) -> (61, 144, 61, t2=t1+(1, 1))	1	255
(4785, 114, 2932, t1) -> (4785, 114, 2932, t2=t1+(1, 7))	1	256
(541, 12, 4962, t1) -> (4962, 12, 541, t2=t1+(1, 4))	1	257
(2206, 146, 550, t1) -> (2206, 146, 550, t2=t1+(1, 4))	1	258
(4098, 119, 2510, t1) -> (2510, 119, 2510, t2=t1+(1, 9))	1	259
(4110, 129, 2283, t1) -> (2283, 129, 2283, t2=t1+(1, 7))	1	260
(4490, 188, 2049, t1) -> (2049, 188, 4490, t2=t1+(1, 4))	1	261
(1180, 144, 4866, t1) -> (1180, 144, 1180, t2=t1+(1, 3))	1	262
(1525, 154, 117, t1) -> (117, 154, 1525, t2=t1+(1, 5))	1	263
(4005, 165, 211, t1) -> (4005, 165, 4005, t2=t1+(1, 2))	1	264
(2700, 32, 143, t1) -> (143, 32, 2700, t2=t1+(1, 9))	1	265
(4619, 19, 3362, t1) -> (4619, 19, 4619, t2=t1+(1, 4))	1	266
(2953, 182, 1261, t1) -> (2953, 182, 2953, t2=t1+(1, 4))	1	267
(3646, 140, 373, t1) -> (373, 140, 3646, t2=t1+(1, 3))	1	268
(3743, 28, 422, t1) -> (3743, 28, 422, t2=t1+(1, 9))	1	269
(4121, 144, 2212, t1) -> (4121, 144, 4121, t2=t1+(1, 1))	1	270
(2558, 146, 3892, t1) -> (2558, 146, 2558, t2=t1+(1, 3))	1	271
(3721, 14, 1670, t1) -> (1670, 14, 1670, t2=t1+(1, 5))	1	272
(4803, 31, 2295, t1) -> (2295, 31, 4803, t2=t1+(1, 7))	1	273
(3067, 74, 884, t1) -> (3067, 74, 3067, t2=t1+(1, 6))	1	274
(3581, 193, 3485, t1) -> (3581, 193, 3581, t2=t1+(1, 6))	1	275
(1821, 93, 4777, t1) -> (4777, 93, 4777, t2=t1+(1, 4))	1	276
(4772, 188, 2850, t1) -> (2850, 188, 2850, t2=t1+(1, 6))	1	277
(452, 17, 1529, t1) -> (1529, 17, 1529, t2=t1+(1, 9))	1	278
(4545, 53, 1063, t1) -> (1063, 53, 4545, t2=t1+(1, 6))	1	279
(4301, 156, 3191, t1) -> (3191, 156, 4301, t2=t1+(1, 5))	1	280
(3547, 27, 343, t1) -> (3547, 27, 3547, t2=t1+(1, 2))	1	281
(2640, 176, 793, t1) -> (793, 176, 2640, t2=t1+(1, 5))	1	282
(3144, 101, 1522, t1) -> (3144, 101, 1522, t2=t1+(1, 3))	1	283
(1260, 21, 4203, t1) -> (4203, 21, 1260, t2=t1+(1, 10))	1	284
(1303, 97, 2707, t1) -> (2707, 97, 1303, t2=t1+(1, 7))	1	285
(146, 53, 4639, t1) -> (146, 53, 4639, t2=t1+(1, 4))	1	286
(3328, 113, 1565, t1) -> (3328, 113, 3328, t2=t1+(1, 2))	1	287
(679, 136, 2198, t1) -> (2198, 136, 2198, t2=t1+(1, 7))	1	288
(1719, 58, 2569, t1) -> (1719, 58, 1719, t2=t1+(1, 7))	1	289
(3772, 185, 3550, t1) -> (3550, 185, 3772, t2=t1+(1, 5))	1	290
(1330, 22, 2531, t1) -> (1330, 22, 1330, t2=t1+(1, 2))	1	291
(4067, 199, 2675, t1) -> (2675, 199, 4067, t2=t1+(1, 7))	1	292
(823, 18, 155, t1) -> (823, 18, 823, t2=t1+(1, 5))	1	293
(3269, 11, 639, t1) -> (3269, 11, 639, t2=t1+(1, 5))	1	294
(1600, 169, 789, t1) -> (1600, 169, 789, t2=t1+(1, 2))	1	295
(2100, 142, 3384, t1) -> (3384, 142, 2100, t2=t1+(1, 3))	1	296
(1256, 176, 3784, t1) -> (1256, 176, 1256, t2=t1+(1, 4))	1	297
(1945, 69, 1863, t1) -> (1863, 69, 1945, t2=t1+(1, 7))	1	298
(1489, 122, 2785, t1) -> (2785, 122, 1489, t2=t1+(1, 5))	1	299
