(1788, 79, 2306, t1) & (4480, 54, 12, t2=t1+(0, 11)) & (12, 13, 1788, t3=t2+(0, 6)) -> (1788, 54, 1788, t4=t3+(1, 9))	3	0
(2469, 188, 1163, t1) & (2308, 30, 4176, t2=t1+(0, 5)) & (4176, 173, 1163, t3=t2+(0, 10)) -> (4176, 173, 2308, t4=t3+(1, 4))	3	1
(2864, 116, 2708, t1) & (2541, 165, 186, t2=t1+(0, 4)) & (2708, 192, 2541, t3=t2+(0, 8)) -> (186, 192, 186, t4=t3+(1, 4))	3	2
(3102, 65, 3400, t1) & (745, 3, 4480, t2=t1+(0, 4)) & (3102, 6, 4480, t3=t2+(0, 4)) -> (745, 3, 4480, t4=t3+(1, 1))	3	3
(1420, 51, 60, t1) & (4854, 161, 3866, t2=t1+(0, 5)) & (3866, 182, 1420, t3=t2+(0, 4)) -> (4854, 51, 3866, t4=t3+(1, 9))	3	4
(111, 6, 996, t1) & (951, 173, 4290, t2=t1+(0, 5)) & (111, 120, 951, t3=t2+(0, 9)) -> (951, 120, 111, t4=t3+(1, 7))	3	5
(2190, 84, 2565, t1) & (205, 78, 3989, t2=t1+(0, 10)) & (2190, 56, 3989, t3=t2+(0, 3)) -> (3989, 56, 2190, t4=t3+(1, 4))	3	6
(18, 19, 1570, t1) & (2646, 83, 745, t2=t1+(0, 7)) & (745, 197, 1570, t3=t2+(0, 9)) -> (745, 197, 745, t4=t3+(1, 5))	3	7
(1234, 52, 4300, t1) & (1812, 6, 2148, t2=t1+(0, 5)) & (2148, 172, 4300, t3=t2+(0, 2)) -> (4300, 172, 1234, t4=t3+(1, 4))	3	8
(1216, 166, 4505, t1) & (2083, 13, 744, t2=t1+(0, 9)) & (4505, 13, 744, t3=t2+(0, 3)) -> (4505, 13, 2083, t4=t3+(1, 6))	3	9
(911, 91, 4850, t1) & (1720, 48, 256, t2=t1+(0, 6)) & (911, 139, 1720, t3=t2+(0, 1)) -> (4850, 91, 911, t4=t3+(1, 7))	3	10
(1467, 101, 182, t1) & (33, 11, 4466, t2=t1+(0, 3)) & (33, 12, 182, t3=t2+(0, 5)) -> (1467, 12, 4466, t4=t3+(1, 4))	3	11
(859, 136, 3657, t1) & (3100, 28, 1923, t2=t1+(0, 5)) & (859, 51, 1923, t3=t2+(0, 1)) -> (859, 51, 859, t4=t3+(1, 2))	3	12
(3393, 40, 3268, t1) & (2768, 181, 1830, t2=t1+(0, 4)) & (3268, 26, 2768, t3=t2+(0, 3)) -> (3268, 181, 1830, t4=t3+(1, 5))	3	13
(3242, 101, 2703, t1) & (1335, 187, 590, t2=t1+(0, 4)) & (2703, 165, 590, t3=t2+(0, 11)) -> (3242, 165, 2703, t4=t3+(1, 4))	3	14
(4123, 142, 511, t1) & (1564, 121, 3616, t2=t1+(0, 6)) & (3616, 138, 4123, t3=t2+(0, 7)) -> (1564, 142, 4123, t4=t3+(1, 6))	3	15
(734, 76, 4061, t1) & (204, 85, 3029, t2=t1+(0, 3)) & (3029, 147, 734, t3=t2+(0, 5)) -> (204, 76, 734, t4=t3+(1, 4))	3	16
(3013, 142, 18, t1) & (4079, 117, 3248, t2=t1+(0, 4)) & (4079, 53, 3013, t3=t2+(0, 4)) -> (3013, 117, 3013, t4=t3+(1, 7))	3	17
(2417, 111, 2777, t1) & (2563, 84, 2677, t2=t1+(0, 8)) & (2677, 140, 2777, t3=t2+(0, 3)) -> (2777, 111, 2777, t4=t3+(1, 6))	3	18
(2339, 53, 4123, t1) & (2465, 42, 1146, t2=t1+(0, 6)) & (2339, 182, 2465, t3=t2+(0, 6)) -> (2465, 42, 2465, t4=t3+(1, 5))	3	19
(2670, 113, 1078, t1) & (4051, 173, 2568, t2=t1+(0, 5)) & (2568, 173, 2670, t3=t2+(0, 11)) -> (2670, 173, 2568, t4=t3+(1, 3))	3	20
(4850, 69, 2118, t1) & (2889, 189, 2148, t2=t1+(0, 4)) & (2148, 56, 2118, t3=t2+(0, 4)) -> (2148, 56, 2148, t4=t3+(1, 3))	3	21
(630, 42, 3258, t1) & (4252, 19, 4899, t2=t1+(0, 3)) & (630, 14, 4899, t3=t2+(0, 4)) -> (630, 14, 3258, t4=t3+(1, 3))	3	22
(4244, 159, 2977, t1) & (147, 127, 2565, t2=t1+(0, 5)) & (4244, 121, 147, t3=t2+(0, 4)) -> (147, 127, 2565, t4=t3+(1, 9))	3	23
(22, 188, 1146, t1) & (39, 66, 1788, t2=t1+(0, 11)) & (1788, 149, 1146, t3=t2+(0, 4)) -> (1146, 66, 1788, t4=t3+(1, 4))	3	24
(658, 192, 3406, t1) & (1146, 26, 2016, t2=t1+(0, 9)) & (3406, 67, 2016, t3=t2+(0, 4)) -> (2016, 26, 2016, t4=t3+(1, 5))	3	25
(848, 147, 1, t1) & (3755, 146, 204, t2=t1+(0, 6)) & (1, 72, 3755, t3=t2+(0, 6)) -> (3755, 147, 1, t4=t3+(1, 5))	3	26
(1764, 151, 734, t1) & (2667, 44, 3986, t2=t1+(0, 5)) & (2667, 30, 734, t3=t2+(0, 7)) -> (2667, 151, 734, t4=t3+(1, 1))	3	27
(962, 25, 1807, t1) & (4252, 127, 3542, t2=t1+(0, 4)) & (1807, 147, 4252, t3=t2+(0, 3)) -> (1807, 147, 4252, t4=t3+(1, 4))	3	28
(1570, 47, 3986, t1) & (2568, 101, 734, t2=t1+(0, 3)) & (3986, 65, 2568, t3=t2+(0, 6)) -> (3986, 47, 3986, t4=t3+(1, 4))	3	29
(2513, 127, 289, t1) & (3769, 41, 3454, t2=t1+(0, 3)) & (2513, 157, 3769, t3=t2+(0, 6)) -> (3769, 41, 3769, t4=t3+(1, 8))	3	30
(4604, 121, 4154, t1) & (1510, 51, 1533, t2=t1+(0, 2)) & (4154, 35, 1533, t3=t2+(0, 6)) -> (1510, 51, 1533, t4=t3+(1, 2))	3	31
(3878, 9, 2976, t1) & (1948, 143, 4638, t2=t1+(0, 7)) & (3878, 101, 1948, t3=t2+(0, 7)) -> (4638, 101, 3878, t4=t3+(1, 5))	3	32
(971, 92, 2670, t1) & (4480, 84, 2123, t2=t1+(0, 4)) & (4480, 120, 971, t3=t2+(0, 5)) -> (4480, 92, 4480, t4=t3+(1, 3))	3	33
(2656, 103, 4057, t1) & (4261, 48, 4523, t2=t1+(0, 8)) & (4261, 192, 4057, t3=t2+(0, 7)) -> (2656, 103, 4261, t4=t3+(1, 5))	3	34
(60, 53, 467, t1) & (3506, 21, 2014, t2=t1+(0, 7)) & (2014, 101, 467, t3=t2+(0, 3)) -> (2014, 53, 3506, t4=t3+(1, 7))	3	35
(4901, 196, 3557, t1) & (1296, 61, 1524, t2=t1+(0, 12)) & (4901, 55, 1524, t3=t2+(0, 2)) -> (1296, 55, 1524, t4=t3+(1, 9))	3	36
(966, 127, 4413, t1) & (1981, 122, 3510, t2=t1+(0, 2)) & (3510, 26, 4413, t3=t2+(0, 4)) -> (4413, 26, 1981, t4=t3+(1, 7))	3	37
(4261, 192, 658, t1) & (2123, 141, 2514, t2=t1+(0, 5)) & (4261, 74, 2123, t3=t2+(0, 4)) -> (4261, 74, 658, t4=t3+(1, 5))	3	38
(533, 72, 2016, t1) & (3835, 136, 2777, t2=t1+(0, 2)) & (533, 9, 3835, t3=t2+(0, 8)) -> (2016, 136, 533, t4=t3+(1, 9))	3	39
(4079, 152, 4766, t1) & (2102, 45, 432, t2=t1+(0, 2)) & (4766, 144, 2102, t3=t2+(0, 9)) -> (432, 144, 2102, t4=t3+(1, 2))	3	40
(1807, 124, 658, t1) & (4355, 186, 1722, t2=t1+(0, 5)) & (4355, 73, 658, t3=t2+(0, 6)) -> (1722, 73, 4355, t4=t3+(1, 7))	3	41
(415, 116, 580, t1) & (307, 14, 4524, t2=t1+(0, 9)) & (580, 23, 307, t3=t2+(0, 5)) -> (580, 23, 4524, t4=t3+(1, 6))	3	42
(4637, 173, 815, t1) & (3583, 129, 205, t2=t1+(0, 9)) & (815, 7, 205, t3=t2+(0, 8)) -> (4637, 129, 815, t4=t3+(1, 6))	3	43
(1181, 40, 244, t1) & (833, 97, 1788, t2=t1+(0, 6)) & (1181, 181, 833, t3=t2+(0, 7)) -> (1788, 97, 833, t4=t3+(1, 6))	3	44
(178, 192, 658, t1) & (320, 173, 4173, t2=t1+(0, 6)) & (320, 89, 178, t3=t2+(0, 6)) -> (178, 173, 320, t4=t3+(1, 4))	3	45
(115, 175, 469, t1) & (1938, 51, 290, t2=t1+(0, 3)) & (1938, 34, 115, t3=t2+(0, 2)) -> (290, 34, 115, t4=t3+(1, 3))	3	46
(1335, 17, 317, t1) & (3901, 196, 289, t2=t1+(0, 2)) & (289, 111, 317, t3=t2+(0, 4)) -> (289, 196, 317, t4=t3+(1, 4))	3	47
(2046, 81, 962, t1) & (1057, 14, 196, t2=t1+(0, 4)) & (2046, 121, 196, t3=t2+(0, 7)) -> (2046, 121, 196, t4=t3+(1, 7))	3	48
(4766, 184, 1840, t1) & (4244, 62, 3338, t2=t1+(0, 2)) & (1840, 72, 4244, t3=t2+(0, 6)) -> (1840, 72, 4244, t4=t3+(1, 5))	3	49
(3866, 7, 4552, t1) & (1403, 147, 1567, t2=t1+(0, 8)) & (1567, 13, 3866, t3=t2+(0, 5)) -> (1403, 13, 3866, t4=t3+(1, 7))	3	50
(1270, 72, 2154, t1) & (475, 133, 1294, t2=t1+(0, 5)) & (1270, 179, 1294, t3=t2+(0, 7)) -> (1270, 133, 1270, t4=t3+(1, 4))	3	51
(3489, 122, 2670, t1) & (488, 121, 296, t2=t1+(0, 5)) & (296, 165, 2670, t3=t2+(0, 2)) -> (2670, 165, 296, t4=t3+(1, 8))	3	52
(2096, 7, 3245, t1) & (3065, 187, 3975, t2=t1+(0, 2)) & (3245, 20, 3065, t3=t2+(0, 5)) -> (3065, 20, 3245, t4=t3+(1, 4))	3	53
(110, 136, 3704, t1) & (304, 120, 843, t2=t1+(0, 4)) & (3704, 119, 304, t3=t2+(0, 5)) -> (304, 120, 3704, t4=t3+(1, 4))	3	54
(3248, 87, 3652, t1) & (204, 142, 3499, t2=t1+(0, 5)) & (3652, 56, 204, t3=t2+(0, 6)) -> (3652, 56, 3652, t4=t3+(1, 4))	3	55
(3569, 142, 2822, t1) & (4597, 162, 3268, t2=t1+(0, 3)) & (2822, 65, 4597, t3=t2+(0, 7)) -> (3569, 65, 2822, t4=t3+(1, 7))	3	56
(533, 23, 4480, t1) & (1564, 21, 2251, t2=t1+(0, 1)) & (4480, 182, 2251, t3=t2+(0, 6)) -> (2251, 21, 2251, t4=t3+(1, 7))	3	57
(1704, 121, 1923, t1) & (4409, 179, 705, t2=t1+(0, 4)) & (705, 173, 1923, t3=t2+(0, 5)) -> (1923, 121, 1923, t4=t3+(1, 3))	3	58
(1009, 172, 3499, t1) & (4539, 196, 2162, t2=t1+(0, 7)) & (2162, 127, 3499, t3=t2+(0, 6)) -> (2162, 196, 3499, t4=t3+(1, 7))	3	59
(744, 157, 1169, t1) & (590, 188, 3632, t2=t1+(0, 10)) & (744, 78, 3632, t3=t2+(0, 6)) -> (590, 188, 3632, t4=t3+(1, 7))	3	60
(1164, 61, 3656, t1) & (1535, 136, 1827, t2=t1+(0, 9)) & (1164, 126, 1827, t3=t2+(0, 3)) -> (1827, 126, 1535, t4=t3+(1, 6))	3	61
(715, 13, 3406, t1) & (4466, 127, 2513, t2=t1+(0, 9)) & (2513, 47, 3406, t3=t2+(0, 2)) -> (2513, 127, 3406, t4=t3+(1, 4))	3	62
(3227, 48, 4381, t1) & (2432, 92, 1035, t2=t1+(0, 1)) & (3227, 103, 1035, t3=t2+(0, 9)) -> (3227, 92, 3227, t4=t3+(1, 2))	3	63
(4368, 26, 1229, t1) & (1761, 25, 1360, t2=t1+(0, 10)) & (1229, 189, 1360, t3=t2+(0, 5)) -> (1360, 25, 1761, t4=t3+(1, 4))	3	64
(3227, 13, 827, t1) & (3217, 90, 1535, t2=t1+(0, 5)) & (1535, 176, 3227, t3=t2+(0, 6)) -> (1535, 90, 3227, t4=t3+(1, 3))	3	65
(3276, 173, 1938, t1) & (1966, 132, 3013, t2=t1+(0, 4)) & (1938, 157, 1966, t3=t2+(0, 3)) -> (3013, 173, 1966, t4=t3+(1, 8))	3	66
(1467, 147, 4838, t1) & (1524, 136, 2538, t2=t1+(0, 5)) & (2538, 121, 4838, t3=t2+(0, 6)) -> (2538, 121, 2538, t4=t3+(1, 5))	3	67
(2630, 152, 196, t1) & (2895, 23, 79, t2=t1+(0, 5)) & (79, 168, 2630, t3=t2+(0, 7)) -> (2895, 168, 196, t4=t3+(1, 9))	3	68
(2563, 113, 1078, t1) & (655, 176, 1311, t2=t1+(0, 5)) & (2563, 92, 1311, t3=t2+(0, 5)) -> (655, 176, 1311, t4=t3+(1, 6))	3	69
(2222, 127, 4460, t1) & (3769, 132, 3866, t2=t1+(0, 4)) & (3769, 11, 4460, t3=t2+(0, 2)) -> (4460, 11, 3866, t4=t3+(1, 3))	3	70
(4021, 152, 2565, t1) & (734, 127, 4834, t2=t1+(0, 2)) & (734, 55, 2565, t3=t2+(0, 0)) -> (4834, 152, 2565, t4=t3+(1, 6))	3	71
(3268, 13, 3487, t1) & (1613, 192, 4471, t2=t1+(0, 5)) & (3487, 65, 1613, t3=t2+(0, 4)) -> (3487, 13, 3268, t4=t3+(1, 7))	3	72
(962, 168, 962, t1) & (815, 176, 784, t2=t1+(0, 7)) & (815, 40, 962, t3=t2+(0, 8)) -> (962, 40, 962, t4=t3+(1, 7))	3	73
(2096, 102, 533, t1) & (3082, 20, 1009, t2=t1+(0, 6)) & (533, 58, 1009, t3=t2+(0, 5)) -> (2096, 58, 3082, t4=t3+(1, 7))	3	74
(406, 130, 4293, t1) & (1840, 17, 2558, t2=t1+(0, 6)) & (1840, 173, 406, t3=t2+(0, 4)) -> (1840, 173, 406, t4=t3+(1, 7))	3	75
(147, 51, 876, t1) & (86, 11, 2903, t2=t1+(0, 5)) & (147, 161, 2903, t3=t2+(0, 7)) -> (86, 51, 86, t4=t3+(1, 5))	3	76
(3338, 123, 4047, t1) & (3755, 23, 2932, t2=t1+(0, 6)) & (3338, 124, 2932, t3=t2+(0, 5)) -> (3755, 23, 2932, t4=t3+(1, 3))	3	77
(2435, 117, 2729, t1) & (2992, 176, 922, t2=t1+(0, 6)) & (2729, 194, 2992, t3=t2+(0, 9)) -> (2992, 194, 2992, t4=t3+(1, 10))	3	78
(2230, 101, 217, t1) & (630, 90, 2582, t2=t1+(0, 6)) & (2582, 194, 217, t3=t2+(0, 4)) -> (630, 101, 630, t4=t3+(1, 2))	3	79
(1147, 127, 2051, t1) & (1360, 186, 1270, t2=t1+(0, 12)) & (2051, 138, 1270, t3=t2+(0, 6)) -> (1360, 127, 1147, t4=t3+(1, 8))	3	80
(3986, 48, 180, t1) & (4466, 48, 593, t2=t1+(0, 4)) & (3986, 92, 4466, t3=t2+(0, 3)) -> (3986, 48, 4466, t4=t3+(1, 1))	3	81
(1649, 127, 4097, t1) & (4423, 172, 1948, t2=t1+(0, 7)) & (4423, 182, 4097, t3=t2+(0, 3)) -> (1649, 172, 1948, t4=t3+(1, 5))	3	82
(1091, 14, 2565, t1) & (2050, 138, 1613, t2=t1+(0, 7)) & (2565, 84, 1613, t3=t2+(0, 5)) -> (1613, 14, 2565, t4=t3+(1, 6))	3	83
(416, 72, 3740, t1) & (2708, 182, 2051, t2=t1+(0, 5)) & (2051, 44, 416, t3=t2+(0, 4)) -> (2051, 44, 2051, t4=t3+(1, 5))	3	84
(669, 116, 580, t1) & (4123, 146, 1185, t2=t1+(0, 2)) & (580, 127, 1185, t3=t2+(0, 6)) -> (1185, 127, 1185, t4=t3+(1, 4))	3	85
(246, 159, 3664, t1) & (1592, 189, 2646, t2=t1+(0, 1)) & (1592, 72, 3664, t3=t2+(0, 5)) -> (1592, 72, 246, t4=t3+(1, 3))	3	86
(2251, 147, 744, t1) & (1553, 77, 256, t2=t1+(0, 5)) & (256, 2, 744, t3=t2+(0, 6)) -> (2251, 147, 744, t4=t3+(1, 5))	3	87
(196, 168, 3746, t1) & (655, 173, 2563, t2=t1+(0, 5)) & (655, 166, 196, t3=t2+(0, 3)) -> (655, 173, 2563, t4=t3+(1, 8))	3	88
(3755, 173, 3648, t1) & (4782, 127, 3236, t2=t1+(0, 7)) & (3755, 192, 3236, t3=t2+(0, 4)) -> (3648, 192, 3236, t4=t3+(1, 12))	3	89
(2141, 58, 1683, t1) & (3004, 51, 3309, t2=t1+(0, 12)) & (3004, 89, 1683, t3=t2+(0, 6)) -> (2141, 89, 3004, t4=t3+(1, 3))	3	90
(658, 136, 3715, t1) & (438, 35, 745, t2=t1+(0, 2)) & (438, 141, 658, t3=t2+(0, 9)) -> (745, 35, 438, t4=t3+(1, 13))	3	91
(4517, 94, 508, t1) & (3398, 91, 848, t2=t1+(0, 5)) & (3398, 173, 508, t3=t2+(0, 7)) -> (848, 91, 848, t4=t3+(1, 1))	3	92
(669, 121, 3100, t1) & (3699, 146, 3168, t2=t1+(0, 4)) & (3699, 17, 3100, t3=t2+(0, 8)) -> (3699, 121, 3100, t4=t3+(1, 3))	3	93
(2271, 55, 4091, t1) & (1009, 188, 1027, t2=t1+(0, 7)) & (1009, 124, 4091, t3=t2+(0, 4)) -> (4091, 124, 1027, t4=t3+(1, 6))	3	94
(2470, 12, 2591, t1) & (3552, 38, 3338, t2=t1+(0, 2)) & (2591, 58, 3338, t3=t2+(0, 2)) -> (2591, 58, 3338, t4=t3+(1, 6))	3	95
(1146, 176, 2800, t1) & (488, 136, 4368, t2=t1+(0, 4)) & (2800, 23, 488, t3=t2+(0, 8)) -> (4368, 176, 4368, t4=t3+(1, 6))	3	96
(3029, 155, 4123, t1) & (1570, 179, 4159, t2=t1+(0, 5)) & (4123, 111, 1570, t3=t2+(0, 5)) -> (1570, 179, 1570, t4=t3+(1, 7))	3	97
(689, 192, 4648, t1) & (1807, 166, 661, t2=t1+(0, 6)) & (689, 90, 661, t3=t2+(0, 3)) -> (1807, 192, 661, t4=t3+(1, 4))	3	98
(3338, 58, 3708, t1) & (1270, 8, 1890, t2=t1+(0, 4)) & (1270, 144, 3708, t3=t2+(0, 4)) -> (3708, 58, 1270, t4=t3+(1, 6))	3	99
(125, 17, 4079, t1) & (658, 119, 4079, t2=t1+(0, 6)) -> (658, 119, 125, t3=t2+(1, 4))	2	100
(4975, 132, 2251, t1) & (2251, 32, 152, t2=t1+(0, 4)) -> (4975, 32, 2251, t3=t2+(1, 2))	2	101
(2974, 23, 2173, t1) & (2173, 176, 2173, t2=t1+(0, 5)) -> (2173, 176, 2173, t3=t2+(1, 7))	2	102
(3795, 112, 3146, t1) & (3795, 48, 3146, t2=t1+(0, 3)) -> (3795, 48, 3146, t3=t2+(1, 2))	2	103
(3975, 175, 1632, t1) & (4097, 25, 3975, t2=t1+(0, 2)) -> (4097, 175, 3975, t3=t2+(1, 2))	2	104
(4597, 147, 996, t1) & (996, 78, 2559, t2=t1+(0, 4)) -> (2559, 147, 4597, t3=t2+(1, 2))	2	105
(687, 197, 655, t1) & (1288, 153, 687, t2=t1+(0, 6)) -> (687, 197, 655, t3=t2+(1, 2))	2	106
(2596, 72, 2670, t1) & (3227, 187, 2670, t2=t1+(0, 6)) -> (2596, 72, 3227, t3=t2+(1, 7))	2	107
(4048, 47, 115, t1) & (115, 192, 115, t2=t1+(0, 10)) -> (4048, 47, 115, t3=t2+(1, 3))	2	108
(742, 51, 2679, t1) & (2679, 94, 742, t2=t1+(0, 6)) -> (2679, 94, 742, t3=t2+(1, 1))	2	109
(4638, 55, 2251, t1) & (1842, 146, 2251, t2=t1+(0, 3)) -> (2251, 146, 2251, t3=t2+(1, 7))	2	110
(4047, 152, 3817, t1) & (4047, 89, 3499, t2=t1+(0, 3)) -> (3817, 89, 4047, t3=t2+(1, 2))	2	111
(152, 143, 4945, t1) & (152, 55, 4982, t2=t1+(0, 5)) -> (4945, 55, 152, t3=t2+(1, 5))	2	112
(1390, 35, 2308, t1) & (2308, 172, 2308, t2=t1+(0, 6)) -> (2308, 172, 1390, t3=t2+(1, 4))	2	113
(2841, 40, 3373, t1) & (2841, 84, 3464, t2=t1+(0, 7)) -> (3373, 84, 3373, t3=t2+(1, 6))	2	114
(2733, 55, 649, t1) & (649, 101, 2733, t2=t1+(0, 4)) -> (649, 55, 2733, t3=t2+(1, 5))	2	115
(18, 13, 3499, t1) & (3499, 166, 4850, t2=t1+(0, 1)) -> (4850, 166, 4850, t3=t2+(1, 4))	2	116
(1807, 51, 4517, t1) & (4517, 173, 4428, t2=t1+(0, 5)) -> (1807, 51, 4517, t3=t2+(1, 2))	2	117
(4885, 137, 321, t1) & (321, 17, 321, t2=t1+(0, 4)) -> (321, 17, 4885, t3=t2+(1, 3))	2	118
(4480, 40, 18, t1) & (4480, 141, 3431, t2=t1+(0, 2)) -> (4480, 141, 3431, t3=t2+(1, 5))	2	119
(1573, 61, 115, t1) & (1573, 6, 115, t2=t1+(0, 6)) -> (1573, 61, 1573, t3=t2+(1, 3))	2	120
(3986, 101, 4320, t1) & (742, 17, 3986, t2=t1+(0, 5)) -> (3986, 17, 4320, t3=t2+(1, 12))	2	121
(1981, 176, 3803, t1) & (3803, 127, 4854, t2=t1+(0, 2)) -> (3803, 127, 3803, t3=t2+(1, 2))	2	122
(3775, 127, 4433, t1) & (3775, 173, 3775, t2=t1+(0, 7)) -> (3775, 173, 4433, t3=t2+(1, 5))	2	123
(3266, 172, 4390, t1) & (4322, 78, 3266, t2=t1+(0, 5)) -> (3266, 78, 4322, t3=t2+(1, 7))	2	124
(705, 0, 3146, t1) & (2470, 48, 3146, t2=t1+(0, 4)) -> (3146, 0, 3146, t3=t2+(1, 5))	2	125
(20, 83, 1524, t1) & (1294, 136, 1524, t2=t1+(0, 5)) -> (1524, 83, 20, t3=t2+(1, 9))	2	126
(1567, 175, 4293, t1) & (1567, 136, 1764, t2=t1+(0, 4)) -> (1567, 136, 4293, t3=t2+(1, 4))	2	127
(3406, 173, 1788, t1) & (3406, 198, 3406, t2=t1+(0, 1)) -> (3406, 173, 3406, t3=t2+(1, 5))	2	128
(2118, 157, 2769, t1) & (2118, 23, 3959, t2=t1+(0, 5)) -> (2769, 157, 2118, t3=t2+(1, 7))	2	129
(1270, 35, 1830, t1) & (1830, 138, 2822, t2=t1+(0, 5)) -> (2822, 35, 1830, t3=t2+(1, 4))	2	130
(2383, 22, 143, t1) & (655, 66, 143, t2=t1+(0, 4)) -> (2383, 66, 143, t3=t2+(1, 8))	2	131
(2054, 0, 1524, t1) & (2054, 192, 3901, t2=t1+(0, 5)) -> (2054, 0, 3901, t3=t2+(1, 4))	2	132
(4293, 159, 1233, t1) & (4293, 51, 1233, t2=t1+(0, 6)) -> (4293, 159, 1233, t3=t2+(1, 6))	2	133
(2851, 188, 4572, t1) & (2325, 58, 2851, t2=t1+(0, 6)) -> (2851, 188, 2851, t3=t2+(1, 5))	2	134
(993, 119, 152, t1) & (152, 152, 993, t2=t1+(0, 4)) -> (152, 119, 152, t3=t2+(1, 2))	2	135
(2977, 192, 3261, t1) & (3261, 116, 3261, t2=t1+(0, 8)) -> (3261, 116, 3261, t3=t2+(1, 6))	2	136
(4177, 67, 4061, t1) & (2563, 182, 4061, t2=t1+(0, 5)) -> (4177, 182, 4061, t3=t2+(1, 2))	2	137
(744, 141, 1525, t1) & (1525, 125, 1525, t2=t1+(0, 8)) -> (1525, 125, 1525, t3=t2+(1, 6))	2	138
(3094, 14, 611, t1) & (3094, 101, 3094, t2=t1+(0, 2)) -> (3094, 14, 3094, t3=t2+(1, 3))	2	139
(2563, 166, 196, t1) & (196, 53, 196, t2=t1+(0, 4)) -> (196, 53, 196, t3=t2+(1, 5))	2	140
(4517, 188, 2813, t1) & (4517, 182, 2813, t2=t1+(0, 5)) -> (2813, 188, 4517, t3=t2+(1, 7))	2	141
(3632, 72, 4015, t1) & (3632, 157, 2016, t2=t1+(0, 9)) -> (2016, 72, 4015, t3=t2+(1, 8))	2	142
(650, 173, 871, t1) & (650, 108, 650, t2=t1+(0, 10)) -> (871, 173, 650, t3=t2+(1, 8))	2	143
(2895, 27, 658, t1) & (658, 101, 3755, t2=t1+(0, 5)) -> (658, 27, 2895, t3=t2+(1, 4))	2	144
(1244, 65, 2646, t1) & (1244, 173, 1244, t2=t1+(0, 3)) -> (1244, 65, 1244, t3=t2+(1, 7))	2	145
(196, 137, 1122, t1) & (1122, 145, 3373, t2=t1+(0, 7)) -> (1122, 137, 1122, t3=t2+(1, 6))	2	146
(1837, 51, 111, t1) & (1837, 75, 2667, t2=t1+(0, 3)) -> (1837, 51, 2667, t3=t2+(1, 2))	2	147
(2439, 188, 50, t1) & (50, 173, 922, t2=t1+(0, 3)) -> (50, 173, 2439, t3=t2+(1, 5))	2	148
(3883, 121, 848, t1) & (4097, 187, 3883, t2=t1+(0, 6)) -> (3883, 121, 3883, t3=t2+(1, 4))	2	149
(699, 169, 2646, t1) & (2831, 169, 699, t2=t1+(0, 4)) -> (2831, 169, 699, t3=t2+(1, 4))	2	150
(267, 188, 2870, t1) & (1008, 117, 2870, t2=t1+(0, 5)) -> (2870, 188, 267, t3=t2+(1, 6))	2	151
(3029, 157, 143, t1) & (3168, 127, 143, t2=t1+(0, 6)) -> (143, 127, 143, t3=t2+(1, 9))	2	152
(4443, 55, 4123, t1) & (4443, 127, 3426, t2=t1+(0, 5)) -> (4443, 55, 4443, t3=t2+(1, 4))	2	153
(3769, 135, 1335, t1) & (3769, 41, 1335, t2=t1+(0, 4)) -> (1335, 135, 3769, t3=t2+(1, 7))	2	154
(508, 189, 2162, t1) & (508, 147, 2162, t2=t1+(0, 9)) -> (508, 189, 2162, t3=t2+(1, 8))	2	155
(2541, 90, 2148, t1) & (3338, 175, 2148, t2=t1+(0, 5)) -> (3338, 175, 3338, t3=t2+(1, 5))	2	156
(911, 65, 3029, t1) & (3029, 77, 3029, t2=t1+(0, 3)) -> (3029, 65, 3029, t3=t2+(1, 7))	2	157
(1467, 157, 2148, t1) & (2148, 192, 1524, t2=t1+(0, 5)) -> (2148, 192, 1524, t3=t2+(1, 4))	2	158
(2173, 50, 1613, t1) & (1613, 72, 2173, t2=t1+(0, 3)) -> (2173, 72, 2173, t3=t2+(1, 4))	2	159
(2365, 192, 2376, t1) & (473, 198, 2365, t2=t1+(0, 4)) -> (2365, 192, 2365, t3=t2+(1, 4))	2	160
(532, 125, 4709, t1) & (4709, 172, 4709, t2=t1+(0, 3)) -> (4709, 125, 4709, t3=t2+(1, 4))	2	161
(2016, 79, 4743, t1) & (4743, 172, 2016, t2=t1+(0, 7)) -> (2016, 79, 2016, t3=t2+(1, 2))	2	162
(1321, 61, 3591, t1) & (3591, 196, 3591, t2=t1+(0, 4)) -> (3591, 61, 3591, t3=t2+(1, 2))	2	163
(2190, 116, 1840, t1) & (1840, 152, 1840, t2=t1+(0, 4)) -> (2190, 152, 1840, t3=t2+(1, 5))	2	164
(1009, 13, 3772, t1) & (3772, 32, 1390, t2=t1+(0, 2)) -> (3772, 32, 1009, t3=t2+(1, 5))	2	165
(4244, 99, 661, t1) & (661, 158, 661, t2=t1+(0, 6)) -> (661, 99, 661, t3=t2+(1, 6))	2	166
(2708, 111, 2513, t1) & (2708, 81, 2708, t2=t1+(0, 3)) -> (2708, 81, 2513, t3=t2+(1, 11))	2	167
(915, 65, 2656, t1) & (1807, 142, 2656, t2=t1+(0, 5)) -> (1807, 142, 2656, t3=t2+(1, 1))	2	168
(1390, 179, 2559, t1) & (2559, 125, 2559, t2=t1+(0, 9)) -> (2559, 125, 1390, t3=t2+(1, 2))	2	169
(1722, 75, 4666, t1) & (196, 127, 4666, t2=t1+(0, 5)) -> (196, 75, 196, t3=t2+(1, 7))	2	170
(843, 173, 715, t1) & (715, 52, 715, t2=t1+(0, 7)) -> (843, 173, 843, t3=t2+(1, 3))	2	171
(4517, 75, 4904, t1) & (4123, 108, 4904, t2=t1+(0, 5)) -> (4904, 75, 4123, t3=t2+(1, 4))	2	172
(2809, 166, 2889, t1) & (2809, 17, 2148, t2=t1+(0, 2)) -> (2809, 166, 2148, t3=t2+(1, 6))	2	173
(2800, 127, 3583, t1) & (171, 175, 2800, t2=t1+(0, 9)) -> (2800, 127, 3583, t3=t2+(1, 4))	2	174
(3029, 3, 2753, t1) & (3029, 169, 2753, t2=t1+(0, 3)) -> (3029, 3, 2753, t3=t2+(1, 3))	2	175
(2176, 106, 4235, t1) & (4235, 13, 2176, t2=t1+(0, 4)) -> (4235, 13, 4235, t3=t2+(1, 1))	2	176
(3660, 117, 508, t1) & (4479, 127, 3660, t2=t1+(0, 1)) -> (4479, 117, 4479, t3=t2+(1, 7))	2	177
(3169, 100, 4648, t1) & (4648, 196, 3169, t2=t1+(0, 7)) -> (3169, 196, 3169, t3=t2+(1, 7))	2	178
(115, 13, 2050, t1) & (115, 72, 3441, t2=t1+(0, 6)) -> (3441, 72, 2050, t3=t2+(1, 1))	2	179
(4238, 117, 1675, t1) & (2118, 142, 1675, t2=t1+(0, 5)) -> (1675, 117, 1675, t3=t2+(1, 6))	2	180
(2978, 173, 458, t1) & (458, 172, 3420, t2=t1+(0, 7)) -> (3420, 172, 3420, t3=t2+(1, 3))	2	181
(1817, 116, 580, t1) & (3101, 182, 1817, t2=t1+(0, 6)) -> (580, 182, 1817, t3=t2+(1, 9))	2	182
(3852, 158, 3338, t1) & (3338, 56, 3338, t2=t1+(0, 9)) -> (3338, 56, 3338, t3=t2+(1, 4))	2	183
(3591, 159, 1409, t1) & (3591, 158, 1409, t2=t1+(0, 4)) -> (1409, 158, 1409, t3=t2+(1, 2))	2	184
(331, 65, 4057, t1) & (4057, 194, 331, t2=t1+(0, 3)) -> (4057, 65, 4057, t3=t2+(1, 3))	2	185
(2016, 157, 576, t1) & (2016, 176, 4517, t2=t1+(0, 7)) -> (2016, 176, 576, t3=t2+(1, 3))	2	186
(3406, 99, 3288, t1) & (3406, 39, 3406, t2=t1+(0, 7)) -> (3406, 99, 3406, t3=t2+(1, 3))	2	187
(2016, 45, 1172, t1) & (2016, 26, 1172, t2=t1+(0, 2)) -> (2016, 26, 1172, t3=t2+(1, 6))	2	188
(147, 145, 83, t1) & (2102, 52, 147, t2=t1+(0, 8)) -> (83, 145, 147, t3=t2+(1, 2))	2	189
(4794, 142, 2047, t1) & (4794, 152, 2047, t2=t1+(0, 6)) -> (2047, 142, 2047, t3=t2+(1, 4))	2	190
(3777, 187, 4938, t1) & (2365, 72, 4938, t2=t1+(0, 3)) -> (2365, 72, 4938, t3=t2+(1, 6))	2	191
(2514, 55, 2708, t1) & (2514, 26, 2708, t2=t1+(0, 3)) -> (2708, 55, 2514, t3=t2+(1, 4))	2	192
(1009, 120, 4077, t1) & (1009, 75, 4077, t2=t1+(0, 6)) -> (4077, 120, 4077, t3=t2+(1, 4))	2	193
(2051, 20, 3769, t1) & (1543, 86, 2051, t2=t1+(0, 6)) -> (1543, 20, 1543, t3=t2+(1, 5))	2	194
(1455, 48, 3755, t1) & (1455, 149, 1455, t2=t1+(0, 5)) -> (1455, 48, 1455, t3=t2+(1, 4))	2	195
(658, 5, 2417, t1) & (2417, 2, 658, t2=t1+(0, 1)) -> (658, 2, 2417, t3=t2+(1, 6))	2	196
(744, 164, 3408, t1) & (744, 67, 54, t2=t1+(0, 6)) -> (54, 164, 54, t3=t2+(1, 4))	2	197
(1270, 25, 1467, t1) & (246, 149, 1270, t2=t1+(0, 7)) -> (246, 25, 1467, t3=t2+(1, 7))	2	198
(1, 157, 3344, t1) & (3344, 194, 1, t2=t1+(0, 3)) -> (3344, 157, 1, t3=t2+(1, 4))	2	199
(2383, 12, 497, t1) -> (2383, 12, 497, t2=t1+(1, 5))	1	200
(2173, 95, 3110, t1) -> (2173, 95, 2173, t2=t1+(1, 4))	1	201
(2587, 11, 1236, t1) -> (2587, 11, 1236, t2=t1+(1, 4))	1	202
(2677, 124, 221, t1) -> (2677, 124, 221, t2=t1+(1, 5))	1	203
(1160, 169, 147, t1) -> (1160, 169, 1160, t2=t1+(1, 5))	1	204
(2596, 141, 2515, t1) -> (2596, 141, 2596, t2=t1+(1, 3))	1	205
(3879, 121, 54, t1) -> (54, 121, 3879, t2=t1+(1, 5))	1	206
(1891, 173, 1467, t1) -> (1467, 173, 1467, t2=t1+(1, 4))	1	207
(3126, 72, 4815, t1) -> (3126, 72, 4815, t2=t1+(1, 8))	1	208
(1270, 119, 3406, t1) -> (1270, 119, 3406, t2=t1+(1, 5))	1	209
(4252, 30, 1830, t1) -> (1830, 30, 4252, t2=t1+(1, 3))	1	210
(1327, 173, 469, t1) -> (469, 173, 469, t2=t1+(1, 6))	1	211
(3258, 127, 634, t1) -> (3258, 127, 3258, t2=t1+(1, 3))	1	212
(2703, 149, 1524, t1) -> (2703, 149, 1524, t2=t1+(1, 6))	1	213
(2895, 141, 356, t1) -> (356, 141, 2895, t2=t1+(1, 8))	1	214
(1868, 111, 2155, t1) -> (1868, 111, 2155, t2=t1+(1, 8))	1	215
(3100, 121, 611, t1) -> (3100, 121, 3100, t2=t1+(1, 3))	1	216
(2251, 77, 4904, t1) -> (2251, 77, 4904, t2=t1+(1, 3))	1	217
(4368, 164, 115, t1) -> (115, 164, 4368, t2=t1+(1, 3))	1	218
(2378, 40, 3990, t1) -> (3990, 40, 3990, t2=t1+(1, 4))	1	219
(2251, 51, 911, t1) -> (911, 51, 911, t2=t1+(1, 8))	1	220
(3506, 180, 2118, t1) -> (2118, 180, 2118, t2=t1+(1, 4))	1	221
(2366, 79, 3266, t1) -> (2366, 79, 3266, t2=t1+(1, 9))	1	222
(3557, 176, 689, t1) -> (689, 176, 3557, t2=t1+(1, 6))	1	223
(3082, 100, 2162, t1) -> (2162, 100, 3082, t2=t1+(1, 2))	1	224
(2014, 45, 2932, t1) -> (2014, 45, 2014, t2=t1+(1, 6))	1	225
(2205, 154, 4638, t1) -> (2205, 154, 2205, t2=t1+(1, 11))	1	226
(1270, 4, 2514, t1) -> (2514, 4, 1270, t2=t1+(1, 5))	1	227
(3975, 116, 143, t1) -> (143, 116, 3975, t2=t1+(1, 5))	1	228
(570, 127, 4173, t1) -> (570, 127, 4173, t2=t1+(1, 4))	1	229
(4773, 173, 2646, t1) -> (2646, 173, 2646, t2=t1+(1, 6))	1	230
(2656, 172, 1236, t1) -> (1236, 172, 1236, t2=t1+(1, 3))	1	231
(3029, 65, 18, t1) -> (18, 65, 3029, t2=t1+(1, 6))	1	232
(4713, 189, 20, t1) -> (20, 189, 4713, t2=t1+(1, 9))	1	233
(1570, 136, 4552, t1) -> (4552, 136, 1570, t2=t1+(1, 4))	1	234
(2300, 199, 705, t1) -> (2300, 199, 2300, t2=t1+(1, 1))	1	235
(2383, 119, 3883, t1) -> (2383, 119, 2383, t2=t1+(1, 3))	1	236
(196, 127, 3769, t1) -> (196, 127, 196, t2=t1+(1, 5))	1	237
(4853, 55, 2809, t1) -> (2809, 55, 4853, t2=t1+(1, 6))	1	238
(196, 5, 1270, t1) -> (1270, 5, 1270, t2=t1+(1, 8))	1	239
(2565, 116, 1543, t1) -> (2565, 116, 2565, t2=t1+(1, 7))	1	240
(1147, 6, 147, t1) -> (1147, 6, 147, t2=t1+(1, 3))	1	241
(3499, 4, 3834, t1) -> (3499, 4, 3834, t2=t1+(1, 3))	1	242
(1812, 109, 2507, t1) -> (1812, 109, 1812, t2=t1+(1, 5))	1	243
(2409, 72, 4173, t1) -> (2409, 72, 2409, t2=t1+(1, 2))	1	244
(2465, 62, 4304, t1) -> (4304, 62, 2465, t2=t1+(1, 4))	1	245
(4230, 138, 2311, t1) -> (2311, 138, 2311, t2=t1+(1, 7))	1	246
(1390, 78, 2733, t1) -> (1390, 78, 2733, t2=t1+(1, 8))	1	247
(4354, 137, 1553, t1) -> (4354, 137, 1553, t2=t1+(1, 5))	1	248
(2016, 179, 2670, t1) -> (2670, 179, 2670, t2=t1+(1, 4))	1	249
(924, 56, 962, t1) -> (962, 56, 962, t2=t1+(1, 9))	1	250
(925, 36, 2563, t1) -> (925, 36, 2563, t2=t1+(1, 4))	1	251
(1573, 176, 4743, t1) -> (4743, 176, 4743, t2=t1+(1, 6))	1	252
(3878, 65, 2909, t1) -> (2909, 65, 2909, t2=t1+(1, 6))	1	253
(4073, 90, 583, t1) -> (4073, 90, 583, t2=t1+(1, 8))	1	254
(316, 13, 4097, t1) -> (316, 13, 316, t2=t1+(1, 7))	1	255
(2016, 193, 2222, t1) -> (2222, 193, 2016, t2=t1+(1, 6))	1	256
(267, 127, 859, t1) -> (267, 127, 267, t2=t1+(1, 5))	1	257
(3075, 30, 491, t1) -> (3075, 30, 491, t2=t1+(1, 4))	1	258
(4382, 103, 1009, t1) -> (4382, 103, 1009, t2=t1+(1, 4))	1	259
(4648, 179, 3248, t1) -> (3248, 179, 3248, t2=t1+(1, 8))	1	260
(2563, 151, 2974, t1) -> (2563, 151, 2974, t2=t1+(1, 6))	1	261
(4352, 192, 675, t1) -> (675, 192, 4352, t2=t1+(1, 10))	1	262
(2761, 96, 3911, t1) -> (2761, 96, 3911, t2=t1+(1, 11))	1	263
(3258, 198, 367, t1) -> (367, 198, 367, t2=t1+(1, 6))	1	264
(1795, 13, 2903, t1) -> (2903, 13, 2903, t2=t1+(1, 5))	1	265
(1731, 23, 3883, t1) -> (1731, 23, 3883, t2=t1+(1, 8))	1	266
(602, 3, 2173, t1) -> (602, 3, 2173, t2=t1+(1, 5))	1	267
(2297, 166, 962, t1) -> (2297, 166, 962, t2=t1+(1, 2))	1	268
(3258, 141, 3859, t1) -> (3859, 141, 3258, t2=t1+(1, 6))	1	269
(734, 176, 4516, t1) -> (734, 176, 4516, t2=t1+(1, 9))	1	270
(3083, 84, 3731, t1) -> (3083, 84, 3731, t2=t1+(1, 7))	1	271
(1786, 180, 132, t1) -> (132, 180, 132, t2=t1+(1, 3))	1	272
(3162, 5, 3772, t1) -> (3162, 5, 3162, t2=t1+(1, 5))	1	273
(630, 72, 30, t1) -> (30, 72, 30, t2=t1+(1, 3))	1	274
(1524, 58, 996, t1) -> (996, 58, 1524, t2=t1+(1, 7))	1	275
(1294, 192, 565, t1) -> (565, 192, 1294, t2=t1+(1, 5))	1	276
(488, 23, 1831, t1) -> (1831, 23, 488, t2=t1+(1, 6))	1	277
(46, 179, 3182, t1) -> (3182, 179, 3182, t2=t1+(1, 2))	1	278
(593, 136, 3344, t1) -> (3344, 136, 3344, t2=t1+(1, 5))	1	279
(3473, 23, 4579, t1) -> (4579, 23, 3473, t2=t1+(1, 2))	1	280
(2903, 45, 783, t1) -> (2903, 45, 783, t2=t1+(1, 7))	1	281
(4972, 3, 4852, t1) -> (4852, 3, 4852, t2=t1+(1, 3))	1	282
(18, 142, 1236, t1) -> (18, 142, 18, t2=t1+(1, 1))	1	283
(602, 122, 3632, t1) -> (3632, 122, 3632, t2=t1+(1, 7))	1	284
(2703, 141, 2383, t1) -> (2383, 141, 2703, t2=t1+(1, 4))	1	285
(908, 48, 2708, t1) -> (908, 48, 2708, t2=t1+(1, 4))	1	286
(4820, 122, 3406, t1) -> (3406, 122, 3406, t2=t1+(1, 8))	1	287
(304, 78, 4524, t1) -> (4524, 78, 4524, t2=t1+(1, 5))	1	288
(2646, 62, 567, t1) -> (567, 62, 567, t2=t1+(1, 3))	1	289
(39, 152, 3013, t1) -> (3013, 152, 39, t2=t1+(1, 8))	1	290
(4131, 99, 744, t1) -> (744, 99, 4131, t2=t1+(1, 6))	1	291
(4938, 26, 2512, t1) -> (4938, 26, 4938, t2=t1+(1, 3))	1	292
(2596, 127, 1964, t1) -> (2596, 127, 1964, t2=t1+(1, 4))	1	293
(2538, 173, 3100, t1) -> (2538, 173, 2538, t2=t1+(1, 7))	1	294
(915, 61, 2513, t1) -> (915, 61, 915, t2=t1+(1, 6))	1	295
(3408, 154, 314, t1) -> (314, 154, 3408, t2=t1+(1, 5))	1	296
(205, 70, 2365, t1) -> (2365, 70, 2365, t2=t1+(1, 5))	1	297
(2370, 53, 1795, t1) -> (1795, 53, 2370, t2=t1+(1, 5))	1	298
(3107, 194, 4173, t1) -> (4173, 194, 4173, t2=t1+(1, 9))	1	299
