(1560, 130, 3653, t1) & (186, 152, 1049, t2=t1+(0, 3)) & (1049, 25, 3653, t3=t2+(0, 3)) -> (1049, 130, 1049, t4=t3+(1, 4))	3	0
(2846, 10, 2160, t1) & (1119, 154, 1616, t2=t1+(0, 5)) & (1119, 130, 2160, t3=t2+(0, 4)) -> (1119, 130, 2160, t4=t3+(1, 3))	3	1
(4168, 182, 1277, t1) & (176, 177, 958, t2=t1+(0, 6)) & (4168, 14, 176, t3=t2+(0, 6)) -> (1277, 177, 176, t4=t3+(1, 8))	3	2
(4728, 192, 553, t1) & (68, 117, 4716, t2=t1+(0, 6)) & (68, 145, 4728, t3=t2+(0, 3)) -> (68, 117, 4728, t4=t3+(1, 11))	3	3
(1596, 94, 1863, t1) & (1829, 17, 1747, t2=t1+(0, 2)) & (1829, 77, 1863, t3=t2+(0, 4)) -> (1863, 17, 1863, t4=t3+(1, 2))	3	4
(818, 198, 2549, t1) & (3663, 0, 2478, t2=t1+(0, 6)) & (2478, 120, 818, t3=t2+(0, 6)) -> (2478, 120, 818, t4=t3+(1, 5))	3	5
(3192, 95, 2935, t1) & (26, 74, 1206, t2=t1+(0, 4)) & (3192, 60, 1206, t3=t2+(0, 4)) -> (1206, 95, 3192, t4=t3+(1, 1))	3	6
(3234, 17, 1141, t1) & (4975, 29, 4345, t2=t1+(0, 7)) & (1141, 153, 4975, t3=t2+(0, 5)) -> (1141, 29, 4975, t4=t3+(1, 5))	3	7
(3946, 45, 1902, t1) & (952, 150, 2290, t2=t1+(0, 6)) & (2290, 26, 3946, t3=t2+(0, 6)) -> (1902, 45, 2290, t4=t3+(1, 9))	3	8
(5, 134, 3755, t1) & (2215, 109, 3245, t2=t1+(0, 6)) & (3245, 161, 3755, t3=t2+(0, 6)) -> (3755, 134, 3755, t4=t3+(1, 4))	3	9
(4326, 72, 287, t1) & (1822, 101, 1136, t2=t1+(0, 5)) & (1822, 72, 4326, t3=t2+(0, 7)) -> (1136, 72, 1136, t4=t3+(1, 8))	3	10
(4261, 71, 4416, t1) & (4366, 171, 714, t2=t1+(0, 3)) & (714, 190, 4261, t3=t2+(0, 6)) -> (714, 171, 714, t4=t3+(1, 1))	3	11
(1572, 39, 4910, t1) & (4269, 122, 4278, t2=t1+(0, 6)) & (1572, 24, 4278, t3=t2+(0, 3)) -> (4910, 24, 4269, t4=t3+(1, 5))	3	12
(3387, 182, 578, t1) & (2816, 186, 1046, t2=t1+(0, 5)) & (2816, 156, 578, t3=t2+(0, 2)) -> (578, 182, 1046, t4=t3+(1, 5))	3	13
(4154, 179, 2174, t1) & (1856, 64, 2054, t2=t1+(0, 5)) & (1856, 74, 4154, t3=t2+(0, 2)) -> (4154, 74, 1856, t4=t3+(1, 3))	3	14
(4215, 111, 1344, t1) & (4531, 17, 2512, t2=t1+(0, 11)) & (4215, 80, 4531, t3=t2+(0, 7)) -> (2512, 111, 4531, t4=t3+(1, 1))	3	15
(881, 164, 3302, t1) & (1573, 62, 4378, t2=t1+(0, 2)) & (3302, 188, 1573, t3=t2+(0, 3)) -> (3302, 62, 1573, t4=t3+(1, 5))	3	16
(3988, 199, 55, t1) & (1087, 148, 44, t2=t1+(0, 4)) & (44, 185, 55, t3=t2+(0, 10)) -> (3988, 199, 55, t4=t3+(1, 3))	3	17
(1379, 53, 449, t1) & (1166, 23, 2809, t2=t1+(0, 6)) & (2809, 179, 1379, t3=t2+(0, 4)) -> (449, 179, 449, t4=t3+(1, 8))	3	18
(1292, 188, 4046, t1) & (2932, 160, 2580, t2=t1+(0, 3)) & (1292, 28, 2580, t3=t2+(0, 9)) -> (2580, 188, 2580, t4=t3+(1, 5))	3	19
(755, 172, 4185, t1) & (2293, 75, 4738, t2=t1+(0, 9)) & (4185, 157, 2293, t3=t2+(0, 5)) -> (755, 75, 755, t4=t3+(1, 3))	3	20
(2204, 47, 4104, t1) & (4054, 76, 3806, t2=t1+(0, 7)) & (4054, 130, 2204, t3=t2+(0, 4)) -> (4104, 76, 2204, t4=t3+(1, 6))	3	21
(85, 0, 4282, t1) & (2149, 88, 3342, t2=t1+(0, 8)) & (85, 14, 3342, t3=t2+(0, 7)) -> (3342, 88, 85, t4=t3+(1, 7))	3	22
(2048, 90, 3290, t1) & (2390, 29, 4802, t2=t1+(0, 5)) & (4802, 169, 2048, t3=t2+(0, 3)) -> (4802, 90, 2048, t4=t3+(1, 10))	3	23
(3347, 65, 1795, t1) & (2190, 109, 878, t2=t1+(0, 3)) & (878, 198, 1795, t3=t2+(0, 3)) -> (1795, 65, 1795, t4=t3+(1, 7))	3	24
(1923, 120, 1113, t1) & (1113, 93, 1923, t2=t1+(0, 10)) -> (1923, 93, 1113, t3=t2+(1, 9))	2	25
(710, 43, 4902, t1) & (4902, 73, 2225, t2=t1+(0, 6)) -> (2225, 43, 2225, t3=t2+(1, 5))	2	26
(2717, 160, 2553, t1) & (1695, 186, 2717, t2=t1+(0, 5)) -> (1695, 160, 2717, t3=t2+(1, 3))	2	27
(4279, 52, 84, t1) & (84, 134, 4279, t2=t1+(0, 4)) -> (4279, 52, 84, t3=t2+(1, 6))	2	28
(1702, 16, 1388, t1) & (1388, 23, 1438, t2=t1+(0, 6)) -> (1438, 23, 1388, t3=t2+(1, 5))	2	29
(357, 184, 894, t1) & (4982, 99, 357, t2=t1+(0, 5)) -> (894, 184, 357, t3=t2+(1, 7))	2	30
(3764, 184, 2788, t1) & (3764, 113, 4241, t2=t1+(0, 4)) -> (3764, 184, 2788, t3=t2+(1, 7))	2	31
(894, 139, 2551, t1) & (894, 142, 3595, t2=t1+(0, 5)) -> (894, 142, 3595, t3=t2+(1, 3))	2	32
(4732, 195, 2225, t1) & (2225, 12, 4732, t2=t1+(0, 6)) -> (4732, 12, 2225, t3=t2+(1, 3))	2	33
(1489, 85, 1024, t1) & (4478, 121, 1489, t2=t1+(0, 0)) -> (4478, 85, 1024, t3=t2+(1, 4))	2	34
(2203, 61, 3469, t1) & (1436, 95, 2203, t2=t1+(0, 6)) -> (2203, 61, 1436, t3=t2+(1, 5))	2	35
(715, 109, 3080, t1) & (2091, 192, 715, t2=t1+(0, 7)) -> (2091, 109, 715, t3=t2+(1, 5))	2	36
(19, 164, 4772, t1) & (825, 55, 4772, t2=t1+(0, 6)) -> (825, 164, 4772, t3=t2+(1, 3))	2	37
(1063, 99, 4492, t1) & (4492, 186, 4492, t2=t1+(0, 7)) -> (1063, 99, 4492, t3=t2+(1, 6))	2	38
(4806, 53, 3081, t1) & (3081, 152, 4519, t2=t1+(0, 4)) -> (3081, 152, 4806, t3=t2+(1, 6))	2	39
(1954, 144, 807, t1) & (1211, 36, 807, t2=t1+(0, 7)) -> (1954, 36, 807, t3=t2+(1, 2))	2	40
(4750, 159, 974, t1) & (2758, 78, 4750, t2=t1+(0, 3)) -> (974, 78, 974, t3=t2+(1, 3))	2	41
(4290, 117, 4508, t1) & (4508, 145, 4039, t2=t1+(0, 2)) -> (4508, 117, 4290, t3=t2+(1, 3))	2	42
(2101, 182, 4695, t1) & (2101, 137, 4695, t2=t1+(0, 10)) -> (2101, 137, 4695, t3=t2+(1, 7))	2	43
(3283, 48, 945, t1) & (3283, 124, 3283, t2=t1+(0, 3)) -> (3283, 124, 945, t3=t2+(1, 4))	2	44
(4287, 165, 1022, t1) & (4287, 107, 1022, t2=t1+(0, 5)) -> (4287, 107, 1022, t3=t2+(1, 2))	2	45
(965, 19, 112, t1) & (965, 188, 3450, t2=t1+(0, 3)) -> (965, 188, 965, t3=t2+(1, 7))	2	46
(4036, 24, 2057, t1) & (2057, 143, 4036, t2=t1+(0, 6)) -> (2057, 143, 2057, t3=t2+(1, 4))	2	47
(4940, 69, 848, t1) & (4940, 48, 4940, t2=t1+(0, 5)) -> (4940, 48, 4940, t3=t2+(1, 6))	2	48
(489, 100, 3565, t1) & (3565, 169, 489, t2=t1+(0, 3)) -> (3565, 169, 3565, t3=t2+(1, 8))	2	49
(3318, 159, 67, t1) & (67, 98, 67, t2=t1+(0, 7)) -> (67, 159, 67, t3=t2+(1, 3))	2	50
(1621, 198, 4077, t1) & (1621, 144, 1621, t2=t1+(0, 6)) -> (1621, 198, 1621, t3=t2+(1, 5))	2	51
(2978, 149, 1742, t1) & (2978, 9, 4758, t2=t1+(0, 3)) -> (2978, 149, 2978, t3=t2+(1, 12))	2	52
(594, 98, 2287, t1) & (594, 197, 2665, t2=t1+(0, 6)) -> (594, 197, 2665, t3=t2+(1, 6))	2	53
(108, 107, 1780, t1) & (2962, 31, 108, t2=t1+(0, 1)) -> (108, 107, 1780, t3=t2+(1, 9))	2	54
(1122, 137, 2670, t1) & (4914, 100, 1122, t2=t1+(0, 5)) -> (2670, 100, 4914, t3=t2+(1, 3))	2	55
(367, 73, 920, t1) & (367, 36, 4976, t2=t1+(0, 8)) -> (920, 73, 4976, t3=t2+(1, 7))	2	56
(2869, 167, 3580, t1) & (2869, 164, 3580, t2=t1+(0, 4)) -> (3580, 164, 3580, t3=t2+(1, 5))	2	57
(3239, 191, 4835, t1) & (3239, 71, 1494, t2=t1+(0, 2)) -> (4835, 191, 3239, t3=t2+(1, 6))	2	58
(604, 4, 3112, t1) & (604, 133, 3933, t2=t1+(0, 6)) -> (604, 4, 3933, t3=t2+(1, 3))	2	59
(3393, 66, 4478, t1) & (145, 129, 3393, t2=t1+(0, 6)) -> (4478, 129, 145, t3=t2+(1, 3))	2	60
(3236, 26, 3944, t1) & (3944, 95, 3236, t2=t1+(0, 5)) -> (3236, 95, 3944, t3=t2+(1, 9))	2	61
(2313, 69, 4072, t1) & (4072, 97, 2313, t2=t1+(0, 6)) -> (2313, 97, 2313, t3=t2+(1, 6))	2	62
(4331, 43, 3723, t1) & (3723, 134, 3261, t2=t1+(0, 3)) -> (3723, 43, 3723, t3=t2+(1, 1))	2	63
(2664, 160, 3743, t1) & (3743, 26, 2664, t2=t1+(0, 5)) -> (2664, 26, 2664, t3=t2+(1, 6))	2	64
(4638, 197, 4434, t1) & (1802, 42, 4434, t2=t1+(0, 3)) -> (4434, 42, 4434, t3=t2+(1, 5))	2	65
(608, 180, 45, t1) & (608, 61, 45, t2=t1+(0, 3)) -> (45, 61, 45, t3=t2+(1, 6))	2	66
(1916, 77, 4370, t1) & (2488, 187, 1916, t2=t1+(0, 6)) -> (1916, 187, 1916, t3=t2+(1, 3))	2	67
(856, 89, 1455, t1) & (856, 188, 3301, t2=t1+(0, 3)) -> (856, 188, 856, t3=t2+(1, 4))	2	68
(1285, 142, 4748, t1) & (3550, 182, 1285, t2=t1+(0, 5)) -> (4748, 142, 3550, t3=t2+(1, 7))	2	69
(4245, 81, 918, t1) & (4299, 77, 4245, t2=t1+(0, 4)) -> (918, 77, 4299, t3=t2+(1, 1))	2	70
(1427, 136, 1975, t1) & (1427, 181, 4943, t2=t1+(0, 6)) -> (1427, 136, 1427, t3=t2+(1, 6))	2	71
(22, 197, 3450, t1) & (222, 195, 3450, t2=t1+(0, 9)) -> (22, 195, 3450, t3=t2+(1, 5))	2	72
(496, 83, 812, t1) & (812, 113, 2594, t2=t1+(0, 5)) -> (812, 83, 812, t3=t2+(1, 2))	2	73
(2751, 89, 2946, t1) & (2946, 47, 2751, t2=t1+(0, 4)) -> (2751, 89, 2751, t3=t2+(1, 2))	2	74
(3261, 192, 1392, t1) & (1392, 29, 3261, t2=t1+(0, 3)) -> (3261, 192, 3261, t3=t2+(1, 3))	2	75
(3133, 197, 1061, t1) & (3133, 92, 1061, t2=t1+(0, 4)) -> (3133, 92, 3133, t3=t2+(1, 5))	2	76
(3602, 185, 1548, t1) & (1548, 38, 3537, t2=t1+(0, 2)) -> (1548, 38, 1548, t3=t2+(1, 5))	2	77
(1500, 125, 4777, t1) & (1500, 199, 1500, t2=t1+(0, 4)) -> (1500, 125, 1500, t3=t2+(1, 3))	2	78
(2136, 109, 56, t1) & (2854, 106, 2136, t2=t1+(0, 6)) -> (56, 106, 56, t3=t2+(1, 5))	2	79
(3265, 180, 2525, t1) & (3265, 30, 1228, t2=t1+(0, 4)) -> (2525, 30, 1228, t3=t2+(1, 5))	2	80
(2926, 195, 4883, t1) & (4517, 154, 4883, t2=t1+(0, 6)) -> (4517, 195, 4517, t3=t2+(1, 3))	2	81
(1172, 167, 724, t1) & (724, 39, 2897, t2=t1+(0, 1)) -> (2897, 39, 2897, t3=t2+(1, 4))	2	82
(1273, 111, 1959, t1) & (3614, 170, 1273, t2=t1+(0, 3)) -> (1273, 170, 3614, t3=t2+(1, 5))	2	83
(1699, 32, 3352, t1) & (3352, 71, 1699, t2=t1+(0, 4)) -> (3352, 32, 3352, t3=t2+(1, 8))	2	84
(4497, 152, 1152, t1) & (3398, 147, 1152, t2=t1+(0, 3)) -> (1152, 147, 1152, t3=t2+(1, 4))	2	85
(2007, 94, 2825, t1) & (4551, 121, 2007, t2=t1+(0, 7)) -> (4551, 94, 2825, t3=t2+(1, 6))	2	86
(807, 128, 3131, t1) & (3131, 36, 1414, t2=t1+(0, 5)) -> (3131, 128, 3131, t3=t2+(1, 9))	2	87
(2805, 12, 2210, t1) & (2805, 22, 915, t2=t1+(0, 7)) -> (2805, 12, 915, t3=t2+(1, 7))	2	88
(1316, 197, 4139, t1) & (3247, 174, 4139, t2=t1+(0, 5)) -> (4139, 174, 1316, t3=t2+(1, 6))	2	89
(4723, 15, 2265, t1) & (4723, 144, 820, t2=t1+(0, 6)) -> (2265, 144, 4723, t3=t2+(1, 4))	2	90
(4270, 96, 4550, t1) & (3480, 189, 4550, t2=t1+(0, 8)) -> (4550, 96, 3480, t3=t2+(1, 8))	2	91
(1636, 77, 3820, t1) & (3820, 196, 3820, t2=t1+(0, 3)) -> (3820, 77, 3820, t3=t2+(1, 7))	2	92
(767, 1, 1395, t1) & (4366, 42, 1395, t2=t1+(0, 6)) -> (1395, 1, 1395, t3=t2+(1, 7))	2	93
(280, 69, 631, t1) & (280, 171, 280, t2=t1+(0, 5)) -> (631, 69, 280, t3=t2+(1, 7))	2	94
(585, 164, 4837, t1) & (585, 109, 1210, t2=t1+(0, 5)) -> (585, 109, 585, t3=t2+(1, 3))	2	95
(3546, 153, 4742, t1) & (3546, 192, 3890, t2=t1+(0, 6)) -> (4742, 153, 3546, t3=t2+(1, 5))	2	96
(3316, 86, 4386, t1) & (4386, 70, 4085, t2=t1+(0, 2)) -> (3316, 86, 4085, t3=t2+(1, 6))	2	97
(498, 180, 847, t1) & (498, 5, 847, t2=t1+(0, 8)) -> (498, 180, 498, t3=t2+(1, 4))	2	98
(2191, 173, 1446, t1) & (2191, 162, 2191, t2=t1+(0, 5)) -> (2191, 162, 2191, t3=t2+(1, 2))	2	99
(4452, 187, 1273, t1) & (1273, 39, 4452, t2=t1+(0, 7)) -> (1273, 187, 4452, t3=t2+(1, 6))	2	100
(1839, 89, 3365, t1) & (1195, 51, 3365, t2=t1+(0, 5)) -> (1195, 51, 3365, t3=t2+(1, 8))	2	101
(3321, 20, 1070, t1) & (1070, 43, 3321, t2=t1+(0, 7)) -> (1070, 20, 1070, t3=t2+(1, 9))	2	102
(139, 33, 4583, t1) & (4583, 93, 4583, t2=t1+(0, 6)) -> (4583, 93, 4583, t3=t2+(1, 2))	2	103
(3882, 186, 4740, t1) & (1646, 51, 4740, t2=t1+(0, 3)) -> (4740, 51, 4740, t3=t2+(1, 6))	2	104
(645, 106, 4559, t1) & (941, 8, 4559, t2=t1+(0, 5)) -> (645, 106, 4559, t3=t2+(1, 5))	2	105
(436, 3, 1416, t1) & (436, 136, 3248, t2=t1+(0, 6)) -> (436, 136, 436, t3=t2+(1, 9))	2	106
(3213, 79, 406, t1) & (3638, 169, 3213, t2=t1+(0, 5)) -> (3213, 79, 3638, t3=t2+(1, 2))	2	107
(2539, 0, 3337, t1) & (3337, 22, 4445, t2=t1+(0, 5)) -> (3337, 0, 3337, t3=t2+(1, 20))	2	108
(4134, 147, 527, t1) & (527, 30, 4134, t2=t1+(0, 4)) -> (527, 30, 527, t3=t2+(1, 4))	2	109
(2184, 73, 3189, t1) & (2751, 197, 3189, t2=t1+(0, 4)) -> (3189, 197, 3189, t3=t2+(1, 5))	2	110
(3790, 196, 529, t1) & (3790, 160, 3790, t2=t1+(0, 4)) -> (3790, 196, 3790, t3=t2+(1, 6))	2	111
(4252, 17, 145, t1) & (145, 59, 591, t2=t1+(0, 8)) -> (4252, 17, 145, t3=t2+(1, 4))	2	112
(270, 26, 2057, t1) & (270, 111, 1755, t2=t1+(0, 5)) -> (270, 26, 270, t3=t2+(1, 7))	2	113
(1671, 8, 3744, t1) & (1671, 97, 446, t2=t1+(0, 2)) -> (1671, 8, 446, t3=t2+(1, 3))	2	114
(1667, 147, 2641, t1) & (1667, 26, 1667, t2=t1+(0, 7)) -> (2641, 147, 1667, t3=t2+(1, 5))	2	115
(3260, 166, 1134, t1) & (3260, 82, 4861, t2=t1+(0, 11)) -> (3260, 82, 4861, t3=t2+(1, 5))	2	116
(1311, 133, 574, t1) & (574, 109, 1311, t2=t1+(0, 7)) -> (1311, 133, 574, t3=t2+(1, 2))	2	117
(3703, 160, 3905, t1) & (3703, 189, 3905, t2=t1+(0, 6)) -> (3703, 160, 3905, t3=t2+(1, 7))	2	118
(2714, 152, 2037, t1) & (3090, 40, 2714, t2=t1+(0, 4)) -> (3090, 40, 2037, t3=t2+(1, 4))	2	119
(2603, 135, 4043, t1) & (2603, 14, 4043, t2=t1+(0, 4)) -> (2603, 14, 4043, t3=t2+(1, 2))	2	120
(679, 96, 2702, t1) & (2702, 119, 2702, t2=t1+(0, 4)) -> (2702, 119, 2702, t3=t2+(1, 3))	2	121
(6, 120, 2635, t1) & (6, 15, 4609, t2=t1+(0, 6)) -> (6, 15, 6, t3=t2+(1, 4))	2	122
(3518, 73, 825, t1) & (3518, 124, 3518, t2=t1+(0, 9)) -> (825, 124, 825, t3=t2+(1, 4))	2	123
(3736, 20, 4192, t1) & (3736, 186, 4192, t2=t1+(0, 4)) -> (3736, 186, 3736, t3=t2+(1, 3))	2	124
(3765, 23, 2598, t1) -> (3765, 23, 3765, t2=t1+(1, 5))	1	125
(2957, 168, 29, t1) -> (29, 168, 29, t2=t1+(1, 3))	1	126
(1290, 143, 2115, t1) -> (2115, 143, 1290, t2=t1+(1, 5))	1	127
(4907, 198, 3373, t1) -> (3373, 198, 3373, t2=t1+(1, 3))	1	128
(2709, 103, 4604, t1) -> (2709, 103, 2709, t2=t1+(1, 6))	1	129
(3852, 74, 487, t1) -> (487, 74, 487, t2=t1+(1, 5))	1	130
(3839, 9, 300, t1) -> (300, 9, 300, t2=t1+(1, 6))	1	131
(584, 135, 2165, t1) -> (2165, 135, 584, t2=t1+(1, 6))	1	132
(636, 138, 3771, t1) -> (3771, 138, 636, t2=t1+(1, 9))	1	133
(1722, 7, 2213, t1) -> (1722, 7, 1722, t2=t1+(1, 5))	1	134
(2877, 182, 4561, t1) -> (2877, 182, 2877, t2=t1+(1, 4))	1	135
(2498, 0, 4918, t1) -> (4918, 0, 2498, t2=t1+(1, 2))	1	136
(2534, 100, 1365, t1) -> (1365, 100, 2534, t2=t1+(1, 2))	1	137
(4515, 54, 1360, t1) -> (4515, 54, 1360, t2=t1+(1, 5))	1	138
(4008, 92, 2705, t1) -> (2705, 92, 4008, t2=t1+(1, 3))	1	139
(4366, 46, 1224, t1) -> (1224, 46, 4366, t2=t1+(1, 11))	1	140
(3408, 114, 2987, t1) -> (3408, 114, 3408, t2=t1+(1, 2))	1	141
(3393, 89, 4024, t1) -> (4024, 89, 3393, t2=t1+(1, 8))	1	142
(297, 58, 35, t1) -> (35, 58, 35, t2=t1+(1, 7))	1	143
(335, 67, 4793, t1) -> (335, 67, 335, t2=t1+(1, 1))	1	144
(1765, 137, 3894, t1) -> (1765, 137, 3894, t2=t1+(1, 6))	1	145
(3666, 192, 2433, t1) -> (2433, 192, 3666, t2=t1+(1, 7))	1	146
(849, 119, 3049, t1) -> (3049, 119, 849, t2=t1+(1, 3))	1	147
(394, 41, 1752, t1) -> (394, 41, 1752, t2=t1+(1, 4))	1	148
(736, 65, 1302, t1) -> (736, 65, 736, t2=t1+(1, 3))	1	149
(1328, 44, 4042, t1) -> (4042, 44, 4042, t2=t1+(1, 3))	1	150
(2583, 166, 3912, t1) -> (3912, 166, 3912, t2=t1+(1, 3))	1	151
(3922, 131, 103, t1) -> (3922, 131, 3922, t2=t1+(1, 10))	1	152
(246, 153, 541, t1) -> (541, 153, 541, t2=t1+(1, 4))	1	153
(2422, 138, 3735, t1) -> (3735, 138, 3735, t2=t1+(1, 3))	1	154
(1349, 101, 4469, t1) -> (1349, 101, 1349, t2=t1+(1, 7))	1	155
(4945, 58, 2373, t1) -> (2373, 58, 4945, t2=t1+(1, 8))	1	156
(30, 153, 3416, t1) -> (30, 153, 30, t2=t1+(1, 4))	1	157
(4835, 9, 775, t1) -> (775, 9, 775, t2=t1+(1, 1))	1	158
(1634, 60, 818, t1) -> (818, 60, 818, t2=t1+(1, 7))	1	159
(4425, 152, 4858, t1) -> (4425, 152, 4858, t2=t1+(1, 5))	1	160
(2452, 50, 2651, t1) -> (2452, 50, 2452, t2=t1+(1, 5))	1	161
(4535, 54, 2403, t1) -> (4535, 54, 4535, t2=t1+(1, 6))	1	162
(2164, 172, 2647, t1) -> (2164, 172, 2647, t2=t1+(1, 5))	1	163
(763, 92, 3443, t1) -> (3443, 92, 763, t2=t1+(1, 4))	1	164
(1269, 112, 97, t1) -> (97, 112, 97, t2=t1+(1, 5))	1	165
(4347, 27, 983, t1) -> (983, 27, 4347, t2=t1+(1, 6))	1	166
(3992, 19, 3883, t1) -> (3992, 19, 3992, t2=t1+(1, 5))	1	167
(1201, 101, 2330, t1) -> (1201, 101, 1201, t2=t1+(1, 4))	1	168
(348, 149, 4961, t1) -> (348, 149, 4961, t2=t1+(1, 7))	1	169
(3792, 62, 1688, t1) -> (3792, 62, 1688, t2=t1+(1, 2))	1	170
(3605, 83, 1115, t1) -> (1115, 83, 1115, t2=t1+(1, 3))	1	171
(2959, 174, 810, t1) -> (810, 174, 2959, t2=t1+(1, 4))	1	172
(4248, 36, 3772, t1) -> (4248, 36, 3772, t2=t1+(1, 7))	1	173
(1634, 72, 1483, t1) -> (1634, 72, 1634, t2=t1+(1, 6))	1	174
(135, 169, 2693, t1) -> (135, 169, 135, t2=t1+(1, 5))	1	175
(2074, 67, 3135, t1) -> (2074, 67, 3135, t2=t1+(1, 9))	1	176
(3083, 143, 2288, t1) -> (3083, 143, 2288, t2=t1+(1, 5))	1	177
(3259, 150, 330, t1) -> (3259, 150, 330, t2=t1+(1, 4))	1	178
(127, 117, 827, t1) -> (827, 117, 827, t2=t1+(1, 6))	1	179
(2856, 65, 1210, t1) -> (1210, 65, 2856, t2=t1+(1, 6))	1	180
(2126, 37, 2948, t1) -> (2948, 37, 2948, t2=t1+(1, 10))	1	181
(1976, 96, 4962, t1) -> (1976, 96, 4962, t2=t1+(1, 2))	1	182
(3791, 20, 2406, t1) -> (3791, 20, 2406, t2=t1+(1, 4))	1	183
(51, 123, 2463, t1) -> (2463, 123, 51, t2=t1+(1, 3))	1	184
(598, 50, 2967, t1) -> (2967, 50, 598, t2=t1+(1, 7))	1	185
(2049, 84, 803, t1) -> (2049, 84, 803, t2=t1+(1, 4))	1	186
(1224, 142, 4364, t1) -> (4364, 142, 4364, t2=t1+(1, 7))	1	187
(3545, 158, 1100, t1) -> (3545, 158, 1100, t2=t1+(1, 6))	1	188
(1279, 70, 2764, t1) -> (1279, 70, 1279, t2=t1+(1, 6))	1	189
(1207, 14, 3723, t1) -> (1207, 14, 3723, t2=t1+(1, 3))	1	190
(4193, 71, 4083, t1) -> (4083, 71, 4083, t2=t1+(1, 3))	1	191
(524, 14, 4213, t1) -> (524, 14, 524, t2=t1+(1, 2))	1	192
(4106, 185, 3997, t1) -> (4106, 185, 4106, t2=t1+(1, 10))	1	193
(2489, 87, 1325, t1) -> (1325, 87, 2489, t2=t1+(1, 2))	1	194
(848, 121, 2363, t1) -> (848, 121, 2363, t2=t1+(1, 7))	1	195
(2905, 186, 504, t1) -> (2905, 186, 504, t2=t1+(1, 7))	1	196
(1688, 142, 2588, t1) -> (1688, 142, 1688, t2=t1+(1, 9))	1	197
(2796, 101, 3772, t1) -> (3772, 101, 3772, t2=t1+(1, 6))	1	198
(3520, 85, 331, t1) -> (3520, 85, 331, t2=t1+(1, 1))	1	199
(2041, 135, 3614, t1) -> (3614, 135, 3614, t2=t1+(1, 6))	1	200
(3327, 26, 2024, t1) -> (2024, 26, 2024, t2=t1+(1, 7))	1	201
(4022, 37, 4368, t1) -> (4368, 37, 4368, t2=t1+(1, 8))	1	202
(678, 197, 756, t1) -> (678, 197, 678, t2=t1+(1, 2))	1	203
(3444, 28, 965, t1) -> (3444, 28, 3444, t2=t1+(1, 3))	1	204
(333, 111, 4943, t1) -> (333, 111, 4943, t2=t1+(1, 1))	1	205
(220, 49, 2393, t1) -> (2393, 49, 2393, t2=t1+(1, 4))	1	206
(1089, 48, 2872, t1) -> (2872, 48, 1089, t2=t1+(1, 4))	1	207
(1953, 48, 1923, t1) -> (1953, 48, 1953, t2=t1+(1, 4))	1	208
(1875, 197, 80, t1) -> (1875, 197, 1875, t2=t1+(1, 3))	1	209
(102, 101, 3477, t1) -> (102, 101, 3477, t2=t1+(1, 4))	1	210
(2343, 7, 2917, t1) -> (2343, 7, 2343, t2=t1+(1, 4))	1	211
(1442, 4, 1556, t1) -> (1556, 4, 1556, t2=t1+(1, 7))	1	212
(1926, 38, 706, t1) -> (1926, 38, 1926, t2=t1+(1, 7))	1	213
(724, 73, 2535, t1) -> (2535, 73, 2535, t2=t1+(1, 7))	1	214
(4539, 3, 4255, t1) -> (4539, 3, 4539, t2=t1+(1, 4))	1	215
(4087, 160, 4193, t1) -> (4087, 160, 4087, t2=t1+(1, 5))	1	216
(2548, 61, 4334, t1) -> (2548, 61, 2548, t2=t1+(1, 3))	1	217
(3715, 197, 3542, t1) -> (3715, 197, 3542, t2=t1+(1, 3))	1	218
(475, 1, 1034, t1) -> (1034, 1, 475, t2=t1+(1, 2))	1	219
(1166, 99, 4103, t1) -> (4103, 99, 4103, t2=t1+(1, 4))	1	220
(1710, 108, 175, t1) -> (1710, 108, 1710, t2=t1+(1, 5))	1	221
(2590, 98, 4644, t1) -> (2590, 98, 2590, t2=t1+(1, 5))	1	222
(2546, 153, 4647, t1) -> (2546, 153, 4647, t2=t1+(1, 7))	1	223
(2265, 23, 728, t1) -> (2265, 23, 728, t2=t1+(1, 2))	1	224
(3187, 80, 2774, t1) -> (2774, 80, 2774, t2=t1+(1, 4))	1	225
(3906, 124, 456, t1) -> (456, 124, 456, t2=t1+(1, 6))	1	226
(3891, 15, 2269, t1) -> (2269, 15, 2269, t2=t1+(1, 5))	1	227
(1089, 21, 4341, t1) -> (4341, 21, 1089, t2=t1+(1, 4))	1	228
(1936, 48, 2328, t1) -> (2328, 48, 1936, t2=t1+(1, 4))	1	229
(1404, 100, 795, t1) -> (1404, 100, 795, t2=t1+(1, 6))	1	230
(2524, 159, 2845, t1) -> (2845, 159, 2845, t2=t1+(1, 5))	1	231
(1409, 79, 2685, t1) -> (1409, 79, 1409, t2=t1+(1, 6))	1	232
(4514, 193, 4818, t1) -> (4818, 193, 4514, t2=t1+(1, 5))	1	233
(4930, 84, 3057, t1) -> (3057, 84, 4930, t2=t1+(1, 1))	1	234
(2241, 100, 4818, t1) -> (2241, 100, 2241, t2=t1+(1, 6))	1	235
(1509, 106, 1053, t1) -> (1053, 106, 1053, t2=t1+(1, 6))	1	236
(1996, 38, 2822, t1) -> (1996, 38, 1996, t2=t1+(1, 6))	1	237
(4983, 136, 2080, t1) -> (4983, 136, 4983, t2=t1+(1, 5))	1	238
(2247, 128, 165, t1) -> (2247, 128, 165, t2=t1+(1, 4))	1	239
(587, 111, 3893, t1) -> (587, 111, 587, t2=t1+(1, 7))	1	240
(1374, 64, 3585, t1) -> (3585, 64, 1374, t2=t1+(1, 8))	1	241
(3500, 101, 2026, t1) -> (3500, 101, 2026, t2=t1+(1, 6))	1	242
(114, 78, 2050, t1) -> (114, 78, 114, t2=t1+(1, 4))	1	243
(4134, 134, 3630, t1) -> (4134, 134, 4134, t2=t1+(1, 5))	1	244
(2754, 175, 1649, t1) -> (2754, 175, 1649, t2=t1+(1, 6))	1	245
(4267, 45, 671, t1) -> (4267, 45, 4267, t2=t1+(1, 7))	1	246
(3874, 68, 2769, t1) -> (2769, 68, 2769, t2=t1+(1, 4))	1	247
(1765, 67, 4692, t1) -> (4692, 67, 4692, t2=t1+(1, 4))	1	248
(4884, 176, 3239, t1) -> (4884, 176, 3239, t2=t1+(1, 7))	1	249
(1819, 192, 1818, t1) -> (1819, 192, 1818, t2=t1+(1, 9))	1	250
(4813, 107, 3396, t1) -> (3396, 107, 3396, t2=t1+(1, 6))	1	251
(1789, 133, 4244, t1) -> (1789, 133, 1789, t2=t1+(1, 3))	1	252
(3103, 135, 1092, t1) -> (1092, 135, 3103, t2=t1+(1, 4))	1	253
(4084, 13, 816, t1) -> (4084, 13, 4084, t2=t1+(1, 3))	1	254
(2503, 23, 4023, t1) -> (2503, 23, 2503, t2=t1+(1, 6))	1	255
(1579, 91, 4715, t1) -> (4715, 91, 4715, t2=t1+(1, 3))	1	256
(2806, 57, 3454, t1) -> (3454, 57, 3454, t2=t1+(1, 5))	1	257
(4290, 153, 3636, t1) -> (3636, 153, 4290, t2=t1+(1, 3))	1	258
(4943, 165, 964, t1) -> (4943, 165, 4943, t2=t1+(1, 5))	1	259
(1645, 51, 727, t1) -> (727, 51, 1645, t2=t1+(1, 5))	1	260
(1374, 21, 4026, t1) -> (1374, 21, 1374, t2=t1+(1, 7))	1	261
(4727, 123, 46, t1) -> (4727, 123, 4727, t2=t1+(1, 5))	1	262
(2071, 46, 4572, t1) -> (2071, 46, 4572, t2=t1+(1, 10))	1	263
(903, 171, 2644, t1) -> (903, 171, 2644, t2=t1+(1, 5))	1	264
(1931, 75, 1387, t1) -> (1387, 75, 1931, t2=t1+(1, 4))	1	265
(1197, 170, 1740, t1) -> (1197, 170, 1197, t2=t1+(1, 6))	1	266
(2403, 112, 2941, t1) -> (2403, 112, 2403, t2=t1+(1, 1))	1	267
(1095, 106, 2415, t1) -> (2415, 106, 2415, t2=t1+(1, 2))	1	268
(987, 17, 2667, t1) -> (2667, 17, 2667, t2=t1+(1, 2))	1	269
(891, 121, 3505, t1) -> (3505, 121, 3505, t2=t1+(1, 5))	1	270
(2863, 73, 4410, t1) -> (2863, 73, 4410, t2=t1+(1, 4))	1	271
(3385, 92, 717, t1) -> (3385, 92, 3385, t2=t1+(1, 6))	1	272
(4117, 118, 2834, t1) -> (2834, 118, 2834, t2=t1+(1, 8))	1	273
(2178, 122, 1189, t1) -> (1189, 122, 1189, t2=t1+(1, 12))	1	274
(3949, 81, 773, t1) -> (3949, 81, 3949, t2=t1+(1, 7))	1	275
(1482, 198, 2295, t1) -> (2295, 198, 2295, t2=t1+(1, 6))	1	276
(4826, 84, 745, t1) -> (745, 84, 4826, t2=t1+(1, 6))	1	277
(232, 158, 4486, t1) -> (232, 158, 232, t2=t1+(1, 5))	1	278
(700, 145, 1483, t1) -> (1483, 145, 1483, t2=t1+(1, 7))	1	279
(189, 146, 4434, t1) -> (4434, 146, 4434, t2=t1+(1, 5))	1	280
(1626, 73, 1519, t1) -> (1519, 73, 1519, t2=t1+(1, 6))	1	281
(3177, 88, 1645, t1) -> (3177, 88, 3177, t2=t1+(1, 3))	1	282
(579, 120, 2164, t1) -> (2164, 120, 2164, t2=t1+(1, 5))	1	283
(2552, 40, 4213, t1) -> (4213, 40, 2552, t2=t1+(1, 2))	1	284
(3368, 17, 4624, t1) -> (3368, 17, 4624, t2=t1+(1, 4))	1	285
(3547, 32, 2857, t1) -> (3547, 32, 3547, t2=t1+(1, 5))	1	286
(2438, 169, 3878, t1) -> (3878, 169, 2438, t2=t1+(1, 2))	1	287
(805, 161, 3018, t1) -> (805, 161, 3018, t2=t1+(1, 5))	1	288
(2125, 155, 3707, t1) -> (2125, 155, 3707, t2=t1+(1, 6))	1	289
(14, 115, 880, t1) -> (14, 115, 880, t2=t1+(1, 2))	1	290
(2226, 173, 1863, t1) -> (2226, 173, 1863, t2=t1+(1, 5))	1	291
(4436, 103, 4239, t1) -> (4436, 103, 4239, t2=t1+(1, 2))	1	292
(4455, 42, 1880, t1) -> (4455, 42, 1880, t2=t1+(1, 2))	1	293
(4566, 55, 3561, t1) -> (3561, 55, 4566, t2=t1+(1, 6))	1	294
(3023, 127, 2048, t1) -> (2048, 127, 2048, t2=t1+(1, 2))	1	295
(3796, 33, 4994, t1) -> (3796, 33, 4994, t2=t1+(1, 5))	1	296
(826, 69, 4727, t1) -> (4727, 69, 4727, t2=t1+(1, 6))	1	297
(659, 104, 862, t1) -> (659, 104, 659, t2=t1+(1, 5))	1	298
(1392, 16, 401, t1) -> (401, 16, 401, t2=t1+(1, 3))	1	299
(1590, 122, 4812, t1) -> (4812, 122, 4812, t2=t1+(1, 6))	1	300
(1399, 40, 3982, t1) -> (3982, 40, 1399, t2=t1+(1, 8))	1	301
(3346, 88, 890, t1) -> (890, 88, 3346, t2=t1+(1, 4))	1	302
(1886, 168, 4697, t1) -> (1886, 168, 4697, t2=t1+(1, 4))	1	303
(291, 18, 2141, t1) -> (2141, 18, 2141, t2=t1+(1, 6))	1	304
(2664, 25, 4588, t1) -> (4588, 25, 4588, t2=t1+(1, 6))	1	305
(2929, 32, 397, t1) -> (2929, 32, 397, t2=t1+(1, 6))	1	306
(3299, 43, 1053, t1) -> (3299, 43, 3299, t2=t1+(1, 5))	1	307
(1279, 156, 968, t1) -> (1279, 156, 968, t2=t1+(1, 6))	1	308
(382, 188, 3197, t1) -> (382, 188, 3197, t2=t1+(1, 8))	1	309
(4554, 131, 274, t1) -> (274, 131, 274, t2=t1+(1, 3))	1	310
(1660, 193, 103, t1) -> (1660, 193, 1660, t2=t1+(1, 4))	1	311
(2665, 194, 3054, t1) -> (2665, 194, 3054, t2=t1+(1, 2))	1	312
(3292, 110, 2710, t1) -> (2710, 110, 3292, t2=t1+(1, 4))	1	313
(3481, 164, 501, t1) -> (3481, 164, 501, t2=t1+(1, 5))	1	314
(2441, 85, 4022, t1) -> (4022, 85, 2441, t2=t1+(1, 2))	1	315
(993, 114, 1907, t1) -> (1907, 114, 1907, t2=t1+(1, 3))	1	316
(2168, 163, 2580, t1) -> (2168, 163, 2168, t2=t1+(1, 4))	1	317
(837, 79, 4989, t1) -> (4989, 79, 4989, t2=t1+(1, 8))	1	318
(4049, 69, 4816, t1) -> (4049, 69, 4816, t2=t1+(1, 3))	1	319
(4867, 30, 4581, t1) -> (4867, 30, 4867, t2=t1+(1, 3))	1	320
(1427, 44, 4858, t1) -> (1427, 44, 4858, t2=t1+(1, 3))	1	321
(1163, 90, 1573, t1) -> (1573, 90, 1573, t2=t1+(1, 5))	1	322
(4769, 108, 4386, t1) -> (4769, 108, 4769, t2=t1+(1, 4))	1	323
(222, 189, 2602, t1) -> (2602, 189, 222, t2=t1+(1, 8))	1	324
(4635, 80, 573, t1) -> (4635, 80, 4635, t2=t1+(1, 7))	1	325
(3795, 95, 2515, t1) -> (3795, 95, 3795, t2=t1+(1, 5))	1	326
(1761, 27, 3052, t1) -> (3052, 27, 3052, t2=t1+(1, 5))	1	327
(480, 155, 2482, t1) -> (480, 155, 480, t2=t1+(1, 7))	1	328
(305, 153, 201, t1) -> (201, 153, 305, t2=t1+(1, 4))	1	329
(1738, 100, 4863, t1) -> (1738, 100, 1738, t2=t1+(1, 1))	1	330
(2669, 164, 717, t1) -> (2669, 164, 717, t2=t1+(1, 7))	1	331
(2222, 121, 3075, t1) -> (2222, 121, 3075, t2=t1+(1, 5))	1	332
(1345, 104, 876, t1) -> (1345, 104, 1345, t2=t1+(1, 6))	1	333
(2983, 156, 4580, t1) -> (4580, 156, 2983, t2=t1+(1, 4))	1	334
(4848, 114, 1024, t1) -> (4848, 114, 4848, t2=t1+(1, 4))	1	335
(3268, 69, 1007, t1) -> (3268, 69, 3268, t2=t1+(1, 5))	1	336
(572, 143, 3863, t1) -> (3863, 143, 572, t2=t1+(1, 7))	1	337
(3724, 99, 2245, t1) -> (3724, 99, 3724, t2=t1+(1, 5))	1	338
(4236, 194, 3680, t1) -> (4236, 194, 3680, t2=t1+(1, 7))	1	339
(3905, 31, 3980, t1) -> (3905, 31, 3980, t2=t1+(1, 7))	1	340
(4494, 22, 3098, t1) -> (4494, 22, 3098, t2=t1+(1, 5))	1	341
(19, 90, 4477, t1) -> (4477, 90, 4477, t2=t1+(1, 6))	1	342
(4585, 39, 437, t1) -> (4585, 39, 4585, t2=t1+(1, 3))	1	343
(1148, 81, 3530, t1) -> (3530, 81, 1148, t2=t1+(1, 6))	1	344
(4203, 103, 1507, t1) -> (4203, 103, 4203, t2=t1+(1, 7))	1	345
(1257, 162, 4668, t1) -> (1257, 162, 1257, t2=t1+(1, 1))	1	346
(786, 169, 4570, t1) -> (4570, 169, 4570, t2=t1+(1, 6))	1	347
(3592, 142, 831, t1) -> (831, 142, 3592, t2=t1+(1, 6))	1	348
(3759, 65, 4715, t1) -> (4715, 65, 4715, t2=t1+(1, 7))	1	349
(3551, 96, 4036, t1) -> (4036, 96, 4036, t2=t1+(1, 4))	1	350
(2443, 156, 2741, t1) -> (2741, 156, 2741, t2=t1+(1, 5))	1	351
(655, 154, 2052, t1) -> (2052, 154, 655, t2=t1+(1, 8))	1	352
(4328, 125, 2101, t1) -> (2101, 125, 4328, t2=t1+(1, 4))	1	353
(3252, 86, 2728, t1) -> (2728, 86, 3252, t2=t1+(1, 4))	1	354
(214, 23, 3615, t1) -> (214, 23, 3615, t2=t1+(1, 7))	1	355
(149, 198, 3952, t1) -> (149, 198, 3952, t2=t1+(1, 4))	1	356
(3236, 0, 2030, t1) -> (3236, 0, 2030, t2=t1+(1, 6))	1	357
(4095, 178, 2851, t1) -> (2851, 178, 4095, t2=t1+(1, 5))	1	358
(1977, 40, 522, t1) -> (522, 40, 1977, t2=t1+(1, 2))	1	359
(2759, 27, 1843, t1) -> (2759, 27, 1843, t2=t1+(1, 4))	1	360
(122, 103, 1213, t1) -> (122, 103, 1213, t2=t1+(1, 4))	1	361
(1653, 143, 1600, t1) -> (1653, 143, 1600, t2=t1+(1, 6))	1	362
(3509, 22, 4190, t1) -> (3509, 22, 3509, t2=t1+(1, 6))	1	363
(1403, 81, 1459, t1) -> (1459, 81, 1459, t2=t1+(1, 4))	1	364
(4444, 0, 4884, t1) -> (4884, 0, 4444, t2=t1+(1, 2))	1	365
(3221, 93, 489, t1) -> (489, 93, 489, t2=t1+(1, 5))	1	366
(3986, 15, 2903, t1) -> (2903, 15, 2903, t2=t1+(1, 5))	1	367
(3789, 172, 211, t1) -> (3789, 172, 3789, t2=t1+(1, 4))	1	368
(1528, 8, 3399, t1) -> (1528, 8, 1528, t2=t1+(1, 6))	1	369
(464, 61, 4241, t1) -> (4241, 61, 464, t2=t1+(1, 6))	1	370
(3205, 134, 4314, t1) -> (4314, 134, 4314, t2=t1+(1, 9))	1	371
(1527, 106, 2344, t1) -> (2344, 106, 2344, t2=t1+(1, 8))	1	372
(274, 136, 718, t1) -> (274, 136, 718, t2=t1+(1, 2))	1	373
(1116, 119, 2608, t1) -> (2608, 119, 1116, t2=t1+(1, 6))	1	374
(4230, 79, 2917, t1) -> (4230, 79, 2917, t2=t1+(1, 3))	1	375
(2289, 55, 895, t1) -> (895, 55, 2289, t2=t1+(1, 7))	1	376
(1752, 173, 4954, t1) -> (1752, 173, 1752, t2=t1+(1, 5))	1	377
(905, 89, 577, t1) -> (905, 89, 577, t2=t1+(1, 4))	1	378
(2611, 71, 4492, t1) -> (4492, 71, 4492, t2=t1+(1, 4))	1	379
(3422, 197, 448, t1) -> (3422, 197, 448, t2=t1+(1, 6))	1	380
(2266, 194, 4289, t1) -> (4289, 194, 2266, t2=t1+(1, 5))	1	381
(4805, 86, 4896, t1) -> (4896, 86, 4896, t2=t1+(1, 5))	1	382
(1913, 90, 4434, t1) -> (1913, 90, 4434, t2=t1+(1, 7))	1	383
(3535, 161, 2456, t1) -> (3535, 161, 3535, t2=t1+(1, 6))	1	384
(931, 76, 3500, t1) -> (3500, 76, 3500, t2=t1+(1, 8))	1	385
(2358, 21, 4054, t1) -> (4054, 21, 4054, t2=t1+(1, 3))	1	386
(1246, 47, 1971, t1) -> (1246, 47, 1246, t2=t1+(1, 6))	1	387
(4206, 175, 4288, t1) -> (4206, 175, 4288, t2=t1+(1, 3))	1	388
(313, 166, 218, t1) -> (313, 166, 218, t2=t1+(1, 7))	1	389
(340, 33, 3346, t1) -> (3346, 33, 340, t2=t1+(1, 5))	1	390
(3953, 168, 108, t1) -> (3953, 168, 3953, t2=t1+(1, 9))	1	391
(2690, 13, 2705, t1) -> (2705, 13, 2690, t2=t1+(1, 8))	1	392
(1314, 116, 2408, t1) -> (1314, 116, 2408, t2=t1+(1, 6))	1	393
(835, 94, 2597, t1) -> (2597, 94, 2597, t2=t1+(1, 3))	1	394
(1575, 192, 637, t1) -> (637, 192, 637, t2=t1+(1, 5))	1	395
(4873, 137, 1807, t1) -> (1807, 137, 4873, t2=t1+(1, 5))	1	396
(2774, 112, 4180, t1) -> (2774, 112, 2774, t2=t1+(1, 8))	1	397
(2554, 165, 4997, t1) -> (4997, 165, 2554, t2=t1+(1, 3))	1	398
(4936, 62, 443, t1) -> (4936, 62, 4936, t2=t1+(1, 7))	1	399
(4984, 59, 2844, t1) -> (4984, 59, 2844, t2=t1+(1, 8))	1	400
(402, 140, 3857, t1) -> (3857, 140, 3857, t2=t1+(1, 6))	1	401
(2051, 40, 4128, t1) -> (2051, 40, 2051, t2=t1+(1, 4))	1	402
(2591, 31, 3404, t1) -> (3404, 31, 2591, t2=t1+(1, 3))	1	403
(1093, 173, 3971, t1) -> (1093, 173, 1093, t2=t1+(1, 4))	1	404
(2907, 199, 4284, t1) -> (2907, 199, 4284, t2=t1+(1, 5))	1	405
(4982, 109, 3892, t1) -> (3892, 109, 3892, t2=t1+(1, 3))	1	406
(1665, 161, 925, t1) -> (1665, 161, 925, t2=t1+(1, 6))	1	407
(213, 27, 2000, t1) -> (213, 27, 213, t2=t1+(1, 4))	1	408
(1173, 74, 4707, t1) -> (1173, 74, 4707, t2=t1+(1, 3))	1	409
(3326, 172, 4776, t1) -> (3326, 172, 3326, t2=t1+(1, 6))	1	410
(1986, 55, 2850, t1) -> (2850, 55, 1986, t2=t1+(1, 7))	1	411
(383, 33, 448, t1) -> (448, 33, 448, t2=t1+(1, 8))	1	412
(3334, 38, 2553, t1) -> (3334, 38, 3334, t2=t1+(1, 5))	1	413
(4562, 183, 3570, t1) -> (4562, 183, 3570, t2=t1+(1, 7))	1	414
(2365, 59, 4618, t1) -> (4618, 59, 4618, t2=t1+(1, 5))	1	415
(2498, 30, 4584, t1) -> (4584, 30, 4584, t2=t1+(1, 6))	1	416
(4961, 86, 2483, t1) -> (2483, 86, 4961, t2=t1+(1, 3))	1	417
(1083, 153, 1500, t1) -> (1083, 153, 1500, t2=t1+(1, 4))	1	418
(4533, 170, 1614, t1) -> (4533, 170, 4533, t2=t1+(1, 7))	1	419
(4707, 152, 1697, t1) -> (1697, 152, 4707, t2=t1+(1, 2))	1	420
(4167, 196, 187, t1) -> (4167, 196, 4167, t2=t1+(1, 6))	1	421
(4797, 133, 917, t1) -> (4797, 133, 4797, t2=t1+(1, 7))	1	422
(4245, 26, 1753, t1) -> (1753, 26, 1753, t2=t1+(1, 2))	1	423
(1328, 90, 1569, t1) -> (1569, 90, 1569, t2=t1+(1, 5))	1	424
(1237, 40, 2601, t1) -> (2601, 40, 2601, t2=t1+(1, 4))	1	425
(2589, 46, 4398, t1) -> (2589, 46, 4398, t2=t1+(1, 5))	1	426
(339, 54, 1125, t1) -> (1125, 54, 339, t2=t1+(1, 1))	1	427
(1253, 69, 264, t1) -> (1253, 69, 1253, t2=t1+(1, 4))	1	428
(3077, 194, 1597, t1) -> (3077, 194, 1597, t2=t1+(1, 13))	1	429
(720, 194, 4927, t1) -> (4927, 194, 720, t2=t1+(1, 3))	1	430
(2513, 183, 1239, t1) -> (2513, 183, 1239, t2=t1+(1, 7))	1	431
(2562, 122, 627, t1) -> (627, 122, 2562, t2=t1+(1, 5))	1	432
(651, 45, 3985, t1) -> (651, 45, 651, t2=t1+(1, 1))	1	433
(2760, 18, 4063, t1) -> (2760, 18, 4063, t2=t1+(1, 5))	1	434
(1797, 84, 1295, t1) -> (1295, 84, 1797, t2=t1+(1, 3))	1	435
(3985, 13, 3500, t1) -> (3985, 13, 3500, t2=t1+(1, 6))	1	436
(472, 152, 4720, t1) -> (472, 152, 4720, t2=t1+(1, 3))	1	437
(1293, 167, 4664, t1) -> (4664, 167, 1293, t2=t1+(1, 5))	1	438
(1233, 88, 1720, t1) -> (1720, 88, 1233, t2=t1+(1, 4))	1	439
(3887, 176, 1128, t1) -> (1128, 176, 1128, t2=t1+(1, 3))	1	440
(3661, 110, 1126, t1) -> (3661, 110, 3661, t2=t1+(1, 6))	1	441
(1500, 112, 61, t1) -> (61, 112, 61, t2=t1+(1, 4))	1	442
(4648, 122, 4529, t1) -> (4529, 122, 4648, t2=t1+(1, 8))	1	443
(901, 144, 4691, t1) -> (901, 144, 901, t2=t1+(1, 3))	1	444
(995, 69, 50, t1) -> (995, 69, 995, t2=t1+(1, 4))	1	445
(478, 111, 573, t1) -> (573, 111, 478, t2=t1+(1, 9))	1	446
(1263, 100, 2964, t1) -> (2964, 100, 1263, t2=t1+(1, 5))	1	447
(4419, 101, 63, t1) -> (4419, 101, 63, t2=t1+(1, 4))	1	448
(3174, 192, 4379, t1) -> (3174, 192, 3174, t2=t1+(1, 4))	1	449
(4182, 71, 4081, t1) -> (4182, 71, 4182, t2=t1+(1, 7))	1	450
(4671, 123, 4039, t1) -> (4039, 123, 4671, t2=t1+(1, 6))	1	451
(3371, 4, 3989, t1) -> (3371, 4, 3989, t2=t1+(1, 5))	1	452
(3939, 108, 1646, t1) -> (1646, 108, 1646, t2=t1+(1, 5))	1	453
(4907, 132, 4648, t1) -> (4907, 132, 4907, t2=t1+(1, 7))	1	454
(2025, 180, 2722, t1) -> (2025, 180, 2025, t2=t1+(1, 4))	1	455
(1777, 134, 3307, t1) -> (3307, 134, 3307, t2=t1+(1, 2))	1	456
(4346, 181, 4117, t1) -> (4117, 181, 4117, t2=t1+(1, 4))	1	457
(4243, 112, 2717, t1) -> (2717, 112, 2717, t2=t1+(1, 4))	1	458
(1477, 124, 2164, t1) -> (2164, 124, 1477, t2=t1+(1, 1))	1	459
(2312, 7, 3848, t1) -> (3848, 7, 3848, t2=t1+(1, 2))	1	460
(2280, 53, 388, t1) -> (388, 53, 388, t2=t1+(1, 3))	1	461
(152, 81, 2736, t1) -> (152, 81, 152, t2=t1+(1, 4))	1	462
(115, 193, 1055, t1) -> (1055, 193, 115, t2=t1+(1, 8))	1	463
(3039, 111, 845, t1) -> (845, 111, 845, t2=t1+(1, 4))	1	464
(1468, 146, 2570, t1) -> (1468, 146, 2570, t2=t1+(1, 14))	1	465
(3303, 55, 4012, t1) -> (4012, 55, 3303, t2=t1+(1, 3))	1	466
(1312, 51, 488, t1) -> (488, 51, 1312, t2=t1+(1, 8))	1	467
(417, 148, 4566, t1) -> (417, 148, 4566, t2=t1+(1, 6))	1	468
(2182, 34, 365, t1) -> (2182, 34, 365, t2=t1+(1, 5))	1	469
(2462, 39, 3299, t1) -> (2462, 39, 2462, t2=t1+(1, 6))	1	470
(4935, 174, 2163, t1) -> (4935, 174, 2163, t2=t1+(1, 1))	1	471
(958, 71, 2566, t1) -> (958, 71, 2566, t2=t1+(1, 2))	1	472
(1813, 122, 1502, t1) -> (1502, 122, 1502, t2=t1+(1, 8))	1	473
(1722, 72, 2369, t1) -> (1722, 72, 2369, t2=t1+(1, 6))	1	474
(314, 182, 2903, t1) -> (2903, 182, 314, t2=t1+(1, 6))	1	475
(3053, 181, 2539, t1) -> (3053, 181, 3053, t2=t1+(1, 5))	1	476
(993, 116, 3545, t1) -> (993, 116, 993, t2=t1+(1, 7))	1	477
(3798, 102, 4960, t1) -> (3798, 102, 3798, t2=t1+(1, 1))	1	478
(112, 166, 403, t1) -> (112, 166, 403, t2=t1+(1, 6))	1	479
(627, 78, 2421, t1) -> (627, 78, 627, t2=t1+(1, 9))	1	480
(1510, 113, 3822, t1) -> (3822, 113, 1510, t2=t1+(1, 7))	1	481
(3344, 153, 356, t1) -> (356, 153, 3344, t2=t1+(1, 1))	1	482
(2933, 131, 3497, t1) -> (2933, 131, 2933, t2=t1+(1, 4))	1	483
(4550, 166, 2150, t1) -> (4550, 166, 4550, t2=t1+(1, 5))	1	484
(307, 71, 1117, t1) -> (1117, 71, 307, t2=t1+(1, 4))	1	485
(1614, 54, 4489, t1) -> (1614, 54, 4489, t2=t1+(1, 5))	1	486
(3743, 75, 3852, t1) -> (3852, 75, 3743, t2=t1+(1, 10))	1	487
(3762, 173, 3674, t1) -> (3762, 173, 3762, t2=t1+(1, 5))	1	488
(1743, 152, 674, t1) -> (1743, 152, 1743, t2=t1+(1, 3))	1	489
(4062, 48, 2924, t1) -> (4062, 48, 4062, t2=t1+(1, 2))	1	490
(4346, 162, 4954, t1) -> (4954, 162, 4954, t2=t1+(1, 4))	1	491
(193, 169, 3488, t1) -> (3488, 169, 3488, t2=t1+(1, 5))	1	492
(543, 80, 416, t1) -> (543, 80, 416, t2=t1+(1, 4))	1	493
(4810, 77, 4895, t1) -> (4895, 77, 4810, t2=t1+(1, 2))	1	494
(4129, 32, 2816, t1) -> (2816, 32, 4129, t2=t1+(1, 5))	1	495
(2674, 148, 2613, t1) -> (2674, 148, 2674, t2=t1+(1, 5))	1	496
(4825, 159, 4274, t1) -> (4825, 159, 4825, t2=t1+(1, 4))	1	497
(4012, 133, 3178, t1) -> (4012, 133, 3178, t2=t1+(1, 7))	1	498
(1050, 64, 3807, t1) -> (1050, 64, 3807, t2=t1+(1, 7))	1	499
(2852, 57, 3581, t1) -> (3581, 57, 3581, t2=t1+(1, 5))	1	500
(4260, 163, 1128, t1) -> (1128, 163, 4260, t2=t1+(1, 4))	1	501
(663, 82, 3769, t1) -> (3769, 82, 3769, t2=t1+(1, 8))	1	502
(1467, 188, 4315, t1) -> (4315, 188, 1467, t2=t1+(1, 6))	1	503
(3180, 59, 2191, t1) -> (3180, 59, 2191, t2=t1+(1, 3))	1	504
(4341, 1, 1693, t1) -> (4341, 1, 4341, t2=t1+(1, 1))	1	505
(431, 95, 1447, t1) -> (1447, 95, 1447, t2=t1+(1, 4))	1	506
(4510, 52, 4381, t1) -> (4381, 52, 4510, t2=t1+(1, 5))	1	507
(3013, 135, 3473, t1) -> (3473, 135, 3013, t2=t1+(1, 6))	1	508
(352, 67, 2679, t1) -> (2679, 67, 352, t2=t1+(1, 2))	1	509
(2378, 90, 1932, t1) -> (1932, 90, 1932, t2=t1+(1, 6))	1	510
(2769, 139, 2920, t1) -> (2769, 139, 2920, t2=t1+(1, 5))	1	511
(4467, 175, 3673, t1) -> (3673, 175, 4467, t2=t1+(1, 6))	1	512
(2751, 171, 3013, t1) -> (2751, 171, 3013, t2=t1+(1, 9))	1	513
(2000, 64, 4839, t1) -> (4839, 64, 4839, t2=t1+(1, 5))	1	514
(3046, 182, 4279, t1) -> (3046, 182, 4279, t2=t1+(1, 4))	1	515
(3204, 82, 3891, t1) -> (3204, 82, 3204, t2=t1+(1, 5))	1	516
(1627, 31, 3243, t1) -> (1627, 31, 1627, t2=t1+(1, 3))	1	517
(2138, 136, 1825, t1) -> (2138, 136, 2138, t2=t1+(1, 6))	1	518
(201, 5, 2484, t1) -> (201, 5, 2484, t2=t1+(1, 4))	1	519
(1376, 77, 1058, t1) -> (1376, 77, 1376, t2=t1+(1, 5))	1	520
(2072, 78, 2692, t1) -> (2692, 78, 2692, t2=t1+(1, 4))	1	521
(4994, 89, 4289, t1) -> (4994, 89, 4994, t2=t1+(1, 7))	1	522
(1105, 70, 229, t1) -> (1105, 70, 229, t2=t1+(1, 11))	1	523
(2088, 118, 2783, t1) -> (2088, 118, 2088, t2=t1+(1, 4))	1	524
