(2540, 109, 2279, t1) & (723, 188, 669, t2=t1+(0, 7)) & (669, 164, 2540, t3=t2+(0, 7)) -> (2540, 164, 669, t4=t3+(1, 3))	3	0
(1437, 55, 4925, t1) & (3069, 54, 2402, t2=t1+(0, 5)) & (1437, 43, 3069, t3=t2+(0, 6)) -> (3069, 55, 3069, t4=t3+(1, 7))	3	1
(1021, 144, 3405, t1) & (550, 175, 2979, t2=t1+(0, 5)) & (3405, 25, 2979, t3=t2+(0, 2)) -> (2979, 144, 1021, t4=t3+(1, 6))	3	2
(779, 47, 3530, t1) & (1194, 166, 4126, t2=t1+(0, 2)) & (1194, 141, 779, t3=t2+(0, 4)) -> (1194, 166, 1194, t4=t3+(1, 6))	3	3
(4307, 40, 1316, t1) & (1771, 86, 3541, t2=t1+(0, 5)) & (3541, 91, 4307, t3=t2+(0, 5)) -> (4307, 86, 3541, t4=t3+(1, 4))	3	4
(4009, 33, 2785, t1) & (194, 138, 276, t2=t1+(0, 1)) & (2785, 5, 276, t3=t2+(0, 9)) -> (2785, 5, 194, t4=t3+(1, 2))	3	5
(1050, 49, 1978, t1) & (920, 174, 313, t2=t1+(0, 8)) & (1050, 111, 313, t3=t2+(0, 1)) -> (1050, 111, 1978, t4=t3+(1, 3))	3	6
(4623, 9, 2747, t1) & (3292, 174, 3740, t2=t1+(0, 6)) & (2747, 50, 3740, t3=t2+(0, 4)) -> (2747, 50, 4623, t4=t3+(1, 3))	3	7
(1254, 102, 2086, t1) & (2218, 2, 692, t2=t1+(0, 3)) & (692, 35, 2086, t3=t2+(0, 3)) -> (692, 35, 692, t4=t3+(1, 4))	3	8
(4993, 11, 1633, t1) & (1879, 189, 54, t2=t1+(0, 5)) & (1879, 74, 1633, t3=t2+(0, 12)) -> (1879, 189, 1879, t4=t3+(1, 4))	3	9
(1003, 96, 4745, t1) & (2864, 62, 3735, t2=t1+(0, 5)) & (2864, 52, 4745, t3=t2+(0, 7)) -> (4745, 52, 2864, t4=t3+(1, 3))	3	10
(3758, 63, 2021, t1) & (4574, 149, 547, t2=t1+(0, 7)) & (2021, 93, 547, t3=t2+(0, 6)) -> (3758, 149, 2021, t4=t3+(1, 5))	3	11
(3372, 49, 2044, t1) & (3651, 138, 4356, t2=t1+(0, 1)) & (3651, 112, 3372, t3=t2+(0, 5)) -> (4356, 138, 3651, t4=t3+(1, 6))	3	12
(4885, 181, 4145, t1) & (2124, 172, 4037, t2=t1+(0, 5)) & (4885, 121, 2124, t3=t2+(0, 2)) -> (2124, 181, 4037, t4=t3+(1, 7))	3	13
(3500, 120, 4195, t1) & (1170, 129, 2827, t2=t1+(0, 6)) & (4195, 168, 1170, t3=t2+(0, 1)) -> (4195, 129, 4195, t4=t3+(1, 5))	3	14
(2190, 172, 312, t1) & (4013, 92, 2718, t2=t1+(0, 4)) & (2718, 56, 312, t3=t2+(0, 4)) -> (4013, 92, 312, t4=t3+(1, 3))	3	15
(142, 190, 3407, t1) & (3772, 31, 3274, t2=t1+(0, 5)) & (142, 24, 3772, t3=t2+(0, 2)) -> (142, 31, 3772, t4=t3+(1, 4))	3	16
(2769, 49, 2822, t1) & (730, 35, 3031, t2=t1+(0, 4)) & (2769, 7, 3031, t3=t2+(0, 4)) -> (2769, 35, 3031, t4=t3+(1, 5))	3	17
(4459, 14, 2891, t1) & (1820, 61, 2806, t2=t1+(0, 3)) & (4459, 99, 1820, t3=t2+(0, 4)) -> (2891, 61, 4459, t4=t3+(1, 4))	3	18
(2494, 159, 4903, t1) & (1082, 96, 1186, t2=t1+(0, 5)) & (1082, 56, 4903, t3=t2+(0, 6)) -> (2494, 159, 4903, t4=t3+(1, 4))	3	19
(105, 55, 1730, t1) & (1968, 168, 2644, t2=t1+(0, 6)) & (1730, 29, 2644, t3=t2+(0, 5)) -> (2644, 29, 1730, t4=t3+(1, 6))	3	20
(4521, 36, 1146, t1) & (525, 2, 2089, t2=t1+(0, 10)) & (2089, 95, 4521, t3=t2+(0, 3)) -> (4521, 95, 525, t4=t3+(1, 4))	3	21
(3498, 75, 96, t1) & (2646, 79, 3653, t2=t1+(0, 5)) & (3653, 199, 3498, t3=t2+(0, 4)) -> (96, 199, 3498, t4=t3+(1, 6))	3	22
(359, 111, 491, t1) & (2721, 106, 3452, t2=t1+(0, 6)) & (3452, 139, 491, t3=t2+(0, 3)) -> (2721, 111, 491, t4=t3+(1, 6))	3	23
(3021, 45, 4400, t1) & (4696, 139, 1616, t2=t1+(0, 1)) & (4400, 117, 1616, t3=t2+(0, 5)) -> (3021, 139, 4400, t4=t3+(1, 3))	3	24
(1130, 151, 2910, t1) & (2055, 35, 331, t2=t1+(0, 4)) & (331, 149, 2910, t3=t2+(0, 2)) -> (331, 149, 331, t4=t3+(1, 4))	3	25
(4490, 196, 2476, t1) & (2818, 173, 491, t2=t1+(0, 1)) & (2476, 13, 2818, t3=t2+(0, 2)) -> (2476, 13, 2476, t4=t3+(1, 3))	3	26
(2184, 141, 1574, t1) & (530, 174, 1462, t2=t1+(0, 2)) & (2184, 114, 1462, t3=t2+(0, 6)) -> (1574, 174, 1462, t4=t3+(1, 6))	3	27
(3548, 36, 3828, t1) & (4463, 82, 4148, t2=t1+(0, 2)) & (4463, 108, 3548, t3=t2+(0, 4)) -> (3828, 82, 4463, t4=t3+(1, 5))	3	28
(4305, 36, 4256, t1) & (805, 76, 899, t2=t1+(0, 3)) & (899, 164, 4305, t3=t2+(0, 2)) -> (899, 76, 4305, t4=t3+(1, 2))	3	29
(1459, 165, 2148, t1) & (36, 68, 1172, t2=t1+(0, 3)) & (36, 183, 2148, t3=t2+(0, 4)) -> (2148, 183, 1172, t4=t3+(1, 2))	3	30
(3783, 11, 1810, t1) & (2758, 139, 1124, t2=t1+(0, 2)) & (2758, 39, 3783, t3=t2+(0, 6)) -> (2758, 11, 2758, t4=t3+(1, 4))	3	31
(3015, 47, 2016, t1) & (4820, 51, 361, t2=t1+(0, 9)) & (361, 28, 3015, t3=t2+(0, 6)) -> (361, 28, 2016, t4=t3+(1, 8))	3	32
(2359, 143, 552, t1) & (3113, 120, 120, t2=t1+(0, 4)) & (120, 30, 2359, t3=t2+(0, 9)) -> (2359, 143, 2359, t4=t3+(1, 3))	3	33
(1796, 121, 956, t1) & (371, 163, 3850, t2=t1+(0, 5)) & (1796, 51, 3850, t3=t2+(0, 2)) -> (1796, 51, 1796, t4=t3+(1, 4))	3	34
(1403, 116, 4342, t1) & (4192, 73, 718, t2=t1+(0, 5)) & (4342, 166, 718, t3=t2+(0, 1)) -> (718, 73, 718, t4=t3+(1, 6))	3	35
(1366, 93, 767, t1) & (2114, 92, 2708, t2=t1+(0, 6)) & (2708, 53, 767, t3=t2+(0, 8)) -> (767, 93, 2114, t4=t3+(1, 9))	3	36
(535, 195, 3703, t1) & (4328, 5, 617, t2=t1+(0, 3)) & (3703, 143, 617, t3=t2+(0, 5)) -> (617, 195, 617, t4=t3+(1, 4))	3	37
(1273, 97, 2746, t1) & (308, 50, 725, t2=t1+(0, 5)) & (2746, 130, 725, t3=t2+(0, 4)) -> (2746, 50, 2746, t4=t3+(1, 4))	3	38
(411, 29, 3079, t1) & (4162, 189, 806, t2=t1+(0, 3)) & (4162, 135, 3079, t3=t2+(0, 8)) -> (411, 189, 806, t4=t3+(1, 9))	3	39
(3142, 53, 2984, t1) & (4658, 145, 2743, t2=t1+(0, 5)) & (4658, 172, 2984, t3=t2+(0, 4)) -> (2743, 145, 4658, t4=t3+(1, 7))	3	40
(2313, 182, 4936, t1) & (636, 172, 2601, t2=t1+(0, 5)) & (636, 171, 2313, t3=t2+(0, 4)) -> (636, 172, 2313, t4=t3+(1, 7))	3	41
(325, 178, 3909, t1) & (2896, 51, 858, t2=t1+(0, 4)) & (325, 86, 2896, t3=t2+(0, 5)) -> (2896, 86, 3909, t4=t3+(1, 4))	3	42
(3665, 154, 2813, t1) & (69, 194, 4658, t2=t1+(0, 4)) & (4658, 161, 3665, t3=t2+(0, 4)) -> (69, 154, 2813, t4=t3+(1, 8))	3	43
(4376, 89, 856, t1) & (2550, 83, 4806, t2=t1+(0, 4)) & (4376, 43, 4806, t3=t2+(0, 7)) -> (2550, 89, 2550, t4=t3+(1, 4))	3	44
(4586, 68, 4492, t1) & (312, 130, 625, t2=t1+(0, 6)) & (312, 96, 4586, t3=t2+(0, 5)) -> (4586, 130, 4586, t4=t3+(1, 7))	3	45
(1515, 26, 2022, t1) & (2639, 2, 1505, t2=t1+(0, 3)) & (2022, 142, 2639, t3=t2+(0, 6)) -> (2639, 2, 2639, t4=t3+(1, 4))	3	46
(1983, 82, 2591, t1) & (4893, 165, 2109, t2=t1+(0, 5)) & (4893, 22, 2591, t3=t2+(0, 6)) -> (2109, 22, 4893, t4=t3+(1, 3))	3	47
(3057, 6, 3553, t1) & (2241, 103, 3136, t2=t1+(0, 9)) & (3136, 134, 3057, t3=t2+(0, 4)) -> (3553, 134, 3553, t4=t3+(1, 4))	3	48
(899, 160, 2470, t1) & (4427, 49, 2188, t2=t1+(0, 4)) & (2188, 97, 899, t3=t2+(0, 2)) -> (4427, 97, 899, t4=t3+(1, 6))	3	49
(4217, 180, 261, t1) & (3183, 72, 3037, t2=t1+(0, 6)) & (261, 29, 3037, t3=t2+(0, 8)) -> (3037, 180, 3037, t4=t3+(1, 5))	3	50
(3964, 68, 4125, t1) & (4370, 122, 4684, t2=t1+(0, 2)) & (4370, 163, 4125, t3=t2+(0, 4)) -> (4125, 68, 4125, t4=t3+(1, 6))	3	51
(4076, 11, 1427, t1) & (1828, 15, 4974, t2=t1+(0, 6)) & (1828, 139, 1427, t3=t2+(0, 4)) -> (1427, 15, 1427, t4=t3+(1, 3))	3	52
(260, 13, 3552, t1) & (3898, 54, 3568, t2=t1+(0, 3)) & (260, 19, 3898, t3=t2+(0, 7)) -> (260, 13, 260, t4=t3+(1, 4))	3	53
(1950, 73, 4416, t1) & (2918, 94, 1970, t2=t1+(0, 8)) & (1970, 135, 1950, t3=t2+(0, 3)) -> (1950, 135, 2918, t4=t3+(1, 8))	3	54
(3127, 10, 3106, t1) & (4190, 70, 4792, t2=t1+(0, 4)) & (3106, 19, 4792, t3=t2+(0, 6)) -> (4792, 19, 3106, t4=t3+(1, 3))	3	55
(2280, 168, 2248, t1) & (453, 55, 1363, t2=t1+(0, 1)) & (2280, 52, 1363, t3=t2+(0, 2)) -> (2280, 55, 453, t4=t3+(1, 5))	3	56
(2300, 181, 242, t1) & (4566, 177, 3019, t2=t1+(0, 8)) & (3019, 199, 2300, t3=t2+(0, 2)) -> (4566, 181, 3019, t4=t3+(1, 4))	3	57
(567, 123, 412, t1) & (3228, 180, 401, t2=t1+(0, 7)) & (567, 138, 401, t3=t2+(0, 7)) -> (567, 180, 567, t4=t3+(1, 5))	3	58
(1766, 4, 1631, t1) & (4544, 188, 1968, t2=t1+(0, 8)) & (1631, 141, 1968, t3=t2+(0, 7)) -> (1766, 141, 1968, t4=t3+(1, 4))	3	59
(2620, 123, 1790, t1) & (918, 45, 3330, t2=t1+(0, 3)) & (918, 100, 2620, t3=t2+(0, 4)) -> (3330, 123, 918, t4=t3+(1, 5))	3	60
(4576, 81, 210, t1) & (2594, 3, 1843, t2=t1+(0, 5)) & (1843, 118, 4576, t3=t2+(0, 0)) -> (4576, 118, 4576, t4=t3+(1, 2))	3	61
(96, 184, 3148, t1) & (1369, 113, 4627, t2=t1+(0, 4)) & (1369, 151, 3148, t3=t2+(0, 10)) -> (1369, 184, 3148, t4=t3+(1, 4))	3	62
(4685, 175, 2717, t1) & (199, 104, 3196, t2=t1+(0, 1)) & (3196, 194, 2717, t3=t2+(0, 6)) -> (4685, 104, 3196, t4=t3+(1, 5))	3	63
(3536, 104, 168, t1) & (4464, 123, 3739, t2=t1+(0, 3)) & (168, 163, 3739, t3=t2+(0, 7)) -> (3536, 163, 3739, t4=t3+(1, 5))	3	64
(4011, 176, 3995, t1) & (4328, 68, 1301, t2=t1+(0, 3)) & (1301, 70, 3995, t3=t2+(0, 8)) -> (1301, 68, 3995, t4=t3+(1, 8))	3	65
(2027, 57, 2787, t1) & (232, 63, 2005, t2=t1+(0, 6)) & (2027, 132, 2005, t3=t2+(0, 4)) -> (2005, 132, 232, t4=t3+(1, 7))	3	66
(4745, 24, 3705, t1) & (947, 158, 3125, t2=t1+(0, 4)) & (4745, 154, 3125, t3=t2+(0, 4)) -> (4745, 154, 4745, t4=t3+(1, 4))	3	67
(846, 187, 23, t1) & (1820, 193, 989, t2=t1+(0, 5)) & (1820, 59, 846, t3=t2+(0, 3)) -> (846, 187, 23, t4=t3+(1, 2))	3	68
(4423, 74, 2948, t1) & (3001, 87, 1716, t2=t1+(0, 4)) & (1716, 133, 2948, t3=t2+(0, 4)) -> (2948, 74, 3001, t4=t3+(1, 4))	3	69
(1154, 105, 3458, t1) & (4705, 92, 451, t2=t1+(0, 3)) & (4705, 33, 1154, t3=t2+(0, 6)) -> (4705, 105, 451, t4=t3+(1, 2))	3	70
(1140, 173, 2009, t1) & (3732, 21, 569, t2=t1+(0, 2)) & (2009, 150, 3732, t3=t2+(0, 9)) -> (569, 150, 2009, t4=t3+(1, 3))	3	71
(2872, 20, 4470, t1) & (4662, 34, 4959, t2=t1+(0, 7)) & (4662, 144, 4470, t3=t2+(0, 5)) -> (4470, 34, 4662, t4=t3+(1, 4))	3	72
(3665, 190, 176, t1) & (2198, 38, 2270, t2=t1+(0, 4)) & (3665, 95, 2270, t3=t2+(0, 5)) -> (176, 190, 3665, t4=t3+(1, 5))	3	73
(1642, 84, 3194, t1) & (1755, 81, 4207, t2=t1+(0, 2)) & (3194, 98, 4207, t3=t2+(0, 2)) -> (3194, 84, 1755, t4=t3+(1, 7))	3	74
(3115, 73, 3759, t1) & (2150, 102, 2768, t2=t1+(0, 5)) & (3759, 105, 2768, t3=t2+(0, 3)) -> (2768, 105, 2768, t4=t3+(1, 5))	3	75
(4264, 114, 1666, t1) & (3355, 191, 2372, t2=t1+(0, 3)) & (2372, 52, 4264, t3=t2+(0, 4)) -> (2372, 191, 4264, t4=t3+(1, 2))	3	76
(119, 84, 3891, t1) & (1808, 58, 3055, t2=t1+(0, 9)) & (1808, 189, 119, t3=t2+(0, 7)) -> (119, 58, 3055, t4=t3+(1, 1))	3	77
(4214, 82, 103, t1) & (3959, 134, 3086, t2=t1+(0, 9)) & (103, 109, 3959, t3=t2+(0, 6)) -> (3086, 109, 4214, t4=t3+(1, 5))	3	78
(1949, 52, 161, t1) & (3218, 125, 4059, t2=t1+(0, 4)) & (4059, 29, 161, t3=t2+(0, 5)) -> (161, 125, 161, t4=t3+(1, 1))	3	79
(936, 194, 2157, t1) & (2432, 36, 1312, t2=t1+(0, 6)) & (1312, 66, 2157, t3=t2+(0, 3)) -> (2432, 66, 2432, t4=t3+(1, 4))	3	80
(4258, 11, 805, t1) & (437, 60, 2066, t2=t1+(0, 2)) & (2066, 126, 4258, t3=t2+(0, 6)) -> (4258, 60, 4258, t4=t3+(1, 11))	3	81
(4268, 191, 1982, t1) & (4979, 42, 2996, t2=t1+(0, 5)) & (4979, 113, 1982, t3=t2+(0, 3)) -> (2996, 42, 2996, t4=t3+(1, 6))	3	82
(1012, 81, 4700, t1) & (3156, 17, 3312, t2=t1+(0, 5)) & (3312, 12, 1012, t3=t2+(0, 3)) -> (3156, 12, 1012, t4=t3+(1, 3))	3	83
(4890, 41, 3211, t1) & (519, 115, 3743, t2=t1+(0, 4)) & (3743, 123, 3211, t3=t2+(0, 3)) -> (3211, 115, 4890, t4=t3+(1, 9))	3	84
(2874, 50, 4317, t1) & (3621, 37, 2018, t2=t1+(0, 8)) & (3621, 125, 2874, t3=t2+(0, 9)) -> (2018, 125, 3621, t4=t3+(1, 3))	3	85
(1974, 27, 3062, t1) & (1529, 2, 386, t2=t1+(0, 12)) & (1529, 19, 1974, t3=t2+(0, 6)) -> (1974, 2, 1974, t4=t3+(1, 12))	3	86
(1629, 74, 3839, t1) & (3551, 186, 2392, t2=t1+(0, 6)) & (3551, 145, 3839, t3=t2+(0, 6)) -> (3839, 74, 2392, t4=t3+(1, 1))	3	87
(1341, 30, 633, t1) & (2565, 166, 1816, t2=t1+(0, 2)) & (2565, 192, 1341, t3=t2+(0, 8)) -> (1816, 166, 633, t4=t3+(1, 5))	3	88
(2281, 121, 1559, t1) & (709, 120, 2184, t2=t1+(0, 6)) & (1559, 177, 2184, t3=t2+(0, 3)) -> (2184, 177, 1559, t4=t3+(1, 4))	3	89
(3923, 113, 2168, t1) & (3688, 72, 3726, t2=t1+(0, 8)) & (3923, 192, 3688, t3=t2+(0, 4)) -> (3923, 192, 3688, t4=t3+(1, 1))	3	90
(933, 59, 3817, t1) & (1959, 36, 870, t2=t1+(0, 7)) & (933, 168, 870, t3=t2+(0, 3)) -> (870, 168, 870, t4=t3+(1, 5))	3	91
(525, 97, 1791, t1) & (1548, 30, 100, t2=t1+(0, 4)) & (525, 50, 100, t3=t2+(0, 5)) -> (1548, 30, 525, t4=t3+(1, 2))	3	92
(2042, 92, 389, t1) & (1118, 124, 837, t2=t1+(0, 5)) & (1118, 47, 2042, t3=t2+(0, 2)) -> (1118, 47, 2042, t4=t3+(1, 2))	3	93
(1479, 84, 1209, t1) & (100, 99, 1361, t2=t1+(0, 7)) & (1479, 114, 1361, t3=t2+(0, 4)) -> (1479, 99, 1479, t4=t3+(1, 3))	3	94
(1438, 163, 4115, t1) & (3307, 188, 642, t2=t1+(0, 7)) & (4115, 34, 642, t3=t2+(0, 6)) -> (642, 188, 4115, t4=t3+(1, 4))	3	95
(226, 6, 2421, t1) & (384, 95, 2050, t2=t1+(0, 0)) & (2050, 71, 226, t3=t2+(0, 5)) -> (226, 95, 226, t4=t3+(1, 3))	3	96
(3495, 120, 1553, t1) & (3090, 180, 2259, t2=t1+(0, 5)) & (2259, 32, 3495, t3=t2+(0, 5)) -> (3495, 120, 1553, t4=t3+(1, 4))	3	97
(1503, 72, 4533, t1) & (3255, 55, 3981, t2=t1+(0, 2)) & (4533, 87, 3981, t3=t2+(0, 7)) -> (1503, 72, 3981, t4=t3+(1, 4))	3	98
(3983, 21, 4587, t1) & (4580, 122, 3362, t2=t1+(0, 6)) & (4587, 129, 4580, t3=t2+(0, 4)) -> (4587, 122, 4587, t4=t3+(1, 4))	3	99
(2317, 64, 3311, t1) & (996, 44, 2317, t2=t1+(0, 3)) -> (2317, 44, 3311, t3=t2+(1, 7))	2	100
(3892, 42, 2793, t1) & (3892, 192, 3892, t2=t1+(0, 2)) -> (3892, 192, 3892, t3=t2+(1, 4))	2	101
(1786, 27, 670, t1) & (1786, 96, 4611, t2=t1+(0, 2)) -> (1786, 96, 4611, t3=t2+(1, 11))	2	102
(1158, 10, 3299, t1) & (3299, 197, 389, t2=t1+(0, 5)) -> (3299, 197, 3299, t3=t2+(1, 2))	2	103
(177, 129, 2889, t1) & (2889, 175, 177, t2=t1+(0, 8)) -> (2889, 129, 2889, t3=t2+(1, 6))	2	104
(3205, 197, 3990, t1) & (3205, 122, 3205, t2=t1+(0, 6)) -> (3990, 122, 3205, t3=t2+(1, 4))	2	105
(3354, 5, 4576, t1) & (3354, 117, 2536, t2=t1+(0, 7)) -> (3354, 5, 4576, t3=t2+(1, 4))	2	106
(3954, 100, 4160, t1) & (4160, 160, 4160, t2=t1+(0, 7)) -> (4160, 100, 4160, t3=t2+(1, 3))	2	107
(6, 10, 3237, t1) & (6, 161, 6, t2=t1+(0, 2)) -> (6, 161, 6, t3=t2+(1, 10))	2	108
(2414, 46, 4348, t1) & (2414, 156, 1893, t2=t1+(0, 4)) -> (1893, 156, 2414, t3=t2+(1, 6))	2	109
(2206, 4, 2664, t1) & (2206, 102, 2468, t2=t1+(0, 5)) -> (2206, 4, 2206, t3=t2+(1, 1))	2	110
(2469, 198, 655, t1) & (2469, 180, 2761, t2=t1+(0, 3)) -> (2469, 180, 2469, t3=t2+(1, 5))	2	111
(2457, 198, 3669, t1) & (3846, 179, 3669, t2=t1+(0, 3)) -> (3669, 179, 3669, t3=t2+(1, 7))	2	112
(2298, 118, 4894, t1) & (4894, 48, 2298, t2=t1+(0, 9)) -> (4894, 48, 4894, t3=t2+(1, 3))	2	113
(2979, 164, 515, t1) & (515, 119, 2979, t2=t1+(0, 8)) -> (2979, 119, 515, t3=t2+(1, 3))	2	114
(4073, 44, 137, t1) & (137, 195, 4915, t2=t1+(0, 3)) -> (4915, 195, 4915, t3=t2+(1, 5))	2	115
(4393, 112, 2348, t1) & (2348, 171, 4515, t2=t1+(0, 4)) -> (4393, 171, 4393, t3=t2+(1, 7))	2	116
(4148, 47, 2997, t1) & (2997, 52, 2997, t2=t1+(0, 7)) -> (4148, 52, 2997, t3=t2+(1, 5))	2	117
(4227, 189, 1336, t1) & (4227, 155, 4227, t2=t1+(0, 4)) -> (1336, 155, 1336, t3=t2+(1, 4))	2	118
(4928, 25, 3965, t1) & (1205, 128, 3965, t2=t1+(0, 5)) -> (1205, 128, 3965, t3=t2+(1, 5))	2	119
(1631, 53, 2368, t1) & (2070, 72, 1631, t2=t1+(0, 4)) -> (1631, 53, 2070, t3=t2+(1, 4))	2	120
(2556, 77, 1821, t1) & (1821, 44, 2347, t2=t1+(0, 9)) -> (2347, 77, 2347, t3=t2+(1, 6))	2	121
(781, 178, 2288, t1) & (4244, 181, 2288, t2=t1+(0, 4)) -> (781, 181, 2288, t3=t2+(1, 6))	2	122
(1031, 27, 2418, t1) & (1031, 36, 1031, t2=t1+(0, 5)) -> (1031, 27, 1031, t3=t2+(1, 5))	2	123
(1567, 64, 2705, t1) & (1567, 127, 325, t2=t1+(0, 9)) -> (2705, 64, 325, t3=t2+(1, 5))	2	124
(4155, 16, 2222, t1) & (4155, 129, 3383, t2=t1+(0, 4)) -> (4155, 16, 2222, t3=t2+(1, 4))	2	125
(1335, 97, 3187, t1) & (3187, 122, 9, t2=t1+(0, 12)) -> (3187, 97, 9, t3=t2+(1, 5))	2	126
(2496, 194, 1200, t1) & (181, 138, 1200, t2=t1+(0, 7)) -> (1200, 138, 1200, t3=t2+(1, 1))	2	127
(668, 41, 1937, t1) & (1937, 59, 668, t2=t1+(0, 6)) -> (1937, 41, 668, t3=t2+(1, 6))	2	128
(3958, 140, 3792, t1) & (4168, 154, 3792, t2=t1+(0, 4)) -> (3958, 154, 4168, t3=t2+(1, 7))	2	129
(2866, 57, 3850, t1) & (2972, 40, 2866, t2=t1+(0, 7)) -> (2866, 57, 2866, t3=t2+(1, 3))	2	130
(2811, 69, 1714, t1) & (3701, 50, 1714, t2=t1+(0, 1)) -> (3701, 50, 2811, t3=t2+(1, 7))	2	131
(1621, 146, 3714, t1) & (3714, 140, 3007, t2=t1+(0, 3)) -> (3714, 146, 3714, t3=t2+(1, 4))	2	132
(1394, 123, 4075, t1) & (4075, 97, 1157, t2=t1+(0, 4)) -> (1394, 97, 4075, t3=t2+(1, 4))	2	133
(1716, 177, 4484, t1) & (4484, 125, 816, t2=t1+(0, 0)) -> (4484, 125, 1716, t3=t2+(1, 4))	2	134
(148, 178, 61, t1) & (90, 14, 148, t2=t1+(0, 3)) -> (148, 178, 90, t3=t2+(1, 5))	2	135
(3676, 198, 3419, t1) & (3676, 110, 3419, t2=t1+(0, 6)) -> (3419, 198, 3419, t3=t2+(1, 4))	2	136
(431, 144, 1729, t1) & (1729, 59, 1729, t2=t1+(0, 3)) -> (1729, 144, 431, t3=t2+(1, 9))	2	137
(2285, 121, 4527, t1) & (4527, 80, 2285, t2=t1+(0, 8)) -> (4527, 80, 2285, t3=t2+(1, 3))	2	138
(3668, 177, 34, t1) & (3668, 73, 4031, t2=t1+(0, 5)) -> (3668, 177, 3668, t3=t2+(1, 1))	2	139
(1908, 177, 1255, t1) & (3288, 152, 1255, t2=t1+(0, 5)) -> (1908, 177, 1255, t3=t2+(1, 8))	2	140
(4520, 3, 1553, t1) & (4520, 6, 4520, t2=t1+(0, 5)) -> (4520, 3, 1553, t3=t2+(1, 7))	2	141
(2113, 69, 4435, t1) & (2113, 137, 4379, t2=t1+(0, 7)) -> (2113, 69, 4435, t3=t2+(1, 6))	2	142
(109, 95, 2721, t1) & (1617, 193, 109, t2=t1+(0, 7)) -> (109, 193, 109, t3=t2+(1, 7))	2	143
(3025, 48, 2480, t1) & (3025, 117, 3025, t2=t1+(0, 4)) -> (3025, 48, 3025, t3=t2+(1, 7))	2	144
(1676, 4, 3601, t1) & (1676, 112, 4985, t2=t1+(0, 3)) -> (1676, 4, 4985, t3=t2+(1, 6))	2	145
(498, 95, 1808, t1) & (498, 132, 1808, t2=t1+(0, 5)) -> (1808, 132, 1808, t3=t2+(1, 5))	2	146
(620, 182, 3212, t1) & (3212, 193, 3212, t2=t1+(0, 2)) -> (3212, 193, 3212, t3=t2+(1, 1))	2	147
(2858, 197, 1635, t1) & (1635, 30, 245, t2=t1+(0, 4)) -> (2858, 30, 1635, t3=t2+(1, 9))	2	148
(149, 69, 2344, t1) & (2344, 20, 149, t2=t1+(0, 6)) -> (2344, 69, 149, t3=t2+(1, 5))	2	149
(1406, 124, 935, t1) & (935, 114, 4450, t2=t1+(0, 2)) -> (4450, 124, 1406, t3=t2+(1, 3))	2	150
(2038, 192, 4134, t1) & (4117, 140, 4134, t2=t1+(0, 5)) -> (4134, 140, 4134, t3=t2+(1, 7))	2	151
(3393, 113, 945, t1) & (945, 156, 3393, t2=t1+(0, 7)) -> (945, 156, 3393, t3=t2+(1, 2))	2	152
(765, 196, 3298, t1) & (3298, 23, 765, t2=t1+(0, 5)) -> (3298, 196, 765, t3=t2+(1, 6))	2	153
(334, 122, 3413, t1) & (3413, 191, 3376, t2=t1+(0, 4)) -> (334, 191, 334, t3=t2+(1, 8))	2	154
(2859, 79, 3761, t1) & (2859, 170, 3666, t2=t1+(0, 9)) -> (3761, 79, 3761, t3=t2+(1, 6))	2	155
(958, 9, 962, t1) & (962, 17, 2814, t2=t1+(0, 3)) -> (962, 9, 2814, t3=t2+(1, 5))	2	156
(4887, 80, 1121, t1) & (4887, 103, 336, t2=t1+(0, 5)) -> (4887, 103, 4887, t3=t2+(1, 3))	2	157
(3286, 35, 2658, t1) & (822, 106, 3286, t2=t1+(0, 4)) -> (3286, 35, 822, t3=t2+(1, 7))	2	158
(2558, 177, 1997, t1) & (2173, 89, 2558, t2=t1+(0, 6)) -> (2173, 177, 1997, t3=t2+(1, 6))	2	159
(3439, 36, 2198, t1) & (2198, 76, 1629, t2=t1+(0, 3)) -> (3439, 36, 1629, t3=t2+(1, 10))	2	160
(2981, 126, 2097, t1) & (2981, 35, 2765, t2=t1+(0, 3)) -> (2765, 126, 2981, t3=t2+(1, 5))	2	161
(2943, 121, 4097, t1) & (2943, 120, 1105, t2=t1+(0, 3)) -> (2943, 121, 2943, t3=t2+(1, 8))	2	162
(1616, 170, 4449, t1) & (3884, 183, 1616, t2=t1+(0, 2)) -> (4449, 183, 1616, t3=t2+(1, 5))	2	163
(485, 188, 4076, t1) & (4076, 160, 4973, t2=t1+(0, 3)) -> (4076, 160, 4973, t3=t2+(1, 7))	2	164
(4802, 95, 279, t1) & (279, 106, 4802, t2=t1+(0, 3)) -> (4802, 95, 279, t3=t2+(1, 3))	2	165
(2303, 68, 493, t1) & (1277, 106, 493, t2=t1+(0, 2)) -> (493, 106, 493, t3=t2+(1, 6))	2	166
(1408, 164, 4138, t1) & (4138, 146, 4138, t2=t1+(0, 8)) -> (4138, 164, 4138, t3=t2+(1, 8))	2	167
(708, 46, 454, t1) & (708, 76, 4545, t2=t1+(0, 6)) -> (4545, 76, 4545, t3=t2+(1, 6))	2	168
(566, 132, 4956, t1) & (566, 172, 563, t2=t1+(0, 7)) -> (566, 172, 566, t3=t2+(1, 3))	2	169
(4566, 74, 2120, t1) & (4566, 180, 2120, t2=t1+(0, 7)) -> (2120, 180, 2120, t3=t2+(1, 4))	2	170
(1490, 33, 555, t1) & (1490, 59, 4907, t2=t1+(0, 6)) -> (555, 33, 555, t3=t2+(1, 3))	2	171
(4620, 26, 4991, t1) & (4991, 43, 4991, t2=t1+(0, 4)) -> (4991, 43, 4991, t3=t2+(1, 5))	2	172
(1652, 32, 627, t1) & (627, 127, 1652, t2=t1+(0, 8)) -> (627, 32, 1652, t3=t2+(1, 5))	2	173
(2971, 166, 1451, t1) & (2971, 154, 3974, t2=t1+(0, 8)) -> (2971, 166, 3974, t3=t2+(1, 12))	2	174
(736, 45, 618, t1) & (3587, 7, 736, t2=t1+(0, 3)) -> (618, 7, 736, t3=t2+(1, 6))	2	175
(2291, 186, 4952, t1) & (4952, 159, 1717, t2=t1+(0, 5)) -> (4952, 159, 4952, t3=t2+(1, 5))	2	176
(3222, 54, 1801, t1) & (2161, 65, 1801, t2=t1+(0, 6)) -> (1801, 65, 3222, t3=t2+(1, 4))	2	177
(1372, 184, 4314, t1) & (4399, 44, 1372, t2=t1+(0, 8)) -> (1372, 184, 4314, t3=t2+(1, 8))	2	178
(3199, 170, 4196, t1) & (4196, 33, 3914, t2=t1+(0, 7)) -> (3914, 170, 3914, t3=t2+(1, 6))	2	179
(522, 59, 2624, t1) & (2624, 70, 4439, t2=t1+(0, 2)) -> (4439, 70, 4439, t3=t2+(1, 12))	2	180
(24, 151, 3113, t1) & (3113, 162, 1048, t2=t1+(0, 7)) -> (3113, 162, 24, t3=t2+(1, 1))	2	181
(2254, 192, 2540, t1) & (736, 9, 2540, t2=t1+(0, 2)) -> (736, 192, 2540, t3=t2+(1, 1))	2	182
(4207, 189, 2888, t1) & (4207, 157, 4207, t2=t1+(0, 7)) -> (4207, 189, 4207, t3=t2+(1, 4))	2	183
(3915, 18, 3123, t1) & (3915, 138, 3915, t2=t1+(0, 7)) -> (3915, 138, 3915, t3=t2+(1, 2))	2	184
(137, 9, 3281, t1) & (137, 190, 137, t2=t1+(0, 6)) -> (137, 9, 137, t3=t2+(1, 6))	2	185
(861, 68, 2218, t1) & (861, 88, 861, t2=t1+(0, 2)) -> (861, 88, 861, t3=t2+(1, 2))	2	186
(3310, 177, 2644, t1) & (3310, 34, 3410, t2=t1+(0, 4)) -> (3410, 34, 2644, t3=t2+(1, 5))	2	187
(4201, 155, 290, t1) & (290, 22, 4201, t2=t1+(0, 2)) -> (290, 155, 290, t3=t2+(1, 5))	2	188
(2785, 2, 4843, t1) & (2785, 142, 1910, t2=t1+(0, 6)) -> (4843, 2, 2785, t3=t2+(1, 2))	2	189
(3622, 25, 4074, t1) & (4074, 183, 3622, t2=t1+(0, 3)) -> (4074, 183, 4074, t3=t2+(1, 4))	2	190
(3892, 195, 868, t1) & (3892, 126, 868, t2=t1+(0, 4)) -> (868, 126, 868, t3=t2+(1, 5))	2	191
(2097, 85, 1169, t1) & (407, 191, 1169, t2=t1+(0, 4)) -> (407, 191, 1169, t3=t2+(1, 9))	2	192
(1159, 46, 1172, t1) & (1356, 12, 1159, t2=t1+(0, 4)) -> (1356, 12, 1172, t3=t2+(1, 4))	2	193
(3342, 7, 3377, t1) & (3342, 45, 3285, t2=t1+(0, 0)) -> (3285, 7, 3342, t3=t2+(1, 5))	2	194
(1157, 187, 4960, t1) & (3485, 139, 4960, t2=t1+(0, 14)) -> (1157, 187, 4960, t3=t2+(1, 4))	2	195
(214, 170, 2398, t1) & (1721, 195, 2398, t2=t1+(0, 4)) -> (2398, 195, 214, t3=t2+(1, 6))	2	196
(2207, 117, 2233, t1) & (3849, 90, 2207, t2=t1+(0, 5)) -> (2207, 117, 2207, t3=t2+(1, 3))	2	197
(2350, 197, 3183, t1) & (4660, 175, 2350, t2=t1+(0, 8)) -> (2350, 175, 2350, t3=t2+(1, 5))	2	198
(3803, 10, 3176, t1) & (3176, 143, 3176, t2=t1+(0, 7)) -> (3176, 10, 3176, t3=t2+(1, 4))	2	199
(2548, 109, 3877, t1) -> (3877, 109, 3877, t2=t1+(1, 6))	1	200
(4878, 159, 2801, t1) -> (2801, 159, 2801, t2=t1+(1, 2))	1	201
(4589, 33, 901, t1) -> (4589, 33, 4589, t2=t1+(1, 8))	1	202
(644, 92, 4665, t1) -> (644, 92, 644, t2=t1+(1, 7))	1	203
(854, 36, 1071, t1) -> (1071, 36, 1071, t2=t1+(1, 6))	1	204
(2700, 78, 3281, t1) -> (3281, 78, 2700, t2=t1+(1, 3))	1	205
(4683, 150, 2766, t1) -> (4683, 150, 4683, t2=t1+(1, 5))	1	206
(3770, 102, 1218, t1) -> (1218, 102, 1218, t2=t1+(1, 3))	1	207
(1263, 22, 3748, t1) -> (3748, 22, 3748, t2=t1+(1, 3))	1	208
(4697, 122, 3795, t1) -> (3795, 122, 3795, t2=t1+(1, 5))	1	209
(2425, 150, 4541, t1) -> (2425, 150, 4541, t2=t1+(1, 7))	1	210
(4542, 182, 2701, t1) -> (4542, 182, 4542, t2=t1+(1, 5))	1	211
(4265, 125, 1731, t1) -> (1731, 125, 4265, t2=t1+(1, 2))	1	212
(2159, 117, 3638, t1) -> (3638, 117, 2159, t2=t1+(1, 6))	1	213
(4362, 144, 2337, t1) -> (2337, 144, 4362, t2=t1+(1, 4))	1	214
(2016, 64, 4573, t1) -> (2016, 64, 4573, t2=t1+(1, 5))	1	215
(2740, 88, 2563, t1) -> (2563, 88, 2563, t2=t1+(1, 5))	1	216
(2005, 105, 1360, t1) -> (1360, 105, 1360, t2=t1+(1, 3))	1	217
(4091, 42, 1850, t1) -> (4091, 42, 4091, t2=t1+(1, 2))	1	218
(1701, 50, 4277, t1) -> (1701, 50, 1701, t2=t1+(1, 4))	1	219
(2417, 16, 3911, t1) -> (3911, 16, 3911, t2=t1+(1, 4))	1	220
(3775, 192, 4176, t1) -> (3775, 192, 4176, t2=t1+(1, 4))	1	221
(4091, 198, 438, t1) -> (438, 198, 438, t2=t1+(1, 5))	1	222
(3919, 75, 2765, t1) -> (2765, 75, 2765, t2=t1+(1, 4))	1	223
(2442, 136, 3843, t1) -> (3843, 136, 3843, t2=t1+(1, 11))	1	224
(2399, 17, 140, t1) -> (2399, 17, 2399, t2=t1+(1, 9))	1	225
(3634, 150, 2968, t1) -> (2968, 150, 3634, t2=t1+(1, 8))	1	226
(4485, 114, 3584, t1) -> (4485, 114, 3584, t2=t1+(1, 3))	1	227
(3481, 182, 2831, t1) -> (3481, 182, 2831, t2=t1+(1, 4))	1	228
(1121, 133, 3076, t1) -> (1121, 133, 1121, t2=t1+(1, 7))	1	229
(3985, 52, 3954, t1) -> (3954, 52, 3954, t2=t1+(1, 3))	1	230
(3476, 76, 1620, t1) -> (3476, 76, 1620, t2=t1+(1, 3))	1	231
(4235, 127, 564, t1) -> (564, 127, 4235, t2=t1+(1, 2))	1	232
(4763, 128, 2487, t1) -> (2487, 128, 4763, t2=t1+(1, 5))	1	233
(20, 35, 1219, t1) -> (20, 35, 20, t2=t1+(1, 7))	1	234
(4253, 68, 2160, t1) -> (2160, 68, 4253, t2=t1+(1, 5))	1	235
(2090, 27, 3229, t1) -> (3229, 27, 2090, t2=t1+(1, 3))	1	236
(918, 27, 3681, t1) -> (918, 27, 918, t2=t1+(1, 5))	1	237
(3742, 32, 2006, t1) -> (3742, 32, 3742, t2=t1+(1, 5))	1	238
(2340, 162, 3920, t1) -> (3920, 162, 3920, t2=t1+(1, 2))	1	239
(4457, 69, 230, t1) -> (4457, 69, 230, t2=t1+(1, 4))	1	240
(908, 122, 383, t1) -> (908, 122, 383, t2=t1+(1, 2))	1	241
(1391, 57, 1294, t1) -> (1391, 57, 1391, t2=t1+(1, 5))	1	242
(3341, 110, 172, t1) -> (3341, 110, 3341, t2=t1+(1, 5))	1	243
(3984, 80, 2786, t1) -> (2786, 80, 3984, t2=t1+(1, 5))	1	244
(4758, 131, 4212, t1) -> (4212, 131, 4212, t2=t1+(1, 9))	1	245
(1237, 78, 3121, t1) -> (1237, 78, 1237, t2=t1+(1, 4))	1	246
(2712, 185, 3511, t1) -> (2712, 185, 3511, t2=t1+(1, 3))	1	247
(788, 134, 4736, t1) -> (788, 134, 788, t2=t1+(1, 3))	1	248
(186, 9, 525, t1) -> (525, 9, 186, t2=t1+(1, 10))	1	249
(4865, 102, 4429, t1) -> (4429, 102, 4429, t2=t1+(1, 5))	1	250
(1577, 27, 3456, t1) -> (1577, 27, 1577, t2=t1+(1, 3))	1	251
(4570, 21, 1636, t1) -> (1636, 21, 4570, t2=t1+(1, 6))	1	252
(2412, 191, 4686, t1) -> (2412, 191, 4686, t2=t1+(1, 7))	1	253
(2910, 141, 725, t1) -> (2910, 141, 2910, t2=t1+(1, 4))	1	254
(3889, 176, 2935, t1) -> (2935, 176, 3889, t2=t1+(1, 10))	1	255
(3442, 198, 1858, t1) -> (3442, 198, 1858, t2=t1+(1, 9))	1	256
(1557, 18, 1266, t1) -> (1266, 18, 1266, t2=t1+(1, 7))	1	257
(660, 33, 2098, t1) -> (660, 33, 660, t2=t1+(1, 3))	1	258
(3528, 56, 2159, t1) -> (3528, 56, 3528, t2=t1+(1, 2))	1	259
(1394, 163, 4668, t1) -> (1394, 163, 4668, t2=t1+(1, 4))	1	260
(132, 23, 3114, t1) -> (3114, 23, 3114, t2=t1+(1, 4))	1	261
(1219, 145, 4247, t1) -> (1219, 145, 1219, t2=t1+(1, 3))	1	262
(618, 26, 4028, t1) -> (618, 26, 618, t2=t1+(1, 4))	1	263
(3143, 149, 3010, t1) -> (3010, 149, 3010, t2=t1+(1, 2))	1	264
(2259, 161, 2198, t1) -> (2259, 161, 2259, t2=t1+(1, 5))	1	265
(4420, 198, 2752, t1) -> (2752, 198, 2752, t2=t1+(1, 2))	1	266
(4650, 1, 1848, t1) -> (1848, 1, 4650, t2=t1+(1, 14))	1	267
(3720, 110, 3000, t1) -> (3000, 110, 3720, t2=t1+(1, 4))	1	268
(4745, 64, 4417, t1) -> (4745, 64, 4745, t2=t1+(1, 3))	1	269
(1920, 116, 3875, t1) -> (3875, 116, 3875, t2=t1+(1, 1))	1	270
(1949, 101, 4046, t1) -> (4046, 101, 1949, t2=t1+(1, 6))	1	271
(2861, 66, 2860, t1) -> (2861, 66, 2861, t2=t1+(1, 5))	1	272
(478, 37, 268, t1) -> (268, 37, 478, t2=t1+(1, 3))	1	273
(4134, 91, 4039, t1) -> (4039, 91, 4134, t2=t1+(1, 2))	1	274
(3098, 114, 2734, t1) -> (3098, 114, 3098, t2=t1+(1, 2))	1	275
(4539, 153, 4977, t1) -> (4977, 153, 4977, t2=t1+(1, 4))	1	276
(341, 33, 253, t1) -> (341, 33, 253, t2=t1+(1, 4))	1	277
(652, 140, 2703, t1) -> (652, 140, 652, t2=t1+(1, 7))	1	278
(1191, 99, 2514, t1) -> (1191, 99, 1191, t2=t1+(1, 5))	1	279
(3388, 183, 4811, t1) -> (4811, 183, 4811, t2=t1+(1, 2))	1	280
(2019, 94, 963, t1) -> (2019, 94, 963, t2=t1+(1, 8))	1	281
(1807, 75, 3871, t1) -> (3871, 75, 1807, t2=t1+(1, 5))	1	282
(1390, 13, 2382, t1) -> (2382, 13, 2382, t2=t1+(1, 6))	1	283
(19, 136, 4462, t1) -> (19, 136, 4462, t2=t1+(1, 4))	1	284
(1180, 159, 4047, t1) -> (1180, 159, 1180, t2=t1+(1, 5))	1	285
(4210, 2, 575, t1) -> (4210, 2, 575, t2=t1+(1, 11))	1	286
(525, 21, 998, t1) -> (998, 21, 525, t2=t1+(1, 3))	1	287
(3712, 47, 4182, t1) -> (3712, 47, 4182, t2=t1+(1, 6))	1	288
(1498, 18, 3951, t1) -> (1498, 18, 3951, t2=t1+(1, 4))	1	289
(251, 171, 2597, t1) -> (251, 171, 251, t2=t1+(1, 4))	1	290
(1434, 157, 2848, t1) -> (2848, 157, 1434, t2=t1+(1, 4))	1	291
(4081, 0, 710, t1) -> (4081, 0, 4081, t2=t1+(1, 4))	1	292
(3961, 187, 4660, t1) -> (4660, 187, 4660, t2=t1+(1, 3))	1	293
(2807, 71, 3527, t1) -> (3527, 71, 3527, t2=t1+(1, 6))	1	294
(3155, 63, 2730, t1) -> (2730, 63, 3155, t2=t1+(1, 6))	1	295
(4324, 113, 109, t1) -> (4324, 113, 109, t2=t1+(1, 2))	1	296
(2307, 192, 1322, t1) -> (2307, 192, 1322, t2=t1+(1, 3))	1	297
(4431, 149, 3433, t1) -> (3433, 149, 3433, t2=t1+(1, 3))	1	298
(260, 136, 1182, t1) -> (1182, 136, 1182, t2=t1+(1, 8))	1	299
