(1354, 57, 4074, t1) & (2772, 117, 4543, t2=t1+(0, 2)) & (4543, 154, 4074, t3=t2+(0, 4)) -> (4074, 154, 4543, t4=t3+(1, 5))	3	0
(2476, 188, 2414, t1) & (1188, 27, 1842, t2=t1+(0, 7)) & (1188, 142, 2414, t3=t2+(0, 4)) -> (2414, 188, 2414, t4=t3+(1, 2))	3	1
(2229, 119, 3412, t1) & (4634, 142, 4575, t2=t1+(0, 4)) & (4575, 123, 2229, t3=t2+(0, 6)) -> (3412, 123, 4634, t4=t3+(1, 2))	3	2
(4893, 63, 4147, t1) & (3121, 10, 4747, t2=t1+(0, 3)) & (3121, 129, 4893, t3=t2+(0, 9)) -> (4747, 63, 3121, t4=t3+(1, 6))	3	3
(2766, 148, 1216, t1) & (1304, 161, 526, t2=t1+(0, 1)) & (2766, 125, 1304, t3=t2+(0, 4)) -> (1216, 161, 1304, t4=t3+(1, 5))	3	4
(3612, 42, 3625, t1) & (1221, 134, 1156, t2=t1+(0, 4)) & (3625, 145, 1221, t3=t2+(0, 9)) -> (1156, 134, 3612, t4=t3+(1, 2))	3	5
(1989, 71, 3966, t1) & (1097, 117, 471, t2=t1+(0, 5)) & (471, 135, 3966, t3=t2+(0, 8)) -> (471, 135, 471, t4=t3+(1, 7))	3	6
(3389, 157, 2324, t1) & (14, 159, 3095, t2=t1+(0, 7)) & (3095, 135, 3389, t3=t2+(0, 4)) -> (3095, 159, 3389, t4=t3+(1, 4))	3	7
(956, 94, 565, t1) & (3976, 112, 2214, t2=t1+(0, 3)) & (3976, 196, 956, t3=t2+(0, 7)) -> (3976, 112, 956, t4=t3+(1, 6))	3	8
(3234, 198, 2722, t1) & (2102, 72, 3453, t2=t1+(0, 8)) & (2722, 110, 2102, t3=t2+(0, 3)) -> (3234, 72, 2722, t4=t3+(1, 8))	3	9
(1704, 146, 1026, t1) & (3375, 101, 4956, t2=t1+(0, 5)) & (4956, 18, 1704, t3=t2+(0, 6)) -> (4956, 146, 1704, t4=t3+(1, 8))	3	10
(1870, 108, 2194, t1) & (305, 147, 3645, t2=t1+(0, 2)) & (305, 148, 1870, t3=t2+(0, 8)) -> (1870, 108, 3645, t4=t3+(1, 6))	3	11
(731, 72, 17, t1) & (1755, 167, 426, t2=t1+(0, 2)) & (17, 177, 1755, t3=t2+(0, 5)) -> (426, 72, 1755, t4=t3+(1, 2))	3	12
(4874, 135, 2410, t1) & (1798, 61, 694, t2=t1+(0, 4)) & (2410, 161, 694, t3=t2+(0, 3)) -> (694, 135, 1798, t4=t3+(1, 8))	3	13
(503, 105, 3656, t1) & (4275, 87, 2773, t2=t1+(0, 4)) & (2773, 125, 503, t3=t2+(0, 3)) -> (2773, 105, 3656, t4=t3+(1, 4))	3	14
(2421, 157, 2232, t1) & (3956, 154, 1875, t2=t1+(0, 4)) & (1875, 88, 2232, t3=t2+(0, 7)) -> (1875, 157, 2232, t4=t3+(1, 4))	3	15
(3058, 130, 4289, t1) & (2241, 161, 88, t2=t1+(0, 7)) & (2241, 16, 4289, t3=t2+(0, 5)) -> (4289, 161, 4289, t4=t3+(1, 3))	3	16
(2638, 129, 4640, t1) & (2205, 128, 112, t2=t1+(0, 7)) & (112, 112, 2638, t3=t2+(0, 3)) -> (112, 129, 4640, t4=t3+(1, 4))	3	17
(891, 88, 991, t1) & (1381, 86, 2183, t2=t1+(0, 4)) & (991, 19, 2183, t3=t2+(0, 9)) -> (891, 86, 891, t4=t3+(1, 3))	3	18
(4634, 52, 1625, t1) & (1621, 25, 4384, t2=t1+(0, 4)) & (4384, 188, 4634, t3=t2+(0, 10)) -> (4384, 188, 4384, t4=t3+(1, 6))	3	19
(4241, 74, 3594, t1) & (2441, 122, 2369, t2=t1+(0, 4)) & (2369, 122, 4241, t3=t2+(0, 3)) -> (4241, 122, 3594, t4=t3+(1, 4))	3	20
(4824, 115, 823, t1) & (4427, 128, 1980, t2=t1+(0, 9)) & (4824, 9, 1980, t3=t2+(0, 4)) -> (823, 128, 4824, t4=t3+(1, 4))	3	21
(2817, 183, 1449, t1) & (870, 197, 4105, t2=t1+(0, 5)) & (870, 136, 2817, t3=t2+(0, 8)) -> (4105, 197, 4105, t4=t3+(1, 2))	3	22
(1743, 197, 4324, t1) & (2058, 125, 2522, t2=t1+(0, 2)) & (2522, 119, 1743, t3=t2+(0, 4)) -> (4324, 125, 2522, t4=t3+(1, 4))	3	23
(2503, 109, 3362, t1) & (3808, 142, 2643, t2=t1+(0, 8)) & (2643, 39, 2503, t3=t2+(0, 5)) -> (3362, 109, 2503, t4=t3+(1, 5))	3	24
(2611, 125, 2080, t1) & (995, 198, 3820, t2=t1+(0, 3)) & (2080, 168, 995, t3=t2+(0, 6)) -> (2080, 168, 995, t4=t3+(1, 5))	3	25
(1926, 134, 1248, t1) & (4622, 94, 2140, t2=t1+(0, 7)) & (1926, 32, 4622, t3=t2+(0, 4)) -> (4622, 134, 2140, t4=t3+(1, 6))	3	26
(3425, 119, 67, t1) & (213, 109, 1587, t2=t1+(0, 6)) & (3425, 79, 1587, t3=t2+(0, 4)) -> (3425, 119, 3425, t4=t3+(1, 2))	3	27
(3467, 109, 579, t1) & (4831, 42, 2537, t2=t1+(0, 0)) & (579, 43, 2537, t3=t2+(0, 6)) -> (579, 42, 3467, t4=t3+(1, 2))	3	28
(4789, 152, 478, t1) & (1358, 196, 1862, t2=t1+(0, 5)) & (1358, 59, 4789, t3=t2+(0, 7)) -> (4789, 196, 4789, t4=t3+(1, 3))	3	29
(4376, 154, 568, t1) & (4148, 8, 1893, t2=t1+(0, 5)) & (4148, 11, 4376, t3=t2+(0, 7)) -> (568, 154, 4148, t4=t3+(1, 9))	3	30
(1609, 177, 1315, t1) & (4562, 55, 698, t2=t1+(0, 7)) & (4562, 148, 1315, t3=t2+(0, 4)) -> (698, 55, 4562, t4=t3+(1, 6))	3	31
(3664, 17, 317, t1) & (3824, 125, 3785, t2=t1+(0, 12)) & (3664, 135, 3785, t3=t2+(0, 2)) -> (3824, 17, 3785, t4=t3+(1, 4))	3	32
(3461, 10, 3041, t1) & (1044, 110, 2477, t2=t1+(0, 6)) & (2477, 72, 3461, t3=t2+(0, 6)) -> (3041, 10, 2477, t4=t3+(1, 3))	3	33
(4555, 10, 3101, t1) & (504, 29, 3780, t2=t1+(0, 4)) & (504, 174, 3101, t3=t2+(0, 10)) -> (3780, 29, 504, t4=t3+(1, 5))	3	34
(4272, 101, 2591, t1) & (4706, 120, 4490, t2=t1+(0, 3)) & (4272, 35, 4490, t3=t2+(0, 9)) -> (4272, 101, 4272, t4=t3+(1, 6))	3	35
(196, 135, 853, t1) & (10, 145, 3405, t2=t1+(0, 5)) & (3405, 142, 196, t3=t2+(0, 8)) -> (196, 135, 196, t4=t3+(1, 3))	3	36
(772, 10, 821, t1) & (3511, 29, 2894, t2=t1+(0, 5)) & (2894, 189, 821, t3=t2+(0, 3)) -> (2894, 29, 772, t4=t3+(1, 6))	3	37
(3106, 173, 634, t1) & (4742, 119, 216, t2=t1+(0, 4)) & (216, 173, 3106, t3=t2+(0, 4)) -> (634, 173, 3106, t4=t3+(1, 7))	3	38
(1969, 8, 114, t1) & (3229, 183, 2817, t2=t1+(0, 6)) & (3229, 117, 1969, t3=t2+(0, 9)) -> (1969, 183, 3229, t4=t3+(1, 7))	3	39
(770, 122, 2293, t1) & (3119, 132, 1092, t2=t1+(0, 4)) & (2293, 45, 1092, t3=t2+(0, 7)) -> (770, 122, 3119, t4=t3+(1, 8))	3	40
(498, 46, 285, t1) & (1163, 157, 3146, t2=t1+(0, 6)) & (285, 63, 1163, t3=t2+(0, 4)) -> (1163, 157, 285, t4=t3+(1, 7))	3	41
(3313, 159, 4063, t1) & (3117, 165, 2599, t2=t1+(0, 4)) & (2599, 59, 3313, t3=t2+(0, 3)) -> (4063, 159, 3313, t4=t3+(1, 5))	3	42
(2211, 9, 1718, t1) & (2586, 62, 4439, t2=t1+(0, 8)) & (1718, 58, 4439, t3=t2+(0, 5)) -> (4439, 58, 2211, t4=t3+(1, 4))	3	43
(4698, 75, 3475, t1) & (2825, 15, 1947, t2=t1+(0, 5)) & (3475, 72, 2825, t3=t2+(0, 8)) -> (3475, 15, 2825, t4=t3+(1, 8))	3	44
(400, 148, 380, t1) & (1056, 43, 1727, t2=t1+(0, 4)) & (380, 17, 1056, t3=t2+(0, 4)) -> (400, 148, 1056, t4=t3+(1, 4))	3	45
(2524, 170, 4753, t1) & (4733, 6, 4322, t2=t1+(0, 5)) & (2524, 30, 4322, t3=t2+(0, 3)) -> (4322, 6, 4733, t4=t3+(1, 8))	3	46
(1428, 11, 2924, t1) & (998, 167, 1823, t2=t1+(0, 5)) & (1823, 197, 2924, t3=t2+(0, 0)) -> (1823, 197, 2924, t4=t3+(1, 6))	3	47
(3150, 45, 3107, t1) & (1391, 197, 1029, t2=t1+(0, 5)) & (1029, 9, 3107, t3=t2+(0, 3)) -> (1029, 9, 1029, t4=t3+(1, 7))	3	48
(63, 51, 939, t1) & (4799, 40, 314, t2=t1+(0, 7)) & (63, 18, 314, t3=t2+(0, 4)) -> (4799, 18, 63, t4=t3+(1, 3))	3	49
(3850, 197, 48, t1) & (1643, 108, 3357, t2=t1+(0, 5)) & (3357, 118, 3850, t3=t2+(0, 6)) -> (3850, 118, 3357, t4=t3+(1, 4))	3	50
(2462, 82, 4911, t1) & (2709, 79, 1394, t2=t1+(0, 3)) & (1394, 8, 2462, t3=t2+(0, 2)) -> (2462, 82, 4911, t4=t3+(1, 6))	3	51
(4717, 25, 2142, t1) & (4653, 170, 3626, t2=t1+(0, 9)) & (3626, 159, 4717, t3=t2+(0, 9)) -> (4717, 25, 2142, t4=t3+(1, 6))	3	52
(2410, 148, 62, t1) & (1168, 55, 469, t2=t1+(0, 7)) & (62, 92, 469, t3=t2+(0, 3)) -> (469, 55, 1168, t4=t3+(1, 7))	3	53
(4128, 43, 2974, t1) & (270, 76, 4512, t2=t1+(0, 2)) & (270, 145, 2974, t3=t2+(0, 3)) -> (2974, 43, 2974, t4=t3+(1, 5))	3	54
(3559, 144, 3592, t1) & (1582, 91, 4304, t2=t1+(0, 3)) & (3592, 125, 4304, t3=t2+(0, 7)) -> (4304, 125, 4304, t4=t3+(1, 6))	3	55
(4860, 43, 4188, t1) & (2704, 21, 2706, t2=t1+(0, 8)) & (2704, 192, 4188, t3=t2+(0, 1)) -> (4188, 192, 2706, t4=t3+(1, 2))	3	56
(1298, 112, 3987, t1) & (1557, 184, 3006, t2=t1+(0, 7)) & (1557, 75, 3987, t3=t2+(0, 3)) -> (1557, 184, 1298, t4=t3+(1, 7))	3	57
(4136, 108, 630, t1) & (4531, 197, 4419, t2=t1+(0, 4)) & (4419, 10, 4136, t3=t2+(0, 5)) -> (4136, 197, 4419, t4=t3+(1, 6))	3	58
(1783, 40, 2588, t1) & (1836, 79, 2900, t2=t1+(0, 6)) & (2900, 27, 2588, t3=t2+(0, 11)) -> (1836, 40, 2900, t4=t3+(1, 9))	3	59
(3930, 48, 2371, t1) & (3882, 111, 668, t2=t1+(0, 11)) & (668, 170, 2371, t3=t2+(0, 4)) -> (3930, 111, 2371, t4=t3+(1, 6))	3	60
(2723, 105, 4433, t1) & (3389, 120, 4648, t2=t1+(0, 7)) & (3389, 11, 4433, t3=t2+(0, 4)) -> (3389, 120, 4648, t4=t3+(1, 4))	3	61
(3915, 27, 4985, t1) & (2468, 5, 2730, t2=t1+(0, 3)) & (4985, 88, 2730, t3=t2+(0, 6)) -> (4985, 27, 2730, t4=t3+(1, 5))	3	62
(3995, 156, 1517, t1) & (4483, 99, 3333, t2=t1+(0, 0)) & (1517, 142, 3333, t3=t2+(0, 4)) -> (3333, 99, 3333, t4=t3+(1, 8))	3	63
(3167, 75, 1624, t1) & (1801, 45, 2512, t2=t1+(0, 9)) & (2512, 121, 1624, t3=t2+(0, 4)) -> (2512, 121, 2512, t4=t3+(1, 5))	3	64
(1717, 76, 995, t1) & (1391, 92, 2440, t2=t1+(0, 3)) & (995, 10, 1391, t3=t2+(0, 2)) -> (1391, 92, 995, t4=t3+(1, 4))	3	65
(3212, 117, 3750, t1) & (2035, 104, 3692, t2=t1+(0, 2)) & (3212, 154, 2035, t3=t2+(0, 4)) -> (2035, 104, 2035, t4=t3+(1, 5))	3	66
(1674, 128, 177, t1) & (2060, 125, 2927, t2=t1+(0, 3)) & (2927, 78, 177, t3=t2+(0, 4)) -> (177, 125, 2060, t4=t3+(1, 3))	3	67
(2318, 46, 1180, t1) & (3635, 15, 190, t2=t1+(0, 4)) & (2318, 9, 3635, t3=t2+(0, 3)) -> (1180, 46, 3635, t4=t3+(1, 5))	3	68
(4146, 139, 1426, t1) & (1620, 18, 1278, t2=t1+(0, 4)) & (4146, 121, 1620, t3=t2+(0, 5)) -> (4146, 18, 1620, t4=t3+(1, 2))	3	69
(2412, 104, 4728, t1) & (761, 161, 260, t2=t1+(0, 5)) & (4728, 18, 761, t3=t2+(0, 6)) -> (260, 161, 260, t4=t3+(1, 4))	3	70
(123, 175, 2907, t1) & (713, 125, 4228, t2=t1+(0, 7)) & (123, 18, 713, t3=t2+(0, 5)) -> (123, 175, 123, t4=t3+(1, 8))	3	71
(298, 120, 1797, t1) & (3837, 193, 2913, t2=t1+(0, 2)) & (2913, 18, 1797, t3=t2+(0, 9)) -> (1797, 18, 3837, t4=t3+(1, 2))	3	72
(3820, 122, 1437, t1) & (811, 57, 3175, t2=t1+(0, 5)) & (3175, 129, 1437, t3=t2+(0, 4)) -> (3175, 122, 3820, t4=t3+(1, 2))	3	73
(3118, 119, 1478, t1) & (1941, 157, 4179, t2=t1+(0, 2)) & (3118, 64, 4179, t3=t2+(0, 9)) -> (3118, 119, 3118, t4=t3+(1, 6))	3	74
(1814, 156, 3225, t1) & (4046, 161, 3636, t2=t1+(0, 4)) & (3636, 92, 3225, t3=t2+(0, 7)) -> (3636, 92, 4046, t4=t3+(1, 6))	3	75
(3051, 130, 2096, t1) & (1218, 103, 1165, t2=t1+(0, 5)) & (1165, 142, 2096, t3=t2+(0, 4)) -> (2096, 142, 1218, t4=t3+(1, 4))	3	76
(1110, 125, 1860, t1) & (135, 43, 112, t2=t1+(0, 5)) & (1110, 77, 112, t3=t2+(0, 3)) -> (112, 43, 112, t4=t3+(1, 2))	3	77
(2357, 157, 4193, t1) & (1429, 84, 673, t2=t1+(0, 4)) & (4193, 43, 673, t3=t2+(0, 2)) -> (4193, 84, 673, t4=t3+(1, 4))	3	78
(1050, 51, 4275, t1) & (2770, 142, 910, t2=t1+(0, 5)) & (1050, 0, 910, t3=t2+(0, 9)) -> (910, 142, 910, t4=t3+(1, 9))	3	79
(2821, 48, 3008, t1) & (4420, 10, 2638, t2=t1+(0, 6)) & (2638, 150, 2821, t3=t2+(0, 3)) -> (2638, 48, 2821, t4=t3+(1, 5))	3	80
(4258, 119, 1015, t1) & (3866, 108, 1083, t2=t1+(0, 7)) & (1083, 80, 4258, t3=t2+(0, 4)) -> (3866, 119, 4258, t4=t3+(1, 7))	3	81
(899, 14, 169, t1) & (1293, 190, 2466, t2=t1+(0, 8)) & (169, 175, 1293, t3=t2+(0, 8)) -> (899, 14, 2466, t4=t3+(1, 8))	3	82
(3095, 59, 1476, t1) & (840, 84, 292, t2=t1+(0, 6)) & (292, 93, 1476, t3=t2+(0, 8)) -> (292, 59, 3095, t4=t3+(1, 5))	3	83
(1978, 8, 2880, t1) & (1784, 118, 191, t2=t1+(0, 5)) & (1784, 40, 2880, t3=t2+(0, 6)) -> (1784, 8, 1784, t4=t3+(1, 4))	3	84
(334, 47, 746, t1) & (4902, 125, 3057, t2=t1+(0, 8)) & (3057, 9, 746, t3=t2+(0, 3)) -> (746, 47, 334, t4=t3+(1, 3))	3	85
(733, 10, 4895, t1) & (4635, 17, 3661, t2=t1+(0, 3)) & (733, 72, 3661, t3=t2+(0, 6)) -> (3661, 17, 3661, t4=t3+(1, 5))	3	86
(296, 62, 4300, t1) & (1752, 142, 2647, t2=t1+(0, 5)) & (2647, 119, 4300, t3=t2+(0, 4)) -> (296, 142, 2647, t4=t3+(1, 4))	3	87
(4239, 14, 1102, t1) & (4905, 130, 2412, t2=t1+(0, 5)) & (4905, 184, 4239, t3=t2+(0, 3)) -> (4239, 14, 1102, t4=t3+(1, 2))	3	88
(3483, 159, 2167, t1) & (1498, 127, 4192, t2=t1+(0, 6)) & (1498, 134, 2167, t3=t2+(0, 5)) -> (1498, 134, 1498, t4=t3+(1, 4))	3	89
(1630, 97, 1562, t1) & (2763, 117, 3194, t2=t1+(0, 9)) & (2763, 90, 1562, t3=t2+(0, 8)) -> (2763, 117, 3194, t4=t3+(1, 7))	3	90
(2158, 59, 1373, t1) & (3592, 183, 1002, t2=t1+(0, 6)) & (2158, 103, 1002, t3=t2+(0, 3)) -> (2158, 183, 1373, t4=t3+(1, 6))	3	91
(522, 173, 4054, t1) & (3177, 154, 2583, t2=t1+(0, 3)) & (2583, 198, 4054, t3=t2+(0, 4)) -> (3177, 198, 2583, t4=t3+(1, 5))	3	92
(531, 32, 692, t1) & (1078, 155, 2957, t2=t1+(0, 3)) & (2957, 77, 531, t3=t2+(0, 8)) -> (531, 77, 2957, t4=t3+(1, 5))	3	93
(2348, 157, 4842, t1) & (2866, 75, 2434, t2=t1+(0, 5)) & (2434, 113, 4842, t3=t2+(0, 5)) -> (4842, 113, 2434, t4=t3+(1, 5))	3	94
(4109, 154, 2107, t1) & (1198, 74, 553, t2=t1+(0, 6)) & (1198, 88, 4109, t3=t2+(0, 8)) -> (1198, 74, 553, t4=t3+(1, 8))	3	95
(1339, 25, 4637, t1) & (2980, 168, 4064, t2=t1+(0, 4)) & (2980, 183, 1339, t3=t2+(0, 5)) -> (1339, 183, 1339, t4=t3+(1, 7))	3	96
(2924, 62, 269, t1) & (3944, 105, 2436, t2=t1+(0, 5)) & (269, 156, 3944, t3=t2+(0, 3)) -> (2436, 105, 3944, t4=t3+(1, 8))	3	97
(2701, 170, 2879, t1) & (4665, 18, 4780, t2=t1+(0, 2)) & (2701, 183, 4780, t3=t2+(0, 4)) -> (4780, 170, 4780, t4=t3+(1, 7))	3	98
(3920, 92, 4420, t1) & (2227, 25, 2048, t2=t1+(0, 10)) & (4420, 122, 2227, t3=t2+(0, 10)) -> (2227, 122, 2227, t4=t3+(1, 8))	3	99
(2231, 94, 4187, t1) & (887, 84, 4187, t2=t1+(0, 4)) -> (4187, 94, 4187, t3=t2+(1, 4))	2	100
(3274, 145, 486, t1) & (486, 145, 1022, t2=t1+(0, 8)) -> (3274, 145, 486, t3=t2+(1, 7))	2	101
(691, 156, 3145, t1) & (691, 189, 3145, t2=t1+(0, 3)) -> (3145, 189, 3145, t3=t2+(1, 3))	2	102
(623, 173, 50, t1) & (1583, 109, 50, t2=t1+(0, 6)) -> (50, 109, 50, t3=t2+(1, 4))	2	103
(796, 154, 1226, t1) & (796, 55, 1463, t2=t1+(0, 5)) -> (796, 55, 796, t3=t2+(1, 7))	2	104
(4286, 156, 4539, t1) & (4009, 148, 4539, t2=t1+(0, 4)) -> (4009, 148, 4286, t3=t2+(1, 1))	2	105
(1789, 117, 4788, t1) & (1789, 166, 451, t2=t1+(0, 7)) -> (1789, 117, 1789, t3=t2+(1, 7))	2	106
(1743, 21, 3054, t1) & (3054, 10, 1743, t2=t1+(0, 5)) -> (3054, 10, 1743, t3=t2+(1, 4))	2	107
(3673, 196, 4009, t1) & (924, 135, 3673, t2=t1+(0, 4)) -> (924, 135, 3673, t3=t2+(1, 6))	2	108
(1259, 143, 216, t1) & (1492, 10, 216, t2=t1+(0, 5)) -> (1259, 10, 216, t3=t2+(1, 3))	2	109
(385, 198, 4485, t1) & (4485, 62, 2261, t2=t1+(0, 4)) -> (4485, 198, 4485, t3=t2+(1, 3))	2	110
(2322, 92, 4211, t1) & (2322, 159, 1001, t2=t1+(0, 6)) -> (2322, 159, 4211, t3=t2+(1, 2))	2	111
(991, 46, 1275, t1) & (2549, 189, 1275, t2=t1+(0, 3)) -> (991, 46, 2549, t3=t2+(1, 6))	2	112
(3344, 114, 4549, t1) & (4549, 43, 4549, t2=t1+(0, 7)) -> (4549, 43, 3344, t3=t2+(1, 3))	2	113
(1547, 16, 1894, t1) & (1894, 196, 1894, t2=t1+(0, 4)) -> (1547, 16, 1894, t3=t2+(1, 4))	2	114
(3444, 171, 1414, t1) & (3444, 72, 1414, t2=t1+(0, 3)) -> (1414, 72, 1414, t3=t2+(1, 4))	2	115
(358, 77, 796, t1) & (358, 154, 199, t2=t1+(0, 4)) -> (358, 154, 358, t3=t2+(1, 5))	2	116
(4604, 46, 3444, t1) & (2226, 157, 3444, t2=t1+(0, 4)) -> (2226, 46, 2226, t3=t2+(1, 8))	2	117
(3519, 25, 31, t1) & (3519, 21, 3519, t2=t1+(0, 7)) -> (3519, 21, 3519, t3=t2+(1, 5))	2	118
(3372, 100, 4630, t1) & (628, 173, 3372, t2=t1+(0, 4)) -> (628, 173, 628, t3=t2+(1, 3))	2	119
(508, 91, 329, t1) & (4027, 96, 508, t2=t1+(0, 6)) -> (508, 91, 4027, t3=t2+(1, 4))	2	120
(3194, 27, 1994, t1) & (1994, 74, 3194, t2=t1+(0, 3)) -> (3194, 74, 1994, t3=t2+(1, 4))	2	121
(3275, 43, 3089, t1) & (3275, 92, 4884, t2=t1+(0, 2)) -> (3089, 92, 3089, t3=t2+(1, 9))	2	122
(4040, 105, 1528, t1) & (4040, 157, 1528, t2=t1+(0, 4)) -> (4040, 105, 1528, t3=t2+(1, 4))	2	123
(2028, 119, 4280, t1) & (3148, 135, 4280, t2=t1+(0, 4)) -> (3148, 135, 4280, t3=t2+(1, 8))	2	124
(2238, 142, 4480, t1) & (4294, 45, 4480, t2=t1+(0, 7)) -> (2238, 45, 2238, t3=t2+(1, 3))	2	125
(892, 51, 3015, t1) & (892, 147, 288, t2=t1+(0, 8)) -> (892, 51, 892, t3=t2+(1, 2))	2	126
(980, 66, 4686, t1) & (4686, 140, 677, t2=t1+(0, 5)) -> (4686, 140, 4686, t3=t2+(1, 5))	2	127
(722, 34, 3132, t1) & (505, 25, 3132, t2=t1+(0, 7)) -> (3132, 25, 505, t3=t2+(1, 9))	2	128
(130, 128, 2529, t1) & (3366, 146, 2529, t2=t1+(0, 3)) -> (2529, 146, 2529, t3=t2+(1, 8))	2	129
(427, 184, 3823, t1) & (2802, 10, 3823, t2=t1+(0, 11)) -> (427, 184, 3823, t3=t2+(1, 8))	2	130
(3769, 122, 3581, t1) & (1653, 46, 3581, t2=t1+(0, 5)) -> (3581, 122, 3581, t3=t2+(1, 5))	2	131
(4399, 9, 3640, t1) & (4399, 196, 3640, t2=t1+(0, 7)) -> (4399, 196, 4399, t3=t2+(1, 3))	2	132
(3869, 103, 377, t1) & (3869, 161, 377, t2=t1+(0, 4)) -> (377, 161, 3869, t3=t2+(1, 4))	2	133
(2182, 45, 2863, t1) & (2182, 196, 2182, t2=t1+(0, 3)) -> (2863, 45, 2182, t3=t2+(1, 7))	2	134
(3447, 35, 3244, t1) & (3244, 161, 3244, t2=t1+(0, 6)) -> (3244, 161, 3244, t3=t2+(1, 4))	2	135
(1671, 5, 2794, t1) & (2424, 47, 1671, t2=t1+(0, 5)) -> (2794, 47, 2794, t3=t2+(1, 5))	2	136
(2204, 90, 4577, t1) & (2344, 7, 2204, t2=t1+(0, 7)) -> (2204, 90, 2344, t3=t2+(1, 2))	2	137
(2254, 21, 1928, t1) & (3457, 117, 1928, t2=t1+(0, 8)) -> (1928, 21, 3457, t3=t2+(1, 2))	2	138
(3419, 90, 4553, t1) & (3038, 98, 3419, t2=t1+(0, 3)) -> (4553, 90, 3419, t3=t2+(1, 7))	2	139
(2399, 64, 2279, t1) & (2279, 7, 2504, t2=t1+(0, 5)) -> (2279, 7, 2504, t3=t2+(1, 4))	2	140
(1425, 193, 740, t1) & (27, 47, 1425, t2=t1+(0, 4)) -> (27, 193, 1425, t3=t2+(1, 4))	2	141
(3705, 88, 4048, t1) & (4092, 156, 3705, t2=t1+(0, 5)) -> (4048, 88, 3705, t3=t2+(1, 4))	2	142
(3122, 108, 3035, t1) & (3122, 170, 3840, t2=t1+(0, 2)) -> (3122, 170, 3122, t3=t2+(1, 6))	2	143
(3064, 27, 2279, t1) & (2279, 136, 3140, t2=t1+(0, 6)) -> (3064, 27, 3140, t3=t2+(1, 5))	2	144
(3170, 16, 1468, t1) & (4482, 88, 3170, t2=t1+(0, 2)) -> (1468, 88, 3170, t3=t2+(1, 5))	2	145
(3760, 197, 4547, t1) & (1661, 92, 4547, t2=t1+(0, 3)) -> (4547, 197, 4547, t3=t2+(1, 5))	2	146
(44, 142, 110, t1) & (110, 108, 4597, t2=t1+(0, 8)) -> (110, 142, 110, t3=t2+(1, 5))	2	147
(4885, 128, 1724, t1) & (1724, 104, 3570, t2=t1+(0, 12)) -> (1724, 104, 1724, t3=t2+(1, 3))	2	148
(2319, 105, 2659, t1) & (2659, 159, 2319, t2=t1+(0, 9)) -> (2659, 159, 2659, t3=t2+(1, 7))	2	149
(2144, 162, 1911, t1) & (2144, 119, 1911, t2=t1+(0, 7)) -> (1911, 162, 1911, t3=t2+(1, 4))	2	150
(2377, 198, 2833, t1) & (2377, 21, 4613, t2=t1+(0, 1)) -> (2833, 198, 2833, t3=t2+(1, 2))	2	151
(3169, 175, 2568, t1) & (2568, 105, 4038, t2=t1+(0, 1)) -> (2568, 175, 2568, t3=t2+(1, 5))	2	152
(2025, 90, 1845, t1) & (2421, 162, 1845, t2=t1+(0, 4)) -> (2421, 162, 2421, t3=t2+(1, 6))	2	153
(2645, 183, 2339, t1) & (4629, 110, 2645, t2=t1+(0, 4)) -> (2645, 110, 2645, t3=t2+(1, 3))	2	154
(2427, 67, 3259, t1) & (2228, 86, 2427, t2=t1+(0, 10)) -> (2427, 67, 3259, t3=t2+(1, 4))	2	155
(2332, 177, 3248, t1) & (3248, 90, 3248, t2=t1+(0, 7)) -> (3248, 177, 3248, t3=t2+(1, 6))	2	156
(851, 154, 4240, t1) & (1798, 3, 4240, t2=t1+(0, 8)) -> (4240, 154, 1798, t3=t2+(1, 4))	2	157
(3756, 197, 1024, t1) & (3433, 105, 1024, t2=t1+(0, 5)) -> (1024, 197, 1024, t3=t2+(1, 4))	2	158
(369, 122, 4583, t1) & (4583, 0, 4951, t2=t1+(0, 8)) -> (4951, 0, 4951, t3=t2+(1, 7))	2	159
(1092, 32, 3455, t1) & (1562, 39, 3455, t2=t1+(0, 5)) -> (3455, 32, 3455, t3=t2+(1, 3))	2	160
(3439, 156, 668, t1) & (1512, 22, 3439, t2=t1+(0, 5)) -> (668, 156, 3439, t3=t2+(1, 4))	2	161
(2412, 42, 2122, t1) & (288, 39, 2122, t2=t1+(0, 6)) -> (2412, 39, 2122, t3=t2+(1, 6))	2	162
(1402, 135, 3139, t1) & (3437, 165, 3139, t2=t1+(0, 7)) -> (3139, 135, 3139, t3=t2+(1, 8))	2	163
(3565, 136, 4216, t1) & (1672, 10, 4216, t2=t1+(0, 3)) -> (4216, 136, 3565, t3=t2+(1, 8))	2	164
(400, 99, 962, t1) & (962, 10, 962, t2=t1+(0, 9)) -> (962, 99, 962, t3=t2+(1, 3))	2	165
(2674, 177, 880, t1) & (2674, 197, 2674, t2=t1+(0, 6)) -> (2674, 197, 2674, t3=t2+(1, 1))	2	166
(2586, 88, 1623, t1) & (2586, 88, 2586, t2=t1+(0, 3)) -> (2586, 88, 2586, t3=t2+(1, 6))	2	167
(172, 110, 2783, t1) & (172, 162, 679, t2=t1+(0, 4)) -> (172, 162, 2783, t3=t2+(1, 7))	2	168
(4464, 161, 3517, t1) & (4464, 75, 3612, t2=t1+(0, 6)) -> (3612, 75, 3517, t3=t2+(1, 9))	2	169
(2909, 27, 600, t1) & (2909, 46, 3551, t2=t1+(0, 2)) -> (600, 27, 3551, t3=t2+(1, 2))	2	170
(1210, 122, 490, t1) & (490, 5, 993, t2=t1+(0, 4)) -> (490, 5, 993, t3=t2+(1, 6))	2	171
(1364, 76, 2930, t1) & (1364, 32, 1364, t2=t1+(0, 5)) -> (1364, 32, 1364, t3=t2+(1, 2))	2	172
(3214, 120, 1398, t1) & (1398, 35, 1398, t2=t1+(0, 1)) -> (1398, 35, 1398, t3=t2+(1, 4))	2	173
(2606, 48, 2519, t1) & (2922, 75, 2519, t2=t1+(0, 4)) -> (2519, 75, 2519, t3=t2+(1, 7))	2	174
(3147, 165, 2260, t1) & (3147, 43, 3147, t2=t1+(0, 1)) -> (3147, 165, 3147, t3=t2+(1, 4))	2	175
(3420, 167, 603, t1) & (2449, 92, 3420, t2=t1+(0, 5)) -> (2449, 92, 603, t3=t2+(1, 3))	2	176
(2444, 109, 1971, t1) & (1971, 165, 3651, t2=t1+(0, 7)) -> (1971, 165, 3651, t3=t2+(1, 6))	2	177
(3906, 114, 55, t1) & (55, 175, 4794, t2=t1+(0, 8)) -> (55, 114, 3906, t3=t2+(1, 3))	2	178
(2145, 83, 4579, t1) & (4579, 144, 2145, t2=t1+(0, 6)) -> (4579, 83, 2145, t3=t2+(1, 5))	2	179
(1295, 103, 4158, t1) & (2094, 5, 1295, t2=t1+(0, 3)) -> (2094, 5, 1295, t3=t2+(1, 4))	2	180
(4586, 117, 1819, t1) & (4586, 161, 4586, t2=t1+(0, 5)) -> (4586, 117, 4586, t3=t2+(1, 7))	2	181
(1074, 118, 1994, t1) & (1994, 33, 838, t2=t1+(0, 4)) -> (1994, 33, 1074, t3=t2+(1, 4))	2	182
(1539, 142, 4158, t1) & (1539, 62, 4158, t2=t1+(0, 4)) -> (1539, 62, 1539, t3=t2+(1, 4))	2	183
(280, 117, 4683, t1) & (280, 147, 4683, t2=t1+(0, 3)) -> (280, 147, 280, t3=t2+(1, 5))	2	184
(3400, 17, 2720, t1) & (269, 154, 2720, t2=t1+(0, 8)) -> (2720, 17, 3400, t3=t2+(1, 6))	2	185
(4908, 165, 2914, t1) & (4960, 17, 4908, t2=t1+(0, 4)) -> (4908, 165, 4908, t3=t2+(1, 6))	2	186
(4517, 3, 4133, t1) & (4517, 92, 4517, t2=t1+(0, 3)) -> (4517, 3, 4517, t3=t2+(1, 6))	2	187
(1705, 143, 4251, t1) & (4251, 55, 1705, t2=t1+(0, 4)) -> (1705, 55, 1705, t3=t2+(1, 4))	2	188
(808, 128, 3472, t1) & (4489, 146, 3472, t2=t1+(0, 5)) -> (4489, 128, 808, t3=t2+(1, 5))	2	189
(595, 129, 2119, t1) & (2119, 142, 595, t2=t1+(0, 4)) -> (2119, 129, 2119, t3=t2+(1, 3))	2	190
(2358, 192, 3415, t1) & (2358, 76, 2851, t2=t1+(0, 6)) -> (2358, 76, 2358, t3=t2+(1, 7))	2	191
(3999, 161, 4500, t1) & (3843, 24, 3999, t2=t1+(0, 7)) -> (3999, 24, 3999, t3=t2+(1, 4))	2	192
(226, 165, 2996, t1) & (226, 135, 4199, t2=t1+(0, 2)) -> (226, 135, 226, t3=t2+(1, 8))	2	193
(1934, 25, 1705, t1) & (3416, 125, 1934, t2=t1+(0, 3)) -> (1934, 25, 3416, t3=t2+(1, 5))	2	194
(627, 119, 4706, t1) & (627, 128, 4706, t2=t1+(0, 6)) -> (4706, 119, 4706, t3=t2+(1, 4))	2	195
(1771, 70, 1312, t1) & (1771, 195, 4102, t2=t1+(0, 5)) -> (4102, 70, 4102, t3=t2+(1, 2))	2	196
(219, 140, 1264, t1) & (1264, 46, 219, t2=t1+(0, 5)) -> (1264, 46, 1264, t3=t2+(1, 5))	2	197
(3641, 74, 575, t1) & (2106, 117, 3641, t2=t1+(0, 6)) -> (3641, 74, 3641, t3=t2+(1, 7))	2	198
(2560, 9, 4684, t1) & (2560, 7, 2560, t2=t1+(0, 9)) -> (2560, 9, 4684, t3=t2+(1, 7))	2	199
(2568, 139, 4946, t1) -> (4946, 139, 2568, t2=t1+(1, 4))	1	200
(420, 162, 2308, t1) -> (420, 162, 2308, t2=t1+(1, 4))	1	201
(3821, 161, 4468, t1) -> (3821, 161, 3821, t2=t1+(1, 4))	1	202
(521, 129, 2762, t1) -> (2762, 129, 2762, t2=t1+(1, 10))	1	203
(1698, 147, 3405, t1) -> (3405, 147, 1698, t2=t1+(1, 1))	1	204
(2840, 25, 3825, t1) -> (2840, 25, 3825, t2=t1+(1, 5))	1	205
(998, 165, 176, t1) -> (998, 165, 176, t2=t1+(1, 4))	1	206
(2244, 125, 1819, t1) -> (1819, 125, 1819, t2=t1+(1, 9))	1	207
(1638, 136, 4538, t1) -> (4538, 136, 4538, t2=t1+(1, 5))	1	208
(688, 42, 228, t1) -> (688, 42, 688, t2=t1+(1, 5))	1	209
(2330, 139, 1280, t1) -> (2330, 139, 1280, t2=t1+(1, 2))	1	210
(3871, 25, 125, t1) -> (3871, 25, 3871, t2=t1+(1, 2))	1	211
(4523, 157, 3107, t1) -> (3107, 157, 3107, t2=t1+(1, 5))	1	212
(4008, 119, 4260, t1) -> (4260, 119, 4008, t2=t1+(1, 6))	1	213
(4760, 120, 62, t1) -> (4760, 120, 4760, t2=t1+(1, 3))	1	214
(4598, 142, 3425, t1) -> (3425, 142, 4598, t2=t1+(1, 2))	1	215
(1005, 27, 1009, t1) -> (1009, 27, 1009, t2=t1+(1, 4))	1	216
(4974, 139, 1653, t1) -> (4974, 139, 4974, t2=t1+(1, 7))	1	217
(2318, 10, 1365, t1) -> (1365, 10, 1365, t2=t1+(1, 8))	1	218
(3915, 145, 4063, t1) -> (3915, 145, 4063, t2=t1+(1, 8))	1	219
(4111, 17, 1296, t1) -> (1296, 17, 1296, t2=t1+(1, 6))	1	220
(2757, 134, 1726, t1) -> (1726, 134, 2757, t2=t1+(1, 2))	1	221
(3286, 162, 3049, t1) -> (3049, 162, 3286, t2=t1+(1, 3))	1	222
(4273, 103, 952, t1) -> (4273, 103, 952, t2=t1+(1, 5))	1	223
(3007, 59, 8, t1) -> (3007, 59, 3007, t2=t1+(1, 9))	1	224
(650, 122, 2351, t1) -> (2351, 122, 650, t2=t1+(1, 1))	1	225
(1087, 125, 132, t1) -> (132, 125, 132, t2=t1+(1, 6))	1	226
(589, 46, 2268, t1) -> (589, 46, 2268, t2=t1+(1, 3))	1	227
(2506, 48, 4537, t1) -> (4537, 48, 4537, t2=t1+(1, 3))	1	228
(3437, 154, 3161, t1) -> (3161, 154, 3437, t2=t1+(1, 5))	1	229
(757, 55, 1498, t1) -> (1498, 55, 1498, t2=t1+(1, 6))	1	230
(327, 198, 2460, t1) -> (327, 198, 2460, t2=t1+(1, 2))	1	231
(4094, 71, 3376, t1) -> (4094, 71, 3376, t2=t1+(1, 3))	1	232
(3111, 62, 4879, t1) -> (3111, 62, 3111, t2=t1+(1, 2))	1	233
(4370, 146, 1443, t1) -> (4370, 146, 4370, t2=t1+(1, 3))	1	234
(1473, 75, 455, t1) -> (1473, 75, 455, t2=t1+(1, 3))	1	235
(3726, 140, 1731, t1) -> (3726, 140, 1731, t2=t1+(1, 7))	1	236
(614, 196, 4467, t1) -> (4467, 196, 614, t2=t1+(1, 4))	1	237
(479, 27, 4222, t1) -> (4222, 27, 4222, t2=t1+(1, 6))	1	238
(249, 10, 1282, t1) -> (249, 10, 1282, t2=t1+(1, 7))	1	239
(4454, 109, 2158, t1) -> (4454, 109, 2158, t2=t1+(1, 3))	1	240
(1576, 155, 3034, t1) -> (1576, 155, 1576, t2=t1+(1, 12))	1	241
(1533, 76, 2721, t1) -> (1533, 76, 2721, t2=t1+(1, 4))	1	242
(27, 117, 1810, t1) -> (27, 117, 1810, t2=t1+(1, 4))	1	243
(214, 115, 4854, t1) -> (214, 115, 4854, t2=t1+(1, 3))	1	244
(3040, 27, 988, t1) -> (988, 27, 988, t2=t1+(1, 3))	1	245
(2729, 140, 1803, t1) -> (1803, 140, 1803, t2=t1+(1, 5))	1	246
(4513, 112, 3478, t1) -> (4513, 112, 4513, t2=t1+(1, 6))	1	247
(685, 139, 3495, t1) -> (685, 139, 685, t2=t1+(1, 4))	1	248
(1941, 76, 1983, t1) -> (1941, 76, 1983, t2=t1+(1, 3))	1	249
(2779, 142, 3644, t1) -> (3644, 142, 3644, t2=t1+(1, 8))	1	250
(1738, 25, 1389, t1) -> (1738, 25, 1738, t2=t1+(1, 6))	1	251
(1997, 135, 4219, t1) -> (1997, 135, 1997, t2=t1+(1, 4))	1	252
(2267, 122, 655, t1) -> (655, 122, 655, t2=t1+(1, 5))	1	253
(2356, 5, 1792, t1) -> (2356, 5, 2356, t2=t1+(1, 5))	1	254
(1586, 44, 1051, t1) -> (1051, 44, 1051, t2=t1+(1, 9))	1	255
(4890, 101, 43, t1) -> (43, 101, 43, t2=t1+(1, 3))	1	256
(4603, 35, 1281, t1) -> (4603, 35, 1281, t2=t1+(1, 7))	1	257
(1073, 139, 1353, t1) -> (1073, 139, 1073, t2=t1+(1, 5))	1	258
(4975, 182, 3602, t1) -> (3602, 182, 3602, t2=t1+(1, 5))	1	259
(565, 119, 3978, t1) -> (565, 119, 3978, t2=t1+(1, 6))	1	260
(1401, 148, 886, t1) -> (886, 148, 1401, t2=t1+(1, 3))	1	261
(1757, 117, 3337, t1) -> (3337, 117, 3337, t2=t1+(1, 7))	1	262
(3849, 7, 2034, t1) -> (3849, 7, 2034, t2=t1+(1, 6))	1	263
(4989, 75, 2075, t1) -> (2075, 75, 2075, t2=t1+(1, 8))	1	264
(4246, 118, 2274, t1) -> (4246, 118, 2274, t2=t1+(1, 3))	1	265
(711, 110, 3206, t1) -> (3206, 110, 3206, t2=t1+(1, 6))	1	266
(636, 117, 2902, t1) -> (2902, 117, 2902, t2=t1+(1, 4))	1	267
(2379, 197, 1393, t1) -> (2379, 197, 1393, t2=t1+(1, 3))	1	268
(2472, 183, 2876, t1) -> (2472, 183, 2472, t2=t1+(1, 4))	1	269
(3916, 80, 690, t1) -> (690, 80, 690, t2=t1+(1, 3))	1	270
(3336, 148, 3526, t1) -> (3526, 148, 3526, t2=t1+(1, 4))	1	271
(127, 86, 1324, t1) -> (127, 86, 1324, t2=t1+(1, 7))	1	272
(149, 162, 220, t1) -> (220, 162, 220, t2=t1+(1, 7))	1	273
(2569, 117, 2193, t1) -> (2193, 117, 2193, t2=t1+(1, 3))	1	274
(1298, 118, 4890, t1) -> (1298, 118, 4890, t2=t1+(1, 7))	1	275
(217, 43, 656, t1) -> (217, 43, 217, t2=t1+(1, 8))	1	276
(580, 62, 3975, t1) -> (580, 62, 3975, t2=t1+(1, 4))	1	277
(4068, 76, 4031, t1) -> (4068, 76, 4031, t2=t1+(1, 10))	1	278
(945, 20, 407, t1) -> (407, 20, 407, t2=t1+(1, 3))	1	279
(2233, 76, 259, t1) -> (2233, 76, 2233, t2=t1+(1, 6))	1	280
(1100, 27, 794, t1) -> (1100, 27, 794, t2=t1+(1, 3))	1	281
(1006, 120, 2360, t1) -> (1006, 120, 2360, t2=t1+(1, 4))	1	282
(4479, 77, 1194, t1) -> (1194, 77, 4479, t2=t1+(1, 6))	1	283
(4967, 127, 3443, t1) -> (4967, 127, 4967, t2=t1+(1, 2))	1	284
(4690, 184, 236, t1) -> (236, 184, 4690, t2=t1+(1, 3))	1	285
(1764, 161, 2582, t1) -> (2582, 161, 2582, t2=t1+(1, 5))	1	286
(4664, 103, 117, t1) -> (117, 103, 117, t2=t1+(1, 5))	1	287
(4178, 142, 910, t1) -> (910, 142, 4178, t2=t1+(1, 6))	1	288
(3956, 193, 3543, t1) -> (3956, 193, 3543, t2=t1+(1, 5))	1	289
(4729, 148, 559, t1) -> (4729, 148, 559, t2=t1+(1, 6))	1	290
(1780, 123, 4180, t1) -> (4180, 123, 4180, t2=t1+(1, 5))	1	291
(292, 183, 4084, t1) -> (4084, 183, 292, t2=t1+(1, 7))	1	292
(1802, 43, 2916, t1) -> (2916, 43, 1802, t2=t1+(1, 2))	1	293
(2211, 153, 589, t1) -> (2211, 153, 589, t2=t1+(1, 3))	1	294
(1879, 9, 806, t1) -> (806, 9, 1879, t2=t1+(1, 3))	1	295
(422, 149, 2499, t1) -> (2499, 149, 2499, t2=t1+(1, 2))	1	296
(4507, 128, 1371, t1) -> (4507, 128, 4507, t2=t1+(1, 7))	1	297
(4956, 72, 4213, t1) -> (4213, 72, 4956, t2=t1+(1, 9))	1	298
(1190, 157, 4390, t1) -> (4390, 157, 1190, t2=t1+(1, 6))	1	299
