(4567, 136, 4367, t1) & (1187, 24, 53, t2=t1+(0, 4)) & (1187, 192, 4367, t3=t2+(0, 5)) -> (1187, 136, 4367, t4=t3+(1, 3))	3	0
(3695, 93, 1136, t1) & (2342, 144, 2067, t2=t1+(0, 6)) & (2067, 157, 3695, t3=t2+(0, 3)) -> (3695, 157, 1136, t4=t3+(1, 10))	3	1
(1856, 151, 2806, t1) & (4165, 66, 652, t2=t1+(0, 7)) & (2806, 141, 652, t3=t2+(0, 4)) -> (1856, 151, 652, t4=t3+(1, 7))	3	2
(3375, 18, 1679, t1) & (3368, 122, 1665, t2=t1+(0, 4)) & (3375, 25, 1665, t3=t2+(0, 7)) -> (3375, 122, 3368, t4=t3+(1, 5))	3	3
(1854, 68, 3812, t1) & (2292, 47, 2715, t2=t1+(0, 4)) & (3812, 161, 2292, t3=t2+(0, 1)) -> (3812, 68, 2715, t4=t3+(1, 7))	3	4
(120, 105, 3803, t1) & (4948, 11, 2709, t2=t1+(0, 12)) & (3803, 96, 2709, t3=t2+(0, 6)) -> (120, 11, 3803, t4=t3+(1, 3))	3	5
(3420, 184, 4203, t1) & (4586, 41, 1010, t2=t1+(0, 9)) & (4586, 173, 4203, t3=t2+(0, 4)) -> (3420, 173, 4203, t4=t3+(1, 9))	3	6
(1511, 148, 3937, t1) & (422, 61, 1179, t2=t1+(0, 2)) & (3937, 23, 1179, t3=t2+(0, 7)) -> (3937, 148, 3937, t4=t3+(1, 6))	3	7
(4639, 141, 371, t1) & (2248, 14, 1953, t2=t1+(0, 6)) & (371, 160, 2248, t3=t2+(0, 6)) -> (371, 14, 4639, t4=t3+(1, 7))	3	8
(2155, 178, 1892, t1) & (3180, 43, 4503, t2=t1+(0, 7)) & (3180, 118, 2155, t3=t2+(0, 4)) -> (4503, 178, 1892, t4=t3+(1, 13))	3	9
(4178, 39, 2716, t1) & (789, 100, 4117, t2=t1+(0, 3)) & (4117, 87, 4178, t3=t2+(0, 3)) -> (4178, 87, 4117, t4=t3+(1, 5))	3	10
(3539, 109, 824, t1) & (140, 48, 1456, t2=t1+(0, 11)) & (140, 37, 3539, t3=t2+(0, 3)) -> (140, 109, 1456, t4=t3+(1, 6))	3	11
(2366, 197, 2784, t1) & (3781, 16, 2987, t2=t1+(0, 7)) & (2784, 175, 3781, t3=t2+(0, 8)) -> (2784, 197, 2987, t4=t3+(1, 7))	3	12
(308, 127, 1051, t1) & (2146, 184, 2812, t2=t1+(0, 4)) & (2812, 153, 308, t3=t2+(0, 2)) -> (2812, 127, 308, t4=t3+(1, 5))	3	13
(1303, 161, 3148, t1) & (2476, 127, 3515, t2=t1+(0, 7)) & (3148, 135, 3515, t3=t2+(0, 8)) -> (1303, 135, 3148, t4=t3+(1, 5))	3	14
(2698, 79, 4151, t1) & (2698, 123, 4215, t2=t1+(0, 2)) & (4215, 126, 2698, t3=t2+(0, 8)) -> (4215, 79, 2698, t4=t3+(1, 3))	3	15
(4520, 161, 4088, t1) & (1898, 93, 1491, t2=t1+(0, 8)) & (4520, 176, 1898, t3=t2+(0, 2)) -> (4520, 161, 4088, t4=t3+(1, 4))	3	16
(4158, 83, 603, t1) & (3951, 35, 1474, t2=t1+(0, 7)) & (4158, 106, 1474, t3=t2+(0, 8)) -> (3951, 106, 4158, t4=t3+(1, 5))	3	17
(1389, 38, 4010, t1) & (3114, 161, 561, t2=t1+(0, 8)) & (561, 16, 1389, t3=t2+(0, 2)) -> (1389, 161, 4010, t4=t3+(1, 6))	3	18
(285, 186, 749, t1) & (647, 137, 4875, t2=t1+(0, 5)) & (749, 183, 4875, t3=t2+(0, 6)) -> (749, 183, 285, t4=t3+(1, 7))	3	19
(4618, 63, 1163, t1) & (1214, 45, 3046, t2=t1+(0, 4)) & (1214, 174, 1163, t3=t2+(0, 0)) -> (4618, 174, 3046, t4=t3+(1, 8))	3	20
(1475, 47, 1833, t1) & (448, 30, 3006, t2=t1+(0, 6)) & (3006, 155, 1833, t3=t2+(0, 2)) -> (448, 47, 1833, t4=t3+(1, 2))	3	21
(366, 182, 3479, t1) & (4053, 147, 2379, t2=t1+(0, 5)) & (2379, 172, 366, t3=t2+(0, 2)) -> (2379, 182, 366, t4=t3+(1, 3))	3	22
(2145, 110, 221, t1) & (3777, 173, 4168, t2=t1+(0, 4)) & (3777, 187, 2145, t3=t2+(0, 6)) -> (3777, 110, 3777, t4=t3+(1, 4))	3	23
(1525, 126, 3574, t1) & (4873, 135, 4353, t2=t1+(0, 5)) & (1525, 12, 4873, t3=t2+(0, 5)) -> (3574, 135, 1525, t4=t3+(1, 4))	3	24
(4326, 82, 2350, t1) & (4326, 16, 2350, t2=t1+(0, 5)) -> (4326, 16, 2350, t3=t2+(1, 11))	2	25
(1917, 15, 671, t1) & (1917, 97, 671, t2=t1+(0, 5)) -> (1917, 15, 1917, t3=t2+(1, 9))	2	26
(4109, 19, 1505, t1) & (1505, 160, 4109, t2=t1+(0, 8)) -> (1505, 160, 1505, t3=t2+(1, 2))	2	27
(131, 8, 445, t1) & (131, 140, 3775, t2=t1+(0, 11)) -> (445, 140, 445, t3=t2+(1, 5))	2	28
(4273, 182, 630, t1) & (4273, 61, 2220, t2=t1+(0, 8)) -> (630, 182, 2220, t3=t2+(1, 4))	2	29
(3519, 131, 1894, t1) & (3519, 171, 551, t2=t1+(0, 7)) -> (551, 131, 1894, t3=t2+(1, 9))	2	30
(4336, 67, 1355, t1) & (1355, 68, 4336, t2=t1+(0, 7)) -> (1355, 68, 4336, t3=t2+(1, 3))	2	31
(4009, 145, 565, t1) & (565, 145, 1332, t2=t1+(0, 1)) -> (1332, 145, 1332, t3=t2+(1, 4))	2	32
(1059, 58, 103, t1) & (103, 73, 2174, t2=t1+(0, 8)) -> (2174, 58, 1059, t3=t2+(1, 9))	2	33
(1816, 170, 3154, t1) & (4664, 65, 3154, t2=t1+(0, 4)) -> (1816, 170, 4664, t3=t2+(1, 5))	2	34
(2225, 13, 3546, t1) & (3546, 31, 4075, t2=t1+(0, 5)) -> (3546, 13, 2225, t3=t2+(1, 2))	2	35
(704, 130, 4821, t1) & (704, 147, 1038, t2=t1+(0, 6)) -> (704, 130, 704, t3=t2+(1, 5))	2	36
(2330, 74, 3531, t1) & (2330, 40, 2330, t2=t1+(0, 4)) -> (2330, 40, 2330, t3=t2+(1, 7))	2	37
(2360, 30, 2650, t1) & (2360, 80, 2650, t2=t1+(0, 7)) -> (2650, 80, 2650, t3=t2+(1, 6))	2	38
(943, 126, 3168, t1) & (943, 89, 943, t2=t1+(0, 4)) -> (3168, 126, 3168, t3=t2+(1, 6))	2	39
(4832, 118, 2004, t1) & (4832, 170, 188, t2=t1+(0, 3)) -> (2004, 118, 188, t3=t2+(1, 9))	2	40
(4356, 116, 3077, t1) & (4356, 30, 3077, t2=t1+(0, 6)) -> (4356, 116, 4356, t3=t2+(1, 2))	2	41
(902, 39, 1012, t1) & (1012, 36, 1012, t2=t1+(0, 11)) -> (1012, 39, 1012, t3=t2+(1, 9))	2	42
(2580, 167, 3307, t1) & (3307, 3, 3007, t2=t1+(0, 2)) -> (2580, 167, 3307, t3=t2+(1, 9))	2	43
(199, 44, 3734, t1) & (3734, 106, 1825, t2=t1+(0, 3)) -> (1825, 106, 1825, t3=t2+(1, 6))	2	44
(4829, 24, 4024, t1) & (4024, 34, 2808, t2=t1+(0, 3)) -> (4024, 24, 4024, t3=t2+(1, 4))	2	45
(3719, 157, 3316, t1) & (3316, 102, 2997, t2=t1+(0, 2)) -> (2997, 157, 2997, t3=t2+(1, 2))	2	46
(2184, 43, 3339, t1) & (2850, 136, 3339, t2=t1+(0, 4)) -> (2850, 43, 2850, t3=t2+(1, 7))	2	47
(3886, 76, 3994, t1) & (2721, 70, 3886, t2=t1+(0, 4)) -> (2721, 70, 2721, t3=t2+(1, 7))	2	48
(2879, 7, 1545, t1) & (980, 104, 1545, t2=t1+(0, 6)) -> (1545, 7, 2879, t3=t2+(1, 6))	2	49
(3942, 65, 1101, t1) & (1101, 104, 1029, t2=t1+(0, 7)) -> (1101, 104, 1101, t3=t2+(1, 5))	2	50
(3681, 9, 3719, t1) & (3681, 60, 3681, t2=t1+(0, 9)) -> (3681, 9, 3719, t3=t2+(1, 6))	2	51
(2899, 102, 1380, t1) & (2137, 148, 1380, t2=t1+(0, 4)) -> (2137, 148, 1380, t3=t2+(1, 3))	2	52
(1167, 119, 3894, t1) & (3666, 69, 3894, t2=t1+(0, 7)) -> (1167, 119, 3894, t3=t2+(1, 3))	2	53
(3969, 61, 4933, t1) & (389, 104, 4933, t2=t1+(0, 4)) -> (4933, 61, 4933, t3=t2+(1, 4))	2	54
(3266, 141, 2176, t1) & (3266, 101, 2176, t2=t1+(0, 4)) -> (2176, 141, 3266, t3=t2+(1, 7))	2	55
(4979, 35, 3932, t1) & (4979, 44, 2205, t2=t1+(0, 5)) -> (3932, 44, 4979, t3=t2+(1, 5))	2	56
(1259, 186, 1429, t1) & (4380, 196, 1259, t2=t1+(0, 4)) -> (1259, 196, 4380, t3=t2+(1, 4))	2	57
(2171, 36, 4575, t1) & (2171, 25, 4575, t2=t1+(0, 5)) -> (2171, 25, 2171, t3=t2+(1, 6))	2	58
(3341, 98, 3588, t1) & (3588, 177, 3588, t2=t1+(0, 8)) -> (3588, 98, 3588, t3=t2+(1, 6))	2	59
(4294, 103, 2569, t1) & (2569, 59, 4294, t2=t1+(0, 9)) -> (2569, 59, 2569, t3=t2+(1, 6))	2	60
(1189, 130, 1646, t1) & (1189, 169, 1646, t2=t1+(0, 4)) -> (1189, 130, 1189, t3=t2+(1, 4))	2	61
(2134, 34, 1658, t1) & (2134, 50, 2640, t2=t1+(0, 1)) -> (2134, 50, 2134, t3=t2+(1, 9))	2	62
(302, 2, 784, t1) & (784, 199, 302, t2=t1+(0, 1)) -> (784, 2, 784, t3=t2+(1, 5))	2	63
(2943, 105, 1889, t1) & (2730, 167, 2943, t2=t1+(0, 5)) -> (2730, 105, 1889, t3=t2+(1, 9))	2	64
(2221, 187, 814, t1) & (1563, 116, 2221, t2=t1+(0, 12)) -> (2221, 116, 2221, t3=t2+(1, 7))	2	65
(3659, 116, 4467, t1) & (3659, 171, 3659, t2=t1+(0, 10)) -> (3659, 116, 3659, t3=t2+(1, 2))	2	66
(4154, 137, 410, t1) & (4154, 79, 1496, t2=t1+(0, 4)) -> (4154, 79, 4154, t3=t2+(1, 4))	2	67
(4290, 56, 1255, t1) & (1255, 64, 3864, t2=t1+(0, 3)) -> (4290, 64, 1255, t3=t2+(1, 7))	2	68
(1410, 163, 2431, t1) & (2431, 3, 1410, t2=t1+(0, 6)) -> (1410, 163, 2431, t3=t2+(1, 8))	2	69
(2325, 190, 3731, t1) & (3731, 147, 2067, t2=t1+(0, 3)) -> (2067, 190, 3731, t3=t2+(1, 2))	2	70
(4958, 154, 2056, t1) & (2056, 54, 4958, t2=t1+(0, 9)) -> (2056, 154, 4958, t3=t2+(1, 2))	2	71
(744, 190, 3869, t1) & (4515, 182, 3869, t2=t1+(0, 8)) -> (744, 182, 3869, t3=t2+(1, 4))	2	72
(3971, 127, 4001, t1) & (4001, 87, 4856, t2=t1+(0, 4)) -> (3971, 127, 3971, t3=t2+(1, 5))	2	73
(4468, 142, 1112, t1) & (3610, 162, 1112, t2=t1+(0, 3)) -> (3610, 162, 4468, t3=t2+(1, 8))	2	74
(3342, 136, 1011, t1) & (3342, 14, 3342, t2=t1+(0, 7)) -> (1011, 14, 1011, t3=t2+(1, 6))	2	75
(1423, 139, 168, t1) & (1979, 110, 1423, t2=t1+(0, 4)) -> (1423, 139, 1979, t3=t2+(1, 8))	2	76
(2335, 159, 1119, t1) & (2335, 44, 1638, t2=t1+(0, 4)) -> (1119, 44, 2335, t3=t2+(1, 1))	2	77
(628, 55, 1620, t1) & (628, 17, 628, t2=t1+(0, 4)) -> (628, 55, 628, t3=t2+(1, 4))	2	78
(4648, 62, 1576, t1) & (1747, 2, 4648, t2=t1+(0, 4)) -> (4648, 62, 4648, t3=t2+(1, 7))	2	79
(468, 62, 3772, t1) & (468, 102, 3549, t2=t1+(0, 8)) -> (468, 62, 3772, t3=t2+(1, 1))	2	80
(4365, 136, 3002, t1) & (3808, 91, 4365, t2=t1+(0, 8)) -> (3808, 91, 3808, t3=t2+(1, 6))	2	81
(3694, 66, 131, t1) & (131, 180, 4759, t2=t1+(0, 7)) -> (131, 66, 3694, t3=t2+(1, 4))	2	82
(1683, 195, 4767, t1) & (1683, 148, 4767, t2=t1+(0, 7)) -> (1683, 148, 4767, t3=t2+(1, 3))	2	83
(1521, 14, 3401, t1) & (3401, 38, 3401, t2=t1+(0, 6)) -> (3401, 14, 3401, t3=t2+(1, 6))	2	84
(3554, 1, 1221, t1) & (1221, 85, 1221, t2=t1+(0, 3)) -> (1221, 85, 1221, t3=t2+(1, 2))	2	85
(1359, 118, 4871, t1) & (1359, 190, 4871, t2=t1+(0, 9)) -> (4871, 190, 4871, t3=t2+(1, 6))	2	86
(788, 23, 4236, t1) & (788, 82, 788, t2=t1+(0, 5)) -> (788, 82, 788, t3=t2+(1, 4))	2	87
(1694, 148, 3665, t1) & (1420, 141, 3665, t2=t1+(0, 5)) -> (1420, 148, 3665, t3=t2+(1, 7))	2	88
(2603, 41, 3454, t1) & (3454, 92, 2603, t2=t1+(0, 4)) -> (2603, 41, 3454, t3=t2+(1, 6))	2	89
(479, 112, 3623, t1) & (3584, 173, 3623, t2=t1+(0, 8)) -> (3584, 112, 3623, t3=t2+(1, 1))	2	90
(1052, 57, 4917, t1) & (1052, 139, 1052, t2=t1+(0, 3)) -> (1052, 57, 1052, t3=t2+(1, 5))	2	91
(3311, 4, 3268, t1) & (3268, 34, 3268, t2=t1+(0, 10)) -> (3311, 4, 3268, t3=t2+(1, 6))	2	92
(4453, 51, 4501, t1) & (4501, 122, 4501, t2=t1+(0, 2)) -> (4501, 122, 4501, t3=t2+(1, 7))	2	93
(1959, 191, 4138, t1) & (1959, 169, 4138, t2=t1+(0, 6)) -> (1959, 169, 1959, t3=t2+(1, 5))	2	94
(1227, 168, 1707, t1) & (1707, 27, 1707, t2=t1+(0, 3)) -> (1707, 168, 1707, t3=t2+(1, 3))	2	95
(1360, 51, 3447, t1) & (3447, 45, 1360, t2=t1+(0, 6)) -> (1360, 45, 1360, t3=t2+(1, 3))	2	96
(2064, 16, 3899, t1) & (3823, 148, 2064, t2=t1+(0, 3)) -> (2064, 148, 3823, t3=t2+(1, 5))	2	97
(2525, 102, 4724, t1) & (3408, 173, 4724, t2=t1+(0, 3)) -> (4724, 173, 2525, t3=t2+(1, 5))	2	98
(1652, 193, 593, t1) & (3389, 139, 593, t2=t1+(0, 6)) -> (593, 193, 593, t3=t2+(1, 1))	2	99
(244, 191, 3222, t1) & (182, 58, 244, t2=t1+(0, 3)) -> (3222, 58, 244, t3=t2+(1, 3))	2	100
(3892, 104, 3202, t1) & (3202, 167, 2447, t2=t1+(0, 8)) -> (2447, 104, 3202, t3=t2+(1, 7))	2	101
(57, 12, 745, t1) & (4433, 178, 745, t2=t1+(0, 3)) -> (745, 178, 4433, t3=t2+(1, 6))	2	102
(173, 49, 2207, t1) & (173, 169, 3530, t2=t1+(0, 5)) -> (3530, 169, 2207, t3=t2+(1, 4))	2	103
(3587, 57, 4503, t1) & (4503, 87, 3587, t2=t1+(0, 5)) -> (4503, 57, 4503, t3=t2+(1, 3))	2	104
(3776, 190, 1951, t1) & (467, 81, 1951, t2=t1+(0, 5)) -> (1951, 81, 1951, t3=t2+(1, 5))	2	105
(3882, 182, 1969, t1) & (2447, 129, 3882, t2=t1+(0, 3)) -> (3882, 182, 3882, t3=t2+(1, 9))	2	106
(3599, 79, 4693, t1) & (3599, 82, 3229, t2=t1+(0, 6)) -> (3599, 82, 4693, t3=t2+(1, 4))	2	107
(1651, 2, 302, t1) & (302, 89, 3131, t2=t1+(0, 7)) -> (302, 89, 1651, t3=t2+(1, 5))	2	108
(2137, 78, 3630, t1) & (2137, 169, 1589, t2=t1+(0, 6)) -> (1589, 78, 1589, t3=t2+(1, 4))	2	109
(1148, 73, 3187, t1) & (3489, 155, 1148, t2=t1+(0, 5)) -> (1148, 73, 3489, t3=t2+(1, 3))	2	110
(2466, 198, 2890, t1) & (4874, 101, 2466, t2=t1+(0, 2)) -> (4874, 198, 2890, t3=t2+(1, 3))	2	111
(1825, 32, 2345, t1) & (2345, 0, 4676, t2=t1+(0, 3)) -> (2345, 32, 4676, t3=t2+(1, 3))	2	112
(4753, 7, 2454, t1) & (2454, 33, 4753, t2=t1+(0, 4)) -> (4753, 7, 2454, t3=t2+(1, 4))	2	113
(4207, 86, 3969, t1) & (4532, 36, 4207, t2=t1+(0, 8)) -> (4207, 86, 3969, t3=t2+(1, 4))	2	114
(4523, 197, 2421, t1) & (2130, 61, 2421, t2=t1+(0, 5)) -> (2421, 197, 2421, t3=t2+(1, 6))	2	115
(2559, 187, 989, t1) & (2559, 188, 2934, t2=t1+(0, 11)) -> (2559, 187, 2934, t3=t2+(1, 4))	2	116
(3472, 46, 3050, t1) & (3050, 19, 3916, t2=t1+(0, 1)) -> (3050, 46, 3050, t3=t2+(1, 5))	2	117
(4441, 18, 1748, t1) & (2752, 4, 1748, t2=t1+(0, 6)) -> (4441, 18, 2752, t3=t2+(1, 3))	2	118
(3813, 36, 4378, t1) & (4378, 75, 4443, t2=t1+(0, 4)) -> (4443, 75, 3813, t3=t2+(1, 6))	2	119
(4085, 6, 1845, t1) & (1845, 1, 1845, t2=t1+(0, 3)) -> (1845, 1, 1845, t3=t2+(1, 8))	2	120
(4335, 84, 61, t1) & (61, 162, 632, t2=t1+(0, 6)) -> (4335, 84, 61, t3=t2+(1, 1))	2	121
(919, 92, 949, t1) & (919, 6, 949, t2=t1+(0, 7)) -> (919, 6, 919, t3=t2+(1, 7))	2	122
(662, 58, 1960, t1) & (3949, 73, 1960, t2=t1+(0, 9)) -> (3949, 58, 662, t3=t2+(1, 3))	2	123
(4654, 87, 773, t1) & (4654, 143, 773, t2=t1+(0, 3)) -> (4654, 87, 4654, t3=t2+(1, 3))	2	124
(92, 138, 3491, t1) -> (92, 138, 3491, t2=t1+(1, 3))	1	125
(2635, 165, 3248, t1) -> (2635, 165, 2635, t2=t1+(1, 4))	1	126
(1154, 127, 4177, t1) -> (1154, 127, 1154, t2=t1+(1, 4))	1	127
(4852, 110, 3560, t1) -> (4852, 110, 3560, t2=t1+(1, 7))	1	128
(3636, 168, 1305, t1) -> (3636, 168, 3636, t2=t1+(1, 8))	1	129
(1679, 22, 4757, t1) -> (4757, 22, 1679, t2=t1+(1, 5))	1	130
(1546, 92, 1832, t1) -> (1832, 92, 1832, t2=t1+(1, 2))	1	131
(1388, 164, 4510, t1) -> (1388, 164, 1388, t2=t1+(1, 7))	1	132
(459, 53, 4192, t1) -> (4192, 53, 4192, t2=t1+(1, 5))	1	133
(2232, 46, 2181, t1) -> (2181, 46, 2232, t2=t1+(1, 5))	1	134
(293, 160, 3631, t1) -> (3631, 160, 3631, t2=t1+(1, 4))	1	135
(3631, 57, 1848, t1) -> (3631, 57, 3631, t2=t1+(1, 6))	1	136
(1116, 18, 1536, t1) -> (1116, 18, 1116, t2=t1+(1, 5))	1	137
(2953, 8, 4219, t1) -> (2953, 8, 4219, t2=t1+(1, 2))	1	138
(1861, 8, 3805, t1) -> (3805, 8, 1861, t2=t1+(1, 4))	1	139
(2800, 8, 4276, t1) -> (2800, 8, 4276, t2=t1+(1, 5))	1	140
(584, 104, 1927, t1) -> (584, 104, 584, t2=t1+(1, 7))	1	141
(1982, 64, 3425, t1) -> (3425, 64, 1982, t2=t1+(1, 9))	1	142
(1790, 49, 1666, t1) -> (1790, 49, 1666, t2=t1+(1, 8))	1	143
(1758, 51, 3285, t1) -> (3285, 51, 3285, t2=t1+(1, 7))	1	144
(3107, 13, 2938, t1) -> (3107, 13, 3107, t2=t1+(1, 4))	1	145
(926, 156, 477, t1) -> (477, 156, 477, t2=t1+(1, 6))	1	146
(799, 157, 3212, t1) -> (3212, 157, 3212, t2=t1+(1, 4))	1	147
(4693, 1, 294, t1) -> (294, 1, 4693, t2=t1+(1, 5))	1	148
(1270, 76, 629, t1) -> (629, 76, 629, t2=t1+(1, 5))	1	149
(3771, 69, 3355, t1) -> (3355, 69, 3355, t2=t1+(1, 4))	1	150
(2231, 11, 3028, t1) -> (3028, 11, 2231, t2=t1+(1, 4))	1	151
(179, 72, 4631, t1) -> (4631, 72, 4631, t2=t1+(1, 3))	1	152
(3250, 40, 178, t1) -> (178, 40, 3250, t2=t1+(1, 5))	1	153
(3776, 186, 7, t1) -> (3776, 186, 7, t2=t1+(1, 1))	1	154
(1011, 126, 4715, t1) -> (1011, 126, 4715, t2=t1+(1, 5))	1	155
(1703, 58, 2600, t1) -> (1703, 58, 2600, t2=t1+(1, 6))	1	156
(4069, 86, 166, t1) -> (4069, 86, 166, t2=t1+(1, 6))	1	157
(21, 57, 4019, t1) -> (4019, 57, 21, t2=t1+(1, 5))	1	158
(4310, 52, 1622, t1) -> (1622, 52, 1622, t2=t1+(1, 1))	1	159
(1042, 82, 1281, t1) -> (1281, 82, 1042, t2=t1+(1, 8))	1	160
(4742, 77, 2858, t1) -> (4742, 77, 2858, t2=t1+(1, 6))	1	161
(893, 186, 335, t1) -> (893, 186, 335, t2=t1+(1, 4))	1	162
(3674, 12, 1763, t1) -> (1763, 12, 1763, t2=t1+(1, 5))	1	163
(103, 153, 3110, t1) -> (3110, 153, 3110, t2=t1+(1, 7))	1	164
(4394, 190, 2689, t1) -> (4394, 190, 4394, t2=t1+(1, 8))	1	165
(1164, 163, 2874, t1) -> (2874, 163, 2874, t2=t1+(1, 2))	1	166
(1136, 36, 1505, t1) -> (1136, 36, 1136, t2=t1+(1, 2))	1	167
(156, 95, 1541, t1) -> (156, 95, 156, t2=t1+(1, 6))	1	168
(2337, 173, 2307, t1) -> (2307, 173, 2337, t2=t1+(1, 13))	1	169
(1565, 20, 4663, t1) -> (4663, 20, 1565, t2=t1+(1, 3))	1	170
(3783, 165, 4827, t1) -> (3783, 165, 4827, t2=t1+(1, 3))	1	171
(2529, 12, 4938, t1) -> (4938, 12, 2529, t2=t1+(1, 8))	1	172
(2352, 48, 2743, t1) -> (2743, 48, 2352, t2=t1+(1, 6))	1	173
(4237, 170, 1092, t1) -> (1092, 170, 4237, t2=t1+(1, 2))	1	174
(2486, 65, 4912, t1) -> (2486, 65, 4912, t2=t1+(1, 3))	1	175
(3026, 148, 878, t1) -> (878, 148, 3026, t2=t1+(1, 10))	1	176
(2325, 156, 4374, t1) -> (4374, 156, 2325, t2=t1+(1, 4))	1	177
(318, 20, 1490, t1) -> (1490, 20, 1490, t2=t1+(1, 6))	1	178
(4093, 181, 1595, t1) -> (4093, 181, 4093, t2=t1+(1, 3))	1	179
(3496, 59, 798, t1) -> (3496, 59, 798, t2=t1+(1, 5))	1	180
(11, 66, 157, t1) -> (157, 66, 11, t2=t1+(1, 9))	1	181
(526, 78, 3164, t1) -> (526, 78, 3164, t2=t1+(1, 6))	1	182
(1327, 106, 4865, t1) -> (1327, 106, 1327, t2=t1+(1, 3))	1	183
(3880, 154, 1976, t1) -> (3880, 154, 3880, t2=t1+(1, 2))	1	184
(1437, 85, 1741, t1) -> (1437, 85, 1437, t2=t1+(1, 1))	1	185
(4004, 92, 4822, t1) -> (4004, 92, 4822, t2=t1+(1, 3))	1	186
(3950, 79, 355, t1) -> (3950, 79, 3950, t2=t1+(1, 4))	1	187
(979, 81, 2954, t1) -> (2954, 81, 979, t2=t1+(1, 4))	1	188
(2394, 18, 202, t1) -> (2394, 18, 2394, t2=t1+(1, 4))	1	189
(1302, 101, 1880, t1) -> (1302, 101, 1880, t2=t1+(1, 7))	1	190
(2470, 56, 4528, t1) -> (2470, 56, 2470, t2=t1+(1, 4))	1	191
(3115, 117, 762, t1) -> (762, 117, 3115, t2=t1+(1, 6))	1	192
(2272, 5, 481, t1) -> (2272, 5, 481, t2=t1+(1, 2))	1	193
(614, 157, 870, t1) -> (614, 157, 870, t2=t1+(1, 6))	1	194
(3997, 151, 190, t1) -> (3997, 151, 190, t2=t1+(1, 7))	1	195
(3721, 177, 684, t1) -> (684, 177, 684, t2=t1+(1, 8))	1	196
(350, 42, 1716, t1) -> (350, 42, 1716, t2=t1+(1, 4))	1	197
(131, 113, 2454, t1) -> (2454, 113, 2454, t2=t1+(1, 6))	1	198
(4322, 104, 2641, t1) -> (4322, 104, 4322, t2=t1+(1, 2))	1	199
(1457, 48, 1230, t1) -> (1457, 48, 1230, t2=t1+(1, 5))	1	200
(2400, 128, 1575, t1) -> (2400, 128, 2400, t2=t1+(1, 5))	1	201
(3132, 170, 1236, t1) -> (3132, 170, 3132, t2=t1+(1, 8))	1	202
(3674, 117, 4486, t1) -> (4486, 117, 3674, t2=t1+(1, 7))	1	203
(4479, 101, 860, t1) -> (4479, 101, 860, t2=t1+(1, 4))	1	204
(2545, 109, 1860, t1) -> (2545, 109, 1860, t2=t1+(1, 4))	1	205
(3211, 19, 2230, t1) -> (2230, 19, 2230, t2=t1+(1, 8))	1	206
(2661, 77, 2996, t1) -> (2661, 77, 2996, t2=t1+(1, 4))	1	207
(368, 182, 2903, t1) -> (368, 182, 368, t2=t1+(1, 3))	1	208
(2475, 144, 4375, t1) -> (4375, 144, 2475, t2=t1+(1, 7))	1	209
(1161, 181, 892, t1) -> (892, 181, 892, t2=t1+(1, 1))	1	210
(4507, 158, 4991, t1) -> (4507, 158, 4507, t2=t1+(1, 4))	1	211
(2735, 28, 3909, t1) -> (3909, 28, 3909, t2=t1+(1, 8))	1	212
(2348, 196, 4841, t1) -> (2348, 196, 4841, t2=t1+(1, 9))	1	213
(655, 9, 3330, t1) -> (3330, 9, 655, t2=t1+(1, 2))	1	214
(1371, 126, 362, t1) -> (362, 126, 362, t2=t1+(1, 6))	1	215
(1610, 98, 3118, t1) -> (1610, 98, 1610, t2=t1+(1, 1))	1	216
(1839, 3, 366, t1) -> (366, 3, 366, t2=t1+(1, 5))	1	217
(1253, 109, 328, t1) -> (1253, 109, 328, t2=t1+(1, 5))	1	218
(2850, 102, 2183, t1) -> (2850, 102, 2850, t2=t1+(1, 5))	1	219
(3435, 45, 4772, t1) -> (3435, 45, 4772, t2=t1+(1, 7))	1	220
(4287, 5, 1529, t1) -> (4287, 5, 4287, t2=t1+(1, 3))	1	221
(4445, 138, 3282, t1) -> (4445, 138, 3282, t2=t1+(1, 4))	1	222
(1123, 180, 4681, t1) -> (4681, 180, 1123, t2=t1+(1, 8))	1	223
(3485, 39, 1143, t1) -> (1143, 39, 3485, t2=t1+(1, 4))	1	224
(2966, 155, 4494, t1) -> (4494, 155, 4494, t2=t1+(1, 6))	1	225
(3517, 9, 176, t1) -> (3517, 9, 176, t2=t1+(1, 4))	1	226
(2629, 197, 1207, t1) -> (2629, 197, 1207, t2=t1+(1, 3))	1	227
(618, 22, 857, t1) -> (618, 22, 618, t2=t1+(1, 3))	1	228
(2380, 16, 1408, t1) -> (2380, 16, 1408, t2=t1+(1, 4))	1	229
(1477, 98, 2508, t1) -> (2508, 98, 2508, t2=t1+(1, 5))	1	230
(203, 161, 1665, t1) -> (1665, 161, 1665, t2=t1+(1, 4))	1	231
(3895, 82, 3406, t1) -> (3406, 82, 3895, t2=t1+(1, 5))	1	232
(1229, 49, 3404, t1) -> (1229, 49, 1229, t2=t1+(1, 4))	1	233
(3537, 70, 3721, t1) -> (3721, 70, 3721, t2=t1+(1, 5))	1	234
(4694, 188, 200, t1) -> (4694, 188, 4694, t2=t1+(1, 8))	1	235
(3249, 107, 4779, t1) -> (4779, 107, 4779, t2=t1+(1, 6))	1	236
(727, 44, 547, t1) -> (547, 44, 547, t2=t1+(1, 3))	1	237
(1255, 48, 4826, t1) -> (4826, 48, 4826, t2=t1+(1, 1))	1	238
(162, 44, 893, t1) -> (162, 44, 162, t2=t1+(1, 4))	1	239
(4041, 12, 2956, t1) -> (2956, 12, 4041, t2=t1+(1, 6))	1	240
(3970, 115, 520, t1) -> (3970, 115, 3970, t2=t1+(1, 4))	1	241
(3801, 44, 1618, t1) -> (3801, 44, 3801, t2=t1+(1, 5))	1	242
(4639, 192, 1243, t1) -> (1243, 192, 4639, t2=t1+(1, 7))	1	243
(3887, 197, 4101, t1) -> (4101, 197, 4101, t2=t1+(1, 9))	1	244
(3516, 160, 1045, t1) -> (3516, 160, 3516, t2=t1+(1, 1))	1	245
(2700, 152, 983, t1) -> (983, 152, 2700, t2=t1+(1, 3))	1	246
(3233, 138, 2008, t1) -> (3233, 138, 2008, t2=t1+(1, 5))	1	247
(430, 76, 4586, t1) -> (4586, 76, 430, t2=t1+(1, 7))	1	248
(416, 79, 1726, t1) -> (416, 79, 416, t2=t1+(1, 9))	1	249
(167, 93, 1195, t1) -> (1195, 93, 167, t2=t1+(1, 3))	1	250
(516, 34, 1875, t1) -> (516, 34, 516, t2=t1+(1, 1))	1	251
(1617, 182, 2503, t1) -> (1617, 182, 1617, t2=t1+(1, 7))	1	252
(2877, 162, 1172, t1) -> (2877, 162, 2877, t2=t1+(1, 3))	1	253
(130, 148, 2217, t1) -> (2217, 148, 2217, t2=t1+(1, 7))	1	254
(869, 39, 4218, t1) -> (4218, 39, 4218, t2=t1+(1, 8))	1	255
(3088, 59, 1858, t1) -> (1858, 59, 3088, t2=t1+(1, 6))	1	256
(2178, 18, 455, t1) -> (455, 18, 2178, t2=t1+(1, 7))	1	257
(3924, 13, 4080, t1) -> (4080, 13, 3924, t2=t1+(1, 3))	1	258
(1124, 199, 185, t1) -> (185, 199, 185, t2=t1+(1, 6))	1	259
(4044, 38, 2789, t1) -> (4044, 38, 4044, t2=t1+(1, 4))	1	260
(3537, 28, 1876, t1) -> (3537, 28, 1876, t2=t1+(1, 9))	1	261
(1744, 165, 3054, t1) -> (1744, 165, 1744, t2=t1+(1, 8))	1	262
(2440, 11, 2527, t1) -> (2440, 11, 2527, t2=t1+(1, 4))	1	263
(4278, 164, 228, t1) -> (4278, 164, 228, t2=t1+(1, 7))	1	264
(3706, 174, 2486, t1) -> (2486, 174, 2486, t2=t1+(1, 7))	1	265
(2797, 57, 4135, t1) -> (4135, 57, 4135, t2=t1+(1, 6))	1	266
(2532, 96, 3225, t1) -> (2532, 96, 3225, t2=t1+(1, 4))	1	267
(4036, 145, 4657, t1) -> (4036, 145, 4036, t2=t1+(1, 8))	1	268
(3925, 24, 2833, t1) -> (3925, 24, 3925, t2=t1+(1, 5))	1	269
(1292, 8, 4783, t1) -> (1292, 8, 1292, t2=t1+(1, 6))	1	270
(1537, 97, 4004, t1) -> (4004, 97, 1537, t2=t1+(1, 6))	1	271
(1375, 3, 2251, t1) -> (2251, 3, 1375, t2=t1+(1, 1))	1	272
(3420, 83, 885, t1) -> (3420, 83, 885, t2=t1+(1, 6))	1	273
(307, 82, 1729, t1) -> (1729, 82, 1729, t2=t1+(1, 3))	1	274
(2409, 71, 2841, t1) -> (2841, 71, 2841, t2=t1+(1, 11))	1	275
(657, 178, 4021, t1) -> (657, 178, 4021, t2=t1+(1, 3))	1	276
(3912, 111, 779, t1) -> (3912, 111, 3912, t2=t1+(1, 5))	1	277
(4694, 5, 373, t1) -> (4694, 5, 4694, t2=t1+(1, 4))	1	278
(2651, 13, 4006, t1) -> (4006, 13, 4006, t2=t1+(1, 8))	1	279
(2546, 139, 1207, t1) -> (2546, 139, 2546, t2=t1+(1, 5))	1	280
(3629, 19, 2382, t1) -> (2382, 19, 2382, t2=t1+(1, 1))	1	281
(2266, 17, 1949, t1) -> (1949, 17, 2266, t2=t1+(1, 5))	1	282
(4331, 171, 3928, t1) -> (3928, 171, 4331, t2=t1+(1, 6))	1	283
(2951, 161, 1334, t1) -> (1334, 161, 2951, t2=t1+(1, 2))	1	284
(2148, 29, 2904, t1) -> (2148, 29, 2148, t2=t1+(1, 6))	1	285
(1077, 162, 1962, t1) -> (1962, 162, 1962, t2=t1+(1, 5))	1	286
(4730, 148, 2631, t1) -> (4730, 148, 4730, t2=t1+(1, 6))	1	287
(3308, 92, 2108, t1) -> (3308, 92, 2108, t2=t1+(1, 5))	1	288
(675, 12, 2140, t1) -> (2140, 12, 2140, t2=t1+(1, 7))	1	289
(150, 63, 1287, t1) -> (150, 63, 1287, t2=t1+(1, 8))	1	290
(799, 91, 109, t1) -> (109, 91, 799, t2=t1+(1, 8))	1	291
(3406, 91, 4035, t1) -> (3406, 91, 3406, t2=t1+(1, 8))	1	292
(1918, 170, 2616, t1) -> (2616, 170, 1918, t2=t1+(1, 5))	1	293
(1929, 181, 3095, t1) -> (1929, 181, 3095, t2=t1+(1, 9))	1	294
(3724, 182, 3582, t1) -> (3582, 182, 3724, t2=t1+(1, 4))	1	295
(4130, 155, 744, t1) -> (744, 155, 4130, t2=t1+(1, 10))	1	296
(4636, 95, 2950, t1) -> (2950, 95, 4636, t2=t1+(1, 3))	1	297
(1547, 169, 1120, t1) -> (1547, 169, 1547, t2=t1+(1, 5))	1	298
(24, 170, 3102, t1) -> (3102, 170, 3102, t2=t1+(1, 3))	1	299
(414, 130, 3550, t1) -> (3550, 130, 3550, t2=t1+(1, 2))	1	300
(4296, 110, 1162, t1) -> (1162, 110, 4296, t2=t1+(1, 6))	1	301
(903, 39, 1441, t1) -> (903, 39, 1441, t2=t1+(1, 5))	1	302
(2821, 177, 4752, t1) -> (2821, 177, 4752, t2=t1+(1, 5))	1	303
(1132, 89, 814, t1) -> (1132, 89, 814, t2=t1+(1, 4))	1	304
(4881, 116, 3108, t1) -> (3108, 116, 4881, t2=t1+(1, 2))	1	305
(633, 62, 3718, t1) -> (633, 62, 633, t2=t1+(1, 6))	1	306
(4832, 85, 3326, t1) -> (3326, 85, 3326, t2=t1+(1, 1))	1	307
(4140, 18, 3215, t1) -> (3215, 18, 4140, t2=t1+(1, 3))	1	308
(1485, 33, 947, t1) -> (947, 33, 1485, t2=t1+(1, 4))	1	309
(1234, 92, 2188, t1) -> (2188, 92, 2188, t2=t1+(1, 8))	1	310
(1927, 12, 4325, t1) -> (4325, 12, 1927, t2=t1+(1, 4))	1	311
(4978, 66, 2202, t1) -> (2202, 66, 2202, t2=t1+(1, 3))	1	312
(1498, 57, 3351, t1) -> (3351, 57, 3351, t2=t1+(1, 3))	1	313
(2076, 131, 3864, t1) -> (3864, 131, 3864, t2=t1+(1, 6))	1	314
(2258, 67, 1065, t1) -> (2258, 67, 1065, t2=t1+(1, 3))	1	315
(2339, 129, 2363, t1) -> (2339, 129, 2339, t2=t1+(1, 5))	1	316
(3255, 155, 4053, t1) -> (4053, 155, 3255, t2=t1+(1, 4))	1	317
(3675, 0, 2474, t1) -> (3675, 0, 3675, t2=t1+(1, 5))	1	318
(122, 122, 3753, t1) -> (122, 122, 3753, t2=t1+(1, 3))	1	319
(4137, 106, 1558, t1) -> (4137, 106, 4137, t2=t1+(1, 3))	1	320
(1418, 29, 4693, t1) -> (4693, 29, 4693, t2=t1+(1, 1))	1	321
(2092, 104, 3816, t1) -> (2092, 104, 3816, t2=t1+(1, 8))	1	322
(4743, 84, 2094, t1) -> (2094, 84, 4743, t2=t1+(1, 3))	1	323
(4028, 57, 2366, t1) -> (2366, 57, 2366, t2=t1+(1, 3))	1	324
(1961, 10, 2650, t1) -> (1961, 10, 2650, t2=t1+(1, 3))	1	325
(3750, 53, 16, t1) -> (3750, 53, 3750, t2=t1+(1, 12))	1	326
(2144, 12, 4899, t1) -> (2144, 12, 4899, t2=t1+(1, 5))	1	327
(117, 48, 336, t1) -> (117, 48, 117, t2=t1+(1, 5))	1	328
(445, 49, 923, t1) -> (445, 49, 923, t2=t1+(1, 2))	1	329
(2109, 134, 715, t1) -> (715, 134, 715, t2=t1+(1, 1))	1	330
(1820, 111, 4809, t1) -> (1820, 111, 1820, t2=t1+(1, 7))	1	331
(1403, 132, 4586, t1) -> (1403, 132, 4586, t2=t1+(1, 4))	1	332
(792, 2, 1516, t1) -> (1516, 2, 792, t2=t1+(1, 5))	1	333
(1621, 172, 2457, t1) -> (1621, 172, 2457, t2=t1+(1, 5))	1	334
(2828, 84, 828, t1) -> (828, 84, 2828, t2=t1+(1, 5))	1	335
(4620, 180, 4146, t1) -> (4146, 180, 4620, t2=t1+(1, 7))	1	336
(2306, 152, 1478, t1) -> (2306, 152, 2306, t2=t1+(1, 6))	1	337
(235, 141, 329, t1) -> (235, 141, 329, t2=t1+(1, 5))	1	338
(3118, 164, 370, t1) -> (3118, 164, 370, t2=t1+(1, 4))	1	339
(614, 24, 359, t1) -> (359, 24, 614, t2=t1+(1, 3))	1	340
(2688, 143, 3039, t1) -> (3039, 143, 3039, t2=t1+(1, 6))	1	341
(4231, 121, 3067, t1) -> (3067, 121, 4231, t2=t1+(1, 7))	1	342
(513, 0, 714, t1) -> (513, 0, 714, t2=t1+(1, 6))	1	343
(2215, 113, 1415, t1) -> (2215, 113, 1415, t2=t1+(1, 6))	1	344
(2465, 95, 2348, t1) -> (2465, 95, 2348, t2=t1+(1, 6))	1	345
(2063, 52, 903, t1) -> (903, 52, 903, t2=t1+(1, 7))	1	346
(4160, 37, 4604, t1) -> (4604, 37, 4160, t2=t1+(1, 4))	1	347
(523, 149, 1754, t1) -> (1754, 149, 523, t2=t1+(1, 4))	1	348
(2079, 2, 4876, t1) -> (2079, 2, 4876, t2=t1+(1, 6))	1	349
(2679, 197, 399, t1) -> (2679, 197, 2679, t2=t1+(1, 5))	1	350
(1029, 178, 3846, t1) -> (3846, 178, 3846, t2=t1+(1, 6))	1	351
(28, 119, 416, t1) -> (416, 119, 28, t2=t1+(1, 5))	1	352
(2564, 20, 3376, t1) -> (3376, 20, 3376, t2=t1+(1, 2))	1	353
(2710, 149, 860, t1) -> (860, 149, 2710, t2=t1+(1, 5))	1	354
(2089, 183, 4466, t1) -> (4466, 183, 4466, t2=t1+(1, 7))	1	355
(1410, 67, 2661, t1) -> (2661, 67, 2661, t2=t1+(1, 5))	1	356
(604, 102, 1682, t1) -> (1682, 102, 1682, t2=t1+(1, 2))	1	357
(281, 86, 885, t1) -> (885, 86, 281, t2=t1+(1, 3))	1	358
(3283, 183, 1340, t1) -> (1340, 183, 1340, t2=t1+(1, 2))	1	359
(922, 7, 3071, t1) -> (3071, 7, 922, t2=t1+(1, 8))	1	360
(31, 197, 4346, t1) -> (31, 197, 31, t2=t1+(1, 1))	1	361
(1631, 163, 1060, t1) -> (1631, 163, 1060, t2=t1+(1, 3))	1	362
(4102, 14, 4552, t1) -> (4552, 14, 4552, t2=t1+(1, 5))	1	363
(1759, 104, 3165, t1) -> (1759, 104, 3165, t2=t1+(1, 3))	1	364
(3611, 113, 3405, t1) -> (3405, 113, 3405, t2=t1+(1, 4))	1	365
(4320, 95, 4449, t1) -> (4320, 95, 4320, t2=t1+(1, 3))	1	366
(4513, 63, 4272, t1) -> (4272, 63, 4513, t2=t1+(1, 8))	1	367
(2270, 147, 3385, t1) -> (3385, 147, 3385, t2=t1+(1, 7))	1	368
(4840, 11, 2925, t1) -> (4840, 11, 2925, t2=t1+(1, 6))	1	369
(3352, 71, 3621, t1) -> (3621, 71, 3352, t2=t1+(1, 6))	1	370
(2070, 3, 3708, t1) -> (2070, 3, 3708, t2=t1+(1, 6))	1	371
(4131, 113, 419, t1) -> (4131, 113, 419, t2=t1+(1, 2))	1	372
(3804, 77, 4760, t1) -> (4760, 77, 3804, t2=t1+(1, 5))	1	373
(1942, 10, 3870, t1) -> (1942, 10, 1942, t2=t1+(1, 5))	1	374
(2201, 88, 2523, t1) -> (2201, 88, 2201, t2=t1+(1, 3))	1	375
(2143, 70, 3570, t1) -> (2143, 70, 2143, t2=t1+(1, 7))	1	376
(4462, 160, 3128, t1) -> (4462, 160, 3128, t2=t1+(1, 5))	1	377
(3122, 24, 2820, t1) -> (3122, 24, 2820, t2=t1+(1, 5))	1	378
(991, 20, 1094, t1) -> (991, 20, 991, t2=t1+(1, 3))	1	379
(4584, 197, 2634, t1) -> (4584, 197, 4584, t2=t1+(1, 6))	1	380
(1353, 38, 3347, t1) -> (3347, 38, 1353, t2=t1+(1, 4))	1	381
(4413, 157, 2163, t1) -> (2163, 157, 2163, t2=t1+(1, 5))	1	382
(1734, 56, 4505, t1) -> (1734, 56, 1734, t2=t1+(1, 4))	1	383
(1469, 93, 4424, t1) -> (1469, 93, 1469, t2=t1+(1, 6))	1	384
(1212, 162, 4027, t1) -> (1212, 162, 1212, t2=t1+(1, 5))	1	385
(209, 153, 2728, t1) -> (2728, 153, 2728, t2=t1+(1, 3))	1	386
(2237, 2, 610, t1) -> (2237, 2, 610, t2=t1+(1, 3))	1	387
(1286, 65, 3178, t1) -> (3178, 65, 1286, t2=t1+(1, 3))	1	388
(2913, 198, 1508, t1) -> (2913, 198, 2913, t2=t1+(1, 6))	1	389
(2980, 16, 1839, t1) -> (1839, 16, 2980, t2=t1+(1, 2))	1	390
(4195, 101, 3505, t1) -> (3505, 101, 4195, t2=t1+(1, 3))	1	391
(1667, 174, 3425, t1) -> (1667, 174, 1667, t2=t1+(1, 1))	1	392
(950, 51, 1602, t1) -> (1602, 51, 950, t2=t1+(1, 6))	1	393
(71, 128, 2645, t1) -> (2645, 128, 2645, t2=t1+(1, 5))	1	394
(3344, 104, 4292, t1) -> (4292, 104, 4292, t2=t1+(1, 5))	1	395
(640, 18, 4386, t1) -> (4386, 18, 4386, t2=t1+(1, 1))	1	396
(892, 144, 158, t1) -> (158, 144, 892, t2=t1+(1, 4))	1	397
(2555, 187, 1793, t1) -> (1793, 187, 2555, t2=t1+(1, 8))	1	398
(2455, 159, 410, t1) -> (410, 159, 2455, t2=t1+(1, 4))	1	399
(1102, 70, 71, t1) -> (71, 70, 1102, t2=t1+(1, 5))	1	400
(2127, 65, 2762, t1) -> (2127, 65, 2762, t2=t1+(1, 4))	1	401
(3178, 123, 4828, t1) -> (4828, 123, 3178, t2=t1+(1, 3))	1	402
(628, 162, 775, t1) -> (775, 162, 775, t2=t1+(1, 4))	1	403
(2506, 159, 2814, t1) -> (2814, 159, 2814, t2=t1+(1, 7))	1	404
(2193, 81, 955, t1) -> (955, 81, 2193, t2=t1+(1, 4))	1	405
(3872, 54, 4964, t1) -> (4964, 54, 4964, t2=t1+(1, 8))	1	406
(755, 107, 1478, t1) -> (755, 107, 1478, t2=t1+(1, 8))	1	407
(782, 42, 2562, t1) -> (2562, 42, 782, t2=t1+(1, 7))	1	408
(2425, 83, 2493, t1) -> (2425, 83, 2493, t2=t1+(1, 4))	1	409
(3451, 57, 164, t1) -> (3451, 57, 164, t2=t1+(1, 2))	1	410
(4345, 168, 3917, t1) -> (4345, 168, 4345, t2=t1+(1, 5))	1	411
(2160, 154, 2287, t1) -> (2287, 154, 2287, t2=t1+(1, 4))	1	412
(2968, 172, 897, t1) -> (2968, 172, 2968, t2=t1+(1, 4))	1	413
(4661, 64, 2200, t1) -> (2200, 64, 2200, t2=t1+(1, 7))	1	414
(3614, 53, 1419, t1) -> (3614, 53, 3614, t2=t1+(1, 8))	1	415
(4219, 132, 3437, t1) -> (3437, 132, 4219, t2=t1+(1, 4))	1	416
(427, 32, 2591, t1) -> (427, 32, 2591, t2=t1+(1, 6))	1	417
(800, 122, 1641, t1) -> (1641, 122, 800, t2=t1+(1, 3))	1	418
(4742, 35, 129, t1) -> (4742, 35, 4742, t2=t1+(1, 3))	1	419
(2413, 133, 3129, t1) -> (2413, 133, 3129, t2=t1+(1, 8))	1	420
(4874, 165, 2702, t1) -> (2702, 165, 2702, t2=t1+(1, 2))	1	421
(4501, 81, 2587, t1) -> (2587, 81, 4501, t2=t1+(1, 4))	1	422
(1996, 106, 242, t1) -> (242, 106, 242, t2=t1+(1, 3))	1	423
(1233, 88, 4637, t1) -> (1233, 88, 4637, t2=t1+(1, 6))	1	424
(3986, 25, 111, t1) -> (3986, 25, 111, t2=t1+(1, 3))	1	425
(4018, 109, 212, t1) -> (212, 109, 4018, t2=t1+(1, 4))	1	426
(2459, 152, 1892, t1) -> (2459, 152, 1892, t2=t1+(1, 4))	1	427
(549, 166, 449, t1) -> (449, 166, 549, t2=t1+(1, 4))	1	428
(3179, 121, 2256, t1) -> (3179, 121, 2256, t2=t1+(1, 9))	1	429
(553, 77, 3040, t1) -> (553, 77, 3040, t2=t1+(1, 5))	1	430
(3920, 94, 302, t1) -> (302, 94, 302, t2=t1+(1, 4))	1	431
(2833, 35, 4958, t1) -> (4958, 35, 4958, t2=t1+(1, 5))	1	432
(1219, 12, 365, t1) -> (365, 12, 1219, t2=t1+(1, 4))	1	433
(3123, 168, 2043, t1) -> (3123, 168, 3123, t2=t1+(1, 1))	1	434
(2266, 150, 1132, t1) -> (1132, 150, 2266, t2=t1+(1, 3))	1	435
(2801, 7, 3596, t1) -> (2801, 7, 2801, t2=t1+(1, 8))	1	436
(1946, 32, 2837, t1) -> (2837, 32, 1946, t2=t1+(1, 7))	1	437
(2042, 20, 3346, t1) -> (3346, 20, 3346, t2=t1+(1, 7))	1	438
(4328, 38, 4694, t1) -> (4328, 38, 4694, t2=t1+(1, 3))	1	439
(1147, 91, 1036, t1) -> (1147, 91, 1147, t2=t1+(1, 10))	1	440
(1656, 36, 502, t1) -> (1656, 36, 1656, t2=t1+(1, 3))	1	441
(1004, 162, 1974, t1) -> (1974, 162, 1004, t2=t1+(1, 3))	1	442
(109, 54, 4482, t1) -> (4482, 54, 109, t2=t1+(1, 3))	1	443
(2923, 26, 2451, t1) -> (2451, 26, 2451, t2=t1+(1, 3))	1	444
(2989, 64, 236, t1) -> (236, 64, 236, t2=t1+(1, 4))	1	445
(717, 60, 2097, t1) -> (717, 60, 2097, t2=t1+(1, 7))	1	446
(710, 124, 2358, t1) -> (2358, 124, 710, t2=t1+(1, 6))	1	447
(4916, 149, 794, t1) -> (4916, 149, 794, t2=t1+(1, 13))	1	448
(928, 109, 583, t1) -> (928, 109, 928, t2=t1+(1, 5))	1	449
(750, 126, 4898, t1) -> (750, 126, 4898, t2=t1+(1, 4))	1	450
(138, 117, 3867, t1) -> (3867, 117, 3867, t2=t1+(1, 2))	1	451
(2554, 109, 834, t1) -> (834, 109, 834, t2=t1+(1, 7))	1	452
(1137, 60, 1940, t1) -> (1940, 60, 1940, t2=t1+(1, 5))	1	453
(2125, 19, 1893, t1) -> (2125, 19, 1893, t2=t1+(1, 7))	1	454
(2628, 116, 4650, t1) -> (4650, 116, 2628, t2=t1+(1, 3))	1	455
(2989, 193, 4897, t1) -> (4897, 193, 4897, t2=t1+(1, 4))	1	456
(4684, 9, 2232, t1) -> (4684, 9, 4684, t2=t1+(1, 6))	1	457
(4419, 152, 3910, t1) -> (3910, 152, 3910, t2=t1+(1, 5))	1	458
(1449, 113, 926, t1) -> (1449, 113, 926, t2=t1+(1, 3))	1	459
(2280, 28, 458, t1) -> (458, 28, 458, t2=t1+(1, 4))	1	460
(1259, 76, 4396, t1) -> (1259, 76, 1259, t2=t1+(1, 6))	1	461
(2352, 26, 2746, t1) -> (2352, 26, 2352, t2=t1+(1, 3))	1	462
(457, 167, 402, t1) -> (402, 167, 457, t2=t1+(1, 2))	1	463
(3441, 60, 4310, t1) -> (4310, 60, 4310, t2=t1+(1, 3))	1	464
(3663, 182, 1194, t1) -> (1194, 182, 1194, t2=t1+(1, 4))	1	465
(3954, 25, 2124, t1) -> (2124, 25, 2124, t2=t1+(1, 5))	1	466
(4141, 116, 1718, t1) -> (1718, 116, 4141, t2=t1+(1, 4))	1	467
(300, 174, 1132, t1) -> (1132, 174, 1132, t2=t1+(1, 5))	1	468
(393, 87, 2616, t1) -> (2616, 87, 393, t2=t1+(1, 6))	1	469
(4601, 89, 3790, t1) -> (3790, 89, 4601, t2=t1+(1, 7))	1	470
(2871, 193, 1296, t1) -> (1296, 193, 1296, t2=t1+(1, 5))	1	471
(1277, 178, 3606, t1) -> (1277, 178, 1277, t2=t1+(1, 2))	1	472
(1312, 159, 1350, t1) -> (1312, 159, 1312, t2=t1+(1, 8))	1	473
(2403, 100, 2107, t1) -> (2403, 100, 2403, t2=t1+(1, 5))	1	474
(3324, 77, 1766, t1) -> (3324, 77, 1766, t2=t1+(1, 4))	1	475
(3092, 21, 2905, t1) -> (3092, 21, 3092, t2=t1+(1, 6))	1	476
(1379, 128, 792, t1) -> (792, 128, 792, t2=t1+(1, 3))	1	477
(1701, 46, 4924, t1) -> (1701, 46, 4924, t2=t1+(1, 6))	1	478
(4030, 173, 3568, t1) -> (3568, 173, 4030, t2=t1+(1, 6))	1	479
(4935, 30, 4901, t1) -> (4901, 30, 4935, t2=t1+(1, 3))	1	480
(2172, 195, 2909, t1) -> (2172, 195, 2909, t2=t1+(1, 6))	1	481
(1510, 159, 4973, t1) -> (1510, 159, 1510, t2=t1+(1, 5))	1	482
(1960, 86, 1400, t1) -> (1400, 86, 1960, t2=t1+(1, 5))	1	483
(2673, 175, 1868, t1) -> (2673, 175, 2673, t2=t1+(1, 2))	1	484
(3565, 123, 986, t1) -> (3565, 123, 986, t2=t1+(1, 9))	1	485
(4312, 7, 2848, t1) -> (2848, 7, 2848, t2=t1+(1, 4))	1	486
(4825, 184, 3100, t1) -> (4825, 184, 3100, t2=t1+(1, 4))	1	487
(2251, 25, 3917, t1) -> (3917, 25, 2251, t2=t1+(1, 5))	1	488
(1066, 113, 3673, t1) -> (3673, 113, 1066, t2=t1+(1, 9))	1	489
(3841, 164, 2923, t1) -> (3841, 164, 2923, t2=t1+(1, 12))	1	490
(4250, 87, 2937, t1) -> (2937, 87, 2937, t2=t1+(1, 5))	1	491
(2313, 72, 4407, t1) -> (2313, 72, 2313, t2=t1+(1, 8))	1	492
(4835, 68, 1837, t1) -> (1837, 68, 4835, t2=t1+(1, 6))	1	493
(4523, 106, 3035, t1) -> (4523, 106, 4523, t2=t1+(1, 6))	1	494
(3647, 58, 543, t1) -> (3647, 58, 543, t2=t1+(1, 7))	1	495
(3876, 181, 3491, t1) -> (3876, 181, 3491, t2=t1+(1, 6))	1	496
(2404, 186, 4191, t1) -> (4191, 186, 4191, t2=t1+(1, 5))	1	497
(2703, 93, 4846, t1) -> (2703, 93, 2703, t2=t1+(1, 9))	1	498
(1646, 27, 2274, t1) -> (1646, 27, 2274, t2=t1+(1, 4))	1	499
(3135, 40, 154, t1) -> (154, 40, 154, t2=t1+(1, 3))	1	500
(2416, 47, 292, t1) -> (292, 47, 2416, t2=t1+(1, 5))	1	501
(3014, 31, 1119, t1) -> (3014, 31, 1119, t2=t1+(1, 4))	1	502
(1203, 178, 1875, t1) -> (1875, 178, 1203, t2=t1+(1, 4))	1	503
(1483, 82, 2499, t1) -> (1483, 82, 1483, t2=t1+(1, 5))	1	504
(1117, 156, 838, t1) -> (838, 156, 838, t2=t1+(1, 3))	1	505
(2177, 124, 4046, t1) -> (4046, 124, 2177, t2=t1+(1, 7))	1	506
(4799, 15, 917, t1) -> (4799, 15, 917, t2=t1+(1, 4))	1	507
(3572, 3, 4793, t1) -> (4793, 3, 4793, t2=t1+(1, 7))	1	508
(3991, 189, 4240, t1) -> (4240, 189, 3991, t2=t1+(1, 7))	1	509
(1049, 86, 876, t1) -> (876, 86, 1049, t2=t1+(1, 6))	1	510
(3405, 69, 1787, t1) -> (1787, 69, 1787, t2=t1+(1, 5))	1	511
(3232, 127, 38, t1) -> (3232, 127, 38, t2=t1+(1, 4))	1	512
(2739, 65, 216, t1) -> (2739, 65, 216, t2=t1+(1, 1))	1	513
(2938, 122, 3762, t1) -> (3762, 122, 2938, t2=t1+(1, 3))	1	514
(1943, 121, 3024, t1) -> (3024, 121, 3024, t2=t1+(1, 7))	1	515
(3764, 50, 2926, t1) -> (3764, 50, 2926, t2=t1+(1, 6))	1	516
(338, 89, 3262, t1) -> (338, 89, 3262, t2=t1+(1, 5))	1	517
(672, 11, 2486, t1) -> (2486, 11, 672, t2=t1+(1, 8))	1	518
(4078, 29, 4439, t1) -> (4439, 29, 4078, t2=t1+(1, 7))	1	519
(161, 150, 432, t1) -> (432, 150, 161, t2=t1+(1, 3))	1	520
(1968, 173, 3144, t1) -> (3144, 173, 3144, t2=t1+(1, 3))	1	521
(584, 45, 1797, t1) -> (584, 45, 1797, t2=t1+(1, 5))	1	522
(351, 37, 174, t1) -> (351, 37, 351, t2=t1+(1, 7))	1	523
(4320, 186, 915, t1) -> (915, 186, 915, t2=t1+(1, 5))	1	524
