(245, 70, 4768, t1) & (1229, 110, 3214, t2=t1+(0, 6)) & (4768, 198, 1229, t3=t2+(0, 2)) -> (245, 198, 4768, t4=t3+(1, 6))	3	0
(1479, 72, 2840, t1) & (1328, 166, 3977, t2=t1+(0, 5)) & (1328, 19, 1479, t3=t2+(0, 5)) -> (1328, 19, 1479, t4=t3+(1, 5))	3	1
(4471, 135, 4582, t1) & (4807, 14, 1242, t2=t1+(0, 6)) & (4471, 85, 4807, t3=t2+(0, 6)) -> (4807, 135, 4807, t4=t3+(1, 5))	3	2
(3616, 131, 544, t1) & (2937, 156, 3066, t2=t1+(0, 7)) & (2937, 27, 3616, t3=t2+(0, 6)) -> (3616, 27, 3616, t4=t3+(1, 8))	3	3
(3787, 128, 628, t1) & (1182, 58, 776, t2=t1+(0, 5)) & (776, 161, 628, t3=t2+(0, 7)) -> (628, 58, 1182, t4=t3+(1, 7))	3	4
(1783, 40, 1938, t1) & (755, 1, 1179, t2=t1+(0, 12)) & (1938, 194, 1179, t3=t2+(0, 4)) -> (1938, 194, 1179, t4=t3+(1, 8))	3	5
(1249, 131, 713, t1) & (4075, 94, 1212, t2=t1+(0, 3)) & (4075, 57, 1249, t3=t2+(0, 2)) -> (4075, 94, 4075, t4=t3+(1, 5))	3	6
(2803, 23, 3835, t1) & (926, 0, 3675, t2=t1+(0, 8)) & (3835, 162, 926, t3=t2+(0, 9)) -> (926, 23, 2803, t4=t3+(1, 1))	3	7
(4585, 151, 4448, t1) & (1319, 149, 4689, t2=t1+(0, 4)) & (4585, 116, 4689, t3=t2+(0, 8)) -> (4585, 151, 4585, t4=t3+(1, 7))	3	8
(1211, 83, 3351, t1) & (719, 137, 3797, t2=t1+(0, 5)) & (1211, 197, 3797, t3=t2+(0, 7)) -> (719, 197, 3797, t4=t3+(1, 8))	3	9
(4982, 71, 337, t1) & (1514, 28, 3393, t2=t1+(0, 6)) & (4982, 129, 1514, t3=t2+(0, 4)) -> (3393, 129, 1514, t4=t3+(1, 6))	3	10
(3051, 163, 1640, t1) & (1709, 186, 4752, t2=t1+(0, 6)) & (1640, 46, 4752, t3=t2+(0, 3)) -> (4752, 186, 1640, t4=t3+(1, 6))	3	11
(36, 102, 2698, t1) & (4798, 167, 2386, t2=t1+(0, 1)) & (36, 12, 4798, t3=t2+(0, 2)) -> (4798, 12, 2386, t4=t3+(1, 9))	3	12
(2488, 80, 2647, t1) & (657, 174, 4507, t2=t1+(0, 7)) & (2488, 51, 657, t3=t2+(0, 4)) -> (2488, 51, 657, t4=t3+(1, 4))	3	13
(3965, 80, 3329, t1) & (2353, 137, 4933, t2=t1+(0, 8)) & (3965, 113, 2353, t3=t2+(0, 2)) -> (3965, 80, 3329, t4=t3+(1, 5))	3	14
(4163, 93, 1498, t1) & (1201, 108, 1098, t2=t1+(0, 5)) & (1498, 148, 1098, t3=t2+(0, 5)) -> (1098, 108, 1498, t4=t3+(1, 8))	3	15
(756, 173, 624, t1) & (701, 67, 3564, t2=t1+(0, 7)) & (756, 98, 701, t3=t2+(0, 5)) -> (701, 67, 624, t4=t3+(1, 7))	3	16
(3247, 170, 3544, t1) & (3985, 116, 1736, t2=t1+(0, 3)) & (3985, 140, 3544, t3=t2+(0, 7)) -> (3544, 140, 3985, t4=t3+(1, 8))	3	17
(4641, 96, 2460, t1) & (806, 162, 4751, t2=t1+(0, 11)) & (4751, 24, 2460, t3=t2+(0, 1)) -> (2460, 162, 806, t4=t3+(1, 4))	3	18
(4560, 196, 1869, t1) & (4354, 69, 1121, t2=t1+(0, 6)) & (1121, 45, 1869, t3=t2+(0, 4)) -> (1121, 196, 4354, t4=t3+(1, 10))	3	19
(954, 108, 3987, t1) & (350, 118, 4511, t2=t1+(0, 6)) & (350, 188, 3987, t3=t2+(0, 8)) -> (4511, 188, 350, t4=t3+(1, 1))	3	20
(3730, 177, 3284, t1) & (2430, 115, 779, t2=t1+(0, 4)) & (779, 86, 3730, t3=t2+(0, 7)) -> (3284, 177, 3730, t4=t3+(1, 9))	3	21
(15, 129, 335, t1) & (4130, 35, 2107, t2=t1+(0, 5)) & (15, 143, 2107, t3=t2+(0, 4)) -> (15, 143, 4130, t4=t3+(1, 5))	3	22
(293, 171, 2050, t1) & (3692, 34, 2606, t2=t1+(0, 4)) & (2606, 193, 293, t3=t2+(0, 6)) -> (3692, 34, 293, t4=t3+(1, 5))	3	23
(2394, 180, 1248, t1) & (2284, 148, 4531, t2=t1+(0, 4)) & (2284, 129, 2394, t3=t2+(0, 5)) -> (2284, 180, 2284, t4=t3+(1, 4))	3	24
(2954, 179, 1465, t1) & (2392, 160, 3527, t2=t1+(0, 3)) & (2392, 148, 1465, t3=t2+(0, 7)) -> (3527, 179, 1465, t4=t3+(1, 10))	3	25
(338, 4, 3702, t1) & (4498, 131, 3736, t2=t1+(0, 10)) & (3736, 32, 338, t3=t2+(0, 5)) -> (3736, 4, 338, t4=t3+(1, 3))	3	26
(775, 185, 446, t1) & (2384, 21, 4633, t2=t1+(0, 3)) & (4633, 26, 446, t3=t2+(0, 2)) -> (2384, 185, 4633, t4=t3+(1, 1))	3	27
(3272, 189, 582, t1) & (1927, 46, 4324, t2=t1+(0, 6)) & (1927, 125, 582, t3=t2+(0, 7)) -> (582, 125, 582, t4=t3+(1, 4))	3	28
(3652, 128, 3090, t1) & (2995, 127, 32, t2=t1+(0, 8)) & (2995, 176, 3090, t3=t2+(0, 5)) -> (3090, 127, 2995, t4=t3+(1, 4))	3	29
(1246, 186, 511, t1) & (688, 47, 40, t2=t1+(0, 3)) & (688, 184, 1246, t3=t2+(0, 2)) -> (1246, 47, 688, t4=t3+(1, 1))	3	30
(4538, 34, 2946, t1) & (2473, 107, 646, t2=t1+(0, 6)) & (2946, 181, 646, t3=t2+(0, 5)) -> (4538, 181, 2946, t4=t3+(1, 2))	3	31
(1135, 173, 1116, t1) & (3999, 117, 1572, t2=t1+(0, 6)) & (1572, 188, 1135, t3=t2+(0, 3)) -> (1135, 188, 1135, t4=t3+(1, 2))	3	32
(242, 67, 1752, t1) & (4219, 115, 1123, t2=t1+(0, 7)) & (4219, 157, 242, t3=t2+(0, 7)) -> (1123, 67, 242, t4=t3+(1, 5))	3	33
(4095, 65, 1356, t1) & (1900, 152, 179, t2=t1+(0, 2)) & (4095, 116, 179, t3=t2+(0, 5)) -> (1900, 116, 179, t4=t3+(1, 3))	3	34
(3853, 91, 3035, t1) & (1148, 136, 2511, t2=t1+(0, 6)) & (3035, 162, 1148, t3=t2+(0, 11)) -> (3035, 162, 1148, t4=t3+(1, 2))	3	35
(3548, 97, 3039, t1) & (4884, 144, 4546, t2=t1+(0, 6)) & (4884, 78, 3548, t3=t2+(0, 4)) -> (4546, 78, 4546, t4=t3+(1, 1))	3	36
(4145, 33, 1980, t1) & (2275, 97, 4391, t2=t1+(0, 5)) & (4145, 125, 2275, t3=t2+(0, 4)) -> (4145, 97, 4391, t4=t3+(1, 6))	3	37
(2529, 187, 4359, t1) & (955, 159, 2632, t2=t1+(0, 5)) & (2529, 123, 955, t3=t2+(0, 3)) -> (4359, 123, 4359, t4=t3+(1, 3))	3	38
(2755, 59, 3524, t1) & (4808, 106, 1720, t2=t1+(0, 6)) & (3524, 150, 4808, t3=t2+(0, 4)) -> (4808, 59, 3524, t4=t3+(1, 4))	3	39
(4984, 88, 2563, t1) & (655, 63, 2357, t2=t1+(0, 3)) & (2357, 86, 2563, t3=t2+(0, 3)) -> (2563, 88, 2357, t4=t3+(1, 5))	3	40
(1609, 47, 4190, t1) & (732, 30, 3613, t2=t1+(0, 3)) & (732, 190, 4190, t3=t2+(0, 3)) -> (732, 30, 1609, t4=t3+(1, 4))	3	41
(2912, 4, 2908, t1) & (828, 97, 1537, t2=t1+(0, 6)) & (1537, 58, 2908, t3=t2+(0, 5)) -> (2908, 58, 2908, t4=t3+(1, 5))	3	42
(1537, 195, 3272, t1) & (2918, 39, 963, t2=t1+(0, 6)) & (2918, 22, 3272, t3=t2+(0, 3)) -> (3272, 22, 3272, t4=t3+(1, 6))	3	43
(1178, 87, 1985, t1) & (2164, 62, 2677, t2=t1+(0, 0)) & (2164, 42, 1985, t3=t2+(0, 4)) -> (1178, 62, 2164, t4=t3+(1, 5))	3	44
(952, 134, 4947, t1) & (1929, 101, 2307, t2=t1+(0, 8)) & (1929, 62, 4947, t3=t2+(0, 4)) -> (2307, 134, 952, t4=t3+(1, 11))	3	45
(833, 91, 616, t1) & (4585, 119, 4950, t2=t1+(0, 4)) & (833, 163, 4950, t3=t2+(0, 5)) -> (616, 163, 833, t4=t3+(1, 5))	3	46
(2114, 118, 2301, t1) & (3014, 150, 2672, t2=t1+(0, 3)) & (2672, 11, 2114, t3=t2+(0, 6)) -> (2301, 150, 2672, t4=t3+(1, 5))	3	47
(3101, 132, 2772, t1) & (2287, 27, 2278, t2=t1+(0, 6)) & (3101, 146, 2287, t3=t2+(0, 7)) -> (3101, 27, 2278, t4=t3+(1, 10))	3	48
(3222, 132, 3476, t1) & (352, 125, 2855, t2=t1+(0, 6)) & (3476, 47, 352, t3=t2+(0, 6)) -> (2855, 125, 3222, t4=t3+(1, 5))	3	49
(3881, 184, 1348, t1) & (4224, 128, 2605, t2=t1+(0, 6)) & (1348, 84, 4224, t3=t2+(0, 8)) -> (1348, 184, 1348, t4=t3+(1, 5))	3	50
(1567, 145, 3836, t1) & (1307, 104, 4304, t2=t1+(0, 5)) & (3836, 13, 1307, t3=t2+(0, 1)) -> (1307, 13, 1567, t4=t3+(1, 3))	3	51
(1675, 106, 4944, t1) & (4462, 165, 85, t2=t1+(0, 8)) & (4944, 133, 85, t3=t2+(0, 6)) -> (4944, 133, 4462, t4=t3+(1, 4))	3	52
(2023, 49, 2885, t1) & (1701, 183, 3314, t2=t1+(0, 2)) & (3314, 73, 2023, t3=t2+(0, 2)) -> (1701, 183, 3314, t4=t3+(1, 7))	3	53
(2979, 129, 3880, t1) & (177, 16, 475, t2=t1+(0, 3)) & (177, 98, 2979, t3=t2+(0, 3)) -> (3880, 129, 3880, t4=t3+(1, 5))	3	54
(2762, 171, 128, t1) & (4766, 184, 4026, t2=t1+(0, 8)) & (2762, 5, 4026, t3=t2+(0, 5)) -> (4026, 171, 2762, t4=t3+(1, 8))	3	55
(4544, 14, 2511, t1) & (3788, 31, 3809, t2=t1+(0, 6)) & (2511, 94, 3809, t3=t2+(0, 5)) -> (3809, 31, 4544, t4=t3+(1, 9))	3	56
(400, 185, 1004, t1) & (3269, 174, 1131, t2=t1+(0, 3)) & (3269, 29, 1004, t3=t2+(0, 4)) -> (1004, 174, 1004, t4=t3+(1, 5))	3	57
(2564, 129, 4746, t1) & (3544, 39, 2562, t2=t1+(0, 1)) & (2562, 59, 4746, t3=t2+(0, 7)) -> (4746, 59, 2562, t4=t3+(1, 5))	3	58
(2538, 191, 1396, t1) & (4387, 140, 2629, t2=t1+(0, 9)) & (1396, 178, 2629, t3=t2+(0, 7)) -> (2629, 191, 1396, t4=t3+(1, 5))	3	59
(1879, 4, 1559, t1) & (4716, 86, 4547, t2=t1+(0, 6)) & (4716, 69, 1879, t3=t2+(0, 3)) -> (1879, 4, 4716, t4=t3+(1, 5))	3	60
(2960, 39, 3825, t1) & (2541, 135, 2512, t2=t1+(0, 12)) & (2512, 104, 3825, t3=t2+(0, 6)) -> (3825, 104, 2960, t4=t3+(1, 9))	3	61
(4966, 191, 1985, t1) & (3279, 13, 2334, t2=t1+(0, 6)) & (2334, 98, 1985, t3=t2+(0, 5)) -> (4966, 98, 1985, t4=t3+(1, 5))	3	62
(2867, 167, 312, t1) & (988, 10, 679, t2=t1+(0, 5)) & (679, 187, 2867, t3=t2+(0, 10)) -> (2867, 187, 312, t4=t3+(1, 3))	3	63
(1152, 90, 2484, t1) & (2076, 13, 3259, t2=t1+(0, 6)) & (1152, 92, 3259, t3=t2+(0, 9)) -> (3259, 13, 1152, t4=t3+(1, 3))	3	64
(3326, 110, 3838, t1) & (3879, 33, 3516, t2=t1+(0, 2)) & (3879, 159, 3838, t3=t2+(0, 3)) -> (3838, 110, 3326, t4=t3+(1, 5))	3	65
(3667, 156, 955, t1) & (4427, 66, 3955, t2=t1+(0, 4)) & (955, 79, 3955, t3=t2+(0, 3)) -> (4427, 66, 955, t4=t3+(1, 7))	3	66
(2985, 140, 1452, t1) & (3628, 99, 3120, t2=t1+(0, 10)) & (3120, 126, 1452, t3=t2+(0, 5)) -> (3120, 140, 2985, t4=t3+(1, 5))	3	67
(3058, 82, 1759, t1) & (1492, 88, 2067, t2=t1+(0, 1)) & (1492, 67, 3058, t3=t2+(0, 9)) -> (2067, 88, 2067, t4=t3+(1, 4))	3	68
(532, 28, 2316, t1) & (4488, 64, 2440, t2=t1+(0, 5)) & (2440, 118, 532, t3=t2+(0, 4)) -> (2440, 118, 2440, t4=t3+(1, 6))	3	69
(165, 79, 2176, t1) & (3566, 181, 1721, t2=t1+(0, 8)) & (3566, 185, 2176, t3=t2+(0, 5)) -> (165, 185, 1721, t4=t3+(1, 6))	3	70
(2061, 34, 3519, t1) & (4800, 174, 2066, t2=t1+(0, 3)) & (4800, 81, 2061, t3=t2+(0, 7)) -> (4800, 81, 2066, t4=t3+(1, 6))	3	71
(1523, 53, 3854, t1) & (389, 18, 2927, t2=t1+(0, 5)) & (2927, 133, 3854, t3=t2+(0, 3)) -> (1523, 53, 1523, t4=t3+(1, 5))	3	72
(2931, 96, 1765, t1) & (4955, 50, 372, t2=t1+(0, 6)) & (1765, 196, 372, t3=t2+(0, 3)) -> (1765, 196, 372, t4=t3+(1, 5))	3	73
(1838, 107, 2679, t1) & (3732, 60, 1546, t2=t1+(0, 6)) & (3732, 63, 2679, t3=t2+(0, 3)) -> (1546, 107, 1546, t4=t3+(1, 4))	3	74
(3090, 178, 135, t1) & (4618, 78, 1973, t2=t1+(0, 2)) & (135, 18, 1973, t3=t2+(0, 3)) -> (135, 18, 4618, t4=t3+(1, 1))	3	75
(4280, 198, 4963, t1) & (3886, 153, 3820, t2=t1+(0, 5)) & (3886, 7, 4280, t3=t2+(0, 5)) -> (3820, 153, 3886, t4=t3+(1, 8))	3	76
(1719, 196, 1324, t1) & (4012, 59, 2851, t2=t1+(0, 6)) & (2851, 29, 1719, t3=t2+(0, 6)) -> (2851, 59, 1719, t4=t3+(1, 6))	3	77
(3483, 167, 2703, t1) & (1951, 125, 1432, t2=t1+(0, 6)) & (3483, 160, 1951, t3=t2+(0, 9)) -> (3483, 160, 1951, t4=t3+(1, 2))	3	78
(1576, 60, 2718, t1) & (1694, 146, 1134, t2=t1+(0, 5)) & (2718, 25, 1134, t3=t2+(0, 4)) -> (1576, 60, 2718, t4=t3+(1, 3))	3	79
(3005, 150, 1370, t1) & (107, 122, 3980, t2=t1+(0, 2)) & (1370, 84, 107, t3=t2+(0, 8)) -> (1370, 84, 107, t4=t3+(1, 6))	3	80
(2480, 28, 4310, t1) & (122, 61, 4543, t2=t1+(0, 4)) & (122, 61, 4310, t3=t2+(0, 7)) -> (122, 28, 2480, t4=t3+(1, 4))	3	81
(1903, 159, 4618, t1) & (123, 148, 4265, t2=t1+(0, 4)) & (1903, 170, 4265, t3=t2+(0, 8)) -> (123, 159, 4265, t4=t3+(1, 4))	3	82
(4095, 92, 403, t1) & (4945, 116, 194, t2=t1+(0, 3)) & (4095, 3, 4945, t3=t2+(0, 7)) -> (4095, 3, 194, t4=t3+(1, 1))	3	83
(1992, 142, 4638, t1) & (2774, 121, 1191, t2=t1+(0, 5)) & (1992, 47, 2774, t3=t2+(0, 5)) -> (1992, 142, 1191, t4=t3+(1, 4))	3	84
(4333, 68, 466, t1) & (4178, 101, 4462, t2=t1+(0, 3)) & (4462, 140, 4333, t3=t2+(0, 4)) -> (4178, 101, 4333, t4=t3+(1, 9))	3	85
(3684, 60, 634, t1) & (2559, 133, 4123, t2=t1+(0, 2)) & (4123, 24, 3684, t3=t2+(0, 8)) -> (4123, 60, 2559, t4=t3+(1, 1))	3	86
(2169, 31, 1908, t1) & (1127, 167, 1299, t2=t1+(0, 2)) & (1299, 137, 1908, t3=t2+(0, 3)) -> (1299, 167, 1299, t4=t3+(1, 4))	3	87
(747, 180, 2022, t1) & (1677, 122, 2703, t2=t1+(0, 1)) & (1677, 39, 747, t3=t2+(0, 5)) -> (747, 122, 1677, t4=t3+(1, 4))	3	88
(2320, 194, 846, t1) & (3628, 106, 3461, t2=t1+(0, 4)) & (3461, 80, 2320, t3=t2+(0, 8)) -> (2320, 106, 846, t4=t3+(1, 6))	3	89
(145, 158, 695, t1) & (1355, 197, 96, t2=t1+(0, 2)) & (145, 183, 1355, t3=t2+(0, 6)) -> (96, 197, 96, t4=t3+(1, 5))	3	90
(3841, 16, 1730, t1) & (156, 121, 3042, t2=t1+(0, 2)) & (1730, 40, 156, t3=t2+(0, 6)) -> (1730, 16, 1730, t4=t3+(1, 8))	3	91
(4279, 86, 4088, t1) & (3104, 9, 372, t2=t1+(0, 7)) & (372, 176, 4088, t3=t2+(0, 3)) -> (3104, 176, 3104, t4=t3+(1, 4))	3	92
(1882, 16, 945, t1) & (3668, 78, 4432, t2=t1+(0, 8)) & (4432, 192, 1882, t3=t2+(0, 5)) -> (3668, 192, 4432, t4=t3+(1, 4))	3	93
(1803, 199, 3099, t1) & (1692, 51, 2277, t2=t1+(0, 3)) & (3099, 140, 1692, t3=t2+(0, 6)) -> (1692, 51, 3099, t4=t3+(1, 5))	3	94
(2327, 196, 2568, t1) & (1216, 92, 4469, t2=t1+(0, 3)) & (1216, 92, 2327, t3=t2+(0, 6)) -> (4469, 92, 2327, t4=t3+(1, 9))	3	95
(4449, 192, 14, t1) & (3701, 73, 4788, t2=t1+(0, 1)) & (3701, 187, 14, t3=t2+(0, 6)) -> (3701, 73, 3701, t4=t3+(1, 3))	3	96
(3100, 169, 1415, t1) & (1825, 75, 2346, t2=t1+(0, 6)) & (1415, 176, 2346, t3=t2+(0, 5)) -> (1415, 75, 2346, t4=t3+(1, 6))	3	97
(1381, 178, 4659, t1) & (745, 117, 874, t2=t1+(0, 3)) & (1381, 94, 745, t3=t2+(0, 4)) -> (1381, 178, 4659, t4=t3+(1, 5))	3	98
(2650, 67, 1306, t1) & (3652, 184, 2044, t2=t1+(0, 9)) & (2044, 184, 1306, t3=t2+(0, 5)) -> (2044, 184, 2650, t4=t3+(1, 5))	3	99
(2402, 56, 4694, t1) & (2598, 192, 3215, t2=t1+(0, 1)) & (3215, 82, 2402, t3=t2+(0, 2)) -> (2402, 56, 3215, t4=t3+(1, 3))	3	100
(3668, 156, 546, t1) & (1223, 177, 472, t2=t1+(0, 3)) & (1223, 94, 3668, t3=t2+(0, 2)) -> (3668, 94, 1223, t4=t3+(1, 4))	3	101
(3472, 177, 3591, t1) & (1148, 147, 3777, t2=t1+(0, 7)) & (3777, 107, 3472, t3=t2+(0, 2)) -> (3777, 177, 3777, t4=t3+(1, 5))	3	102
(96, 92, 4018, t1) & (4425, 97, 1535, t2=t1+(0, 6)) & (4018, 155, 4425, t3=t2+(0, 2)) -> (96, 97, 96, t4=t3+(1, 5))	3	103
(1486, 154, 798, t1) & (2030, 4, 2873, t2=t1+(0, 4)) & (2873, 35, 798, t3=t2+(0, 5)) -> (798, 35, 1486, t4=t3+(1, 7))	3	104
(4651, 179, 1973, t1) & (2918, 192, 2074, t2=t1+(0, 1)) & (1973, 37, 2918, t3=t2+(0, 2)) -> (1973, 192, 2918, t4=t3+(1, 6))	3	105
(3474, 44, 119, t1) & (2716, 49, 4296, t2=t1+(0, 5)) & (4296, 130, 3474, t3=t2+(0, 7)) -> (2716, 49, 2716, t4=t3+(1, 2))	3	106
(284, 191, 1969, t1) & (128, 41, 1354, t2=t1+(0, 3)) & (1354, 154, 284, t3=t2+(0, 5)) -> (128, 191, 284, t4=t3+(1, 1))	3	107
(4054, 29, 2649, t1) & (95, 22, 44, t2=t1+(0, 4)) & (44, 174, 4054, t3=t2+(0, 7)) -> (4054, 174, 44, t4=t3+(1, 7))	3	108
(3608, 5, 209, t1) & (3934, 99, 3575, t2=t1+(0, 3)) & (3575, 56, 209, t3=t2+(0, 8)) -> (209, 99, 3934, t4=t3+(1, 5))	3	109
(1687, 132, 3827, t1) & (5, 158, 1954, t2=t1+(0, 5)) & (3827, 176, 5, t3=t2+(0, 6)) -> (5, 132, 5, t4=t3+(1, 4))	3	110
(2526, 57, 4807, t1) & (4801, 13, 2022, t2=t1+(0, 3)) & (4801, 10, 4807, t3=t2+(0, 8)) -> (4801, 57, 4807, t4=t3+(1, 2))	3	111
(4081, 47, 2163, t1) & (4258, 101, 3826, t2=t1+(0, 4)) & (2163, 35, 4258, t3=t2+(0, 5)) -> (2163, 35, 4258, t4=t3+(1, 11))	3	112
(1356, 68, 635, t1) & (286, 51, 666, t2=t1+(0, 5)) & (1356, 102, 666, t3=t2+(0, 2)) -> (1356, 102, 666, t4=t3+(1, 8))	3	113
(2519, 14, 4363, t1) & (4689, 77, 3535, t2=t1+(0, 4)) & (2519, 195, 3535, t3=t2+(0, 6)) -> (2519, 77, 3535, t4=t3+(1, 6))	3	114
(640, 182, 4099, t1) & (2677, 170, 1431, t2=t1+(0, 5)) & (1431, 195, 640, t3=t2+(0, 5)) -> (1431, 170, 1431, t4=t3+(1, 3))	3	115
(2930, 187, 2592, t1) & (1370, 17, 3733, t2=t1+(0, 4)) & (2592, 10, 3733, t3=t2+(0, 9)) -> (3733, 17, 1370, t4=t3+(1, 1))	3	116
(1875, 34, 3682, t1) & (939, 119, 1087, t2=t1+(0, 1)) & (3682, 91, 1087, t3=t2+(0, 5)) -> (3682, 119, 3682, t4=t3+(1, 6))	3	117
(42, 153, 3837, t1) & (2649, 41, 3986, t2=t1+(0, 2)) & (3837, 160, 2649, t3=t2+(0, 4)) -> (42, 153, 42, t4=t3+(1, 6))	3	118
(2647, 68, 2267, t1) & (374, 199, 1942, t2=t1+(0, 1)) & (2647, 162, 1942, t3=t2+(0, 1)) -> (374, 162, 374, t4=t3+(1, 4))	3	119
(1482, 89, 3779, t1) & (4594, 150, 4143, t2=t1+(0, 1)) & (1482, 124, 4594, t3=t2+(0, 5)) -> (4594, 150, 1482, t4=t3+(1, 4))	3	120
(1601, 91, 1360, t1) & (4902, 191, 1460, t2=t1+(0, 7)) & (1360, 36, 1460, t3=t2+(0, 5)) -> (1360, 191, 1360, t4=t3+(1, 7))	3	121
(329, 119, 4779, t1) & (3794, 38, 12, t2=t1+(0, 7)) & (3794, 96, 4779, t3=t2+(0, 5)) -> (3794, 119, 4779, t4=t3+(1, 6))	3	122
(3551, 44, 890, t1) & (4194, 34, 1448, t2=t1+(0, 4)) & (890, 153, 4194, t3=t2+(0, 8)) -> (1448, 44, 1448, t4=t3+(1, 6))	3	123
(4521, 118, 1187, t1) & (249, 88, 4061, t2=t1+(0, 3)) & (249, 129, 1187, t3=t2+(0, 3)) -> (4061, 118, 4061, t4=t3+(1, 4))	3	124
(4112, 34, 980, t1) & (1252, 25, 3148, t2=t1+(0, 7)) & (4112, 1, 3148, t3=t2+(0, 8)) -> (3148, 1, 1252, t4=t3+(1, 6))	3	125
(4843, 145, 1863, t1) & (3048, 144, 2514, t2=t1+(0, 4)) & (3048, 62, 4843, t3=t2+(0, 4)) -> (1863, 62, 3048, t4=t3+(1, 3))	3	126
(3182, 56, 1954, t1) & (993, 139, 1339, t2=t1+(0, 3)) & (1339, 91, 1954, t3=t2+(0, 7)) -> (1339, 56, 1339, t4=t3+(1, 2))	3	127
(2326, 194, 2331, t1) & (1053, 155, 537, t2=t1+(0, 5)) & (2331, 95, 1053, t3=t2+(0, 9)) -> (2331, 194, 2331, t4=t3+(1, 5))	3	128
(2387, 153, 3382, t1) & (1272, 194, 1479, t2=t1+(0, 2)) & (2387, 41, 1272, t3=t2+(0, 9)) -> (2387, 41, 2387, t4=t3+(1, 2))	3	129
(2886, 75, 2076, t1) & (4446, 5, 943, t2=t1+(0, 11)) & (2076, 130, 943, t3=t2+(0, 7)) -> (2076, 130, 2886, t4=t3+(1, 5))	3	130
(2067, 97, 1432, t1) & (37, 59, 1272, t2=t1+(0, 10)) & (1432, 9, 1272, t3=t2+(0, 2)) -> (37, 59, 2067, t4=t3+(1, 6))	3	131
(4477, 79, 121, t1) & (4924, 72, 3017, t2=t1+(0, 6)) & (121, 96, 4924, t3=t2+(0, 3)) -> (121, 79, 4477, t4=t3+(1, 8))	3	132
(3767, 7, 2558, t1) & (1804, 152, 4223, t2=t1+(0, 6)) & (3767, 111, 1804, t3=t2+(0, 4)) -> (1804, 111, 3767, t4=t3+(1, 5))	3	133
(3880, 113, 4247, t1) & (1876, 101, 2722, t2=t1+(0, 6)) & (3880, 103, 1876, t3=t2+(0, 12)) -> (3880, 103, 3880, t4=t3+(1, 3))	3	134
(1143, 35, 4282, t1) & (3001, 33, 1340, t2=t1+(0, 6)) & (1340, 28, 1143, t3=t2+(0, 4)) -> (4282, 35, 1340, t4=t3+(1, 5))	3	135
(4359, 87, 4477, t1) & (2071, 77, 4129, t2=t1+(0, 8)) & (2071, 134, 4359, t3=t2+(0, 5)) -> (4129, 87, 4477, t4=t3+(1, 5))	3	136
(33, 198, 4984, t1) & (18, 97, 1199, t2=t1+(0, 2)) & (1199, 38, 33, t3=t2+(0, 5)) -> (18, 97, 4984, t4=t3+(1, 4))	3	137
(2689, 8, 3096, t1) & (3510, 13, 2280, t2=t1+(0, 7)) & (2280, 76, 2689, t3=t2+(0, 6)) -> (2280, 13, 3510, t4=t3+(1, 7))	3	138
(1022, 100, 39, t1) & (119, 126, 1563, t2=t1+(0, 4)) & (1563, 187, 39, t3=t2+(0, 7)) -> (1563, 126, 119, t4=t3+(1, 6))	3	139
(4639, 126, 4990, t1) & (1756, 47, 4477, t2=t1+(0, 6)) & (4477, 186, 4639, t3=t2+(0, 4)) -> (4477, 47, 4639, t4=t3+(1, 8))	3	140
(3888, 196, 2390, t1) & (3869, 107, 277, t2=t1+(0, 8)) & (2390, 69, 277, t3=t2+(0, 4)) -> (3888, 69, 2390, t4=t3+(1, 5))	3	141
(2010, 130, 760, t1) & (777, 22, 457, t2=t1+(0, 9)) & (457, 50, 760, t3=t2+(0, 9)) -> (2010, 50, 2010, t4=t3+(1, 8))	3	142
(3954, 174, 4761, t1) & (2610, 64, 2614, t2=t1+(0, 3)) & (3954, 189, 2614, t3=t2+(0, 5)) -> (2610, 64, 3954, t4=t3+(1, 6))	3	143
(1853, 11, 2114, t1) & (760, 63, 3680, t2=t1+(0, 3)) & (760, 167, 2114, t3=t2+(0, 6)) -> (2114, 167, 2114, t4=t3+(1, 4))	3	144
(1772, 163, 780, t1) & (1241, 162, 2507, t2=t1+(0, 8)) & (780, 12, 2507, t3=t2+(0, 10)) -> (1772, 12, 1241, t4=t3+(1, 7))	3	145
(2574, 167, 3939, t1) & (4899, 164, 3724, t2=t1+(0, 3)) & (4899, 182, 2574, t3=t2+(0, 3)) -> (3939, 167, 2574, t4=t3+(1, 6))	3	146
(2028, 13, 2340, t1) & (3971, 102, 2867, t2=t1+(0, 4)) & (2340, 92, 3971, t3=t2+(0, 4)) -> (2028, 102, 3971, t4=t3+(1, 2))	3	147
(3319, 4, 4525, t1) & (4695, 118, 4172, t2=t1+(0, 6)) & (4172, 45, 4525, t3=t2+(0, 5)) -> (4525, 118, 3319, t4=t3+(1, 5))	3	148
(450, 156, 912, t1) & (4530, 17, 1610, t2=t1+(0, 5)) & (450, 139, 1610, t3=t2+(0, 8)) -> (912, 17, 450, t4=t3+(1, 2))	3	149
(3881, 143, 3103, t1) & (4322, 44, 2551, t2=t1+(0, 2)) & (2551, 101, 3881, t3=t2+(0, 3)) -> (2551, 101, 3103, t4=t3+(1, 8))	3	150
(2665, 90, 2314, t1) & (933, 152, 1100, t2=t1+(0, 8)) & (2665, 30, 933, t3=t2+(0, 8)) -> (1100, 90, 2314, t4=t3+(1, 5))	3	151
(1410, 193, 1183, t1) & (2897, 111, 4756, t2=t1+(0, 5)) & (4756, 141, 1410, t3=t2+(0, 1)) -> (1183, 111, 4756, t4=t3+(1, 9))	3	152
(3165, 186, 4328, t1) & (3193, 33, 904, t2=t1+(0, 3)) & (3165, 137, 3193, t3=t2+(0, 6)) -> (4328, 186, 3193, t4=t3+(1, 7))	3	153
(1901, 198, 1299, t1) & (3731, 147, 2365, t2=t1+(0, 7)) & (1299, 61, 2365, t3=t2+(0, 6)) -> (1299, 198, 1299, t4=t3+(1, 2))	3	154
(1969, 22, 4056, t1) & (654, 175, 3206, t2=t1+(0, 8)) & (654, 50, 4056, t3=t2+(0, 9)) -> (3206, 175, 4056, t4=t3+(1, 5))	3	155
(1439, 154, 3178, t1) & (4162, 93, 1441, t2=t1+(0, 10)) & (1441, 166, 1439, t3=t2+(0, 5)) -> (1439, 93, 1441, t4=t3+(1, 2))	3	156
(2921, 185, 3330, t1) & (2466, 114, 4928, t2=t1+(0, 6)) & (3330, 157, 2466, t3=t2+(0, 2)) -> (2921, 185, 4928, t4=t3+(1, 3))	3	157
(650, 53, 2662, t1) & (1971, 153, 858, t2=t1+(0, 4)) & (1971, 55, 650, t3=t2+(0, 7)) -> (650, 53, 650, t4=t3+(1, 4))	3	158
(2736, 49, 153, t1) & (1167, 77, 3472, t2=t1+(0, 3)) & (153, 35, 3472, t3=t2+(0, 5)) -> (3472, 77, 153, t4=t3+(1, 4))	3	159
(1093, 136, 3556, t1) & (494, 2, 3542, t2=t1+(0, 4)) & (494, 56, 3556, t3=t2+(0, 4)) -> (3542, 2, 3556, t4=t3+(1, 5))	3	160
(2952, 81, 1899, t1) & (3024, 119, 2807, t2=t1+(0, 7)) & (2952, 15, 2807, t3=t2+(0, 9)) -> (2952, 119, 2807, t4=t3+(1, 5))	3	161
(141, 152, 4186, t1) & (815, 17, 2658, t2=t1+(0, 6)) & (2658, 116, 4186, t3=t2+(0, 7)) -> (141, 17, 141, t4=t3+(1, 3))	3	162
(1322, 132, 2047, t1) & (610, 96, 4368, t2=t1+(0, 7)) & (2047, 163, 4368, t3=t2+(0, 8)) -> (2047, 132, 4368, t4=t3+(1, 10))	3	163
(4941, 27, 1373, t1) & (1520, 15, 4525, t2=t1+(0, 1)) & (4941, 175, 1520, t3=t2+(0, 10)) -> (1373, 15, 4525, t4=t3+(1, 5))	3	164
(2246, 42, 2165, t1) & (3330, 119, 200, t2=t1+(0, 3)) & (2246, 69, 200, t3=t2+(0, 10)) -> (2165, 42, 200, t4=t3+(1, 5))	3	165
(3594, 74, 1950, t1) & (4625, 196, 4518, t2=t1+(0, 3)) & (3594, 145, 4625, t3=t2+(0, 4)) -> (4625, 74, 4518, t4=t3+(1, 4))	3	166
(384, 121, 3879, t1) & (2908, 138, 327, t2=t1+(0, 5)) & (384, 91, 2908, t3=t2+(0, 4)) -> (384, 138, 3879, t4=t3+(1, 3))	3	167
(4888, 93, 4900, t1) & (3217, 121, 1654, t2=t1+(0, 4)) & (1654, 24, 4900, t3=t2+(0, 4)) -> (4900, 93, 4900, t4=t3+(1, 5))	3	168
(209, 35, 2879, t1) & (4939, 74, 3263, t2=t1+(0, 5)) & (2879, 52, 4939, t3=t2+(0, 2)) -> (4939, 74, 209, t4=t3+(1, 4))	3	169
(850, 36, 857, t1) & (2348, 137, 1204, t2=t1+(0, 2)) & (2348, 41, 857, t3=t2+(0, 2)) -> (850, 36, 2348, t4=t3+(1, 7))	3	170
(134, 19, 4255, t1) & (3291, 17, 199, t2=t1+(0, 3)) & (3291, 13, 134, t3=t2+(0, 8)) -> (3291, 17, 134, t4=t3+(1, 7))	3	171
(4964, 109, 3528, t1) & (2998, 123, 4225, t2=t1+(0, 6)) & (3528, 42, 4225, t3=t2+(0, 10)) -> (3528, 109, 4225, t4=t3+(1, 2))	3	172
(2810, 77, 1668, t1) & (4256, 144, 3050, t2=t1+(0, 9)) & (1668, 12, 4256, t3=t2+(0, 8)) -> (2810, 77, 2810, t4=t3+(1, 4))	3	173
(4845, 36, 899, t1) & (317, 88, 2842, t2=t1+(0, 6)) & (4845, 90, 317, t3=t2+(0, 5)) -> (4845, 88, 4845, t4=t3+(1, 3))	3	174
(3956, 114, 1229, t1) & (3777, 40, 37, t2=t1+(0, 5)) & (3956, 155, 37, t3=t2+(0, 3)) -> (3956, 40, 3956, t4=t3+(1, 4))	3	175
(4411, 142, 1469, t1) & (3961, 123, 3191, t2=t1+(0, 3)) & (3191, 62, 1469, t3=t2+(0, 3)) -> (1469, 62, 3961, t4=t3+(1, 1))	3	176
(3850, 171, 2217, t1) & (4269, 101, 436, t2=t1+(0, 5)) & (3850, 159, 4269, t3=t2+(0, 10)) -> (436, 159, 3850, t4=t3+(1, 4))	3	177
(4717, 25, 1138, t1) & (4032, 106, 2190, t2=t1+(0, 4)) & (2190, 81, 4717, t3=t2+(0, 4)) -> (1138, 106, 2190, t4=t3+(1, 6))	3	178
(1350, 137, 4666, t1) & (2541, 198, 1775, t2=t1+(0, 5)) & (4666, 101, 2541, t3=t2+(0, 7)) -> (4666, 101, 1775, t4=t3+(1, 6))	3	179
(3118, 56, 4387, t1) & (2818, 143, 3679, t2=t1+(0, 4)) & (4387, 152, 2818, t3=t2+(0, 3)) -> (4387, 152, 4387, t4=t3+(1, 3))	3	180
(915, 60, 4150, t1) & (2826, 23, 2387, t2=t1+(0, 8)) & (2826, 174, 915, t3=t2+(0, 6)) -> (2826, 60, 2826, t4=t3+(1, 6))	3	181
(1900, 121, 1044, t1) & (2389, 79, 3112, t2=t1+(0, 5)) & (1900, 198, 3112, t3=t2+(0, 10)) -> (3112, 198, 2389, t4=t3+(1, 9))	3	182
(4231, 47, 698, t1) & (3438, 9, 4561, t2=t1+(0, 2)) & (698, 159, 4561, t3=t2+(0, 7)) -> (698, 159, 3438, t4=t3+(1, 6))	3	183
(1293, 76, 2868, t1) & (1832, 49, 3716, t2=t1+(0, 4)) & (1293, 56, 1832, t3=t2+(0, 6)) -> (1293, 56, 2868, t4=t3+(1, 3))	3	184
(1320, 50, 4172, t1) & (1088, 20, 417, t2=t1+(0, 13)) & (417, 161, 1320, t3=t2+(0, 2)) -> (1320, 50, 417, t4=t3+(1, 4))	3	185
(894, 77, 1963, t1) & (4060, 83, 737, t2=t1+(0, 2)) & (737, 32, 1963, t3=t2+(0, 10)) -> (1963, 83, 737, t4=t3+(1, 1))	3	186
(1925, 145, 3181, t1) & (3207, 175, 740, t2=t1+(0, 3)) & (1925, 43, 740, t3=t2+(0, 4)) -> (740, 43, 740, t4=t3+(1, 7))	3	187
(4963, 109, 2156, t1) & (252, 192, 4191, t2=t1+(0, 6)) & (2156, 64, 252, t3=t2+(0, 4)) -> (2156, 192, 252, t4=t3+(1, 4))	3	188
(2574, 120, 1386, t1) & (4075, 172, 3492, t2=t1+(0, 7)) & (4075, 74, 2574, t3=t2+(0, 3)) -> (2574, 74, 4075, t4=t3+(1, 6))	3	189
(4474, 171, 2004, t1) & (3350, 102, 3726, t2=t1+(0, 3)) & (3726, 1, 4474, t3=t2+(0, 1)) -> (3726, 102, 4474, t4=t3+(1, 7))	3	190
(1469, 81, 1317, t1) & (1770, 170, 1341, t2=t1+(0, 7)) & (1317, 104, 1341, t3=t2+(0, 6)) -> (1469, 104, 1341, t4=t3+(1, 6))	3	191
(4162, 90, 3377, t1) & (60, 2, 3622, t2=t1+(0, 5)) & (3377, 36, 3622, t3=t2+(0, 2)) -> (3377, 90, 3377, t4=t3+(1, 4))	3	192
(4855, 53, 1830, t1) & (2497, 4, 4554, t2=t1+(0, 3)) & (2497, 74, 4855, t3=t2+(0, 8)) -> (4554, 53, 2497, t4=t3+(1, 5))	3	193
(1556, 114, 1464, t1) & (1156, 30, 2840, t2=t1+(0, 10)) & (1156, 42, 1464, t3=t2+(0, 5)) -> (1156, 114, 1156, t4=t3+(1, 5))	3	194
(4366, 50, 1460, t1) & (4533, 47, 1922, t2=t1+(0, 7)) & (4533, 49, 4366, t3=t2+(0, 1)) -> (1922, 47, 1460, t4=t3+(1, 2))	3	195
(4840, 155, 2350, t1) & (2418, 23, 3330, t2=t1+(0, 4)) & (2418, 148, 2350, t3=t2+(0, 4)) -> (2350, 148, 4840, t4=t3+(1, 3))	3	196
(3383, 77, 292, t1) & (3727, 151, 4841, t2=t1+(0, 3)) & (3383, 17, 4841, t3=t2+(0, 3)) -> (292, 77, 3383, t4=t3+(1, 7))	3	197
(4480, 83, 4743, t1) & (242, 175, 2351, t2=t1+(0, 3)) & (242, 144, 4743, t3=t2+(0, 5)) -> (4480, 144, 4743, t4=t3+(1, 2))	3	198
(4760, 72, 3596, t1) & (4121, 39, 2228, t2=t1+(0, 10)) & (3596, 13, 4121, t3=t2+(0, 5)) -> (3596, 39, 2228, t4=t3+(1, 5))	3	199
(1805, 151, 3543, t1) & (4586, 191, 419, t2=t1+(0, 5)) & (1805, 76, 4586, t3=t2+(0, 3)) -> (1805, 191, 1805, t4=t3+(1, 4))	3	200
(1808, 87, 4379, t1) & (917, 6, 4111, t2=t1+(0, 4)) & (917, 159, 4379, t3=t2+(0, 8)) -> (4111, 159, 917, t4=t3+(1, 3))	3	201
(3451, 23, 4197, t1) & (200, 36, 2433, t2=t1+(0, 9)) & (2433, 24, 3451, t3=t2+(0, 9)) -> (2433, 23, 3451, t4=t3+(1, 7))	3	202
(2175, 23, 4348, t1) & (2165, 54, 3021, t2=t1+(0, 3)) & (4348, 91, 2165, t3=t2+(0, 7)) -> (2165, 91, 4348, t4=t3+(1, 7))	3	203
(4029, 44, 1064, t1) & (2040, 151, 457, t2=t1+(0, 6)) & (457, 57, 1064, t3=t2+(0, 3)) -> (2040, 151, 457, t4=t3+(1, 1))	3	204
(4285, 63, 2509, t1) & (2682, 2, 1924, t2=t1+(0, 1)) & (1924, 65, 4285, t3=t2+(0, 2)) -> (2509, 65, 1924, t4=t3+(1, 5))	3	205
(3369, 42, 4881, t1) & (4287, 1, 3809, t2=t1+(0, 6)) & (4287, 131, 3369, t3=t2+(0, 3)) -> (4287, 131, 4287, t4=t3+(1, 4))	3	206
(889, 38, 1518, t1) & (4071, 172, 2303, t2=t1+(0, 8)) & (2303, 124, 889, t3=t2+(0, 4)) -> (4071, 172, 889, t4=t3+(1, 6))	3	207
(3652, 164, 609, t1) & (989, 26, 4313, t2=t1+(0, 7)) & (4313, 197, 609, t3=t2+(0, 5)) -> (609, 26, 4313, t4=t3+(1, 8))	3	208
(1048, 61, 1560, t1) & (11, 112, 4902, t2=t1+(0, 5)) & (11, 77, 1048, t3=t2+(0, 7)) -> (1048, 61, 11, t4=t3+(1, 9))	3	209
(3053, 20, 4887, t1) & (20, 11, 140, t2=t1+(0, 2)) & (140, 67, 4887, t3=t2+(0, 1)) -> (4887, 11, 4887, t4=t3+(1, 7))	3	210
(4938, 104, 1479, t1) & (4623, 95, 815, t2=t1+(0, 1)) & (4938, 16, 815, t3=t2+(0, 3)) -> (4623, 16, 815, t4=t3+(1, 6))	3	211
(1791, 37, 3050, t1) & (2294, 178, 4118, t2=t1+(0, 3)) & (1791, 83, 4118, t3=t2+(0, 4)) -> (3050, 83, 4118, t4=t3+(1, 6))	3	212
(1501, 59, 2409, t1) & (1413, 26, 1736, t2=t1+(0, 4)) & (1736, 175, 1501, t3=t2+(0, 6)) -> (2409, 59, 1736, t4=t3+(1, 6))	3	213
(2125, 46, 1565, t1) & (4129, 108, 2261, t2=t1+(0, 6)) & (2125, 162, 4129, t3=t2+(0, 4)) -> (2261, 162, 4129, t4=t3+(1, 6))	3	214
(2132, 41, 769, t1) & (674, 158, 3980, t2=t1+(0, 2)) & (769, 153, 674, t3=t2+(0, 4)) -> (674, 153, 769, t4=t3+(1, 5))	3	215
(2470, 6, 3388, t1) & (3126, 81, 3693, t2=t1+(0, 6)) & (2470, 84, 3693, t3=t2+(0, 5)) -> (3388, 6, 2470, t4=t3+(1, 7))	3	216
(2502, 163, 4671, t1) & (1959, 13, 896, t2=t1+(0, 9)) & (896, 72, 2502, t3=t2+(0, 5)) -> (2502, 13, 2502, t4=t3+(1, 2))	3	217
(847, 88, 2246, t1) & (4106, 89, 1295, t2=t1+(0, 6)) & (4106, 76, 2246, t3=t2+(0, 7)) -> (2246, 89, 2246, t4=t3+(1, 4))	3	218
(4082, 157, 3498, t1) & (4823, 22, 4643, t2=t1+(0, 8)) & (4082, 111, 4643, t3=t2+(0, 4)) -> (4823, 157, 4082, t4=t3+(1, 3))	3	219
(4294, 116, 4932, t1) & (4201, 89, 2856, t2=t1+(0, 4)) & (2856, 100, 4294, t3=t2+(0, 4)) -> (2856, 100, 2856, t4=t3+(1, 4))	3	220
(3044, 149, 2953, t1) & (4762, 140, 506, t2=t1+(0, 2)) & (3044, 39, 506, t3=t2+(0, 8)) -> (506, 140, 3044, t4=t3+(1, 7))	3	221
(1587, 44, 1529, t1) & (1943, 43, 3376, t2=t1+(0, 2)) & (3376, 93, 1587, t3=t2+(0, 4)) -> (1943, 43, 1587, t4=t3+(1, 8))	3	222
(800, 69, 4354, t1) & (2146, 148, 4808, t2=t1+(0, 3)) & (800, 67, 4808, t3=t2+(0, 3)) -> (800, 69, 800, t4=t3+(1, 6))	3	223
(4823, 27, 2580, t1) & (4397, 53, 2245, t2=t1+(0, 3)) & (4397, 12, 2580, t3=t2+(0, 3)) -> (4397, 27, 2245, t4=t3+(1, 6))	3	224
(4219, 98, 363, t1) & (1489, 88, 3383, t2=t1+(0, 9)) & (4219, 131, 1489, t3=t2+(0, 8)) -> (4219, 131, 1489, t4=t3+(1, 3))	3	225
(1871, 195, 800, t1) & (1105, 184, 1859, t2=t1+(0, 3)) & (800, 40, 1105, t3=t2+(0, 0)) -> (800, 184, 1859, t4=t3+(1, 5))	3	226
(3072, 103, 284, t1) & (641, 196, 616, t2=t1+(0, 6)) & (641, 124, 284, t3=t2+(0, 9)) -> (3072, 196, 616, t4=t3+(1, 6))	3	227
(4416, 32, 810, t1) & (2949, 35, 2772, t2=t1+(0, 7)) & (2772, 84, 4416, t3=t2+(0, 5)) -> (810, 84, 4416, t4=t3+(1, 8))	3	228
(1884, 30, 4519, t1) & (1217, 156, 4511, t2=t1+(0, 2)) & (4519, 13, 4511, t3=t2+(0, 3)) -> (1884, 13, 4519, t4=t3+(1, 4))	3	229
(4162, 65, 3486, t1) & (724, 175, 1587, t2=t1+(0, 3)) & (724, 182, 4162, t3=t2+(0, 2)) -> (724, 182, 4162, t4=t3+(1, 2))	3	230
(4479, 109, 4553, t1) & (2797, 111, 4319, t2=t1+(0, 1)) & (2797, 124, 4479, t3=t2+(0, 5)) -> (4553, 124, 4479, t4=t3+(1, 1))	3	231
(1034, 159, 4659, t1) & (3687, 69, 2099, t2=t1+(0, 4)) & (3687, 98, 4659, t3=t2+(0, 2)) -> (4659, 159, 4659, t4=t3+(1, 4))	3	232
(3524, 142, 876, t1) & (3743, 144, 2097, t2=t1+(0, 6)) & (2097, 182, 876, t3=t2+(0, 4)) -> (2097, 144, 876, t4=t3+(1, 5))	3	233
(4031, 56, 1611, t1) & (363, 82, 3102, t2=t1+(0, 2)) & (3102, 89, 1611, t3=t2+(0, 7)) -> (3102, 89, 4031, t4=t3+(1, 5))	3	234
(1452, 96, 2021, t1) & (2317, 92, 2089, t2=t1+(0, 8)) & (2021, 3, 2317, t3=t2+(0, 4)) -> (1452, 92, 2021, t4=t3+(1, 6))	3	235
(3892, 67, 4427, t1) & (25, 42, 4468, t2=t1+(0, 2)) & (25, 111, 3892, t3=t2+(0, 2)) -> (3892, 67, 3892, t4=t3+(1, 5))	3	236
(4323, 96, 3090, t1) & (3824, 167, 2802, t2=t1+(0, 4)) & (3090, 142, 2802, t3=t2+(0, 7)) -> (3824, 142, 2802, t4=t3+(1, 5))	3	237
(1478, 160, 1236, t1) & (117, 161, 342, t2=t1+(0, 4)) & (1478, 57, 342, t3=t2+(0, 8)) -> (1478, 57, 117, t4=t3+(1, 6))	3	238
(247, 43, 2854, t1) & (2176, 126, 531, t2=t1+(0, 4)) & (531, 136, 247, t3=t2+(0, 7)) -> (2176, 43, 2176, t4=t3+(1, 3))	3	239
(4145, 121, 4928, t1) & (4013, 30, 3637, t2=t1+(0, 4)) & (4013, 8, 4145, t3=t2+(0, 5)) -> (3637, 30, 4928, t4=t3+(1, 7))	3	240
(2258, 136, 4032, t1) & (351, 13, 2377, t2=t1+(0, 5)) & (2377, 115, 2258, t3=t2+(0, 6)) -> (351, 115, 2258, t4=t3+(1, 3))	3	241
(1685, 160, 3100, t1) & (1448, 98, 661, t2=t1+(0, 8)) & (3100, 135, 661, t3=t2+(0, 2)) -> (3100, 160, 3100, t4=t3+(1, 6))	3	242
(4637, 192, 945, t1) & (2557, 194, 2253, t2=t1+(0, 1)) & (2557, 160, 945, t3=t2+(0, 7)) -> (2557, 160, 945, t4=t3+(1, 7))	3	243
(1217, 89, 1304, t1) & (4652, 49, 4586, t2=t1+(0, 3)) & (1304, 193, 4652, t3=t2+(0, 2)) -> (1304, 49, 4586, t4=t3+(1, 3))	3	244
(2813, 90, 2301, t1) & (343, 82, 3163, t2=t1+(0, 8)) & (2301, 113, 3163, t3=t2+(0, 9)) -> (343, 82, 2301, t4=t3+(1, 7))	3	245
(2388, 104, 2080, t1) & (1402, 45, 529, t2=t1+(0, 6)) & (2388, 148, 1402, t3=t2+(0, 3)) -> (1402, 104, 1402, t4=t3+(1, 7))	3	246
(3408, 172, 4069, t1) & (4519, 1, 1669, t2=t1+(0, 5)) & (1669, 120, 3408, t3=t2+(0, 4)) -> (1669, 120, 3408, t4=t3+(1, 3))	3	247
(3326, 163, 4496, t1) & (3682, 88, 1495, t2=t1+(0, 9)) & (3326, 36, 3682, t3=t2+(0, 5)) -> (1495, 163, 4496, t4=t3+(1, 6))	3	248
(3820, 121, 98, t1) & (61, 4, 3970, t2=t1+(0, 6)) & (61, 29, 3820, t3=t2+(0, 4)) -> (3970, 29, 3970, t4=t3+(1, 5))	3	249
(3102, 140, 4131, t1) & (4931, 150, 1467, t2=t1+(0, 5)) & (4931, 65, 4131, t3=t2+(0, 9)) -> (4131, 150, 4131, t4=t3+(1, 7))	3	250
(118, 69, 1383, t1) & (2630, 71, 3724, t2=t1+(0, 2)) & (1383, 39, 2630, t3=t2+(0, 7)) -> (1383, 39, 1383, t4=t3+(1, 5))	3	251
(784, 138, 1624, t1) & (4174, 50, 189, t2=t1+(0, 3)) & (784, 41, 4174, t3=t2+(0, 11)) -> (4174, 138, 784, t4=t3+(1, 3))	3	252
(3006, 58, 2226, t1) & (2095, 92, 773, t2=t1+(0, 6)) & (3006, 127, 2095, t3=t2+(0, 8)) -> (2226, 58, 2095, t4=t3+(1, 2))	3	253
(1208, 109, 347, t1) & (3137, 26, 1383, t2=t1+(0, 4)) & (347, 132, 1383, t3=t2+(0, 4)) -> (1383, 109, 347, t4=t3+(1, 3))	3	254
(3978, 184, 1096, t1) & (373, 27, 2289, t2=t1+(0, 2)) & (3978, 114, 373, t3=t2+(0, 2)) -> (3978, 184, 2289, t4=t3+(1, 2))	3	255
(691, 154, 1861, t1) & (2925, 98, 3414, t2=t1+(0, 4)) & (1861, 162, 3414, t3=t2+(0, 9)) -> (1861, 162, 3414, t4=t3+(1, 4))	3	256
(1039, 28, 1756, t1) & (1369, 85, 1603, t2=t1+(0, 8)) & (1369, 81, 1756, t3=t2+(0, 6)) -> (1756, 85, 1756, t4=t3+(1, 6))	3	257
(2746, 24, 2211, t1) & (3113, 87, 4648, t2=t1+(0, 6)) & (3113, 149, 2746, t3=t2+(0, 7)) -> (4648, 24, 3113, t4=t3+(1, 5))	3	258
(595, 197, 4608, t1) & (2922, 159, 3216, t2=t1+(0, 6)) & (595, 125, 2922, t3=t2+(0, 6)) -> (2922, 125, 595, t4=t3+(1, 7))	3	259
(3309, 133, 4307, t1) & (2128, 77, 4729, t2=t1+(0, 10)) & (3309, 57, 4729, t3=t2+(0, 6)) -> (4307, 77, 3309, t4=t3+(1, 5))	3	260
(4647, 165, 3770, t1) & (3941, 139, 94, t2=t1+(0, 4)) & (4647, 36, 3941, t3=t2+(0, 4)) -> (3941, 139, 3770, t4=t3+(1, 6))	3	261
(2347, 79, 4565, t1) & (2246, 82, 1020, t2=t1+(0, 6)) & (4565, 54, 1020, t3=t2+(0, 2)) -> (4565, 79, 4565, t4=t3+(1, 7))	3	262
(3781, 61, 2535, t1) & (899, 98, 2115, t2=t1+(0, 7)) & (2535, 156, 899, t3=t2+(0, 3)) -> (2115, 98, 3781, t4=t3+(1, 4))	3	263
(434, 92, 4504, t1) & (4905, 79, 1451, t2=t1+(0, 9)) & (4504, 12, 1451, t3=t2+(0, 6)) -> (1451, 92, 4504, t4=t3+(1, 4))	3	264
(4011, 115, 466, t1) & (668, 36, 390, t2=t1+(0, 4)) & (668, 58, 4011, t3=t2+(0, 3)) -> (4011, 115, 466, t4=t3+(1, 6))	3	265
(469, 179, 2734, t1) & (1402, 163, 4513, t2=t1+(0, 12)) & (2734, 51, 1402, t3=t2+(0, 5)) -> (1402, 163, 2734, t4=t3+(1, 3))	3	266
(4996, 110, 4133, t1) & (4571, 128, 2991, t2=t1+(0, 5)) & (4996, 115, 4571, t3=t2+(0, 8)) -> (4996, 110, 4571, t4=t3+(1, 8))	3	267
(4039, 31, 449, t1) & (4479, 190, 1387, t2=t1+(0, 4)) & (4479, 125, 449, t3=t2+(0, 3)) -> (449, 31, 4479, t4=t3+(1, 4))	3	268
(3662, 109, 1889, t1) & (3059, 15, 1918, t2=t1+(0, 4)) & (3059, 118, 3662, t3=t2+(0, 8)) -> (3662, 109, 3059, t4=t3+(1, 8))	3	269
(1325, 99, 4229, t1) & (1159, 145, 2448, t2=t1+(0, 4)) & (1325, 165, 2448, t3=t2+(0, 4)) -> (1159, 145, 2448, t4=t3+(1, 4))	3	270
(2466, 26, 2195, t1) & (1257, 80, 4662, t2=t1+(0, 3)) & (4662, 12, 2466, t3=t2+(0, 9)) -> (2466, 80, 1257, t4=t3+(1, 4))	3	271
(2869, 136, 610, t1) & (4049, 193, 2276, t2=t1+(0, 5)) & (2276, 172, 610, t3=t2+(0, 6)) -> (4049, 193, 610, t4=t3+(1, 3))	3	272
(770, 96, 785, t1) & (272, 68, 751, t2=t1+(0, 7)) & (751, 150, 785, t3=t2+(0, 3)) -> (770, 96, 785, t4=t3+(1, 5))	3	273
(3501, 48, 3740, t1) & (4298, 151, 744, t2=t1+(0, 1)) & (4298, 38, 3501, t3=t2+(0, 11)) -> (3501, 38, 3501, t4=t3+(1, 11))	3	274
(2432, 78, 4798, t1) & (2372, 65, 3374, t2=t1+(0, 6)) & (2372, 78, 2432, t3=t2+(0, 5)) -> (4798, 78, 2372, t4=t3+(1, 9))	3	275
(559, 142, 580, t1) & (196, 131, 1419, t2=t1+(0, 4)) & (1419, 25, 559, t3=t2+(0, 10)) -> (1419, 25, 1419, t4=t3+(1, 3))	3	276
(1608, 37, 1609, t1) & (2990, 62, 4368, t2=t1+(0, 8)) & (1608, 44, 2990, t3=t2+(0, 2)) -> (2990, 37, 4368, t4=t3+(1, 3))	3	277
(2448, 157, 2576, t1) & (1805, 71, 1286, t2=t1+(0, 5)) & (1805, 160, 2448, t3=t2+(0, 7)) -> (1286, 157, 1286, t4=t3+(1, 4))	3	278
(764, 109, 3339, t1) & (2542, 164, 4508, t2=t1+(0, 4)) & (2542, 89, 764, t3=t2+(0, 4)) -> (3339, 164, 2542, t4=t3+(1, 6))	3	279
(4622, 75, 291, t1) & (16, 186, 953, t2=t1+(0, 4)) & (4622, 46, 953, t3=t2+(0, 3)) -> (4622, 75, 4622, t4=t3+(1, 1))	3	280
(1507, 110, 881, t1) & (2460, 122, 712, t2=t1+(0, 6)) & (712, 173, 881, t3=t2+(0, 1)) -> (1507, 110, 881, t4=t3+(1, 3))	3	281
(4166, 62, 3623, t1) & (2038, 15, 3750, t2=t1+(0, 9)) & (4166, 141, 3750, t3=t2+(0, 1)) -> (4166, 62, 3623, t4=t3+(1, 3))	3	282
(3916, 29, 1734, t1) & (881, 187, 3477, t2=t1+(0, 6)) & (881, 198, 3916, t3=t2+(0, 5)) -> (881, 198, 881, t4=t3+(1, 3))	3	283
(243, 127, 3630, t1) & (1539, 111, 3268, t2=t1+(0, 4)) & (3630, 110, 3268, t3=t2+(0, 4)) -> (3630, 127, 3268, t4=t3+(1, 1))	3	284
(4467, 117, 3367, t1) & (3088, 111, 4791, t2=t1+(0, 7)) & (3367, 86, 3088, t3=t2+(0, 2)) -> (3367, 117, 3367, t4=t3+(1, 5))	3	285
(2866, 172, 2533, t1) & (4023, 44, 1894, t2=t1+(0, 4)) & (2866, 80, 1894, t3=t2+(0, 7)) -> (1894, 172, 1894, t4=t3+(1, 4))	3	286
(1551, 88, 3396, t1) & (1198, 152, 2622, t2=t1+(0, 5)) & (2622, 190, 3396, t3=t2+(0, 2)) -> (3396, 190, 2622, t4=t3+(1, 6))	3	287
(650, 38, 4363, t1) & (312, 58, 4684, t2=t1+(0, 5)) & (4684, 128, 650, t3=t2+(0, 2)) -> (650, 38, 4684, t4=t3+(1, 4))	3	288
(2476, 165, 2795, t1) & (4116, 123, 4315, t2=t1+(0, 4)) & (2795, 155, 4116, t3=t2+(0, 2)) -> (4116, 123, 2476, t4=t3+(1, 2))	3	289
(3769, 173, 1467, t1) & (2849, 104, 3080, t2=t1+(0, 5)) & (1467, 191, 3080, t3=t2+(0, 4)) -> (3080, 104, 1467, t4=t3+(1, 2))	3	290
(1338, 140, 478, t1) & (2471, 119, 1724, t2=t1+(0, 8)) & (478, 174, 2471, t3=t2+(0, 5)) -> (478, 140, 2471, t4=t3+(1, 5))	3	291
(3465, 26, 3463, t1) & (1939, 104, 1114, t2=t1+(0, 9)) & (1114, 15, 3463, t3=t2+(0, 2)) -> (1939, 26, 3463, t4=t3+(1, 4))	3	292
(2096, 151, 1082, t1) & (3698, 1, 3717, t2=t1+(0, 4)) & (2096, 84, 3717, t3=t2+(0, 7)) -> (3717, 151, 3698, t4=t3+(1, 4))	3	293
(3865, 116, 3257, t1) & (1019, 19, 514, t2=t1+(0, 6)) & (514, 46, 3865, t3=t2+(0, 2)) -> (514, 116, 3865, t4=t3+(1, 11))	3	294
(2400, 114, 3127, t1) & (685, 154, 1186, t2=t1+(0, 9)) & (2400, 163, 1186, t3=t2+(0, 5)) -> (2400, 154, 1186, t4=t3+(1, 4))	3	295
(611, 15, 4446, t1) & (3222, 103, 816, t2=t1+(0, 4)) & (611, 63, 816, t3=t2+(0, 7)) -> (611, 15, 611, t4=t3+(1, 5))	3	296
(2891, 40, 641, t1) & (4319, 48, 2074, t2=t1+(0, 4)) & (2074, 173, 2891, t3=t2+(0, 4)) -> (2891, 173, 2891, t4=t3+(1, 1))	3	297
(1061, 141, 1470, t1) & (4319, 127, 591, t2=t1+(0, 10)) & (591, 148, 1061, t3=t2+(0, 1)) -> (591, 148, 591, t4=t3+(1, 7))	3	298
(583, 101, 2244, t1) & (2639, 6, 2918, t2=t1+(0, 3)) & (583, 19, 2639, t3=t2+(0, 2)) -> (2639, 19, 2639, t4=t3+(1, 5))	3	299
(434, 89, 2658, t1) & (3524, 198, 31, t2=t1+(0, 5)) & (31, 169, 434, t3=t2+(0, 7)) -> (3524, 169, 2658, t4=t3+(1, 5))	3	300
(813, 8, 1576, t1) & (2247, 74, 2240, t2=t1+(0, 7)) & (2247, 199, 1576, t3=t2+(0, 8)) -> (2240, 74, 2247, t4=t3+(1, 6))	3	301
(278, 73, 1738, t1) & (4519, 136, 1568, t2=t1+(0, 8)) & (1568, 194, 278, t3=t2+(0, 3)) -> (1568, 136, 1568, t4=t3+(1, 6))	3	302
(3980, 51, 538, t1) & (4988, 109, 79, t2=t1+(0, 3)) & (4988, 69, 3980, t3=t2+(0, 4)) -> (3980, 109, 4988, t4=t3+(1, 6))	3	303
(1939, 61, 960, t1) & (1842, 48, 4732, t2=t1+(0, 8)) & (960, 135, 4732, t3=t2+(0, 3)) -> (960, 61, 1939, t4=t3+(1, 6))	3	304
(1189, 67, 142, t1) & (4367, 188, 915, t2=t1+(0, 2)) & (1189, 174, 915, t3=t2+(0, 7)) -> (142, 188, 915, t4=t3+(1, 9))	3	305
(328, 55, 1126, t1) & (54, 80, 1231, t2=t1+(0, 4)) & (54, 193, 1126, t3=t2+(0, 4)) -> (54, 193, 54, t4=t3+(1, 1))	3	306
(1919, 194, 2488, t1) & (2197, 42, 1564, t2=t1+(0, 3)) & (1919, 121, 1564, t3=t2+(0, 3)) -> (2488, 121, 1564, t4=t3+(1, 3))	3	307
(1493, 60, 1406, t1) & (1206, 98, 518, t2=t1+(0, 10)) & (518, 121, 1493, t3=t2+(0, 8)) -> (1406, 60, 1493, t4=t3+(1, 10))	3	308
(1763, 93, 3731, t1) & (2661, 75, 4144, t2=t1+(0, 6)) & (1763, 20, 2661, t3=t2+(0, 8)) -> (4144, 93, 2661, t4=t3+(1, 6))	3	309
(2268, 111, 3895, t1) & (1841, 133, 1957, t2=t1+(0, 5)) & (2268, 177, 1841, t3=t2+(0, 4)) -> (2268, 177, 1841, t4=t3+(1, 4))	3	310
(1597, 62, 1617, t1) & (435, 106, 4815, t2=t1+(0, 8)) & (435, 17, 1617, t3=t2+(0, 6)) -> (4815, 17, 435, t4=t3+(1, 2))	3	311
(4283, 155, 2929, t1) & (3631, 19, 1513, t2=t1+(0, 5)) & (2929, 148, 1513, t3=t2+(0, 5)) -> (1513, 19, 3631, t4=t3+(1, 5))	3	312
(664, 114, 4408, t1) & (54, 29, 3502, t2=t1+(0, 7)) & (4408, 167, 54, t3=t2+(0, 9)) -> (664, 29, 4408, t4=t3+(1, 6))	3	313
(3053, 8, 1078, t1) & (1359, 143, 327, t2=t1+(0, 3)) & (1359, 150, 3053, t3=t2+(0, 1)) -> (1078, 143, 327, t4=t3+(1, 4))	3	314
(3019, 85, 4554, t1) & (4790, 54, 4345, t2=t1+(0, 4)) & (4345, 156, 3019, t3=t2+(0, 4)) -> (4345, 54, 4790, t4=t3+(1, 9))	3	315
(2065, 158, 2582, t1) & (588, 157, 4631, t2=t1+(0, 7)) & (2065, 144, 588, t3=t2+(0, 2)) -> (588, 144, 2582, t4=t3+(1, 4))	3	316
(2698, 42, 2961, t1) & (581, 58, 2769, t2=t1+(0, 2)) & (581, 128, 2961, t3=t2+(0, 4)) -> (581, 42, 2961, t4=t3+(1, 3))	3	317
(2340, 167, 188, t1) & (1046, 168, 4471, t2=t1+(0, 6)) & (1046, 24, 188, t3=t2+(0, 4)) -> (2340, 24, 1046, t4=t3+(1, 4))	3	318
(948, 28, 3995, t1) & (3476, 126, 2141, t2=t1+(0, 6)) & (948, 76, 2141, t3=t2+(0, 1)) -> (948, 76, 3995, t4=t3+(1, 9))	3	319
(513, 36, 2267, t1) & (575, 94, 2080, t2=t1+(0, 4)) & (575, 131, 2267, t3=t2+(0, 4)) -> (2080, 36, 2080, t4=t3+(1, 7))	3	320
(266, 56, 3099, t1) & (266, 136, 887, t2=t1+(0, 5)) & (3099, 83, 887, t3=t2+(0, 5)) -> (3099, 83, 887, t4=t3+(1, 5))	3	321
(2877, 187, 2690, t1) & (2250, 5, 3427, t2=t1+(0, 3)) & (2690, 133, 3427, t3=t2+(0, 4)) -> (2690, 187, 3427, t4=t3+(1, 3))	3	322
(1611, 61, 2853, t1) & (3919, 60, 3533, t2=t1+(0, 5)) & (3919, 162, 2853, t3=t2+(0, 5)) -> (3919, 61, 2853, t4=t3+(1, 3))	3	323
(2780, 100, 410, t1) & (1750, 133, 2561, t2=t1+(0, 4)) & (2780, 23, 2561, t3=t2+(0, 5)) -> (2780, 133, 2561, t4=t3+(1, 6))	3	324
(3943, 79, 4913, t1) & (362, 51, 679, t2=t1+(0, 5)) & (4913, 194, 679, t3=t2+(0, 7)) -> (4913, 194, 3943, t4=t3+(1, 9))	3	325
(3302, 108, 1927, t1) & (1433, 74, 2281, t2=t1+(0, 4)) & (3302, 196, 2281, t3=t2+(0, 7)) -> (3302, 196, 1433, t4=t3+(1, 9))	3	326
(3453, 139, 4352, t1) & (202, 161, 2443, t2=t1+(0, 6)) & (3453, 175, 2443, t3=t2+(0, 3)) -> (2443, 161, 2443, t4=t3+(1, 9))	3	327
(1318, 0, 4880, t1) & (1379, 188, 1789, t2=t1+(0, 5)) & (1789, 187, 1318, t3=t2+(0, 5)) -> (1789, 187, 4880, t4=t3+(1, 3))	3	328
(3841, 98, 3256, t1) & (4828, 75, 2496, t2=t1+(0, 4)) & (3256, 177, 4828, t3=t2+(0, 5)) -> (4828, 177, 4828, t4=t3+(1, 5))	3	329
(4599, 52, 4430, t1) & (2066, 158, 87, t2=t1+(0, 9)) & (87, 147, 4430, t3=t2+(0, 5)) -> (4430, 147, 2066, t4=t3+(1, 3))	3	330
(2045, 61, 1859, t1) & (536, 70, 4750, t2=t1+(0, 7)) & (536, 94, 1859, t3=t2+(0, 7)) -> (536, 94, 2045, t4=t3+(1, 3))	3	331
(3740, 198, 373, t1) & (2927, 172, 3442, t2=t1+(0, 4)) & (3740, 56, 3442, t3=t2+(0, 1)) -> (3442, 56, 3740, t4=t3+(1, 6))	3	332
(358, 25, 1246, t1) & (3441, 78, 3193, t2=t1+(0, 6)) & (358, 122, 3193, t3=t2+(0, 4)) -> (3193, 25, 358, t4=t3+(1, 7))	3	333
(1278, 34, 3728, t1) & (3031, 10, 3387, t2=t1+(0, 7)) & (3387, 152, 3728, t3=t2+(0, 2)) -> (3387, 10, 3728, t4=t3+(1, 3))	3	334
(1281, 50, 3499, t1) & (1261, 154, 1744, t2=t1+(0, 7)) & (1281, 107, 1744, t3=t2+(0, 2)) -> (1261, 154, 1744, t4=t3+(1, 6))	3	335
(461, 59, 130, t1) & (1666, 78, 3617, t2=t1+(0, 8)) & (461, 160, 1666, t3=t2+(0, 2)) -> (130, 78, 3617, t4=t3+(1, 2))	3	336
(4633, 157, 1056, t1) & (3355, 52, 2196, t2=t1+(0, 5)) & (3355, 16, 4633, t3=t2+(0, 7)) -> (3355, 52, 2196, t4=t3+(1, 9))	3	337
(1565, 182, 3763, t1) & (1264, 192, 4535, t2=t1+(0, 4)) & (3763, 143, 1264, t3=t2+(0, 9)) -> (3763, 143, 4535, t4=t3+(1, 3))	3	338
(2855, 36, 87, t1) & (59, 90, 3960, t2=t1+(0, 1)) & (2855, 132, 3960, t3=t2+(0, 4)) -> (87, 90, 59, t4=t3+(1, 4))	3	339
(1408, 15, 93, t1) & (3649, 61, 2441, t2=t1+(0, 10)) & (1408, 38, 3649, t3=t2+(0, 2)) -> (1408, 38, 3649, t4=t3+(1, 4))	3	340
(4257, 183, 3548, t1) & (2375, 39, 3424, t2=t1+(0, 6)) & (4257, 60, 3424, t3=t2+(0, 6)) -> (2375, 183, 3424, t4=t3+(1, 6))	3	341
(125, 195, 4638, t1) & (4819, 41, 3106, t2=t1+(0, 10)) & (4638, 183, 3106, t3=t2+(0, 6)) -> (4638, 183, 3106, t4=t3+(1, 5))	3	342
(4745, 98, 156, t1) & (4646, 41, 2339, t2=t1+(0, 2)) & (4646, 165, 156, t3=t2+(0, 1)) -> (156, 98, 156, t4=t3+(1, 8))	3	343
(2168, 159, 708, t1) & (3193, 143, 1346, t2=t1+(0, 6)) & (3193, 132, 2168, t3=t2+(0, 9)) -> (708, 143, 2168, t4=t3+(1, 1))	3	344
(4774, 179, 3139, t1) & (367, 104, 258, t2=t1+(0, 2)) & (3139, 49, 258, t3=t2+(0, 7)) -> (258, 104, 4774, t4=t3+(1, 8))	3	345
(2768, 120, 3042, t1) & (1059, 23, 1152, t2=t1+(0, 6)) & (2768, 150, 1152, t3=t2+(0, 4)) -> (1059, 23, 3042, t4=t3+(1, 4))	3	346
(2227, 176, 4317, t1) & (2166, 96, 2207, t2=t1+(0, 2)) & (4317, 2, 2166, t3=t2+(0, 4)) -> (4317, 176, 2166, t4=t3+(1, 1))	3	347
(3128, 165, 2597, t1) & (2022, 19, 1239, t2=t1+(0, 3)) & (1239, 181, 3128, t3=t2+(0, 4)) -> (2022, 19, 2022, t4=t3+(1, 3))	3	348
(1068, 136, 4262, t1) & (708, 70, 1776, t2=t1+(0, 4)) & (1776, 92, 4262, t3=t2+(0, 5)) -> (1776, 92, 1776, t4=t3+(1, 10))	3	349
(2006, 8, 2535, t1) & (4212, 117, 4767, t2=t1+(0, 4)) & (2535, 169, 4767, t3=t2+(0, 1)) -> (4767, 169, 4212, t4=t3+(1, 4))	3	350
(4393, 137, 727, t1) & (3071, 128, 320, t2=t1+(0, 5)) & (727, 185, 320, t3=t2+(0, 5)) -> (4393, 185, 727, t4=t3+(1, 7))	3	351
(4545, 113, 3620, t1) & (801, 124, 4476, t2=t1+(0, 3)) & (801, 137, 3620, t3=t2+(0, 10)) -> (801, 137, 3620, t4=t3+(1, 10))	3	352
(4838, 45, 2826, t1) & (1969, 173, 3002, t2=t1+(0, 10)) & (1969, 193, 4838, t3=t2+(0, 6)) -> (1969, 193, 1969, t4=t3+(1, 10))	3	353
(4028, 160, 1476, t1) & (1142, 55, 2088, t2=t1+(0, 4)) & (1476, 9, 1142, t3=t2+(0, 3)) -> (1476, 9, 4028, t4=t3+(1, 6))	3	354
(1012, 139, 4632, t1) & (21, 56, 1726, t2=t1+(0, 5)) & (1012, 67, 21, t3=t2+(0, 5)) -> (1726, 67, 1726, t4=t3+(1, 9))	3	355
(11, 10, 694, t1) & (2560, 148, 305, t2=t1+(0, 7)) & (2560, 101, 694, t3=t2+(0, 6)) -> (694, 10, 694, t4=t3+(1, 10))	3	356
(2428, 67, 2355, t1) & (4699, 35, 2586, t2=t1+(0, 4)) & (2355, 68, 4699, t3=t2+(0, 3)) -> (4699, 35, 4699, t4=t3+(1, 7))	3	357
(1105, 155, 4523, t1) & (530, 105, 3127, t2=t1+(0, 3)) & (530, 125, 1105, t3=t2+(0, 4)) -> (530, 155, 4523, t4=t3+(1, 6))	3	358
(4793, 109, 3324, t1) & (148, 123, 2280, t2=t1+(0, 11)) & (2280, 82, 3324, t3=t2+(0, 4)) -> (3324, 109, 3324, t4=t3+(1, 7))	3	359
(953, 127, 1544, t1) & (519, 105, 3476, t2=t1+(0, 4)) & (3476, 180, 953, t3=t2+(0, 6)) -> (1544, 127, 953, t4=t3+(1, 2))	3	360
(2288, 70, 534, t1) & (4336, 186, 4193, t2=t1+(0, 4)) & (534, 4, 4193, t3=t2+(0, 2)) -> (2288, 186, 4193, t4=t3+(1, 4))	3	361
(2114, 172, 69, t1) & (4614, 194, 2182, t2=t1+(0, 4)) & (4614, 105, 2114, t3=t2+(0, 4)) -> (4614, 194, 4614, t4=t3+(1, 6))	3	362
(374, 167, 4074, t1) & (4987, 70, 45, t2=t1+(0, 7)) & (4987, 69, 4074, t3=t2+(0, 5)) -> (4074, 69, 4074, t4=t3+(1, 5))	3	363
(2524, 118, 466, t1) & (2143, 100, 3650, t2=t1+(0, 2)) & (2524, 141, 2143, t3=t2+(0, 5)) -> (2524, 100, 3650, t4=t3+(1, 5))	3	364
(2910, 35, 1295, t1) & (1220, 98, 1056, t2=t1+(0, 2)) & (1220, 114, 1295, t3=t2+(0, 4)) -> (1295, 98, 1056, t4=t3+(1, 5))	3	365
(559, 161, 1734, t1) & (4156, 159, 4291, t2=t1+(0, 9)) & (1734, 129, 4156, t3=t2+(0, 4)) -> (4156, 161, 4156, t4=t3+(1, 8))	3	366
(2981, 3, 3920, t1) & (409, 34, 918, t2=t1+(0, 5)) & (3920, 60, 409, t3=t2+(0, 2)) -> (409, 34, 918, t4=t3+(1, 9))	3	367
(2895, 89, 1751, t1) & (794, 119, 706, t2=t1+(0, 4)) & (1751, 137, 794, t3=t2+(0, 4)) -> (1751, 137, 794, t4=t3+(1, 3))	3	368
(2652, 45, 2590, t1) & (2795, 115, 4718, t2=t1+(0, 4)) & (2795, 74, 2590, t3=t2+(0, 4)) -> (2590, 74, 2795, t4=t3+(1, 5))	3	369
(3357, 69, 3673, t1) & (4229, 167, 1914, t2=t1+(0, 3)) & (4229, 10, 3357, t3=t2+(0, 7)) -> (3357, 10, 3357, t4=t3+(1, 9))	3	370
(3149, 183, 171, t1) & (2849, 82, 1704, t2=t1+(0, 5)) & (1704, 36, 3149, t3=t2+(0, 3)) -> (3149, 183, 2849, t4=t3+(1, 6))	3	371
(4879, 189, 4228, t1) & (2904, 30, 1886, t2=t1+(0, 6)) & (2904, 91, 4879, t3=t2+(0, 6)) -> (1886, 189, 4879, t4=t3+(1, 5))	3	372
(309, 104, 1057, t1) & (4104, 180, 772, t2=t1+(0, 1)) & (772, 93, 1057, t3=t2+(0, 5)) -> (309, 104, 772, t4=t3+(1, 3))	3	373
(972, 32, 2649, t1) & (1075, 124, 1229, t2=t1+(0, 4)) & (1075, 116, 2649, t3=t2+(0, 7)) -> (1075, 124, 2649, t4=t3+(1, 5))	3	374
(4954, 32, 2687, t1) & (2514, 195, 3110, t2=t1+(0, 7)) & (3110, 12, 4954, t3=t2+(0, 6)) -> (2687, 32, 2687, t4=t3+(1, 3))	3	375
(2037, 45, 3944, t1) & (3542, 118, 548, t2=t1+(0, 5)) & (3944, 111, 548, t3=t2+(0, 5)) -> (3944, 45, 3542, t4=t3+(1, 3))	3	376
(1024, 119, 663, t1) & (2783, 85, 4901, t2=t1+(0, 8)) & (2783, 130, 1024, t3=t2+(0, 4)) -> (2783, 85, 2783, t4=t3+(1, 4))	3	377
(1746, 28, 1080, t1) & (3644, 107, 2069, t2=t1+(0, 3)) & (2069, 100, 1746, t3=t2+(0, 6)) -> (2069, 107, 1746, t4=t3+(1, 4))	3	378
(960, 101, 1378, t1) & (4452, 106, 4200, t2=t1+(0, 11)) & (4200, 151, 1378, t3=t2+(0, 6)) -> (4200, 151, 4200, t4=t3+(1, 3))	3	379
(528, 85, 2692, t1) & (2609, 109, 2313, t2=t1+(0, 6)) & (2609, 74, 528, t3=t2+(0, 2)) -> (2609, 85, 528, t4=t3+(1, 2))	3	380
(2621, 192, 3729, t1) & (4714, 108, 1555, t2=t1+(0, 4)) & (2621, 117, 4714, t3=t2+(0, 4)) -> (2621, 117, 1555, t4=t3+(1, 5))	3	381
(3788, 61, 1962, t1) & (4015, 85, 4439, t2=t1+(0, 5)) & (4015, 0, 1962, t3=t2+(0, 4)) -> (4015, 61, 4439, t4=t3+(1, 2))	3	382
(1460, 168, 1013, t1) & (2303, 97, 4182, t2=t1+(0, 5)) & (1460, 149, 2303, t3=t2+(0, 7)) -> (1460, 168, 1460, t4=t3+(1, 5))	3	383
(1668, 116, 476, t1) & (1546, 86, 2042, t2=t1+(0, 4)) & (476, 126, 1546, t3=t2+(0, 10)) -> (1546, 116, 1546, t4=t3+(1, 1))	3	384
(3274, 141, 1451, t1) & (2966, 181, 4913, t2=t1+(0, 3)) & (4913, 38, 1451, t3=t2+(0, 4)) -> (2966, 38, 3274, t4=t3+(1, 6))	3	385
(3018, 154, 2072, t1) & (3785, 157, 3463, t2=t1+(0, 5)) & (2072, 196, 3785, t3=t2+(0, 7)) -> (3785, 196, 3463, t4=t3+(1, 4))	3	386
(3520, 22, 3963, t1) & (3291, 32, 752, t2=t1+(0, 4)) & (3963, 182, 3291, t3=t2+(0, 5)) -> (3291, 32, 3520, t4=t3+(1, 5))	3	387
(4705, 115, 3270, t1) & (4321, 58, 1743, t2=t1+(0, 5)) & (4321, 168, 4705, t3=t2+(0, 2)) -> (3270, 58, 4705, t4=t3+(1, 2))	3	388
(3784, 62, 3381, t1) & (1729, 52, 4896, t2=t1+(0, 2)) & (4896, 17, 3381, t3=t2+(0, 5)) -> (1729, 17, 3381, t4=t3+(1, 10))	3	389
(1788, 26, 3310, t1) & (655, 99, 3120, t2=t1+(0, 5)) & (655, 114, 1788, t3=t2+(0, 6)) -> (655, 99, 655, t4=t3+(1, 2))	3	390
(1223, 61, 3205, t1) & (3268, 162, 4147, t2=t1+(0, 6)) & (4147, 153, 3205, t3=t2+(0, 3)) -> (1223, 153, 1223, t4=t3+(1, 5))	3	391
(254, 189, 4412, t1) & (4142, 160, 576, t2=t1+(0, 8)) & (576, 14, 254, t3=t2+(0, 5)) -> (576, 160, 254, t4=t3+(1, 3))	3	392
(2725, 10, 953, t1) & (2916, 125, 4088, t2=t1+(0, 6)) & (953, 103, 2916, t3=t2+(0, 5)) -> (4088, 10, 953, t4=t3+(1, 8))	3	393
(2227, 172, 2593, t1) & (1208, 186, 1784, t2=t1+(0, 5)) & (2227, 192, 1784, t3=t2+(0, 4)) -> (1784, 192, 2593, t4=t3+(1, 6))	3	394
(4963, 124, 1239, t1) & (2031, 159, 341, t2=t1+(0, 8)) & (2031, 9, 1239, t3=t2+(0, 6)) -> (1239, 159, 341, t4=t3+(1, 6))	3	395
(4657, 113, 1396, t1) & (4045, 87, 589, t2=t1+(0, 6)) & (4045, 63, 4657, t3=t2+(0, 4)) -> (4657, 63, 4045, t4=t3+(1, 4))	3	396
(354, 126, 4338, t1) & (2526, 154, 1460, t2=t1+(0, 3)) & (4338, 54, 1460, t3=t2+(0, 8)) -> (1460, 126, 354, t4=t3+(1, 7))	3	397
(2914, 102, 4617, t1) & (4569, 101, 4971, t2=t1+(0, 8)) & (4569, 103, 2914, t3=t2+(0, 7)) -> (2914, 101, 4617, t4=t3+(1, 4))	3	398
(4534, 45, 1384, t1) & (1386, 1, 1894, t2=t1+(0, 3)) & (4534, 33, 1386, t3=t2+(0, 3)) -> (1894, 45, 1386, t4=t3+(1, 5))	3	399
(3455, 1, 3744, t1) & (672, 27, 3455, t2=t1+(0, 1)) -> (672, 1, 3744, t3=t2+(1, 9))	2	400
(4773, 54, 3059, t1) & (3059, 94, 4773, t2=t1+(0, 3)) -> (3059, 94, 3059, t3=t2+(1, 3))	2	401
(2853, 31, 4029, t1) & (4029, 166, 2853, t2=t1+(0, 7)) -> (2853, 31, 4029, t3=t2+(1, 2))	2	402
(3025, 143, 225, t1) & (225, 67, 225, t2=t1+(0, 5)) -> (225, 143, 225, t3=t2+(1, 8))	2	403
(116, 33, 2115, t1) & (116, 159, 3459, t2=t1+(0, 4)) -> (2115, 33, 116, t3=t2+(1, 5))	2	404
(1595, 70, 313, t1) & (1595, 71, 313, t2=t1+(0, 5)) -> (313, 70, 313, t3=t2+(1, 5))	2	405
(1432, 120, 4436, t1) & (4436, 184, 4765, t2=t1+(0, 1)) -> (4765, 120, 4765, t3=t2+(1, 3))	2	406
(2602, 160, 4224, t1) & (2691, 96, 4224, t2=t1+(0, 9)) -> (4224, 96, 2691, t3=t2+(1, 5))	2	407
(2935, 128, 4674, t1) & (1294, 60, 2935, t2=t1+(0, 5)) -> (2935, 128, 2935, t3=t2+(1, 3))	2	408
(1435, 148, 2118, t1) & (1435, 85, 1435, t2=t1+(0, 7)) -> (2118, 148, 2118, t3=t2+(1, 6))	2	409
(52, 155, 4370, t1) & (4370, 68, 52, t2=t1+(0, 6)) -> (52, 68, 52, t3=t2+(1, 7))	2	410
(2769, 11, 1863, t1) & (1863, 194, 2769, t2=t1+(0, 5)) -> (2769, 194, 2769, t3=t2+(1, 8))	2	411
(4912, 111, 4929, t1) & (1053, 193, 4929, t2=t1+(0, 7)) -> (1053, 111, 4912, t3=t2+(1, 4))	2	412
(689, 115, 3229, t1) & (689, 191, 1175, t2=t1+(0, 7)) -> (1175, 115, 3229, t3=t2+(1, 3))	2	413
(64, 88, 444, t1) & (64, 164, 2237, t2=t1+(0, 4)) -> (64, 88, 2237, t3=t2+(1, 1))	2	414
(1293, 19, 2595, t1) & (1293, 62, 1293, t2=t1+(0, 5)) -> (1293, 19, 1293, t3=t2+(1, 9))	2	415
(115, 115, 1276, t1) & (4369, 140, 1276, t2=t1+(0, 2)) -> (1276, 140, 4369, t3=t2+(1, 4))	2	416
(2222, 81, 4222, t1) & (3603, 116, 2222, t2=t1+(0, 1)) -> (2222, 116, 2222, t3=t2+(1, 7))	2	417
(1212, 34, 2257, t1) & (2738, 109, 1212, t2=t1+(0, 3)) -> (2257, 109, 1212, t3=t2+(1, 6))	2	418
(774, 29, 47, t1) & (774, 194, 3834, t2=t1+(0, 1)) -> (774, 29, 47, t3=t2+(1, 6))	2	419
(29, 188, 4402, t1) & (4970, 189, 29, t2=t1+(0, 5)) -> (29, 188, 29, t3=t2+(1, 5))	2	420
(4111, 50, 3010, t1) & (3010, 196, 3010, t2=t1+(0, 3)) -> (3010, 50, 4111, t3=t2+(1, 5))	2	421
(4592, 38, 2485, t1) & (3744, 20, 4592, t2=t1+(0, 6)) -> (3744, 38, 2485, t3=t2+(1, 2))	2	422
(350, 10, 4783, t1) & (3813, 195, 4783, t2=t1+(0, 2)) -> (4783, 10, 4783, t3=t2+(1, 10))	2	423
(1567, 159, 1270, t1) & (2217, 73, 1567, t2=t1+(0, 3)) -> (1567, 73, 1270, t3=t2+(1, 11))	2	424
(3962, 23, 3498, t1) & (3962, 191, 3498, t2=t1+(0, 4)) -> (3498, 191, 3962, t3=t2+(1, 5))	2	425
(1193, 80, 933, t1) & (933, 23, 933, t2=t1+(0, 1)) -> (933, 23, 933, t3=t2+(1, 3))	2	426
(945, 70, 4837, t1) & (945, 52, 2524, t2=t1+(0, 7)) -> (2524, 70, 945, t3=t2+(1, 5))	2	427
(3400, 74, 3609, t1) & (3400, 3, 3609, t2=t1+(0, 5)) -> (3609, 74, 3400, t3=t2+(1, 3))	2	428
(2131, 24, 2707, t1) & (2707, 189, 4709, t2=t1+(0, 4)) -> (4709, 24, 2707, t3=t2+(1, 9))	2	429
(1033, 128, 2249, t1) & (1033, 196, 1033, t2=t1+(0, 3)) -> (1033, 128, 2249, t3=t2+(1, 9))	2	430
(8, 16, 3760, t1) & (3760, 98, 584, t2=t1+(0, 5)) -> (3760, 16, 584, t3=t2+(1, 3))	2	431
(852, 61, 1842, t1) & (852, 11, 4405, t2=t1+(0, 7)) -> (852, 61, 852, t3=t2+(1, 2))	2	432
(4676, 143, 4150, t1) & (2644, 37, 4150, t2=t1+(0, 4)) -> (4150, 143, 2644, t3=t2+(1, 3))	2	433
(3766, 15, 829, t1) & (3766, 11, 829, t2=t1+(0, 3)) -> (3766, 15, 829, t3=t2+(1, 8))	2	434
(2070, 124, 2244, t1) & (2244, 159, 2244, t2=t1+(0, 5)) -> (2070, 159, 2070, t3=t2+(1, 4))	2	435
(1734, 66, 899, t1) & (1734, 103, 1734, t2=t1+(0, 4)) -> (1734, 103, 1734, t3=t2+(1, 2))	2	436
(4822, 166, 4552, t1) & (4822, 99, 4187, t2=t1+(0, 2)) -> (4822, 166, 4187, t3=t2+(1, 2))	2	437
(3838, 156, 3162, t1) & (3162, 193, 3162, t2=t1+(0, 7)) -> (3162, 193, 3162, t3=t2+(1, 8))	2	438
(357, 88, 685, t1) & (2383, 106, 685, t2=t1+(0, 4)) -> (685, 88, 2383, t3=t2+(1, 5))	2	439
(621, 162, 3652, t1) & (3652, 84, 3652, t2=t1+(0, 5)) -> (3652, 84, 3652, t3=t2+(1, 6))	2	440
(4903, 48, 1575, t1) & (2807, 196, 4903, t2=t1+(0, 5)) -> (2807, 48, 2807, t3=t2+(1, 5))	2	441
(370, 181, 1986, t1) & (1986, 2, 370, t2=t1+(0, 5)) -> (370, 2, 370, t3=t2+(1, 6))	2	442
(4544, 90, 1355, t1) & (2732, 90, 1355, t2=t1+(0, 2)) -> (1355, 90, 1355, t3=t2+(1, 4))	2	443
(2267, 130, 3247, t1) & (3247, 187, 3577, t2=t1+(0, 7)) -> (3577, 187, 3577, t3=t2+(1, 5))	2	444
(4208, 60, 859, t1) & (4208, 163, 2942, t2=t1+(0, 9)) -> (2942, 60, 4208, t3=t2+(1, 4))	2	445
(4891, 90, 136, t1) & (3313, 56, 4891, t2=t1+(0, 2)) -> (4891, 56, 3313, t3=t2+(1, 1))	2	446
(1079, 14, 144, t1) & (144, 131, 144, t2=t1+(0, 3)) -> (1079, 131, 1079, t3=t2+(1, 4))	2	447
(1467, 157, 865, t1) & (865, 37, 1467, t2=t1+(0, 6)) -> (1467, 157, 1467, t3=t2+(1, 7))	2	448
(886, 33, 4901, t1) & (4901, 108, 2917, t2=t1+(0, 2)) -> (886, 33, 886, t3=t2+(1, 6))	2	449
(4537, 128, 2494, t1) & (2790, 87, 2494, t2=t1+(0, 6)) -> (2494, 128, 2494, t3=t2+(1, 4))	2	450
(826, 23, 4380, t1) & (898, 91, 826, t2=t1+(0, 3)) -> (826, 23, 898, t3=t2+(1, 6))	2	451
(2426, 58, 971, t1) & (1254, 183, 2426, t2=t1+(0, 5)) -> (971, 183, 971, t3=t2+(1, 8))	2	452
(1391, 127, 4498, t1) & (821, 119, 1391, t2=t1+(0, 6)) -> (4498, 127, 1391, t3=t2+(1, 8))	2	453
(2028, 106, 2433, t1) & (2028, 183, 2028, t2=t1+(0, 3)) -> (2433, 106, 2028, t3=t2+(1, 9))	2	454
(4789, 73, 3784, t1) & (3784, 159, 3784, t2=t1+(0, 2)) -> (3784, 159, 4789, t3=t2+(1, 6))	2	455
(2741, 99, 115, t1) & (2741, 33, 2741, t2=t1+(0, 4)) -> (115, 33, 2741, t3=t2+(1, 1))	2	456
(2713, 171, 2471, t1) & (2471, 159, 4518, t2=t1+(0, 8)) -> (2471, 171, 4518, t3=t2+(1, 3))	2	457
(4181, 136, 1204, t1) & (4181, 198, 2267, t2=t1+(0, 9)) -> (4181, 198, 1204, t3=t2+(1, 7))	2	458
(1753, 116, 3241, t1) & (229, 52, 1753, t2=t1+(0, 4)) -> (1753, 116, 1753, t3=t2+(1, 7))	2	459
(3181, 90, 1008, t1) & (3181, 34, 1770, t2=t1+(0, 4)) -> (3181, 90, 3181, t3=t2+(1, 4))	2	460
(2459, 156, 1600, t1) & (1568, 117, 2459, t2=t1+(0, 6)) -> (1568, 156, 1568, t3=t2+(1, 3))	2	461
(2902, 22, 125, t1) & (2902, 160, 2902, t2=t1+(0, 6)) -> (2902, 22, 125, t3=t2+(1, 3))	2	462
(3626, 56, 1405, t1) & (1405, 155, 1405, t2=t1+(0, 3)) -> (1405, 155, 1405, t3=t2+(1, 3))	2	463
(4829, 64, 2126, t1) & (4829, 140, 2126, t2=t1+(0, 7)) -> (2126, 140, 2126, t3=t2+(1, 4))	2	464
(1839, 23, 2597, t1) & (1839, 128, 1839, t2=t1+(0, 1)) -> (1839, 128, 1839, t3=t2+(1, 3))	2	465
(34, 107, 3168, t1) & (34, 109, 3168, t2=t1+(0, 8)) -> (3168, 109, 34, t3=t2+(1, 5))	2	466
(4059, 21, 1271, t1) & (4059, 91, 1271, t2=t1+(0, 6)) -> (4059, 21, 1271, t3=t2+(1, 6))	2	467
(1655, 84, 1890, t1) & (3890, 83, 1655, t2=t1+(0, 3)) -> (1655, 83, 3890, t3=t2+(1, 5))	2	468
(3860, 189, 453, t1) & (3860, 36, 2828, t2=t1+(0, 2)) -> (2828, 36, 3860, t3=t2+(1, 2))	2	469
(3692, 6, 3149, t1) & (3102, 99, 3149, t2=t1+(0, 4)) -> (3692, 99, 3149, t3=t2+(1, 3))	2	470
(2549, 40, 2770, t1) & (3565, 67, 2770, t2=t1+(0, 8)) -> (2770, 67, 2549, t3=t2+(1, 6))	2	471
(1818, 28, 820, t1) & (1818, 95, 1818, t2=t1+(0, 7)) -> (820, 95, 1818, t3=t2+(1, 3))	2	472
(3761, 5, 4992, t1) & (4992, 19, 475, t2=t1+(0, 8)) -> (475, 5, 4992, t3=t2+(1, 9))	2	473
(2654, 140, 4940, t1) & (2654, 85, 2947, t2=t1+(0, 4)) -> (4940, 85, 4940, t3=t2+(1, 10))	2	474
(1874, 41, 3591, t1) & (2922, 96, 3591, t2=t1+(0, 3)) -> (3591, 41, 3591, t3=t2+(1, 4))	2	475
(2114, 90, 3600, t1) & (3600, 30, 3600, t2=t1+(0, 8)) -> (3600, 30, 3600, t3=t2+(1, 2))	2	476
(1757, 55, 75, t1) & (1757, 79, 75, t2=t1+(0, 10)) -> (1757, 79, 75, t3=t2+(1, 7))	2	477
(1812, 37, 3938, t1) & (397, 121, 1812, t2=t1+(0, 4)) -> (3938, 121, 3938, t3=t2+(1, 6))	2	478
(856, 116, 1252, t1) & (166, 1, 856, t2=t1+(0, 5)) -> (1252, 116, 856, t3=t2+(1, 4))	2	479
(4836, 185, 1836, t1) & (1836, 138, 4836, t2=t1+(0, 2)) -> (1836, 138, 4836, t3=t2+(1, 5))	2	480
(2025, 49, 3839, t1) & (3839, 41, 3839, t2=t1+(0, 4)) -> (3839, 41, 3839, t3=t2+(1, 5))	2	481
(2564, 25, 905, t1) & (905, 96, 2564, t2=t1+(0, 2)) -> (905, 25, 2564, t3=t2+(1, 7))	2	482
(3867, 31, 2667, t1) & (2667, 53, 611, t2=t1+(0, 4)) -> (3867, 53, 2667, t3=t2+(1, 4))	2	483
(51, 165, 2998, t1) & (287, 4, 2998, t2=t1+(0, 3)) -> (51, 165, 287, t3=t2+(1, 8))	2	484
(2071, 103, 725, t1) & (725, 21, 48, t2=t1+(0, 2)) -> (2071, 103, 725, t3=t2+(1, 3))	2	485
(4818, 16, 3241, t1) & (4818, 144, 1579, t2=t1+(0, 5)) -> (1579, 144, 4818, t3=t2+(1, 5))	2	486
(1884, 182, 1784, t1) & (1884, 52, 1253, t2=t1+(0, 7)) -> (1253, 52, 1784, t3=t2+(1, 3))	2	487
(3483, 130, 1755, t1) & (3483, 18, 2709, t2=t1+(0, 10)) -> (3483, 130, 3483, t3=t2+(1, 6))	2	488
(250, 172, 3552, t1) & (3552, 137, 2328, t2=t1+(0, 3)) -> (3552, 137, 3552, t3=t2+(1, 3))	2	489
(2118, 113, 4246, t1) & (4246, 186, 4946, t2=t1+(0, 2)) -> (2118, 113, 2118, t3=t2+(1, 7))	2	490
(836, 167, 49, t1) & (49, 143, 49, t2=t1+(0, 5)) -> (836, 143, 836, t3=t2+(1, 7))	2	491
(2472, 146, 3445, t1) & (3445, 100, 4393, t2=t1+(0, 5)) -> (4393, 100, 2472, t3=t2+(1, 6))	2	492
(4355, 58, 1221, t1) & (1221, 61, 3102, t2=t1+(0, 4)) -> (1221, 61, 4355, t3=t2+(1, 3))	2	493
(2676, 17, 2896, t1) & (2676, 71, 2676, t2=t1+(0, 5)) -> (2676, 17, 2676, t3=t2+(1, 6))	2	494
(405, 44, 769, t1) & (2367, 168, 769, t2=t1+(0, 5)) -> (769, 44, 769, t3=t2+(1, 4))	2	495
(417, 160, 3177, t1) & (3177, 4, 4315, t2=t1+(0, 3)) -> (3177, 4, 3177, t3=t2+(1, 4))	2	496
(3683, 195, 572, t1) & (3683, 67, 4311, t2=t1+(0, 6)) -> (572, 67, 572, t3=t2+(1, 6))	2	497
(3372, 25, 967, t1) & (3372, 2, 4115, t2=t1+(0, 4)) -> (3372, 25, 4115, t3=t2+(1, 11))	2	498
(1968, 37, 448, t1) & (1968, 85, 3738, t2=t1+(0, 7)) -> (3738, 85, 448, t3=t2+(1, 1))	2	499
(3968, 78, 890, t1) -> (3968, 78, 3968, t2=t1+(1, 4))	1	500
(3606, 70, 2370, t1) -> (3606, 70, 2370, t2=t1+(1, 6))	1	501
(45, 121, 1589, t1) -> (1589, 121, 45, t2=t1+(1, 8))	1	502
(1033, 140, 1148, t1) -> (1033, 140, 1148, t2=t1+(1, 4))	1	503
(67, 114, 3886, t1) -> (67, 114, 67, t2=t1+(1, 5))	1	504
(3830, 5, 100, t1) -> (100, 5, 3830, t2=t1+(1, 3))	1	505
(2188, 32, 3648, t1) -> (3648, 32, 3648, t2=t1+(1, 4))	1	506
(1735, 19, 4934, t1) -> (1735, 19, 4934, t2=t1+(1, 8))	1	507
(83, 96, 105, t1) -> (105, 96, 83, t2=t1+(1, 4))	1	508
(1655, 8, 2280, t1) -> (1655, 8, 1655, t2=t1+(1, 5))	1	509
(3876, 141, 4583, t1) -> (4583, 141, 3876, t2=t1+(1, 8))	1	510
(1350, 186, 4832, t1) -> (4832, 186, 1350, t2=t1+(1, 8))	1	511
(1589, 186, 4412, t1) -> (4412, 186, 4412, t2=t1+(1, 7))	1	512
(2908, 94, 3377, t1) -> (3377, 94, 3377, t2=t1+(1, 6))	1	513
(4954, 97, 1725, t1) -> (4954, 97, 1725, t2=t1+(1, 3))	1	514
(3108, 65, 320, t1) -> (3108, 65, 320, t2=t1+(1, 7))	1	515
(1539, 45, 3602, t1) -> (1539, 45, 1539, t2=t1+(1, 4))	1	516
(1101, 121, 1569, t1) -> (1569, 121, 1101, t2=t1+(1, 5))	1	517
(2449, 108, 2000, t1) -> (2000, 108, 2449, t2=t1+(1, 4))	1	518
(453, 100, 1303, t1) -> (1303, 100, 453, t2=t1+(1, 5))	1	519
(1333, 138, 269, t1) -> (269, 138, 1333, t2=t1+(1, 4))	1	520
(1954, 144, 1272, t1) -> (1272, 144, 1954, t2=t1+(1, 7))	1	521
(1427, 131, 277, t1) -> (277, 131, 1427, t2=t1+(1, 5))	1	522
(2510, 128, 4845, t1) -> (2510, 128, 4845, t2=t1+(1, 7))	1	523
(3927, 168, 3713, t1) -> (3927, 168, 3927, t2=t1+(1, 5))	1	524
