(954, 25, 966, t1) & (3369, 197, 1862, t2=t1+(0, 8)) & (954, 51, 3369, t3=t2+(0, 7)) -> (3369, 197, 3369, t4=t3+(1, 6))	3	0
(1560, 8, 4725, t1) & (2156, 158, 3471, t2=t1+(0, 4)) & (4725, 23, 3471, t3=t2+(0, 7)) -> (3471, 23, 3471, t4=t3+(1, 5))	3	1
(1737, 105, 4131, t1) & (41, 140, 2302, t2=t1+(0, 2)) & (4131, 118, 41, t3=t2+(0, 6)) -> (4131, 140, 1737, t4=t3+(1, 6))	3	2
(3678, 6, 3576, t1) & (3218, 77, 3692, t2=t1+(0, 4)) & (3218, 16, 3576, t3=t2+(0, 3)) -> (3218, 6, 3576, t4=t3+(1, 4))	3	3
(2927, 48, 1432, t1) & (2740, 96, 3608, t2=t1+(0, 8)) & (2927, 27, 3608, t3=t2+(0, 2)) -> (2740, 48, 1432, t4=t3+(1, 6))	3	4
(3711, 188, 3141, t1) & (4159, 48, 2703, t2=t1+(0, 1)) & (3141, 67, 4159, t3=t2+(0, 7)) -> (3141, 48, 4159, t4=t3+(1, 8))	3	5
(1711, 5, 4218, t1) & (1734, 101, 121, t2=t1+(0, 5)) & (4218, 180, 121, t3=t2+(0, 5)) -> (121, 180, 121, t4=t3+(1, 6))	3	6
(3377, 66, 3154, t1) & (1360, 78, 3724, t2=t1+(0, 5)) & (3377, 197, 1360, t3=t2+(0, 8)) -> (1360, 78, 3154, t4=t3+(1, 2))	3	7
(3428, 16, 4572, t1) & (1533, 166, 2626, t2=t1+(0, 7)) & (4572, 58, 1533, t3=t2+(0, 6)) -> (4572, 58, 4572, t4=t3+(1, 3))	3	8
(4329, 190, 3870, t1) & (2862, 48, 3555, t2=t1+(0, 7)) & (2862, 116, 3870, t3=t2+(0, 7)) -> (2862, 116, 2862, t4=t3+(1, 2))	3	9
(2185, 71, 4452, t1) & (1995, 86, 4350, t2=t1+(0, 7)) & (4350, 66, 4452, t3=t2+(0, 5)) -> (4452, 71, 4452, t4=t3+(1, 2))	3	10
(3683, 184, 3455, t1) & (1564, 117, 2737, t2=t1+(0, 3)) & (2737, 149, 3455, t3=t2+(0, 5)) -> (3455, 117, 3455, t4=t3+(1, 5))	3	11
(3860, 116, 4388, t1) & (711, 122, 3985, t2=t1+(0, 3)) & (3860, 89, 711, t3=t2+(0, 5)) -> (711, 116, 4388, t4=t3+(1, 3))	3	12
(2900, 117, 1058, t1) & (3203, 75, 185, t2=t1+(0, 2)) & (1058, 176, 185, t3=t2+(0, 5)) -> (2900, 176, 1058, t4=t3+(1, 7))	3	13
(2648, 26, 2536, t1) & (1307, 162, 1633, t2=t1+(0, 0)) & (1307, 57, 2536, t3=t2+(0, 2)) -> (1633, 26, 1307, t4=t3+(1, 6))	3	14
(1389, 41, 3253, t1) & (3080, 1, 3637, t2=t1+(0, 4)) & (3637, 32, 3253, t3=t2+(0, 0)) -> (3080, 32, 3253, t4=t3+(1, 5))	3	15
(371, 160, 2530, t1) & (712, 72, 4987, t2=t1+(0, 8)) & (371, 170, 712, t3=t2+(0, 5)) -> (371, 170, 712, t4=t3+(1, 8))	3	16
(2842, 112, 1772, t1) & (1227, 93, 3214, t2=t1+(0, 3)) & (3214, 53, 1772, t3=t2+(0, 6)) -> (1227, 93, 3214, t4=t3+(1, 4))	3	17
(2707, 60, 3286, t1) & (3470, 68, 2066, t2=t1+(0, 8)) & (2707, 138, 3470, t3=t2+(0, 4)) -> (3470, 138, 3470, t4=t3+(1, 6))	3	18
(2661, 119, 3172, t1) & (3864, 85, 181, t2=t1+(0, 5)) & (181, 136, 2661, t3=t2+(0, 8)) -> (3864, 119, 3172, t4=t3+(1, 4))	3	19
(1825, 197, 2679, t1) & (3571, 193, 3044, t2=t1+(0, 4)) & (2679, 98, 3044, t3=t2+(0, 6)) -> (2679, 193, 3044, t4=t3+(1, 7))	3	20
(1550, 45, 2292, t1) & (13, 4, 4051, t2=t1+(0, 4)) & (13, 181, 2292, t3=t2+(0, 5)) -> (2292, 4, 4051, t4=t3+(1, 4))	3	21
(4276, 0, 917, t1) & (4223, 20, 3210, t2=t1+(0, 6)) & (4276, 41, 4223, t3=t2+(0, 5)) -> (917, 20, 4276, t4=t3+(1, 7))	3	22
(1786, 65, 4316, t1) & (2290, 101, 1882, t2=t1+(0, 8)) & (1882, 189, 1786, t3=t2+(0, 4)) -> (1786, 189, 2290, t4=t3+(1, 1))	3	23
(2777, 36, 3782, t1) & (4239, 163, 153, t2=t1+(0, 4)) & (3782, 146, 153, t3=t2+(0, 6)) -> (2777, 163, 3782, t4=t3+(1, 6))	3	24
(3799, 120, 1734, t1) & (2323, 197, 4168, t2=t1+(0, 2)) & (1734, 55, 4168, t3=t2+(0, 4)) -> (1734, 120, 1734, t4=t3+(1, 3))	3	25
(278, 168, 4448, t1) & (4858, 169, 634, t2=t1+(0, 2)) & (634, 106, 278, t3=t2+(0, 4)) -> (634, 169, 278, t4=t3+(1, 5))	3	26
(23, 135, 363, t1) & (2198, 28, 1220, t2=t1+(0, 7)) & (23, 2, 2198, t3=t2+(0, 4)) -> (2198, 2, 2198, t4=t3+(1, 9))	3	27
(1279, 7, 3361, t1) & (1507, 23, 3729, t2=t1+(0, 5)) & (3361, 62, 3729, t3=t2+(0, 6)) -> (3729, 62, 3361, t4=t3+(1, 4))	3	28
(2944, 77, 1864, t1) & (214, 134, 1832, t2=t1+(0, 6)) & (214, 150, 2944, t3=t2+(0, 4)) -> (214, 150, 2944, t4=t3+(1, 5))	3	29
(2290, 30, 364, t1) & (491, 19, 3455, t2=t1+(0, 6)) & (2290, 120, 491, t3=t2+(0, 4)) -> (364, 120, 3455, t4=t3+(1, 8))	3	30
(4919, 1, 1267, t1) & (3216, 84, 4628, t2=t1+(0, 5)) & (4919, 32, 3216, t3=t2+(0, 2)) -> (4628, 32, 4628, t4=t3+(1, 5))	3	31
(4531, 149, 4682, t1) & (4030, 41, 4145, t2=t1+(0, 3)) & (4145, 86, 4531, t3=t2+(0, 6)) -> (4682, 149, 4145, t4=t3+(1, 2))	3	32
(3303, 179, 4600, t1) & (1376, 153, 3134, t2=t1+(0, 6)) & (3134, 57, 3303, t3=t2+(0, 5)) -> (4600, 57, 3303, t4=t3+(1, 5))	3	33
(1458, 122, 1154, t1) & (804, 98, 4927, t2=t1+(0, 4)) & (804, 3, 1154, t3=t2+(0, 8)) -> (1154, 122, 4927, t4=t3+(1, 3))	3	34
(3709, 186, 4341, t1) & (2585, 153, 3183, t2=t1+(0, 5)) & (4341, 66, 3183, t3=t2+(0, 5)) -> (4341, 66, 2585, t4=t3+(1, 6))	3	35
(3323, 84, 838, t1) & (2871, 51, 6, t2=t1+(0, 6)) & (3323, 31, 2871, t3=t2+(0, 7)) -> (3323, 51, 2871, t4=t3+(1, 8))	3	36
(2546, 127, 481, t1) & (2717, 151, 3615, t2=t1+(0, 3)) & (481, 64, 2717, t3=t2+(0, 3)) -> (481, 127, 481, t4=t3+(1, 4))	3	37
(1336, 90, 2743, t1) & (2338, 95, 2052, t2=t1+(0, 9)) & (1336, 161, 2052, t3=t2+(0, 4)) -> (1336, 161, 2052, t4=t3+(1, 5))	3	38
(1730, 18, 2892, t1) & (3053, 84, 1574, t2=t1+(0, 6)) & (1730, 179, 3053, t3=t2+(0, 9)) -> (1730, 18, 1730, t4=t3+(1, 2))	3	39
(3058, 38, 1309, t1) & (1063, 116, 1294, t2=t1+(0, 4)) & (1063, 194, 1309, t3=t2+(0, 3)) -> (1309, 38, 1063, t4=t3+(1, 8))	3	40
(3847, 132, 1642, t1) & (4569, 129, 2246, t2=t1+(0, 5)) & (2246, 144, 1642, t3=t2+(0, 1)) -> (2246, 144, 1642, t4=t3+(1, 2))	3	41
(2455, 13, 2174, t1) & (3455, 126, 2220, t2=t1+(0, 8)) & (2455, 181, 3455, t3=t2+(0, 3)) -> (2455, 13, 2455, t4=t3+(1, 2))	3	42
(2950, 92, 3939, t1) & (1449, 181, 288, t2=t1+(0, 10)) & (288, 114, 3939, t3=t2+(0, 7)) -> (1449, 181, 288, t4=t3+(1, 6))	3	43
(56, 86, 4132, t1) & (2415, 117, 4441, t2=t1+(0, 6)) & (4441, 195, 56, t3=t2+(0, 10)) -> (56, 86, 56, t4=t3+(1, 2))	3	44
(1523, 197, 351, t1) & (2446, 81, 3307, t2=t1+(0, 5)) & (3307, 61, 351, t3=t2+(0, 7)) -> (351, 197, 3307, t4=t3+(1, 4))	3	45
(112, 60, 1006, t1) & (1764, 10, 4163, t2=t1+(0, 3)) & (1764, 64, 112, t3=t2+(0, 7)) -> (1764, 60, 112, t4=t3+(1, 4))	3	46
(3692, 65, 2524, t1) & (706, 56, 919, t2=t1+(0, 3)) & (3692, 198, 919, t3=t2+(0, 3)) -> (706, 198, 919, t4=t3+(1, 2))	3	47
(3781, 36, 328, t1) & (1724, 191, 4044, t2=t1+(0, 6)) & (3781, 43, 1724, t3=t2+(0, 5)) -> (328, 36, 4044, t4=t3+(1, 1))	3	48
(4276, 104, 2505, t1) & (4200, 80, 3858, t2=t1+(0, 7)) & (2505, 42, 4200, t3=t2+(0, 5)) -> (3858, 42, 4276, t4=t3+(1, 7))	3	49
(301, 64, 3177, t1) & (3684, 50, 4583, t2=t1+(0, 9)) & (3684, 70, 301, t3=t2+(0, 6)) -> (301, 64, 3684, t4=t3+(1, 13))	3	50
(855, 92, 1891, t1) & (80, 82, 2872, t2=t1+(0, 7)) & (1891, 182, 2872, t3=t2+(0, 6)) -> (1891, 182, 1891, t4=t3+(1, 6))	3	51
(1537, 64, 2492, t1) & (46, 123, 2224, t2=t1+(0, 1)) & (46, 73, 1537, t3=t2+(0, 1)) -> (1537, 123, 2224, t4=t3+(1, 2))	3	52
(4977, 6, 1917, t1) & (3767, 6, 3272, t2=t1+(0, 6)) & (3272, 84, 1917, t3=t2+(0, 12)) -> (3272, 6, 1917, t4=t3+(1, 8))	3	53
(3178, 36, 3649, t1) & (4270, 5, 4490, t2=t1+(0, 3)) & (3178, 187, 4490, t3=t2+(0, 2)) -> (4490, 187, 4270, t4=t3+(1, 6))	3	54
(4358, 161, 1915, t1) & (1003, 109, 4037, t2=t1+(0, 6)) & (1003, 49, 1915, t3=t2+(0, 2)) -> (1915, 161, 1915, t4=t3+(1, 7))	3	55
(926, 161, 4317, t1) & (4262, 196, 1975, t2=t1+(0, 7)) & (926, 198, 1975, t3=t2+(0, 4)) -> (926, 196, 926, t4=t3+(1, 5))	3	56
(2371, 89, 3033, t1) & (316, 110, 3805, t2=t1+(0, 4)) & (2371, 173, 3805, t3=t2+(0, 1)) -> (3033, 110, 2371, t4=t3+(1, 6))	3	57
(4336, 189, 4527, t1) & (3576, 40, 3254, t2=t1+(0, 5)) & (3576, 80, 4527, t3=t2+(0, 3)) -> (3576, 189, 4527, t4=t3+(1, 5))	3	58
(2181, 101, 4483, t1) & (4160, 167, 890, t2=t1+(0, 8)) & (890, 47, 4483, t3=t2+(0, 4)) -> (890, 47, 890, t4=t3+(1, 3))	3	59
(2534, 101, 861, t1) & (4361, 189, 1207, t2=t1+(0, 4)) & (1207, 37, 2534, t3=t2+(0, 5)) -> (4361, 101, 2534, t4=t3+(1, 6))	3	60
(4597, 162, 770, t1) & (89, 65, 3287, t2=t1+(0, 5)) & (89, 176, 770, t3=t2+(0, 6)) -> (3287, 162, 89, t4=t3+(1, 3))	3	61
(650, 176, 1497, t1) & (367, 49, 1061, t2=t1+(0, 5)) & (1061, 45, 650, t3=t2+(0, 6)) -> (1061, 45, 1061, t4=t3+(1, 4))	3	62
(1265, 8, 4945, t1) & (4851, 144, 2010, t2=t1+(0, 6)) & (4945, 4, 4851, t3=t2+(0, 6)) -> (1265, 144, 4851, t4=t3+(1, 3))	3	63
(2752, 2, 1167, t1) & (4235, 97, 3269, t2=t1+(0, 5)) & (2752, 164, 4235, t3=t2+(0, 1)) -> (3269, 97, 4235, t4=t3+(1, 1))	3	64
(447, 123, 3053, t1) & (1127, 44, 3173, t2=t1+(0, 2)) & (3173, 96, 447, t3=t2+(0, 2)) -> (1127, 123, 3173, t4=t3+(1, 3))	3	65
(1612, 70, 1652, t1) & (616, 122, 4324, t2=t1+(0, 3)) & (1652, 173, 4324, t3=t2+(0, 8)) -> (1652, 173, 616, t4=t3+(1, 4))	3	66
(3343, 143, 3490, t1) & (4324, 105, 4756, t2=t1+(0, 6)) & (4756, 102, 3343, t3=t2+(0, 4)) -> (4756, 105, 3490, t4=t3+(1, 1))	3	67
(477, 183, 3333, t1) & (2708, 99, 3414, t2=t1+(0, 4)) & (3414, 74, 3333, t3=t2+(0, 9)) -> (3414, 183, 2708, t4=t3+(1, 2))	3	68
(499, 32, 1632, t1) & (3871, 137, 3768, t2=t1+(0, 1)) & (499, 131, 3768, t3=t2+(0, 7)) -> (3871, 32, 499, t4=t3+(1, 3))	3	69
(561, 180, 1589, t1) & (1212, 155, 1859, t2=t1+(0, 5)) & (1212, 176, 1589, t3=t2+(0, 5)) -> (561, 180, 1859, t4=t3+(1, 8))	3	70
(86, 80, 1489, t1) & (540, 161, 3273, t2=t1+(0, 2)) & (1489, 154, 540, t3=t2+(0, 6)) -> (1489, 80, 3273, t4=t3+(1, 7))	3	71
(4087, 33, 305, t1) & (2718, 138, 1451, t2=t1+(0, 4)) & (4087, 81, 2718, t3=t2+(0, 2)) -> (305, 81, 4087, t4=t3+(1, 3))	3	72
(403, 125, 349, t1) & (310, 180, 1389, t2=t1+(0, 4)) & (349, 189, 310, t3=t2+(0, 4)) -> (349, 180, 349, t4=t3+(1, 1))	3	73
(723, 144, 3884, t1) & (1397, 110, 4436, t2=t1+(0, 4)) & (1397, 83, 723, t3=t2+(0, 6)) -> (1397, 83, 1397, t4=t3+(1, 2))	3	74
(463, 41, 4358, t1) & (3335, 61, 981, t2=t1+(0, 5)) & (463, 124, 3335, t3=t2+(0, 3)) -> (981, 124, 4358, t4=t3+(1, 7))	3	75
(1384, 145, 253, t1) & (3658, 128, 2380, t2=t1+(0, 12)) & (2380, 39, 1384, t3=t2+(0, 9)) -> (2380, 145, 2380, t4=t3+(1, 6))	3	76
(2036, 38, 404, t1) & (4231, 92, 3280, t2=t1+(0, 4)) & (404, 34, 4231, t3=t2+(0, 6)) -> (404, 34, 4231, t4=t3+(1, 5))	3	77
(4521, 70, 4931, t1) & (631, 65, 182, t2=t1+(0, 6)) & (4931, 76, 631, t3=t2+(0, 5)) -> (4931, 65, 631, t4=t3+(1, 7))	3	78
(1468, 74, 3938, t1) & (2978, 3, 2788, t2=t1+(0, 8)) & (2978, 191, 1468, t3=t2+(0, 3)) -> (2978, 3, 2978, t4=t3+(1, 4))	3	79
(202, 23, 2894, t1) & (1087, 137, 1753, t2=t1+(0, 10)) & (202, 157, 1753, t3=t2+(0, 8)) -> (202, 157, 1753, t4=t3+(1, 3))	3	80
(3109, 14, 3857, t1) & (2132, 47, 2297, t2=t1+(0, 3)) & (2132, 49, 3109, t3=t2+(0, 1)) -> (2132, 14, 3109, t4=t3+(1, 4))	3	81
(36, 109, 3522, t1) & (4632, 7, 3907, t2=t1+(0, 5)) & (4632, 196, 3522, t3=t2+(0, 4)) -> (4632, 7, 3522, t4=t3+(1, 4))	3	82
(4981, 167, 2131, t1) & (1335, 33, 1228, t2=t1+(0, 7)) & (4981, 187, 1228, t3=t2+(0, 4)) -> (4981, 187, 1228, t4=t3+(1, 5))	3	83
(2500, 43, 700, t1) & (451, 44, 1702, t2=t1+(0, 0)) & (2500, 59, 451, t3=t2+(0, 7)) -> (1702, 43, 451, t4=t3+(1, 3))	3	84
(3253, 19, 2486, t1) & (2523, 76, 3786, t2=t1+(0, 6)) & (2486, 18, 3786, t3=t2+(0, 5)) -> (3253, 18, 2523, t4=t3+(1, 3))	3	85
(4190, 95, 1653, t1) & (42, 7, 1073, t2=t1+(0, 2)) & (1073, 8, 1653, t3=t2+(0, 4)) -> (42, 95, 4190, t4=t3+(1, 1))	3	86
(4629, 174, 939, t1) & (174, 4, 2512, t2=t1+(0, 4)) & (4629, 149, 2512, t3=t2+(0, 5)) -> (174, 174, 2512, t4=t3+(1, 6))	3	87
(377, 173, 4314, t1) & (1984, 137, 1635, t2=t1+(0, 3)) & (4314, 158, 1635, t3=t2+(0, 3)) -> (4314, 173, 377, t4=t3+(1, 5))	3	88
(3053, 155, 4166, t1) & (4654, 110, 3763, t2=t1+(0, 6)) & (4166, 35, 4654, t3=t2+(0, 2)) -> (4654, 110, 4166, t4=t3+(1, 5))	3	89
(1560, 22, 3755, t1) & (2646, 141, 3730, t2=t1+(0, 8)) & (2646, 17, 3755, t3=t2+(0, 5)) -> (3730, 22, 3755, t4=t3+(1, 1))	3	90
(586, 5, 19, t1) & (1636, 16, 3740, t2=t1+(0, 8)) & (1636, 139, 586, t3=t2+(0, 3)) -> (586, 16, 586, t4=t3+(1, 4))	3	91
(2146, 3, 1369, t1) & (939, 109, 29, t2=t1+(0, 6)) & (2146, 133, 29, t3=t2+(0, 4)) -> (29, 109, 1369, t4=t3+(1, 8))	3	92
(2410, 180, 772, t1) & (500, 187, 981, t2=t1+(0, 4)) & (500, 14, 2410, t3=t2+(0, 7)) -> (500, 180, 981, t4=t3+(1, 3))	3	93
(2998, 79, 491, t1) & (88, 8, 2593, t2=t1+(0, 4)) & (88, 146, 491, t3=t2+(0, 6)) -> (491, 79, 491, t4=t3+(1, 2))	3	94
(1829, 134, 180, t1) & (2747, 38, 1143, t2=t1+(0, 3)) & (2747, 45, 180, t3=t2+(0, 4)) -> (180, 45, 180, t4=t3+(1, 3))	3	95
(3373, 48, 4233, t1) & (3794, 63, 1698, t2=t1+(0, 5)) & (4233, 24, 1698, t3=t2+(0, 2)) -> (1698, 24, 3794, t4=t3+(1, 6))	3	96
(2713, 42, 4915, t1) & (3960, 53, 159, t2=t1+(0, 6)) & (159, 132, 4915, t3=t2+(0, 5)) -> (2713, 132, 4915, t4=t3+(1, 6))	3	97
(1518, 21, 2761, t1) & (2340, 26, 1030, t2=t1+(0, 1)) & (1030, 143, 1518, t3=t2+(0, 7)) -> (1030, 26, 2761, t4=t3+(1, 5))	3	98
(1458, 29, 1745, t1) & (3526, 45, 1848, t2=t1+(0, 7)) & (1848, 156, 1745, t3=t2+(0, 4)) -> (1745, 45, 1848, t4=t3+(1, 3))	3	99
(4171, 69, 922, t1) & (3749, 64, 1070, t2=t1+(0, 5)) & (4171, 143, 3749, t3=t2+(0, 7)) -> (1070, 64, 3749, t4=t3+(1, 11))	3	100
(274, 177, 2263, t1) & (1277, 78, 2533, t2=t1+(0, 1)) & (274, 22, 1277, t3=t2+(0, 10)) -> (1277, 78, 1277, t4=t3+(1, 8))	3	101
(3317, 152, 4072, t1) & (3675, 8, 1185, t2=t1+(0, 5)) & (3675, 75, 3317, t3=t2+(0, 2)) -> (3675, 75, 3675, t4=t3+(1, 6))	3	102
(1095, 88, 4519, t1) & (1405, 158, 2186, t2=t1+(0, 7)) & (4519, 28, 1405, t3=t2+(0, 5)) -> (1405, 28, 4519, t4=t3+(1, 4))	3	103
(2951, 84, 1262, t1) & (2440, 59, 1291, t2=t1+(0, 3)) & (2440, 151, 1262, t3=t2+(0, 3)) -> (2951, 84, 2440, t4=t3+(1, 6))	3	104
(4183, 83, 2955, t1) & (2273, 30, 432, t2=t1+(0, 3)) & (2955, 176, 2273, t3=t2+(0, 5)) -> (2273, 83, 432, t4=t3+(1, 7))	3	105
(1553, 174, 2118, t1) & (4880, 171, 4883, t2=t1+(0, 3)) & (2118, 14, 4880, t3=t2+(0, 2)) -> (1553, 171, 2118, t4=t3+(1, 5))	3	106
(1162, 186, 2240, t1) & (4003, 17, 10, t2=t1+(0, 5)) & (2240, 108, 10, t3=t2+(0, 7)) -> (2240, 186, 2240, t4=t3+(1, 4))	3	107
(3460, 41, 444, t1) & (114, 4, 3252, t2=t1+(0, 1)) & (444, 108, 3252, t3=t2+(0, 4)) -> (3252, 4, 444, t4=t3+(1, 4))	3	108
(209, 155, 4630, t1) & (2141, 11, 768, t2=t1+(0, 5)) & (2141, 108, 209, t3=t2+(0, 5)) -> (209, 108, 2141, t4=t3+(1, 3))	3	109
(3158, 138, 3723, t1) & (1029, 196, 4, t2=t1+(0, 2)) & (1029, 174, 3723, t3=t2+(0, 4)) -> (4, 138, 1029, t4=t3+(1, 7))	3	110
(4857, 24, 4782, t1) & (482, 30, 3147, t2=t1+(0, 4)) & (4857, 152, 482, t3=t2+(0, 3)) -> (482, 30, 4857, t4=t3+(1, 5))	3	111
(3669, 121, 648, t1) & (3741, 14, 3458, t2=t1+(0, 9)) & (3741, 136, 648, t3=t2+(0, 5)) -> (3741, 136, 648, t4=t3+(1, 5))	3	112
(3991, 53, 3728, t1) & (1998, 152, 2519, t2=t1+(0, 5)) & (2519, 101, 3991, t3=t2+(0, 6)) -> (3728, 53, 2519, t4=t3+(1, 6))	3	113
(3728, 99, 4799, t1) & (947, 0, 2975, t2=t1+(0, 2)) & (947, 39, 4799, t3=t2+(0, 6)) -> (2975, 39, 4799, t4=t3+(1, 6))	3	114
(4182, 60, 2036, t1) & (4384, 51, 4691, t2=t1+(0, 9)) & (4384, 120, 2036, t3=t2+(0, 4)) -> (2036, 60, 4384, t4=t3+(1, 6))	3	115
(2996, 24, 2748, t1) & (4728, 65, 3518, t2=t1+(0, 7)) & (2748, 18, 3518, t3=t2+(0, 5)) -> (2996, 65, 2748, t4=t3+(1, 3))	3	116
(2104, 58, 3184, t1) & (3953, 157, 1347, t2=t1+(0, 4)) & (2104, 94, 3953, t3=t2+(0, 5)) -> (2104, 58, 1347, t4=t3+(1, 7))	3	117
(3587, 66, 4173, t1) & (1613, 99, 3327, t2=t1+(0, 2)) & (3587, 87, 3327, t3=t2+(0, 5)) -> (3327, 66, 4173, t4=t3+(1, 1))	3	118
(3431, 121, 1122, t1) & (893, 168, 2623, t2=t1+(0, 3)) & (893, 155, 1122, t3=t2+(0, 2)) -> (2623, 168, 2623, t4=t3+(1, 4))	3	119
(3174, 134, 3863, t1) & (1385, 17, 3819, t2=t1+(0, 5)) & (3819, 83, 3174, t3=t2+(0, 4)) -> (3174, 83, 3174, t4=t3+(1, 5))	3	120
(2764, 173, 1721, t1) & (980, 10, 1658, t2=t1+(0, 4)) & (980, 5, 1721, t3=t2+(0, 4)) -> (1721, 173, 2764, t4=t3+(1, 5))	3	121
(3253, 49, 3808, t1) & (4046, 142, 3092, t2=t1+(0, 6)) & (3808, 112, 3092, t3=t2+(0, 1)) -> (3808, 49, 3092, t4=t3+(1, 1))	3	122
(4967, 192, 4789, t1) & (3811, 185, 4128, t2=t1+(0, 5)) & (4128, 160, 4967, t3=t2+(0, 6)) -> (4128, 185, 3811, t4=t3+(1, 6))	3	123
(3551, 153, 2706, t1) & (3845, 3, 2789, t2=t1+(0, 5)) & (3845, 15, 3551, t3=t2+(0, 4)) -> (2706, 153, 3845, t4=t3+(1, 4))	3	124
(4782, 40, 4327, t1) & (3146, 107, 2413, t2=t1+(0, 6)) & (4327, 195, 2413, t3=t2+(0, 6)) -> (2413, 107, 4327, t4=t3+(1, 2))	3	125
(889, 136, 4408, t1) & (1111, 189, 2465, t2=t1+(0, 3)) & (2465, 27, 4408, t3=t2+(0, 3)) -> (4408, 27, 4408, t4=t3+(1, 9))	3	126
(550, 146, 1029, t1) & (3324, 42, 1271, t2=t1+(0, 4)) & (1271, 115, 1029, t3=t2+(0, 5)) -> (1271, 42, 1029, t4=t3+(1, 10))	3	127
(1842, 166, 4018, t1) & (3588, 148, 3841, t2=t1+(0, 6)) & (1842, 160, 3588, t3=t2+(0, 8)) -> (1842, 160, 3841, t4=t3+(1, 4))	3	128
(3719, 59, 605, t1) & (3146, 104, 4651, t2=t1+(0, 4)) & (4651, 179, 605, t3=t2+(0, 4)) -> (4651, 59, 605, t4=t3+(1, 3))	3	129
(1970, 191, 103, t1) & (4569, 53, 265, t2=t1+(0, 4)) & (103, 9, 4569, t3=t2+(0, 3)) -> (265, 53, 265, t4=t3+(1, 15))	3	130
(1690, 91, 3341, t1) & (2241, 59, 2904, t2=t1+(0, 7)) & (2904, 144, 1690, t3=t2+(0, 1)) -> (1690, 59, 2241, t4=t3+(1, 4))	3	131
(1481, 33, 3346, t1) & (4465, 149, 3947, t2=t1+(0, 6)) & (3947, 160, 1481, t3=t2+(0, 6)) -> (1481, 33, 3346, t4=t3+(1, 3))	3	132
(1725, 132, 2335, t1) & (3191, 2, 730, t2=t1+(0, 6)) & (2335, 154, 730, t3=t2+(0, 3)) -> (2335, 154, 2335, t4=t3+(1, 3))	3	133
(701, 119, 1220, t1) & (1152, 22, 4358, t2=t1+(0, 7)) & (4358, 52, 1220, t3=t2+(0, 6)) -> (1220, 119, 4358, t4=t3+(1, 4))	3	134
(1305, 179, 267, t1) & (702, 20, 4226, t2=t1+(0, 8)) & (702, 60, 1305, t3=t2+(0, 7)) -> (702, 179, 1305, t4=t3+(1, 10))	3	135
(291, 193, 4062, t1) & (2613, 135, 1133, t2=t1+(0, 6)) & (4062, 108, 2613, t3=t2+(0, 4)) -> (4062, 108, 2613, t4=t3+(1, 6))	3	136
(2926, 159, 580, t1) & (191, 165, 3467, t2=t1+(0, 5)) & (2926, 30, 3467, t3=t2+(0, 1)) -> (191, 30, 191, t4=t3+(1, 9))	3	137
(2506, 141, 2517, t1) & (1472, 73, 2890, t2=t1+(0, 2)) & (2506, 164, 1472, t3=t2+(0, 5)) -> (2506, 73, 2890, t4=t3+(1, 6))	3	138
(4483, 48, 4359, t1) & (810, 193, 3237, t2=t1+(0, 6)) & (4359, 137, 810, t3=t2+(0, 7)) -> (3237, 137, 3237, t4=t3+(1, 7))	3	139
(2241, 11, 4580, t1) & (161, 31, 3481, t2=t1+(0, 4)) & (4580, 18, 161, t3=t2+(0, 6)) -> (3481, 31, 3481, t4=t3+(1, 1))	3	140
(3607, 100, 805, t1) & (163, 6, 803, t2=t1+(0, 6)) & (163, 181, 3607, t3=t2+(0, 8)) -> (3607, 181, 805, t4=t3+(1, 6))	3	141
(4540, 45, 4996, t1) & (4923, 59, 4582, t2=t1+(0, 3)) & (4923, 114, 4996, t3=t2+(0, 6)) -> (4540, 59, 4996, t4=t3+(1, 8))	3	142
(187, 57, 1501, t1) & (1766, 76, 3354, t2=t1+(0, 4)) & (1501, 38, 3354, t3=t2+(0, 8)) -> (1501, 38, 3354, t4=t3+(1, 4))	3	143
(2896, 166, 1032, t1) & (3307, 156, 2747, t2=t1+(0, 3)) & (3307, 171, 1032, t3=t2+(0, 3)) -> (2747, 166, 2747, t4=t3+(1, 11))	3	144
(3535, 108, 2559, t1) & (783, 46, 4354, t2=t1+(0, 5)) & (4354, 70, 2559, t3=t2+(0, 8)) -> (4354, 46, 783, t4=t3+(1, 5))	3	145
(1332, 139, 3998, t1) & (1979, 44, 3754, t2=t1+(0, 6)) & (3754, 111, 1332, t3=t2+(0, 6)) -> (3754, 111, 3754, t4=t3+(1, 4))	3	146
(1999, 125, 1220, t1) & (3589, 42, 1579, t2=t1+(0, 7)) & (1220, 154, 1579, t3=t2+(0, 6)) -> (1579, 42, 1999, t4=t3+(1, 6))	3	147
(1788, 181, 3833, t1) & (1867, 76, 1548, t2=t1+(0, 6)) & (3833, 9, 1867, t3=t2+(0, 10)) -> (3833, 181, 1548, t4=t3+(1, 8))	3	148
(3039, 28, 3575, t1) & (4384, 128, 3884, t2=t1+(0, 3)) & (3575, 66, 4384, t3=t2+(0, 3)) -> (4384, 28, 3884, t4=t3+(1, 2))	3	149
(1575, 89, 651, t1) & (2614, 198, 563, t2=t1+(0, 2)) & (651, 70, 2614, t3=t2+(0, 4)) -> (563, 198, 2614, t4=t3+(1, 4))	3	150
(2477, 18, 661, t1) & (3920, 80, 3752, t2=t1+(0, 2)) & (3920, 197, 2477, t3=t2+(0, 6)) -> (3920, 197, 3920, t4=t3+(1, 7))	3	151
(2466, 174, 532, t1) & (3144, 88, 2254, t2=t1+(0, 1)) & (2466, 26, 2254, t3=t2+(0, 11)) -> (532, 88, 2466, t4=t3+(1, 6))	3	152
(4874, 137, 344, t1) & (1110, 129, 2801, t2=t1+(0, 2)) & (2801, 25, 4874, t3=t2+(0, 5)) -> (2801, 129, 2801, t4=t3+(1, 6))	3	153
(3387, 101, 3123, t1) & (4226, 175, 2677, t2=t1+(0, 9)) & (3387, 150, 2677, t3=t2+(0, 4)) -> (2677, 101, 3387, t4=t3+(1, 7))	3	154
(2527, 123, 4993, t1) & (121, 154, 345, t2=t1+(0, 6)) & (2527, 188, 345, t3=t2+(0, 5)) -> (2527, 188, 345, t4=t3+(1, 4))	3	155
(1221, 127, 575, t1) & (4813, 192, 3464, t2=t1+(0, 2)) & (4813, 62, 575, t3=t2+(0, 4)) -> (4813, 192, 575, t4=t3+(1, 6))	3	156
(1349, 141, 3608, t1) & (667, 178, 3107, t2=t1+(0, 4)) & (667, 180, 1349, t3=t2+(0, 5)) -> (1349, 180, 1349, t4=t3+(1, 4))	3	157
(3160, 199, 2476, t1) & (4236, 143, 4219, t2=t1+(0, 7)) & (3160, 50, 4219, t3=t2+(0, 10)) -> (3160, 199, 4219, t4=t3+(1, 7))	3	158
(1188, 47, 1310, t1) & (3013, 66, 1910, t2=t1+(0, 7)) & (3013, 74, 1188, t3=t2+(0, 3)) -> (3013, 74, 3013, t4=t3+(1, 4))	3	159
(4066, 81, 1055, t1) & (4869, 8, 3440, t2=t1+(0, 5)) & (4869, 45, 4066, t3=t2+(0, 9)) -> (4869, 8, 4869, t4=t3+(1, 4))	3	160
(3468, 51, 2417, t1) & (4964, 4, 4524, t2=t1+(0, 4)) & (4524, 29, 2417, t3=t2+(0, 7)) -> (3468, 4, 2417, t4=t3+(1, 3))	3	161
(4361, 111, 1174, t1) & (320, 152, 1057, t2=t1+(0, 6)) & (320, 195, 1174, t3=t2+(0, 9)) -> (320, 195, 1174, t4=t3+(1, 5))	3	162
(1423, 193, 3650, t1) & (3359, 94, 4756, t2=t1+(0, 3)) & (4756, 35, 1423, t3=t2+(0, 4)) -> (1423, 35, 4756, t4=t3+(1, 4))	3	163
(84, 128, 2901, t1) & (2093, 108, 2108, t2=t1+(0, 2)) & (2093, 189, 84, t3=t2+(0, 4)) -> (2901, 189, 2093, t4=t3+(1, 6))	3	164
(4873, 167, 4693, t1) & (2917, 58, 3902, t2=t1+(0, 5)) & (3902, 120, 4693, t3=t2+(0, 6)) -> (3902, 58, 3902, t4=t3+(1, 8))	3	165
(2433, 156, 3853, t1) & (383, 97, 429, t2=t1+(0, 6)) & (383, 197, 2433, t3=t2+(0, 3)) -> (2433, 197, 2433, t4=t3+(1, 6))	3	166
(1031, 67, 421, t1) & (4134, 83, 4742, t2=t1+(0, 8)) & (4742, 50, 1031, t3=t2+(0, 2)) -> (4742, 67, 4742, t4=t3+(1, 1))	3	167
(1073, 159, 625, t1) & (2853, 169, 1790, t2=t1+(0, 7)) & (625, 19, 2853, t3=t2+(0, 8)) -> (1073, 19, 2853, t4=t3+(1, 4))	3	168
(4613, 111, 2944, t1) & (1776, 25, 1757, t2=t1+(0, 3)) & (4613, 160, 1776, t3=t2+(0, 8)) -> (4613, 111, 1776, t4=t3+(1, 6))	3	169
(832, 124, 3099, t1) & (1396, 174, 662, t2=t1+(0, 11)) & (832, 140, 1396, t3=t2+(0, 3)) -> (1396, 124, 832, t4=t3+(1, 6))	3	170
(1137, 189, 2295, t1) & (1485, 176, 3027, t2=t1+(0, 6)) & (1137, 158, 1485, t3=t2+(0, 7)) -> (2295, 189, 1485, t4=t3+(1, 5))	3	171
(884, 3, 41, t1) & (457, 6, 4903, t2=t1+(0, 6)) & (457, 27, 41, t3=t2+(0, 6)) -> (41, 27, 457, t4=t3+(1, 1))	3	172
(1629, 171, 3814, t1) & (283, 198, 3225, t2=t1+(0, 3)) & (3225, 107, 3814, t3=t2+(0, 4)) -> (3225, 198, 3814, t4=t3+(1, 6))	3	173
(4786, 63, 4575, t1) & (2422, 48, 4523, t2=t1+(0, 5)) & (4523, 140, 4575, t3=t2+(0, 6)) -> (4575, 140, 4523, t4=t3+(1, 8))	3	174
(3456, 5, 1830, t1) & (1968, 105, 3215, t2=t1+(0, 5)) & (3215, 195, 3456, t3=t2+(0, 5)) -> (3456, 5, 3215, t4=t3+(1, 2))	3	175
(877, 88, 2991, t1) & (1882, 5, 2445, t2=t1+(0, 5)) & (2445, 159, 2991, t3=t2+(0, 7)) -> (2445, 159, 877, t4=t3+(1, 4))	3	176
(2378, 91, 17, t1) & (3612, 2, 3784, t2=t1+(0, 8)) & (3784, 77, 2378, t3=t2+(0, 5)) -> (2378, 2, 17, t4=t3+(1, 8))	3	177
(1553, 53, 636, t1) & (4111, 99, 1236, t2=t1+(0, 6)) & (1553, 47, 1236, t3=t2+(0, 7)) -> (4111, 53, 1553, t4=t3+(1, 3))	3	178
(1913, 107, 1813, t1) & (1018, 86, 2523, t2=t1+(0, 8)) & (1018, 69, 1813, t3=t2+(0, 3)) -> (1813, 69, 1813, t4=t3+(1, 3))	3	179
(3010, 138, 4315, t1) & (837, 117, 1786, t2=t1+(0, 5)) & (3010, 119, 1786, t3=t2+(0, 3)) -> (4315, 117, 4315, t4=t3+(1, 3))	3	180
(2365, 99, 4440, t1) & (4719, 194, 2384, t2=t1+(0, 5)) & (4719, 29, 2365, t3=t2+(0, 4)) -> (2384, 29, 4440, t4=t3+(1, 5))	3	181
(1955, 125, 1574, t1) & (1750, 55, 2274, t2=t1+(0, 4)) & (2274, 62, 1574, t3=t2+(0, 5)) -> (2274, 55, 1955, t4=t3+(1, 3))	3	182
(94, 198, 4549, t1) & (2718, 60, 4937, t2=t1+(0, 1)) & (2718, 112, 94, t3=t2+(0, 5)) -> (2718, 112, 4937, t4=t3+(1, 4))	3	183
(276, 136, 922, t1) & (3343, 72, 1359, t2=t1+(0, 3)) & (276, 111, 1359, t3=t2+(0, 0)) -> (1359, 136, 3343, t4=t3+(1, 4))	3	184
(215, 14, 926, t1) & (2706, 67, 3158, t2=t1+(0, 3)) & (2706, 41, 215, t3=t2+(0, 6)) -> (215, 67, 2706, t4=t3+(1, 5))	3	185
(4869, 84, 481, t1) & (1777, 50, 4112, t2=t1+(0, 4)) & (1777, 43, 4869, t3=t2+(0, 2)) -> (1777, 50, 1777, t4=t3+(1, 3))	3	186
(1244, 151, 1746, t1) & (4442, 136, 1372, t2=t1+(0, 3)) & (1746, 9, 4442, t3=t2+(0, 4)) -> (1746, 9, 4442, t4=t3+(1, 7))	3	187
(2192, 19, 4702, t1) & (3184, 140, 4203, t2=t1+(0, 6)) & (2192, 59, 3184, t3=t2+(0, 5)) -> (3184, 140, 4702, t4=t3+(1, 7))	3	188
(3690, 148, 2422, t1) & (3310, 15, 3512, t2=t1+(0, 8)) & (3512, 18, 2422, t3=t2+(0, 6)) -> (2422, 148, 3310, t4=t3+(1, 9))	3	189
(1669, 120, 3603, t1) & (1804, 74, 451, t2=t1+(0, 4)) & (3603, 93, 1804, t3=t2+(0, 4)) -> (451, 74, 451, t4=t3+(1, 8))	3	190
(1204, 14, 3353, t1) & (1482, 100, 2943, t2=t1+(0, 3)) & (1204, 44, 2943, t3=t2+(0, 4)) -> (3353, 100, 2943, t4=t3+(1, 7))	3	191
(4673, 26, 369, t1) & (2473, 67, 2278, t2=t1+(0, 5)) & (4673, 111, 2278, t3=t2+(0, 7)) -> (2278, 26, 4673, t4=t3+(1, 3))	3	192
(4694, 23, 243, t1) & (313, 124, 3127, t2=t1+(0, 4)) & (243, 19, 3127, t3=t2+(0, 4)) -> (243, 124, 3127, t4=t3+(1, 3))	3	193
(2513, 85, 4453, t1) & (3958, 75, 3503, t2=t1+(0, 10)) & (2513, 166, 3503, t3=t2+(0, 4)) -> (3958, 85, 4453, t4=t3+(1, 1))	3	194
(608, 88, 4200, t1) & (1395, 48, 1446, t2=t1+(0, 3)) & (4200, 124, 1446, t3=t2+(0, 4)) -> (608, 88, 1446, t4=t3+(1, 5))	3	195
(2061, 72, 1312, t1) & (508, 157, 2973, t2=t1+(0, 5)) & (2061, 187, 2973, t3=t2+(0, 5)) -> (2973, 72, 2061, t4=t3+(1, 3))	3	196
(1110, 35, 2931, t1) & (2686, 51, 822, t2=t1+(0, 5)) & (2931, 4, 822, t3=t2+(0, 2)) -> (2686, 4, 1110, t4=t3+(1, 3))	3	197
(4924, 47, 4396, t1) & (634, 143, 4694, t2=t1+(0, 7)) & (4694, 191, 4396, t3=t2+(0, 6)) -> (4396, 191, 4694, t4=t3+(1, 5))	3	198
(3060, 23, 2845, t1) & (3980, 156, 2938, t2=t1+(0, 5)) & (3060, 12, 3980, t3=t2+(0, 2)) -> (2938, 156, 3060, t4=t3+(1, 5))	3	199
(3890, 122, 187, t1) & (3890, 22, 3890, t2=t1+(0, 5)) -> (3890, 22, 3890, t3=t2+(1, 8))	2	200
(3739, 16, 2365, t1) & (2365, 15, 4367, t2=t1+(0, 2)) -> (2365, 15, 3739, t3=t2+(1, 3))	2	201
(868, 79, 481, t1) & (1214, 156, 481, t2=t1+(0, 6)) -> (481, 79, 868, t3=t2+(1, 6))	2	202
(486, 40, 3355, t1) & (486, 148, 486, t2=t1+(0, 10)) -> (3355, 40, 3355, t3=t2+(1, 5))	2	203
(3118, 59, 1800, t1) & (3118, 55, 1800, t2=t1+(0, 5)) -> (3118, 55, 3118, t3=t2+(1, 1))	2	204
(1551, 94, 2014, t1) & (1551, 124, 3263, t2=t1+(0, 2)) -> (1551, 124, 1551, t3=t2+(1, 7))	2	205
(2989, 192, 2894, t1) & (2894, 23, 511, t2=t1+(0, 2)) -> (511, 192, 2894, t3=t2+(1, 2))	2	206
(4727, 47, 256, t1) & (4727, 45, 3600, t2=t1+(0, 3)) -> (4727, 45, 3600, t3=t2+(1, 8))	2	207
(4426, 7, 1277, t1) & (1277, 113, 4426, t2=t1+(0, 6)) -> (1277, 7, 4426, t3=t2+(1, 3))	2	208
(1063, 92, 1574, t1) & (1732, 49, 1574, t2=t1+(0, 5)) -> (1063, 49, 1574, t3=t2+(1, 5))	2	209
(2827, 1, 4426, t1) & (4426, 1, 320, t2=t1+(0, 5)) -> (4426, 1, 2827, t3=t2+(1, 2))	2	210
(1372, 50, 1151, t1) & (3807, 113, 1372, t2=t1+(0, 2)) -> (1372, 113, 1372, t3=t2+(1, 3))	2	211
(1421, 111, 3660, t1) & (1421, 187, 1421, t2=t1+(0, 4)) -> (1421, 187, 3660, t3=t2+(1, 3))	2	212
(3552, 141, 2962, t1) & (2962, 150, 362, t2=t1+(0, 6)) -> (2962, 141, 2962, t3=t2+(1, 4))	2	213
(2274, 73, 53, t1) & (53, 115, 2274, t2=t1+(0, 3)) -> (2274, 73, 53, t3=t2+(1, 8))	2	214
(2555, 91, 167, t1) & (167, 119, 4349, t2=t1+(0, 7)) -> (4349, 119, 2555, t3=t2+(1, 2))	2	215
(1202, 181, 1252, t1) & (2043, 97, 1202, t2=t1+(0, 2)) -> (2043, 181, 1202, t3=t2+(1, 10))	2	216
(2104, 28, 167, t1) & (167, 2, 167, t2=t1+(0, 6)) -> (167, 2, 167, t3=t2+(1, 5))	2	217
(1492, 64, 2948, t1) & (1492, 63, 1492, t2=t1+(0, 1)) -> (1492, 63, 1492, t3=t2+(1, 5))	2	218
(2754, 106, 3141, t1) & (3141, 44, 3141, t2=t1+(0, 8)) -> (2754, 44, 3141, t3=t2+(1, 7))	2	219
(2774, 79, 2, t1) & (2, 147, 2, t2=t1+(0, 7)) -> (2, 147, 2, t3=t2+(1, 3))	2	220
(4233, 111, 3035, t1) & (4233, 168, 3035, t2=t1+(0, 4)) -> (4233, 168, 4233, t3=t2+(1, 4))	2	221
(1972, 13, 4744, t1) & (2515, 40, 4744, t2=t1+(0, 6)) -> (4744, 40, 2515, t3=t2+(1, 5))	2	222
(2318, 33, 4761, t1) & (4761, 19, 4242, t2=t1+(0, 2)) -> (4242, 19, 2318, t3=t2+(1, 3))	2	223
(4987, 69, 2901, t1) & (4987, 31, 2901, t2=t1+(0, 3)) -> (2901, 69, 2901, t3=t2+(1, 5))	2	224
(3707, 190, 742, t1) & (3707, 199, 1076, t2=t1+(0, 8)) -> (1076, 199, 742, t3=t2+(1, 5))	2	225
(3839, 31, 4489, t1) & (3839, 196, 4489, t2=t1+(0, 5)) -> (3839, 196, 4489, t3=t2+(1, 6))	2	226
(1307, 145, 1372, t1) & (1372, 103, 1307, t2=t1+(0, 7)) -> (1372, 145, 1372, t3=t2+(1, 6))	2	227
(405, 31, 3315, t1) & (3315, 122, 4533, t2=t1+(0, 6)) -> (405, 122, 4533, t3=t2+(1, 7))	2	228
(1399, 180, 816, t1) & (1399, 27, 1399, t2=t1+(0, 8)) -> (1399, 27, 816, t3=t2+(1, 2))	2	229
(1597, 138, 1773, t1) & (1597, 39, 1597, t2=t1+(0, 5)) -> (1597, 39, 1597, t3=t2+(1, 7))	2	230
(4688, 42, 1134, t1) & (3046, 87, 1134, t2=t1+(0, 6)) -> (1134, 42, 1134, t3=t2+(1, 7))	2	231
(4411, 29, 1650, t1) & (1650, 71, 894, t2=t1+(0, 7)) -> (894, 71, 1650, t3=t2+(1, 3))	2	232
(4714, 93, 3011, t1) & (924, 84, 4714, t2=t1+(0, 0)) -> (924, 93, 3011, t3=t2+(1, 11))	2	233
(2209, 10, 710, t1) & (2209, 189, 1920, t2=t1+(0, 2)) -> (2209, 189, 2209, t3=t2+(1, 4))	2	234
(1147, 77, 3363, t1) & (1147, 180, 26, t2=t1+(0, 2)) -> (1147, 77, 1147, t3=t2+(1, 2))	2	235
(4890, 25, 4296, t1) & (4890, 127, 4046, t2=t1+(0, 5)) -> (4890, 127, 4046, t3=t2+(1, 3))	2	236
(3899, 35, 468, t1) & (468, 176, 1403, t2=t1+(0, 6)) -> (3899, 35, 468, t3=t2+(1, 8))	2	237
(4363, 144, 196, t1) & (4167, 97, 196, t2=t1+(0, 2)) -> (4167, 97, 196, t3=t2+(1, 6))	2	238
(647, 25, 2920, t1) & (647, 44, 1438, t2=t1+(0, 3)) -> (647, 25, 647, t3=t2+(1, 5))	2	239
(437, 187, 24, t1) & (437, 199, 4440, t2=t1+(0, 4)) -> (437, 187, 24, t3=t2+(1, 9))	2	240
(2357, 162, 4976, t1) & (2357, 20, 3085, t2=t1+(0, 3)) -> (3085, 162, 2357, t3=t2+(1, 8))	2	241
(2402, 98, 3651, t1) & (2402, 49, 753, t2=t1+(0, 6)) -> (3651, 49, 2402, t3=t2+(1, 5))	2	242
(893, 89, 2736, t1) & (2736, 80, 3104, t2=t1+(0, 4)) -> (2736, 80, 3104, t3=t2+(1, 7))	2	243
(2826, 112, 3343, t1) & (3343, 68, 2826, t2=t1+(0, 3)) -> (2826, 68, 2826, t3=t2+(1, 1))	2	244
(3102, 50, 1416, t1) & (1416, 169, 4151, t2=t1+(0, 1)) -> (3102, 50, 1416, t3=t2+(1, 8))	2	245
(1189, 179, 1746, t1) & (1746, 97, 4975, t2=t1+(0, 3)) -> (1189, 97, 4975, t3=t2+(1, 4))	2	246
(245, 45, 4550, t1) & (245, 175, 245, t2=t1+(0, 6)) -> (245, 45, 245, t3=t2+(1, 5))	2	247
(1153, 82, 886, t1) & (3285, 184, 886, t2=t1+(0, 6)) -> (3285, 82, 1153, t3=t2+(1, 7))	2	248
(4755, 180, 3402, t1) & (3402, 190, 4755, t2=t1+(0, 6)) -> (3402, 190, 3402, t3=t2+(1, 7))	2	249
(90, 75, 699, t1) & (699, 38, 3590, t2=t1+(0, 7)) -> (699, 38, 699, t3=t2+(1, 7))	2	250
(4426, 24, 3778, t1) & (3778, 11, 3778, t2=t1+(0, 5)) -> (4426, 11, 3778, t3=t2+(1, 3))	2	251
(697, 149, 3236, t1) & (2428, 102, 697, t2=t1+(0, 2)) -> (2428, 102, 697, t3=t2+(1, 7))	2	252
(2916, 159, 3263, t1) & (3263, 23, 3263, t2=t1+(0, 6)) -> (2916, 23, 2916, t3=t2+(1, 5))	2	253
(1035, 83, 1149, t1) & (3391, 132, 1149, t2=t1+(0, 4)) -> (3391, 83, 1149, t3=t2+(1, 5))	2	254
(4809, 141, 1789, t1) & (4756, 173, 1789, t2=t1+(0, 4)) -> (4809, 173, 4756, t3=t2+(1, 6))	2	255
(2594, 63, 1540, t1) & (2594, 2, 1540, t2=t1+(0, 4)) -> (2594, 2, 1540, t3=t2+(1, 7))	2	256
(2234, 154, 331, t1) & (3521, 115, 331, t2=t1+(0, 4)) -> (331, 154, 331, t3=t2+(1, 3))	2	257
(634, 79, 3620, t1) & (3620, 134, 3775, t2=t1+(0, 3)) -> (3620, 134, 634, t3=t2+(1, 5))	2	258
(1364, 22, 3048, t1) & (1364, 134, 4852, t2=t1+(0, 5)) -> (4852, 22, 4852, t3=t2+(1, 5))	2	259
(136, 13, 4456, t1) & (4456, 104, 3349, t2=t1+(0, 4)) -> (136, 104, 136, t3=t2+(1, 4))	2	260
(3811, 99, 2671, t1) & (1288, 92, 3811, t2=t1+(0, 2)) -> (3811, 92, 1288, t3=t2+(1, 5))	2	261
(1532, 183, 3492, t1) & (1532, 58, 1532, t2=t1+(0, 3)) -> (1532, 58, 3492, t3=t2+(1, 9))	2	262
(533, 68, 1620, t1) & (4631, 161, 533, t2=t1+(0, 3)) -> (533, 161, 533, t3=t2+(1, 1))	2	263
(4264, 198, 2806, t1) & (845, 105, 4264, t2=t1+(0, 5)) -> (4264, 198, 4264, t3=t2+(1, 3))	2	264
(2546, 56, 3067, t1) & (2196, 158, 3067, t2=t1+(0, 3)) -> (3067, 158, 2546, t3=t2+(1, 5))	2	265
(1652, 128, 3835, t1) & (1652, 39, 3793, t2=t1+(0, 9)) -> (1652, 128, 3793, t3=t2+(1, 7))	2	266
(3811, 99, 2733, t1) & (3811, 128, 4306, t2=t1+(0, 5)) -> (4306, 99, 4306, t3=t2+(1, 5))	2	267
(2696, 136, 62, t1) & (2696, 23, 2696, t2=t1+(0, 3)) -> (2696, 136, 2696, t3=t2+(1, 11))	2	268
(242, 98, 1164, t1) & (4210, 187, 1164, t2=t1+(0, 8)) -> (4210, 187, 4210, t3=t2+(1, 8))	2	269
(2125, 175, 3731, t1) & (3731, 68, 3731, t2=t1+(0, 6)) -> (3731, 68, 2125, t3=t2+(1, 5))	2	270
(1188, 165, 3216, t1) & (1188, 132, 3216, t2=t1+(0, 4)) -> (1188, 132, 3216, t3=t2+(1, 2))	2	271
(2257, 78, 357, t1) & (357, 11, 2105, t2=t1+(0, 1)) -> (357, 78, 357, t3=t2+(1, 9))	2	272
(4139, 42, 2107, t1) & (4139, 33, 2590, t2=t1+(0, 6)) -> (2590, 42, 4139, t3=t2+(1, 4))	2	273
(2894, 95, 321, t1) & (1963, 14, 321, t2=t1+(0, 6)) -> (321, 14, 1963, t3=t2+(1, 3))	2	274
(417, 116, 3934, t1) & (417, 155, 2730, t2=t1+(0, 5)) -> (417, 155, 2730, t3=t2+(1, 6))	2	275
(4053, 137, 2342, t1) & (4910, 135, 2342, t2=t1+(0, 6)) -> (4910, 137, 2342, t3=t2+(1, 5))	2	276
(1801, 1, 3569, t1) & (3569, 157, 3896, t2=t1+(0, 5)) -> (1801, 157, 3896, t3=t2+(1, 3))	2	277
(3255, 148, 431, t1) & (3255, 104, 431, t2=t1+(0, 3)) -> (431, 104, 431, t3=t2+(1, 7))	2	278
(573, 199, 211, t1) & (211, 170, 25, t2=t1+(0, 4)) -> (211, 199, 573, t3=t2+(1, 4))	2	279
(2626, 79, 658, t1) & (2626, 136, 658, t2=t1+(0, 7)) -> (658, 136, 2626, t3=t2+(1, 3))	2	280
(1257, 68, 4251, t1) & (3549, 189, 4251, t2=t1+(0, 9)) -> (1257, 189, 4251, t3=t2+(1, 6))	2	281
(2368, 161, 87, t1) & (684, 72, 87, t2=t1+(0, 2)) -> (684, 72, 87, t3=t2+(1, 11))	2	282
(4621, 127, 4329, t1) & (4329, 164, 4621, t2=t1+(0, 4)) -> (4329, 164, 4329, t3=t2+(1, 8))	2	283
(1340, 108, 3754, t1) & (1340, 27, 1560, t2=t1+(0, 5)) -> (1560, 27, 1340, t3=t2+(1, 6))	2	284
(1106, 50, 1835, t1) & (1835, 130, 2824, t2=t1+(0, 8)) -> (1835, 130, 2824, t3=t2+(1, 6))	2	285
(1858, 55, 1374, t1) & (520, 11, 1374, t2=t1+(0, 3)) -> (1858, 11, 1858, t3=t2+(1, 6))	2	286
(4896, 115, 4368, t1) & (4368, 195, 606, t2=t1+(0, 6)) -> (4368, 115, 4368, t3=t2+(1, 5))	2	287
(862, 128, 351, t1) & (3285, 53, 862, t2=t1+(0, 3)) -> (862, 128, 351, t3=t2+(1, 5))	2	288
(2479, 55, 4099, t1) & (4099, 32, 2620, t2=t1+(0, 3)) -> (4099, 55, 2620, t3=t2+(1, 6))	2	289
(488, 163, 3760, t1) & (488, 53, 3760, t2=t1+(0, 7)) -> (488, 163, 3760, t3=t2+(1, 9))	2	290
(4155, 92, 3847, t1) & (401, 186, 4155, t2=t1+(0, 3)) -> (4155, 92, 4155, t3=t2+(1, 6))	2	291
(3022, 55, 4036, t1) & (128, 153, 3022, t2=t1+(0, 3)) -> (3022, 55, 3022, t3=t2+(1, 6))	2	292
(805, 114, 3342, t1) & (3342, 72, 3342, t2=t1+(0, 4)) -> (3342, 114, 3342, t3=t2+(1, 5))	2	293
(3791, 128, 2421, t1) & (1268, 162, 2421, t2=t1+(0, 7)) -> (1268, 162, 1268, t3=t2+(1, 4))	2	294
(4285, 6, 304, t1) & (2858, 71, 4285, t2=t1+(0, 3)) -> (4285, 71, 4285, t3=t2+(1, 4))	2	295
(3481, 38, 2524, t1) & (1689, 160, 2524, t2=t1+(0, 5)) -> (2524, 160, 3481, t3=t2+(1, 2))	2	296
(1999, 193, 3064, t1) & (3064, 20, 4371, t2=t1+(0, 4)) -> (3064, 193, 3064, t3=t2+(1, 2))	2	297
(3793, 125, 2588, t1) & (3793, 161, 1693, t2=t1+(0, 6)) -> (3793, 125, 3793, t3=t2+(1, 5))	2	298
(2523, 121, 3917, t1) & (3168, 153, 2523, t2=t1+(0, 3)) -> (3168, 153, 3168, t3=t2+(1, 7))	2	299
(4339, 53, 251, t1) -> (251, 53, 4339, t2=t1+(1, 10))	1	300
(2210, 17, 4295, t1) -> (4295, 17, 2210, t2=t1+(1, 6))	1	301
(752, 132, 4512, t1) -> (4512, 132, 4512, t2=t1+(1, 2))	1	302
(241, 170, 143, t1) -> (241, 170, 241, t2=t1+(1, 5))	1	303
(2438, 11, 3725, t1) -> (2438, 11, 2438, t2=t1+(1, 3))	1	304
(4537, 120, 3403, t1) -> (3403, 120, 3403, t2=t1+(1, 6))	1	305
(2391, 132, 4827, t1) -> (2391, 132, 2391, t2=t1+(1, 3))	1	306
(3890, 85, 690, t1) -> (3890, 85, 3890, t2=t1+(1, 7))	1	307
(80, 53, 2167, t1) -> (80, 53, 80, t2=t1+(1, 1))	1	308
(3247, 161, 1283, t1) -> (1283, 161, 1283, t2=t1+(1, 5))	1	309
(3485, 149, 2673, t1) -> (3485, 149, 3485, t2=t1+(1, 5))	1	310
(349, 1, 4874, t1) -> (4874, 1, 4874, t2=t1+(1, 6))	1	311
(392, 44, 1692, t1) -> (1692, 44, 1692, t2=t1+(1, 4))	1	312
(4824, 50, 2992, t1) -> (4824, 50, 2992, t2=t1+(1, 6))	1	313
(4882, 23, 1292, t1) -> (4882, 23, 1292, t2=t1+(1, 7))	1	314
(4116, 194, 643, t1) -> (643, 194, 4116, t2=t1+(1, 2))	1	315
(2202, 181, 1312, t1) -> (2202, 181, 2202, t2=t1+(1, 3))	1	316
(4244, 16, 3838, t1) -> (3838, 16, 4244, t2=t1+(1, 2))	1	317
(1748, 186, 3524, t1) -> (3524, 186, 1748, t2=t1+(1, 2))	1	318
(2896, 29, 4572, t1) -> (2896, 29, 4572, t2=t1+(1, 6))	1	319
(4867, 97, 541, t1) -> (4867, 97, 541, t2=t1+(1, 4))	1	320
(1665, 179, 3053, t1) -> (1665, 179, 3053, t2=t1+(1, 4))	1	321
(2538, 5, 2862, t1) -> (2862, 5, 2862, t2=t1+(1, 6))	1	322
(2462, 166, 2259, t1) -> (2462, 166, 2462, t2=t1+(1, 6))	1	323
(2676, 112, 4023, t1) -> (2676, 112, 2676, t2=t1+(1, 3))	1	324
(3771, 14, 3545, t1) -> (3771, 14, 3545, t2=t1+(1, 8))	1	325
(3756, 175, 1175, t1) -> (3756, 175, 1175, t2=t1+(1, 3))	1	326
(2908, 54, 2041, t1) -> (2041, 54, 2041, t2=t1+(1, 4))	1	327
(93, 136, 898, t1) -> (898, 136, 898, t2=t1+(1, 5))	1	328
(2511, 65, 3343, t1) -> (3343, 65, 3343, t2=t1+(1, 4))	1	329
(4457, 127, 1445, t1) -> (1445, 127, 1445, t2=t1+(1, 6))	1	330
(4814, 194, 998, t1) -> (998, 194, 4814, t2=t1+(1, 4))	1	331
(3572, 112, 2134, t1) -> (2134, 112, 2134, t2=t1+(1, 6))	1	332
(1898, 145, 442, t1) -> (442, 145, 1898, t2=t1+(1, 5))	1	333
(1007, 23, 2347, t1) -> (1007, 23, 2347, t2=t1+(1, 7))	1	334
(2682, 182, 778, t1) -> (778, 182, 2682, t2=t1+(1, 7))	1	335
(3795, 107, 591, t1) -> (3795, 107, 3795, t2=t1+(1, 5))	1	336
(4585, 120, 3952, t1) -> (4585, 120, 4585, t2=t1+(1, 3))	1	337
(1123, 98, 2347, t1) -> (2347, 98, 2347, t2=t1+(1, 3))	1	338
(4, 139, 2635, t1) -> (2635, 139, 2635, t2=t1+(1, 4))	1	339
(2307, 150, 3224, t1) -> (2307, 150, 3224, t2=t1+(1, 1))	1	340
(686, 54, 3194, t1) -> (686, 54, 686, t2=t1+(1, 5))	1	341
(4331, 196, 178, t1) -> (4331, 196, 4331, t2=t1+(1, 6))	1	342
(3037, 141, 4917, t1) -> (3037, 141, 4917, t2=t1+(1, 1))	1	343
(4974, 112, 4420, t1) -> (4974, 112, 4974, t2=t1+(1, 7))	1	344
(960, 29, 1151, t1) -> (1151, 29, 1151, t2=t1+(1, 4))	1	345
(1147, 86, 3211, t1) -> (3211, 86, 1147, t2=t1+(1, 4))	1	346
(1938, 19, 3454, t1) -> (1938, 19, 1938, t2=t1+(1, 4))	1	347
(389, 62, 765, t1) -> (765, 62, 765, t2=t1+(1, 1))	1	348
(1904, 131, 1517, t1) -> (1517, 131, 1904, t2=t1+(1, 4))	1	349
