(2572, 133, 1934, t1) & (4947, 169, 3728, t2=t1+(0, 2)) & (3728, 138, 1934, t3=t2+(0, 4)) -> (3728, 169, 2572, t4=t3+(1, 4))	3	0
(2191, 125, 4353, t1) & (2936, 164, 4842, t2=t1+(0, 5)) & (4353, 7, 2936, t3=t2+(0, 6)) -> (4842, 164, 4842, t4=t3+(1, 4))	3	1
(2520, 62, 3421, t1) & (2483, 156, 1628, t2=t1+(0, 3)) & (1628, 27, 2520, t3=t2+(0, 4)) -> (2520, 27, 2483, t4=t3+(1, 4))	3	2
(2153, 58, 1182, t1) & (4771, 166, 1708, t2=t1+(0, 0)) & (4771, 143, 2153, t3=t2+(0, 3)) -> (1182, 143, 2153, t4=t3+(1, 6))	3	3
(3584, 158, 113, t1) & (1400, 163, 1220, t2=t1+(0, 1)) & (1220, 46, 113, t3=t2+(0, 2)) -> (113, 163, 113, t4=t3+(1, 4))	3	4
(3591, 31, 2303, t1) & (4080, 195, 1402, t2=t1+(0, 9)) & (4080, 60, 3591, t3=t2+(0, 4)) -> (3591, 60, 3591, t4=t3+(1, 3))	3	5
(4557, 9, 141, t1) & (3563, 114, 2989, t2=t1+(0, 6)) & (4557, 141, 2989, t3=t2+(0, 8)) -> (2989, 141, 141, t4=t3+(1, 5))	3	6
(2134, 186, 3758, t1) & (616, 186, 3429, t2=t1+(0, 7)) & (2134, 33, 616, t3=t2+(0, 4)) -> (2134, 186, 2134, t4=t3+(1, 5))	3	7
(416, 1, 3071, t1) & (3346, 8, 2175, t2=t1+(0, 2)) & (416, 123, 3346, t3=t2+(0, 4)) -> (3346, 123, 416, t4=t3+(1, 6))	3	8
(1338, 47, 4235, t1) & (3062, 186, 2682, t2=t1+(0, 3)) & (3062, 185, 1338, t3=t2+(0, 3)) -> (4235, 47, 1338, t4=t3+(1, 2))	3	9
(3806, 176, 1905, t1) & (1207, 39, 2094, t2=t1+(0, 7)) & (1905, 170, 2094, t3=t2+(0, 7)) -> (1905, 176, 1905, t4=t3+(1, 8))	3	10
(4764, 183, 3967, t1) & (2133, 137, 625, t2=t1+(0, 7)) & (4764, 129, 2133, t3=t2+(0, 10)) -> (625, 137, 625, t4=t3+(1, 2))	3	11
(3497, 28, 930, t1) & (600, 91, 4290, t2=t1+(0, 4)) & (3497, 195, 600, t3=t2+(0, 6)) -> (3497, 91, 930, t4=t3+(1, 5))	3	12
(1978, 145, 418, t1) & (4578, 17, 1106, t2=t1+(0, 4)) & (4578, 95, 1978, t3=t2+(0, 5)) -> (1978, 95, 4578, t4=t3+(1, 9))	3	13
(3028, 26, 40, t1) & (1493, 43, 3319, t2=t1+(0, 5)) & (3028, 126, 3319, t3=t2+(0, 8)) -> (1493, 26, 3319, t4=t3+(1, 8))	3	14
(4760, 18, 396, t1) & (1444, 138, 1115, t2=t1+(0, 4)) & (1115, 97, 396, t3=t2+(0, 3)) -> (396, 138, 396, t4=t3+(1, 6))	3	15
(1300, 19, 3988, t1) & (2115, 184, 906, t2=t1+(0, 4)) & (3988, 9, 906, t3=t2+(0, 2)) -> (3988, 184, 2115, t4=t3+(1, 6))	3	16
(4104, 35, 2551, t1) & (3160, 150, 1898, t2=t1+(0, 3)) & (1898, 76, 2551, t3=t2+(0, 6)) -> (3160, 76, 1898, t4=t3+(1, 6))	3	17
(2878, 149, 1032, t1) & (4455, 193, 4060, t2=t1+(0, 8)) & (4060, 188, 1032, t3=t2+(0, 7)) -> (1032, 149, 2878, t4=t3+(1, 3))	3	18
(3339, 118, 2680, t1) & (4527, 89, 2615, t2=t1+(0, 2)) & (3339, 22, 4527, t3=t2+(0, 7)) -> (2680, 118, 4527, t4=t3+(1, 5))	3	19
(1302, 102, 4371, t1) & (434, 164, 1287, t2=t1+(0, 5)) & (1302, 168, 1287, t3=t2+(0, 3)) -> (434, 168, 1287, t4=t3+(1, 4))	3	20
(233, 116, 3657, t1) & (4148, 74, 2054, t2=t1+(0, 3)) & (3657, 3, 2054, t3=t2+(0, 5)) -> (3657, 3, 4148, t4=t3+(1, 4))	3	21
(4375, 73, 697, t1) & (1587, 99, 3853, t2=t1+(0, 2)) & (4375, 59, 3853, t3=t2+(0, 5)) -> (3853, 59, 4375, t4=t3+(1, 4))	3	22
(3266, 178, 534, t1) & (4206, 104, 4059, t2=t1+(0, 5)) & (3266, 152, 4059, t3=t2+(0, 5)) -> (4206, 178, 3266, t4=t3+(1, 4))	3	23
(4390, 171, 4970, t1) & (2197, 11, 35, t2=t1+(0, 2)) & (2197, 176, 4390, t3=t2+(0, 7)) -> (4390, 11, 4390, t4=t3+(1, 4))	3	24
(4729, 143, 755, t1) & (1996, 102, 3071, t2=t1+(0, 4)) & (4729, 148, 1996, t3=t2+(0, 5)) -> (3071, 148, 1996, t4=t3+(1, 5))	3	25
(3431, 162, 3462, t1) & (2791, 110, 2766, t2=t1+(0, 7)) & (2791, 9, 3431, t3=t2+(0, 6)) -> (2791, 110, 2791, t4=t3+(1, 5))	3	26
(141, 29, 1177, t1) & (828, 143, 1842, t2=t1+(0, 3)) & (141, 15, 828, t3=t2+(0, 6)) -> (828, 29, 141, t4=t3+(1, 6))	3	27
(1246, 47, 1458, t1) & (329, 63, 2104, t2=t1+(0, 8)) & (1458, 33, 329, t3=t2+(0, 5)) -> (1458, 47, 1458, t4=t3+(1, 4))	3	28
(1293, 91, 132, t1) & (3883, 124, 4486, t2=t1+(0, 3)) & (4486, 157, 132, t3=t2+(0, 4)) -> (1293, 157, 132, t4=t3+(1, 4))	3	29
(987, 55, 1779, t1) & (4155, 104, 2473, t2=t1+(0, 7)) & (2473, 79, 1779, t3=t2+(0, 2)) -> (987, 55, 1779, t4=t3+(1, 10))	3	30
(914, 104, 4206, t1) & (872, 149, 3523, t2=t1+(0, 5)) & (914, 184, 872, t3=t2+(0, 4)) -> (872, 184, 914, t4=t3+(1, 3))	3	31
(717, 102, 3882, t1) & (815, 57, 2506, t2=t1+(0, 2)) & (2506, 10, 3882, t3=t2+(0, 2)) -> (3882, 102, 2506, t4=t3+(1, 6))	3	32
(3655, 119, 1741, t1) & (2659, 155, 2049, t2=t1+(0, 4)) & (1741, 48, 2659, t3=t2+(0, 6)) -> (2659, 155, 1741, t4=t3+(1, 7))	3	33
(2570, 145, 1993, t1) & (875, 36, 162, t2=t1+(0, 8)) & (162, 77, 1993, t3=t2+(0, 12)) -> (875, 145, 162, t4=t3+(1, 3))	3	34
(2425, 130, 599, t1) & (1946, 1, 1486, t2=t1+(0, 7)) & (2425, 77, 1486, t3=t2+(0, 7)) -> (1486, 77, 1946, t4=t3+(1, 2))	3	35
(2557, 96, 2349, t1) & (661, 38, 2048, t2=t1+(0, 2)) & (2557, 171, 2048, t3=t2+(0, 5)) -> (2048, 171, 2048, t4=t3+(1, 4))	3	36
(4050, 163, 1468, t1) & (3337, 99, 1273, t2=t1+(0, 6)) & (3337, 145, 1468, t3=t2+(0, 1)) -> (1468, 99, 1468, t4=t3+(1, 4))	3	37
(1064, 4, 4736, t1) & (2840, 180, 3049, t2=t1+(0, 6)) & (1064, 116, 2840, t3=t2+(0, 4)) -> (3049, 4, 3049, t4=t3+(1, 6))	3	38
(3184, 150, 1620, t1) & (3792, 147, 3318, t2=t1+(0, 3)) & (3318, 118, 3184, t3=t2+(0, 7)) -> (3792, 118, 1620, t4=t3+(1, 4))	3	39
(2283, 82, 2438, t1) & (2961, 130, 151, t2=t1+(0, 8)) & (151, 158, 2438, t3=t2+(0, 3)) -> (2438, 82, 151, t4=t3+(1, 5))	3	40
(3184, 17, 363, t1) & (1053, 83, 2784, t2=t1+(0, 6)) & (1053, 184, 3184, t3=t2+(0, 4)) -> (363, 83, 3184, t4=t3+(1, 1))	3	41
(3166, 155, 866, t1) & (2199, 10, 358, t2=t1+(0, 6)) & (3166, 157, 2199, t3=t2+(0, 7)) -> (866, 10, 2199, t4=t3+(1, 5))	3	42
(2516, 136, 2854, t1) & (3157, 69, 3196, t2=t1+(0, 9)) & (3157, 146, 2854, t3=t2+(0, 7)) -> (3196, 146, 3196, t4=t3+(1, 1))	3	43
(1450, 174, 2812, t1) & (2055, 32, 935, t2=t1+(0, 4)) & (935, 50, 2812, t3=t2+(0, 6)) -> (2812, 32, 2812, t4=t3+(1, 5))	3	44
(696, 124, 4020, t1) & (3832, 187, 904, t2=t1+(0, 7)) & (904, 54, 696, t3=t2+(0, 3)) -> (904, 187, 696, t4=t3+(1, 4))	3	45
(3833, 42, 1291, t1) & (3842, 111, 3096, t2=t1+(0, 4)) & (1291, 57, 3096, t3=t2+(0, 5)) -> (3096, 57, 1291, t4=t3+(1, 5))	3	46
(2814, 40, 4476, t1) & (1885, 191, 1294, t2=t1+(0, 5)) & (1885, 61, 4476, t3=t2+(0, 4)) -> (4476, 61, 1885, t4=t3+(1, 3))	3	47
(3052, 73, 3622, t1) & (3280, 57, 1019, t2=t1+(0, 5)) & (3052, 142, 1019, t3=t2+(0, 4)) -> (1019, 73, 3052, t4=t3+(1, 7))	3	48
(153, 96, 3373, t1) & (357, 169, 2305, t2=t1+(0, 5)) & (153, 12, 357, t3=t2+(0, 8)) -> (357, 96, 153, t4=t3+(1, 3))	3	49
(1467, 98, 118, t1) & (0, 2, 1990, t2=t1+(0, 8)) & (0, 173, 1467, t3=t2+(0, 2)) -> (1467, 98, 0, t4=t3+(1, 5))	3	50
(4637, 85, 3781, t1) & (296, 87, 3392, t2=t1+(0, 4)) & (3781, 125, 3392, t3=t2+(0, 3)) -> (3781, 125, 3781, t4=t3+(1, 8))	3	51
(1940, 149, 95, t1) & (1525, 91, 250, t2=t1+(0, 9)) & (1525, 41, 95, t3=t2+(0, 4)) -> (1525, 41, 1940, t4=t3+(1, 2))	3	52
(4318, 151, 2737, t1) & (4486, 31, 4182, t2=t1+(0, 3)) & (4318, 113, 4182, t3=t2+(0, 8)) -> (4182, 151, 4182, t4=t3+(1, 5))	3	53
(3164, 187, 1623, t1) & (237, 128, 1443, t2=t1+(0, 4)) & (3164, 113, 1443, t3=t2+(0, 3)) -> (3164, 113, 3164, t4=t3+(1, 1))	3	54
(1649, 109, 2009, t1) & (1953, 34, 4700, t2=t1+(0, 5)) & (1649, 196, 1953, t3=t2+(0, 3)) -> (1953, 196, 1649, t4=t3+(1, 7))	3	55
(4911, 52, 4377, t1) & (4336, 60, 2434, t2=t1+(0, 3)) & (4377, 139, 4336, t3=t2+(0, 6)) -> (4377, 60, 4377, t4=t3+(1, 5))	3	56
(3932, 66, 4322, t1) & (1566, 118, 2668, t2=t1+(0, 8)) & (3932, 196, 2668, t3=t2+(0, 4)) -> (2668, 196, 3932, t4=t3+(1, 4))	3	57
(192, 157, 1700, t1) & (2782, 132, 3974, t2=t1+(0, 7)) & (1700, 117, 2782, t3=t2+(0, 4)) -> (1700, 132, 3974, t4=t3+(1, 6))	3	58
(1089, 48, 3978, t1) & (4005, 96, 3205, t2=t1+(0, 8)) & (3205, 36, 3978, t3=t2+(0, 3)) -> (3978, 96, 4005, t4=t3+(1, 5))	3	59
(4198, 53, 3555, t1) & (1743, 85, 4550, t2=t1+(0, 1)) & (1743, 52, 3555, t3=t2+(0, 5)) -> (3555, 85, 1743, t4=t3+(1, 3))	3	60
(3335, 117, 1489, t1) & (4061, 85, 4948, t2=t1+(0, 7)) & (3335, 67, 4948, t3=t2+(0, 3)) -> (3335, 85, 3335, t4=t3+(1, 2))	3	61
(4839, 86, 4435, t1) & (2166, 147, 191, t2=t1+(0, 5)) & (4435, 192, 191, t3=t2+(0, 3)) -> (2166, 147, 191, t4=t3+(1, 2))	3	62
(4378, 22, 1941, t1) & (3205, 111, 4835, t2=t1+(0, 3)) & (3205, 23, 4378, t3=t2+(0, 3)) -> (3205, 111, 4378, t4=t3+(1, 4))	3	63
(3377, 4, 952, t1) & (1838, 145, 4157, t2=t1+(0, 5)) & (3377, 22, 4157, t3=t2+(0, 6)) -> (952, 22, 3377, t4=t3+(1, 9))	3	64
(399, 83, 537, t1) & (2576, 70, 4949, t2=t1+(0, 5)) & (399, 14, 4949, t3=t2+(0, 2)) -> (399, 70, 399, t4=t3+(1, 5))	3	65
(2703, 14, 2515, t1) & (3134, 149, 4094, t2=t1+(0, 6)) & (2515, 95, 4094, t3=t2+(0, 7)) -> (2703, 14, 4094, t4=t3+(1, 5))	3	66
(764, 146, 654, t1) & (1469, 115, 4021, t2=t1+(0, 6)) & (764, 69, 1469, t3=t2+(0, 8)) -> (1469, 146, 764, t4=t3+(1, 3))	3	67
(480, 66, 3959, t1) & (2345, 120, 886, t2=t1+(0, 5)) & (886, 82, 480, t3=t2+(0, 3)) -> (2345, 120, 886, t4=t3+(1, 4))	3	68
(4068, 52, 2148, t1) & (4329, 194, 749, t2=t1+(0, 4)) & (4068, 22, 749, t3=t2+(0, 6)) -> (4068, 22, 749, t4=t3+(1, 3))	3	69
(1192, 128, 2792, t1) & (2738, 190, 700, t2=t1+(0, 6)) & (2792, 86, 700, t3=t2+(0, 3)) -> (2792, 190, 2738, t4=t3+(1, 3))	3	70
(111, 65, 4607, t1) & (4397, 140, 2368, t2=t1+(0, 6)) & (111, 18, 2368, t3=t2+(0, 6)) -> (111, 18, 4397, t4=t3+(1, 4))	3	71
(1689, 93, 920, t1) & (3809, 175, 3806, t2=t1+(0, 8)) & (3806, 1, 920, t3=t2+(0, 4)) -> (3806, 175, 1689, t4=t3+(1, 8))	3	72
(3177, 71, 1383, t1) & (3324, 56, 3761, t2=t1+(0, 5)) & (1383, 73, 3324, t3=t2+(0, 6)) -> (3761, 56, 1383, t4=t3+(1, 3))	3	73
(3550, 120, 3095, t1) & (4169, 3, 3645, t2=t1+(0, 9)) & (3550, 187, 4169, t3=t2+(0, 5)) -> (3645, 120, 3645, t4=t3+(1, 5))	3	74
(3150, 64, 365, t1) & (710, 100, 2551, t2=t1+(0, 7)) & (3150, 40, 710, t3=t2+(0, 5)) -> (3150, 64, 365, t4=t3+(1, 3))	3	75
(2894, 30, 4933, t1) & (4906, 7, 4636, t2=t1+(0, 8)) & (4636, 51, 2894, t3=t2+(0, 7)) -> (4906, 51, 4906, t4=t3+(1, 8))	3	76
(464, 103, 348, t1) & (2358, 179, 1424, t2=t1+(0, 8)) & (1424, 179, 464, t3=t2+(0, 4)) -> (464, 179, 348, t4=t3+(1, 6))	3	77
(4295, 173, 1950, t1) & (1369, 14, 3133, t2=t1+(0, 3)) & (4295, 103, 3133, t3=t2+(0, 10)) -> (3133, 14, 1369, t4=t3+(1, 3))	3	78
(1209, 125, 4568, t1) & (414, 157, 291, t2=t1+(0, 7)) & (291, 147, 1209, t3=t2+(0, 6)) -> (1209, 147, 414, t4=t3+(1, 5))	3	79
(3820, 164, 4454, t1) & (839, 185, 1146, t2=t1+(0, 7)) & (4454, 11, 839, t3=t2+(0, 9)) -> (839, 185, 4454, t4=t3+(1, 10))	3	80
(2345, 72, 4332, t1) & (1069, 91, 2757, t2=t1+(0, 12)) & (1069, 47, 4332, t3=t2+(0, 9)) -> (1069, 47, 4332, t4=t3+(1, 8))	3	81
(544, 116, 1559, t1) & (846, 192, 865, t2=t1+(0, 6)) & (1559, 60, 846, t3=t2+(0, 5)) -> (865, 116, 846, t4=t3+(1, 5))	3	82
(1708, 43, 1165, t1) & (4362, 122, 753, t2=t1+(0, 7)) & (1165, 37, 4362, t3=t2+(0, 3)) -> (1165, 37, 1165, t4=t3+(1, 4))	3	83
(4931, 124, 2905, t1) & (190, 126, 4042, t2=t1+(0, 4)) & (4042, 65, 4931, t3=t2+(0, 6)) -> (4931, 126, 4931, t4=t3+(1, 8))	3	84
(4809, 47, 1943, t1) & (3074, 65, 350, t2=t1+(0, 7)) & (4809, 42, 350, t3=t2+(0, 5)) -> (4809, 65, 350, t4=t3+(1, 2))	3	85
(836, 21, 3172, t1) & (2713, 12, 278, t2=t1+(0, 5)) & (2713, 13, 836, t3=t2+(0, 4)) -> (2713, 13, 2713, t4=t3+(1, 5))	3	86
(2804, 167, 3065, t1) & (1056, 17, 4673, t2=t1+(0, 5)) & (4673, 19, 3065, t3=t2+(0, 4)) -> (4673, 19, 3065, t4=t3+(1, 6))	3	87
(1009, 51, 3614, t1) & (2541, 74, 880, t2=t1+(0, 4)) & (880, 110, 1009, t3=t2+(0, 6)) -> (880, 51, 2541, t4=t3+(1, 4))	3	88
(1742, 138, 2484, t1) & (2466, 81, 610, t2=t1+(0, 6)) & (610, 163, 2484, t3=t2+(0, 3)) -> (2466, 163, 2484, t4=t3+(1, 4))	3	89
(740, 134, 2368, t1) & (3508, 187, 3255, t2=t1+(0, 4)) & (3508, 57, 2368, t3=t2+(0, 3)) -> (3255, 57, 2368, t4=t3+(1, 5))	3	90
(2720, 13, 3502, t1) & (2636, 153, 1191, t2=t1+(0, 8)) & (1191, 24, 2720, t3=t2+(0, 6)) -> (2636, 24, 1191, t4=t3+(1, 9))	3	91
(331, 34, 2358, t1) & (1262, 64, 1850, t2=t1+(0, 3)) & (1850, 42, 331, t3=t2+(0, 1)) -> (1850, 42, 1850, t4=t3+(1, 7))	3	92
(527, 42, 3150, t1) & (3744, 4, 2032, t2=t1+(0, 4)) & (3744, 134, 3150, t3=t2+(0, 5)) -> (3744, 134, 3150, t4=t3+(1, 7))	3	93
(1060, 191, 4387, t1) & (4277, 3, 1659, t2=t1+(0, 1)) & (1659, 183, 4387, t3=t2+(0, 5)) -> (4387, 183, 1659, t4=t3+(1, 5))	3	94
(4104, 61, 361, t1) & (1753, 6, 3914, t2=t1+(0, 3)) & (361, 162, 3914, t3=t2+(0, 8)) -> (1753, 162, 361, t4=t3+(1, 10))	3	95
(2166, 93, 4887, t1) & (328, 158, 569, t2=t1+(0, 8)) & (569, 190, 2166, t3=t2+(0, 5)) -> (2166, 93, 569, t4=t3+(1, 3))	3	96
(3633, 66, 3052, t1) & (946, 16, 3628, t2=t1+(0, 5)) & (3052, 156, 3628, t3=t2+(0, 6)) -> (3628, 156, 3052, t4=t3+(1, 6))	3	97
(4133, 177, 3028, t1) & (1780, 14, 1806, t2=t1+(0, 3)) & (1806, 149, 3028, t3=t2+(0, 8)) -> (1806, 14, 1806, t4=t3+(1, 6))	3	98
(989, 23, 1182, t1) & (321, 154, 4229, t2=t1+(0, 8)) & (989, 21, 4229, t3=t2+(0, 4)) -> (4229, 21, 1182, t4=t3+(1, 6))	3	99
(2525, 179, 1279, t1) & (1279, 120, 1279, t2=t1+(0, 5)) -> (1279, 120, 1279, t3=t2+(1, 3))	2	100
(2566, 162, 806, t1) & (806, 180, 2561, t2=t1+(0, 6)) -> (2561, 162, 806, t3=t2+(1, 2))	2	101
(3539, 148, 3518, t1) & (2866, 17, 3539, t2=t1+(0, 8)) -> (3539, 17, 3539, t3=t2+(1, 4))	2	102
(2869, 88, 1459, t1) & (498, 162, 1459, t2=t1+(0, 3)) -> (498, 162, 1459, t3=t2+(1, 1))	2	103
(1270, 127, 2288, t1) & (1270, 118, 1270, t2=t1+(0, 3)) -> (1270, 127, 1270, t3=t2+(1, 6))	2	104
(2175, 97, 2572, t1) & (2175, 8, 2572, t2=t1+(0, 4)) -> (2572, 97, 2572, t3=t2+(1, 5))	2	105
(1642, 76, 3063, t1) & (4183, 120, 1642, t2=t1+(0, 6)) -> (4183, 120, 1642, t3=t2+(1, 5))	2	106
(3334, 145, 3528, t1) & (3334, 84, 3528, t2=t1+(0, 5)) -> (3334, 84, 3528, t3=t2+(1, 7))	2	107
(3398, 31, 895, t1) & (3577, 41, 895, t2=t1+(0, 10)) -> (3398, 31, 895, t3=t2+(1, 5))	2	108
(4326, 73, 3792, t1) & (3792, 69, 2103, t2=t1+(0, 6)) -> (3792, 69, 3792, t3=t2+(1, 5))	2	109
(4016, 166, 3827, t1) & (4016, 85, 3827, t2=t1+(0, 6)) -> (3827, 166, 4016, t3=t2+(1, 9))	2	110
(1331, 181, 215, t1) & (1331, 195, 1331, t2=t1+(0, 8)) -> (215, 181, 215, t3=t2+(1, 7))	2	111
(4157, 51, 679, t1) & (679, 12, 4157, t2=t1+(0, 6)) -> (4157, 51, 4157, t3=t2+(1, 5))	2	112
(2308, 11, 4250, t1) & (3283, 128, 2308, t2=t1+(0, 2)) -> (4250, 128, 2308, t3=t2+(1, 7))	2	113
(2715, 37, 1864, t1) & (766, 27, 1864, t2=t1+(0, 4)) -> (2715, 27, 1864, t3=t2+(1, 2))	2	114
(3577, 161, 842, t1) & (3577, 22, 259, t2=t1+(0, 6)) -> (3577, 22, 3577, t3=t2+(1, 5))	2	115
(2274, 11, 3121, t1) & (393, 40, 2274, t2=t1+(0, 4)) -> (2274, 40, 3121, t3=t2+(1, 4))	2	116
(4168, 6, 1484, t1) & (2164, 115, 1484, t2=t1+(0, 4)) -> (1484, 115, 4168, t3=t2+(1, 5))	2	117
(2005, 61, 3107, t1) & (3107, 89, 3107, t2=t1+(0, 6)) -> (3107, 61, 3107, t3=t2+(1, 6))	2	118
(79, 93, 578, t1) & (578, 14, 578, t2=t1+(0, 4)) -> (578, 14, 578, t3=t2+(1, 6))	2	119
(442, 16, 4050, t1) & (4050, 75, 442, t2=t1+(0, 11)) -> (442, 75, 442, t3=t2+(1, 6))	2	120
(4095, 120, 1374, t1) & (4095, 32, 641, t2=t1+(0, 9)) -> (641, 32, 1374, t3=t2+(1, 4))	2	121
(3373, 14, 812, t1) & (3373, 59, 812, t2=t1+(0, 4)) -> (3373, 59, 3373, t3=t2+(1, 3))	2	122
(1925, 191, 4763, t1) & (3609, 80, 1925, t2=t1+(0, 6)) -> (1925, 191, 4763, t3=t2+(1, 9))	2	123
(4189, 192, 547, t1) & (4189, 100, 2822, t2=t1+(0, 2)) -> (4189, 192, 2822, t3=t2+(1, 5))	2	124
(2316, 168, 863, t1) & (863, 81, 863, t2=t1+(0, 8)) -> (863, 81, 863, t3=t2+(1, 3))	2	125
(2371, 59, 4127, t1) & (2624, 159, 2371, t2=t1+(0, 2)) -> (2371, 59, 2624, t3=t2+(1, 6))	2	126
(1737, 195, 286, t1) & (286, 163, 1737, t2=t1+(0, 2)) -> (1737, 195, 1737, t3=t2+(1, 3))	2	127
(4016, 143, 4035, t1) & (885, 26, 4035, t2=t1+(0, 1)) -> (4016, 143, 4016, t3=t2+(1, 4))	2	128
(3495, 35, 500, t1) & (2265, 93, 500, t2=t1+(0, 10)) -> (2265, 93, 2265, t3=t2+(1, 5))	2	129
(408, 59, 562, t1) & (408, 198, 408, t2=t1+(0, 3)) -> (408, 198, 408, t3=t2+(1, 4))	2	130
(42, 134, 442, t1) & (442, 89, 442, t2=t1+(0, 1)) -> (442, 134, 442, t3=t2+(1, 8))	2	131
(300, 82, 1009, t1) & (157, 72, 1009, t2=t1+(0, 4)) -> (1009, 82, 300, t3=t2+(1, 2))	2	132
(98, 100, 92, t1) & (4083, 102, 98, t2=t1+(0, 6)) -> (4083, 100, 98, t3=t2+(1, 4))	2	133
(3940, 157, 3837, t1) & (3940, 24, 3837, t2=t1+(0, 3)) -> (3940, 24, 3940, t3=t2+(1, 6))	2	134
(3655, 175, 2124, t1) & (3655, 162, 2870, t2=t1+(0, 5)) -> (2124, 175, 3655, t3=t2+(1, 4))	2	135
(2267, 188, 1017, t1) & (3982, 77, 2267, t2=t1+(0, 6)) -> (3982, 77, 3982, t3=t2+(1, 5))	2	136
(2139, 99, 87, t1) & (2139, 198, 4095, t2=t1+(0, 5)) -> (2139, 198, 87, t3=t2+(1, 5))	2	137
(617, 147, 925, t1) & (925, 106, 617, t2=t1+(0, 5)) -> (925, 106, 925, t3=t2+(1, 5))	2	138
(4091, 81, 1686, t1) & (4091, 23, 2336, t2=t1+(0, 2)) -> (4091, 23, 2336, t3=t2+(1, 3))	2	139
(586, 12, 3082, t1) & (586, 95, 3082, t2=t1+(0, 4)) -> (586, 95, 586, t3=t2+(1, 5))	2	140
(1385, 93, 4489, t1) & (4489, 53, 1385, t2=t1+(0, 5)) -> (4489, 93, 4489, t3=t2+(1, 1))	2	141
(3039, 137, 1352, t1) & (1352, 151, 3039, t2=t1+(0, 5)) -> (3039, 137, 3039, t3=t2+(1, 5))	2	142
(392, 179, 679, t1) & (679, 48, 3430, t2=t1+(0, 3)) -> (679, 48, 392, t3=t2+(1, 4))	2	143
(1124, 196, 2149, t1) & (2047, 36, 1124, t2=t1+(0, 8)) -> (2047, 196, 2047, t3=t2+(1, 9))	2	144
(4265, 5, 3502, t1) & (4265, 153, 4265, t2=t1+(0, 4)) -> (3502, 5, 4265, t3=t2+(1, 4))	2	145
(3982, 2, 4097, t1) & (4097, 34, 2320, t2=t1+(0, 3)) -> (3982, 2, 3982, t3=t2+(1, 5))	2	146
(410, 59, 340, t1) & (410, 175, 410, t2=t1+(0, 3)) -> (410, 175, 410, t3=t2+(1, 6))	2	147
(1490, 139, 3521, t1) & (2741, 9, 3521, t2=t1+(0, 4)) -> (1490, 139, 3521, t3=t2+(1, 5))	2	148
(2833, 160, 4623, t1) & (4623, 93, 1582, t2=t1+(0, 6)) -> (4623, 160, 4623, t3=t2+(1, 4))	2	149
(3047, 199, 281, t1) & (363, 137, 281, t2=t1+(0, 3)) -> (281, 137, 363, t3=t2+(1, 3))	2	150
(4048, 28, 4804, t1) & (1280, 35, 4804, t2=t1+(0, 5)) -> (1280, 35, 4804, t3=t2+(1, 6))	2	151
(2763, 80, 4363, t1) & (4363, 66, 4363, t2=t1+(0, 3)) -> (4363, 80, 2763, t3=t2+(1, 4))	2	152
(4925, 102, 4319, t1) & (4319, 135, 2717, t2=t1+(0, 8)) -> (2717, 102, 4319, t3=t2+(1, 7))	2	153
(2069, 66, 905, t1) & (2408, 20, 2069, t2=t1+(0, 3)) -> (2069, 66, 2408, t3=t2+(1, 7))	2	154
(3132, 50, 4998, t1) & (2583, 113, 4998, t2=t1+(0, 5)) -> (2583, 50, 2583, t3=t2+(1, 1))	2	155
(2106, 69, 4981, t1) & (4981, 94, 2106, t2=t1+(0, 4)) -> (2106, 94, 4981, t3=t2+(1, 4))	2	156
(4363, 149, 2334, t1) & (3307, 162, 2334, t2=t1+(0, 5)) -> (3307, 149, 4363, t3=t2+(1, 4))	2	157
(781, 73, 2573, t1) & (781, 48, 781, t2=t1+(0, 5)) -> (2573, 73, 2573, t3=t2+(1, 7))	2	158
(790, 7, 623, t1) & (790, 29, 623, t2=t1+(0, 4)) -> (623, 29, 623, t3=t2+(1, 4))	2	159
(320, 124, 4765, t1) & (3159, 124, 320, t2=t1+(0, 1)) -> (320, 124, 3159, t3=t2+(1, 11))	2	160
(1369, 126, 1694, t1) & (1694, 23, 4120, t2=t1+(0, 4)) -> (1694, 126, 1694, t3=t2+(1, 7))	2	161
(713, 88, 2583, t1) & (3154, 77, 2583, t2=t1+(0, 5)) -> (2583, 88, 3154, t3=t2+(1, 3))	2	162
(3811, 50, 2528, t1) & (3811, 73, 4659, t2=t1+(0, 4)) -> (4659, 50, 2528, t3=t2+(1, 7))	2	163
(2923, 107, 4292, t1) & (4292, 50, 2210, t2=t1+(0, 5)) -> (2923, 107, 2210, t3=t2+(1, 3))	2	164
(806, 134, 1485, t1) & (1485, 73, 1949, t2=t1+(0, 6)) -> (1485, 134, 1485, t3=t2+(1, 7))	2	165
(1130, 87, 2326, t1) & (2326, 3, 4056, t2=t1+(0, 7)) -> (2326, 87, 2326, t3=t2+(1, 5))	2	166
(211, 128, 2163, t1) & (2163, 170, 2124, t2=t1+(0, 3)) -> (2163, 170, 211, t3=t2+(1, 4))	2	167
(1900, 165, 2019, t1) & (2019, 64, 2019, t2=t1+(0, 5)) -> (2019, 64, 1900, t3=t2+(1, 5))	2	168
(4349, 34, 4166, t1) & (4349, 19, 4349, t2=t1+(0, 4)) -> (4349, 34, 4349, t3=t2+(1, 5))	2	169
(3197, 189, 794, t1) & (794, 68, 794, t2=t1+(0, 9)) -> (794, 68, 794, t3=t2+(1, 5))	2	170
(2912, 82, 595, t1) & (595, 51, 595, t2=t1+(0, 6)) -> (595, 82, 595, t3=t2+(1, 9))	2	171
(1125, 31, 1665, t1) & (830, 119, 1665, t2=t1+(0, 4)) -> (1665, 119, 1125, t3=t2+(1, 1))	2	172
(3246, 42, 4598, t1) & (4598, 131, 573, t2=t1+(0, 3)) -> (573, 131, 3246, t3=t2+(1, 4))	2	173
(38, 131, 3884, t1) & (3884, 4, 4439, t2=t1+(0, 5)) -> (3884, 4, 3884, t3=t2+(1, 6))	2	174
(3103, 85, 3021, t1) & (3021, 136, 4003, t2=t1+(0, 3)) -> (3103, 85, 3021, t3=t2+(1, 6))	2	175
(1560, 18, 3267, t1) & (2202, 102, 1560, t2=t1+(0, 7)) -> (1560, 102, 2202, t3=t2+(1, 4))	2	176
(2600, 82, 2075, t1) & (223, 126, 2075, t2=t1+(0, 4)) -> (2075, 82, 223, t3=t2+(1, 5))	2	177
(1809, 4, 3891, t1) & (3539, 66, 3891, t2=t1+(0, 4)) -> (3891, 66, 1809, t3=t2+(1, 6))	2	178
(1426, 61, 527, t1) & (527, 142, 4428, t2=t1+(0, 9)) -> (4428, 61, 1426, t3=t2+(1, 4))	2	179
(3808, 159, 3650, t1) & (3808, 5, 3650, t2=t1+(0, 8)) -> (3808, 159, 3808, t3=t2+(1, 5))	2	180
(4011, 57, 2774, t1) & (4011, 34, 2774, t2=t1+(0, 3)) -> (4011, 57, 2774, t3=t2+(1, 4))	2	181
(6, 29, 129, t1) & (2075, 55, 129, t2=t1+(0, 4)) -> (129, 29, 6, t3=t2+(1, 7))	2	182
(1162, 99, 3534, t1) & (3534, 73, 1897, t2=t1+(0, 8)) -> (1162, 73, 1897, t3=t2+(1, 5))	2	183
(4388, 35, 3339, t1) & (3339, 128, 2562, t2=t1+(0, 6)) -> (3339, 35, 3339, t3=t2+(1, 4))	2	184
(2540, 12, 3026, t1) & (2085, 198, 3026, t2=t1+(0, 9)) -> (2085, 12, 3026, t3=t2+(1, 6))	2	185
(1944, 116, 1345, t1) & (1345, 94, 2194, t2=t1+(0, 10)) -> (1345, 94, 1345, t3=t2+(1, 4))	2	186
(16, 160, 1537, t1) & (1537, 134, 2576, t2=t1+(0, 3)) -> (2576, 134, 1537, t3=t2+(1, 6))	2	187
(1309, 108, 3243, t1) & (1309, 39, 72, t2=t1+(0, 4)) -> (3243, 39, 3243, t3=t2+(1, 7))	2	188
(3072, 62, 4754, t1) & (4754, 23, 3535, t2=t1+(0, 6)) -> (3535, 23, 3535, t3=t2+(1, 8))	2	189
(204, 191, 4311, t1) & (4311, 8, 1360, t2=t1+(0, 3)) -> (1360, 191, 1360, t3=t2+(1, 9))	2	190
(894, 166, 4121, t1) & (894, 154, 894, t2=t1+(0, 7)) -> (894, 154, 894, t3=t2+(1, 7))	2	191
(784, 153, 3031, t1) & (784, 112, 2529, t2=t1+(0, 3)) -> (784, 153, 784, t3=t2+(1, 3))	2	192
(4858, 185, 1350, t1) & (1350, 65, 2744, t2=t1+(0, 7)) -> (2744, 185, 2744, t3=t2+(1, 4))	2	193
(1635, 45, 3835, t1) & (3917, 78, 1635, t2=t1+(0, 6)) -> (1635, 45, 3835, t3=t2+(1, 6))	2	194
(4926, 158, 3847, t1) & (3847, 172, 740, t2=t1+(0, 5)) -> (740, 158, 4926, t3=t2+(1, 4))	2	195
(1983, 37, 2298, t1) & (2298, 179, 2922, t2=t1+(0, 3)) -> (1983, 179, 1983, t3=t2+(1, 7))	2	196
(2353, 153, 4165, t1) & (2353, 147, 4165, t2=t1+(0, 6)) -> (2353, 147, 4165, t3=t2+(1, 3))	2	197
(832, 144, 200, t1) & (1598, 126, 200, t2=t1+(0, 4)) -> (1598, 126, 832, t3=t2+(1, 6))	2	198
(4988, 18, 772, t1) & (4988, 77, 4988, t2=t1+(0, 4)) -> (4988, 77, 4988, t3=t2+(1, 5))	2	199
(3714, 190, 3909, t1) -> (3909, 190, 3714, t2=t1+(1, 3))	1	200
(4431, 174, 1311, t1) -> (4431, 174, 4431, t2=t1+(1, 2))	1	201
(2102, 66, 2305, t1) -> (2305, 66, 2305, t2=t1+(1, 5))	1	202
(4030, 100, 2174, t1) -> (4030, 100, 2174, t2=t1+(1, 4))	1	203
(4558, 11, 628, t1) -> (4558, 11, 4558, t2=t1+(1, 6))	1	204
(2114, 87, 1960, t1) -> (2114, 87, 1960, t2=t1+(1, 2))	1	205
(4090, 19, 3033, t1) -> (3033, 19, 3033, t2=t1+(1, 1))	1	206
(3697, 187, 4543, t1) -> (3697, 187, 3697, t2=t1+(1, 5))	1	207
(4534, 61, 1930, t1) -> (4534, 61, 4534, t2=t1+(1, 5))	1	208
(2451, 170, 1802, t1) -> (2451, 170, 2451, t2=t1+(1, 5))	1	209
(4323, 116, 2528, t1) -> (4323, 116, 4323, t2=t1+(1, 4))	1	210
(2411, 14, 3325, t1) -> (2411, 14, 2411, t2=t1+(1, 3))	1	211
(2894, 80, 3263, t1) -> (3263, 80, 2894, t2=t1+(1, 1))	1	212
(743, 29, 1486, t1) -> (743, 29, 743, t2=t1+(1, 6))	1	213
(4222, 105, 2545, t1) -> (4222, 105, 2545, t2=t1+(1, 5))	1	214
(3626, 159, 1101, t1) -> (3626, 159, 1101, t2=t1+(1, 5))	1	215
(1155, 161, 3173, t1) -> (3173, 161, 3173, t2=t1+(1, 8))	1	216
(2173, 170, 3203, t1) -> (2173, 170, 2173, t2=t1+(1, 4))	1	217
(2823, 168, 486, t1) -> (486, 168, 2823, t2=t1+(1, 7))	1	218
(1074, 95, 3005, t1) -> (1074, 95, 3005, t2=t1+(1, 3))	1	219
(2712, 159, 2063, t1) -> (2063, 159, 2712, t2=t1+(1, 2))	1	220
(2993, 141, 2753, t1) -> (2753, 141, 2993, t2=t1+(1, 4))	1	221
(4478, 33, 4375, t1) -> (4478, 33, 4375, t2=t1+(1, 4))	1	222
(1310, 100, 2359, t1) -> (2359, 100, 1310, t2=t1+(1, 2))	1	223
(4107, 196, 330, t1) -> (330, 196, 330, t2=t1+(1, 7))	1	224
(2868, 182, 2805, t1) -> (2805, 182, 2805, t2=t1+(1, 3))	1	225
(3278, 15, 1848, t1) -> (3278, 15, 1848, t2=t1+(1, 1))	1	226
(947, 90, 4437, t1) -> (4437, 90, 947, t2=t1+(1, 4))	1	227
(263, 140, 2897, t1) -> (2897, 140, 2897, t2=t1+(1, 3))	1	228
(4448, 157, 1635, t1) -> (4448, 157, 4448, t2=t1+(1, 8))	1	229
(2110, 155, 4891, t1) -> (2110, 155, 2110, t2=t1+(1, 8))	1	230
(1948, 99, 33, t1) -> (33, 99, 1948, t2=t1+(1, 6))	1	231
(2251, 157, 2314, t1) -> (2314, 157, 2251, t2=t1+(1, 7))	1	232
(221, 66, 3222, t1) -> (3222, 66, 221, t2=t1+(1, 4))	1	233
(299, 9, 237, t1) -> (237, 9, 237, t2=t1+(1, 8))	1	234
(3392, 13, 4353, t1) -> (4353, 13, 4353, t2=t1+(1, 4))	1	235
(2589, 92, 488, t1) -> (2589, 92, 2589, t2=t1+(1, 3))	1	236
(3406, 45, 2477, t1) -> (2477, 45, 3406, t2=t1+(1, 9))	1	237
(4589, 42, 2581, t1) -> (4589, 42, 4589, t2=t1+(1, 6))	1	238
(1112, 103, 4311, t1) -> (4311, 103, 1112, t2=t1+(1, 6))	1	239
(1045, 10, 4995, t1) -> (1045, 10, 4995, t2=t1+(1, 5))	1	240
(3195, 164, 92, t1) -> (3195, 164, 3195, t2=t1+(1, 4))	1	241
(4140, 98, 522, t1) -> (4140, 98, 4140, t2=t1+(1, 3))	1	242
(3237, 71, 3482, t1) -> (3237, 71, 3482, t2=t1+(1, 2))	1	243
(350, 2, 1417, t1) -> (350, 2, 350, t2=t1+(1, 1))	1	244
(1205, 147, 2052, t1) -> (1205, 147, 2052, t2=t1+(1, 7))	1	245
(1556, 85, 4386, t1) -> (4386, 85, 4386, t2=t1+(1, 5))	1	246
(4308, 163, 3531, t1) -> (3531, 163, 4308, t2=t1+(1, 3))	1	247
(3946, 51, 2475, t1) -> (2475, 51, 3946, t2=t1+(1, 9))	1	248
(1437, 104, 3141, t1) -> (3141, 104, 3141, t2=t1+(1, 3))	1	249
(2503, 24, 2025, t1) -> (2503, 24, 2025, t2=t1+(1, 5))	1	250
(4946, 20, 3943, t1) -> (4946, 20, 3943, t2=t1+(1, 4))	1	251
(2129, 157, 383, t1) -> (2129, 157, 2129, t2=t1+(1, 3))	1	252
(521, 94, 274, t1) -> (274, 94, 521, t2=t1+(1, 3))	1	253
(3565, 65, 34, t1) -> (3565, 65, 3565, t2=t1+(1, 6))	1	254
(2789, 100, 2515, t1) -> (2789, 100, 2515, t2=t1+(1, 6))	1	255
(2747, 113, 244, t1) -> (2747, 113, 244, t2=t1+(1, 4))	1	256
(4041, 93, 1868, t1) -> (1868, 93, 1868, t2=t1+(1, 13))	1	257
(1564, 10, 1416, t1) -> (1564, 10, 1416, t2=t1+(1, 5))	1	258
(3765, 85, 1087, t1) -> (1087, 85, 3765, t2=t1+(1, 5))	1	259
(3154, 93, 2238, t1) -> (2238, 93, 2238, t2=t1+(1, 6))	1	260
(4438, 84, 2104, t1) -> (2104, 84, 4438, t2=t1+(1, 2))	1	261
(2637, 167, 755, t1) -> (755, 167, 755, t2=t1+(1, 5))	1	262
(2904, 193, 88, t1) -> (88, 193, 88, t2=t1+(1, 1))	1	263
(3288, 14, 3167, t1) -> (3288, 14, 3288, t2=t1+(1, 6))	1	264
(2871, 81, 2728, t1) -> (2871, 81, 2728, t2=t1+(1, 3))	1	265
(131, 35, 2227, t1) -> (2227, 35, 2227, t2=t1+(1, 4))	1	266
(2906, 52, 2608, t1) -> (2906, 52, 2608, t2=t1+(1, 10))	1	267
(1, 94, 13, t1) -> (1, 94, 1, t2=t1+(1, 6))	1	268
(485, 157, 1425, t1) -> (485, 157, 1425, t2=t1+(1, 2))	1	269
(1808, 23, 939, t1) -> (939, 23, 1808, t2=t1+(1, 3))	1	270
(493, 17, 3203, t1) -> (493, 17, 493, t2=t1+(1, 4))	1	271
(3084, 11, 4677, t1) -> (3084, 11, 3084, t2=t1+(1, 3))	1	272
(3586, 24, 4741, t1) -> (4741, 24, 4741, t2=t1+(1, 2))	1	273
(639, 155, 921, t1) -> (921, 155, 921, t2=t1+(1, 3))	1	274
(3520, 79, 3857, t1) -> (3857, 79, 3857, t2=t1+(1, 2))	1	275
(2014, 105, 4192, t1) -> (2014, 105, 2014, t2=t1+(1, 7))	1	276
(3848, 131, 1661, t1) -> (3848, 131, 3848, t2=t1+(1, 2))	1	277
(3135, 158, 2813, t1) -> (2813, 158, 2813, t2=t1+(1, 7))	1	278
(1849, 120, 756, t1) -> (1849, 120, 1849, t2=t1+(1, 5))	1	279
(728, 21, 590, t1) -> (590, 21, 590, t2=t1+(1, 12))	1	280
(2318, 61, 4177, t1) -> (4177, 61, 4177, t2=t1+(1, 5))	1	281
(3036, 109, 317, t1) -> (3036, 109, 317, t2=t1+(1, 6))	1	282
(2554, 152, 4252, t1) -> (4252, 152, 2554, t2=t1+(1, 4))	1	283
(3714, 0, 3512, t1) -> (3512, 0, 3714, t2=t1+(1, 1))	1	284
(3218, 157, 1007, t1) -> (1007, 157, 3218, t2=t1+(1, 4))	1	285
(622, 70, 221, t1) -> (622, 70, 221, t2=t1+(1, 7))	1	286
(4159, 71, 1841, t1) -> (1841, 71, 4159, t2=t1+(1, 6))	1	287
(361, 90, 2720, t1) -> (361, 90, 361, t2=t1+(1, 6))	1	288
(3258, 180, 4489, t1) -> (4489, 180, 4489, t2=t1+(1, 8))	1	289
(3900, 37, 1502, t1) -> (1502, 37, 1502, t2=t1+(1, 8))	1	290
(3299, 36, 3722, t1) -> (3722, 36, 3299, t2=t1+(1, 6))	1	291
(1864, 53, 1539, t1) -> (1539, 53, 1864, t2=t1+(1, 7))	1	292
(187, 180, 3466, t1) -> (3466, 180, 3466, t2=t1+(1, 5))	1	293
(4189, 79, 1046, t1) -> (1046, 79, 1046, t2=t1+(1, 4))	1	294
(3203, 51, 2740, t1) -> (2740, 51, 2740, t2=t1+(1, 4))	1	295
(1893, 0, 4972, t1) -> (1893, 0, 1893, t2=t1+(1, 5))	1	296
(302, 128, 3713, t1) -> (302, 128, 3713, t2=t1+(1, 3))	1	297
(650, 96, 4641, t1) -> (650, 96, 4641, t2=t1+(1, 8))	1	298
(3238, 53, 688, t1) -> (688, 53, 688, t2=t1+(1, 4))	1	299
