(3656, 19, 896, t1) & (664, 189, 1832, t2=t1+(0, 4)) & (896, 1, 1832, t3=t2+(0, 3)) -> (1832, 189, 1832, t4=t3+(1, 4))	3	0
(3735, 190, 3025, t1) & (2220, 99, 3053, t2=t1+(0, 9)) & (3735, 147, 3053, t3=t2+(0, 4)) -> (3053, 190, 2220, t4=t3+(1, 7))	3	1
(1249, 91, 2003, t1) & (4256, 103, 867, t2=t1+(0, 2)) & (2003, 92, 867, t3=t2+(0, 5)) -> (867, 91, 4256, t4=t3+(1, 3))	3	2
(2800, 101, 347, t1) & (134, 116, 3935, t2=t1+(0, 7)) & (347, 106, 3935, t3=t2+(0, 3)) -> (347, 101, 134, t4=t3+(1, 1))	3	3
(2492, 28, 4898, t1) & (1925, 107, 1872, t2=t1+(0, 6)) & (1872, 147, 2492, t3=t2+(0, 9)) -> (2492, 147, 2492, t4=t3+(1, 3))	3	4
(3698, 190, 42, t1) & (1038, 153, 2712, t2=t1+(0, 5)) & (2712, 85, 3698, t3=t2+(0, 3)) -> (42, 85, 42, t4=t3+(1, 2))	3	5
(2087, 5, 3400, t1) & (2323, 101, 612, t2=t1+(0, 4)) & (612, 23, 3400, t3=t2+(0, 4)) -> (2323, 5, 2087, t4=t3+(1, 5))	3	6
(4521, 52, 2712, t1) & (964, 147, 4802, t2=t1+(0, 5)) & (4521, 13, 4802, t3=t2+(0, 6)) -> (2712, 52, 4802, t4=t3+(1, 6))	3	7
(4466, 102, 3733, t1) & (1458, 192, 3533, t2=t1+(0, 5)) & (3533, 166, 3733, t3=t2+(0, 6)) -> (3533, 166, 3533, t4=t3+(1, 2))	3	8
(3807, 25, 3500, t1) & (2137, 44, 4027, t2=t1+(0, 4)) & (2137, 8, 3500, t3=t2+(0, 9)) -> (3500, 44, 3500, t4=t3+(1, 6))	3	9
(2677, 180, 3162, t1) & (1372, 112, 152, t2=t1+(0, 9)) & (1372, 186, 3162, t3=t2+(0, 2)) -> (2677, 186, 152, t4=t3+(1, 11))	3	10
(2500, 30, 3450, t1) & (954, 26, 365, t2=t1+(0, 5)) & (954, 166, 3450, t3=t2+(0, 8)) -> (365, 166, 2500, t4=t3+(1, 8))	3	11
(520, 122, 4490, t1) & (920, 144, 3817, t2=t1+(0, 5)) & (520, 83, 920, t3=t2+(0, 5)) -> (920, 122, 4490, t4=t3+(1, 8))	3	12
(2651, 49, 2722, t1) & (4290, 38, 3496, t2=t1+(0, 3)) & (4290, 51, 2651, t3=t2+(0, 3)) -> (2722, 51, 4290, t4=t3+(1, 2))	3	13
(3058, 54, 4547, t1) & (2353, 185, 3645, t2=t1+(0, 7)) & (3645, 191, 3058, t3=t2+(0, 6)) -> (2353, 185, 3058, t4=t3+(1, 3))	3	14
(3892, 84, 279, t1) & (878, 46, 3989, t2=t1+(0, 7)) & (878, 155, 279, t3=t2+(0, 2)) -> (878, 46, 3989, t4=t3+(1, 3))	3	15
(1799, 79, 759, t1) & (2033, 99, 3478, t2=t1+(0, 4)) & (2033, 165, 759, t3=t2+(0, 7)) -> (2033, 79, 2033, t4=t3+(1, 6))	3	16
(714, 149, 4894, t1) & (3100, 186, 1433, t2=t1+(0, 4)) & (714, 151, 1433, t3=t2+(0, 4)) -> (1433, 149, 4894, t4=t3+(1, 3))	3	17
(1214, 7, 289, t1) & (205, 169, 849, t2=t1+(0, 6)) & (289, 110, 205, t3=t2+(0, 7)) -> (289, 169, 289, t4=t3+(1, 3))	3	18
(2635, 122, 192, t1) & (98, 171, 4526, t2=t1+(0, 4)) & (4526, 131, 2635, t3=t2+(0, 5)) -> (4526, 131, 4526, t4=t3+(1, 8))	3	19
(152, 148, 237, t1) & (3359, 146, 3557, t2=t1+(0, 4)) & (237, 16, 3557, t3=t2+(0, 4)) -> (237, 148, 152, t4=t3+(1, 3))	3	20
(4398, 18, 2739, t1) & (1158, 22, 2016, t2=t1+(0, 6)) & (4398, 161, 1158, t3=t2+(0, 5)) -> (1158, 161, 1158, t4=t3+(1, 1))	3	21
(336, 189, 545, t1) & (4263, 110, 1022, t2=t1+(0, 8)) & (336, 29, 4263, t3=t2+(0, 4)) -> (336, 29, 1022, t4=t3+(1, 6))	3	22
(1364, 13, 2958, t1) & (4796, 187, 4216, t2=t1+(0, 6)) & (1364, 180, 4216, t3=t2+(0, 8)) -> (2958, 180, 1364, t4=t3+(1, 1))	3	23
(837, 60, 2263, t1) & (4343, 129, 4756, t2=t1+(0, 4)) & (4756, 76, 837, t3=t2+(0, 7)) -> (4756, 76, 837, t4=t3+(1, 4))	3	24
(3792, 149, 2130, t1) & (1897, 147, 4967, t2=t1+(0, 4)) & (3792, 21, 4967, t3=t2+(0, 2)) -> (1897, 21, 3792, t4=t3+(1, 6))	3	25
(1745, 133, 51, t1) & (2162, 127, 1375, t2=t1+(0, 5)) & (2162, 64, 51, t3=t2+(0, 4)) -> (1745, 64, 2162, t4=t3+(1, 8))	3	26
(715, 33, 1335, t1) & (3301, 174, 2259, t2=t1+(0, 4)) & (715, 96, 2259, t3=t2+(0, 7)) -> (1335, 33, 1335, t4=t3+(1, 6))	3	27
(381, 100, 2715, t1) & (1837, 122, 4068, t2=t1+(0, 7)) & (4068, 188, 381, t3=t2+(0, 4)) -> (4068, 100, 381, t4=t3+(1, 9))	3	28
(3504, 152, 100, t1) & (3884, 133, 2546, t2=t1+(0, 4)) & (3504, 79, 3884, t3=t2+(0, 2)) -> (3504, 152, 100, t4=t3+(1, 7))	3	29
(3703, 56, 3849, t1) & (2327, 43, 55, t2=t1+(0, 2)) & (3703, 70, 2327, t3=t2+(0, 6)) -> (2327, 56, 3703, t4=t3+(1, 7))	3	30
(2047, 111, 1089, t1) & (3581, 53, 4154, t2=t1+(0, 8)) & (1089, 115, 4154, t3=t2+(0, 5)) -> (3581, 115, 3581, t4=t3+(1, 2))	3	31
(4449, 128, 3500, t1) & (2971, 51, 2617, t2=t1+(0, 2)) & (3500, 42, 2971, t3=t2+(0, 5)) -> (4449, 51, 4449, t4=t3+(1, 3))	3	32
(1138, 132, 2473, t1) & (2077, 181, 2843, t2=t1+(0, 5)) & (2843, 35, 1138, t3=t2+(0, 4)) -> (1138, 35, 1138, t4=t3+(1, 4))	3	33
(4081, 198, 4638, t1) & (2829, 31, 242, t2=t1+(0, 3)) & (4081, 164, 242, t3=t2+(0, 11)) -> (242, 31, 4081, t4=t3+(1, 5))	3	34
(639, 109, 704, t1) & (283, 45, 397, t2=t1+(0, 5)) & (397, 84, 704, t3=t2+(0, 7)) -> (704, 45, 283, t4=t3+(1, 1))	3	35
(3623, 17, 1989, t1) & (4205, 9, 4627, t2=t1+(0, 3)) & (3623, 82, 4627, t3=t2+(0, 7)) -> (4205, 9, 4205, t4=t3+(1, 8))	3	36
(2574, 108, 4002, t1) & (3619, 38, 3016, t2=t1+(0, 0)) & (4002, 130, 3619, t3=t2+(0, 9)) -> (3619, 38, 3619, t4=t3+(1, 1))	3	37
(2942, 136, 2744, t1) & (4327, 115, 3938, t2=t1+(0, 5)) & (2744, 72, 3938, t3=t2+(0, 4)) -> (2744, 115, 2744, t4=t3+(1, 11))	3	38
(1294, 175, 3095, t1) & (4458, 189, 3736, t2=t1+(0, 3)) & (3095, 175, 3736, t3=t2+(0, 5)) -> (3736, 175, 3095, t4=t3+(1, 3))	3	39
(4889, 178, 3588, t1) & (1077, 2, 1289, t2=t1+(0, 8)) & (1077, 44, 4889, t3=t2+(0, 3)) -> (1077, 178, 3588, t4=t3+(1, 2))	3	40
(257, 83, 1827, t1) & (3245, 74, 2714, t2=t1+(0, 7)) & (3245, 143, 1827, t3=t2+(0, 4)) -> (1827, 143, 2714, t4=t3+(1, 5))	3	41
(3954, 115, 1529, t1) & (4344, 62, 452, t2=t1+(0, 5)) & (4344, 185, 1529, t3=t2+(0, 5)) -> (4344, 185, 1529, t4=t3+(1, 3))	3	42
(3909, 80, 4980, t1) & (1412, 79, 4961, t2=t1+(0, 3)) & (4980, 95, 4961, t3=t2+(0, 6)) -> (4980, 95, 4980, t4=t3+(1, 6))	3	43
(1184, 199, 4327, t1) & (1303, 71, 612, t2=t1+(0, 4)) & (1184, 130, 612, t3=t2+(0, 5)) -> (1184, 199, 612, t4=t3+(1, 5))	3	44
(2300, 32, 483, t1) & (2670, 7, 2672, t2=t1+(0, 2)) & (483, 123, 2670, t3=t2+(0, 5)) -> (483, 32, 483, t4=t3+(1, 9))	3	45
(3485, 60, 1670, t1) & (4683, 73, 745, t2=t1+(0, 7)) & (3485, 84, 745, t3=t2+(0, 4)) -> (745, 84, 3485, t4=t3+(1, 3))	3	46
(3226, 134, 4342, t1) & (4155, 127, 2156, t2=t1+(0, 2)) & (4155, 189, 3226, t3=t2+(0, 10)) -> (2156, 189, 4342, t4=t3+(1, 8))	3	47
(4949, 149, 2362, t1) & (3238, 181, 2836, t2=t1+(0, 4)) & (2836, 10, 4949, t3=t2+(0, 3)) -> (3238, 10, 4949, t4=t3+(1, 6))	3	48
(1706, 80, 2293, t1) & (160, 31, 4050, t2=t1+(0, 5)) & (160, 190, 2293, t3=t2+(0, 5)) -> (2293, 190, 2293, t4=t3+(1, 4))	3	49
(3789, 42, 1758, t1) & (3789, 31, 1758, t2=t1+(0, 7)) -> (1758, 31, 1758, t3=t2+(1, 4))	2	50
(3853, 19, 4192, t1) & (315, 48, 3853, t2=t1+(0, 4)) -> (3853, 19, 3853, t3=t2+(1, 4))	2	51
(4873, 91, 1651, t1) & (4717, 72, 1651, t2=t1+(0, 6)) -> (4873, 91, 1651, t3=t2+(1, 13))	2	52
(4092, 29, 2835, t1) & (3716, 51, 2835, t2=t1+(0, 12)) -> (2835, 51, 2835, t3=t2+(1, 6))	2	53
(4170, 32, 2559, t1) & (2559, 143, 2559, t2=t1+(0, 3)) -> (4170, 143, 4170, t3=t2+(1, 4))	2	54
(4285, 178, 878, t1) & (878, 13, 878, t2=t1+(0, 4)) -> (878, 13, 878, t3=t2+(1, 5))	2	55
(2095, 191, 1654, t1) & (2095, 128, 2095, t2=t1+(0, 4)) -> (2095, 191, 2095, t3=t2+(1, 5))	2	56
(540, 142, 4085, t1) & (540, 27, 3239, t2=t1+(0, 2)) -> (4085, 27, 540, t3=t2+(1, 8))	2	57
(368, 188, 1269, t1) & (368, 129, 1269, t2=t1+(0, 6)) -> (1269, 188, 1269, t3=t2+(1, 5))	2	58
(4359, 20, 847, t1) & (847, 103, 4359, t2=t1+(0, 6)) -> (847, 103, 847, t3=t2+(1, 5))	2	59
(4596, 38, 1272, t1) & (1272, 67, 4829, t2=t1+(0, 8)) -> (4829, 38, 1272, t3=t2+(1, 6))	2	60
(4341, 88, 3242, t1) & (4341, 124, 1179, t2=t1+(0, 3)) -> (1179, 88, 3242, t3=t2+(1, 10))	2	61
(789, 196, 33, t1) & (33, 64, 2391, t2=t1+(0, 5)) -> (789, 64, 2391, t3=t2+(1, 6))	2	62
(1183, 161, 534, t1) & (534, 31, 534, t2=t1+(0, 5)) -> (1183, 31, 1183, t3=t2+(1, 2))	2	63
(963, 70, 2079, t1) & (963, 106, 2079, t2=t1+(0, 2)) -> (2079, 70, 963, t3=t2+(1, 7))	2	64
(1960, 6, 1639, t1) & (1960, 141, 1960, t2=t1+(0, 2)) -> (1960, 6, 1960, t3=t2+(1, 8))	2	65
(1337, 5, 4164, t1) & (4838, 153, 1337, t2=t1+(0, 7)) -> (4164, 153, 1337, t3=t2+(1, 3))	2	66
(2547, 138, 227, t1) & (2547, 184, 2547, t2=t1+(0, 2)) -> (2547, 138, 2547, t3=t2+(1, 3))	2	67
(4302, 197, 10, t1) & (10, 94, 4302, t2=t1+(0, 4)) -> (4302, 197, 4302, t3=t2+(1, 5))	2	68
(3782, 64, 821, t1) & (3604, 167, 3782, t2=t1+(0, 2)) -> (3782, 167, 821, t3=t2+(1, 1))	2	69
(3298, 27, 1075, t1) & (2679, 137, 3298, t2=t1+(0, 8)) -> (3298, 137, 1075, t3=t2+(1, 1))	2	70
(4243, 42, 3315, t1) & (3315, 49, 4243, t2=t1+(0, 9)) -> (4243, 42, 4243, t3=t2+(1, 6))	2	71
(2794, 53, 2907, t1) & (2794, 154, 2907, t2=t1+(0, 3)) -> (2907, 53, 2794, t3=t2+(1, 3))	2	72
(1088, 4, 464, t1) & (464, 87, 952, t2=t1+(0, 6)) -> (464, 87, 464, t3=t2+(1, 5))	2	73
(918, 198, 3942, t1) & (918, 141, 3942, t2=t1+(0, 6)) -> (3942, 141, 918, t3=t2+(1, 5))	2	74
(2236, 19, 3695, t1) & (2236, 45, 2236, t2=t1+(0, 4)) -> (2236, 45, 2236, t3=t2+(1, 5))	2	75
(672, 182, 3647, t1) & (672, 155, 2631, t2=t1+(0, 8)) -> (672, 155, 672, t3=t2+(1, 5))	2	76
(2880, 129, 2149, t1) & (1667, 121, 2149, t2=t1+(0, 2)) -> (2880, 129, 2149, t3=t2+(1, 4))	2	77
(1540, 178, 4229, t1) & (4229, 96, 1179, t2=t1+(0, 5)) -> (1179, 178, 4229, t3=t2+(1, 4))	2	78
(85, 11, 4465, t1) & (85, 80, 495, t2=t1+(0, 6)) -> (4465, 11, 85, t3=t2+(1, 5))	2	79
(4016, 87, 3390, t1) & (900, 150, 4016, t2=t1+(0, 0)) -> (4016, 150, 900, t3=t2+(1, 1))	2	80
(3800, 96, 3758, t1) & (3800, 6, 3800, t2=t1+(0, 7)) -> (3800, 6, 3800, t3=t2+(1, 3))	2	81
(4555, 10, 4154, t1) & (4154, 113, 1918, t2=t1+(0, 2)) -> (1918, 10, 1918, t3=t2+(1, 8))	2	82
(969, 182, 3209, t1) & (4684, 89, 969, t2=t1+(0, 4)) -> (4684, 182, 969, t3=t2+(1, 3))	2	83
(223, 76, 1439, t1) & (1053, 145, 223, t2=t1+(0, 3)) -> (223, 145, 1439, t3=t2+(1, 7))	2	84
(4257, 106, 3520, t1) & (3520, 92, 1734, t2=t1+(0, 4)) -> (4257, 106, 1734, t3=t2+(1, 5))	2	85
(1814, 72, 4498, t1) & (1068, 149, 1814, t2=t1+(0, 3)) -> (1814, 149, 1814, t3=t2+(1, 6))	2	86
(3528, 101, 955, t1) & (3528, 76, 2980, t2=t1+(0, 6)) -> (3528, 101, 3528, t3=t2+(1, 8))	2	87
(1089, 156, 4731, t1) & (4731, 122, 1089, t2=t1+(0, 5)) -> (4731, 122, 1089, t3=t2+(1, 5))	2	88
(1439, 84, 595, t1) & (924, 164, 595, t2=t1+(0, 6)) -> (924, 164, 595, t3=t2+(1, 4))	2	89
(3821, 24, 696, t1) & (3600, 21, 3821, t2=t1+(0, 5)) -> (3821, 24, 696, t3=t2+(1, 3))	2	90
(187, 113, 3072, t1) & (3072, 65, 2125, t2=t1+(0, 7)) -> (3072, 65, 3072, t3=t2+(1, 4))	2	91
(3305, 99, 1613, t1) & (517, 84, 3305, t2=t1+(0, 7)) -> (3305, 84, 3305, t3=t2+(1, 7))	2	92
(1628, 17, 3220, t1) & (1628, 33, 1075, t2=t1+(0, 5)) -> (1075, 33, 1075, t3=t2+(1, 5))	2	93
(622, 37, 4000, t1) & (4000, 1, 622, t2=t1+(0, 3)) -> (4000, 1, 622, t3=t2+(1, 2))	2	94
(2693, 126, 3069, t1) & (2693, 87, 1557, t2=t1+(0, 10)) -> (3069, 126, 1557, t3=t2+(1, 8))	2	95
(415, 104, 4686, t1) & (2447, 26, 4686, t2=t1+(0, 4)) -> (4686, 26, 4686, t3=t2+(1, 8))	2	96
(1592, 112, 2943, t1) & (2943, 76, 2943, t2=t1+(0, 5)) -> (2943, 76, 2943, t3=t2+(1, 6))	2	97
(1868, 25, 3193, t1) & (1868, 132, 3193, t2=t1+(0, 3)) -> (1868, 25, 3193, t3=t2+(1, 4))	2	98
(2170, 24, 3591, t1) & (3591, 93, 4465, t2=t1+(0, 2)) -> (4465, 93, 3591, t3=t2+(1, 5))	2	99
(4645, 74, 1856, t1) & (1856, 3, 2549, t2=t1+(0, 7)) -> (4645, 74, 1856, t3=t2+(1, 3))	2	100
(452, 129, 1790, t1) & (1790, 26, 1859, t2=t1+(0, 5)) -> (1790, 26, 452, t3=t2+(1, 7))	2	101
(475, 25, 4563, t1) & (4563, 55, 3500, t2=t1+(0, 5)) -> (475, 55, 4563, t3=t2+(1, 5))	2	102
(3382, 78, 2123, t1) & (2123, 130, 3920, t2=t1+(0, 8)) -> (3920, 78, 2123, t3=t2+(1, 6))	2	103
(512, 65, 3216, t1) & (512, 64, 3216, t2=t1+(0, 3)) -> (512, 64, 3216, t3=t2+(1, 4))	2	104
(905, 131, 2305, t1) & (2305, 147, 905, t2=t1+(0, 4)) -> (905, 131, 2305, t3=t2+(1, 2))	2	105
(3208, 193, 1718, t1) & (1718, 101, 3979, t2=t1+(0, 5)) -> (1718, 193, 3208, t3=t2+(1, 3))	2	106
(427, 114, 4199, t1) & (4557, 90, 427, t2=t1+(0, 7)) -> (427, 114, 4199, t3=t2+(1, 5))	2	107
(907, 170, 2583, t1) & (2583, 38, 3919, t2=t1+(0, 5)) -> (2583, 38, 2583, t3=t2+(1, 5))	2	108
(1789, 130, 1960, t1) & (1789, 177, 1960, t2=t1+(0, 3)) -> (1960, 177, 1960, t3=t2+(1, 8))	2	109
(2625, 82, 699, t1) & (699, 100, 2625, t2=t1+(0, 7)) -> (2625, 82, 2625, t3=t2+(1, 7))	2	110
(3516, 171, 3476, t1) & (3476, 14, 3476, t2=t1+(0, 7)) -> (3476, 14, 3476, t3=t2+(1, 7))	2	111
(649, 60, 3634, t1) & (649, 57, 649, t2=t1+(0, 4)) -> (649, 57, 649, t3=t2+(1, 6))	2	112
(1544, 76, 2757, t1) & (2757, 86, 3853, t2=t1+(0, 5)) -> (3853, 76, 2757, t3=t2+(1, 6))	2	113
(2863, 89, 2904, t1) & (1485, 51, 2904, t2=t1+(0, 1)) -> (2863, 51, 2863, t3=t2+(1, 3))	2	114
(638, 17, 2803, t1) & (211, 53, 638, t2=t1+(0, 5)) -> (638, 53, 211, t3=t2+(1, 4))	2	115
(2232, 90, 3995, t1) & (2995, 79, 2232, t2=t1+(0, 9)) -> (3995, 79, 2232, t3=t2+(1, 6))	2	116
(4890, 95, 2319, t1) & (456, 36, 4890, t2=t1+(0, 8)) -> (4890, 36, 456, t3=t2+(1, 8))	2	117
(577, 40, 2969, t1) & (2969, 16, 643, t2=t1+(0, 8)) -> (643, 40, 643, t3=t2+(1, 5))	2	118
(3509, 13, 432, t1) & (432, 131, 2728, t2=t1+(0, 5)) -> (3509, 131, 432, t3=t2+(1, 5))	2	119
(3810, 198, 741, t1) & (741, 63, 2744, t2=t1+(0, 4)) -> (3810, 63, 2744, t3=t2+(1, 6))	2	120
(4428, 17, 168, t1) & (168, 67, 168, t2=t1+(0, 4)) -> (168, 17, 168, t3=t2+(1, 4))	2	121
(717, 31, 1629, t1) & (1629, 7, 717, t2=t1+(0, 7)) -> (1629, 7, 1629, t3=t2+(1, 2))	2	122
(4724, 139, 2050, t1) & (2050, 149, 4724, t2=t1+(0, 7)) -> (2050, 139, 2050, t3=t2+(1, 8))	2	123
(79, 157, 889, t1) & (79, 102, 4222, t2=t1+(0, 6)) -> (79, 102, 79, t3=t2+(1, 4))	2	124
(150, 135, 2423, t1) & (2423, 4, 150, t2=t1+(0, 3)) -> (150, 4, 150, t3=t2+(1, 3))	2	125
(3024, 92, 3780, t1) & (3024, 120, 832, t2=t1+(0, 2)) -> (832, 120, 832, t3=t2+(1, 6))	2	126
(4393, 162, 858, t1) & (4393, 150, 2172, t2=t1+(0, 3)) -> (4393, 150, 4393, t3=t2+(1, 9))	2	127
(4219, 10, 399, t1) & (4219, 27, 4219, t2=t1+(0, 5)) -> (4219, 27, 4219, t3=t2+(1, 7))	2	128
(3600, 21, 3938, t1) & (3938, 77, 4561, t2=t1+(0, 6)) -> (3600, 77, 3938, t3=t2+(1, 3))	2	129
(197, 86, 2657, t1) & (197, 179, 3543, t2=t1+(0, 3)) -> (2657, 86, 197, t3=t2+(1, 6))	2	130
(4731, 1, 3636, t1) & (4731, 21, 3636, t2=t1+(0, 3)) -> (3636, 1, 3636, t3=t2+(1, 8))	2	131
(2772, 94, 358, t1) & (358, 45, 3970, t2=t1+(0, 5)) -> (2772, 45, 358, t3=t2+(1, 7))	2	132
(2762, 2, 4071, t1) & (1652, 135, 2762, t2=t1+(0, 6)) -> (2762, 135, 2762, t3=t2+(1, 3))	2	133
(4855, 129, 1882, t1) & (1882, 58, 4642, t2=t1+(0, 4)) -> (4855, 58, 4642, t3=t2+(1, 7))	2	134
(1016, 101, 1281, t1) & (1281, 61, 1016, t2=t1+(0, 8)) -> (1016, 61, 1281, t3=t2+(1, 6))	2	135
(887, 176, 4732, t1) & (887, 66, 887, t2=t1+(0, 8)) -> (887, 176, 887, t3=t2+(1, 5))	2	136
(2792, 14, 2670, t1) & (505, 20, 2792, t2=t1+(0, 4)) -> (2670, 14, 2792, t3=t2+(1, 3))	2	137
(520, 19, 223, t1) & (520, 55, 223, t2=t1+(0, 6)) -> (520, 55, 520, t3=t2+(1, 4))	2	138
(2750, 55, 1223, t1) & (4470, 72, 2750, t2=t1+(0, 4)) -> (4470, 55, 2750, t3=t2+(1, 9))	2	139
(2203, 114, 3859, t1) & (3859, 37, 2203, t2=t1+(0, 5)) -> (3859, 114, 3859, t3=t2+(1, 6))	2	140
(1093, 174, 1530, t1) & (2087, 107, 1530, t2=t1+(0, 6)) -> (1093, 174, 2087, t3=t2+(1, 2))	2	141
(312, 32, 4819, t1) & (4819, 92, 2610, t2=t1+(0, 4)) -> (4819, 92, 312, t3=t2+(1, 5))	2	142
(2756, 58, 2972, t1) & (845, 88, 2972, t2=t1+(0, 6)) -> (2972, 58, 2972, t3=t2+(1, 9))	2	143
(4475, 3, 1917, t1) & (4475, 192, 2574, t2=t1+(0, 5)) -> (4475, 3, 4475, t3=t2+(1, 7))	2	144
(2774, 51, 1772, t1) & (1772, 90, 3084, t2=t1+(0, 10)) -> (3084, 51, 2774, t3=t2+(1, 4))	2	145
(4617, 186, 1549, t1) & (4617, 184, 1549, t2=t1+(0, 8)) -> (1549, 186, 4617, t3=t2+(1, 3))	2	146
(2536, 21, 1891, t1) & (1891, 24, 2536, t2=t1+(0, 6)) -> (1891, 21, 1891, t3=t2+(1, 1))	2	147
(1203, 74, 310, t1) & (310, 150, 2199, t2=t1+(0, 7)) -> (2199, 74, 1203, t3=t2+(1, 6))	2	148
(722, 102, 2442, t1) & (722, 190, 722, t2=t1+(0, 5)) -> (722, 102, 2442, t3=t2+(1, 7))	2	149
(4620, 118, 2783, t1) -> (2783, 118, 2783, t2=t1+(1, 1))	1	150
(2361, 66, 97, t1) -> (2361, 66, 2361, t2=t1+(1, 4))	1	151
(2526, 58, 1933, t1) -> (2526, 58, 2526, t2=t1+(1, 6))	1	152
(1931, 89, 4172, t1) -> (4172, 89, 4172, t2=t1+(1, 9))	1	153
(1001, 153, 2950, t1) -> (1001, 153, 1001, t2=t1+(1, 5))	1	154
(3441, 6, 2623, t1) -> (2623, 6, 2623, t2=t1+(1, 3))	1	155
(2527, 9, 345, t1) -> (345, 9, 345, t2=t1+(1, 3))	1	156
(3499, 84, 3719, t1) -> (3719, 84, 3499, t2=t1+(1, 7))	1	157
(707, 64, 4588, t1) -> (4588, 64, 707, t2=t1+(1, 6))	1	158
(3911, 48, 3962, t1) -> (3962, 48, 3911, t2=t1+(1, 6))	1	159
(953, 57, 4516, t1) -> (953, 57, 4516, t2=t1+(1, 2))	1	160
(555, 163, 3112, t1) -> (555, 163, 3112, t2=t1+(1, 7))	1	161
(3292, 170, 349, t1) -> (3292, 170, 349, t2=t1+(1, 3))	1	162
(3479, 148, 1298, t1) -> (1298, 148, 3479, t2=t1+(1, 7))	1	163
(1461, 154, 4, t1) -> (1461, 154, 4, t2=t1+(1, 4))	1	164
(1408, 135, 610, t1) -> (1408, 135, 1408, t2=t1+(1, 7))	1	165
(4544, 83, 1227, t1) -> (4544, 83, 4544, t2=t1+(1, 11))	1	166
(2806, 135, 2235, t1) -> (2806, 135, 2235, t2=t1+(1, 2))	1	167
(2445, 88, 63, t1) -> (63, 88, 2445, t2=t1+(1, 3))	1	168
(3995, 72, 1806, t1) -> (3995, 72, 3995, t2=t1+(1, 5))	1	169
(241, 118, 4428, t1) -> (241, 118, 4428, t2=t1+(1, 5))	1	170
(4990, 0, 3421, t1) -> (3421, 0, 4990, t2=t1+(1, 4))	1	171
(3342, 126, 99, t1) -> (99, 126, 99, t2=t1+(1, 4))	1	172
(4639, 30, 217, t1) -> (217, 30, 4639, t2=t1+(1, 4))	1	173
(2871, 187, 4713, t1) -> (2871, 187, 2871, t2=t1+(1, 4))	1	174
(2020, 115, 737, t1) -> (737, 115, 2020, t2=t1+(1, 4))	1	175
(4780, 188, 1087, t1) -> (1087, 188, 1087, t2=t1+(1, 7))	1	176
(4012, 112, 2951, t1) -> (4012, 112, 2951, t2=t1+(1, 10))	1	177
(2066, 35, 2973, t1) -> (2066, 35, 2066, t2=t1+(1, 3))	1	178
(1216, 37, 2367, t1) -> (1216, 37, 2367, t2=t1+(1, 6))	1	179
(1344, 138, 4747, t1) -> (1344, 138, 1344, t2=t1+(1, 7))	1	180
(4946, 115, 4300, t1) -> (4946, 115, 4946, t2=t1+(1, 3))	1	181
(1642, 148, 2117, t1) -> (1642, 148, 2117, t2=t1+(1, 4))	1	182
(3919, 40, 2160, t1) -> (3919, 40, 2160, t2=t1+(1, 5))	1	183
(2913, 185, 4901, t1) -> (2913, 185, 2913, t2=t1+(1, 4))	1	184
(3108, 12, 3418, t1) -> (3418, 12, 3418, t2=t1+(1, 4))	1	185
(1732, 111, 1242, t1) -> (1732, 111, 1242, t2=t1+(1, 5))	1	186
(2887, 112, 1434, t1) -> (2887, 112, 1434, t2=t1+(1, 6))	1	187
(1457, 0, 2541, t1) -> (1457, 0, 1457, t2=t1+(1, 5))	1	188
(1688, 39, 3240, t1) -> (3240, 39, 3240, t2=t1+(1, 6))	1	189
(2790, 199, 4863, t1) -> (2790, 199, 4863, t2=t1+(1, 4))	1	190
(4353, 4, 3241, t1) -> (4353, 4, 4353, t2=t1+(1, 5))	1	191
(1445, 198, 175, t1) -> (1445, 198, 1445, t2=t1+(1, 8))	1	192
(3620, 178, 1412, t1) -> (1412, 178, 3620, t2=t1+(1, 7))	1	193
(279, 182, 4959, t1) -> (279, 182, 4959, t2=t1+(1, 1))	1	194
(3047, 61, 506, t1) -> (506, 61, 506, t2=t1+(1, 3))	1	195
(3706, 69, 2446, t1) -> (3706, 69, 2446, t2=t1+(1, 4))	1	196
(3007, 182, 848, t1) -> (848, 182, 3007, t2=t1+(1, 5))	1	197
(3792, 193, 1878, t1) -> (1878, 193, 3792, t2=t1+(1, 5))	1	198
(958, 58, 4568, t1) -> (958, 58, 958, t2=t1+(1, 2))	1	199
(1097, 3, 3688, t1) -> (1097, 3, 3688, t2=t1+(1, 5))	1	200
(3821, 58, 4665, t1) -> (4665, 58, 3821, t2=t1+(1, 5))	1	201
(2218, 31, 478, t1) -> (2218, 31, 2218, t2=t1+(1, 3))	1	202
(1954, 50, 2208, t1) -> (1954, 50, 1954, t2=t1+(1, 5))	1	203
(2013, 54, 3595, t1) -> (3595, 54, 3595, t2=t1+(1, 5))	1	204
(3464, 64, 2990, t1) -> (3464, 64, 3464, t2=t1+(1, 3))	1	205
(2566, 95, 4057, t1) -> (4057, 95, 4057, t2=t1+(1, 5))	1	206
(2869, 186, 3876, t1) -> (2869, 186, 3876, t2=t1+(1, 1))	1	207
(1251, 12, 3083, t1) -> (1251, 12, 3083, t2=t1+(1, 5))	1	208
(167, 189, 164, t1) -> (164, 189, 167, t2=t1+(1, 3))	1	209
(3265, 60, 872, t1) -> (872, 60, 3265, t2=t1+(1, 4))	1	210
(1978, 119, 837, t1) -> (837, 119, 837, t2=t1+(1, 5))	1	211
(2677, 194, 910, t1) -> (2677, 194, 2677, t2=t1+(1, 4))	1	212
(687, 63, 474, t1) -> (687, 63, 687, t2=t1+(1, 3))	1	213
(2555, 128, 486, t1) -> (486, 128, 486, t2=t1+(1, 4))	1	214
(4152, 49, 2243, t1) -> (4152, 49, 2243, t2=t1+(1, 5))	1	215
(1624, 169, 4258, t1) -> (1624, 169, 1624, t2=t1+(1, 6))	1	216
(601, 162, 3188, t1) -> (601, 162, 601, t2=t1+(1, 4))	1	217
(389, 3, 754, t1) -> (389, 3, 754, t2=t1+(1, 2))	1	218
(3681, 12, 3596, t1) -> (3681, 12, 3596, t2=t1+(1, 6))	1	219
(2265, 120, 2010, t1) -> (2265, 120, 2265, t2=t1+(1, 11))	1	220
(2208, 56, 1388, t1) -> (1388, 56, 2208, t2=t1+(1, 9))	1	221
(4546, 5, 3637, t1) -> (3637, 5, 3637, t2=t1+(1, 2))	1	222
(1052, 8, 1064, t1) -> (1052, 8, 1052, t2=t1+(1, 5))	1	223
(269, 118, 1273, t1) -> (269, 118, 1273, t2=t1+(1, 6))	1	224
(3795, 3, 903, t1) -> (3795, 3, 903, t2=t1+(1, 4))	1	225
(3827, 20, 1722, t1) -> (1722, 20, 3827, t2=t1+(1, 2))	1	226
(4630, 29, 2949, t1) -> (4630, 29, 2949, t2=t1+(1, 6))	1	227
(3841, 172, 2356, t1) -> (2356, 172, 3841, t2=t1+(1, 6))	1	228
(2202, 182, 1471, t1) -> (2202, 182, 1471, t2=t1+(1, 4))	1	229
(4749, 26, 4089, t1) -> (4089, 26, 4089, t2=t1+(1, 5))	1	230
(2279, 12, 3444, t1) -> (3444, 12, 2279, t2=t1+(1, 6))	1	231
(4914, 92, 4197, t1) -> (4197, 92, 4914, t2=t1+(1, 8))	1	232
(3295, 191, 329, t1) -> (329, 191, 3295, t2=t1+(1, 6))	1	233
(1677, 113, 2288, t1) -> (2288, 113, 1677, t2=t1+(1, 5))	1	234
(3683, 120, 275, t1) -> (275, 120, 3683, t2=t1+(1, 8))	1	235
(3834, 38, 3276, t1) -> (3276, 38, 3276, t2=t1+(1, 3))	1	236
(964, 84, 1481, t1) -> (964, 84, 1481, t2=t1+(1, 5))	1	237
(2809, 140, 203, t1) -> (203, 140, 2809, t2=t1+(1, 3))	1	238
(2244, 177, 1308, t1) -> (1308, 177, 1308, t2=t1+(1, 5))	1	239
(4651, 116, 604, t1) -> (604, 116, 604, t2=t1+(1, 2))	1	240
(1448, 18, 2893, t1) -> (1448, 18, 2893, t2=t1+(1, 8))	1	241
(1354, 27, 3114, t1) -> (3114, 27, 1354, t2=t1+(1, 4))	1	242
(3614, 187, 3904, t1) -> (3614, 187, 3614, t2=t1+(1, 8))	1	243
(2761, 11, 970, t1) -> (2761, 11, 970, t2=t1+(1, 2))	1	244
(208, 185, 4426, t1) -> (208, 185, 4426, t2=t1+(1, 1))	1	245
(383, 60, 2461, t1) -> (383, 60, 2461, t2=t1+(1, 6))	1	246
(4805, 126, 140, t1) -> (140, 126, 4805, t2=t1+(1, 7))	1	247
(3491, 69, 2637, t1) -> (2637, 69, 2637, t2=t1+(1, 3))	1	248
(1197, 134, 929, t1) -> (929, 134, 929, t2=t1+(1, 5))	1	249
(2457, 109, 4994, t1) -> (4994, 109, 2457, t2=t1+(1, 5))	1	250
(410, 143, 3295, t1) -> (3295, 143, 410, t2=t1+(1, 5))	1	251
(3852, 52, 1259, t1) -> (1259, 52, 3852, t2=t1+(1, 10))	1	252
(3608, 150, 2116, t1) -> (3608, 150, 2116, t2=t1+(1, 2))	1	253
(4243, 125, 2344, t1) -> (2344, 125, 4243, t2=t1+(1, 4))	1	254
(1839, 53, 45, t1) -> (45, 53, 45, t2=t1+(1, 11))	1	255
(3755, 151, 401, t1) -> (401, 151, 401, t2=t1+(1, 1))	1	256
(3823, 101, 3680, t1) -> (3823, 101, 3823, t2=t1+(1, 1))	1	257
(4002, 88, 1062, t1) -> (1062, 88, 1062, t2=t1+(1, 2))	1	258
(257, 164, 1964, t1) -> (1964, 164, 257, t2=t1+(1, 6))	1	259
(3258, 118, 968, t1) -> (968, 118, 968, t2=t1+(1, 4))	1	260
(2559, 158, 1795, t1) -> (2559, 158, 1795, t2=t1+(1, 2))	1	261
(3312, 35, 3899, t1) -> (3899, 35, 3312, t2=t1+(1, 2))	1	262
(1713, 66, 3424, t1) -> (1713, 66, 1713, t2=t1+(1, 6))	1	263
(861, 97, 1901, t1) -> (861, 97, 1901, t2=t1+(1, 6))	1	264
(3456, 131, 3067, t1) -> (3456, 131, 3067, t2=t1+(1, 8))	1	265
(326, 176, 2861, t1) -> (326, 176, 326, t2=t1+(1, 1))	1	266
(3550, 66, 1411, t1) -> (3550, 66, 1411, t2=t1+(1, 2))	1	267
(982, 89, 4850, t1) -> (982, 89, 4850, t2=t1+(1, 4))	1	268
(1077, 147, 768, t1) -> (768, 147, 1077, t2=t1+(1, 4))	1	269
(2105, 135, 3004, t1) -> (3004, 135, 3004, t2=t1+(1, 10))	1	270
(2631, 34, 2414, t1) -> (2414, 34, 2631, t2=t1+(1, 2))	1	271
(3934, 66, 291, t1) -> (291, 66, 3934, t2=t1+(1, 6))	1	272
(2646, 76, 2507, t1) -> (2646, 76, 2646, t2=t1+(1, 7))	1	273
(3339, 73, 3159, t1) -> (3339, 73, 3339, t2=t1+(1, 4))	1	274
(2223, 60, 2711, t1) -> (2711, 60, 2711, t2=t1+(1, 7))	1	275
(3440, 2, 2169, t1) -> (3440, 2, 2169, t2=t1+(1, 3))	1	276
(1967, 145, 4702, t1) -> (1967, 145, 4702, t2=t1+(1, 8))	1	277
(1421, 158, 3119, t1) -> (3119, 158, 3119, t2=t1+(1, 2))	1	278
(382, 135, 4165, t1) -> (4165, 135, 382, t2=t1+(1, 8))	1	279
(4925, 125, 1787, t1) -> (4925, 125, 4925, t2=t1+(1, 3))	1	280
(1545, 183, 2932, t1) -> (1545, 183, 2932, t2=t1+(1, 9))	1	281
(4570, 11, 3192, t1) -> (4570, 11, 4570, t2=t1+(1, 4))	1	282
(1631, 108, 3898, t1) -> (1631, 108, 1631, t2=t1+(1, 9))	1	283
(1875, 27, 434, t1) -> (434, 27, 434, t2=t1+(1, 4))	1	284
(2525, 90, 63, t1) -> (63, 90, 2525, t2=t1+(1, 4))	1	285
(71, 9, 1923, t1) -> (1923, 9, 1923, t2=t1+(1, 3))	1	286
(1425, 1, 1474, t1) -> (1425, 1, 1474, t2=t1+(1, 3))	1	287
(1740, 95, 3215, t1) -> (3215, 95, 1740, t2=t1+(1, 1))	1	288
(1930, 91, 2882, t1) -> (2882, 91, 1930, t2=t1+(1, 4))	1	289
(172, 24, 3120, t1) -> (172, 24, 3120, t2=t1+(1, 7))	1	290
(5, 52, 2983, t1) -> (2983, 52, 2983, t2=t1+(1, 6))	1	291
(2789, 142, 1318, t1) -> (1318, 142, 2789, t2=t1+(1, 6))	1	292
(2595, 24, 275, t1) -> (2595, 24, 2595, t2=t1+(1, 3))	1	293
(3625, 13, 2322, t1) -> (2322, 13, 3625, t2=t1+(1, 3))	1	294
(969, 199, 2862, t1) -> (969, 199, 969, t2=t1+(1, 11))	1	295
(2336, 194, 4182, t1) -> (4182, 194, 2336, t2=t1+(1, 2))	1	296
(4924, 99, 3594, t1) -> (3594, 99, 4924, t2=t1+(1, 5))	1	297
(4198, 140, 1201, t1) -> (1201, 140, 4198, t2=t1+(1, 7))	1	298
(2877, 171, 1700, t1) -> (2877, 171, 1700, t2=t1+(1, 7))	1	299
(4021, 111, 4227, t1) -> (4021, 111, 4227, t2=t1+(1, 2))	1	300
(1330, 159, 4119, t1) -> (4119, 159, 1330, t2=t1+(1, 8))	1	301
(2663, 12, 3233, t1) -> (2663, 12, 2663, t2=t1+(1, 7))	1	302
(3403, 181, 4549, t1) -> (4549, 181, 3403, t2=t1+(1, 8))	1	303
(3443, 183, 3647, t1) -> (3647, 183, 3443, t2=t1+(1, 4))	1	304
(3733, 181, 3707, t1) -> (3707, 181, 3707, t2=t1+(1, 6))	1	305
(2378, 153, 3058, t1) -> (3058, 153, 2378, t2=t1+(1, 4))	1	306
(4201, 167, 2529, t1) -> (2529, 167, 4201, t2=t1+(1, 2))	1	307
(1040, 92, 1465, t1) -> (1040, 92, 1040, t2=t1+(1, 4))	1	308
(2410, 55, 2413, t1) -> (2413, 55, 2410, t2=t1+(1, 4))	1	309
(242, 134, 4732, t1) -> (242, 134, 4732, t2=t1+(1, 3))	1	310
(552, 178, 3808, t1) -> (3808, 178, 3808, t2=t1+(1, 2))	1	311
(2684, 149, 1788, t1) -> (1788, 149, 2684, t2=t1+(1, 4))	1	312
(223, 82, 2742, t1) -> (223, 82, 223, t2=t1+(1, 6))	1	313
(862, 13, 2543, t1) -> (2543, 13, 862, t2=t1+(1, 4))	1	314
(4071, 84, 212, t1) -> (4071, 84, 212, t2=t1+(1, 3))	1	315
(3436, 110, 1295, t1) -> (3436, 110, 1295, t2=t1+(1, 4))	1	316
(2103, 23, 4316, t1) -> (2103, 23, 2103, t2=t1+(1, 1))	1	317
(777, 33, 36, t1) -> (36, 33, 36, t2=t1+(1, 9))	1	318
(1824, 88, 708, t1) -> (708, 88, 708, t2=t1+(1, 4))	1	319
(1248, 53, 3194, t1) -> (3194, 53, 3194, t2=t1+(1, 5))	1	320
(3219, 39, 2085, t1) -> (3219, 39, 3219, t2=t1+(1, 1))	1	321
(897, 139, 3594, t1) -> (897, 139, 3594, t2=t1+(1, 6))	1	322
(2208, 57, 1155, t1) -> (2208, 57, 1155, t2=t1+(1, 1))	1	323
(1546, 131, 1688, t1) -> (1688, 131, 1688, t2=t1+(1, 5))	1	324
(3911, 134, 4399, t1) -> (4399, 134, 3911, t2=t1+(1, 5))	1	325
(1257, 49, 2167, t1) -> (1257, 49, 1257, t2=t1+(1, 6))	1	326
(4893, 26, 2829, t1) -> (4893, 26, 4893, t2=t1+(1, 7))	1	327
(1928, 189, 1457, t1) -> (1457, 189, 1457, t2=t1+(1, 7))	1	328
(4069, 3, 189, t1) -> (189, 3, 4069, t2=t1+(1, 1))	1	329
(2271, 146, 3807, t1) -> (3807, 146, 3807, t2=t1+(1, 3))	1	330
(3792, 177, 2822, t1) -> (3792, 177, 2822, t2=t1+(1, 5))	1	331
(3128, 138, 2803, t1) -> (2803, 138, 3128, t2=t1+(1, 4))	1	332
(1668, 41, 2786, t1) -> (1668, 41, 2786, t2=t1+(1, 2))	1	333
(2376, 106, 2893, t1) -> (2376, 106, 2376, t2=t1+(1, 6))	1	334
(1272, 61, 2644, t1) -> (2644, 61, 2644, t2=t1+(1, 8))	1	335
(2816, 151, 2541, t1) -> (2541, 151, 2541, t2=t1+(1, 2))	1	336
(4846, 194, 3251, t1) -> (4846, 194, 4846, t2=t1+(1, 5))	1	337
(3770, 198, 2871, t1) -> (2871, 198, 2871, t2=t1+(1, 3))	1	338
(2670, 146, 4764, t1) -> (4764, 146, 2670, t2=t1+(1, 4))	1	339
(1120, 74, 4677, t1) -> (1120, 74, 4677, t2=t1+(1, 5))	1	340
(1654, 182, 2802, t1) -> (2802, 182, 2802, t2=t1+(1, 6))	1	341
(393, 154, 507, t1) -> (507, 154, 393, t2=t1+(1, 2))	1	342
(4358, 37, 639, t1) -> (4358, 37, 4358, t2=t1+(1, 1))	1	343
(790, 78, 1188, t1) -> (1188, 78, 790, t2=t1+(1, 4))	1	344
(3862, 147, 2358, t1) -> (3862, 147, 3862, t2=t1+(1, 6))	1	345
(3006, 17, 336, t1) -> (336, 17, 3006, t2=t1+(1, 4))	1	346
(2515, 65, 1516, t1) -> (1516, 65, 2515, t2=t1+(1, 7))	1	347
(4897, 11, 2025, t1) -> (4897, 11, 4897, t2=t1+(1, 3))	1	348
(1503, 52, 2104, t1) -> (2104, 52, 2104, t2=t1+(1, 5))	1	349
