(1256, 67, 2612, t1) & (1092, 108, 4226, t2=t1+(0, 2)) & (4226, 141, 1256, t3=t2+(0, 1)) -> (1256, 141, 1256, t4=t3+(1, 7))	3	0
(3830, 117, 965, t1) & (3930, 196, 2407, t2=t1+(0, 4)) & (3930, 32, 3830, t3=t2+(0, 6)) -> (2407, 117, 3930, t4=t3+(1, 6))	3	1
(1737, 84, 2274, t1) & (2309, 4, 3509, t2=t1+(0, 4)) & (1737, 73, 3509, t3=t2+(0, 5)) -> (1737, 4, 2309, t4=t3+(1, 3))	3	2
(414, 83, 875, t1) & (1650, 6, 494, t2=t1+(0, 6)) & (414, 111, 494, t3=t2+(0, 4)) -> (494, 83, 414, t4=t3+(1, 3))	3	3
(263, 188, 4611, t1) & (1235, 85, 4362, t2=t1+(0, 4)) & (263, 107, 4362, t3=t2+(0, 4)) -> (4611, 85, 4611, t4=t3+(1, 5))	3	4
(4911, 93, 1238, t1) & (410, 108, 2243, t2=t1+(0, 8)) & (4911, 68, 2243, t3=t2+(0, 2)) -> (410, 93, 2243, t4=t3+(1, 7))	3	5
(1901, 174, 3080, t1) & (2561, 154, 4976, t2=t1+(0, 4)) & (3080, 128, 2561, t3=t2+(0, 3)) -> (3080, 154, 2561, t4=t3+(1, 6))	3	6
(747, 26, 3014, t1) & (3147, 69, 379, t2=t1+(0, 3)) & (3014, 160, 3147, t3=t2+(0, 7)) -> (3014, 160, 3147, t4=t3+(1, 8))	3	7
(3382, 118, 2763, t1) & (971, 24, 4385, t2=t1+(0, 4)) & (3382, 161, 971, t3=t2+(0, 6)) -> (4385, 161, 4385, t4=t3+(1, 4))	3	8
(3730, 132, 840, t1) & (3654, 26, 2842, t2=t1+(0, 6)) & (2842, 174, 3730, t3=t2+(0, 4)) -> (3654, 132, 840, t4=t3+(1, 4))	3	9
(4100, 116, 3225, t1) & (767, 183, 4077, t2=t1+(0, 7)) & (767, 32, 4100, t3=t2+(0, 8)) -> (4100, 183, 4100, t4=t3+(1, 6))	3	10
(2793, 182, 981, t1) & (2738, 160, 4874, t2=t1+(0, 4)) & (2793, 137, 2738, t3=t2+(0, 7)) -> (981, 182, 2793, t4=t3+(1, 4))	3	11
(836, 76, 700, t1) & (4317, 85, 1205, t2=t1+(0, 6)) & (836, 13, 1205, t3=t2+(0, 4)) -> (700, 85, 4317, t4=t3+(1, 7))	3	12
(4503, 72, 1241, t1) & (922, 162, 4149, t2=t1+(0, 10)) & (4503, 16, 922, t3=t2+(0, 9)) -> (4503, 162, 922, t4=t3+(1, 6))	3	13
(2270, 189, 4911, t1) & (88, 11, 2159, t2=t1+(0, 6)) & (2159, 25, 2270, t3=t2+(0, 2)) -> (2159, 25, 2270, t4=t3+(1, 8))	3	14
(1217, 116, 176, t1) & (1166, 23, 1113, t2=t1+(0, 8)) & (1113, 27, 176, t3=t2+(0, 4)) -> (1217, 116, 1113, t4=t3+(1, 9))	3	15
(1726, 59, 3667, t1) & (2205, 40, 45, t2=t1+(0, 9)) & (2205, 16, 3667, t3=t2+(0, 2)) -> (2205, 59, 2205, t4=t3+(1, 3))	3	16
(4915, 175, 4487, t1) & (772, 71, 4335, t2=t1+(0, 2)) & (4915, 4, 4335, t3=t2+(0, 8)) -> (772, 71, 4915, t4=t3+(1, 7))	3	17
(1946, 165, 4856, t1) & (4301, 186, 4095, t2=t1+(0, 4)) & (1946, 42, 4095, t3=t2+(0, 6)) -> (4095, 165, 1946, t4=t3+(1, 1))	3	18
(2255, 122, 2288, t1) & (4672, 37, 3165, t2=t1+(0, 1)) & (2255, 151, 4672, t3=t2+(0, 4)) -> (3165, 122, 2288, t4=t3+(1, 5))	3	19
(811, 156, 2019, t1) & (921, 36, 1512, t2=t1+(0, 0)) & (2019, 170, 921, t3=t2+(0, 3)) -> (811, 36, 811, t4=t3+(1, 4))	3	20
(2530, 73, 1719, t1) & (806, 175, 211, t2=t1+(0, 3)) & (211, 102, 2530, t3=t2+(0, 4)) -> (1719, 102, 211, t4=t3+(1, 5))	3	21
(3419, 104, 2960, t1) & (1566, 184, 1128, t2=t1+(0, 9)) & (1128, 13, 3419, t3=t2+(0, 2)) -> (1128, 13, 2960, t4=t3+(1, 3))	3	22
(3965, 165, 4121, t1) & (4564, 191, 3789, t2=t1+(0, 3)) & (4121, 115, 4564, t3=t2+(0, 5)) -> (4121, 165, 3789, t4=t3+(1, 8))	3	23
(290, 92, 1348, t1) & (4298, 48, 4721, t2=t1+(0, 5)) & (4298, 38, 290, t3=t2+(0, 6)) -> (4298, 38, 290, t4=t3+(1, 4))	3	24
(2896, 147, 4783, t1) & (2896, 135, 4783, t2=t1+(0, 5)) -> (4783, 147, 4783, t3=t2+(1, 4))	2	25
(3763, 19, 1670, t1) & (1670, 162, 260, t2=t1+(0, 7)) -> (3763, 19, 1670, t3=t2+(1, 6))	2	26
(1843, 62, 1253, t1) & (3387, 106, 1253, t2=t1+(0, 5)) -> (1253, 62, 3387, t3=t2+(1, 4))	2	27
(1130, 131, 1372, t1) & (1130, 100, 1372, t2=t1+(0, 9)) -> (1372, 131, 1130, t3=t2+(1, 13))	2	28
(478, 118, 1644, t1) & (478, 142, 478, t2=t1+(0, 4)) -> (1644, 142, 478, t3=t2+(1, 4))	2	29
(1776, 123, 2308, t1) & (1776, 27, 2308, t2=t1+(0, 8)) -> (1776, 123, 2308, t3=t2+(1, 5))	2	30
(3181, 102, 1260, t1) & (2948, 20, 1260, t2=t1+(0, 5)) -> (3181, 102, 3181, t3=t2+(1, 4))	2	31
(2087, 183, 4154, t1) & (74, 43, 4154, t2=t1+(0, 7)) -> (74, 183, 2087, t3=t2+(1, 3))	2	32
(2213, 59, 370, t1) & (370, 4, 1255, t2=t1+(0, 7)) -> (1255, 4, 370, t3=t2+(1, 4))	2	33
(475, 178, 400, t1) & (4413, 98, 475, t2=t1+(0, 4)) -> (475, 178, 400, t3=t2+(1, 7))	2	34
(3792, 14, 4773, t1) & (969, 150, 4773, t2=t1+(0, 3)) -> (969, 150, 969, t3=t2+(1, 6))	2	35
(4705, 86, 808, t1) & (808, 28, 4420, t2=t1+(0, 6)) -> (808, 86, 808, t3=t2+(1, 4))	2	36
(1248, 140, 1149, t1) & (3623, 70, 1248, t2=t1+(0, 5)) -> (3623, 70, 1248, t3=t2+(1, 4))	2	37
(3096, 64, 1280, t1) & (18, 85, 3096, t2=t1+(0, 8)) -> (1280, 85, 3096, t3=t2+(1, 4))	2	38
(3743, 35, 640, t1) & (640, 193, 2759, t2=t1+(0, 2)) -> (2759, 193, 2759, t3=t2+(1, 2))	2	39
(1880, 39, 2458, t1) & (2458, 156, 2458, t2=t1+(0, 6)) -> (2458, 39, 2458, t3=t2+(1, 3))	2	40
(4274, 106, 875, t1) & (4186, 195, 4274, t2=t1+(0, 2)) -> (4274, 195, 875, t3=t2+(1, 7))	2	41
(80, 68, 1062, t1) & (1062, 32, 80, t2=t1+(0, 7)) -> (1062, 32, 1062, t3=t2+(1, 1))	2	42
(1263, 68, 4218, t1) & (991, 112, 1263, t2=t1+(0, 2)) -> (1263, 68, 4218, t3=t2+(1, 10))	2	43
(19, 33, 4974, t1) & (19, 92, 1369, t2=t1+(0, 6)) -> (19, 92, 4974, t3=t2+(1, 4))	2	44
(3651, 188, 2685, t1) & (2173, 29, 2685, t2=t1+(0, 4)) -> (2685, 188, 3651, t3=t2+(1, 5))	2	45
(4577, 191, 1453, t1) & (4577, 3, 1748, t2=t1+(0, 5)) -> (4577, 191, 4577, t3=t2+(1, 6))	2	46
(4833, 59, 2626, t1) & (4833, 88, 2626, t2=t1+(0, 6)) -> (4833, 88, 2626, t3=t2+(1, 10))	2	47
(3645, 102, 2625, t1) & (2625, 58, 4557, t2=t1+(0, 7)) -> (2625, 102, 2625, t3=t2+(1, 3))	2	48
(980, 82, 1704, t1) & (1704, 96, 1704, t2=t1+(0, 8)) -> (1704, 82, 1704, t3=t2+(1, 8))	2	49
(591, 63, 3556, t1) & (1449, 124, 3556, t2=t1+(0, 2)) -> (3556, 124, 591, t3=t2+(1, 4))	2	50
(3920, 0, 1398, t1) & (1398, 45, 364, t2=t1+(0, 7)) -> (1398, 45, 3920, t3=t2+(1, 6))	2	51
(1327, 20, 3004, t1) & (3004, 193, 2395, t2=t1+(0, 5)) -> (3004, 193, 2395, t3=t2+(1, 10))	2	52
(3150, 70, 4990, t1) & (4752, 79, 4990, t2=t1+(0, 7)) -> (4752, 79, 4752, t3=t2+(1, 7))	2	53
(3266, 143, 2166, t1) & (2166, 187, 2166, t2=t1+(0, 5)) -> (2166, 187, 2166, t3=t2+(1, 2))	2	54
(2656, 77, 1969, t1) & (1969, 88, 4777, t2=t1+(0, 4)) -> (1969, 88, 1969, t3=t2+(1, 11))	2	55
(3940, 164, 2272, t1) & (2272, 122, 1469, t2=t1+(0, 4)) -> (3940, 164, 2272, t3=t2+(1, 3))	2	56
(2204, 122, 2529, t1) & (2529, 18, 2529, t2=t1+(0, 3)) -> (2529, 122, 2529, t3=t2+(1, 4))	2	57
(4208, 125, 690, t1) & (4208, 103, 690, t2=t1+(0, 5)) -> (690, 125, 4208, t3=t2+(1, 7))	2	58
(4217, 167, 2708, t1) & (2403, 127, 2708, t2=t1+(0, 5)) -> (2708, 167, 2708, t3=t2+(1, 3))	2	59
(4145, 176, 2236, t1) & (4145, 92, 106, t2=t1+(0, 4)) -> (4145, 176, 4145, t3=t2+(1, 3))	2	60
(2238, 170, 3986, t1) & (2238, 79, 3104, t2=t1+(0, 9)) -> (3986, 79, 2238, t3=t2+(1, 6))	2	61
(4163, 31, 2663, t1) & (4163, 19, 2663, t2=t1+(0, 6)) -> (2663, 31, 4163, t3=t2+(1, 3))	2	62
(2077, 84, 2948, t1) & (2948, 172, 3208, t2=t1+(0, 6)) -> (2077, 172, 2077, t3=t2+(1, 3))	2	63
(4244, 115, 4156, t1) & (4156, 57, 4156, t2=t1+(0, 4)) -> (4156, 115, 4156, t3=t2+(1, 5))	2	64
(1615, 52, 1716, t1) & (1716, 9, 1615, t2=t1+(0, 5)) -> (1716, 9, 1615, t3=t2+(1, 4))	2	65
(4982, 4, 2701, t1) & (2701, 8, 4982, t2=t1+(0, 3)) -> (2701, 4, 2701, t3=t2+(1, 5))	2	66
(752, 163, 712, t1) & (618, 18, 752, t2=t1+(0, 2)) -> (752, 18, 712, t3=t2+(1, 4))	2	67
(1098, 151, 3689, t1) & (4476, 182, 3689, t2=t1+(0, 5)) -> (3689, 151, 3689, t3=t2+(1, 9))	2	68
(2736, 2, 3081, t1) & (4264, 94, 3081, t2=t1+(0, 5)) -> (4264, 94, 2736, t3=t2+(1, 2))	2	69
(1742, 88, 3858, t1) & (1742, 49, 1742, t2=t1+(0, 10)) -> (3858, 49, 1742, t3=t2+(1, 6))	2	70
(4845, 4, 4186, t1) & (1829, 76, 4845, t2=t1+(0, 4)) -> (1829, 4, 4845, t3=t2+(1, 4))	2	71
(1210, 101, 3667, t1) & (3667, 33, 3667, t2=t1+(0, 5)) -> (1210, 33, 3667, t3=t2+(1, 5))	2	72
(1946, 113, 2771, t1) & (4906, 98, 2771, t2=t1+(0, 3)) -> (2771, 98, 4906, t3=t2+(1, 4))	2	73
(4085, 127, 4970, t1) & (4970, 32, 4085, t2=t1+(0, 9)) -> (4085, 32, 4970, t3=t2+(1, 4))	2	74
(4302, 50, 3665, t1) & (4302, 0, 4697, t2=t1+(0, 4)) -> (4302, 50, 4697, t3=t2+(1, 4))	2	75
(1347, 12, 1185, t1) & (2274, 105, 1185, t2=t1+(0, 4)) -> (1185, 12, 1185, t3=t2+(1, 1))	2	76
(699, 39, 4004, t1) & (4004, 117, 699, t2=t1+(0, 5)) -> (4004, 39, 699, t3=t2+(1, 2))	2	77
(10, 55, 2210, t1) & (2210, 24, 2210, t2=t1+(0, 2)) -> (2210, 24, 2210, t3=t2+(1, 5))	2	78
(2404, 91, 3519, t1) & (2404, 166, 2404, t2=t1+(0, 3)) -> (2404, 166, 2404, t3=t2+(1, 6))	2	79
(544, 197, 4669, t1) & (4669, 32, 544, t2=t1+(0, 2)) -> (4669, 32, 544, t3=t2+(1, 8))	2	80
(1646, 53, 1704, t1) & (1646, 6, 1646, t2=t1+(0, 6)) -> (1646, 6, 1704, t3=t2+(1, 6))	2	81
(287, 16, 4912, t1) & (3104, 41, 4912, t2=t1+(0, 5)) -> (287, 16, 287, t3=t2+(1, 2))	2	82
(3782, 157, 2025, t1) & (1117, 41, 2025, t2=t1+(0, 3)) -> (2025, 41, 3782, t3=t2+(1, 9))	2	83
(4058, 75, 4309, t1) & (4058, 12, 4058, t2=t1+(0, 7)) -> (4309, 75, 4058, t3=t2+(1, 1))	2	84
(194, 59, 4863, t1) & (3696, 64, 4863, t2=t1+(0, 6)) -> (3696, 64, 4863, t3=t2+(1, 3))	2	85
(1489, 128, 1406, t1) & (1406, 104, 1489, t2=t1+(0, 3)) -> (1406, 128, 1406, t3=t2+(1, 5))	2	86
(2970, 61, 3571, t1) & (2834, 13, 2970, t2=t1+(0, 9)) -> (2834, 13, 2834, t3=t2+(1, 6))	2	87
(255, 13, 51, t1) & (388, 103, 51, t2=t1+(0, 6)) -> (51, 13, 388, t3=t2+(1, 1))	2	88
(3775, 149, 1139, t1) & (3775, 185, 3775, t2=t1+(0, 8)) -> (1139, 149, 3775, t3=t2+(1, 3))	2	89
(3343, 194, 1100, t1) & (750, 1, 3343, t2=t1+(0, 6)) -> (3343, 1, 3343, t3=t2+(1, 7))	2	90
(4700, 20, 276, t1) & (4539, 95, 4700, t2=t1+(0, 1)) -> (4700, 95, 4539, t3=t2+(1, 11))	2	91
(1139, 37, 3129, t1) & (1139, 191, 2031, t2=t1+(0, 4)) -> (3129, 37, 3129, t3=t2+(1, 6))	2	92
(2420, 31, 2707, t1) & (195, 88, 2707, t2=t1+(0, 5)) -> (2707, 88, 2420, t3=t2+(1, 6))	2	93
(1086, 185, 3433, t1) & (1086, 114, 1108, t2=t1+(0, 0)) -> (3433, 114, 1108, t3=t2+(1, 4))	2	94
(4309, 126, 1164, t1) & (4309, 156, 4309, t2=t1+(0, 5)) -> (1164, 156, 4309, t3=t2+(1, 4))	2	95
(4605, 167, 780, t1) & (4605, 98, 969, t2=t1+(0, 4)) -> (780, 167, 969, t3=t2+(1, 6))	2	96
(4113, 13, 4868, t1) & (4868, 164, 3146, t2=t1+(0, 8)) -> (4868, 164, 4868, t3=t2+(1, 2))	2	97
(630, 79, 3383, t1) & (3383, 118, 1370, t2=t1+(0, 3)) -> (630, 79, 3383, t3=t2+(1, 5))	2	98
(1090, 67, 4337, t1) & (1090, 196, 4741, t2=t1+(0, 3)) -> (4337, 196, 4741, t3=t2+(1, 4))	2	99
(1071, 30, 4285, t1) & (1071, 98, 1071, t2=t1+(0, 5)) -> (1071, 98, 1071, t3=t2+(1, 3))	2	100
(4877, 113, 2827, t1) & (4606, 133, 2827, t2=t1+(0, 8)) -> (4877, 113, 4606, t3=t2+(1, 1))	2	101
(1476, 143, 3213, t1) & (1476, 33, 379, t2=t1+(0, 7)) -> (1476, 33, 1476, t3=t2+(1, 7))	2	102
(194, 163, 539, t1) & (539, 115, 539, t2=t1+(0, 5)) -> (194, 163, 194, t3=t2+(1, 9))	2	103
(2385, 74, 797, t1) & (2385, 3, 4571, t2=t1+(0, 5)) -> (2385, 74, 4571, t3=t2+(1, 7))	2	104
(3344, 199, 1744, t1) & (1744, 101, 1744, t2=t1+(0, 3)) -> (1744, 199, 1744, t3=t2+(1, 7))	2	105
(3234, 174, 4502, t1) & (4502, 52, 3234, t2=t1+(0, 4)) -> (3234, 52, 3234, t3=t2+(1, 6))	2	106
(4202, 111, 2416, t1) & (2416, 124, 4202, t2=t1+(0, 5)) -> (4202, 124, 4202, t3=t2+(1, 4))	2	107
(1798, 198, 4121, t1) & (1798, 139, 2828, t2=t1+(0, 5)) -> (4121, 139, 4121, t3=t2+(1, 6))	2	108
(811, 68, 2779, t1) & (4374, 38, 811, t2=t1+(0, 3)) -> (811, 68, 811, t3=t2+(1, 4))	2	109
(4787, 94, 1431, t1) & (1431, 107, 1431, t2=t1+(0, 5)) -> (1431, 94, 1431, t3=t2+(1, 2))	2	110
(3927, 95, 4640, t1) & (4640, 14, 136, t2=t1+(0, 7)) -> (4640, 95, 136, t3=t2+(1, 4))	2	111
(2029, 197, 672, t1) & (2029, 56, 4086, t2=t1+(0, 7)) -> (4086, 56, 2029, t3=t2+(1, 4))	2	112
(1499, 75, 1412, t1) & (3763, 15, 1499, t2=t1+(0, 3)) -> (1412, 75, 1499, t3=t2+(1, 9))	2	113
(144, 26, 4607, t1) & (144, 126, 3273, t2=t1+(0, 9)) -> (4607, 126, 144, t3=t2+(1, 3))	2	114
(1012, 54, 4225, t1) & (1012, 193, 1012, t2=t1+(0, 4)) -> (1012, 193, 1012, t3=t2+(1, 4))	2	115
(4876, 129, 2457, t1) & (2457, 177, 2457, t2=t1+(0, 2)) -> (2457, 129, 2457, t3=t2+(1, 1))	2	116
(1901, 165, 4022, t1) & (4022, 49, 1901, t2=t1+(0, 7)) -> (1901, 165, 4022, t3=t2+(1, 7))	2	117
(3636, 165, 2318, t1) & (2318, 105, 2974, t2=t1+(0, 8)) -> (3636, 165, 3636, t3=t2+(1, 4))	2	118
(2312, 192, 3123, t1) & (656, 104, 3123, t2=t1+(0, 3)) -> (3123, 104, 3123, t3=t2+(1, 5))	2	119
(2222, 185, 2034, t1) & (1887, 177, 2222, t2=t1+(0, 2)) -> (2034, 177, 2222, t3=t2+(1, 8))	2	120
(3872, 71, 109, t1) & (329, 127, 3872, t2=t1+(0, 3)) -> (329, 127, 109, t3=t2+(1, 5))	2	121
(1835, 5, 1995, t1) & (724, 47, 1995, t2=t1+(0, 3)) -> (724, 5, 1995, t3=t2+(1, 4))	2	122
(2938, 47, 2640, t1) & (2640, 70, 2640, t2=t1+(0, 7)) -> (2640, 47, 2640, t3=t2+(1, 8))	2	123
(1661, 174, 1452, t1) & (1661, 141, 1369, t2=t1+(0, 3)) -> (1661, 174, 1661, t3=t2+(1, 7))	2	124
(489, 110, 4364, t1) -> (489, 110, 489, t2=t1+(1, 8))	1	125
(4563, 13, 4284, t1) -> (4563, 13, 4563, t2=t1+(1, 4))	1	126
(1574, 26, 4610, t1) -> (1574, 26, 4610, t2=t1+(1, 2))	1	127
(1933, 172, 4430, t1) -> (1933, 172, 1933, t2=t1+(1, 10))	1	128
(4733, 167, 810, t1) -> (810, 167, 810, t2=t1+(1, 2))	1	129
(733, 148, 2162, t1) -> (733, 148, 2162, t2=t1+(1, 4))	1	130
(2993, 81, 1811, t1) -> (2993, 81, 2993, t2=t1+(1, 5))	1	131
(2678, 15, 4814, t1) -> (4814, 15, 2678, t2=t1+(1, 4))	1	132
(128, 9, 4808, t1) -> (128, 9, 128, t2=t1+(1, 7))	1	133
(4112, 95, 1421, t1) -> (4112, 95, 4112, t2=t1+(1, 4))	1	134
(4179, 151, 483, t1) -> (483, 151, 483, t2=t1+(1, 3))	1	135
(3239, 190, 4634, t1) -> (3239, 190, 4634, t2=t1+(1, 5))	1	136
(318, 140, 1600, t1) -> (318, 140, 318, t2=t1+(1, 9))	1	137
(3562, 185, 2166, t1) -> (2166, 185, 3562, t2=t1+(1, 4))	1	138
(4714, 159, 280, t1) -> (280, 159, 4714, t2=t1+(1, 8))	1	139
(2148, 199, 1064, t1) -> (1064, 199, 1064, t2=t1+(1, 5))	1	140
(3292, 166, 1900, t1) -> (3292, 166, 3292, t2=t1+(1, 1))	1	141
(1751, 134, 2475, t1) -> (2475, 134, 2475, t2=t1+(1, 8))	1	142
(2772, 145, 3322, t1) -> (3322, 145, 2772, t2=t1+(1, 5))	1	143
(3754, 80, 723, t1) -> (723, 80, 723, t2=t1+(1, 3))	1	144
(817, 142, 3439, t1) -> (817, 142, 817, t2=t1+(1, 3))	1	145
(598, 167, 1943, t1) -> (1943, 167, 1943, t2=t1+(1, 5))	1	146
(2549, 134, 3308, t1) -> (3308, 134, 2549, t2=t1+(1, 4))	1	147
(3852, 67, 216, t1) -> (216, 67, 3852, t2=t1+(1, 3))	1	148
(213, 170, 1566, t1) -> (213, 170, 213, t2=t1+(1, 3))	1	149
(1435, 12, 3871, t1) -> (3871, 12, 3871, t2=t1+(1, 3))	1	150
(1875, 98, 1062, t1) -> (1875, 98, 1875, t2=t1+(1, 3))	1	151
(2569, 160, 4790, t1) -> (2569, 160, 4790, t2=t1+(1, 6))	1	152
(2571, 7, 4529, t1) -> (2571, 7, 2571, t2=t1+(1, 4))	1	153
(3874, 180, 2698, t1) -> (2698, 180, 3874, t2=t1+(1, 5))	1	154
(801, 47, 466, t1) -> (801, 47, 466, t2=t1+(1, 4))	1	155
(4948, 125, 3357, t1) -> (4948, 125, 4948, t2=t1+(1, 5))	1	156
(513, 197, 811, t1) -> (513, 197, 513, t2=t1+(1, 6))	1	157
(4671, 7, 4079, t1) -> (4079, 7, 4671, t2=t1+(1, 4))	1	158
(2729, 58, 33, t1) -> (33, 58, 33, t2=t1+(1, 8))	1	159
(326, 147, 2668, t1) -> (2668, 147, 326, t2=t1+(1, 2))	1	160
(1324, 2, 3764, t1) -> (1324, 2, 3764, t2=t1+(1, 2))	1	161
(4799, 150, 1971, t1) -> (1971, 150, 1971, t2=t1+(1, 7))	1	162
(2275, 35, 145, t1) -> (2275, 35, 2275, t2=t1+(1, 5))	1	163
(384, 166, 1725, t1) -> (384, 166, 384, t2=t1+(1, 10))	1	164
(1422, 69, 1639, t1) -> (1639, 69, 1639, t2=t1+(1, 4))	1	165
(3957, 137, 811, t1) -> (811, 137, 811, t2=t1+(1, 5))	1	166
(2304, 48, 3867, t1) -> (2304, 48, 2304, t2=t1+(1, 5))	1	167
(2764, 188, 3145, t1) -> (3145, 188, 3145, t2=t1+(1, 6))	1	168
(4684, 79, 2248, t1) -> (2248, 79, 2248, t2=t1+(1, 4))	1	169
(2249, 28, 4321, t1) -> (4321, 28, 2249, t2=t1+(1, 4))	1	170
(4201, 39, 2837, t1) -> (2837, 39, 2837, t2=t1+(1, 7))	1	171
(4293, 135, 3469, t1) -> (3469, 135, 3469, t2=t1+(1, 5))	1	172
(1764, 108, 761, t1) -> (761, 108, 1764, t2=t1+(1, 4))	1	173
(3616, 4, 2230, t1) -> (2230, 4, 3616, t2=t1+(1, 3))	1	174
(149, 49, 3637, t1) -> (3637, 49, 149, t2=t1+(1, 4))	1	175
(4346, 36, 3328, t1) -> (3328, 36, 4346, t2=t1+(1, 6))	1	176
(2851, 93, 1130, t1) -> (1130, 93, 2851, t2=t1+(1, 6))	1	177
(2107, 73, 4749, t1) -> (4749, 73, 4749, t2=t1+(1, 4))	1	178
(2582, 97, 518, t1) -> (518, 97, 518, t2=t1+(1, 6))	1	179
(2218, 120, 2482, t1) -> (2218, 120, 2482, t2=t1+(1, 2))	1	180
(2655, 171, 1227, t1) -> (2655, 171, 1227, t2=t1+(1, 1))	1	181
(3412, 170, 1444, t1) -> (3412, 170, 1444, t2=t1+(1, 5))	1	182
(3801, 194, 902, t1) -> (902, 194, 902, t2=t1+(1, 6))	1	183
(2379, 199, 287, t1) -> (287, 199, 2379, t2=t1+(1, 3))	1	184
(4313, 113, 2738, t1) -> (2738, 113, 4313, t2=t1+(1, 9))	1	185
(2770, 115, 912, t1) -> (912, 115, 912, t2=t1+(1, 8))	1	186
(2520, 127, 4905, t1) -> (2520, 127, 2520, t2=t1+(1, 8))	1	187
(2977, 66, 2818, t1) -> (2818, 66, 2977, t2=t1+(1, 6))	1	188
(3169, 62, 4575, t1) -> (3169, 62, 4575, t2=t1+(1, 6))	1	189
(2022, 51, 3966, t1) -> (2022, 51, 2022, t2=t1+(1, 5))	1	190
(2910, 35, 3136, t1) -> (3136, 35, 3136, t2=t1+(1, 8))	1	191
(1273, 160, 3617, t1) -> (3617, 160, 1273, t2=t1+(1, 10))	1	192
(3445, 82, 1132, t1) -> (1132, 82, 3445, t2=t1+(1, 3))	1	193
(366, 181, 960, t1) -> (960, 181, 960, t2=t1+(1, 4))	1	194
(3763, 64, 979, t1) -> (979, 64, 979, t2=t1+(1, 3))	1	195
(33, 11, 1164, t1) -> (1164, 11, 1164, t2=t1+(1, 3))	1	196
(4157, 172, 3769, t1) -> (3769, 172, 3769, t2=t1+(1, 6))	1	197
(4666, 71, 3928, t1) -> (4666, 71, 3928, t2=t1+(1, 4))	1	198
(4277, 144, 3973, t1) -> (3973, 144, 3973, t2=t1+(1, 8))	1	199
(956, 163, 4180, t1) -> (4180, 163, 4180, t2=t1+(1, 7))	1	200
(1203, 49, 1568, t1) -> (1203, 49, 1203, t2=t1+(1, 6))	1	201
(3344, 17, 1637, t1) -> (3344, 17, 3344, t2=t1+(1, 8))	1	202
(810, 147, 679, t1) -> (810, 147, 679, t2=t1+(1, 3))	1	203
(4172, 65, 217, t1) -> (4172, 65, 217, t2=t1+(1, 8))	1	204
(2333, 198, 3247, t1) -> (3247, 198, 3247, t2=t1+(1, 7))	1	205
(4517, 52, 1306, t1) -> (1306, 52, 1306, t2=t1+(1, 7))	1	206
(1038, 109, 3904, t1) -> (1038, 109, 3904, t2=t1+(1, 6))	1	207
(2740, 32, 722, t1) -> (2740, 32, 2740, t2=t1+(1, 1))	1	208
(1531, 132, 3767, t1) -> (1531, 132, 3767, t2=t1+(1, 2))	1	209
(1266, 62, 1620, t1) -> (1620, 62, 1620, t2=t1+(1, 4))	1	210
(3389, 46, 3400, t1) -> (3400, 46, 3389, t2=t1+(1, 7))	1	211
(4734, 90, 718, t1) -> (718, 90, 718, t2=t1+(1, 4))	1	212
(4751, 157, 3430, t1) -> (3430, 157, 4751, t2=t1+(1, 5))	1	213
(1381, 1, 3138, t1) -> (1381, 1, 1381, t2=t1+(1, 6))	1	214
(2527, 57, 4251, t1) -> (4251, 57, 2527, t2=t1+(1, 7))	1	215
(688, 10, 1095, t1) -> (688, 10, 688, t2=t1+(1, 6))	1	216
(4294, 72, 791, t1) -> (4294, 72, 4294, t2=t1+(1, 2))	1	217
(274, 9, 3016, t1) -> (3016, 9, 3016, t2=t1+(1, 10))	1	218
(1803, 80, 738, t1) -> (1803, 80, 738, t2=t1+(1, 9))	1	219
(1741, 191, 3035, t1) -> (1741, 191, 1741, t2=t1+(1, 11))	1	220
(3136, 149, 3063, t1) -> (3063, 149, 3136, t2=t1+(1, 9))	1	221
(4369, 92, 3525, t1) -> (4369, 92, 4369, t2=t1+(1, 5))	1	222
(3058, 106, 1136, t1) -> (1136, 106, 1136, t2=t1+(1, 5))	1	223
(2298, 194, 1516, t1) -> (2298, 194, 2298, t2=t1+(1, 3))	1	224
(4481, 151, 1630, t1) -> (4481, 151, 4481, t2=t1+(1, 5))	1	225
(3110, 78, 4439, t1) -> (4439, 78, 3110, t2=t1+(1, 5))	1	226
(3862, 127, 4840, t1) -> (4840, 127, 4840, t2=t1+(1, 9))	1	227
(4388, 16, 3122, t1) -> (4388, 16, 4388, t2=t1+(1, 2))	1	228
(3721, 47, 2862, t1) -> (3721, 47, 2862, t2=t1+(1, 7))	1	229
(2822, 39, 4623, t1) -> (4623, 39, 2822, t2=t1+(1, 7))	1	230
(2670, 108, 1717, t1) -> (2670, 108, 1717, t2=t1+(1, 4))	1	231
(4430, 186, 2493, t1) -> (2493, 186, 2493, t2=t1+(1, 5))	1	232
(1165, 167, 309, t1) -> (309, 167, 309, t2=t1+(1, 3))	1	233
(678, 163, 2051, t1) -> (2051, 163, 2051, t2=t1+(1, 3))	1	234
(4143, 117, 2978, t1) -> (2978, 117, 2978, t2=t1+(1, 11))	1	235
(2890, 19, 4951, t1) -> (4951, 19, 4951, t2=t1+(1, 6))	1	236
(4722, 0, 1658, t1) -> (4722, 0, 4722, t2=t1+(1, 9))	1	237
(3500, 63, 149, t1) -> (3500, 63, 3500, t2=t1+(1, 5))	1	238
(4204, 60, 3410, t1) -> (4204, 60, 4204, t2=t1+(1, 8))	1	239
(4545, 175, 4217, t1) -> (4217, 175, 4545, t2=t1+(1, 4))	1	240
(3301, 14, 4599, t1) -> (3301, 14, 4599, t2=t1+(1, 2))	1	241
(1017, 196, 2560, t1) -> (2560, 196, 2560, t2=t1+(1, 6))	1	242
(2496, 45, 1537, t1) -> (1537, 45, 2496, t2=t1+(1, 6))	1	243
(4222, 50, 1036, t1) -> (4222, 50, 1036, t2=t1+(1, 3))	1	244
(2678, 125, 902, t1) -> (902, 125, 902, t2=t1+(1, 4))	1	245
(3484, 39, 162, t1) -> (162, 39, 3484, t2=t1+(1, 6))	1	246
(3949, 131, 1318, t1) -> (3949, 131, 1318, t2=t1+(1, 1))	1	247
(3641, 151, 4549, t1) -> (4549, 151, 3641, t2=t1+(1, 5))	1	248
(4073, 66, 3590, t1) -> (3590, 66, 3590, t2=t1+(1, 6))	1	249
(3761, 82, 3825, t1) -> (3761, 82, 3825, t2=t1+(1, 6))	1	250
(4326, 59, 4884, t1) -> (4326, 59, 4326, t2=t1+(1, 6))	1	251
(1651, 126, 929, t1) -> (1651, 126, 1651, t2=t1+(1, 9))	1	252
(3631, 47, 4773, t1) -> (3631, 47, 3631, t2=t1+(1, 7))	1	253
(144, 82, 1382, t1) -> (144, 82, 1382, t2=t1+(1, 6))	1	254
(3137, 1, 3961, t1) -> (3961, 1, 3961, t2=t1+(1, 3))	1	255
(436, 36, 1237, t1) -> (436, 36, 436, t2=t1+(1, 2))	1	256
(3825, 79, 3869, t1) -> (3825, 79, 3869, t2=t1+(1, 1))	1	257
(143, 85, 1691, t1) -> (143, 85, 143, t2=t1+(1, 4))	1	258
(2251, 74, 4050, t1) -> (2251, 74, 2251, t2=t1+(1, 4))	1	259
(3699, 150, 1569, t1) -> (1569, 150, 3699, t2=t1+(1, 6))	1	260
(2473, 154, 4438, t1) -> (2473, 154, 2473, t2=t1+(1, 3))	1	261
(4630, 132, 2852, t1) -> (4630, 132, 2852, t2=t1+(1, 3))	1	262
(4437, 173, 1718, t1) -> (4437, 173, 4437, t2=t1+(1, 5))	1	263
(1502, 146, 3881, t1) -> (1502, 146, 1502, t2=t1+(1, 2))	1	264
(1925, 153, 4151, t1) -> (1925, 153, 4151, t2=t1+(1, 9))	1	265
(4909, 63, 1419, t1) -> (4909, 63, 4909, t2=t1+(1, 3))	1	266
(4075, 129, 2781, t1) -> (2781, 129, 4075, t2=t1+(1, 6))	1	267
(2824, 154, 1421, t1) -> (2824, 154, 1421, t2=t1+(1, 4))	1	268
(3207, 133, 2062, t1) -> (2062, 133, 3207, t2=t1+(1, 4))	1	269
(2418, 19, 1674, t1) -> (1674, 19, 2418, t2=t1+(1, 8))	1	270
(213, 44, 1390, t1) -> (213, 44, 213, t2=t1+(1, 4))	1	271
(2676, 131, 604, t1) -> (604, 131, 2676, t2=t1+(1, 4))	1	272
(843, 67, 4391, t1) -> (843, 67, 4391, t2=t1+(1, 6))	1	273
(2166, 154, 3787, t1) -> (3787, 154, 2166, t2=t1+(1, 5))	1	274
(233, 198, 885, t1) -> (885, 198, 233, t2=t1+(1, 4))	1	275
(3503, 197, 3412, t1) -> (3503, 197, 3412, t2=t1+(1, 5))	1	276
(1192, 61, 1664, t1) -> (1192, 61, 1192, t2=t1+(1, 6))	1	277
(4955, 94, 688, t1) -> (688, 94, 688, t2=t1+(1, 2))	1	278
(3941, 55, 334, t1) -> (334, 55, 334, t2=t1+(1, 4))	1	279
(3857, 117, 4866, t1) -> (3857, 117, 4866, t2=t1+(1, 8))	1	280
(1493, 103, 2260, t1) -> (1493, 103, 1493, t2=t1+(1, 6))	1	281
(1722, 170, 3057, t1) -> (3057, 170, 3057, t2=t1+(1, 2))	1	282
(496, 124, 2746, t1) -> (2746, 124, 496, t2=t1+(1, 5))	1	283
(3267, 107, 2268, t1) -> (2268, 107, 3267, t2=t1+(1, 5))	1	284
(2605, 66, 2054, t1) -> (2054, 66, 2054, t2=t1+(1, 4))	1	285
(4124, 159, 1908, t1) -> (4124, 159, 4124, t2=t1+(1, 4))	1	286
(3576, 136, 3991, t1) -> (3991, 136, 3991, t2=t1+(1, 5))	1	287
(1766, 84, 2907, t1) -> (1766, 84, 1766, t2=t1+(1, 6))	1	288
(368, 88, 3916, t1) -> (368, 88, 368, t2=t1+(1, 1))	1	289
(2548, 72, 122, t1) -> (2548, 72, 2548, t2=t1+(1, 8))	1	290
(4380, 42, 2971, t1) -> (2971, 42, 2971, t2=t1+(1, 4))	1	291
(164, 195, 2467, t1) -> (164, 195, 164, t2=t1+(1, 2))	1	292
(273, 65, 2695, t1) -> (273, 65, 273, t2=t1+(1, 6))	1	293
(220, 145, 146, t1) -> (220, 145, 220, t2=t1+(1, 3))	1	294
(4690, 39, 255, t1) -> (4690, 39, 255, t2=t1+(1, 7))	1	295
(2801, 63, 2413, t1) -> (2413, 63, 2801, t2=t1+(1, 4))	1	296
(2794, 113, 1461, t1) -> (2794, 113, 1461, t2=t1+(1, 6))	1	297
(554, 150, 2568, t1) -> (2568, 150, 554, t2=t1+(1, 11))	1	298
(2104, 57, 763, t1) -> (2104, 57, 2104, t2=t1+(1, 8))	1	299
(3536, 180, 1932, t1) -> (1932, 180, 1932, t2=t1+(1, 2))	1	300
(1935, 23, 1541, t1) -> (1935, 23, 1935, t2=t1+(1, 2))	1	301
(3783, 120, 1374, t1) -> (3783, 120, 1374, t2=t1+(1, 7))	1	302
(1155, 10, 154, t1) -> (1155, 10, 154, t2=t1+(1, 4))	1	303
(2505, 99, 246, t1) -> (2505, 99, 2505, t2=t1+(1, 3))	1	304
(3389, 151, 3694, t1) -> (3694, 151, 3694, t2=t1+(1, 4))	1	305
(3390, 191, 4839, t1) -> (3390, 191, 3390, t2=t1+(1, 5))	1	306
(3550, 22, 1294, t1) -> (1294, 22, 3550, t2=t1+(1, 3))	1	307
(1870, 35, 1383, t1) -> (1870, 35, 1383, t2=t1+(1, 4))	1	308
(4162, 172, 3922, t1) -> (3922, 172, 4162, t2=t1+(1, 7))	1	309
(1609, 97, 909, t1) -> (1609, 97, 1609, t2=t1+(1, 7))	1	310
(2810, 72, 1375, t1) -> (2810, 72, 1375, t2=t1+(1, 5))	1	311
(4023, 178, 402, t1) -> (402, 178, 402, t2=t1+(1, 3))	1	312
(2098, 117, 1094, t1) -> (1094, 117, 2098, t2=t1+(1, 5))	1	313
(150, 84, 168, t1) -> (168, 84, 150, t2=t1+(1, 4))	1	314
(2929, 36, 3272, t1) -> (3272, 36, 3272, t2=t1+(1, 10))	1	315
(49, 157, 882, t1) -> (882, 157, 882, t2=t1+(1, 6))	1	316
(2088, 41, 2093, t1) -> (2093, 41, 2093, t2=t1+(1, 6))	1	317
(3675, 155, 2742, t1) -> (2742, 155, 3675, t2=t1+(1, 3))	1	318
(780, 21, 4026, t1) -> (780, 21, 4026, t2=t1+(1, 1))	1	319
(4265, 154, 4217, t1) -> (4265, 154, 4217, t2=t1+(1, 2))	1	320
(1131, 167, 4854, t1) -> (1131, 167, 1131, t2=t1+(1, 7))	1	321
(2185, 156, 1745, t1) -> (2185, 156, 1745, t2=t1+(1, 6))	1	322
(4180, 141, 2795, t1) -> (2795, 141, 4180, t2=t1+(1, 7))	1	323
(1460, 30, 180, t1) -> (1460, 30, 180, t2=t1+(1, 8))	1	324
(4424, 10, 2534, t1) -> (4424, 10, 4424, t2=t1+(1, 4))	1	325
(194, 151, 1924, t1) -> (1924, 151, 194, t2=t1+(1, 7))	1	326
(4515, 51, 429, t1) -> (429, 51, 4515, t2=t1+(1, 5))	1	327
(3157, 32, 4314, t1) -> (3157, 32, 3157, t2=t1+(1, 5))	1	328
(4171, 155, 3317, t1) -> (4171, 155, 4171, t2=t1+(1, 4))	1	329
(940, 59, 2604, t1) -> (2604, 59, 2604, t2=t1+(1, 6))	1	330
(2153, 179, 781, t1) -> (2153, 179, 781, t2=t1+(1, 2))	1	331
(1954, 139, 1184, t1) -> (1184, 139, 1954, t2=t1+(1, 4))	1	332
(2281, 6, 415, t1) -> (415, 6, 415, t2=t1+(1, 2))	1	333
(2975, 176, 1445, t1) -> (2975, 176, 2975, t2=t1+(1, 10))	1	334
(1020, 39, 3595, t1) -> (3595, 39, 3595, t2=t1+(1, 3))	1	335
(3805, 107, 3707, t1) -> (3707, 107, 3707, t2=t1+(1, 4))	1	336
(669, 171, 3758, t1) -> (669, 171, 669, t2=t1+(1, 3))	1	337
(3190, 85, 28, t1) -> (28, 85, 3190, t2=t1+(1, 7))	1	338
(141, 195, 213, t1) -> (213, 195, 213, t2=t1+(1, 4))	1	339
(1680, 105, 2340, t1) -> (1680, 105, 2340, t2=t1+(1, 5))	1	340
(3844, 24, 1849, t1) -> (1849, 24, 1849, t2=t1+(1, 5))	1	341
(548, 198, 4354, t1) -> (4354, 198, 548, t2=t1+(1, 10))	1	342
(1144, 164, 1279, t1) -> (1144, 164, 1279, t2=t1+(1, 5))	1	343
(4280, 36, 2692, t1) -> (4280, 36, 2692, t2=t1+(1, 10))	1	344
(3458, 100, 4070, t1) -> (3458, 100, 3458, t2=t1+(1, 8))	1	345
(3854, 64, 1505, t1) -> (1505, 64, 3854, t2=t1+(1, 6))	1	346
(3086, 57, 1297, t1) -> (3086, 57, 1297, t2=t1+(1, 2))	1	347
(4612, 174, 3248, t1) -> (3248, 174, 3248, t2=t1+(1, 2))	1	348
(1522, 162, 1706, t1) -> (1522, 162, 1706, t2=t1+(1, 6))	1	349
(4879, 27, 3445, t1) -> (4879, 27, 3445, t2=t1+(1, 4))	1	350
(3795, 97, 2340, t1) -> (3795, 97, 2340, t2=t1+(1, 3))	1	351
(1731, 17, 4104, t1) -> (1731, 17, 1731, t2=t1+(1, 3))	1	352
(3168, 73, 787, t1) -> (3168, 73, 3168, t2=t1+(1, 7))	1	353
(3588, 64, 2088, t1) -> (2088, 64, 2088, t2=t1+(1, 6))	1	354
(836, 38, 4399, t1) -> (4399, 38, 836, t2=t1+(1, 8))	1	355
(2075, 157, 3873, t1) -> (2075, 157, 2075, t2=t1+(1, 4))	1	356
(370, 22, 1184, t1) -> (370, 22, 370, t2=t1+(1, 5))	1	357
(2398, 181, 1003, t1) -> (2398, 181, 2398, t2=t1+(1, 8))	1	358
(3150, 145, 3330, t1) -> (3330, 145, 3150, t2=t1+(1, 4))	1	359
(3490, 105, 4470, t1) -> (3490, 105, 3490, t2=t1+(1, 3))	1	360
(4327, 124, 493, t1) -> (493, 124, 493, t2=t1+(1, 7))	1	361
(4482, 189, 3834, t1) -> (4482, 189, 3834, t2=t1+(1, 4))	1	362
(2849, 107, 3630, t1) -> (3630, 107, 2849, t2=t1+(1, 9))	1	363
(1361, 24, 1768, t1) -> (1768, 24, 1768, t2=t1+(1, 3))	1	364
(404, 61, 2958, t1) -> (404, 61, 2958, t2=t1+(1, 4))	1	365
(2416, 90, 4154, t1) -> (2416, 90, 2416, t2=t1+(1, 14))	1	366
(748, 177, 927, t1) -> (748, 177, 748, t2=t1+(1, 5))	1	367
(3869, 178, 4464, t1) -> (4464, 178, 3869, t2=t1+(1, 3))	1	368
(4467, 131, 3952, t1) -> (4467, 131, 3952, t2=t1+(1, 3))	1	369
(1269, 140, 2498, t1) -> (1269, 140, 2498, t2=t1+(1, 3))	1	370
(4067, 191, 874, t1) -> (4067, 191, 4067, t2=t1+(1, 6))	1	371
(4584, 53, 4457, t1) -> (4457, 53, 4457, t2=t1+(1, 4))	1	372
(2554, 48, 2988, t1) -> (2988, 48, 2988, t2=t1+(1, 4))	1	373
(2995, 66, 751, t1) -> (2995, 66, 751, t2=t1+(1, 3))	1	374
(2831, 103, 1541, t1) -> (1541, 103, 2831, t2=t1+(1, 4))	1	375
(3441, 61, 1991, t1) -> (1991, 61, 3441, t2=t1+(1, 7))	1	376
(1400, 54, 3554, t1) -> (3554, 54, 1400, t2=t1+(1, 7))	1	377
(4278, 11, 2067, t1) -> (2067, 11, 2067, t2=t1+(1, 4))	1	378
(4412, 57, 1573, t1) -> (1573, 57, 1573, t2=t1+(1, 7))	1	379
(3796, 30, 3154, t1) -> (3154, 30, 3154, t2=t1+(1, 5))	1	380
(145, 92, 4017, t1) -> (145, 92, 145, t2=t1+(1, 5))	1	381
(615, 43, 3673, t1) -> (3673, 43, 3673, t2=t1+(1, 3))	1	382
(2970, 57, 3010, t1) -> (2970, 57, 2970, t2=t1+(1, 3))	1	383
(3028, 186, 2773, t1) -> (3028, 186, 2773, t2=t1+(1, 5))	1	384
(3551, 177, 938, t1) -> (3551, 177, 938, t2=t1+(1, 3))	1	385
(3738, 95, 4973, t1) -> (3738, 95, 3738, t2=t1+(1, 2))	1	386
(1221, 32, 2693, t1) -> (2693, 32, 2693, t2=t1+(1, 5))	1	387
(2531, 137, 30, t1) -> (30, 137, 30, t2=t1+(1, 3))	1	388
(3355, 12, 2465, t1) -> (3355, 12, 2465, t2=t1+(1, 6))	1	389
(1239, 117, 4867, t1) -> (1239, 117, 4867, t2=t1+(1, 5))	1	390
(3394, 196, 3041, t1) -> (3394, 196, 3041, t2=t1+(1, 6))	1	391
(1125, 0, 3628, t1) -> (1125, 0, 1125, t2=t1+(1, 5))	1	392
(4111, 72, 601, t1) -> (601, 72, 4111, t2=t1+(1, 11))	1	393
(3079, 113, 2616, t1) -> (3079, 113, 2616, t2=t1+(1, 3))	1	394
(2526, 98, 1192, t1) -> (2526, 98, 2526, t2=t1+(1, 5))	1	395
(1700, 174, 1560, t1) -> (1560, 174, 1700, t2=t1+(1, 7))	1	396
(2685, 47, 2376, t1) -> (2685, 47, 2376, t2=t1+(1, 3))	1	397
(2403, 100, 4801, t1) -> (4801, 100, 4801, t2=t1+(1, 10))	1	398
(1734, 134, 2836, t1) -> (2836, 134, 2836, t2=t1+(1, 3))	1	399
(3510, 142, 3981, t1) -> (3510, 142, 3981, t2=t1+(1, 4))	1	400
(4187, 19, 86, t1) -> (4187, 19, 4187, t2=t1+(1, 3))	1	401
(1752, 29, 4215, t1) -> (1752, 29, 1752, t2=t1+(1, 3))	1	402
(653, 160, 376, t1) -> (653, 160, 653, t2=t1+(1, 6))	1	403
(4146, 173, 4269, t1) -> (4146, 173, 4146, t2=t1+(1, 6))	1	404
(3586, 170, 2753, t1) -> (3586, 170, 3586, t2=t1+(1, 9))	1	405
(3347, 45, 2112, t1) -> (3347, 45, 2112, t2=t1+(1, 2))	1	406
(3755, 13, 618, t1) -> (3755, 13, 618, t2=t1+(1, 5))	1	407
(3604, 143, 5, t1) -> (3604, 143, 3604, t2=t1+(1, 4))	1	408
(2825, 21, 867, t1) -> (2825, 21, 867, t2=t1+(1, 4))	1	409
(691, 188, 3029, t1) -> (3029, 188, 3029, t2=t1+(1, 4))	1	410
(4646, 62, 3595, t1) -> (4646, 62, 4646, t2=t1+(1, 5))	1	411
(4217, 39, 3214, t1) -> (3214, 39, 4217, t2=t1+(1, 7))	1	412
(4063, 191, 2421, t1) -> (4063, 191, 2421, t2=t1+(1, 7))	1	413
(62, 125, 1804, t1) -> (1804, 125, 62, t2=t1+(1, 5))	1	414
(1941, 86, 2884, t1) -> (2884, 86, 2884, t2=t1+(1, 5))	1	415
(3059, 143, 822, t1) -> (822, 143, 3059, t2=t1+(1, 2))	1	416
(4721, 52, 1243, t1) -> (1243, 52, 1243, t2=t1+(1, 5))	1	417
(2543, 126, 3584, t1) -> (2543, 126, 3584, t2=t1+(1, 9))	1	418
(1750, 175, 338, t1) -> (1750, 175, 338, t2=t1+(1, 3))	1	419
(3202, 149, 258, t1) -> (3202, 149, 3202, t2=t1+(1, 6))	1	420
(1233, 112, 2532, t1) -> (1233, 112, 1233, t2=t1+(1, 4))	1	421
(3622, 3, 3209, t1) -> (3209, 3, 3209, t2=t1+(1, 9))	1	422
(2351, 48, 1633, t1) -> (1633, 48, 1633, t2=t1+(1, 4))	1	423
(1667, 70, 3932, t1) -> (3932, 70, 1667, t2=t1+(1, 3))	1	424
(4762, 159, 4285, t1) -> (4762, 159, 4285, t2=t1+(1, 5))	1	425
(118, 144, 810, t1) -> (118, 144, 810, t2=t1+(1, 7))	1	426
(932, 195, 3710, t1) -> (3710, 195, 3710, t2=t1+(1, 4))	1	427
(1066, 149, 683, t1) -> (1066, 149, 1066, t2=t1+(1, 8))	1	428
(1784, 199, 4611, t1) -> (4611, 199, 4611, t2=t1+(1, 4))	1	429
(2069, 170, 842, t1) -> (2069, 170, 2069, t2=t1+(1, 5))	1	430
(535, 2, 923, t1) -> (923, 2, 923, t2=t1+(1, 6))	1	431
(3658, 34, 666, t1) -> (3658, 34, 3658, t2=t1+(1, 1))	1	432
(2850, 78, 731, t1) -> (731, 78, 2850, t2=t1+(1, 8))	1	433
(687, 77, 1194, t1) -> (1194, 77, 687, t2=t1+(1, 3))	1	434
(3232, 76, 3331, t1) -> (3331, 76, 3232, t2=t1+(1, 5))	1	435
(882, 13, 2386, t1) -> (882, 13, 2386, t2=t1+(1, 6))	1	436
(542, 147, 4577, t1) -> (4577, 147, 4577, t2=t1+(1, 5))	1	437
(3148, 119, 3389, t1) -> (3148, 119, 3148, t2=t1+(1, 8))	1	438
(3137, 177, 4191, t1) -> (3137, 177, 3137, t2=t1+(1, 1))	1	439
(1102, 103, 2296, t1) -> (2296, 103, 2296, t2=t1+(1, 2))	1	440
(4371, 60, 66, t1) -> (4371, 60, 66, t2=t1+(1, 4))	1	441
(1076, 174, 2111, t1) -> (1076, 174, 2111, t2=t1+(1, 9))	1	442
(2773, 31, 3947, t1) -> (3947, 31, 3947, t2=t1+(1, 2))	1	443
(1578, 93, 1622, t1) -> (1622, 93, 1622, t2=t1+(1, 3))	1	444
(4146, 105, 2213, t1) -> (2213, 105, 2213, t2=t1+(1, 8))	1	445
(2827, 92, 4603, t1) -> (4603, 92, 2827, t2=t1+(1, 3))	1	446
(2827, 91, 2253, t1) -> (2253, 91, 2827, t2=t1+(1, 5))	1	447
(888, 154, 344, t1) -> (344, 154, 344, t2=t1+(1, 7))	1	448
(2552, 185, 2394, t1) -> (2552, 185, 2552, t2=t1+(1, 6))	1	449
(1782, 155, 1852, t1) -> (1782, 155, 1852, t2=t1+(1, 7))	1	450
(2625, 27, 3981, t1) -> (3981, 27, 3981, t2=t1+(1, 7))	1	451
(3340, 190, 462, t1) -> (462, 190, 3340, t2=t1+(1, 8))	1	452
(189, 23, 1969, t1) -> (1969, 23, 1969, t2=t1+(1, 5))	1	453
(4077, 196, 4467, t1) -> (4467, 196, 4077, t2=t1+(1, 7))	1	454
(182, 109, 1579, t1) -> (1579, 109, 1579, t2=t1+(1, 1))	1	455
(868, 109, 2459, t1) -> (868, 109, 868, t2=t1+(1, 7))	1	456
(379, 120, 3671, t1) -> (379, 120, 3671, t2=t1+(1, 5))	1	457
(3154, 21, 3091, t1) -> (3154, 21, 3091, t2=t1+(1, 3))	1	458
(3053, 99, 2921, t1) -> (3053, 99, 3053, t2=t1+(1, 4))	1	459
(4338, 67, 1369, t1) -> (1369, 67, 4338, t2=t1+(1, 3))	1	460
(4593, 62, 4261, t1) -> (4261, 62, 4261, t2=t1+(1, 15))	1	461
(3165, 80, 4430, t1) -> (3165, 80, 3165, t2=t1+(1, 3))	1	462
(3030, 144, 3666, t1) -> (3666, 144, 3030, t2=t1+(1, 7))	1	463
(1360, 15, 3966, t1) -> (3966, 15, 1360, t2=t1+(1, 2))	1	464
(174, 131, 2518, t1) -> (174, 131, 174, t2=t1+(1, 3))	1	465
(2956, 21, 2227, t1) -> (2227, 21, 2227, t2=t1+(1, 3))	1	466
(3309, 92, 903, t1) -> (3309, 92, 903, t2=t1+(1, 3))	1	467
(2176, 130, 3965, t1) -> (3965, 130, 2176, t2=t1+(1, 5))	1	468
(2793, 183, 4770, t1) -> (2793, 183, 2793, t2=t1+(1, 2))	1	469
(2875, 156, 2352, t1) -> (2875, 156, 2875, t2=t1+(1, 3))	1	470
(1557, 76, 1197, t1) -> (1197, 76, 1557, t2=t1+(1, 7))	1	471
(4488, 98, 203, t1) -> (4488, 98, 4488, t2=t1+(1, 5))	1	472
(2509, 82, 1724, t1) -> (2509, 82, 2509, t2=t1+(1, 8))	1	473
(2339, 195, 4735, t1) -> (4735, 195, 4735, t2=t1+(1, 5))	1	474
(194, 195, 1220, t1) -> (1220, 195, 194, t2=t1+(1, 5))	1	475
(3299, 149, 2746, t1) -> (3299, 149, 3299, t2=t1+(1, 4))	1	476
(1335, 77, 614, t1) -> (1335, 77, 614, t2=t1+(1, 8))	1	477
(3852, 21, 4917, t1) -> (3852, 21, 3852, t2=t1+(1, 5))	1	478
(3441, 133, 1819, t1) -> (1819, 133, 3441, t2=t1+(1, 7))	1	479
(2142, 65, 23, t1) -> (2142, 65, 23, t2=t1+(1, 5))	1	480
(2040, 183, 3315, t1) -> (3315, 183, 2040, t2=t1+(1, 3))	1	481
(4730, 121, 3345, t1) -> (4730, 121, 4730, t2=t1+(1, 6))	1	482
(3320, 161, 3493, t1) -> (3493, 161, 3320, t2=t1+(1, 4))	1	483
(2542, 116, 2782, t1) -> (2542, 116, 2782, t2=t1+(1, 2))	1	484
(1605, 73, 4533, t1) -> (4533, 73, 1605, t2=t1+(1, 6))	1	485
(1120, 12, 4472, t1) -> (1120, 12, 1120, t2=t1+(1, 5))	1	486
(157, 165, 4871, t1) -> (157, 165, 157, t2=t1+(1, 3))	1	487
(4278, 148, 459, t1) -> (4278, 148, 459, t2=t1+(1, 5))	1	488
(323, 8, 3306, t1) -> (3306, 8, 323, t2=t1+(1, 3))	1	489
(532, 110, 1050, t1) -> (532, 110, 532, t2=t1+(1, 4))	1	490
(4170, 112, 284, t1) -> (284, 112, 284, t2=t1+(1, 6))	1	491
(317, 134, 2926, t1) -> (2926, 134, 2926, t2=t1+(1, 3))	1	492
(255, 73, 1844, t1) -> (1844, 73, 1844, t2=t1+(1, 7))	1	493
(4543, 62, 959, t1) -> (4543, 62, 4543, t2=t1+(1, 8))	1	494
(502, 176, 2115, t1) -> (2115, 176, 502, t2=t1+(1, 9))	1	495
(3138, 185, 845, t1) -> (3138, 185, 3138, t2=t1+(1, 5))	1	496
(4466, 199, 2093, t1) -> (4466, 199, 4466, t2=t1+(1, 1))	1	497
(3300, 78, 3226, t1) -> (3300, 78, 3300, t2=t1+(1, 3))	1	498
(3210, 42, 1347, t1) -> (1347, 42, 3210, t2=t1+(1, 6))	1	499
(537, 175, 4728, t1) -> (4728, 175, 537, t2=t1+(1, 7))	1	500
(2848, 96, 1975, t1) -> (2848, 96, 1975, t2=t1+(1, 3))	1	501
(666, 199, 1710, t1) -> (1710, 199, 1710, t2=t1+(1, 3))	1	502
(2375, 8, 4804, t1) -> (4804, 8, 2375, t2=t1+(1, 7))	1	503
(3813, 167, 2160, t1) -> (2160, 167, 2160, t2=t1+(1, 7))	1	504
(2130, 68, 2876, t1) -> (2130, 68, 2876, t2=t1+(1, 6))	1	505
(4978, 155, 1502, t1) -> (4978, 155, 4978, t2=t1+(1, 3))	1	506
(1725, 147, 1547, t1) -> (1547, 147, 1725, t2=t1+(1, 5))	1	507
(2209, 180, 4131, t1) -> (2209, 180, 4131, t2=t1+(1, 4))	1	508
(2701, 1, 1024, t1) -> (1024, 1, 1024, t2=t1+(1, 4))	1	509
(223, 102, 1749, t1) -> (1749, 102, 223, t2=t1+(1, 4))	1	510
(1516, 71, 3104, t1) -> (3104, 71, 1516, t2=t1+(1, 3))	1	511
(4403, 191, 3619, t1) -> (3619, 191, 3619, t2=t1+(1, 4))	1	512
(4298, 0, 1346, t1) -> (1346, 0, 4298, t2=t1+(1, 5))	1	513
(3784, 5, 1723, t1) -> (3784, 5, 3784, t2=t1+(1, 6))	1	514
(57, 151, 1108, t1) -> (57, 151, 57, t2=t1+(1, 3))	1	515
(2851, 89, 369, t1) -> (2851, 89, 369, t2=t1+(1, 6))	1	516
(938, 172, 4021, t1) -> (4021, 172, 4021, t2=t1+(1, 6))	1	517
(759, 166, 2859, t1) -> (2859, 166, 2859, t2=t1+(1, 2))	1	518
(867, 88, 3855, t1) -> (3855, 88, 867, t2=t1+(1, 5))	1	519
(4649, 39, 1533, t1) -> (4649, 39, 1533, t2=t1+(1, 10))	1	520
(3175, 57, 2511, t1) -> (2511, 57, 2511, t2=t1+(1, 4))	1	521
(2103, 81, 1045, t1) -> (2103, 81, 1045, t2=t1+(1, 1))	1	522
(413, 179, 643, t1) -> (413, 179, 643, t2=t1+(1, 4))	1	523
(2246, 160, 4591, t1) -> (2246, 160, 2246, t2=t1+(1, 7))	1	524
