(139, 178, 4268, t1) & (2620, 109, 4922, t2=t1+(0, 4)) & (4268, 187, 4922, t3=t2+(0, 5)) -> (4922, 109, 4268, t4=t3+(1, 5))	3	0
(2580, 82, 4099, t1) & (1396, 123, 1379, t2=t1+(0, 0)) & (1379, 50, 4099, t3=t2+(0, 7)) -> (4099, 50, 1379, t4=t3+(1, 7))	3	1
(3966, 6, 299, t1) & (4541, 75, 650, t2=t1+(0, 8)) & (650, 76, 299, t3=t2+(0, 6)) -> (299, 6, 299, t4=t3+(1, 8))	3	2
(15, 34, 1559, t1) & (2316, 40, 3987, t2=t1+(0, 5)) & (1559, 9, 3987, t3=t2+(0, 5)) -> (15, 9, 15, t4=t3+(1, 5))	3	3
(4910, 33, 3966, t1) & (2494, 180, 2448, t2=t1+(0, 7)) & (3966, 160, 2494, t3=t2+(0, 2)) -> (2494, 180, 3966, t4=t3+(1, 8))	3	4
(2296, 188, 48, t1) & (400, 34, 4290, t2=t1+(0, 6)) & (400, 58, 48, t3=t2+(0, 5)) -> (400, 58, 400, t4=t3+(1, 1))	3	5
(3453, 136, 184, t1) & (2890, 199, 470, t2=t1+(0, 3)) & (3453, 48, 2890, t3=t2+(0, 3)) -> (2890, 48, 184, t4=t3+(1, 5))	3	6
(3086, 81, 3444, t1) & (4322, 178, 2915, t2=t1+(0, 9)) & (3086, 92, 4322, t3=t2+(0, 4)) -> (2915, 92, 3444, t4=t3+(1, 6))	3	7
(3740, 184, 1191, t1) & (3747, 6, 4285, t2=t1+(0, 6)) & (3747, 121, 3740, t3=t2+(0, 3)) -> (3740, 121, 3747, t4=t3+(1, 2))	3	8
(1138, 33, 3063, t1) & (1302, 23, 1267, t2=t1+(0, 4)) & (1138, 130, 1267, t3=t2+(0, 9)) -> (1267, 33, 3063, t4=t3+(1, 6))	3	9
(3319, 194, 4749, t1) & (2825, 20, 3155, t2=t1+(0, 5)) & (4749, 178, 3155, t3=t2+(0, 9)) -> (4749, 194, 3319, t4=t3+(1, 7))	3	10
(1980, 113, 3541, t1) & (3387, 12, 3330, t2=t1+(0, 5)) & (3387, 34, 3541, t3=t2+(0, 4)) -> (3541, 113, 3387, t4=t3+(1, 5))	3	11
(3347, 53, 1056, t1) & (3803, 165, 1402, t2=t1+(0, 7)) & (3803, 26, 1056, t3=t2+(0, 4)) -> (1402, 165, 1402, t4=t3+(1, 4))	3	12
(490, 33, 1043, t1) & (2303, 61, 2430, t2=t1+(0, 5)) & (490, 80, 2303, t3=t2+(0, 6)) -> (1043, 80, 2303, t4=t3+(1, 5))	3	13
(3287, 97, 1795, t1) & (2825, 199, 4106, t2=t1+(0, 5)) & (3287, 9, 2825, t3=t2+(0, 4)) -> (3287, 97, 3287, t4=t3+(1, 5))	3	14
(3966, 34, 2645, t1) & (2698, 70, 1841, t2=t1+(0, 2)) & (2698, 25, 2645, t3=t2+(0, 2)) -> (3966, 25, 2698, t4=t3+(1, 6))	3	15
(1694, 136, 4325, t1) & (2937, 166, 3448, t2=t1+(0, 1)) & (4325, 164, 3448, t3=t2+(0, 6)) -> (4325, 166, 1694, t4=t3+(1, 5))	3	16
(2138, 61, 4601, t1) & (3468, 172, 3194, t2=t1+(0, 10)) & (4601, 117, 3194, t3=t2+(0, 3)) -> (3468, 61, 3194, t4=t3+(1, 3))	3	17
(534, 168, 1672, t1) & (1327, 154, 3194, t2=t1+(0, 9)) & (1672, 82, 1327, t3=t2+(0, 7)) -> (534, 82, 3194, t4=t3+(1, 7))	3	18
(2580, 81, 4170, t1) & (3491, 97, 3735, t2=t1+(0, 4)) & (3491, 43, 2580, t3=t2+(0, 5)) -> (4170, 97, 2580, t4=t3+(1, 8))	3	19
(2639, 16, 15, t1) & (461, 181, 1531, t2=t1+(0, 3)) & (1531, 88, 15, t3=t2+(0, 7)) -> (1531, 16, 15, t4=t3+(1, 4))	3	20
(2195, 7, 472, t1) & (3260, 107, 944, t2=t1+(0, 5)) & (944, 33, 2195, t3=t2+(0, 3)) -> (472, 107, 2195, t4=t3+(1, 5))	3	21
(2367, 47, 100, t1) & (3473, 156, 299, t2=t1+(0, 3)) & (100, 42, 3473, t3=t2+(0, 2)) -> (2367, 47, 100, t4=t3+(1, 4))	3	22
(3829, 34, 2302, t1) & (4888, 62, 45, t2=t1+(0, 3)) & (45, 106, 3829, t3=t2+(0, 6)) -> (3829, 106, 3829, t4=t3+(1, 5))	3	23
(1138, 157, 3719, t1) & (4936, 1, 4591, t2=t1+(0, 0)) & (4936, 152, 3719, t3=t2+(0, 6)) -> (4936, 157, 1138, t4=t3+(1, 8))	3	24
(2536, 195, 3260, t1) & (2367, 71, 4476, t2=t1+(0, 7)) & (3260, 147, 4476, t3=t2+(0, 5)) -> (3260, 147, 4476, t4=t3+(1, 6))	3	25
(1069, 34, 272, t1) & (632, 176, 3408, t2=t1+(0, 6)) & (632, 9, 1069, t3=t2+(0, 7)) -> (272, 176, 632, t4=t3+(1, 6))	3	26
(3681, 80, 3242, t1) & (1177, 34, 1763, t2=t1+(0, 6)) & (1763, 127, 3242, t3=t2+(0, 4)) -> (3242, 127, 1763, t4=t3+(1, 4))	3	27
(3768, 190, 676, t1) & (3540, 48, 1582, t2=t1+(0, 3)) & (676, 22, 3540, t3=t2+(0, 9)) -> (676, 190, 1582, t4=t3+(1, 3))	3	28
(3273, 72, 3250, t1) & (3408, 127, 2179, t2=t1+(0, 7)) & (3408, 78, 3250, t3=t2+(0, 5)) -> (3273, 127, 3408, t4=t3+(1, 5))	3	29
(3719, 76, 2075, t1) & (3777, 118, 3933, t2=t1+(0, 3)) & (3777, 176, 3719, t3=t2+(0, 4)) -> (3933, 76, 3933, t4=t3+(1, 5))	3	30
(2321, 30, 4128, t1) & (1984, 152, 4945, t2=t1+(0, 5)) & (4128, 80, 4945, t3=t2+(0, 5)) -> (4945, 80, 1984, t4=t3+(1, 3))	3	31
(10, 47, 2941, t1) & (3242, 17, 3842, t2=t1+(0, 2)) & (2941, 147, 3242, t3=t2+(0, 2)) -> (2941, 147, 3242, t4=t3+(1, 6))	3	32
(4202, 82, 1311, t1) & (326, 166, 3803, t2=t1+(0, 2)) & (4202, 53, 3803, t3=t2+(0, 5)) -> (4202, 166, 1311, t4=t3+(1, 4))	3	33
(2457, 11, 3040, t1) & (1882, 26, 1358, t2=t1+(0, 6)) & (1358, 95, 3040, t3=t2+(0, 7)) -> (1358, 95, 2457, t4=t3+(1, 7))	3	34
(1114, 44, 811, t1) & (3968, 30, 3803, t2=t1+(0, 8)) & (811, 174, 3803, t3=t2+(0, 3)) -> (3803, 174, 3803, t4=t3+(1, 4))	3	35
(4176, 81, 264, t1) & (4528, 149, 551, t2=t1+(0, 4)) & (4176, 148, 4528, t3=t2+(0, 5)) -> (4176, 149, 4528, t4=t3+(1, 2))	3	36
(3242, 34, 400, t1) & (1182, 76, 1787, t2=t1+(0, 9)) & (400, 23, 1182, t3=t2+(0, 5)) -> (400, 23, 1182, t4=t3+(1, 3))	3	37
(2357, 41, 2203, t1) & (4753, 127, 4678, t2=t1+(0, 2)) & (2357, 128, 4678, t3=t2+(0, 8)) -> (2357, 128, 2357, t4=t3+(1, 4))	3	38
(2355, 160, 3966, t1) & (4159, 185, 2422, t2=t1+(0, 9)) & (2355, 154, 4159, t3=t2+(0, 9)) -> (2355, 154, 2422, t4=t3+(1, 2))	3	39
(3193, 185, 2138, t1) & (3273, 25, 3408, t2=t1+(0, 3)) & (3408, 116, 2138, t3=t2+(0, 7)) -> (3408, 116, 2138, t4=t3+(1, 5))	3	40
(1182, 58, 2928, t1) & (303, 41, 3194, t2=t1+(0, 3)) & (1182, 165, 3194, t3=t2+(0, 6)) -> (303, 165, 2928, t4=t3+(1, 3))	3	41
(4753, 117, 3966, t1) & (1031, 41, 964, t2=t1+(0, 3)) & (4753, 166, 1031, t3=t2+(0, 8)) -> (3966, 117, 4753, t4=t3+(1, 4))	3	42
(3194, 27, 2321, t1) & (4922, 105, 4355, t2=t1+(0, 4)) & (3194, 133, 4922, t3=t2+(0, 6)) -> (2321, 27, 4355, t4=t3+(1, 3))	3	43
(982, 170, 894, t1) & (1694, 194, 2363, t2=t1+(0, 2)) & (1694, 30, 982, t3=t2+(0, 6)) -> (1694, 170, 2363, t4=t3+(1, 6))	3	44
(1056, 95, 1838, t1) & (2282, 174, 2101, t2=t1+(0, 3)) & (1056, 154, 2282, t3=t2+(0, 4)) -> (2282, 95, 2101, t4=t3+(1, 5))	3	45
(2479, 95, 1402, t1) & (1402, 100, 4410, t2=t1+(0, 4)) & (2479, 76, 4410, t3=t2+(0, 5)) -> (2479, 100, 1402, t4=t3+(1, 3))	3	46
(3995, 72, 3796, t1) & (944, 108, 4023, t2=t1+(0, 5)) & (3796, 103, 944, t3=t2+(0, 5)) -> (944, 72, 3995, t4=t3+(1, 1))	3	47
(3260, 142, 4476, t1) & (3192, 149, 2302, t2=t1+(0, 4)) & (3192, 74, 3260, t3=t2+(0, 6)) -> (3260, 74, 3192, t4=t3+(1, 7))	3	48
(1694, 196, 3767, t1) & (1226, 6, 4766, t2=t1+(0, 9)) & (4766, 85, 1694, t3=t2+(0, 4)) -> (3767, 196, 1694, t4=t3+(1, 5))	3	49
(3490, 149, 2649, t1) & (3242, 112, 632, t2=t1+(0, 6)) & (3490, 33, 3242, t3=t2+(0, 3)) -> (3490, 149, 3490, t4=t3+(1, 4))	3	50
(3632, 3, 987, t1) & (2302, 30, 965, t2=t1+(0, 4)) & (987, 187, 2302, t3=t2+(0, 4)) -> (2302, 30, 987, t4=t3+(1, 1))	3	51
(590, 171, 2126, t1) & (739, 6, 4996, t2=t1+(0, 5)) & (4996, 146, 590, t3=t2+(0, 9)) -> (2126, 6, 4996, t4=t3+(1, 5))	3	52
(4660, 26, 3655, t1) & (955, 7, 965, t2=t1+(0, 4)) & (3655, 134, 965, t3=t2+(0, 3)) -> (955, 134, 965, t4=t3+(1, 6))	3	53
(3306, 70, 2731, t1) & (3200, 85, 551, t2=t1+(0, 3)) & (2731, 33, 3200, t3=t2+(0, 8)) -> (3200, 33, 3306, t4=t3+(1, 2))	3	54
(3, 153, 3347, t1) & (29, 26, 2841, t2=t1+(0, 6)) & (29, 37, 3347, t3=t2+(0, 5)) -> (2841, 37, 3, t4=t3+(1, 7))	3	55
(280, 116, 3347, t1) & (2457, 142, 4996, t2=t1+(0, 2)) & (3347, 116, 4996, t3=t2+(0, 3)) -> (3347, 142, 280, t4=t3+(1, 3))	3	56
(3713, 49, 2825, t1) & (1909, 81, 1808, t2=t1+(0, 5)) & (1909, 81, 2825, t3=t2+(0, 2)) -> (2825, 81, 1909, t4=t3+(1, 2))	3	57
(4106, 110, 4128, t1) & (1358, 190, 4575, t2=t1+(0, 3)) & (4128, 25, 1358, t3=t2+(0, 13)) -> (1358, 190, 4128, t4=t3+(1, 4))	3	58
(557, 78, 1299, t1) & (3964, 37, 841, t2=t1+(0, 6)) & (1299, 194, 3964, t3=t2+(0, 2)) -> (3964, 194, 1299, t4=t3+(1, 9))	3	59
(632, 117, 982, t1) & (2672, 164, 396, t2=t1+(0, 8)) & (396, 160, 982, t3=t2+(0, 8)) -> (2672, 160, 982, t4=t3+(1, 5))	3	60
(461, 123, 3829, t1) & (1751, 131, 4694, t2=t1+(0, 2)) & (4694, 111, 461, t3=t2+(0, 5)) -> (461, 111, 461, t4=t3+(1, 5))	3	61
(2341, 34, 1584, t1) & (2302, 25, 2367, t2=t1+(0, 6)) & (2367, 27, 2341, t3=t2+(0, 2)) -> (1584, 27, 2341, t4=t3+(1, 5))	3	62
(3570, 12, 1492, t1) & (2195, 150, 2020, t2=t1+(0, 4)) & (3570, 58, 2195, t3=t2+(0, 4)) -> (2020, 12, 2195, t4=t3+(1, 6))	3	63
(2793, 6, 1027, t1) & (4544, 114, 1072, t2=t1+(0, 4)) & (2793, 187, 1072, t3=t2+(0, 2)) -> (2793, 114, 2793, t4=t3+(1, 7))	3	64
(2020, 76, 803, t1) & (2457, 109, 4325, t2=t1+(0, 4)) & (803, 43, 4325, t3=t2+(0, 3)) -> (4325, 76, 4325, t4=t3+(1, 4))	3	65
(152, 85, 1584, t1) & (2600, 146, 2543, t2=t1+(0, 9)) & (152, 110, 2600, t3=t2+(0, 7)) -> (2543, 85, 2600, t4=t3+(1, 5))	3	66
(2678, 25, 2316, t1) & (4749, 85, 1133, t2=t1+(0, 4)) & (2316, 155, 1133, t3=t2+(0, 2)) -> (2316, 155, 2316, t4=t3+(1, 7))	3	67
(4541, 196, 2422, t1) & (3491, 30, 4952, t2=t1+(0, 11)) & (2422, 116, 3491, t3=t2+(0, 7)) -> (2422, 116, 3491, t4=t3+(1, 5))	3	68
(1672, 82, 2649, t1) & (797, 93, 4649, t2=t1+(0, 2)) & (797, 76, 2649, t3=t2+(0, 4)) -> (2649, 93, 797, t4=t3+(1, 3))	3	69
(3132, 154, 4711, t1) & (4410, 65, 3136, t2=t1+(0, 6)) & (4711, 156, 3136, t3=t2+(0, 3)) -> (3136, 154, 3136, t4=t3+(1, 4))	3	70
(2224, 1, 2059, t1) & (894, 27, 459, t2=t1+(0, 5)) & (894, 17, 2224, t3=t2+(0, 2)) -> (459, 27, 2224, t4=t3+(1, 6))	3	71
(3287, 110, 4463, t1) & (400, 196, 895, t2=t1+(0, 2)) & (895, 33, 4463, t3=t2+(0, 3)) -> (4463, 196, 400, t4=t3+(1, 6))	3	72
(3567, 41, 4100, t1) & (2136, 27, 3740, t2=t1+(0, 6)) & (3567, 16, 2136, t3=t2+(0, 6)) -> (3740, 27, 3567, t4=t3+(1, 6))	3	73
(2684, 117, 3473, t1) & (1138, 165, 3672, t2=t1+(0, 6)) & (1138, 196, 2684, t3=t2+(0, 3)) -> (2684, 196, 2684, t4=t3+(1, 6))	3	74
(1672, 180, 4325, t1) & (4541, 103, 1584, t2=t1+(0, 7)) & (1584, 184, 1672, t3=t2+(0, 8)) -> (1672, 184, 4325, t4=t3+(1, 3))	3	75
(2135, 190, 3768, t1) & (1821, 7, 2179, t2=t1+(0, 4)) & (2179, 25, 2135, t3=t2+(0, 4)) -> (2179, 7, 2179, t4=t3+(1, 6))	3	76
(1898, 33, 2282, t1) & (3260, 3, 964, t2=t1+(0, 6)) & (964, 23, 2282, t3=t2+(0, 6)) -> (2282, 33, 2282, t4=t3+(1, 1))	3	77
(4808, 108, 70, t1) & (895, 34, 4706, t2=t1+(0, 3)) & (4808, 115, 4706, t3=t2+(0, 14)) -> (4706, 108, 895, t4=t3+(1, 2))	3	78
(2355, 33, 4016, t1) & (1864, 34, 2126, t2=t1+(0, 3)) & (2126, 174, 2355, t3=t2+(0, 4)) -> (2126, 174, 2126, t4=t3+(1, 5))	3	79
(1926, 89, 1027, t1) & (3175, 50, 2138, t2=t1+(0, 3)) & (3175, 196, 1926, t3=t2+(0, 6)) -> (3175, 50, 3175, t4=t3+(1, 4))	3	80
(2825, 61, 632, t1) & (1458, 73, 2195, t2=t1+(0, 2)) & (2195, 109, 2825, t3=t2+(0, 3)) -> (1458, 73, 2195, t4=t3+(1, 8))	3	81
(4826, 25, 1057, t1) & (4121, 119, 4539, t2=t1+(0, 4)) & (4121, 37, 1057, t3=t2+(0, 4)) -> (4826, 25, 4121, t4=t3+(1, 6))	3	82
(2099, 18, 2383, t1) & (2039, 86, 1319, t2=t1+(0, 4)) & (2099, 22, 2039, t3=t2+(0, 3)) -> (2099, 18, 2039, t4=t3+(1, 3))	3	83
(650, 22, 3369, t1) & (4121, 1, 3618, t2=t1+(0, 3)) & (4121, 76, 650, t3=t2+(0, 5)) -> (3369, 1, 3618, t4=t3+(1, 2))	3	84
(1179, 50, 1446, t1) & (2915, 1, 1224, t2=t1+(0, 5)) & (1179, 149, 2915, t3=t2+(0, 11)) -> (1179, 149, 1179, t4=t3+(1, 2))	3	85
(3063, 34, 551, t1) & (1658, 86, 1499, t2=t1+(0, 4)) & (1658, 155, 3063, t3=t2+(0, 8)) -> (1658, 155, 3063, t4=t3+(1, 3))	3	86
(37, 109, 3257, t1) & (3968, 74, 4928, t2=t1+(0, 7)) & (4928, 160, 37, t3=t2+(0, 4)) -> (3968, 109, 4928, t4=t3+(1, 5))	3	87
(649, 154, 2099, t1) & (400, 153, 1319, t2=t1+(0, 6)) & (400, 155, 2099, t3=t2+(0, 4)) -> (400, 154, 400, t4=t3+(1, 4))	3	88
(339, 166, 4457, t1) & (4777, 142, 2649, t2=t1+(0, 5)) & (4777, 118, 4457, t3=t2+(0, 5)) -> (4457, 118, 4457, t4=t3+(1, 5))	3	89
(3964, 128, 4159, t1) & (3736, 77, 828, t2=t1+(0, 7)) & (828, 137, 3964, t3=t2+(0, 5)) -> (828, 128, 3736, t4=t3+(1, 9))	3	90
(2367, 80, 1493, t1) & (4121, 178, 728, t2=t1+(0, 3)) & (1493, 89, 728, t3=t2+(0, 2)) -> (2367, 89, 728, t4=t3+(1, 2))	3	91
(2138, 156, 2126, t1) & (2135, 149, 2303, t2=t1+(0, 2)) & (2126, 22, 2135, t3=t2+(0, 6)) -> (2138, 156, 2135, t4=t3+(1, 6))	3	92
(3501, 34, 999, t1) & (272, 131, 2282, t2=t1+(0, 5)) & (272, 48, 999, t3=t2+(0, 6)) -> (272, 34, 272, t4=t3+(1, 4))	3	93
(911, 102, 2367, t1) & (3453, 44, 1327, t2=t1+(0, 3)) & (2367, 58, 1327, t3=t2+(0, 5)) -> (911, 44, 1327, t4=t3+(1, 7))	3	94
(2580, 74, 2122, t1) & (4601, 48, 2303, t2=t1+(0, 4)) & (2122, 114, 4601, t3=t2+(0, 9)) -> (2122, 48, 4601, t4=t3+(1, 5))	3	95
(1182, 196, 2825, t1) & (303, 33, 790, t2=t1+(0, 5)) & (2825, 73, 790, t3=t2+(0, 8)) -> (790, 196, 2825, t4=t3+(1, 6))	3	96
(1126, 6, 1337, t1) & (3228, 106, 3181, t2=t1+(0, 3)) & (1126, 33, 3228, t3=t2+(0, 4)) -> (1126, 106, 3228, t4=t3+(1, 9))	3	97
(4817, 33, 3777, t1) & (4977, 103, 967, t2=t1+(0, 3)) & (4977, 81, 3777, t3=t2+(0, 7)) -> (4977, 103, 4977, t4=t3+(1, 9))	3	98
(935, 180, 797, t1) & (4753, 174, 15, t2=t1+(0, 5)) & (4753, 7, 797, t3=t2+(0, 5)) -> (935, 174, 4753, t4=t3+(1, 8))	3	99
(1875, 34, 152, t1) & (1875, 28, 152, t2=t1+(0, 3)) -> (1875, 28, 152, t3=t2+(1, 4))	2	100
(1956, 185, 3453, t1) & (3453, 109, 3453, t2=t1+(0, 4)) -> (3453, 109, 3453, t3=t2+(1, 5))	2	101
(2180, 1, 1666, t1) & (1666, 10, 2180, t2=t1+(0, 4)) -> (1666, 1, 2180, t3=t2+(1, 7))	2	102
(2641, 26, 4539, t1) & (2641, 196, 2641, t2=t1+(0, 2)) -> (2641, 26, 2641, t3=t2+(1, 7))	2	103
(4128, 22, 1577, t1) & (3490, 154, 4128, t2=t1+(0, 4)) -> (1577, 154, 1577, t3=t2+(1, 4))	2	104
(3986, 112, 1182, t1) & (3986, 146, 3986, t2=t1+(0, 8)) -> (3986, 146, 3986, t3=t2+(1, 4))	2	105
(3369, 16, 1579, t1) & (2994, 91, 3369, t2=t1+(0, 5)) -> (3369, 16, 3369, t3=t2+(1, 3))	2	106
(2678, 9, 4965, t1) & (2678, 180, 797, t2=t1+(0, 9)) -> (2678, 9, 797, t3=t2+(1, 6))	2	107
(1056, 181, 2256, t1) & (1056, 178, 2256, t2=t1+(0, 4)) -> (1056, 181, 2256, t3=t2+(1, 2))	2	108
(532, 187, 1402, t1) & (1764, 9, 1402, t2=t1+(0, 3)) -> (1402, 9, 1402, t3=t2+(1, 4))	2	109
(648, 108, 3030, t1) & (3030, 89, 3999, t2=t1+(0, 3)) -> (3030, 89, 3030, t3=t2+(1, 2))	2	110
(3063, 142, 3250, t1) & (3063, 128, 4459, t2=t1+(0, 2)) -> (3063, 142, 3250, t3=t2+(1, 6))	2	111
(1559, 76, 2012, t1) & (2247, 8, 2012, t2=t1+(0, 7)) -> (2247, 76, 2247, t3=t2+(1, 6))	2	112
(1402, 124, 1828, t1) & (1402, 142, 649, t2=t1+(0, 7)) -> (1828, 124, 1402, t3=t2+(1, 3))	2	113
(3490, 63, 4009, t1) & (2782, 146, 4009, t2=t1+(0, 7)) -> (4009, 146, 2782, t3=t2+(1, 6))	2	114
(1715, 149, 3242, t1) & (3040, 63, 1715, t2=t1+(0, 4)) -> (3242, 63, 1715, t3=t2+(1, 7))	2	115
(1031, 28, 1579, t1) & (1579, 25, 2432, t2=t1+(0, 5)) -> (1579, 25, 2432, t3=t2+(1, 6))	2	116
(284, 1, 3803, t1) & (3803, 40, 1224, t2=t1+(0, 6)) -> (1224, 40, 3803, t3=t2+(1, 5))	2	117
(4214, 25, 733, t1) & (733, 65, 4214, t2=t1+(0, 4)) -> (4214, 25, 733, t3=t2+(1, 2))	2	118
(152, 73, 1057, t1) & (3933, 3, 152, t2=t1+(0, 4)) -> (1057, 73, 3933, t3=t2+(1, 6))	2	119
(4765, 156, 4826, t1) & (4765, 155, 1314, t2=t1+(0, 7)) -> (1314, 155, 4826, t3=t2+(1, 7))	2	120
(4601, 106, 4617, t1) & (1138, 10, 4601, t2=t1+(0, 10)) -> (1138, 10, 4601, t3=t2+(1, 2))	2	121
(3041, 112, 490, t1) & (490, 11, 3829, t2=t1+(0, 3)) -> (3041, 112, 3041, t3=t2+(1, 6))	2	122
(910, 117, 2105, t1) & (910, 41, 910, t2=t1+(0, 6)) -> (910, 117, 2105, t3=t2+(1, 3))	2	123
(3063, 142, 1805, t1) & (4575, 24, 1805, t2=t1+(0, 6)) -> (1805, 142, 1805, t3=t2+(1, 7))	2	124
(739, 196, 1138, t1) & (1138, 153, 808, t2=t1+(0, 6)) -> (739, 196, 808, t3=t2+(1, 3))	2	125
(3491, 154, 3747, t1) & (3491, 117, 2242, t2=t1+(0, 3)) -> (3747, 154, 3491, t3=t2+(1, 8))	2	126
(3347, 164, 1811, t1) & (3347, 40, 4298, t2=t1+(0, 5)) -> (3347, 164, 3347, t3=t2+(1, 4))	2	127
(497, 165, 633, t1) & (497, 100, 497, t2=t1+(0, 8)) -> (497, 165, 497, t3=t2+(1, 12))	2	128
(2979, 40, 2416, t1) & (4977, 50, 2979, t2=t1+(0, 5)) -> (2416, 50, 4977, t3=t2+(1, 1))	2	129
(2367, 95, 3747, t1) & (418, 132, 2367, t2=t1+(0, 7)) -> (418, 132, 3747, t3=t2+(1, 5))	2	130
(1871, 143, 1113, t1) & (1871, 160, 1113, t2=t1+(0, 5)) -> (1113, 143, 1871, t3=t2+(1, 11))	2	131
(955, 112, 3175, t1) & (3490, 109, 3175, t2=t1+(0, 4)) -> (3490, 109, 955, t3=t2+(1, 4))	2	132
(3347, 130, 1823, t1) & (2367, 22, 1823, t2=t1+(0, 6)) -> (1823, 22, 1823, t3=t2+(1, 10))	2	133
(3491, 82, 2080, t1) & (146, 22, 2080, t2=t1+(0, 4)) -> (146, 22, 2080, t3=t2+(1, 4))	2	134
(4575, 188, 950, t1) & (4749, 58, 4575, t2=t1+(0, 6)) -> (4749, 58, 4749, t3=t2+(1, 4))	2	135
(139, 43, 3194, t1) & (2341, 76, 139, t2=t1+(0, 3)) -> (3194, 43, 139, t3=t2+(1, 8))	2	136
(2101, 93, 2122, t1) & (2101, 166, 3719, t2=t1+(0, 3)) -> (2101, 166, 2101, t3=t2+(1, 7))	2	137
(3490, 93, 571, t1) & (571, 134, 3078, t2=t1+(0, 4)) -> (571, 93, 571, t3=t2+(1, 10))	2	138
(1882, 26, 3193, t1) & (1882, 185, 3193, t2=t1+(0, 9)) -> (1882, 185, 1882, t3=t2+(1, 4))	2	139
(2819, 168, 2099, t1) & (2075, 29, 2099, t2=t1+(0, 4)) -> (2819, 168, 2099, t3=t2+(1, 3))	2	140
(4099, 114, 759, t1) & (4099, 117, 1226, t2=t1+(0, 6)) -> (4099, 114, 4099, t3=t2+(1, 3))	2	141
(3, 180, 740, t1) & (740, 76, 3, t2=t1+(0, 7)) -> (740, 180, 740, t3=t2+(1, 6))	2	142
(2476, 81, 4649, t1) & (884, 178, 2476, t2=t1+(0, 4)) -> (4649, 178, 2476, t3=t2+(1, 4))	2	143
(1232, 74, 557, t1) & (4291, 143, 1232, t2=t1+(0, 5)) -> (1232, 143, 4291, t3=t2+(1, 3))	2	144
(4320, 37, 1225, t1) & (1225, 41, 4320, t2=t1+(0, 4)) -> (1225, 41, 1225, t3=t2+(1, 4))	2	145
(2993, 65, 1672, t1) & (1325, 154, 2993, t2=t1+(0, 7)) -> (1672, 154, 1672, t3=t2+(1, 2))	2	146
(3636, 171, 3803, t1) & (1676, 165, 3636, t2=t1+(0, 8)) -> (3636, 171, 3636, t3=t2+(1, 7))	2	147
(2457, 80, 740, t1) & (2457, 41, 2457, t2=t1+(0, 0)) -> (2457, 80, 2457, t3=t2+(1, 6))	2	148
(3194, 107, 1657, t1) & (4459, 30, 3194, t2=t1+(0, 3)) -> (1657, 30, 3194, t3=t2+(1, 9))	2	149
(1337, 70, 299, t1) & (299, 43, 299, t2=t1+(0, 2)) -> (1337, 43, 299, t3=t2+(1, 7))	2	150
(3868, 33, 787, t1) & (3868, 178, 935, t2=t1+(0, 6)) -> (3868, 178, 3868, t3=t2+(1, 6))	2	151
(4276, 142, 4900, t1) & (3160, 178, 4276, t2=t1+(0, 9)) -> (4276, 178, 4900, t3=t2+(1, 3))	2	152
(3736, 33, 2188, t1) & (2188, 140, 2247, t2=t1+(0, 2)) -> (3736, 33, 2188, t3=t2+(1, 4))	2	153
(3200, 112, 3719, t1) & (1319, 105, 3200, t2=t1+(0, 7)) -> (3719, 105, 1319, t3=t2+(1, 8))	2	154
(1980, 156, 3420, t1) & (3420, 34, 1980, t2=t1+(0, 5)) -> (3420, 34, 3420, t3=t2+(1, 3))	2	155
(3803, 30, 2812, t1) & (2812, 76, 2812, t2=t1+(0, 2)) -> (2812, 30, 2812, t3=t2+(1, 4))	2	156
(3453, 95, 1564, t1) & (1564, 114, 1564, t2=t1+(0, 7)) -> (1564, 114, 1564, t3=t2+(1, 3))	2	157
(4349, 119, 4099, t1) & (4099, 47, 4099, t2=t1+(0, 6)) -> (4349, 119, 4099, t3=t2+(1, 4))	2	158
(4268, 80, 165, t1) & (165, 125, 165, t2=t1+(0, 2)) -> (165, 125, 165, t3=t2+(1, 5))	2	159
(3040, 156, 2000, t1) & (2252, 34, 3040, t2=t1+(0, 4)) -> (2000, 34, 3040, t3=t2+(1, 8))	2	160
(4391, 183, 4936, t1) & (1811, 29, 4391, t2=t1+(0, 7)) -> (1811, 29, 4391, t3=t2+(1, 4))	2	161
(3257, 34, 1898, t1) & (884, 178, 3257, t2=t1+(0, 4)) -> (3257, 34, 3257, t3=t2+(1, 5))	2	162
(4842, 120, 1531, t1) & (1531, 121, 4842, t2=t1+(0, 2)) -> (4842, 120, 1531, t3=t2+(1, 7))	2	163
(2529, 163, 3767, t1) & (2188, 154, 3767, t2=t1+(0, 4)) -> (3767, 163, 2529, t3=t2+(1, 3))	2	164
(2057, 146, 1113, t1) & (1113, 117, 3043, t2=t1+(0, 6)) -> (2057, 146, 3043, t3=t2+(1, 2))	2	165
(4121, 76, 803, t1) & (4202, 160, 803, t2=t1+(0, 5)) -> (4202, 160, 803, t3=t2+(1, 2))	2	166
(1367, 76, 3349, t1) & (3349, 195, 3349, t2=t1+(0, 2)) -> (3349, 195, 3349, t3=t2+(1, 1))	2	167
(1429, 25, 349, t1) & (349, 143, 2367, t2=t1+(0, 0)) -> (349, 143, 2367, t3=t2+(1, 8))	2	168
(2000, 16, 3136, t1) & (3887, 110, 2000, t2=t1+(0, 8)) -> (3136, 16, 3136, t3=t2+(1, 3))	2	169
(3276, 74, 1564, t1) & (3276, 133, 1564, t2=t1+(0, 3)) -> (1564, 74, 3276, t3=t2+(1, 4))	2	170
(3155, 33, 590, t1) & (3155, 132, 3829, t2=t1+(0, 7)) -> (3829, 132, 3155, t3=t2+(1, 9))	2	171
(1493, 26, 2282, t1) & (2282, 151, 1493, t2=t1+(0, 3)) -> (1493, 151, 2282, t3=t2+(1, 8))	2	172
(4523, 6, 404, t1) & (404, 56, 2614, t2=t1+(0, 7)) -> (2614, 6, 404, t3=t2+(1, 4))	2	173
(1360, 33, 841, t1) & (1360, 156, 3155, t2=t1+(0, 5)) -> (3155, 156, 1360, t3=t2+(1, 5))	2	174
(2793, 10, 4403, t1) & (4403, 61, 4403, t2=t1+(0, 4)) -> (4403, 61, 4403, t3=t2+(1, 7))	2	175
(2825, 85, 1564, t1) & (1493, 68, 1564, t2=t1+(0, 5)) -> (1564, 68, 2825, t3=t2+(1, 9))	2	176
(1069, 24, 1429, t1) & (1069, 100, 1429, t2=t1+(0, 5)) -> (1069, 24, 1429, t3=t2+(1, 3))	2	177
(1882, 106, 2188, t1) & (2188, 170, 2188, t2=t1+(0, 8)) -> (1882, 106, 2188, t3=t2+(1, 10))	2	178
(2179, 3, 820, t1) & (3347, 33, 2179, t2=t1+(0, 5)) -> (3347, 3, 2179, t3=t2+(1, 6))	2	179
(4450, 196, 2136, t1) & (2136, 53, 2136, t2=t1+(0, 8)) -> (2136, 196, 2136, t3=t2+(1, 4))	2	180
(4826, 34, 1136, t1) & (1136, 177, 1136, t2=t1+(0, 4)) -> (4826, 177, 1136, t3=t2+(1, 8))	2	181
(1751, 125, 272, t1) & (1751, 124, 1751, t2=t1+(0, 6)) -> (1751, 125, 1751, t3=t2+(1, 3))	2	182
(1057, 77, 3803, t1) & (3803, 171, 1232, t2=t1+(0, 6)) -> (1057, 171, 3803, t3=t2+(1, 5))	2	183
(1133, 74, 3194, t1) & (4778, 10, 3194, t2=t1+(0, 4)) -> (3194, 10, 3194, t3=t2+(1, 11))	2	184
(4476, 48, 4321, t1) & (2039, 95, 4476, t2=t1+(0, 6)) -> (4476, 95, 2039, t3=t2+(1, 3))	2	185
(4565, 187, 2482, t1) & (2482, 67, 4290, t2=t1+(0, 1)) -> (2482, 187, 2482, t3=t2+(1, 5))	2	186
(3887, 34, 2318, t1) & (2609, 165, 2318, t2=t1+(0, 9)) -> (2318, 34, 3887, t3=t2+(1, 2))	2	187
(1346, 81, 1808, t1) & (2385, 196, 1346, t2=t1+(0, 8)) -> (2385, 81, 1346, t3=t2+(1, 4))	2	188
(3803, 34, 703, t1) & (3966, 150, 703, t2=t1+(0, 1)) -> (3966, 34, 703, t3=t2+(1, 4))	2	189
(4911, 1, 1182, t1) & (3109, 41, 1182, t2=t1+(0, 6)) -> (4911, 41, 3109, t3=t2+(1, 4))	2	190
(4159, 34, 2195, t1) & (2195, 95, 490, t2=t1+(0, 3)) -> (2195, 34, 490, t3=t2+(1, 8))	2	191
(3730, 137, 165, t1) & (3730, 112, 3730, t2=t1+(0, 7)) -> (3730, 137, 3730, t3=t2+(1, 9))	2	192
(649, 10, 4028, t1) & (2979, 80, 649, t2=t1+(0, 5)) -> (4028, 10, 649, t3=t2+(1, 1))	2	193
(2620, 160, 3491, t1) & (2986, 136, 3491, t2=t1+(0, 5)) -> (3491, 160, 2620, t3=t2+(1, 7))	2	194
(1754, 28, 971, t1) & (1226, 76, 1754, t2=t1+(0, 11)) -> (1226, 76, 1754, t3=t2+(1, 4))	2	195
(2341, 124, 2254, t1) & (4900, 149, 2341, t2=t1+(0, 5)) -> (2341, 149, 2341, t3=t2+(1, 6))	2	196
(2261, 150, 3490, t1) & (3490, 128, 3490, t2=t1+(0, 8)) -> (3490, 128, 3490, t3=t2+(1, 3))	2	197
(3321, 118, 4635, t1) & (3321, 8, 3321, t2=t1+(0, 2)) -> (3321, 8, 3321, t3=t2+(1, 5))	2	198
(841, 34, 2286, t1) & (2825, 67, 841, t2=t1+(0, 6)) -> (841, 34, 2286, t3=t2+(1, 2))	2	199
(2325, 33, 1796, t1) -> (2325, 33, 1796, t2=t1+(1, 4))	1	200
(818, 33, 3453, t1) -> (818, 33, 3453, t2=t1+(1, 12))	1	201
(1226, 6, 2324, t1) -> (1226, 6, 1226, t2=t1+(1, 7))	1	202
(1688, 112, 1317, t1) -> (1317, 112, 1317, t2=t1+(1, 6))	1	203
(2694, 113, 4907, t1) -> (2694, 113, 4907, t2=t1+(1, 7))	1	204
(741, 117, 895, t1) -> (895, 117, 895, t2=t1+(1, 6))	1	205
(4098, 27, 2001, t1) -> (4098, 27, 4098, t2=t1+(1, 5))	1	206
(1582, 153, 4036, t1) -> (1582, 153, 4036, t2=t1+(1, 3))	1	207
(4575, 165, 4335, t1) -> (4575, 165, 4575, t2=t1+(1, 7))	1	208
(2075, 196, 3987, t1) -> (2075, 196, 3987, t2=t1+(1, 5))	1	209
(4544, 187, 4826, t1) -> (4826, 187, 4544, t2=t1+(1, 5))	1	210
(1483, 185, 3997, t1) -> (1483, 185, 1483, t2=t1+(1, 6))	1	211
(674, 113, 4325, t1) -> (674, 113, 674, t2=t1+(1, 4))	1	212
(3768, 56, 2125, t1) -> (2125, 56, 2125, t2=t1+(1, 8))	1	213
(1672, 131, 4352, t1) -> (1672, 131, 1672, t2=t1+(1, 3))	1	214
(3078, 78, 1520, t1) -> (1520, 78, 3078, t2=t1+(1, 2))	1	215
(3654, 34, 2341, t1) -> (2341, 34, 2341, t2=t1+(1, 6))	1	216
(4128, 50, 4879, t1) -> (4879, 50, 4128, t2=t1+(1, 6))	1	217
(2646, 34, 818, t1) -> (818, 34, 2646, t2=t1+(1, 1))	1	218
(3747, 178, 2432, t1) -> (3747, 178, 3747, t2=t1+(1, 5))	1	219
(2661, 100, 1901, t1) -> (2661, 100, 1901, t2=t1+(1, 3))	1	220
(1534, 76, 1225, t1) -> (1534, 76, 1534, t2=t1+(1, 9))	1	221
(2598, 117, 4716, t1) -> (2598, 117, 2598, t2=t1+(1, 4))	1	222
(3601, 180, 2559, t1) -> (2559, 180, 3601, t2=t1+(1, 7))	1	223
(15, 76, 2941, t1) -> (15, 76, 2941, t2=t1+(1, 5))	1	224
(1531, 89, 4902, t1) -> (1531, 89, 4902, t2=t1+(1, 3))	1	225
(1226, 130, 3490, t1) -> (3490, 130, 3490, t2=t1+(1, 6))	1	226
(1297, 150, 1187, t1) -> (1297, 150, 1187, t2=t1+(1, 4))	1	227
(1138, 178, 4322, t1) -> (4322, 178, 4322, t2=t1+(1, 5))	1	228
(4849, 16, 1138, t1) -> (4849, 16, 1138, t2=t1+(1, 6))	1	229
(3331, 39, 1688, t1) -> (1688, 39, 1688, t2=t1+(1, 6))	1	230
(3747, 46, 1811, t1) -> (1811, 46, 1811, t2=t1+(1, 5))	1	231
(4101, 110, 1138, t1) -> (4101, 110, 4101, t2=t1+(1, 1))	1	232
(1728, 58, 248, t1) -> (248, 58, 1728, t2=t1+(1, 8))	1	233
(2039, 36, 4575, t1) -> (4575, 36, 2039, t2=t1+(1, 5))	1	234
(4069, 37, 650, t1) -> (650, 37, 650, t2=t1+(1, 6))	1	235
(3803, 73, 3063, t1) -> (3063, 73, 3063, t2=t1+(1, 7))	1	236
(3807, 113, 2252, t1) -> (3807, 113, 3807, t2=t1+(1, 7))	1	237
(2694, 136, 4128, t1) -> (4128, 136, 2694, t2=t1+(1, 3))	1	238
(2457, 109, 4977, t1) -> (2457, 109, 4977, t2=t1+(1, 7))	1	239
(161, 95, 3453, t1) -> (161, 95, 161, t2=t1+(1, 3))	1	240
(4526, 60, 3268, t1) -> (3268, 60, 3268, t2=t1+(1, 7))	1	241
(1429, 120, 4731, t1) -> (1429, 120, 4731, t2=t1+(1, 3))	1	242
(4369, 130, 4380, t1) -> (4369, 130, 4369, t2=t1+(1, 7))	1	243
(2367, 142, 965, t1) -> (2367, 142, 2367, t2=t1+(1, 7))	1	244
(2442, 41, 3260, t1) -> (3260, 41, 2442, t2=t1+(1, 5))	1	245
(4879, 170, 2247, t1) -> (2247, 170, 4879, t2=t1+(1, 3))	1	246
(4922, 34, 2325, t1) -> (2325, 34, 2325, t2=t1+(1, 7))	1	247
(4900, 33, 2513, t1) -> (2513, 33, 4900, t2=t1+(1, 5))	1	248
(2126, 85, 4261, t1) -> (2126, 85, 4261, t2=t1+(1, 5))	1	249
(4094, 92, 2367, t1) -> (2367, 92, 2367, t2=t1+(1, 5))	1	250
(2367, 166, 929, t1) -> (929, 166, 929, t2=t1+(1, 6))	1	251
(1361, 100, 2937, t1) -> (2937, 100, 1361, t2=t1+(1, 8))	1	252
(2179, 187, 1694, t1) -> (2179, 187, 2179, t2=t1+(1, 6))	1	253
(4529, 16, 1396, t1) -> (4529, 16, 4529, t2=t1+(1, 4))	1	254
(2937, 110, 4098, t1) -> (4098, 110, 2937, t2=t1+(1, 2))	1	255
(4828, 150, 1213, t1) -> (4828, 150, 4828, t2=t1+(1, 5))	1	256
(4879, 195, 2422, t1) -> (2422, 195, 2422, t2=t1+(1, 6))	1	257
(2416, 40, 3200, t1) -> (2416, 40, 3200, t2=t1+(1, 3))	1	258
(2761, 65, 1694, t1) -> (1694, 65, 1694, t2=t1+(1, 1))	1	259
(1926, 187, 2632, t1) -> (1926, 187, 2632, t2=t1+(1, 4))	1	260
(2057, 34, 2529, t1) -> (2529, 34, 2529, t2=t1+(1, 4))	1	261
(555, 134, 4575, t1) -> (555, 134, 555, t2=t1+(1, 2))	1	262
(3767, 196, 2825, t1) -> (3767, 196, 3767, t2=t1+(1, 3))	1	263
(894, 1, 1579, t1) -> (1579, 1, 1579, t2=t1+(1, 9))	1	264
(4502, 160, 108, t1) -> (4502, 160, 4502, t2=t1+(1, 7))	1	265
(0, 76, 3768, t1) -> (3768, 76, 0, t2=t1+(1, 7))	1	266
(2442, 196, 280, t1) -> (280, 196, 280, t2=t1+(1, 8))	1	267
(2916, 146, 3194, t1) -> (2916, 146, 3194, t2=t1+(1, 3))	1	268
(2367, 76, 4008, t1) -> (2367, 76, 4008, t2=t1+(1, 8))	1	269
(2138, 25, 1688, t1) -> (2138, 25, 1688, t2=t1+(1, 7))	1	270
(2825, 67, 4575, t1) -> (4575, 67, 2825, t2=t1+(1, 3))	1	271
(2527, 81, 884, t1) -> (2527, 81, 2527, t2=t1+(1, 5))	1	272
(3194, 38, 2994, t1) -> (2994, 38, 3194, t2=t1+(1, 11))	1	273
(4159, 178, 4649, t1) -> (4159, 178, 4649, t2=t1+(1, 10))	1	274
(0, 76, 650, t1) -> (0, 76, 650, t2=t1+(1, 3))	1	275
(2179, 178, 816, t1) -> (2179, 178, 816, t2=t1+(1, 4))	1	276
(4355, 34, 3961, t1) -> (3961, 34, 4355, t2=t1+(1, 3))	1	277
(1909, 18, 121, t1) -> (1909, 18, 121, t2=t1+(1, 2))	1	278
(3167, 10, 218, t1) -> (3167, 10, 3167, t2=t1+(1, 8))	1	279
(1161, 153, 812, t1) -> (1161, 153, 812, t2=t1+(1, 7))	1	280
(3076, 137, 404, t1) -> (404, 137, 404, t2=t1+(1, 7))	1	281
(3585, 34, 2325, t1) -> (2325, 34, 2325, t2=t1+(1, 4))	1	282
(903, 116, 104, t1) -> (903, 116, 104, t2=t1+(1, 4))	1	283
(3530, 195, 3966, t1) -> (3966, 195, 3530, t2=t1+(1, 3))	1	284
(1429, 61, 818, t1) -> (818, 61, 1429, t2=t1+(1, 5))	1	285
(3167, 33, 4808, t1) -> (4808, 33, 3167, t2=t1+(1, 5))	1	286
(486, 52, 4642, t1) -> (4642, 52, 4642, t2=t1+(1, 8))	1	287
(2367, 76, 3155, t1) -> (2367, 76, 3155, t2=t1+(1, 4))	1	288
(787, 149, 1763, t1) -> (787, 149, 787, t2=t1+(1, 6))	1	289
(1126, 124, 532, t1) -> (1126, 124, 532, t2=t1+(1, 12))	1	290
(3184, 89, 2261, t1) -> (2261, 89, 2261, t2=t1+(1, 7))	1	291
(2367, 61, 1620, t1) -> (1620, 61, 2367, t2=t1+(1, 4))	1	292
(1344, 91, 3063, t1) -> (3063, 91, 3063, t2=t1+(1, 4))	1	293
(4476, 154, 787, t1) -> (787, 154, 4476, t2=t1+(1, 6))	1	294
(820, 34, 2580, t1) -> (820, 34, 2580, t2=t1+(1, 3))	1	295
(1764, 150, 3655, t1) -> (1764, 150, 3655, t2=t1+(1, 4))	1	296
(3530, 184, 4128, t1) -> (3530, 184, 4128, t2=t1+(1, 4))	1	297
(648, 33, 1564, t1) -> (648, 33, 1564, t2=t1+(1, 4))	1	298
(4907, 178, 447, t1) -> (4907, 178, 447, t2=t1+(1, 5))	1	299
