(1195, 48, 4567, t1) & (4364, 93, 3709, t2=t1+(0, 6)) & (3709, 139, 4567, t3=t2+(0, 4)) -> (1195, 139, 4567, t4=t3+(1, 6))	3	0
(1236, 96, 4954, t1) & (386, 17, 840, t2=t1+(0, 1)) & (840, 4, 1236, t3=t2+(0, 3)) -> (840, 4, 840, t4=t3+(1, 5))	3	1
(2904, 49, 599, t1) & (1189, 139, 2257, t2=t1+(0, 6)) & (1189, 35, 2904, t3=t2+(0, 5)) -> (2904, 139, 2904, t4=t3+(1, 2))	3	2
(1149, 117, 3701, t1) & (1021, 87, 994, t2=t1+(0, 3)) & (1149, 93, 1021, t3=t2+(0, 5)) -> (994, 87, 3701, t4=t3+(1, 8))	3	3
(3382, 163, 329, t1) & (4804, 164, 4825, t2=t1+(0, 4)) & (3382, 55, 4825, t3=t2+(0, 10)) -> (329, 163, 329, t4=t3+(1, 4))	3	4
(141, 48, 2390, t1) & (1431, 74, 1737, t2=t1+(0, 5)) & (2390, 128, 1431, t3=t2+(0, 6)) -> (141, 74, 141, t4=t3+(1, 8))	3	5
(1256, 164, 2627, t1) & (1125, 22, 1191, t2=t1+(0, 5)) & (2627, 159, 1125, t3=t2+(0, 5)) -> (1256, 164, 1125, t4=t3+(1, 6))	3	6
(4939, 175, 3708, t1) & (3562, 187, 4563, t2=t1+(0, 3)) & (3708, 171, 3562, t3=t2+(0, 5)) -> (4939, 171, 3562, t4=t3+(1, 6))	3	7
(1831, 119, 2177, t1) & (3272, 145, 1390, t2=t1+(0, 3)) & (2177, 184, 1390, t3=t2+(0, 5)) -> (3272, 145, 1831, t4=t3+(1, 4))	3	8
(1991, 186, 362, t1) & (1024, 12, 635, t2=t1+(0, 7)) & (1024, 94, 1991, t3=t2+(0, 7)) -> (1991, 94, 362, t4=t3+(1, 4))	3	9
(1747, 170, 1139, t1) & (3029, 89, 408, t2=t1+(0, 4)) & (3029, 176, 1139, t3=t2+(0, 5)) -> (3029, 89, 408, t4=t3+(1, 7))	3	10
(1873, 169, 344, t1) & (4867, 124, 2198, t2=t1+(0, 2)) & (2198, 100, 1873, t3=t2+(0, 2)) -> (4867, 124, 1873, t4=t3+(1, 10))	3	11
(3725, 95, 1136, t1) & (3313, 73, 1949, t2=t1+(0, 5)) & (1136, 69, 3313, t3=t2+(0, 4)) -> (3725, 69, 3313, t4=t3+(1, 7))	3	12
(3006, 124, 4260, t1) & (1332, 182, 195, t2=t1+(0, 5)) & (1332, 73, 3006, t3=t2+(0, 9)) -> (3006, 182, 1332, t4=t3+(1, 7))	3	13
(1657, 143, 4330, t1) & (4099, 11, 3587, t2=t1+(0, 4)) & (4099, 97, 1657, t3=t2+(0, 6)) -> (4099, 97, 4330, t4=t3+(1, 5))	3	14
(4451, 41, 3072, t1) & (4083, 46, 3129, t2=t1+(0, 2)) & (3129, 2, 3072, t3=t2+(0, 8)) -> (4451, 46, 4451, t4=t3+(1, 8))	3	15
(1403, 36, 4614, t1) & (134, 119, 110, t2=t1+(0, 4)) & (1403, 106, 134, t3=t2+(0, 5)) -> (110, 119, 134, t4=t3+(1, 4))	3	16
(1611, 97, 1037, t1) & (415, 79, 4835, t2=t1+(0, 5)) & (4835, 114, 1037, t3=t2+(0, 3)) -> (415, 97, 1037, t4=t3+(1, 7))	3	17
(1523, 101, 3094, t1) & (4254, 104, 2305, t2=t1+(0, 6)) & (3094, 42, 2305, t3=t2+(0, 2)) -> (3094, 42, 1523, t4=t3+(1, 3))	3	18
(4427, 117, 3117, t1) & (455, 156, 4800, t2=t1+(0, 7)) & (455, 18, 4427, t3=t2+(0, 2)) -> (4800, 18, 455, t4=t3+(1, 10))	3	19
(3061, 19, 3718, t1) & (858, 107, 2921, t2=t1+(0, 2)) & (858, 44, 3061, t3=t2+(0, 4)) -> (3061, 19, 3061, t4=t3+(1, 4))	3	20
(3008, 65, 4594, t1) & (1925, 199, 3119, t2=t1+(0, 2)) & (4594, 142, 3119, t3=t2+(0, 3)) -> (3008, 142, 3119, t4=t3+(1, 3))	3	21
(2814, 94, 2532, t1) & (1582, 7, 311, t2=t1+(0, 3)) & (2814, 43, 1582, t3=t2+(0, 3)) -> (1582, 94, 1582, t4=t3+(1, 6))	3	22
(2955, 73, 1768, t1) & (4937, 70, 2037, t2=t1+(0, 4)) & (1768, 95, 2037, t3=t2+(0, 6)) -> (2037, 95, 4937, t4=t3+(1, 6))	3	23
(3752, 22, 2410, t1) & (3774, 188, 1263, t2=t1+(0, 5)) & (1263, 173, 2410, t3=t2+(0, 6)) -> (2410, 188, 2410, t4=t3+(1, 5))	3	24
(0, 91, 4494, t1) & (1166, 32, 3788, t2=t1+(0, 2)) & (0, 126, 3788, t3=t2+(0, 3)) -> (1166, 91, 3788, t4=t3+(1, 8))	3	25
(2229, 106, 1876, t1) & (4396, 198, 2686, t2=t1+(0, 4)) & (1876, 54, 4396, t3=t2+(0, 5)) -> (1876, 106, 1876, t4=t3+(1, 2))	3	26
(965, 175, 4286, t1) & (2123, 111, 1982, t2=t1+(0, 8)) & (4286, 140, 1982, t3=t2+(0, 6)) -> (2123, 140, 2123, t4=t3+(1, 7))	3	27
(2919, 89, 1489, t1) & (2640, 63, 973, t2=t1+(0, 5)) & (2640, 69, 2919, t3=t2+(0, 9)) -> (2640, 89, 2640, t4=t3+(1, 4))	3	28
(1859, 107, 2583, t1) & (1652, 179, 1442, t2=t1+(0, 5)) & (1442, 15, 2583, t3=t2+(0, 7)) -> (1652, 15, 1859, t4=t3+(1, 5))	3	29
(1314, 112, 1350, t1) & (4634, 32, 57, t2=t1+(0, 6)) & (4634, 68, 1350, t3=t2+(0, 9)) -> (1314, 32, 57, t4=t3+(1, 2))	3	30
(2152, 84, 715, t1) & (3511, 51, 4394, t2=t1+(0, 6)) & (715, 83, 4394, t3=t2+(0, 6)) -> (4394, 51, 2152, t4=t3+(1, 5))	3	31
(3981, 185, 3505, t1) & (2217, 82, 1008, t2=t1+(0, 1)) & (3981, 20, 1008, t3=t2+(0, 8)) -> (3981, 82, 3505, t4=t3+(1, 1))	3	32
(3352, 73, 794, t1) & (112, 79, 4895, t2=t1+(0, 3)) & (4895, 133, 3352, t3=t2+(0, 2)) -> (4895, 79, 3352, t4=t3+(1, 3))	3	33
(2286, 176, 1735, t1) & (4417, 51, 4569, t2=t1+(0, 6)) & (1735, 139, 4417, t3=t2+(0, 5)) -> (2286, 139, 1735, t4=t3+(1, 4))	3	34
(2526, 46, 2460, t1) & (1119, 192, 2324, t2=t1+(0, 7)) & (2324, 37, 2460, t3=t2+(0, 6)) -> (2324, 37, 2460, t4=t3+(1, 2))	3	35
(1600, 195, 2776, t1) & (415, 108, 995, t2=t1+(0, 3)) & (415, 188, 2776, t3=t2+(0, 9)) -> (2776, 195, 2776, t4=t3+(1, 4))	3	36
(505, 38, 1138, t1) & (2517, 98, 576, t2=t1+(0, 7)) & (505, 85, 2517, t3=t2+(0, 7)) -> (505, 85, 2517, t4=t3+(1, 4))	3	37
(1944, 195, 3769, t1) & (4318, 27, 929, t2=t1+(0, 7)) & (4318, 22, 1944, t3=t2+(0, 4)) -> (929, 27, 1944, t4=t3+(1, 1))	3	38
(874, 62, 3165, t1) & (1028, 3, 4814, t2=t1+(0, 10)) & (4814, 178, 3165, t3=t2+(0, 2)) -> (3165, 3, 3165, t4=t3+(1, 5))	3	39
(1281, 126, 1715, t1) & (460, 182, 1434, t2=t1+(0, 7)) & (1281, 60, 460, t3=t2+(0, 3)) -> (1715, 60, 460, t4=t3+(1, 14))	3	40
(2203, 12, 2598, t1) & (1346, 24, 4201, t2=t1+(0, 6)) & (1346, 180, 2598, t3=t2+(0, 4)) -> (2203, 12, 1346, t4=t3+(1, 2))	3	41
(1378, 146, 3892, t1) & (3230, 41, 3301, t2=t1+(0, 6)) & (3230, 182, 1378, t3=t2+(0, 6)) -> (3301, 182, 1378, t4=t3+(1, 6))	3	42
(1356, 75, 1543, t1) & (3035, 128, 3160, t2=t1+(0, 6)) & (3035, 45, 1356, t3=t2+(0, 4)) -> (1543, 45, 1356, t4=t3+(1, 3))	3	43
(2037, 119, 477, t1) & (2466, 18, 271, t2=t1+(0, 4)) & (477, 181, 2466, t3=t2+(0, 4)) -> (477, 119, 271, t4=t3+(1, 5))	3	44
(4555, 125, 774, t1) & (2505, 48, 866, t2=t1+(0, 5)) & (2505, 150, 4555, t3=t2+(0, 6)) -> (2505, 150, 866, t4=t3+(1, 4))	3	45
(3098, 166, 4195, t1) & (4195, 20, 2679, t2=t1+(0, 5)) & (2679, 178, 3098, t3=t2+(0, 3)) -> (4195, 20, 4195, t4=t3+(1, 4))	3	46
(330, 114, 3630, t1) & (4721, 28, 2309, t2=t1+(0, 5)) & (2309, 190, 3630, t3=t2+(0, 5)) -> (2309, 28, 3630, t4=t3+(1, 9))	3	47
(1321, 70, 3844, t1) & (3378, 81, 2834, t2=t1+(0, 2)) & (1321, 136, 2834, t3=t2+(0, 0)) -> (2834, 70, 3844, t4=t3+(1, 8))	3	48
(3021, 11, 3365, t1) & (1233, 137, 84, t2=t1+(0, 9)) & (84, 43, 3365, t3=t2+(0, 4)) -> (1233, 137, 84, t4=t3+(1, 4))	3	49
(1644, 75, 353, t1) & (2667, 64, 4303, t2=t1+(0, 5)) & (4303, 55, 1644, t3=t2+(0, 7)) -> (1644, 55, 1644, t4=t3+(1, 5))	3	50
(1831, 70, 2586, t1) & (4950, 45, 164, t2=t1+(0, 4)) & (1831, 197, 4950, t3=t2+(0, 8)) -> (2586, 197, 1831, t4=t3+(1, 7))	3	51
(409, 47, 4564, t1) & (3783, 39, 4516, t2=t1+(0, 5)) & (4516, 179, 4564, t3=t2+(0, 4)) -> (4516, 47, 4516, t4=t3+(1, 8))	3	52
(4641, 71, 3935, t1) & (2549, 58, 4908, t2=t1+(0, 4)) & (3935, 175, 4908, t3=t2+(0, 4)) -> (4908, 71, 3935, t4=t3+(1, 3))	3	53
(3594, 67, 3334, t1) & (635, 197, 322, t2=t1+(0, 6)) & (322, 44, 3594, t3=t2+(0, 7)) -> (635, 67, 322, t4=t3+(1, 5))	3	54
(3015, 48, 4558, t1) & (798, 188, 2593, t2=t1+(0, 7)) & (798, 28, 4558, t3=t2+(0, 2)) -> (3015, 28, 798, t4=t3+(1, 6))	3	55
(3551, 36, 1240, t1) & (1171, 50, 955, t2=t1+(0, 2)) & (1171, 132, 3551, t3=t2+(0, 4)) -> (3551, 50, 1171, t4=t3+(1, 5))	3	56
(1152, 133, 3110, t1) & (4773, 71, 1690, t2=t1+(0, 6)) & (4773, 61, 3110, t3=t2+(0, 6)) -> (3110, 71, 4773, t4=t3+(1, 4))	3	57
(1848, 28, 2959, t1) & (4207, 149, 4348, t2=t1+(0, 8)) & (4348, 109, 2959, t3=t2+(0, 4)) -> (4348, 109, 1848, t4=t3+(1, 7))	3	58
(2387, 26, 3968, t1) & (1131, 55, 2658, t2=t1+(0, 6)) & (3968, 186, 1131, t3=t2+(0, 4)) -> (2658, 55, 3968, t4=t3+(1, 2))	3	59
(4600, 77, 3273, t1) & (1201, 68, 1110, t2=t1+(0, 5)) & (1201, 132, 3273, t3=t2+(0, 4)) -> (1201, 68, 1110, t4=t3+(1, 2))	3	60
(4988, 84, 2972, t1) & (429, 186, 3727, t2=t1+(0, 5)) & (2972, 160, 3727, t3=t2+(0, 3)) -> (4988, 160, 2972, t4=t3+(1, 4))	3	61
(415, 72, 2902, t1) & (1176, 43, 87, t2=t1+(0, 5)) & (415, 162, 87, t3=t2+(0, 3)) -> (1176, 72, 415, t4=t3+(1, 2))	3	62
(4123, 148, 2784, t1) & (1759, 150, 4346, t2=t1+(0, 5)) & (4123, 73, 1759, t3=t2+(0, 11)) -> (1759, 150, 4346, t4=t3+(1, 7))	3	63
(4858, 95, 386, t1) & (2088, 58, 1952, t2=t1+(0, 6)) & (386, 162, 2088, t3=t2+(0, 6)) -> (2088, 162, 2088, t4=t3+(1, 2))	3	64
(211, 42, 2072, t1) & (2701, 32, 1093, t2=t1+(0, 5)) & (1093, 26, 2072, t3=t2+(0, 4)) -> (1093, 32, 2701, t4=t3+(1, 5))	3	65
(1682, 195, 1948, t1) & (37, 175, 1040, t2=t1+(0, 2)) & (37, 76, 1948, t3=t2+(0, 3)) -> (1040, 76, 1682, t4=t3+(1, 5))	3	66
(4870, 176, 1101, t1) & (1207, 175, 1734, t2=t1+(0, 4)) & (1207, 68, 4870, t3=t2+(0, 2)) -> (1207, 68, 1207, t4=t3+(1, 5))	3	67
(4497, 64, 2055, t1) & (4588, 171, 1556, t2=t1+(0, 3)) & (4497, 77, 1556, t3=t2+(0, 4)) -> (4497, 171, 2055, t4=t3+(1, 9))	3	68
(885, 122, 4737, t1) & (3946, 65, 355, t2=t1+(0, 3)) & (885, 7, 3946, t3=t2+(0, 2)) -> (885, 65, 3946, t4=t3+(1, 8))	3	69
(579, 36, 2385, t1) & (3098, 172, 901, t2=t1+(0, 4)) & (901, 185, 579, t3=t2+(0, 5)) -> (579, 185, 901, t4=t3+(1, 5))	3	70
(2405, 142, 4173, t1) & (3452, 52, 4322, t2=t1+(0, 6)) & (2405, 157, 3452, t3=t2+(0, 4)) -> (3452, 142, 4173, t4=t3+(1, 1))	3	71
(2168, 153, 2789, t1) & (3320, 9, 1647, t2=t1+(0, 1)) & (2789, 71, 1647, t3=t2+(0, 10)) -> (3320, 71, 2168, t4=t3+(1, 4))	3	72
(747, 47, 1482, t1) & (3173, 129, 75, t2=t1+(0, 7)) & (3173, 105, 1482, t3=t2+(0, 2)) -> (3173, 105, 747, t4=t3+(1, 2))	3	73
(3616, 109, 2051, t1) & (3730, 52, 4978, t2=t1+(0, 8)) & (3616, 197, 4978, t3=t2+(0, 5)) -> (4978, 197, 3616, t4=t3+(1, 6))	3	74
(4398, 19, 591, t1) & (4739, 31, 4219, t2=t1+(0, 5)) & (4739, 39, 4398, t3=t2+(0, 5)) -> (4739, 31, 4739, t4=t3+(1, 5))	3	75
(372, 150, 1081, t1) & (1535, 159, 1919, t2=t1+(0, 6)) & (372, 70, 1919, t3=t2+(0, 4)) -> (1535, 70, 1919, t4=t3+(1, 4))	3	76
(1908, 152, 4269, t1) & (3072, 35, 210, t2=t1+(0, 4)) & (210, 62, 1908, t3=t2+(0, 5)) -> (4269, 35, 4269, t4=t3+(1, 8))	3	77
(2975, 184, 318, t1) & (1068, 179, 2381, t2=t1+(0, 4)) & (1068, 62, 318, t3=t2+(0, 3)) -> (2381, 179, 1068, t4=t3+(1, 5))	3	78
(4195, 88, 3905, t1) & (541, 50, 350, t2=t1+(0, 5)) & (350, 157, 4195, t3=t2+(0, 5)) -> (4195, 50, 541, t4=t3+(1, 8))	3	79
(3458, 162, 1700, t1) & (2803, 70, 682, t2=t1+(0, 2)) & (1700, 53, 682, t3=t2+(0, 10)) -> (3458, 70, 682, t4=t3+(1, 9))	3	80
(2798, 149, 1013, t1) & (303, 71, 4295, t2=t1+(0, 7)) & (2798, 181, 4295, t3=t2+(0, 5)) -> (2798, 71, 303, t4=t3+(1, 5))	3	81
(506, 65, 4923, t1) & (2414, 120, 1965, t2=t1+(0, 6)) & (506, 64, 1965, t3=t2+(0, 3)) -> (506, 120, 2414, t4=t3+(1, 6))	3	82
(47, 133, 799, t1) & (474, 48, 1786, t2=t1+(0, 2)) & (799, 146, 474, t3=t2+(0, 8)) -> (474, 146, 474, t4=t3+(1, 6))	3	83
(3972, 133, 4725, t1) & (4692, 156, 1293, t2=t1+(0, 6)) & (3972, 129, 1293, t3=t2+(0, 5)) -> (3972, 129, 3972, t4=t3+(1, 5))	3	84
(330, 156, 1810, t1) & (4176, 179, 3514, t2=t1+(0, 6)) & (1810, 102, 4176, t3=t2+(0, 7)) -> (1810, 156, 330, t4=t3+(1, 3))	3	85
(2810, 172, 2732, t1) & (1854, 78, 2719, t2=t1+(0, 6)) & (1854, 60, 2732, t3=t2+(0, 7)) -> (2810, 78, 2719, t4=t3+(1, 4))	3	86
(1586, 39, 725, t1) & (157, 163, 3644, t2=t1+(0, 3)) & (725, 94, 157, t3=t2+(0, 6)) -> (157, 39, 725, t4=t3+(1, 8))	3	87
(1895, 87, 4939, t1) & (3125, 150, 1147, t2=t1+(0, 6)) & (1147, 102, 1895, t3=t2+(0, 2)) -> (1147, 102, 1147, t4=t3+(1, 4))	3	88
(3375, 147, 4942, t1) & (1022, 42, 3478, t2=t1+(0, 5)) & (4942, 96, 1022, t3=t2+(0, 8)) -> (4942, 147, 4942, t4=t3+(1, 4))	3	89
(2509, 46, 2539, t1) & (1956, 11, 3617, t2=t1+(0, 8)) & (3617, 151, 2509, t3=t2+(0, 4)) -> (3617, 46, 3617, t4=t3+(1, 7))	3	90
(1836, 137, 679, t1) & (4287, 123, 1464, t2=t1+(0, 4)) & (1836, 11, 4287, t3=t2+(0, 0)) -> (4287, 137, 4287, t4=t3+(1, 1))	3	91
(1010, 5, 3724, t1) & (1481, 103, 3646, t2=t1+(0, 9)) & (1481, 73, 3724, t3=t2+(0, 5)) -> (3724, 103, 1481, t4=t3+(1, 7))	3	92
(224, 193, 3297, t1) & (4700, 142, 3195, t2=t1+(0, 7)) & (3195, 23, 3297, t3=t2+(0, 4)) -> (3297, 23, 3195, t4=t3+(1, 2))	3	93
(4200, 76, 2157, t1) & (2081, 105, 4995, t2=t1+(0, 5)) & (2157, 146, 2081, t3=t2+(0, 6)) -> (2081, 146, 2081, t4=t3+(1, 4))	3	94
(3298, 189, 3222, t1) & (4199, 85, 3343, t2=t1+(0, 13)) & (3222, 137, 4199, t3=t2+(0, 8)) -> (3222, 189, 4199, t4=t3+(1, 7))	3	95
(534, 170, 4226, t1) & (2369, 190, 2566, t2=t1+(0, 5)) & (2566, 148, 534, t3=t2+(0, 7)) -> (4226, 170, 2566, t4=t3+(1, 3))	3	96
(2216, 16, 3362, t1) & (2546, 8, 997, t2=t1+(0, 4)) & (997, 180, 3362, t3=t2+(0, 6)) -> (2216, 180, 3362, t4=t3+(1, 4))	3	97
(3806, 115, 3458, t1) & (4497, 55, 4237, t2=t1+(0, 2)) & (4237, 177, 3806, t3=t2+(0, 4)) -> (3806, 55, 3806, t4=t3+(1, 5))	3	98
(3471, 43, 1651, t1) & (731, 142, 253, t2=t1+(0, 5)) & (253, 13, 1651, t3=t2+(0, 6)) -> (731, 43, 3471, t4=t3+(1, 5))	3	99
(4412, 6, 2586, t1) & (3830, 102, 4412, t2=t1+(0, 9)) -> (4412, 6, 4412, t3=t2+(1, 6))	2	100
(4509, 72, 986, t1) & (986, 181, 3922, t2=t1+(0, 9)) -> (3922, 181, 3922, t3=t2+(1, 11))	2	101
(2445, 70, 1922, t1) & (1922, 68, 202, t2=t1+(0, 4)) -> (1922, 70, 202, t3=t2+(1, 5))	2	102
(2117, 114, 3473, t1) & (3473, 45, 2117, t2=t1+(0, 6)) -> (2117, 45, 2117, t3=t2+(1, 5))	2	103
(3620, 22, 669, t1) & (1696, 54, 3620, t2=t1+(0, 7)) -> (3620, 22, 1696, t3=t2+(1, 4))	2	104
(2393, 153, 1178, t1) & (1564, 73, 2393, t2=t1+(0, 5)) -> (2393, 73, 1564, t3=t2+(1, 8))	2	105
(945, 31, 3212, t1) & (945, 54, 1923, t2=t1+(0, 6)) -> (945, 31, 945, t3=t2+(1, 7))	2	106
(4483, 174, 2771, t1) & (337, 49, 2771, t2=t1+(0, 5)) -> (2771, 49, 337, t3=t2+(1, 5))	2	107
(2196, 97, 3211, t1) & (2984, 97, 3211, t2=t1+(0, 5)) -> (3211, 97, 2196, t3=t2+(1, 3))	2	108
(1970, 39, 4499, t1) & (1970, 61, 1970, t2=t1+(0, 4)) -> (1970, 39, 1970, t3=t2+(1, 5))	2	109
(1345, 19, 4138, t1) & (1809, 122, 1345, t2=t1+(0, 9)) -> (1345, 19, 1809, t3=t2+(1, 4))	2	110
(1736, 35, 3039, t1) & (4947, 14, 3039, t2=t1+(0, 2)) -> (3039, 35, 3039, t3=t2+(1, 6))	2	111
(3541, 66, 1272, t1) & (3541, 159, 3541, t2=t1+(0, 7)) -> (1272, 159, 1272, t3=t2+(1, 5))	2	112
(4599, 45, 2948, t1) & (4912, 19, 2948, t2=t1+(0, 3)) -> (2948, 45, 4599, t3=t2+(1, 6))	2	113
(866, 35, 975, t1) & (866, 19, 3490, t2=t1+(0, 8)) -> (866, 19, 975, t3=t2+(1, 4))	2	114
(1211, 128, 4743, t1) & (1211, 37, 1211, t2=t1+(0, 8)) -> (1211, 37, 1211, t3=t2+(1, 2))	2	115
(1912, 96, 1024, t1) & (1033, 132, 1912, t2=t1+(0, 10)) -> (1024, 132, 1033, t3=t2+(1, 4))	2	116
(1578, 75, 1258, t1) & (1578, 167, 1578, t2=t1+(0, 8)) -> (1578, 75, 1578, t3=t2+(1, 7))	2	117
(4104, 135, 2754, t1) & (3710, 72, 4104, t2=t1+(0, 6)) -> (2754, 72, 4104, t3=t2+(1, 5))	2	118
(769, 43, 2657, t1) & (2657, 170, 2657, t2=t1+(0, 4)) -> (2657, 43, 2657, t3=t2+(1, 6))	2	119
(877, 168, 3798, t1) & (877, 65, 4556, t2=t1+(0, 8)) -> (3798, 168, 4556, t3=t2+(1, 10))	2	120
(13, 199, 137, t1) & (924, 90, 13, t2=t1+(0, 4)) -> (924, 199, 13, t3=t2+(1, 2))	2	121
(3237, 89, 3761, t1) & (3761, 51, 3237, t2=t1+(0, 6)) -> (3761, 89, 3237, t3=t2+(1, 5))	2	122
(3865, 171, 3033, t1) & (3033, 29, 3865, t2=t1+(0, 7)) -> (3865, 171, 3033, t3=t2+(1, 5))	2	123
(58, 105, 2145, t1) & (2145, 61, 58, t2=t1+(0, 5)) -> (58, 61, 2145, t3=t2+(1, 3))	2	124
(4202, 41, 1492, t1) & (3008, 118, 1492, t2=t1+(0, 4)) -> (3008, 118, 1492, t3=t2+(1, 6))	2	125
(489, 73, 3410, t1) & (1936, 132, 489, t2=t1+(0, 8)) -> (489, 73, 489, t3=t2+(1, 3))	2	126
(926, 74, 3726, t1) & (3726, 70, 4791, t2=t1+(0, 5)) -> (3726, 70, 4791, t3=t2+(1, 6))	2	127
(3199, 123, 2471, t1) & (4792, 153, 2471, t2=t1+(0, 2)) -> (4792, 153, 3199, t3=t2+(1, 7))	2	128
(364, 188, 421, t1) & (364, 0, 2391, t2=t1+(0, 8)) -> (2391, 0, 2391, t3=t2+(1, 3))	2	129
(114, 113, 3451, t1) & (3736, 133, 114, t2=t1+(0, 4)) -> (114, 113, 3736, t3=t2+(1, 4))	2	130
(4247, 69, 3758, t1) & (2388, 85, 3758, t2=t1+(0, 3)) -> (2388, 69, 3758, t3=t2+(1, 9))	2	131
(2553, 113, 3597, t1) & (3597, 151, 1657, t2=t1+(0, 2)) -> (3597, 113, 2553, t3=t2+(1, 7))	2	132
(3900, 60, 1654, t1) & (3900, 128, 3505, t2=t1+(0, 8)) -> (3900, 60, 3505, t3=t2+(1, 8))	2	133
(2570, 98, 1441, t1) & (1441, 151, 1441, t2=t1+(0, 4)) -> (1441, 98, 1441, t3=t2+(1, 5))	2	134
(3167, 55, 3555, t1) & (758, 157, 3167, t2=t1+(0, 7)) -> (758, 157, 3167, t3=t2+(1, 12))	2	135
(3313, 97, 3712, t1) & (3313, 47, 2703, t2=t1+(0, 8)) -> (3313, 47, 3313, t3=t2+(1, 8))	2	136
(2637, 26, 4044, t1) & (4044, 7, 4044, t2=t1+(0, 4)) -> (4044, 7, 4044, t3=t2+(1, 6))	2	137
(2630, 3, 3882, t1) & (3687, 126, 3882, t2=t1+(0, 1)) -> (3687, 3, 3687, t3=t2+(1, 3))	2	138
(3791, 163, 1437, t1) & (1437, 159, 2809, t2=t1+(0, 8)) -> (2809, 159, 2809, t3=t2+(1, 9))	2	139
(1264, 135, 922, t1) & (1264, 149, 1264, t2=t1+(0, 8)) -> (1264, 135, 1264, t3=t2+(1, 5))	2	140
(3578, 164, 3031, t1) & (3578, 16, 3578, t2=t1+(0, 4)) -> (3578, 16, 3031, t3=t2+(1, 5))	2	141
(3308, 178, 4861, t1) & (3308, 4, 3308, t2=t1+(0, 5)) -> (3308, 4, 4861, t3=t2+(1, 8))	2	142
(3601, 77, 2425, t1) & (2425, 44, 3601, t2=t1+(0, 6)) -> (2425, 77, 2425, t3=t2+(1, 6))	2	143
(946, 87, 826, t1) & (2593, 52, 946, t2=t1+(0, 4)) -> (826, 52, 826, t3=t2+(1, 6))	2	144
(69, 79, 3608, t1) & (2573, 180, 3608, t2=t1+(0, 3)) -> (3608, 79, 3608, t3=t2+(1, 4))	2	145
(33, 197, 3865, t1) & (4482, 61, 33, t2=t1+(0, 4)) -> (33, 61, 3865, t3=t2+(1, 4))	2	146
(2463, 165, 3617, t1) & (3617, 141, 1223, t2=t1+(0, 6)) -> (1223, 141, 2463, t3=t2+(1, 1))	2	147
(3215, 64, 4590, t1) & (2079, 157, 4590, t2=t1+(0, 4)) -> (2079, 157, 3215, t3=t2+(1, 2))	2	148
(4335, 113, 3379, t1) & (22, 107, 3379, t2=t1+(0, 4)) -> (3379, 113, 4335, t3=t2+(1, 2))	2	149
(2110, 19, 4363, t1) & (2110, 90, 4363, t2=t1+(0, 6)) -> (2110, 90, 4363, t3=t2+(1, 2))	2	150
(1327, 186, 4490, t1) & (1327, 40, 4490, t2=t1+(0, 4)) -> (1327, 40, 1327, t3=t2+(1, 4))	2	151
(4778, 110, 2119, t1) & (4778, 192, 4778, t2=t1+(0, 2)) -> (4778, 192, 4778, t3=t2+(1, 4))	2	152
(3830, 46, 4851, t1) & (4082, 114, 3830, t2=t1+(0, 6)) -> (4851, 46, 4851, t3=t2+(1, 4))	2	153
(4670, 7, 3988, t1) & (927, 12, 4670, t2=t1+(0, 4)) -> (4670, 12, 927, t3=t2+(1, 9))	2	154
(1199, 102, 2245, t1) & (1199, 94, 4824, t2=t1+(0, 6)) -> (4824, 102, 2245, t3=t2+(1, 3))	2	155
(601, 126, 3019, t1) & (3019, 174, 2190, t2=t1+(0, 6)) -> (2190, 126, 3019, t3=t2+(1, 5))	2	156
(1171, 35, 1140, t1) & (1171, 185, 1171, t2=t1+(0, 4)) -> (1171, 35, 1140, t3=t2+(1, 5))	2	157
(4074, 144, 360, t1) & (4074, 186, 4271, t2=t1+(0, 9)) -> (4271, 186, 4074, t3=t2+(1, 3))	2	158
(4459, 94, 3924, t1) & (2265, 39, 4459, t2=t1+(0, 3)) -> (3924, 39, 3924, t3=t2+(1, 5))	2	159
(1997, 151, 4621, t1) & (4621, 18, 676, t2=t1+(0, 6)) -> (4621, 151, 676, t3=t2+(1, 4))	2	160
(3065, 102, 4182, t1) & (4132, 196, 4182, t2=t1+(0, 5)) -> (4132, 196, 4182, t3=t2+(1, 5))	2	161
(1802, 120, 2854, t1) & (3586, 128, 1802, t2=t1+(0, 4)) -> (1802, 128, 1802, t3=t2+(1, 3))	2	162
(4257, 189, 1297, t1) & (1297, 167, 3474, t2=t1+(0, 4)) -> (1297, 167, 1297, t3=t2+(1, 5))	2	163
(3698, 190, 392, t1) & (3698, 114, 392, t2=t1+(0, 5)) -> (392, 114, 3698, t3=t2+(1, 3))	2	164
(2005, 191, 4505, t1) & (4505, 174, 4505, t2=t1+(0, 2)) -> (4505, 191, 2005, t3=t2+(1, 5))	2	165
(3129, 73, 1766, t1) & (3517, 25, 1766, t2=t1+(0, 4)) -> (1766, 73, 1766, t3=t2+(1, 2))	2	166
(4242, 33, 1620, t1) & (1620, 44, 4219, t2=t1+(0, 6)) -> (4219, 33, 1620, t3=t2+(1, 8))	2	167
(132, 79, 3946, t1) & (132, 185, 132, t2=t1+(0, 3)) -> (132, 185, 132, t3=t2+(1, 6))	2	168
(3999, 165, 2240, t1) & (2647, 79, 3999, t2=t1+(0, 3)) -> (3999, 165, 2647, t3=t2+(1, 3))	2	169
(4789, 38, 488, t1) & (488, 126, 2750, t2=t1+(0, 4)) -> (2750, 38, 4789, t3=t2+(1, 6))	2	170
(678, 136, 4987, t1) & (3133, 130, 4987, t2=t1+(0, 4)) -> (678, 136, 678, t3=t2+(1, 5))	2	171
(3334, 121, 3544, t1) & (3334, 144, 103, t2=t1+(0, 4)) -> (3334, 121, 103, t3=t2+(1, 5))	2	172
(3048, 86, 1336, t1) & (1486, 116, 3048, t2=t1+(0, 3)) -> (3048, 116, 1336, t3=t2+(1, 5))	2	173
(414, 195, 4560, t1) & (414, 15, 1336, t2=t1+(0, 4)) -> (414, 15, 414, t3=t2+(1, 6))	2	174
(2850, 149, 1489, t1) & (820, 42, 2850, t2=t1+(0, 7)) -> (820, 149, 2850, t3=t2+(1, 3))	2	175
(3932, 4, 1109, t1) & (1109, 91, 4916, t2=t1+(0, 3)) -> (3932, 91, 1109, t3=t2+(1, 6))	2	176
(3501, 70, 2347, t1) & (2347, 196, 3186, t2=t1+(0, 3)) -> (3186, 196, 2347, t3=t2+(1, 2))	2	177
(4273, 165, 4976, t1) & (4273, 4, 4273, t2=t1+(0, 6)) -> (4273, 4, 4273, t3=t2+(1, 5))	2	178
(4487, 156, 1936, t1) & (1682, 112, 1936, t2=t1+(0, 3)) -> (1936, 112, 1682, t3=t2+(1, 6))	2	179
(414, 132, 3297, t1) & (3297, 110, 769, t2=t1+(0, 2)) -> (3297, 110, 3297, t3=t2+(1, 3))	2	180
(2315, 70, 2234, t1) & (2315, 111, 2787, t2=t1+(0, 8)) -> (2315, 70, 2315, t3=t2+(1, 11))	2	181
(1264, 179, 3269, t1) & (3036, 145, 3269, t2=t1+(0, 3)) -> (3036, 145, 3269, t3=t2+(1, 6))	2	182
(749, 28, 689, t1) & (749, 149, 749, t2=t1+(0, 5)) -> (749, 28, 749, t3=t2+(1, 4))	2	183
(2543, 12, 632, t1) & (23, 125, 2543, t2=t1+(0, 5)) -> (632, 125, 23, t3=t2+(1, 7))	2	184
(1422, 31, 2858, t1) & (3824, 17, 2858, t2=t1+(0, 4)) -> (2858, 31, 1422, t3=t2+(1, 1))	2	185
(3337, 167, 224, t1) & (3030, 36, 224, t2=t1+(0, 3)) -> (3337, 167, 224, t3=t2+(1, 7))	2	186
(4906, 22, 4391, t1) & (4906, 80, 4906, t2=t1+(0, 5)) -> (4906, 22, 4906, t3=t2+(1, 3))	2	187
(628, 149, 4017, t1) & (628, 194, 4271, t2=t1+(0, 6)) -> (628, 149, 4017, t3=t2+(1, 5))	2	188
(2099, 88, 2376, t1) & (4850, 86, 2376, t2=t1+(0, 2)) -> (2376, 88, 2099, t3=t2+(1, 6))	2	189
(1835, 98, 2061, t1) & (1835, 53, 4739, t2=t1+(0, 4)) -> (2061, 98, 2061, t3=t2+(1, 1))	2	190
(3945, 132, 4362, t1) & (3945, 77, 3945, t2=t1+(0, 7)) -> (4362, 132, 3945, t3=t2+(1, 3))	2	191
(2088, 153, 4977, t1) & (4977, 134, 1817, t2=t1+(0, 7)) -> (2088, 153, 1817, t3=t2+(1, 7))	2	192
(3593, 11, 1650, t1) & (2322, 96, 1650, t2=t1+(0, 8)) -> (3593, 11, 1650, t3=t2+(1, 4))	2	193
(3935, 85, 4914, t1) & (4914, 88, 1515, t2=t1+(0, 7)) -> (4914, 85, 4914, t3=t2+(1, 1))	2	194
(2401, 124, 1128, t1) & (1128, 159, 2401, t2=t1+(0, 3)) -> (2401, 159, 2401, t3=t2+(1, 5))	2	195
(2750, 5, 3490, t1) & (2750, 104, 2750, t2=t1+(0, 4)) -> (2750, 104, 2750, t3=t2+(1, 7))	2	196
(4710, 112, 229, t1) & (928, 180, 229, t2=t1+(0, 7)) -> (4710, 180, 928, t3=t2+(1, 2))	2	197
(4612, 124, 182, t1) & (182, 42, 2335, t2=t1+(0, 4)) -> (182, 42, 2335, t3=t2+(1, 5))	2	198
(454, 125, 3707, t1) & (946, 64, 454, t2=t1+(0, 4)) -> (3707, 125, 3707, t3=t2+(1, 4))	2	199
(2574, 11, 111, t1) -> (2574, 11, 111, t2=t1+(1, 7))	1	200
(4672, 77, 4708, t1) -> (4708, 77, 4708, t2=t1+(1, 1))	1	201
(1809, 12, 3761, t1) -> (3761, 12, 1809, t2=t1+(1, 4))	1	202
(3055, 24, 294, t1) -> (3055, 24, 294, t2=t1+(1, 6))	1	203
(3102, 187, 4833, t1) -> (3102, 187, 4833, t2=t1+(1, 2))	1	204
(4063, 178, 4834, t1) -> (4063, 178, 4834, t2=t1+(1, 8))	1	205
(1037, 75, 4468, t1) -> (4468, 75, 1037, t2=t1+(1, 8))	1	206
(2412, 141, 3847, t1) -> (3847, 141, 2412, t2=t1+(1, 3))	1	207
(2867, 167, 3227, t1) -> (3227, 167, 3227, t2=t1+(1, 3))	1	208
(4360, 87, 4595, t1) -> (4360, 87, 4360, t2=t1+(1, 8))	1	209
(1675, 131, 867, t1) -> (867, 131, 1675, t2=t1+(1, 3))	1	210
(3379, 166, 872, t1) -> (872, 166, 872, t2=t1+(1, 7))	1	211
(2521, 28, 3114, t1) -> (2521, 28, 2521, t2=t1+(1, 3))	1	212
(2046, 74, 2143, t1) -> (2143, 74, 2143, t2=t1+(1, 4))	1	213
(4703, 78, 1447, t1) -> (1447, 78, 1447, t2=t1+(1, 11))	1	214
(1659, 2, 381, t1) -> (381, 2, 381, t2=t1+(1, 8))	1	215
(2308, 60, 3811, t1) -> (2308, 60, 2308, t2=t1+(1, 7))	1	216
(222, 197, 1761, t1) -> (222, 197, 222, t2=t1+(1, 3))	1	217
(2725, 38, 3733, t1) -> (2725, 38, 2725, t2=t1+(1, 4))	1	218
(3567, 147, 1068, t1) -> (3567, 147, 3567, t2=t1+(1, 4))	1	219
(2412, 6, 4936, t1) -> (2412, 6, 2412, t2=t1+(1, 7))	1	220
(3074, 193, 3078, t1) -> (3078, 193, 3078, t2=t1+(1, 4))	1	221
(4494, 30, 3714, t1) -> (3714, 30, 4494, t2=t1+(1, 7))	1	222
(987, 174, 3653, t1) -> (987, 174, 987, t2=t1+(1, 5))	1	223
(4385, 21, 4802, t1) -> (4802, 21, 4802, t2=t1+(1, 9))	1	224
(1800, 94, 3111, t1) -> (1800, 94, 3111, t2=t1+(1, 8))	1	225
(2630, 171, 4143, t1) -> (4143, 171, 4143, t2=t1+(1, 4))	1	226
(3109, 4, 4364, t1) -> (3109, 4, 4364, t2=t1+(1, 9))	1	227
(983, 82, 4980, t1) -> (983, 82, 983, t2=t1+(1, 4))	1	228
(4294, 78, 1012, t1) -> (4294, 78, 1012, t2=t1+(1, 6))	1	229
(909, 77, 3297, t1) -> (909, 77, 909, t2=t1+(1, 7))	1	230
(3588, 22, 3060, t1) -> (3060, 22, 3060, t2=t1+(1, 7))	1	231
(3994, 41, 4578, t1) -> (3994, 41, 3994, t2=t1+(1, 5))	1	232
(1617, 101, 4915, t1) -> (1617, 101, 4915, t2=t1+(1, 4))	1	233
(4390, 103, 2098, t1) -> (4390, 103, 4390, t2=t1+(1, 4))	1	234
(103, 169, 2813, t1) -> (103, 169, 2813, t2=t1+(1, 4))	1	235
(2438, 75, 1199, t1) -> (2438, 75, 1199, t2=t1+(1, 5))	1	236
(3305, 3, 1501, t1) -> (3305, 3, 3305, t2=t1+(1, 5))	1	237
(3571, 165, 2235, t1) -> (3571, 165, 3571, t2=t1+(1, 3))	1	238
(1315, 151, 2563, t1) -> (2563, 151, 2563, t2=t1+(1, 5))	1	239
(891, 108, 729, t1) -> (729, 108, 891, t2=t1+(1, 5))	1	240
(3248, 83, 501, t1) -> (3248, 83, 501, t2=t1+(1, 4))	1	241
(4884, 88, 1972, t1) -> (1972, 88, 4884, t2=t1+(1, 3))	1	242
(2699, 166, 3760, t1) -> (3760, 166, 2699, t2=t1+(1, 1))	1	243
(3843, 106, 1094, t1) -> (1094, 106, 3843, t2=t1+(1, 9))	1	244
(995, 18, 1716, t1) -> (995, 18, 995, t2=t1+(1, 4))	1	245
(3236, 10, 527, t1) -> (3236, 10, 3236, t2=t1+(1, 4))	1	246
(2404, 72, 2804, t1) -> (2804, 72, 2804, t2=t1+(1, 5))	1	247
(554, 152, 2528, t1) -> (554, 152, 2528, t2=t1+(1, 3))	1	248
(2346, 2, 1228, t1) -> (1228, 2, 1228, t2=t1+(1, 6))	1	249
(1749, 68, 1785, t1) -> (1749, 68, 1749, t2=t1+(1, 4))	1	250
(4658, 37, 1828, t1) -> (1828, 37, 4658, t2=t1+(1, 1))	1	251
(4694, 27, 4879, t1) -> (4694, 27, 4694, t2=t1+(1, 1))	1	252
(563, 111, 4179, t1) -> (563, 111, 4179, t2=t1+(1, 7))	1	253
(1414, 89, 1400, t1) -> (1400, 89, 1400, t2=t1+(1, 6))	1	254
(3328, 24, 4877, t1) -> (3328, 24, 3328, t2=t1+(1, 3))	1	255
(4213, 79, 2610, t1) -> (4213, 79, 2610, t2=t1+(1, 4))	1	256
(614, 146, 4773, t1) -> (614, 146, 4773, t2=t1+(1, 8))	1	257
(1337, 45, 3543, t1) -> (1337, 45, 3543, t2=t1+(1, 5))	1	258
(2945, 100, 3324, t1) -> (2945, 100, 3324, t2=t1+(1, 6))	1	259
(2295, 72, 1924, t1) -> (2295, 72, 1924, t2=t1+(1, 7))	1	260
(1395, 58, 2418, t1) -> (2418, 58, 2418, t2=t1+(1, 6))	1	261
(4263, 130, 4487, t1) -> (4263, 130, 4487, t2=t1+(1, 6))	1	262
(3183, 192, 1051, t1) -> (3183, 192, 1051, t2=t1+(1, 5))	1	263
(3898, 158, 3868, t1) -> (3898, 158, 3868, t2=t1+(1, 5))	1	264
(54, 196, 4945, t1) -> (54, 196, 4945, t2=t1+(1, 9))	1	265
(3899, 161, 3013, t1) -> (3013, 161, 3013, t2=t1+(1, 4))	1	266
(368, 9, 1339, t1) -> (368, 9, 368, t2=t1+(1, 8))	1	267
(2821, 70, 3425, t1) -> (3425, 70, 3425, t2=t1+(1, 5))	1	268
(290, 25, 430, t1) -> (430, 25, 290, t2=t1+(1, 5))	1	269
(359, 83, 2864, t1) -> (2864, 83, 359, t2=t1+(1, 5))	1	270
(3527, 31, 4353, t1) -> (4353, 31, 4353, t2=t1+(1, 7))	1	271
(2387, 68, 4105, t1) -> (2387, 68, 2387, t2=t1+(1, 7))	1	272
(3680, 167, 701, t1) -> (701, 167, 701, t2=t1+(1, 3))	1	273
(1490, 181, 769, t1) -> (769, 181, 769, t2=t1+(1, 2))	1	274
(50, 13, 1789, t1) -> (50, 13, 50, t2=t1+(1, 4))	1	275
(2003, 42, 1529, t1) -> (1529, 42, 1529, t2=t1+(1, 3))	1	276
(2148, 95, 2411, t1) -> (2148, 95, 2411, t2=t1+(1, 4))	1	277
(1664, 70, 2680, t1) -> (1664, 70, 2680, t2=t1+(1, 4))	1	278
(66, 100, 2166, t1) -> (66, 100, 66, t2=t1+(1, 5))	1	279
(4415, 160, 4731, t1) -> (4731, 160, 4415, t2=t1+(1, 2))	1	280
(982, 159, 1582, t1) -> (1582, 159, 1582, t2=t1+(1, 3))	1	281
(1749, 165, 4627, t1) -> (1749, 165, 4627, t2=t1+(1, 3))	1	282
(4632, 75, 4585, t1) -> (4585, 75, 4632, t2=t1+(1, 6))	1	283
(2313, 127, 2702, t1) -> (2313, 127, 2313, t2=t1+(1, 4))	1	284
(4542, 121, 51, t1) -> (51, 121, 51, t2=t1+(1, 7))	1	285
(3437, 29, 3596, t1) -> (3596, 29, 3596, t2=t1+(1, 3))	1	286
(810, 74, 3580, t1) -> (3580, 74, 810, t2=t1+(1, 8))	1	287
(172, 31, 1581, t1) -> (172, 31, 172, t2=t1+(1, 3))	1	288
(4757, 34, 415, t1) -> (4757, 34, 415, t2=t1+(1, 6))	1	289
(426, 94, 2633, t1) -> (2633, 94, 426, t2=t1+(1, 6))	1	290
(2408, 138, 3410, t1) -> (2408, 138, 2408, t2=t1+(1, 2))	1	291
(3021, 78, 1751, t1) -> (3021, 78, 3021, t2=t1+(1, 7))	1	292
(889, 79, 2560, t1) -> (889, 79, 889, t2=t1+(1, 6))	1	293
(4750, 185, 198, t1) -> (4750, 185, 4750, t2=t1+(1, 6))	1	294
(4355, 182, 422, t1) -> (422, 182, 4355, t2=t1+(1, 2))	1	295
(4252, 152, 3357, t1) -> (4252, 152, 4252, t2=t1+(1, 6))	1	296
(3055, 21, 3157, t1) -> (3157, 21, 3055, t2=t1+(1, 4))	1	297
(150, 70, 4288, t1) -> (150, 70, 4288, t2=t1+(1, 7))	1	298
(989, 18, 2534, t1) -> (989, 18, 989, t2=t1+(1, 6))	1	299
