(1407, 45, 3618, t1) & (1139, 54, 1096, t2=t1+(0, 5)) & (1096, 5, 3618, t3=t2+(0, 4)) -> (1096, 5, 3618, t4=t3+(1, 6))	3	0
(3953, 171, 3494, t1) & (4663, 124, 4677, t2=t1+(0, 1)) & (3494, 165, 4677, t3=t2+(0, 4)) -> (4677, 165, 4677, t4=t3+(1, 3))	3	1
(4206, 141, 2525, t1) & (551, 116, 190, t2=t1+(0, 3)) & (4206, 41, 551, t3=t2+(0, 3)) -> (551, 141, 551, t4=t3+(1, 3))	3	2
(4969, 30, 3703, t1) & (1221, 98, 4280, t2=t1+(0, 2)) & (4280, 37, 4969, t3=t2+(0, 4)) -> (4280, 37, 4969, t4=t3+(1, 5))	3	3
(3622, 105, 3276, t1) & (1531, 162, 321, t2=t1+(0, 3)) & (321, 90, 3622, t3=t2+(0, 5)) -> (321, 90, 3622, t4=t3+(1, 3))	3	4
(1830, 49, 2588, t1) & (1965, 72, 1656, t2=t1+(0, 5)) & (1830, 83, 1656, t3=t2+(0, 5)) -> (1656, 49, 2588, t4=t3+(1, 6))	3	5
(206, 188, 4309, t1) & (754, 10, 500, t2=t1+(0, 5)) & (4309, 143, 754, t3=t2+(0, 4)) -> (4309, 10, 500, t4=t3+(1, 3))	3	6
(4325, 8, 2861, t1) & (2566, 76, 1334, t2=t1+(0, 7)) & (2566, 38, 4325, t3=t2+(0, 6)) -> (1334, 38, 2566, t4=t3+(1, 10))	3	7
(3484, 50, 3728, t1) & (4169, 148, 1876, t2=t1+(0, 3)) & (4169, 180, 3484, t3=t2+(0, 4)) -> (4169, 50, 4169, t4=t3+(1, 4))	3	8
(3448, 79, 1518, t1) & (4213, 113, 2438, t2=t1+(0, 4)) & (1518, 86, 2438, t3=t2+(0, 3)) -> (1518, 86, 1518, t4=t3+(1, 7))	3	9
(1365, 106, 3085, t1) & (3671, 145, 4263, t2=t1+(0, 4)) & (4263, 42, 1365, t3=t2+(0, 5)) -> (1365, 106, 4263, t4=t3+(1, 4))	3	10
(3099, 132, 2645, t1) & (3261, 49, 1139, t2=t1+(0, 4)) & (2645, 147, 3261, t3=t2+(0, 3)) -> (2645, 49, 3261, t4=t3+(1, 5))	3	11
(3445, 5, 4019, t1) & (3000, 109, 2790, t2=t1+(0, 2)) & (4019, 68, 2790, t3=t2+(0, 2)) -> (3000, 109, 3445, t4=t3+(1, 5))	3	12
(710, 84, 1835, t1) & (2336, 16, 679, t2=t1+(0, 3)) & (2336, 62, 710, t3=t2+(0, 6)) -> (2336, 62, 710, t4=t3+(1, 5))	3	13
(2792, 17, 1946, t1) & (1635, 100, 409, t2=t1+(0, 4)) & (2792, 56, 1635, t3=t2+(0, 2)) -> (2792, 17, 1946, t4=t3+(1, 6))	3	14
(1934, 1, 3084, t1) & (1355, 51, 1961, t2=t1+(0, 7)) & (1961, 46, 3084, t3=t2+(0, 4)) -> (1961, 46, 3084, t4=t3+(1, 5))	3	15
(1222, 138, 2246, t1) & (337, 107, 3320, t2=t1+(0, 4)) & (3320, 21, 1222, t3=t2+(0, 2)) -> (1222, 21, 3320, t4=t3+(1, 2))	3	16
(3736, 69, 2637, t1) & (2927, 152, 321, t2=t1+(0, 8)) & (3736, 21, 2927, t3=t2+(0, 6)) -> (2637, 152, 3736, t4=t3+(1, 5))	3	17
(166, 127, 3216, t1) & (1043, 81, 1800, t2=t1+(0, 4)) & (1800, 162, 166, t3=t2+(0, 5)) -> (166, 127, 1800, t4=t3+(1, 7))	3	18
(2607, 65, 3514, t1) & (2245, 41, 4061, t2=t1+(0, 4)) & (2607, 28, 2245, t3=t2+(0, 3)) -> (2607, 28, 2245, t4=t3+(1, 7))	3	19
(1959, 191, 1702, t1) & (3251, 163, 2575, t2=t1+(0, 4)) & (3251, 75, 1702, t3=t2+(0, 1)) -> (1702, 75, 3251, t4=t3+(1, 6))	3	20
(795, 168, 4335, t1) & (1198, 126, 1292, t2=t1+(0, 3)) & (795, 3, 1292, t3=t2+(0, 4)) -> (1292, 3, 1292, t4=t3+(1, 3))	3	21
(4561, 67, 4106, t1) & (3912, 125, 1541, t2=t1+(0, 1)) & (4106, 152, 1541, t3=t2+(0, 7)) -> (4561, 67, 4106, t4=t3+(1, 3))	3	22
(3219, 128, 27, t1) & (3605, 135, 3537, t2=t1+(0, 5)) & (3537, 45, 3219, t3=t2+(0, 4)) -> (27, 45, 27, t4=t3+(1, 8))	3	23
(3345, 120, 1265, t1) & (143, 17, 4029, t2=t1+(0, 5)) & (4029, 58, 1265, t3=t2+(0, 3)) -> (1265, 120, 4029, t4=t3+(1, 5))	3	24
(1894, 85, 4984, t1) & (4702, 122, 1894, t2=t1+(0, 3)) -> (1894, 122, 1894, t3=t2+(1, 3))	2	25
(3163, 146, 3134, t1) & (3134, 47, 3163, t2=t1+(0, 9)) -> (3134, 146, 3163, t3=t2+(1, 5))	2	26
(604, 168, 375, t1) & (604, 94, 375, t2=t1+(0, 6)) -> (604, 168, 375, t3=t2+(1, 2))	2	27
(1362, 99, 4552, t1) & (1362, 139, 4552, t2=t1+(0, 8)) -> (1362, 99, 4552, t3=t2+(1, 3))	2	28
(2425, 45, 534, t1) & (2425, 159, 816, t2=t1+(0, 6)) -> (2425, 45, 816, t3=t2+(1, 6))	2	29
(1002, 67, 2185, t1) & (2185, 21, 2185, t2=t1+(0, 3)) -> (2185, 21, 2185, t3=t2+(1, 6))	2	30
(2696, 177, 1803, t1) & (1803, 84, 4842, t2=t1+(0, 3)) -> (1803, 177, 4842, t3=t2+(1, 8))	2	31
(1603, 83, 3226, t1) & (3226, 186, 1351, t2=t1+(0, 5)) -> (1603, 83, 1603, t3=t2+(1, 5))	2	32
(3740, 11, 2367, t1) & (2367, 51, 118, t2=t1+(0, 7)) -> (2367, 51, 3740, t3=t2+(1, 7))	2	33
(2537, 100, 2831, t1) & (295, 176, 2831, t2=t1+(0, 5)) -> (2537, 176, 295, t3=t2+(1, 5))	2	34
(638, 37, 4000, t1) & (638, 133, 3448, t2=t1+(0, 6)) -> (3448, 133, 3448, t3=t2+(1, 8))	2	35
(2599, 120, 1335, t1) & (2864, 75, 2599, t2=t1+(0, 6)) -> (1335, 75, 2599, t3=t2+(1, 2))	2	36
(2507, 138, 2439, t1) & (3304, 27, 2439, t2=t1+(0, 4)) -> (2439, 138, 3304, t3=t2+(1, 5))	2	37
(2169, 146, 4553, t1) & (2990, 27, 4553, t2=t1+(0, 3)) -> (4553, 27, 2990, t3=t2+(1, 6))	2	38
(3207, 56, 1030, t1) & (1030, 133, 1681, t2=t1+(0, 9)) -> (3207, 56, 1030, t3=t2+(1, 7))	2	39
(3515, 98, 2832, t1) & (3515, 36, 2832, t2=t1+(0, 3)) -> (3515, 36, 3515, t3=t2+(1, 7))	2	40
(2529, 102, 3942, t1) & (2529, 49, 3942, t2=t1+(0, 6)) -> (3942, 49, 2529, t3=t2+(1, 5))	2	41
(2932, 4, 2799, t1) & (2932, 67, 2932, t2=t1+(0, 4)) -> (2932, 67, 2932, t3=t2+(1, 4))	2	42
(2900, 36, 3730, t1) & (2900, 17, 3730, t2=t1+(0, 7)) -> (3730, 36, 3730, t3=t2+(1, 6))	2	43
(1037, 165, 4915, t1) & (1037, 62, 1037, t2=t1+(0, 7)) -> (4915, 165, 1037, t3=t2+(1, 5))	2	44
(2329, 91, 4008, t1) & (3162, 173, 4008, t2=t1+(0, 4)) -> (3162, 91, 2329, t3=t2+(1, 6))	2	45
(3150, 169, 2001, t1) & (2001, 166, 2001, t2=t1+(0, 2)) -> (2001, 166, 3150, t3=t2+(1, 8))	2	46
(716, 94, 3740, t1) & (4553, 45, 3740, t2=t1+(0, 9)) -> (716, 94, 716, t3=t2+(1, 5))	2	47
(1469, 123, 4188, t1) & (3837, 160, 4188, t2=t1+(0, 3)) -> (3837, 160, 1469, t3=t2+(1, 5))	2	48
(4790, 91, 3935, t1) & (3935, 184, 4300, t2=t1+(0, 2)) -> (4790, 184, 3935, t3=t2+(1, 3))	2	49
(3330, 65, 2546, t1) & (2546, 181, 183, t2=t1+(0, 6)) -> (2546, 181, 2546, t3=t2+(1, 3))	2	50
(1692, 125, 3822, t1) & (2245, 179, 1692, t2=t1+(0, 6)) -> (2245, 179, 3822, t3=t2+(1, 6))	2	51
(1886, 86, 3678, t1) & (4199, 183, 1886, t2=t1+(0, 5)) -> (3678, 86, 1886, t3=t2+(1, 7))	2	52
(3667, 91, 935, t1) & (3667, 184, 649, t2=t1+(0, 4)) -> (3667, 91, 3667, t3=t2+(1, 5))	2	53
(4058, 164, 964, t1) & (4058, 107, 4697, t2=t1+(0, 3)) -> (4697, 107, 4058, t3=t2+(1, 7))	2	54
(1523, 16, 883, t1) & (4521, 66, 1523, t2=t1+(0, 3)) -> (4521, 16, 1523, t3=t2+(1, 4))	2	55
(1254, 86, 1950, t1) & (2057, 165, 1950, t2=t1+(0, 9)) -> (1254, 86, 1254, t3=t2+(1, 2))	2	56
(3049, 134, 919, t1) & (2872, 26, 919, t2=t1+(0, 5)) -> (3049, 26, 919, t3=t2+(1, 2))	2	57
(3100, 161, 1428, t1) & (48, 42, 1428, t2=t1+(0, 3)) -> (48, 161, 1428, t3=t2+(1, 2))	2	58
(2808, 81, 4702, t1) & (3876, 55, 2808, t2=t1+(0, 5)) -> (2808, 81, 3876, t3=t2+(1, 1))	2	59
(4835, 30, 3285, t1) & (4356, 38, 4835, t2=t1+(0, 1)) -> (4356, 38, 3285, t3=t2+(1, 11))	2	60
(3250, 40, 2589, t1) & (3995, 21, 3250, t2=t1+(0, 5)) -> (2589, 40, 3250, t3=t2+(1, 5))	2	61
(1087, 151, 4549, t1) & (4549, 85, 1087, t2=t1+(0, 6)) -> (4549, 151, 4549, t3=t2+(1, 9))	2	62
(1830, 128, 1557, t1) & (1830, 125, 1226, t2=t1+(0, 3)) -> (1226, 128, 1830, t3=t2+(1, 6))	2	63
(547, 137, 4422, t1) & (547, 195, 4422, t2=t1+(0, 6)) -> (4422, 137, 547, t3=t2+(1, 4))	2	64
(455, 199, 4579, t1) & (455, 144, 455, t2=t1+(0, 7)) -> (4579, 144, 4579, t3=t2+(1, 8))	2	65
(930, 129, 1671, t1) & (930, 32, 930, t2=t1+(0, 4)) -> (930, 129, 1671, t3=t2+(1, 5))	2	66
(598, 95, 1542, t1) & (1542, 110, 598, t2=t1+(0, 7)) -> (1542, 110, 598, t3=t2+(1, 5))	2	67
(4490, 68, 15, t1) & (4490, 21, 4490, t2=t1+(0, 5)) -> (4490, 68, 4490, t3=t2+(1, 1))	2	68
(503, 98, 1950, t1) & (503, 121, 3137, t2=t1+(0, 9)) -> (1950, 98, 503, t3=t2+(1, 5))	2	69
(2876, 98, 1192, t1) & (1192, 142, 3693, t2=t1+(0, 6)) -> (1192, 142, 1192, t3=t2+(1, 3))	2	70
(626, 66, 3820, t1) & (3820, 54, 626, t2=t1+(0, 2)) -> (626, 66, 3820, t3=t2+(1, 7))	2	71
(430, 25, 3895, t1) & (975, 86, 3895, t2=t1+(0, 6)) -> (975, 25, 975, t3=t2+(1, 3))	2	72
(3924, 5, 4187, t1) & (3079, 87, 4187, t2=t1+(0, 8)) -> (4187, 87, 3079, t3=t2+(1, 9))	2	73
(2768, 59, 4052, t1) & (2768, 103, 4052, t2=t1+(0, 7)) -> (4052, 103, 2768, t3=t2+(1, 3))	2	74
(3536, 88, 1607, t1) & (1607, 196, 4008, t2=t1+(0, 2)) -> (4008, 88, 3536, t3=t2+(1, 5))	2	75
(1140, 176, 2163, t1) & (1140, 183, 2163, t2=t1+(0, 8)) -> (2163, 176, 2163, t3=t2+(1, 4))	2	76
(1232, 13, 3690, t1) & (1804, 120, 1232, t2=t1+(0, 4)) -> (1232, 13, 1232, t3=t2+(1, 7))	2	77
(4451, 69, 4844, t1) & (1673, 147, 4451, t2=t1+(0, 14)) -> (4844, 69, 1673, t3=t2+(1, 5))	2	78
(1277, 80, 773, t1) & (773, 76, 3490, t2=t1+(0, 1)) -> (1277, 80, 3490, t3=t2+(1, 3))	2	79
(2318, 117, 3173, t1) & (3173, 33, 2881, t2=t1+(0, 4)) -> (2318, 117, 2881, t3=t2+(1, 4))	2	80
(2340, 113, 4581, t1) & (778, 5, 4581, t2=t1+(0, 7)) -> (4581, 5, 778, t3=t2+(1, 3))	2	81
(4901, 113, 2406, t1) & (2406, 5, 2199, t2=t1+(0, 4)) -> (2199, 5, 2406, t3=t2+(1, 3))	2	82
(3225, 194, 3878, t1) & (3878, 184, 3358, t2=t1+(0, 9)) -> (3358, 194, 3225, t3=t2+(1, 6))	2	83
(4929, 45, 4127, t1) & (1874, 113, 4127, t2=t1+(0, 6)) -> (4929, 45, 1874, t3=t2+(1, 6))	2	84
(1689, 2, 2481, t1) & (824, 80, 2481, t2=t1+(0, 6)) -> (1689, 2, 824, t3=t2+(1, 6))	2	85
(1130, 1, 1262, t1) & (1262, 133, 1262, t2=t1+(0, 1)) -> (1262, 1, 1130, t3=t2+(1, 4))	2	86
(2906, 107, 4597, t1) & (4597, 161, 2906, t2=t1+(0, 4)) -> (4597, 161, 2906, t3=t2+(1, 4))	2	87
(3271, 76, 2370, t1) & (3271, 28, 2674, t2=t1+(0, 4)) -> (2370, 28, 2370, t3=t2+(1, 4))	2	88
(3335, 192, 1199, t1) & (1199, 170, 3335, t2=t1+(0, 5)) -> (1199, 192, 1199, t3=t2+(1, 7))	2	89
(4779, 190, 97, t1) & (1964, 160, 4779, t2=t1+(0, 6)) -> (1964, 190, 4779, t3=t2+(1, 1))	2	90
(1179, 171, 388, t1) & (4617, 74, 388, t2=t1+(0, 2)) -> (1179, 74, 388, t3=t2+(1, 4))	2	91
(1110, 99, 1922, t1) & (1922, 199, 1110, t2=t1+(0, 6)) -> (1110, 199, 1110, t3=t2+(1, 3))	2	92
(3156, 135, 3409, t1) & (3156, 127, 3841, t2=t1+(0, 5)) -> (3156, 127, 3156, t3=t2+(1, 8))	2	93
(2426, 65, 4959, t1) & (2426, 21, 2426, t2=t1+(0, 4)) -> (2426, 21, 2426, t3=t2+(1, 3))	2	94
(3374, 189, 4911, t1) & (3374, 142, 3062, t2=t1+(0, 7)) -> (4911, 142, 3062, t3=t2+(1, 7))	2	95
(2928, 23, 1372, t1) & (2143, 68, 1372, t2=t1+(0, 5)) -> (1372, 68, 1372, t3=t2+(1, 2))	2	96
(1547, 56, 3907, t1) & (1547, 70, 3907, t2=t1+(0, 4)) -> (3907, 70, 1547, t3=t2+(1, 6))	2	97
(1884, 160, 1089, t1) & (1089, 65, 1089, t2=t1+(0, 5)) -> (1884, 65, 1089, t3=t2+(1, 6))	2	98
(196, 9, 1831, t1) & (1831, 142, 196, t2=t1+(0, 4)) -> (1831, 142, 196, t3=t2+(1, 5))	2	99
(3659, 151, 340, t1) & (340, 126, 3514, t2=t1+(0, 5)) -> (3659, 126, 3659, t3=t2+(1, 8))	2	100
(2819, 72, 4033, t1) & (2819, 113, 4410, t2=t1+(0, 6)) -> (2819, 72, 4033, t3=t2+(1, 4))	2	101
(2877, 101, 31, t1) & (2877, 170, 2877, t2=t1+(0, 9)) -> (2877, 170, 2877, t3=t2+(1, 2))	2	102
(3847, 134, 2238, t1) & (2209, 8, 3847, t2=t1+(0, 6)) -> (3847, 8, 3847, t3=t2+(1, 2))	2	103
(3570, 81, 1889, t1) & (3570, 146, 3975, t2=t1+(0, 4)) -> (3570, 81, 1889, t3=t2+(1, 7))	2	104
(4969, 123, 617, t1) & (617, 51, 4969, t2=t1+(0, 4)) -> (4969, 123, 617, t3=t2+(1, 3))	2	105
(382, 16, 2313, t1) & (382, 132, 2302, t2=t1+(0, 0)) -> (2302, 132, 382, t3=t2+(1, 3))	2	106
(453, 33, 2984, t1) & (3949, 5, 453, t2=t1+(0, 3)) -> (2984, 33, 2984, t3=t2+(1, 8))	2	107
(3417, 35, 4767, t1) & (4720, 99, 3417, t2=t1+(0, 4)) -> (3417, 35, 3417, t3=t2+(1, 3))	2	108
(4165, 39, 420, t1) & (4165, 198, 3750, t2=t1+(0, 5)) -> (4165, 39, 420, t3=t2+(1, 6))	2	109
(2526, 37, 239, t1) & (2526, 190, 2526, t2=t1+(0, 1)) -> (2526, 190, 2526, t3=t2+(1, 2))	2	110
(1683, 174, 3818, t1) & (3541, 195, 1683, t2=t1+(0, 3)) -> (3818, 195, 3541, t3=t2+(1, 9))	2	111
(2574, 126, 1523, t1) & (1944, 45, 2574, t2=t1+(0, 5)) -> (1944, 45, 1523, t3=t2+(1, 3))	2	112
(1633, 21, 1448, t1) & (1448, 44, 1633, t2=t1+(0, 2)) -> (1633, 21, 1448, t3=t2+(1, 8))	2	113
(1517, 116, 358, t1) & (358, 77, 1517, t2=t1+(0, 5)) -> (358, 116, 1517, t3=t2+(1, 2))	2	114
(3468, 73, 3104, t1) & (3104, 69, 3468, t2=t1+(0, 6)) -> (3468, 73, 3468, t3=t2+(1, 3))	2	115
(528, 11, 4752, t1) & (528, 68, 3355, t2=t1+(0, 6)) -> (528, 68, 4752, t3=t2+(1, 4))	2	116
(3859, 169, 1506, t1) & (1506, 82, 2750, t2=t1+(0, 5)) -> (1506, 169, 3859, t3=t2+(1, 6))	2	117
(2069, 93, 2751, t1) & (4563, 19, 2069, t2=t1+(0, 5)) -> (2751, 93, 2069, t3=t2+(1, 7))	2	118
(1165, 66, 479, t1) & (1165, 119, 1675, t2=t1+(0, 3)) -> (1675, 119, 479, t3=t2+(1, 7))	2	119
(504, 197, 2756, t1) & (504, 67, 2756, t2=t1+(0, 4)) -> (2756, 197, 2756, t3=t2+(1, 5))	2	120
(2032, 150, 1792, t1) & (3663, 155, 2032, t2=t1+(0, 2)) -> (3663, 150, 1792, t3=t2+(1, 2))	2	121
(2632, 148, 4570, t1) & (2632, 166, 797, t2=t1+(0, 3)) -> (2632, 166, 2632, t3=t2+(1, 2))	2	122
(256, 122, 1059, t1) & (1059, 84, 256, t2=t1+(0, 8)) -> (256, 84, 256, t3=t2+(1, 2))	2	123
(1572, 80, 1376, t1) & (1376, 59, 1572, t2=t1+(0, 11)) -> (1572, 59, 1572, t3=t2+(1, 5))	2	124
(2682, 183, 1520, t1) -> (1520, 183, 2682, t2=t1+(1, 4))	1	125
(4546, 105, 4381, t1) -> (4546, 105, 4381, t2=t1+(1, 2))	1	126
(3630, 40, 56, t1) -> (3630, 40, 3630, t2=t1+(1, 5))	1	127
(578, 49, 3835, t1) -> (578, 49, 578, t2=t1+(1, 4))	1	128
(2565, 197, 1261, t1) -> (1261, 197, 1261, t2=t1+(1, 6))	1	129
(1549, 89, 1809, t1) -> (1809, 89, 1549, t2=t1+(1, 4))	1	130
(179, 176, 1902, t1) -> (179, 176, 1902, t2=t1+(1, 1))	1	131
(1877, 106, 1294, t1) -> (1294, 106, 1294, t2=t1+(1, 4))	1	132
(466, 150, 3467, t1) -> (3467, 150, 3467, t2=t1+(1, 6))	1	133
(4008, 151, 1842, t1) -> (1842, 151, 1842, t2=t1+(1, 1))	1	134
(439, 28, 3875, t1) -> (439, 28, 3875, t2=t1+(1, 8))	1	135
(3803, 36, 1309, t1) -> (1309, 36, 1309, t2=t1+(1, 6))	1	136
(770, 34, 598, t1) -> (770, 34, 770, t2=t1+(1, 8))	1	137
(3277, 163, 2092, t1) -> (3277, 163, 3277, t2=t1+(1, 10))	1	138
(3664, 142, 3409, t1) -> (3409, 142, 3664, t2=t1+(1, 5))	1	139
(1080, 50, 2782, t1) -> (2782, 50, 2782, t2=t1+(1, 9))	1	140
(2691, 33, 1719, t1) -> (1719, 33, 2691, t2=t1+(1, 1))	1	141
(4913, 90, 1220, t1) -> (4913, 90, 4913, t2=t1+(1, 1))	1	142
(1650, 48, 3394, t1) -> (1650, 48, 3394, t2=t1+(1, 2))	1	143
(1001, 101, 1394, t1) -> (1001, 101, 1001, t2=t1+(1, 1))	1	144
(596, 164, 216, t1) -> (216, 164, 596, t2=t1+(1, 1))	1	145
(3718, 78, 1867, t1) -> (1867, 78, 1867, t2=t1+(1, 4))	1	146
(900, 31, 2136, t1) -> (2136, 31, 900, t2=t1+(1, 8))	1	147
(896, 131, 1050, t1) -> (1050, 131, 896, t2=t1+(1, 6))	1	148
(4226, 148, 1463, t1) -> (4226, 148, 4226, t2=t1+(1, 4))	1	149
(3264, 5, 3324, t1) -> (3264, 5, 3324, t2=t1+(1, 8))	1	150
(4994, 192, 4567, t1) -> (4567, 192, 4994, t2=t1+(1, 4))	1	151
(4731, 39, 564, t1) -> (564, 39, 4731, t2=t1+(1, 6))	1	152
(4240, 42, 3014, t1) -> (3014, 42, 3014, t2=t1+(1, 8))	1	153
(3470, 171, 438, t1) -> (438, 171, 438, t2=t1+(1, 4))	1	154
(3633, 97, 4674, t1) -> (3633, 97, 3633, t2=t1+(1, 9))	1	155
(378, 183, 3550, t1) -> (378, 183, 3550, t2=t1+(1, 7))	1	156
(4470, 108, 1263, t1) -> (1263, 108, 1263, t2=t1+(1, 2))	1	157
(1190, 153, 3453, t1) -> (3453, 153, 3453, t2=t1+(1, 12))	1	158
(3714, 180, 767, t1) -> (3714, 180, 3714, t2=t1+(1, 5))	1	159
(4100, 74, 3982, t1) -> (3982, 74, 4100, t2=t1+(1, 6))	1	160
(124, 112, 4448, t1) -> (124, 112, 4448, t2=t1+(1, 7))	1	161
(1094, 14, 3979, t1) -> (3979, 14, 1094, t2=t1+(1, 6))	1	162
(2747, 16, 2039, t1) -> (2747, 16, 2747, t2=t1+(1, 6))	1	163
(512, 172, 1324, t1) -> (1324, 172, 1324, t2=t1+(1, 5))	1	164
(3731, 132, 1098, t1) -> (1098, 132, 3731, t2=t1+(1, 3))	1	165
(1097, 5, 3787, t1) -> (1097, 5, 1097, t2=t1+(1, 5))	1	166
(4359, 84, 658, t1) -> (658, 84, 4359, t2=t1+(1, 4))	1	167
(1847, 164, 2619, t1) -> (1847, 164, 1847, t2=t1+(1, 7))	1	168
(1320, 199, 3660, t1) -> (3660, 199, 1320, t2=t1+(1, 4))	1	169
(1115, 115, 3269, t1) -> (1115, 115, 3269, t2=t1+(1, 2))	1	170
(1161, 183, 3527, t1) -> (3527, 183, 3527, t2=t1+(1, 5))	1	171
(4625, 108, 3826, t1) -> (4625, 108, 4625, t2=t1+(1, 4))	1	172
(4984, 133, 6, t1) -> (4984, 133, 6, t2=t1+(1, 4))	1	173
(3055, 37, 1422, t1) -> (3055, 37, 3055, t2=t1+(1, 6))	1	174
(3207, 136, 935, t1) -> (935, 136, 935, t2=t1+(1, 9))	1	175
(417, 70, 2401, t1) -> (417, 70, 2401, t2=t1+(1, 9))	1	176
(2621, 185, 2136, t1) -> (2136, 185, 2621, t2=t1+(1, 8))	1	177
(1789, 136, 208, t1) -> (208, 136, 208, t2=t1+(1, 8))	1	178
(4844, 47, 4623, t1) -> (4844, 47, 4844, t2=t1+(1, 5))	1	179
(3532, 13, 4054, t1) -> (3532, 13, 3532, t2=t1+(1, 3))	1	180
(4700, 157, 4879, t1) -> (4879, 157, 4879, t2=t1+(1, 5))	1	181
(3344, 181, 3400, t1) -> (3400, 181, 3344, t2=t1+(1, 3))	1	182
(2878, 41, 4228, t1) -> (2878, 41, 2878, t2=t1+(1, 4))	1	183
(116, 20, 3545, t1) -> (3545, 20, 116, t2=t1+(1, 6))	1	184
(3106, 67, 4430, t1) -> (3106, 67, 3106, t2=t1+(1, 7))	1	185
(170, 11, 1131, t1) -> (170, 11, 1131, t2=t1+(1, 5))	1	186
(283, 58, 2530, t1) -> (283, 58, 2530, t2=t1+(1, 7))	1	187
(4931, 166, 2435, t1) -> (4931, 166, 4931, t2=t1+(1, 3))	1	188
(3465, 119, 3989, t1) -> (3465, 119, 3465, t2=t1+(1, 5))	1	189
(4262, 132, 2571, t1) -> (4262, 132, 4262, t2=t1+(1, 5))	1	190
(1838, 125, 3122, t1) -> (1838, 125, 1838, t2=t1+(1, 6))	1	191
(4925, 53, 266, t1) -> (266, 53, 4925, t2=t1+(1, 3))	1	192
(274, 105, 287, t1) -> (287, 105, 287, t2=t1+(1, 2))	1	193
(2110, 70, 2117, t1) -> (2110, 70, 2117, t2=t1+(1, 5))	1	194
(921, 34, 2988, t1) -> (2988, 34, 2988, t2=t1+(1, 4))	1	195
(3426, 29, 3918, t1) -> (3426, 29, 3918, t2=t1+(1, 5))	1	196
(2590, 112, 2882, t1) -> (2882, 112, 2590, t2=t1+(1, 8))	1	197
(4769, 198, 1271, t1) -> (1271, 198, 4769, t2=t1+(1, 8))	1	198
(1287, 113, 4312, t1) -> (4312, 113, 1287, t2=t1+(1, 8))	1	199
(881, 9, 323, t1) -> (881, 9, 323, t2=t1+(1, 1))	1	200
(1599, 76, 2176, t1) -> (1599, 76, 2176, t2=t1+(1, 2))	1	201
(3375, 114, 1285, t1) -> (3375, 114, 1285, t2=t1+(1, 3))	1	202
(1254, 72, 4240, t1) -> (1254, 72, 4240, t2=t1+(1, 6))	1	203
(4638, 83, 4210, t1) -> (4638, 83, 4638, t2=t1+(1, 2))	1	204
(185, 46, 4115, t1) -> (4115, 46, 185, t2=t1+(1, 4))	1	205
(569, 138, 824, t1) -> (569, 138, 824, t2=t1+(1, 5))	1	206
(2831, 5, 321, t1) -> (321, 5, 321, t2=t1+(1, 7))	1	207
(4078, 156, 800, t1) -> (800, 156, 4078, t2=t1+(1, 3))	1	208
(4906, 115, 3565, t1) -> (4906, 115, 3565, t2=t1+(1, 6))	1	209
(2968, 96, 4142, t1) -> (4142, 96, 2968, t2=t1+(1, 4))	1	210
(3272, 68, 1534, t1) -> (3272, 68, 1534, t2=t1+(1, 12))	1	211
(1736, 57, 4669, t1) -> (4669, 57, 1736, t2=t1+(1, 7))	1	212
(3526, 175, 1777, t1) -> (1777, 175, 3526, t2=t1+(1, 2))	1	213
(3170, 10, 2645, t1) -> (2645, 10, 2645, t2=t1+(1, 8))	1	214
(4125, 179, 306, t1) -> (4125, 179, 306, t2=t1+(1, 9))	1	215
(1597, 63, 2539, t1) -> (1597, 63, 1597, t2=t1+(1, 3))	1	216
(4343, 39, 453, t1) -> (4343, 39, 453, t2=t1+(1, 5))	1	217
(3577, 38, 4917, t1) -> (4917, 38, 3577, t2=t1+(1, 2))	1	218
(3451, 142, 4199, t1) -> (4199, 142, 4199, t2=t1+(1, 7))	1	219
(3064, 57, 1909, t1) -> (1909, 57, 3064, t2=t1+(1, 7))	1	220
(3463, 8, 601, t1) -> (3463, 8, 3463, t2=t1+(1, 7))	1	221
(552, 174, 2004, t1) -> (2004, 174, 552, t2=t1+(1, 5))	1	222
(2540, 46, 2193, t1) -> (2540, 46, 2540, t2=t1+(1, 5))	1	223
(4626, 13, 3492, t1) -> (3492, 13, 4626, t2=t1+(1, 6))	1	224
(4249, 176, 4905, t1) -> (4905, 176, 4249, t2=t1+(1, 10))	1	225
(3956, 125, 376, t1) -> (376, 125, 376, t2=t1+(1, 8))	1	226
(1963, 164, 1556, t1) -> (1556, 164, 1963, t2=t1+(1, 6))	1	227
(284, 172, 641, t1) -> (284, 172, 284, t2=t1+(1, 2))	1	228
(1340, 71, 4274, t1) -> (1340, 71, 1340, t2=t1+(1, 7))	1	229
(1021, 75, 4246, t1) -> (4246, 75, 4246, t2=t1+(1, 4))	1	230
(1809, 36, 111, t1) -> (1809, 36, 111, t2=t1+(1, 5))	1	231
(3108, 7, 4313, t1) -> (4313, 7, 3108, t2=t1+(1, 10))	1	232
(424, 28, 2949, t1) -> (424, 28, 2949, t2=t1+(1, 10))	1	233
(3621, 168, 3969, t1) -> (3621, 168, 3621, t2=t1+(1, 4))	1	234
(1683, 106, 1788, t1) -> (1788, 106, 1788, t2=t1+(1, 11))	1	235
(3824, 39, 1926, t1) -> (1926, 39, 1926, t2=t1+(1, 8))	1	236
(510, 195, 4884, t1) -> (4884, 195, 4884, t2=t1+(1, 2))	1	237
(881, 165, 2702, t1) -> (881, 165, 2702, t2=t1+(1, 3))	1	238
(806, 158, 3621, t1) -> (3621, 158, 806, t2=t1+(1, 3))	1	239
(890, 51, 3862, t1) -> (890, 51, 3862, t2=t1+(1, 10))	1	240
(931, 115, 368, t1) -> (368, 115, 931, t2=t1+(1, 3))	1	241
(1282, 172, 735, t1) -> (1282, 172, 1282, t2=t1+(1, 7))	1	242
(4344, 81, 3664, t1) -> (3664, 81, 4344, t2=t1+(1, 7))	1	243
(2797, 33, 3247, t1) -> (2797, 33, 3247, t2=t1+(1, 5))	1	244
(3584, 187, 3153, t1) -> (3153, 187, 3153, t2=t1+(1, 5))	1	245
(1617, 96, 4292, t1) -> (1617, 96, 4292, t2=t1+(1, 6))	1	246
(1367, 137, 3090, t1) -> (1367, 137, 1367, t2=t1+(1, 4))	1	247
(2755, 118, 3816, t1) -> (3816, 118, 3816, t2=t1+(1, 2))	1	248
(1411, 185, 4173, t1) -> (1411, 185, 4173, t2=t1+(1, 11))	1	249
(553, 70, 2810, t1) -> (2810, 70, 553, t2=t1+(1, 4))	1	250
(3637, 63, 1768, t1) -> (1768, 63, 1768, t2=t1+(1, 12))	1	251
(3599, 48, 1443, t1) -> (3599, 48, 3599, t2=t1+(1, 2))	1	252
(436, 148, 229, t1) -> (436, 148, 436, t2=t1+(1, 4))	1	253
(684, 12, 3907, t1) -> (684, 12, 684, t2=t1+(1, 2))	1	254
(1611, 56, 3593, t1) -> (1611, 56, 1611, t2=t1+(1, 4))	1	255
(2379, 26, 1652, t1) -> (1652, 26, 2379, t2=t1+(1, 4))	1	256
(1314, 152, 793, t1) -> (793, 152, 1314, t2=t1+(1, 2))	1	257
(2351, 108, 311, t1) -> (2351, 108, 311, t2=t1+(1, 4))	1	258
(900, 36, 376, t1) -> (376, 36, 900, t2=t1+(1, 5))	1	259
(3450, 20, 313, t1) -> (3450, 20, 313, t2=t1+(1, 9))	1	260
(1352, 97, 2065, t1) -> (1352, 97, 2065, t2=t1+(1, 6))	1	261
(331, 157, 3995, t1) -> (3995, 157, 331, t2=t1+(1, 5))	1	262
(1822, 152, 2138, t1) -> (1822, 152, 2138, t2=t1+(1, 3))	1	263
(804, 50, 640, t1) -> (640, 50, 804, t2=t1+(1, 4))	1	264
(4196, 66, 4628, t1) -> (4628, 66, 4196, t2=t1+(1, 7))	1	265
(1432, 122, 1488, t1) -> (1432, 122, 1432, t2=t1+(1, 3))	1	266
(855, 74, 2953, t1) -> (2953, 74, 2953, t2=t1+(1, 4))	1	267
(4252, 106, 1890, t1) -> (1890, 106, 1890, t2=t1+(1, 6))	1	268
(4722, 91, 1005, t1) -> (4722, 91, 4722, t2=t1+(1, 5))	1	269
(4915, 6, 709, t1) -> (4915, 6, 4915, t2=t1+(1, 7))	1	270
(4481, 31, 1378, t1) -> (1378, 31, 1378, t2=t1+(1, 3))	1	271
(3803, 74, 3582, t1) -> (3582, 74, 3582, t2=t1+(1, 7))	1	272
(2970, 198, 3256, t1) -> (3256, 198, 3256, t2=t1+(1, 1))	1	273
(1505, 85, 4291, t1) -> (1505, 85, 4291, t2=t1+(1, 6))	1	274
(2669, 127, 3988, t1) -> (3988, 127, 2669, t2=t1+(1, 6))	1	275
(3554, 51, 235, t1) -> (235, 51, 3554, t2=t1+(1, 7))	1	276
(4661, 14, 4685, t1) -> (4661, 14, 4661, t2=t1+(1, 8))	1	277
(3223, 29, 4093, t1) -> (3223, 29, 4093, t2=t1+(1, 2))	1	278
(4914, 13, 3057, t1) -> (3057, 13, 4914, t2=t1+(1, 5))	1	279
(1333, 153, 3057, t1) -> (1333, 153, 1333, t2=t1+(1, 7))	1	280
(4437, 181, 3328, t1) -> (4437, 181, 4437, t2=t1+(1, 3))	1	281
(3942, 175, 545, t1) -> (3942, 175, 545, t2=t1+(1, 7))	1	282
(3573, 182, 3421, t1) -> (3573, 182, 3573, t2=t1+(1, 5))	1	283
(1292, 110, 82, t1) -> (82, 110, 82, t2=t1+(1, 4))	1	284
(2313, 59, 809, t1) -> (2313, 59, 809, t2=t1+(1, 4))	1	285
(1555, 27, 1434, t1) -> (1434, 27, 1434, t2=t1+(1, 7))	1	286
(1947, 78, 665, t1) -> (1947, 78, 665, t2=t1+(1, 8))	1	287
(3617, 89, 1382, t1) -> (3617, 89, 3617, t2=t1+(1, 2))	1	288
(3110, 109, 3564, t1) -> (3564, 109, 3110, t2=t1+(1, 4))	1	289
(3941, 27, 888, t1) -> (3941, 27, 888, t2=t1+(1, 4))	1	290
(3551, 198, 2457, t1) -> (2457, 198, 3551, t2=t1+(1, 2))	1	291
(3420, 132, 1739, t1) -> (1739, 132, 1739, t2=t1+(1, 3))	1	292
(1833, 97, 2848, t1) -> (1833, 97, 2848, t2=t1+(1, 4))	1	293
(2738, 156, 2724, t1) -> (2738, 156, 2724, t2=t1+(1, 6))	1	294
(1564, 193, 2939, t1) -> (2939, 193, 1564, t2=t1+(1, 3))	1	295
(206, 162, 2437, t1) -> (2437, 162, 2437, t2=t1+(1, 8))	1	296
(4605, 51, 298, t1) -> (4605, 51, 4605, t2=t1+(1, 7))	1	297
(2748, 91, 2724, t1) -> (2748, 91, 2748, t2=t1+(1, 5))	1	298
(721, 149, 2717, t1) -> (721, 149, 721, t2=t1+(1, 4))	1	299
(132, 168, 4692, t1) -> (4692, 168, 132, t2=t1+(1, 1))	1	300
(939, 168, 2169, t1) -> (2169, 168, 939, t2=t1+(1, 6))	1	301
(4359, 112, 867, t1) -> (867, 112, 4359, t2=t1+(1, 7))	1	302
(3118, 52, 2990, t1) -> (3118, 52, 3118, t2=t1+(1, 6))	1	303
(4165, 87, 2932, t1) -> (2932, 87, 4165, t2=t1+(1, 4))	1	304
(3460, 70, 4927, t1) -> (4927, 70, 4927, t2=t1+(1, 8))	1	305
(3516, 168, 2303, t1) -> (3516, 168, 3516, t2=t1+(1, 4))	1	306
(2013, 178, 3576, t1) -> (2013, 178, 3576, t2=t1+(1, 7))	1	307
(1468, 103, 3645, t1) -> (3645, 103, 1468, t2=t1+(1, 6))	1	308
(1855, 85, 2746, t1) -> (2746, 85, 2746, t2=t1+(1, 7))	1	309
(3100, 45, 2431, t1) -> (3100, 45, 3100, t2=t1+(1, 4))	1	310
(1801, 152, 3869, t1) -> (1801, 152, 3869, t2=t1+(1, 3))	1	311
(3122, 88, 3566, t1) -> (3566, 88, 3122, t2=t1+(1, 6))	1	312
(1236, 156, 4303, t1) -> (4303, 156, 4303, t2=t1+(1, 10))	1	313
(242, 36, 2437, t1) -> (2437, 36, 242, t2=t1+(1, 7))	1	314
(2634, 137, 1059, t1) -> (2634, 137, 1059, t2=t1+(1, 6))	1	315
(2856, 86, 4511, t1) -> (4511, 86, 4511, t2=t1+(1, 7))	1	316
(1027, 193, 882, t1) -> (1027, 193, 882, t2=t1+(1, 4))	1	317
(2148, 186, 4591, t1) -> (2148, 186, 2148, t2=t1+(1, 8))	1	318
(3623, 175, 2017, t1) -> (3623, 175, 3623, t2=t1+(1, 10))	1	319
(4824, 199, 1265, t1) -> (4824, 199, 4824, t2=t1+(1, 9))	1	320
(2033, 175, 4947, t1) -> (2033, 175, 4947, t2=t1+(1, 2))	1	321
(649, 22, 4947, t1) -> (649, 22, 4947, t2=t1+(1, 7))	1	322
(1232, 26, 1872, t1) -> (1232, 26, 1232, t2=t1+(1, 5))	1	323
(781, 161, 3246, t1) -> (781, 161, 781, t2=t1+(1, 7))	1	324
(4541, 79, 1056, t1) -> (1056, 79, 1056, t2=t1+(1, 5))	1	325
(1285, 67, 1982, t1) -> (1285, 67, 1982, t2=t1+(1, 3))	1	326
(1211, 60, 4947, t1) -> (4947, 60, 4947, t2=t1+(1, 2))	1	327
(2505, 92, 2614, t1) -> (2505, 92, 2614, t2=t1+(1, 6))	1	328
(2193, 173, 906, t1) -> (2193, 173, 2193, t2=t1+(1, 5))	1	329
(1829, 63, 1854, t1) -> (1854, 63, 1854, t2=t1+(1, 3))	1	330
(708, 149, 238, t1) -> (708, 149, 238, t2=t1+(1, 5))	1	331
(2906, 79, 3150, t1) -> (3150, 79, 2906, t2=t1+(1, 6))	1	332
(2153, 152, 4544, t1) -> (4544, 152, 2153, t2=t1+(1, 6))	1	333
(3124, 199, 3021, t1) -> (3021, 199, 3021, t2=t1+(1, 5))	1	334
(1186, 53, 2956, t1) -> (1186, 53, 2956, t2=t1+(1, 5))	1	335
(1227, 27, 2963, t1) -> (2963, 27, 1227, t2=t1+(1, 6))	1	336
(3489, 33, 3449, t1) -> (3449, 33, 3449, t2=t1+(1, 3))	1	337
(525, 35, 220, t1) -> (525, 35, 220, t2=t1+(1, 5))	1	338
(1442, 136, 172, t1) -> (172, 136, 172, t2=t1+(1, 4))	1	339
(3733, 171, 678, t1) -> (678, 171, 3733, t2=t1+(1, 6))	1	340
(2344, 103, 2719, t1) -> (2719, 103, 2344, t2=t1+(1, 3))	1	341
(3716, 139, 4681, t1) -> (4681, 139, 4681, t2=t1+(1, 3))	1	342
(748, 77, 476, t1) -> (476, 77, 476, t2=t1+(1, 9))	1	343
(4115, 140, 3690, t1) -> (3690, 140, 4115, t2=t1+(1, 5))	1	344
(3150, 140, 634, t1) -> (3150, 140, 634, t2=t1+(1, 2))	1	345
(3531, 91, 113, t1) -> (113, 91, 113, t2=t1+(1, 8))	1	346
(3753, 1, 3833, t1) -> (3833, 1, 3833, t2=t1+(1, 2))	1	347
(270, 154, 4037, t1) -> (4037, 154, 4037, t2=t1+(1, 8))	1	348
(1594, 127, 4454, t1) -> (1594, 127, 1594, t2=t1+(1, 7))	1	349
(4184, 77, 3788, t1) -> (4184, 77, 3788, t2=t1+(1, 3))	1	350
(1578, 16, 760, t1) -> (760, 16, 760, t2=t1+(1, 4))	1	351
(4322, 19, 492, t1) -> (4322, 19, 4322, t2=t1+(1, 5))	1	352
(3722, 68, 2331, t1) -> (2331, 68, 2331, t2=t1+(1, 4))	1	353
(122, 187, 2051, t1) -> (2051, 187, 122, t2=t1+(1, 7))	1	354
(3351, 71, 3511, t1) -> (3511, 71, 3511, t2=t1+(1, 3))	1	355
(2510, 100, 2428, t1) -> (2510, 100, 2510, t2=t1+(1, 1))	1	356
(2295, 1, 3020, t1) -> (2295, 1, 3020, t2=t1+(1, 8))	1	357
(469, 140, 3138, t1) -> (3138, 140, 469, t2=t1+(1, 4))	1	358
(4121, 102, 4204, t1) -> (4204, 102, 4121, t2=t1+(1, 7))	1	359
(3626, 199, 142, t1) -> (3626, 199, 142, t2=t1+(1, 8))	1	360
(189, 39, 325, t1) -> (189, 39, 189, t2=t1+(1, 7))	1	361
(4442, 134, 157, t1) -> (157, 134, 4442, t2=t1+(1, 6))	1	362
(2647, 67, 4494, t1) -> (2647, 67, 2647, t2=t1+(1, 5))	1	363
(3859, 15, 4029, t1) -> (4029, 15, 3859, t2=t1+(1, 3))	1	364
(2883, 129, 2543, t1) -> (2543, 129, 2883, t2=t1+(1, 6))	1	365
(893, 27, 645, t1) -> (893, 27, 645, t2=t1+(1, 7))	1	366
(3906, 92, 2918, t1) -> (2918, 92, 2918, t2=t1+(1, 2))	1	367
(3704, 118, 3344, t1) -> (3344, 118, 3344, t2=t1+(1, 5))	1	368
(712, 127, 1896, t1) -> (1896, 127, 712, t2=t1+(1, 6))	1	369
(3023, 48, 4079, t1) -> (4079, 48, 4079, t2=t1+(1, 7))	1	370
(1042, 37, 4781, t1) -> (4781, 37, 4781, t2=t1+(1, 7))	1	371
(193, 1, 3219, t1) -> (193, 1, 3219, t2=t1+(1, 9))	1	372
(1688, 14, 2682, t1) -> (1688, 14, 2682, t2=t1+(1, 9))	1	373
(3518, 59, 4931, t1) -> (4931, 59, 4931, t2=t1+(1, 7))	1	374
(166, 92, 60, t1) -> (60, 92, 166, t2=t1+(1, 5))	1	375
(4096, 96, 3515, t1) -> (3515, 96, 3515, t2=t1+(1, 8))	1	376
(916, 9, 773, t1) -> (773, 9, 773, t2=t1+(1, 3))	1	377
(4860, 105, 1000, t1) -> (4860, 105, 1000, t2=t1+(1, 4))	1	378
(3538, 125, 154, t1) -> (3538, 125, 3538, t2=t1+(1, 6))	1	379
(4859, 76, 4513, t1) -> (4859, 76, 4859, t2=t1+(1, 2))	1	380
(1214, 70, 65, t1) -> (1214, 70, 65, t2=t1+(1, 5))	1	381
(1817, 24, 1957, t1) -> (1817, 24, 1957, t2=t1+(1, 6))	1	382
(559, 67, 150, t1) -> (150, 67, 150, t2=t1+(1, 1))	1	383
(4521, 28, 2013, t1) -> (4521, 28, 4521, t2=t1+(1, 6))	1	384
(2043, 72, 3910, t1) -> (3910, 72, 3910, t2=t1+(1, 3))	1	385
(3537, 139, 3990, t1) -> (3990, 139, 3990, t2=t1+(1, 3))	1	386
(3527, 183, 1593, t1) -> (1593, 183, 3527, t2=t1+(1, 6))	1	387
(4715, 50, 1225, t1) -> (1225, 50, 4715, t2=t1+(1, 9))	1	388
(4204, 114, 1411, t1) -> (1411, 114, 4204, t2=t1+(1, 1))	1	389
(1132, 194, 4157, t1) -> (4157, 194, 1132, t2=t1+(1, 7))	1	390
(3847, 188, 2324, t1) -> (2324, 188, 2324, t2=t1+(1, 5))	1	391
(3871, 100, 3728, t1) -> (3871, 100, 3728, t2=t1+(1, 7))	1	392
(2272, 172, 3465, t1) -> (3465, 172, 2272, t2=t1+(1, 3))	1	393
(2913, 170, 2768, t1) -> (2768, 170, 2768, t2=t1+(1, 6))	1	394
(2471, 31, 3533, t1) -> (3533, 31, 2471, t2=t1+(1, 6))	1	395
(3722, 122, 2212, t1) -> (3722, 122, 3722, t2=t1+(1, 4))	1	396
(3851, 14, 4787, t1) -> (4787, 14, 3851, t2=t1+(1, 6))	1	397
(105, 134, 1285, t1) -> (105, 134, 105, t2=t1+(1, 3))	1	398
(1529, 138, 737, t1) -> (737, 138, 1529, t2=t1+(1, 7))	1	399
(51, 81, 4757, t1) -> (51, 81, 51, t2=t1+(1, 7))	1	400
(2825, 102, 4248, t1) -> (4248, 102, 4248, t2=t1+(1, 1))	1	401
(4112, 127, 1346, t1) -> (4112, 127, 4112, t2=t1+(1, 5))	1	402
(2486, 13, 155, t1) -> (2486, 13, 2486, t2=t1+(1, 2))	1	403
(491, 85, 3000, t1) -> (491, 85, 491, t2=t1+(1, 3))	1	404
(2613, 120, 3225, t1) -> (2613, 120, 2613, t2=t1+(1, 8))	1	405
(2597, 52, 3396, t1) -> (3396, 52, 3396, t2=t1+(1, 2))	1	406
(1121, 17, 40, t1) -> (40, 17, 1121, t2=t1+(1, 4))	1	407
(1398, 161, 3039, t1) -> (1398, 161, 1398, t2=t1+(1, 6))	1	408
(3331, 5, 2783, t1) -> (2783, 5, 2783, t2=t1+(1, 3))	1	409
(2511, 123, 2504, t1) -> (2511, 123, 2504, t2=t1+(1, 9))	1	410
(4494, 143, 1225, t1) -> (4494, 143, 4494, t2=t1+(1, 6))	1	411
(563, 62, 616, t1) -> (616, 62, 616, t2=t1+(1, 4))	1	412
(343, 19, 2821, t1) -> (2821, 19, 343, t2=t1+(1, 6))	1	413
(4272, 78, 2479, t1) -> (4272, 78, 4272, t2=t1+(1, 6))	1	414
(2703, 14, 1227, t1) -> (1227, 14, 1227, t2=t1+(1, 5))	1	415
(1711, 153, 315, t1) -> (315, 153, 315, t2=t1+(1, 5))	1	416
(1475, 108, 1163, t1) -> (1475, 108, 1163, t2=t1+(1, 6))	1	417
(1500, 187, 1605, t1) -> (1605, 187, 1500, t2=t1+(1, 7))	1	418
(1398, 130, 1198, t1) -> (1398, 130, 1398, t2=t1+(1, 7))	1	419
(3770, 99, 700, t1) -> (3770, 99, 3770, t2=t1+(1, 5))	1	420
(268, 58, 966, t1) -> (268, 58, 268, t2=t1+(1, 5))	1	421
(3010, 67, 3383, t1) -> (3383, 67, 3010, t2=t1+(1, 4))	1	422
(1407, 4, 21, t1) -> (21, 4, 1407, t2=t1+(1, 4))	1	423
(4506, 84, 728, t1) -> (728, 84, 4506, t2=t1+(1, 4))	1	424
(4922, 50, 264, t1) -> (264, 50, 4922, t2=t1+(1, 7))	1	425
(4309, 88, 3606, t1) -> (3606, 88, 3606, t2=t1+(1, 7))	1	426
(2573, 136, 567, t1) -> (2573, 136, 2573, t2=t1+(1, 4))	1	427
(3089, 126, 4875, t1) -> (3089, 126, 3089, t2=t1+(1, 3))	1	428
(1782, 165, 3615, t1) -> (3615, 165, 3615, t2=t1+(1, 2))	1	429
(2332, 145, 3670, t1) -> (3670, 145, 3670, t2=t1+(1, 6))	1	430
(4916, 6, 3173, t1) -> (4916, 6, 4916, t2=t1+(1, 1))	1	431
(4243, 49, 2507, t1) -> (2507, 49, 2507, t2=t1+(1, 3))	1	432
(1526, 89, 2018, t1) -> (2018, 89, 1526, t2=t1+(1, 4))	1	433
(3683, 147, 1517, t1) -> (1517, 147, 3683, t2=t1+(1, 1))	1	434
(1037, 158, 1908, t1) -> (1037, 158, 1037, t2=t1+(1, 4))	1	435
(15, 34, 4208, t1) -> (15, 34, 4208, t2=t1+(1, 8))	1	436
(3219, 177, 993, t1) -> (3219, 177, 993, t2=t1+(1, 6))	1	437
(3872, 51, 2537, t1) -> (3872, 51, 3872, t2=t1+(1, 4))	1	438
(737, 167, 101, t1) -> (101, 167, 737, t2=t1+(1, 6))	1	439
(358, 140, 4466, t1) -> (358, 140, 358, t2=t1+(1, 5))	1	440
(3908, 81, 1205, t1) -> (1205, 81, 3908, t2=t1+(1, 5))	1	441
(1725, 139, 3005, t1) -> (1725, 139, 1725, t2=t1+(1, 6))	1	442
(4262, 20, 4261, t1) -> (4262, 20, 4261, t2=t1+(1, 2))	1	443
(3321, 64, 1136, t1) -> (1136, 64, 1136, t2=t1+(1, 7))	1	444
(3900, 181, 916, t1) -> (3900, 181, 916, t2=t1+(1, 9))	1	445
(2300, 178, 4472, t1) -> (2300, 178, 2300, t2=t1+(1, 6))	1	446
(3736, 193, 4059, t1) -> (4059, 193, 3736, t2=t1+(1, 3))	1	447
(2252, 68, 619, t1) -> (2252, 68, 619, t2=t1+(1, 8))	1	448
(2041, 188, 2510, t1) -> (2041, 188, 2041, t2=t1+(1, 4))	1	449
(993, 11, 1396, t1) -> (993, 11, 993, t2=t1+(1, 6))	1	450
(77, 68, 779, t1) -> (77, 68, 77, t2=t1+(1, 7))	1	451
(3728, 165, 3946, t1) -> (3728, 165, 3946, t2=t1+(1, 9))	1	452
(3845, 193, 1524, t1) -> (1524, 193, 3845, t2=t1+(1, 4))	1	453
(4799, 128, 123, t1) -> (123, 128, 123, t2=t1+(1, 7))	1	454
(1238, 147, 334, t1) -> (334, 147, 334, t2=t1+(1, 4))	1	455
(168, 86, 50, t1) -> (50, 86, 168, t2=t1+(1, 1))	1	456
(2252, 96, 472, t1) -> (2252, 96, 472, t2=t1+(1, 5))	1	457
(2925, 88, 3056, t1) -> (3056, 88, 2925, t2=t1+(1, 9))	1	458
(1927, 60, 2844, t1) -> (1927, 60, 1927, t2=t1+(1, 7))	1	459
(2252, 95, 3565, t1) -> (3565, 95, 3565, t2=t1+(1, 3))	1	460
(2850, 124, 1358, t1) -> (2850, 124, 1358, t2=t1+(1, 2))	1	461
(1901, 61, 2495, t1) -> (1901, 61, 2495, t2=t1+(1, 3))	1	462
(3825, 90, 2610, t1) -> (2610, 90, 3825, t2=t1+(1, 5))	1	463
(4623, 111, 1025, t1) -> (4623, 111, 1025, t2=t1+(1, 9))	1	464
(2618, 191, 4360, t1) -> (4360, 191, 2618, t2=t1+(1, 3))	1	465
(3948, 20, 3363, t1) -> (3948, 20, 3363, t2=t1+(1, 6))	1	466
(3113, 38, 4851, t1) -> (3113, 38, 4851, t2=t1+(1, 4))	1	467
(867, 125, 3960, t1) -> (3960, 125, 3960, t2=t1+(1, 5))	1	468
(2909, 87, 1100, t1) -> (1100, 87, 2909, t2=t1+(1, 4))	1	469
(3151, 183, 1490, t1) -> (1490, 183, 1490, t2=t1+(1, 7))	1	470
(1998, 39, 2611, t1) -> (1998, 39, 2611, t2=t1+(1, 8))	1	471
(1215, 162, 1817, t1) -> (1215, 162, 1215, t2=t1+(1, 9))	1	472
(4897, 31, 3986, t1) -> (3986, 31, 4897, t2=t1+(1, 5))	1	473
(656, 91, 3308, t1) -> (3308, 91, 656, t2=t1+(1, 6))	1	474
(1830, 27, 4803, t1) -> (4803, 27, 1830, t2=t1+(1, 7))	1	475
(893, 90, 4962, t1) -> (4962, 90, 893, t2=t1+(1, 4))	1	476
(4549, 16, 1416, t1) -> (4549, 16, 4549, t2=t1+(1, 1))	1	477
(2896, 173, 1818, t1) -> (2896, 173, 1818, t2=t1+(1, 3))	1	478
(3698, 52, 3500, t1) -> (3500, 52, 3500, t2=t1+(1, 4))	1	479
(4708, 13, 885, t1) -> (885, 13, 885, t2=t1+(1, 6))	1	480
(2401, 105, 1407, t1) -> (1407, 105, 2401, t2=t1+(1, 3))	1	481
(2474, 180, 3547, t1) -> (3547, 180, 3547, t2=t1+(1, 6))	1	482
(2497, 66, 1477, t1) -> (1477, 66, 2497, t2=t1+(1, 8))	1	483
(2042, 94, 4090, t1) -> (2042, 94, 2042, t2=t1+(1, 5))	1	484
(1630, 97, 1687, t1) -> (1630, 97, 1630, t2=t1+(1, 4))	1	485
(4877, 174, 2923, t1) -> (4877, 174, 4877, t2=t1+(1, 4))	1	486
(3718, 130, 4673, t1) -> (4673, 130, 3718, t2=t1+(1, 9))	1	487
(2926, 84, 2704, t1) -> (2926, 84, 2704, t2=t1+(1, 4))	1	488
(2794, 163, 563, t1) -> (2794, 163, 2794, t2=t1+(1, 4))	1	489
(3126, 112, 2183, t1) -> (3126, 112, 3126, t2=t1+(1, 2))	1	490
(4174, 62, 3956, t1) -> (4174, 62, 3956, t2=t1+(1, 5))	1	491
(4909, 132, 4917, t1) -> (4917, 132, 4917, t2=t1+(1, 3))	1	492
(2551, 84, 4906, t1) -> (4906, 84, 2551, t2=t1+(1, 1))	1	493
(1192, 45, 922, t1) -> (922, 45, 922, t2=t1+(1, 6))	1	494
(4432, 57, 1378, t1) -> (4432, 57, 4432, t2=t1+(1, 4))	1	495
(2497, 137, 2352, t1) -> (2497, 137, 2352, t2=t1+(1, 4))	1	496
(4807, 118, 2141, t1) -> (2141, 118, 2141, t2=t1+(1, 5))	1	497
(3709, 34, 654, t1) -> (654, 34, 3709, t2=t1+(1, 5))	1	498
(241, 21, 1915, t1) -> (241, 21, 241, t2=t1+(1, 2))	1	499
(2441, 179, 781, t1) -> (781, 179, 781, t2=t1+(1, 7))	1	500
(3506, 199, 766, t1) -> (766, 199, 3506, t2=t1+(1, 11))	1	501
(2041, 57, 3193, t1) -> (3193, 57, 2041, t2=t1+(1, 3))	1	502
(2332, 104, 2979, t1) -> (2979, 104, 2332, t2=t1+(1, 4))	1	503
(1333, 135, 1152, t1) -> (1152, 135, 1333, t2=t1+(1, 6))	1	504
(311, 77, 3092, t1) -> (311, 77, 3092, t2=t1+(1, 5))	1	505
(4343, 99, 2396, t1) -> (4343, 99, 4343, t2=t1+(1, 3))	1	506
(1137, 96, 566, t1) -> (1137, 96, 566, t2=t1+(1, 9))	1	507
(595, 50, 4686, t1) -> (595, 50, 4686, t2=t1+(1, 7))	1	508
(4451, 2, 1805, t1) -> (1805, 2, 1805, t2=t1+(1, 3))	1	509
(374, 21, 1494, t1) -> (374, 21, 1494, t2=t1+(1, 6))	1	510
(31, 97, 2976, t1) -> (31, 97, 2976, t2=t1+(1, 7))	1	511
(600, 137, 2326, t1) -> (600, 137, 2326, t2=t1+(1, 4))	1	512
(2961, 112, 2537, t1) -> (2537, 112, 2537, t2=t1+(1, 1))	1	513
(1107, 32, 587, t1) -> (587, 32, 1107, t2=t1+(1, 6))	1	514
(1705, 35, 1861, t1) -> (1705, 35, 1861, t2=t1+(1, 5))	1	515
(1149, 102, 2205, t1) -> (1149, 102, 2205, t2=t1+(1, 4))	1	516
(4085, 72, 1351, t1) -> (1351, 72, 1351, t2=t1+(1, 6))	1	517
(892, 197, 2041, t1) -> (892, 197, 892, t2=t1+(1, 6))	1	518
(1519, 119, 4241, t1) -> (1519, 119, 1519, t2=t1+(1, 9))	1	519
(2317, 172, 3870, t1) -> (2317, 172, 3870, t2=t1+(1, 8))	1	520
(3999, 96, 1499, t1) -> (1499, 96, 1499, t2=t1+(1, 5))	1	521
(1233, 88, 4404, t1) -> (4404, 88, 4404, t2=t1+(1, 6))	1	522
(3629, 161, 1830, t1) -> (1830, 161, 3629, t2=t1+(1, 4))	1	523
(1611, 186, 4591, t1) -> (1611, 186, 4591, t2=t1+(1, 7))	1	524
