(2233, 132, 1095, t1) & (592, 181, 4764, t2=t1+(0, 3)) & (1095, 149, 4764, t3=t2+(0, 1)) -> (2233, 149, 1095, t4=t3+(1, 2))	3	0
(4269, 181, 4506, t1) & (2888, 161, 3459, t2=t1+(0, 2)) & (4506, 147, 2888, t3=t2+(0, 6)) -> (3459, 181, 3459, t4=t3+(1, 6))	3	1
(1297, 60, 2629, t1) & (2315, 116, 3123, t2=t1+(0, 8)) & (2629, 103, 2315, t3=t2+(0, 5)) -> (1297, 116, 2629, t4=t3+(1, 9))	3	2
(269, 91, 2991, t1) & (3317, 193, 2301, t2=t1+(0, 8)) & (269, 57, 3317, t3=t2+(0, 5)) -> (269, 57, 3317, t4=t3+(1, 6))	3	3
(1967, 24, 4427, t1) & (128, 74, 2434, t2=t1+(0, 2)) & (1967, 74, 128, t3=t2+(0, 7)) -> (4427, 74, 128, t4=t3+(1, 4))	3	4
(974, 136, 420, t1) & (2326, 56, 3700, t2=t1+(0, 3)) & (974, 85, 3700, t3=t2+(0, 12)) -> (3700, 85, 974, t4=t3+(1, 2))	3	5
(3086, 194, 1669, t1) & (781, 187, 1583, t2=t1+(0, 6)) & (1583, 179, 3086, t3=t2+(0, 7)) -> (1583, 187, 1583, t4=t3+(1, 7))	3	6
(3357, 61, 4982, t1) & (4949, 65, 3154, t2=t1+(0, 5)) & (3154, 57, 4982, t3=t2+(0, 1)) -> (3154, 61, 3154, t4=t3+(1, 3))	3	7
(354, 102, 635, t1) & (4110, 127, 3313, t2=t1+(0, 2)) & (4110, 95, 635, t3=t2+(0, 6)) -> (4110, 127, 354, t4=t3+(1, 6))	3	8
(1588, 82, 1091, t1) & (4533, 2, 255, t2=t1+(0, 6)) & (1091, 128, 255, t3=t2+(0, 4)) -> (4533, 2, 1091, t4=t3+(1, 6))	3	9
(1954, 141, 743, t1) & (1929, 158, 1811, t2=t1+(0, 5)) & (1954, 106, 1811, t3=t2+(0, 8)) -> (1811, 141, 743, t4=t3+(1, 2))	3	10
(4043, 195, 3546, t1) & (1222, 10, 1638, t2=t1+(0, 6)) & (3546, 122, 1638, t3=t2+(0, 5)) -> (4043, 10, 1638, t4=t3+(1, 6))	3	11
(484, 119, 3258, t1) & (671, 115, 2634, t2=t1+(0, 3)) & (671, 79, 3258, t3=t2+(0, 7)) -> (2634, 115, 671, t4=t3+(1, 4))	3	12
(1159, 140, 3019, t1) & (3553, 19, 3952, t2=t1+(0, 5)) & (1159, 24, 3952, t3=t2+(0, 4)) -> (3553, 140, 3952, t4=t3+(1, 4))	3	13
(3022, 15, 2522, t1) & (1842, 60, 1075, t2=t1+(0, 6)) & (1842, 199, 2522, t3=t2+(0, 6)) -> (1075, 60, 2522, t4=t3+(1, 5))	3	14
(4979, 0, 4044, t1) & (1152, 75, 805, t2=t1+(0, 5)) & (1152, 9, 4979, t3=t2+(0, 8)) -> (1152, 75, 805, t4=t3+(1, 1))	3	15
(545, 98, 2306, t1) & (3151, 86, 4002, t2=t1+(0, 2)) & (4002, 173, 545, t3=t2+(0, 9)) -> (4002, 98, 545, t4=t3+(1, 1))	3	16
(106, 155, 3301, t1) & (529, 99, 4100, t2=t1+(0, 4)) & (106, 178, 529, t3=t2+(0, 1)) -> (106, 178, 106, t4=t3+(1, 5))	3	17
(1973, 70, 37, t1) & (2923, 36, 1773, t2=t1+(0, 3)) & (2923, 148, 37, t3=t2+(0, 1)) -> (37, 36, 2923, t4=t3+(1, 7))	3	18
(985, 55, 1136, t1) & (2396, 68, 4342, t2=t1+(0, 10)) & (4342, 68, 985, t3=t2+(0, 3)) -> (985, 55, 4342, t4=t3+(1, 2))	3	19
(2684, 7, 1554, t1) & (667, 181, 3193, t2=t1+(0, 7)) & (3193, 34, 1554, t3=t2+(0, 7)) -> (3193, 7, 1554, t4=t3+(1, 4))	3	20
(4365, 102, 4612, t1) & (3647, 152, 3300, t2=t1+(0, 7)) & (4612, 134, 3300, t3=t2+(0, 5)) -> (4365, 134, 3300, t4=t3+(1, 5))	3	21
(947, 114, 3009, t1) & (1556, 73, 782, t2=t1+(0, 5)) & (1556, 130, 3009, t3=t2+(0, 6)) -> (1556, 130, 3009, t4=t3+(1, 7))	3	22
(1638, 1, 4563, t1) & (754, 163, 4116, t2=t1+(0, 2)) & (754, 86, 1638, t3=t2+(0, 6)) -> (1638, 86, 754, t4=t3+(1, 11))	3	23
(1047, 175, 4431, t1) & (993, 192, 4099, t2=t1+(0, 3)) & (4099, 55, 4431, t3=t2+(0, 5)) -> (4099, 55, 4099, t4=t3+(1, 1))	3	24
(4996, 80, 1630, t1) & (1394, 87, 2344, t2=t1+(0, 2)) & (2344, 165, 1630, t3=t2+(0, 5)) -> (1630, 165, 2344, t4=t3+(1, 5))	3	25
(3010, 76, 2711, t1) & (4839, 114, 4055, t2=t1+(0, 5)) & (4839, 55, 3010, t3=t2+(0, 3)) -> (4839, 114, 3010, t4=t3+(1, 10))	3	26
(3779, 8, 4430, t1) & (3413, 96, 160, t2=t1+(0, 6)) & (4430, 141, 160, t3=t2+(0, 2)) -> (4430, 96, 160, t4=t3+(1, 5))	3	27
(1822, 43, 2316, t1) & (1098, 111, 1727, t2=t1+(0, 7)) & (1822, 22, 1098, t3=t2+(0, 9)) -> (1822, 43, 1822, t4=t3+(1, 4))	3	28
(1342, 12, 3055, t1) & (2863, 99, 4560, t2=t1+(0, 8)) & (3055, 167, 2863, t3=t2+(0, 3)) -> (2863, 167, 2863, t4=t3+(1, 11))	3	29
(2912, 37, 1755, t1) & (338, 0, 3473, t2=t1+(0, 3)) & (3473, 196, 1755, t3=t2+(0, 1)) -> (3473, 0, 338, t4=t3+(1, 4))	3	30
(2970, 24, 3328, t1) & (277, 88, 2907, t2=t1+(0, 5)) & (3328, 163, 2907, t3=t2+(0, 6)) -> (2907, 88, 277, t4=t3+(1, 6))	3	31
(2751, 119, 3281, t1) & (4854, 66, 3996, t2=t1+(0, 6)) & (3281, 53, 4854, t3=t2+(0, 10)) -> (4854, 119, 2751, t4=t3+(1, 11))	3	32
(300, 77, 2995, t1) & (2476, 189, 2851, t2=t1+(0, 3)) & (2476, 120, 2995, t3=t2+(0, 8)) -> (2476, 189, 2995, t4=t3+(1, 6))	3	33
(12, 84, 192, t1) & (1436, 97, 1984, t2=t1+(0, 5)) & (12, 83, 1984, t3=t2+(0, 5)) -> (1984, 83, 1984, t4=t3+(1, 5))	3	34
(3845, 55, 1525, t1) & (3464, 56, 2241, t2=t1+(0, 4)) & (3464, 181, 1525, t3=t2+(0, 6)) -> (3464, 56, 1525, t4=t3+(1, 5))	3	35
(3234, 197, 1382, t1) & (4309, 198, 3778, t2=t1+(0, 7)) & (3778, 71, 1382, t3=t2+(0, 3)) -> (4309, 198, 1382, t4=t3+(1, 4))	3	36
(4687, 8, 466, t1) & (395, 88, 3067, t2=t1+(0, 9)) & (466, 66, 395, t3=t2+(0, 3)) -> (3067, 66, 395, t4=t3+(1, 8))	3	37
(1866, 68, 4842, t1) & (2587, 162, 3110, t2=t1+(0, 4)) & (1866, 34, 3110, t3=t2+(0, 0)) -> (3110, 68, 1866, t4=t3+(1, 5))	3	38
(4005, 140, 1010, t1) & (1006, 170, 818, t2=t1+(0, 3)) & (818, 15, 4005, t3=t2+(0, 8)) -> (818, 140, 4005, t4=t3+(1, 2))	3	39
(566, 57, 854, t1) & (1152, 140, 3559, t2=t1+(0, 9)) & (566, 151, 3559, t3=t2+(0, 6)) -> (854, 151, 3559, t4=t3+(1, 3))	3	40
(4825, 49, 3955, t1) & (3008, 109, 522, t2=t1+(0, 3)) & (522, 198, 3955, t3=t2+(0, 6)) -> (3955, 109, 522, t4=t3+(1, 5))	3	41
(3952, 17, 4903, t1) & (4337, 30, 1711, t2=t1+(0, 3)) & (4903, 170, 4337, t3=t2+(0, 6)) -> (4903, 17, 4337, t4=t3+(1, 5))	3	42
(3691, 2, 1937, t1) & (2919, 78, 1540, t2=t1+(0, 4)) & (1540, 105, 1937, t3=t2+(0, 9)) -> (1540, 2, 1937, t4=t3+(1, 6))	3	43
(4110, 80, 915, t1) & (3011, 178, 4726, t2=t1+(0, 1)) & (4726, 169, 4110, t3=t2+(0, 6)) -> (3011, 169, 4110, t4=t3+(1, 5))	3	44
(162, 94, 4891, t1) & (2536, 8, 2944, t2=t1+(0, 4)) & (2944, 90, 4891, t3=t2+(0, 3)) -> (162, 90, 4891, t4=t3+(1, 2))	3	45
(1510, 162, 4912, t1) & (4004, 157, 691, t2=t1+(0, 1)) & (1510, 3, 4004, t3=t2+(0, 8)) -> (1510, 162, 1510, t4=t3+(1, 5))	3	46
(4191, 150, 1733, t1) & (378, 94, 3184, t2=t1+(0, 7)) & (3184, 67, 4191, t3=t2+(0, 5)) -> (4191, 94, 1733, t4=t3+(1, 10))	3	47
(3796, 101, 974, t1) & (189, 73, 1510, t2=t1+(0, 7)) & (189, 79, 3796, t3=t2+(0, 7)) -> (3796, 101, 3796, t4=t3+(1, 5))	3	48
(4548, 151, 3740, t1) & (2942, 174, 2777, t2=t1+(0, 7)) & (2942, 90, 4548, t3=t2+(0, 3)) -> (2942, 90, 4548, t4=t3+(1, 3))	3	49
(941, 180, 4912, t1) & (342, 96, 2619, t2=t1+(0, 2)) & (941, 53, 2619, t3=t2+(0, 2)) -> (342, 96, 342, t4=t3+(1, 8))	3	50
(4145, 119, 2067, t1) & (3943, 10, 1060, t2=t1+(0, 5)) & (1060, 142, 4145, t3=t2+(0, 5)) -> (1060, 119, 4145, t4=t3+(1, 2))	3	51
(410, 75, 4925, t1) & (3034, 157, 924, t2=t1+(0, 3)) & (924, 58, 4925, t3=t2+(0, 4)) -> (924, 157, 924, t4=t3+(1, 7))	3	52
(2734, 64, 637, t1) & (4548, 52, 910, t2=t1+(0, 5)) & (4548, 28, 637, t3=t2+(0, 2)) -> (637, 64, 637, t4=t3+(1, 5))	3	53
(3574, 47, 3505, t1) & (1616, 55, 3453, t2=t1+(0, 3)) & (3505, 18, 1616, t3=t2+(0, 5)) -> (3505, 18, 1616, t4=t3+(1, 3))	3	54
(1511, 111, 1774, t1) & (1616, 55, 2777, t2=t1+(0, 6)) & (1616, 177, 1511, t3=t2+(0, 6)) -> (1616, 111, 1616, t4=t3+(1, 7))	3	55
(93, 133, 2620, t1) & (2439, 143, 1567, t2=t1+(0, 5)) & (93, 199, 1567, t3=t2+(0, 4)) -> (2620, 133, 2439, t4=t3+(1, 7))	3	56
(2336, 50, 4629, t1) & (2197, 155, 2195, t2=t1+(0, 6)) & (2195, 64, 2336, t3=t2+(0, 3)) -> (2336, 155, 2197, t4=t3+(1, 1))	3	57
(4767, 8, 1012, t1) & (2957, 90, 4409, t2=t1+(0, 3)) & (4767, 29, 2957, t3=t2+(0, 3)) -> (4767, 8, 4409, t4=t3+(1, 7))	3	58
(3857, 31, 3389, t1) & (4570, 138, 1940, t2=t1+(0, 7)) & (3389, 88, 4570, t3=t2+(0, 3)) -> (1940, 88, 1940, t4=t3+(1, 4))	3	59
(1344, 83, 1953, t1) & (3883, 98, 2723, t2=t1+(0, 4)) & (2723, 151, 1953, t3=t2+(0, 2)) -> (2723, 83, 1953, t4=t3+(1, 3))	3	60
(530, 75, 1891, t1) & (1609, 74, 930, t2=t1+(0, 12)) & (1891, 136, 1609, t3=t2+(0, 7)) -> (530, 136, 1609, t4=t3+(1, 3))	3	61
(5, 147, 2289, t1) & (3110, 165, 2132, t2=t1+(0, 4)) & (5, 29, 3110, t3=t2+(0, 6)) -> (3110, 29, 3110, t4=t3+(1, 10))	3	62
(3434, 191, 861, t1) & (3589, 170, 109, t2=t1+(0, 2)) & (109, 9, 3434, t3=t2+(0, 4)) -> (3434, 191, 3589, t4=t3+(1, 10))	3	63
(995, 75, 3913, t1) & (660, 54, 4130, t2=t1+(0, 5)) & (660, 147, 995, t3=t2+(0, 4)) -> (995, 54, 660, t4=t3+(1, 7))	3	64
(4903, 133, 3218, t1) & (3630, 60, 532, t2=t1+(0, 6)) & (3218, 47, 3630, t3=t2+(0, 4)) -> (532, 60, 3218, t4=t3+(1, 4))	3	65
(3234, 150, 1705, t1) & (1215, 101, 3614, t2=t1+(0, 3)) & (1705, 173, 3614, t3=t2+(0, 9)) -> (3234, 101, 3614, t4=t3+(1, 5))	3	66
(1840, 113, 1363, t1) & (3712, 14, 1060, t2=t1+(0, 5)) & (1060, 175, 1840, t3=t2+(0, 7)) -> (1060, 175, 1060, t4=t3+(1, 2))	3	67
(3075, 140, 3916, t1) & (3835, 60, 1686, t2=t1+(0, 2)) & (1686, 197, 3916, t3=t2+(0, 3)) -> (3835, 140, 3916, t4=t3+(1, 4))	3	68
(3045, 196, 3990, t1) & (4902, 27, 4183, t2=t1+(0, 4)) & (3990, 124, 4183, t3=t2+(0, 6)) -> (3990, 124, 4902, t4=t3+(1, 4))	3	69
(3215, 100, 2159, t1) & (2585, 64, 3274, t2=t1+(0, 6)) & (2159, 96, 3274, t3=t2+(0, 4)) -> (3274, 100, 2585, t4=t3+(1, 6))	3	70
(3814, 181, 3486, t1) & (3357, 1, 2834, t2=t1+(0, 6)) & (3814, 152, 2834, t3=t2+(0, 6)) -> (3814, 152, 2834, t4=t3+(1, 4))	3	71
(4199, 184, 4312, t1) & (4368, 146, 1065, t2=t1+(0, 5)) & (4312, 178, 1065, t3=t2+(0, 5)) -> (4312, 184, 1065, t4=t3+(1, 9))	3	72
(1669, 121, 4278, t1) & (311, 153, 4172, t2=t1+(0, 8)) & (311, 127, 1669, t3=t2+(0, 2)) -> (1669, 127, 1669, t4=t3+(1, 10))	3	73
(553, 82, 2840, t1) & (2563, 193, 697, t2=t1+(0, 4)) & (553, 157, 2563, t3=t2+(0, 11)) -> (2563, 193, 697, t4=t3+(1, 4))	3	74
(2175, 49, 3437, t1) & (1752, 178, 540, t2=t1+(0, 7)) & (3437, 176, 540, t3=t2+(0, 4)) -> (3437, 178, 2175, t4=t3+(1, 7))	3	75
(785, 24, 2081, t1) & (689, 151, 1041, t2=t1+(0, 6)) & (689, 171, 785, t3=t2+(0, 8)) -> (1041, 151, 1041, t4=t3+(1, 2))	3	76
(1247, 81, 3445, t1) & (2801, 187, 1332, t2=t1+(0, 4)) & (2801, 97, 3445, t3=t2+(0, 7)) -> (2801, 187, 2801, t4=t3+(1, 4))	3	77
(1142, 20, 4695, t1) & (1522, 196, 2065, t2=t1+(0, 4)) & (1522, 49, 1142, t3=t2+(0, 3)) -> (1522, 49, 1142, t4=t3+(1, 8))	3	78
(4911, 183, 4809, t1) & (2237, 10, 1763, t2=t1+(0, 6)) & (4809, 199, 2237, t3=t2+(0, 5)) -> (2237, 183, 2237, t4=t3+(1, 5))	3	79
(4587, 167, 3831, t1) & (4674, 92, 4613, t2=t1+(0, 1)) & (3831, 14, 4613, t3=t2+(0, 3)) -> (4613, 167, 3831, t4=t3+(1, 6))	3	80
(1254, 136, 3073, t1) & (4367, 76, 1455, t2=t1+(0, 4)) & (4367, 171, 3073, t3=t2+(0, 4)) -> (1254, 171, 1254, t4=t3+(1, 7))	3	81
(4156, 183, 675, t1) & (2485, 125, 2955, t2=t1+(0, 6)) & (4156, 170, 2955, t3=t2+(0, 2)) -> (2955, 125, 2955, t4=t3+(1, 8))	3	82
(2691, 142, 3799, t1) & (2991, 183, 4739, t2=t1+(0, 4)) & (2691, 143, 2991, t3=t2+(0, 2)) -> (2991, 183, 2691, t4=t3+(1, 4))	3	83
(2852, 166, 3244, t1) & (2844, 191, 2733, t2=t1+(0, 2)) & (2844, 85, 3244, t3=t2+(0, 2)) -> (2852, 191, 3244, t4=t3+(1, 7))	3	84
(4930, 141, 1938, t1) & (3592, 3, 1591, t2=t1+(0, 4)) & (1938, 132, 3592, t3=t2+(0, 4)) -> (4930, 3, 3592, t4=t3+(1, 3))	3	85
(1591, 95, 4783, t1) & (1399, 169, 652, t2=t1+(0, 5)) & (1591, 145, 652, t3=t2+(0, 4)) -> (1591, 169, 1591, t4=t3+(1, 5))	3	86
(4194, 0, 3280, t1) & (960, 130, 2562, t2=t1+(0, 9)) & (3280, 193, 960, t3=t2+(0, 5)) -> (960, 130, 3280, t4=t3+(1, 5))	3	87
(694, 69, 290, t1) & (2097, 187, 4773, t2=t1+(0, 6)) & (290, 131, 4773, t3=t2+(0, 7)) -> (290, 69, 4773, t4=t3+(1, 8))	3	88
(4914, 58, 1975, t1) & (623, 90, 3257, t2=t1+(0, 7)) & (1975, 100, 3257, t3=t2+(0, 5)) -> (1975, 100, 1975, t4=t3+(1, 5))	3	89
(4166, 64, 3968, t1) & (162, 175, 1946, t2=t1+(0, 5)) & (162, 171, 3968, t3=t2+(0, 3)) -> (1946, 64, 162, t4=t3+(1, 5))	3	90
(1775, 121, 4283, t1) & (987, 172, 821, t2=t1+(0, 2)) & (821, 32, 4283, t3=t2+(0, 5)) -> (821, 121, 987, t4=t3+(1, 5))	3	91
(4368, 140, 1211, t1) & (2866, 97, 2199, t2=t1+(0, 2)) & (2199, 111, 4368, t3=t2+(0, 7)) -> (2866, 97, 2199, t4=t3+(1, 6))	3	92
(4552, 16, 3645, t1) & (420, 175, 4273, t2=t1+(0, 1)) & (4552, 126, 420, t3=t2+(0, 7)) -> (420, 175, 3645, t4=t3+(1, 2))	3	93
(4373, 164, 448, t1) & (2467, 182, 3402, t2=t1+(0, 7)) & (3402, 52, 4373, t3=t2+(0, 3)) -> (3402, 182, 4373, t4=t3+(1, 6))	3	94
(4875, 169, 1406, t1) & (34, 49, 2616, t2=t1+(0, 4)) & (4875, 135, 34, t3=t2+(0, 3)) -> (2616, 169, 34, t4=t3+(1, 4))	3	95
(690, 47, 306, t1) & (880, 16, 2877, t2=t1+(0, 7)) & (2877, 192, 306, t3=t2+(0, 4)) -> (880, 192, 880, t4=t3+(1, 4))	3	96
(624, 88, 4038, t1) & (494, 138, 1245, t2=t1+(0, 5)) & (494, 110, 624, t3=t2+(0, 2)) -> (494, 138, 494, t4=t3+(1, 7))	3	97
(1530, 140, 4794, t1) & (3907, 154, 1558, t2=t1+(0, 6)) & (3907, 173, 4794, t3=t2+(0, 5)) -> (3907, 154, 1558, t4=t3+(1, 5))	3	98
(300, 59, 3543, t1) & (2022, 139, 1619, t2=t1+(0, 2)) & (1619, 84, 300, t3=t2+(0, 8)) -> (2022, 139, 3543, t4=t3+(1, 4))	3	99
(3401, 178, 1376, t1) & (1376, 124, 2399, t2=t1+(0, 4)) -> (2399, 178, 1376, t3=t2+(1, 9))	2	100
(3611, 194, 3089, t1) & (3934, 125, 3611, t2=t1+(0, 3)) -> (3934, 194, 3089, t3=t2+(1, 4))	2	101
(103, 174, 1297, t1) & (103, 134, 2644, t2=t1+(0, 2)) -> (103, 174, 103, t3=t2+(1, 5))	2	102
(3096, 7, 3982, t1) & (3982, 151, 3408, t2=t1+(0, 3)) -> (3096, 151, 3982, t3=t2+(1, 6))	2	103
(2146, 105, 3318, t1) & (3318, 62, 753, t2=t1+(0, 4)) -> (2146, 62, 3318, t3=t2+(1, 3))	2	104
(2919, 90, 3337, t1) & (2919, 94, 2026, t2=t1+(0, 6)) -> (3337, 94, 3337, t3=t2+(1, 2))	2	105
(2289, 12, 1126, t1) & (2289, 72, 20, t2=t1+(0, 5)) -> (2289, 12, 20, t3=t2+(1, 4))	2	106
(179, 136, 473, t1) & (2175, 179, 179, t2=t1+(0, 5)) -> (179, 136, 2175, t3=t2+(1, 7))	2	107
(226, 33, 4460, t1) & (3605, 112, 226, t2=t1+(0, 10)) -> (226, 112, 4460, t3=t2+(1, 12))	2	108
(4560, 177, 2879, t1) & (2879, 18, 3865, t2=t1+(0, 6)) -> (2879, 177, 2879, t3=t2+(1, 7))	2	109
(3177, 53, 3355, t1) & (3008, 135, 3177, t2=t1+(0, 7)) -> (3177, 53, 3355, t3=t2+(1, 8))	2	110
(460, 126, 2705, t1) & (3322, 163, 460, t2=t1+(0, 4)) -> (2705, 126, 2705, t3=t2+(1, 10))	2	111
(3298, 168, 3486, t1) & (3486, 194, 3298, t2=t1+(0, 3)) -> (3486, 168, 3298, t3=t2+(1, 4))	2	112
(749, 108, 2109, t1) & (2109, 9, 4896, t2=t1+(0, 10)) -> (4896, 108, 2109, t3=t2+(1, 7))	2	113
(4749, 54, 4427, t1) & (4427, 40, 1466, t2=t1+(0, 8)) -> (4749, 54, 4427, t3=t2+(1, 5))	2	114
(2536, 160, 3515, t1) & (3515, 135, 3061, t2=t1+(0, 6)) -> (3515, 135, 2536, t3=t2+(1, 5))	2	115
(1032, 49, 4334, t1) & (3818, 11, 1032, t2=t1+(0, 2)) -> (4334, 11, 1032, t3=t2+(1, 7))	2	116
(1943, 152, 74, t1) & (74, 64, 4185, t2=t1+(0, 3)) -> (4185, 64, 74, t3=t2+(1, 7))	2	117
(2257, 97, 440, t1) & (2257, 129, 3370, t2=t1+(0, 4)) -> (2257, 97, 2257, t3=t2+(1, 4))	2	118
(3890, 150, 1912, t1) & (3890, 187, 1912, t2=t1+(0, 6)) -> (3890, 187, 3890, t3=t2+(1, 5))	2	119
(3496, 156, 4681, t1) & (4490, 34, 3496, t2=t1+(0, 7)) -> (3496, 34, 3496, t3=t2+(1, 3))	2	120
(4288, 10, 1667, t1) & (1667, 62, 324, t2=t1+(0, 4)) -> (324, 62, 1667, t3=t2+(1, 7))	2	121
(278, 6, 4029, t1) & (4029, 30, 323, t2=t1+(0, 4)) -> (4029, 30, 323, t3=t2+(1, 5))	2	122
(3344, 50, 1887, t1) & (1887, 166, 1749, t2=t1+(0, 4)) -> (1887, 166, 1887, t3=t2+(1, 4))	2	123
(2683, 92, 2288, t1) & (2288, 22, 1623, t2=t1+(0, 5)) -> (2683, 22, 2288, t3=t2+(1, 3))	2	124
(1904, 26, 2024, t1) & (1904, 27, 1904, t2=t1+(0, 4)) -> (2024, 27, 1904, t3=t2+(1, 4))	2	125
(3166, 106, 506, t1) & (506, 86, 3166, t2=t1+(0, 8)) -> (506, 106, 506, t3=t2+(1, 5))	2	126
(984, 195, 4736, t1) & (984, 3, 4736, t2=t1+(0, 3)) -> (984, 3, 4736, t3=t2+(1, 9))	2	127
(2958, 91, 1837, t1) & (1837, 54, 1181, t2=t1+(0, 7)) -> (2958, 91, 1837, t3=t2+(1, 6))	2	128
(4062, 31, 745, t1) & (745, 63, 4062, t2=t1+(0, 5)) -> (745, 63, 4062, t3=t2+(1, 3))	2	129
(2219, 181, 1598, t1) & (4999, 16, 1598, t2=t1+(0, 9)) -> (1598, 16, 1598, t3=t2+(1, 9))	2	130
(1708, 41, 3173, t1) & (1030, 125, 1708, t2=t1+(0, 4)) -> (1708, 41, 1030, t3=t2+(1, 4))	2	131
(962, 175, 4220, t1) & (4220, 78, 4220, t2=t1+(0, 8)) -> (4220, 175, 962, t3=t2+(1, 8))	2	132
(3859, 171, 2928, t1) & (2928, 167, 2928, t2=t1+(0, 1)) -> (2928, 171, 2928, t3=t2+(1, 9))	2	133
(1094, 2, 1664, t1) & (1094, 108, 1257, t2=t1+(0, 9)) -> (1664, 108, 1664, t3=t2+(1, 4))	2	134
(3152, 149, 874, t1) & (3152, 5, 3152, t2=t1+(0, 3)) -> (3152, 5, 3152, t3=t2+(1, 5))	2	135
(3969, 3, 3788, t1) & (3969, 134, 3969, t2=t1+(0, 4)) -> (3969, 134, 3788, t3=t2+(1, 5))	2	136
(3783, 80, 1291, t1) & (1291, 182, 1291, t2=t1+(0, 8)) -> (1291, 182, 3783, t3=t2+(1, 7))	2	137
(896, 91, 1804, t1) & (3348, 154, 896, t2=t1+(0, 5)) -> (896, 154, 1804, t3=t2+(1, 2))	2	138
(4419, 26, 4821, t1) & (4419, 35, 4821, t2=t1+(0, 0)) -> (4419, 35, 4419, t3=t2+(1, 7))	2	139
(345, 171, 1721, t1) & (1721, 3, 887, t2=t1+(0, 7)) -> (345, 171, 1721, t3=t2+(1, 3))	2	140
(306, 86, 1015, t1) & (1015, 150, 1015, t2=t1+(0, 6)) -> (1015, 150, 306, t3=t2+(1, 1))	2	141
(275, 9, 1834, t1) & (4975, 66, 1834, t2=t1+(0, 3)) -> (1834, 66, 4975, t3=t2+(1, 7))	2	142
(4333, 94, 878, t1) & (1136, 187, 878, t2=t1+(0, 5)) -> (1136, 94, 878, t3=t2+(1, 4))	2	143
(3375, 145, 2757, t1) & (3375, 33, 3375, t2=t1+(0, 4)) -> (3375, 145, 3375, t3=t2+(1, 6))	2	144
(175, 50, 4419, t1) & (175, 122, 3882, t2=t1+(0, 2)) -> (4419, 50, 3882, t3=t2+(1, 6))	2	145
(4047, 108, 4247, t1) & (2339, 181, 4047, t2=t1+(0, 3)) -> (2339, 108, 4247, t3=t2+(1, 3))	2	146
(3703, 149, 3442, t1) & (3703, 86, 3703, t2=t1+(0, 3)) -> (3703, 149, 3442, t3=t2+(1, 7))	2	147
(4813, 67, 4573, t1) & (4813, 138, 187, t2=t1+(0, 4)) -> (187, 67, 4813, t3=t2+(1, 5))	2	148
(996, 87, 1166, t1) & (1166, 193, 1067, t2=t1+(0, 6)) -> (1166, 193, 1166, t3=t2+(1, 5))	2	149
(1443, 158, 297, t1) & (1443, 112, 1480, t2=t1+(0, 4)) -> (1480, 112, 297, t3=t2+(1, 3))	2	150
(1011, 139, 4097, t1) & (4097, 83, 4097, t2=t1+(0, 3)) -> (4097, 139, 4097, t3=t2+(1, 4))	2	151
(4944, 30, 3207, t1) & (4944, 187, 3055, t2=t1+(0, 6)) -> (3055, 30, 3207, t3=t2+(1, 1))	2	152
(3008, 19, 858, t1) & (3955, 87, 3008, t2=t1+(0, 5)) -> (3008, 87, 3955, t3=t2+(1, 3))	2	153
(1446, 197, 855, t1) & (855, 110, 1508, t2=t1+(0, 7)) -> (855, 197, 1446, t3=t2+(1, 8))	2	154
(3196, 139, 3625, t1) & (4997, 166, 3625, t2=t1+(0, 3)) -> (3625, 139, 4997, t3=t2+(1, 7))	2	155
(4117, 192, 869, t1) & (3095, 97, 869, t2=t1+(0, 3)) -> (4117, 192, 3095, t3=t2+(1, 2))	2	156
(3498, 125, 2289, t1) & (2289, 2, 2821, t2=t1+(0, 6)) -> (2289, 2, 2289, t3=t2+(1, 5))	2	157
(4580, 65, 1057, t1) & (4580, 67, 451, t2=t1+(0, 8)) -> (4580, 65, 1057, t3=t2+(1, 10))	2	158
(4453, 196, 3346, t1) & (3346, 156, 1407, t2=t1+(0, 4)) -> (4453, 156, 3346, t3=t2+(1, 7))	2	159
(3356, 128, 57, t1) & (57, 70, 235, t2=t1+(0, 10)) -> (235, 70, 57, t3=t2+(1, 3))	2	160
(4917, 8, 4119, t1) & (4917, 74, 4917, t2=t1+(0, 6)) -> (4119, 8, 4917, t3=t2+(1, 5))	2	161
(503, 186, 4127, t1) & (3442, 150, 503, t2=t1+(0, 8)) -> (4127, 150, 3442, t3=t2+(1, 8))	2	162
(2099, 79, 3115, t1) & (2099, 47, 2099, t2=t1+(0, 8)) -> (2099, 79, 2099, t3=t2+(1, 5))	2	163
(2347, 74, 1774, t1) & (1774, 90, 2347, t2=t1+(0, 6)) -> (2347, 90, 1774, t3=t2+(1, 5))	2	164
(3630, 38, 1789, t1) & (2311, 5, 1789, t2=t1+(0, 9)) -> (1789, 38, 1789, t3=t2+(1, 5))	2	165
(3401, 132, 3812, t1) & (3401, 59, 633, t2=t1+(0, 7)) -> (3401, 132, 3401, t3=t2+(1, 3))	2	166
(3651, 173, 2741, t1) & (2741, 74, 2741, t2=t1+(0, 2)) -> (3651, 74, 2741, t3=t2+(1, 3))	2	167
(30, 162, 4186, t1) & (332, 192, 4186, t2=t1+(0, 6)) -> (30, 162, 332, t3=t2+(1, 2))	2	168
(2740, 106, 764, t1) & (764, 172, 4142, t2=t1+(0, 5)) -> (4142, 106, 2740, t3=t2+(1, 6))	2	169
(2885, 142, 4451, t1) & (2885, 125, 3515, t2=t1+(0, 2)) -> (4451, 142, 2885, t3=t2+(1, 10))	2	170
(4470, 131, 4639, t1) & (2112, 36, 4639, t2=t1+(0, 4)) -> (4470, 131, 4639, t3=t2+(1, 7))	2	171
(3566, 117, 3159, t1) & (4316, 66, 3566, t2=t1+(0, 6)) -> (3566, 66, 4316, t3=t2+(1, 5))	2	172
(3485, 80, 4780, t1) & (4780, 183, 1902, t2=t1+(0, 2)) -> (1902, 183, 3485, t3=t2+(1, 4))	2	173
(1920, 78, 217, t1) & (4258, 26, 1920, t2=t1+(0, 5)) -> (217, 78, 4258, t3=t2+(1, 4))	2	174
(889, 184, 3864, t1) & (3864, 67, 889, t2=t1+(0, 5)) -> (889, 67, 889, t3=t2+(1, 4))	2	175
(1751, 116, 2201, t1) & (1751, 16, 2211, t2=t1+(0, 2)) -> (2211, 16, 2211, t3=t2+(1, 4))	2	176
(4223, 134, 920, t1) & (920, 60, 4223, t2=t1+(0, 7)) -> (920, 134, 4223, t3=t2+(1, 9))	2	177
(4827, 25, 1212, t1) & (1212, 29, 3798, t2=t1+(0, 10)) -> (1212, 29, 4827, t3=t2+(1, 6))	2	178
(1259, 188, 1122, t1) & (198, 103, 1259, t2=t1+(0, 8)) -> (1259, 188, 198, t3=t2+(1, 3))	2	179
(4830, 93, 3285, t1) & (3285, 113, 4830, t2=t1+(0, 9)) -> (4830, 113, 3285, t3=t2+(1, 4))	2	180
(1450, 182, 3614, t1) & (256, 40, 3614, t2=t1+(0, 7)) -> (3614, 40, 256, t3=t2+(1, 5))	2	181
(2578, 49, 1089, t1) & (1089, 51, 2578, t2=t1+(0, 5)) -> (1089, 51, 1089, t3=t2+(1, 3))	2	182
(4909, 115, 4039, t1) & (4909, 190, 3025, t2=t1+(0, 4)) -> (3025, 190, 3025, t3=t2+(1, 4))	2	183
(4663, 107, 2513, t1) & (4663, 173, 2513, t2=t1+(0, 2)) -> (4663, 173, 2513, t3=t2+(1, 6))	2	184
(625, 70, 2664, t1) & (625, 144, 625, t2=t1+(0, 7)) -> (625, 144, 2664, t3=t2+(1, 4))	2	185
(428, 6, 1128, t1) & (428, 44, 3, t2=t1+(0, 1)) -> (1128, 44, 428, t3=t2+(1, 4))	2	186
(3133, 57, 2443, t1) & (2443, 75, 2394, t2=t1+(0, 4)) -> (2443, 57, 2443, t3=t2+(1, 7))	2	187
(4518, 156, 4431, t1) & (2474, 31, 4431, t2=t1+(0, 3)) -> (2474, 31, 2474, t3=t2+(1, 4))	2	188
(17, 63, 2983, t1) & (2983, 75, 2983, t2=t1+(0, 3)) -> (17, 75, 17, t3=t2+(1, 4))	2	189
(2716, 109, 92, t1) & (2065, 36, 2716, t2=t1+(0, 6)) -> (2716, 36, 92, t3=t2+(1, 8))	2	190
(1018, 109, 2548, t1) & (2548, 117, 1018, t2=t1+(0, 7)) -> (1018, 109, 2548, t3=t2+(1, 4))	2	191
(3427, 108, 1328, t1) & (3427, 160, 4011, t2=t1+(0, 5)) -> (3427, 108, 3427, t3=t2+(1, 5))	2	192
(2479, 68, 4032, t1) & (4032, 38, 2479, t2=t1+(0, 7)) -> (2479, 68, 2479, t3=t2+(1, 2))	2	193
(4668, 168, 2406, t1) & (4668, 158, 615, t2=t1+(0, 9)) -> (4668, 168, 4668, t3=t2+(1, 6))	2	194
(2697, 10, 118, t1) & (567, 162, 118, t2=t1+(0, 6)) -> (118, 10, 118, t3=t2+(1, 2))	2	195
(3057, 186, 4959, t1) & (1296, 199, 3057, t2=t1+(0, 3)) -> (3057, 186, 3057, t3=t2+(1, 5))	2	196
(4658, 23, 886, t1) & (4658, 37, 886, t2=t1+(0, 11)) -> (886, 37, 886, t3=t2+(1, 1))	2	197
(4874, 135, 1589, t1) & (4874, 83, 2576, t2=t1+(0, 7)) -> (1589, 135, 4874, t3=t2+(1, 4))	2	198
(4149, 23, 1910, t1) & (1910, 172, 1910, t2=t1+(0, 5)) -> (1910, 23, 1910, t3=t2+(1, 8))	2	199
(1103, 63, 1296, t1) -> (1103, 63, 1296, t2=t1+(1, 5))	1	200
(4998, 33, 3654, t1) -> (3654, 33, 4998, t2=t1+(1, 5))	1	201
(4807, 30, 637, t1) -> (637, 30, 4807, t2=t1+(1, 2))	1	202
(2763, 29, 2061, t1) -> (2061, 29, 2061, t2=t1+(1, 5))	1	203
(1996, 41, 1893, t1) -> (1996, 41, 1996, t2=t1+(1, 4))	1	204
(776, 49, 586, t1) -> (586, 49, 776, t2=t1+(1, 6))	1	205
(787, 125, 3240, t1) -> (3240, 125, 787, t2=t1+(1, 5))	1	206
(4714, 87, 1155, t1) -> (1155, 87, 4714, t2=t1+(1, 2))	1	207
(3761, 199, 2295, t1) -> (3761, 199, 2295, t2=t1+(1, 4))	1	208
(377, 146, 539, t1) -> (377, 146, 539, t2=t1+(1, 5))	1	209
(2438, 178, 2421, t1) -> (2438, 178, 2421, t2=t1+(1, 1))	1	210
(144, 21, 4071, t1) -> (4071, 21, 4071, t2=t1+(1, 4))	1	211
(2654, 102, 1668, t1) -> (1668, 102, 1668, t2=t1+(1, 5))	1	212
(1168, 14, 2623, t1) -> (1168, 14, 1168, t2=t1+(1, 7))	1	213
(3354, 28, 3062, t1) -> (3062, 28, 3062, t2=t1+(1, 8))	1	214
(2897, 8, 184, t1) -> (2897, 8, 2897, t2=t1+(1, 6))	1	215
(806, 147, 1055, t1) -> (806, 147, 806, t2=t1+(1, 5))	1	216
(4457, 109, 1739, t1) -> (1739, 109, 4457, t2=t1+(1, 7))	1	217
(54, 4, 4328, t1) -> (4328, 4, 54, t2=t1+(1, 7))	1	218
(1726, 12, 1572, t1) -> (1726, 12, 1572, t2=t1+(1, 7))	1	219
(3986, 124, 1542, t1) -> (1542, 124, 1542, t2=t1+(1, 4))	1	220
(1171, 132, 950, t1) -> (1171, 132, 950, t2=t1+(1, 4))	1	221
(3179, 70, 1512, t1) -> (1512, 70, 1512, t2=t1+(1, 6))	1	222
(777, 52, 3205, t1) -> (777, 52, 777, t2=t1+(1, 5))	1	223
(798, 32, 1671, t1) -> (798, 32, 1671, t2=t1+(1, 3))	1	224
(4645, 171, 16, t1) -> (4645, 171, 4645, t2=t1+(1, 6))	1	225
(4419, 199, 1199, t1) -> (4419, 199, 1199, t2=t1+(1, 2))	1	226
(2955, 125, 479, t1) -> (479, 125, 2955, t2=t1+(1, 3))	1	227
(4550, 91, 852, t1) -> (4550, 91, 4550, t2=t1+(1, 5))	1	228
(2277, 127, 2940, t1) -> (2940, 127, 2940, t2=t1+(1, 5))	1	229
(1323, 34, 4462, t1) -> (1323, 34, 4462, t2=t1+(1, 5))	1	230
(80, 144, 4901, t1) -> (4901, 144, 4901, t2=t1+(1, 9))	1	231
(2060, 86, 4194, t1) -> (4194, 86, 4194, t2=t1+(1, 12))	1	232
(616, 48, 4379, t1) -> (616, 48, 4379, t2=t1+(1, 6))	1	233
(838, 152, 976, t1) -> (838, 152, 838, t2=t1+(1, 7))	1	234
(4379, 50, 862, t1) -> (862, 50, 4379, t2=t1+(1, 6))	1	235
(2063, 1, 4340, t1) -> (2063, 1, 2063, t2=t1+(1, 4))	1	236
(1273, 138, 4993, t1) -> (1273, 138, 4993, t2=t1+(1, 4))	1	237
(2295, 66, 2194, t1) -> (2194, 66, 2194, t2=t1+(1, 7))	1	238
(1624, 55, 1584, t1) -> (1624, 55, 1584, t2=t1+(1, 9))	1	239
(3821, 47, 1640, t1) -> (3821, 47, 3821, t2=t1+(1, 7))	1	240
(3666, 199, 2681, t1) -> (3666, 199, 3666, t2=t1+(1, 4))	1	241
(1868, 131, 3353, t1) -> (1868, 131, 3353, t2=t1+(1, 5))	1	242
(4964, 146, 994, t1) -> (994, 146, 994, t2=t1+(1, 4))	1	243
(715, 172, 4006, t1) -> (715, 172, 4006, t2=t1+(1, 7))	1	244
(4149, 118, 3764, t1) -> (3764, 118, 3764, t2=t1+(1, 6))	1	245
(1462, 80, 4430, t1) -> (1462, 80, 1462, t2=t1+(1, 6))	1	246
(1300, 55, 2670, t1) -> (1300, 55, 2670, t2=t1+(1, 4))	1	247
(510, 87, 156, t1) -> (156, 87, 156, t2=t1+(1, 4))	1	248
(1555, 63, 4153, t1) -> (1555, 63, 1555, t2=t1+(1, 5))	1	249
(1650, 37, 3384, t1) -> (1650, 37, 1650, t2=t1+(1, 8))	1	250
(2000, 113, 4109, t1) -> (2000, 113, 4109, t2=t1+(1, 5))	1	251
(4589, 157, 1841, t1) -> (4589, 157, 4589, t2=t1+(1, 5))	1	252
(1625, 19, 3158, t1) -> (1625, 19, 1625, t2=t1+(1, 9))	1	253
(4532, 107, 1621, t1) -> (4532, 107, 1621, t2=t1+(1, 3))	1	254
(1627, 73, 4150, t1) -> (4150, 73, 4150, t2=t1+(1, 5))	1	255
(1587, 137, 1714, t1) -> (1587, 137, 1714, t2=t1+(1, 7))	1	256
(817, 147, 842, t1) -> (817, 147, 817, t2=t1+(1, 1))	1	257
(2003, 108, 1507, t1) -> (1507, 108, 1507, t2=t1+(1, 8))	1	258
(4505, 88, 1931, t1) -> (4505, 88, 4505, t2=t1+(1, 1))	1	259
(239, 130, 162, t1) -> (239, 130, 162, t2=t1+(1, 8))	1	260
(2721, 140, 4802, t1) -> (2721, 140, 2721, t2=t1+(1, 1))	1	261
(3493, 155, 4343, t1) -> (4343, 155, 4343, t2=t1+(1, 9))	1	262
(4614, 12, 2810, t1) -> (4614, 12, 4614, t2=t1+(1, 3))	1	263
(4852, 188, 2002, t1) -> (2002, 188, 4852, t2=t1+(1, 4))	1	264
(3929, 100, 821, t1) -> (821, 100, 3929, t2=t1+(1, 3))	1	265
(2000, 53, 918, t1) -> (2000, 53, 2000, t2=t1+(1, 5))	1	266
(4505, 59, 2668, t1) -> (2668, 59, 4505, t2=t1+(1, 3))	1	267
(1225, 80, 196, t1) -> (1225, 80, 1225, t2=t1+(1, 6))	1	268
(3903, 47, 734, t1) -> (734, 47, 734, t2=t1+(1, 6))	1	269
(1250, 120, 4525, t1) -> (4525, 120, 4525, t2=t1+(1, 2))	1	270
(4628, 119, 312, t1) -> (4628, 119, 4628, t2=t1+(1, 3))	1	271
(1249, 58, 456, t1) -> (1249, 58, 456, t2=t1+(1, 7))	1	272
(1746, 133, 4258, t1) -> (1746, 133, 4258, t2=t1+(1, 8))	1	273
(4287, 126, 4063, t1) -> (4063, 126, 4287, t2=t1+(1, 4))	1	274
(3385, 154, 2141, t1) -> (2141, 154, 3385, t2=t1+(1, 4))	1	275
(135, 137, 581, t1) -> (581, 137, 581, t2=t1+(1, 5))	1	276
(2169, 7, 3211, t1) -> (2169, 7, 2169, t2=t1+(1, 6))	1	277
(2288, 71, 4731, t1) -> (4731, 71, 2288, t2=t1+(1, 7))	1	278
(2995, 111, 4566, t1) -> (2995, 111, 2995, t2=t1+(1, 7))	1	279
(3725, 125, 2765, t1) -> (2765, 125, 2765, t2=t1+(1, 5))	1	280
(1302, 142, 2964, t1) -> (2964, 142, 2964, t2=t1+(1, 6))	1	281
(4651, 124, 1856, t1) -> (4651, 124, 1856, t2=t1+(1, 5))	1	282
(1699, 116, 4596, t1) -> (1699, 116, 1699, t2=t1+(1, 5))	1	283
(3352, 85, 2376, t1) -> (3352, 85, 2376, t2=t1+(1, 3))	1	284
(4116, 193, 4623, t1) -> (4623, 193, 4623, t2=t1+(1, 3))	1	285
(4053, 17, 1434, t1) -> (1434, 17, 1434, t2=t1+(1, 6))	1	286
(4737, 14, 110, t1) -> (4737, 14, 110, t2=t1+(1, 5))	1	287
(568, 103, 4917, t1) -> (4917, 103, 4917, t2=t1+(1, 4))	1	288
(1061, 177, 3029, t1) -> (3029, 177, 3029, t2=t1+(1, 8))	1	289
(2190, 38, 4769, t1) -> (4769, 38, 4769, t2=t1+(1, 3))	1	290
(64, 84, 1476, t1) -> (1476, 84, 1476, t2=t1+(1, 2))	1	291
(2709, 76, 3326, t1) -> (2709, 76, 3326, t2=t1+(1, 4))	1	292
(3805, 108, 2244, t1) -> (3805, 108, 2244, t2=t1+(1, 3))	1	293
(2290, 171, 3400, t1) -> (3400, 171, 3400, t2=t1+(1, 5))	1	294
(3662, 22, 409, t1) -> (3662, 22, 3662, t2=t1+(1, 5))	1	295
(3441, 129, 1366, t1) -> (3441, 129, 3441, t2=t1+(1, 1))	1	296
(3727, 147, 1835, t1) -> (3727, 147, 3727, t2=t1+(1, 8))	1	297
(1907, 98, 1652, t1) -> (1907, 98, 1907, t2=t1+(1, 7))	1	298
(4234, 185, 882, t1) -> (882, 185, 4234, t2=t1+(1, 7))	1	299
