(4272, 88, 4226, t1) & (2476, 68, 707, t2=t1+(0, 4)) & (2476, 132, 4226, t3=t2+(0, 7)) -> (4226, 68, 707, t4=t3+(1, 6))	3	0
(1104, 195, 2321, t1) & (519, 124, 3295, t2=t1+(0, 2)) & (519, 92, 2321, t3=t2+(0, 8)) -> (1104, 92, 519, t4=t3+(1, 4))	3	1
(4076, 132, 1760, t1) & (834, 174, 1924, t2=t1+(0, 5)) & (1924, 64, 4076, t3=t2+(0, 7)) -> (1924, 64, 834, t4=t3+(1, 7))	3	2
(564, 161, 2517, t1) & (3307, 147, 587, t2=t1+(0, 5)) & (3307, 17, 2517, t3=t2+(0, 4)) -> (3307, 17, 2517, t4=t3+(1, 7))	3	3
(3928, 130, 2752, t1) & (3925, 33, 247, t2=t1+(0, 3)) & (2752, 68, 3925, t3=t2+(0, 11)) -> (3925, 68, 2752, t4=t3+(1, 4))	3	4
(4239, 111, 2812, t1) & (1401, 74, 3157, t2=t1+(0, 6)) & (3157, 1, 2812, t3=t2+(0, 6)) -> (2812, 1, 1401, t4=t3+(1, 6))	3	5
(3847, 114, 584, t1) & (1490, 1, 3273, t2=t1+(0, 7)) & (1490, 73, 584, t3=t2+(0, 4)) -> (584, 73, 3273, t4=t3+(1, 2))	3	6
(3386, 177, 700, t1) & (1222, 139, 1960, t2=t1+(0, 4)) & (1960, 46, 3386, t3=t2+(0, 4)) -> (3386, 177, 1960, t4=t3+(1, 9))	3	7
(383, 1, 2234, t1) & (3416, 35, 1094, t2=t1+(0, 3)) & (3416, 122, 383, t3=t2+(0, 5)) -> (383, 1, 3416, t4=t3+(1, 7))	3	8
(157, 63, 1847, t1) & (464, 122, 2898, t2=t1+(0, 9)) & (1847, 85, 2898, t3=t2+(0, 6)) -> (2898, 63, 2898, t4=t3+(1, 3))	3	9
(3923, 135, 4248, t1) & (4818, 110, 591, t2=t1+(0, 6)) & (3923, 77, 4818, t3=t2+(0, 7)) -> (4248, 110, 3923, t4=t3+(1, 3))	3	10
(1041, 113, 3687, t1) & (1958, 193, 404, t2=t1+(0, 6)) & (1958, 68, 3687, t3=t2+(0, 4)) -> (3687, 113, 1958, t4=t3+(1, 3))	3	11
(3289, 115, 3272, t1) & (4100, 17, 3875, t2=t1+(0, 4)) & (3289, 132, 3875, t3=t2+(0, 5)) -> (3875, 132, 3289, t4=t3+(1, 4))	3	12
(4087, 16, 405, t1) & (2935, 88, 3515, t2=t1+(0, 4)) & (2935, 35, 4087, t3=t2+(0, 7)) -> (4087, 88, 3515, t4=t3+(1, 4))	3	13
(567, 195, 2613, t1) & (1293, 32, 4056, t2=t1+(0, 5)) & (2613, 36, 4056, t3=t2+(0, 9)) -> (4056, 32, 4056, t4=t3+(1, 4))	3	14
(2035, 162, 4921, t1) & (35, 63, 4318, t2=t1+(0, 4)) & (2035, 187, 35, t3=t2+(0, 4)) -> (2035, 63, 2035, t4=t3+(1, 6))	3	15
(2065, 143, 4482, t1) & (2637, 189, 1875, t2=t1+(0, 9)) & (2637, 116, 4482, t3=t2+(0, 3)) -> (1875, 143, 4482, t4=t3+(1, 5))	3	16
(3532, 132, 4120, t1) & (4125, 35, 3698, t2=t1+(0, 1)) & (4120, 1, 3698, t3=t2+(0, 3)) -> (3532, 1, 4120, t4=t3+(1, 4))	3	17
(4865, 97, 3129, t1) & (1626, 42, 3354, t2=t1+(0, 6)) & (3129, 176, 1626, t3=t2+(0, 2)) -> (4865, 176, 3129, t4=t3+(1, 5))	3	18
(4052, 114, 310, t1) & (2574, 146, 3227, t2=t1+(0, 4)) & (3227, 138, 310, t3=t2+(0, 7)) -> (310, 138, 310, t4=t3+(1, 5))	3	19
(1796, 154, 3169, t1) & (3588, 111, 944, t2=t1+(0, 2)) & (1796, 24, 944, t3=t2+(0, 9)) -> (3169, 154, 1796, t4=t3+(1, 5))	3	20
(2444, 85, 292, t1) & (996, 132, 4078, t2=t1+(0, 5)) & (2444, 52, 996, t3=t2+(0, 7)) -> (4078, 132, 996, t4=t3+(1, 5))	3	21
(3213, 17, 1040, t1) & (1070, 53, 3186, t2=t1+(0, 3)) & (3213, 79, 3186, t3=t2+(0, 3)) -> (3186, 53, 1040, t4=t3+(1, 4))	3	22
(2166, 60, 3161, t1) & (1376, 64, 2996, t2=t1+(0, 1)) & (2996, 89, 2166, t3=t2+(0, 4)) -> (1376, 64, 2996, t4=t3+(1, 3))	3	23
(3370, 60, 1852, t1) & (1660, 178, 4247, t2=t1+(0, 6)) & (4247, 135, 1852, t3=t2+(0, 12)) -> (1660, 135, 1660, t4=t3+(1, 6))	3	24
(3977, 32, 2439, t1) & (1359, 143, 37, t2=t1+(0, 4)) & (2439, 43, 37, t3=t2+(0, 2)) -> (1359, 43, 2439, t4=t3+(1, 3))	3	25
(806, 169, 1520, t1) & (1680, 28, 1447, t2=t1+(0, 9)) & (1520, 168, 1447, t3=t2+(0, 3)) -> (1447, 168, 806, t4=t3+(1, 6))	3	26
(337, 130, 2157, t1) & (4115, 164, 1593, t2=t1+(0, 3)) & (2157, 159, 1593, t3=t2+(0, 7)) -> (1593, 130, 2157, t4=t3+(1, 1))	3	27
(4074, 61, 182, t1) & (2931, 22, 1535, t2=t1+(0, 5)) & (182, 195, 2931, t3=t2+(0, 3)) -> (1535, 195, 182, t4=t3+(1, 4))	3	28
(2048, 195, 1312, t1) & (2665, 49, 154, t2=t1+(0, 6)) & (154, 155, 2048, t3=t2+(0, 1)) -> (154, 195, 2048, t4=t3+(1, 4))	3	29
(892, 199, 3461, t1) & (3191, 128, 4358, t2=t1+(0, 9)) & (4358, 42, 3461, t3=t2+(0, 3)) -> (4358, 128, 4358, t4=t3+(1, 3))	3	30
(1045, 49, 4865, t1) & (2054, 122, 586, t2=t1+(0, 3)) & (4865, 79, 2054, t3=t2+(0, 4)) -> (2054, 122, 4865, t4=t3+(1, 3))	3	31
(4678, 122, 2500, t1) & (2843, 172, 130, t2=t1+(0, 2)) & (4678, 198, 130, t3=t2+(0, 7)) -> (4678, 122, 4678, t4=t3+(1, 6))	3	32
(3037, 172, 1238, t1) & (1183, 122, 4, t2=t1+(0, 4)) & (4, 161, 1238, t3=t2+(0, 3)) -> (1238, 122, 3037, t4=t3+(1, 4))	3	33
(2721, 197, 2841, t1) & (1447, 17, 2797, t2=t1+(0, 1)) & (1447, 143, 2841, t3=t2+(0, 5)) -> (2797, 143, 2721, t4=t3+(1, 2))	3	34
(4384, 194, 4500, t1) & (3087, 79, 3852, t2=t1+(0, 1)) & (4384, 49, 3087, t3=t2+(0, 7)) -> (3087, 79, 4384, t4=t3+(1, 6))	3	35
(746, 122, 1383, t1) & (1454, 69, 1654, t2=t1+(0, 3)) & (1654, 63, 746, t3=t2+(0, 7)) -> (746, 69, 746, t4=t3+(1, 6))	3	36
(4062, 144, 2196, t1) & (4582, 111, 2074, t2=t1+(0, 2)) & (4062, 34, 2074, t3=t2+(0, 7)) -> (2196, 34, 4582, t4=t3+(1, 6))	3	37
(1968, 156, 2349, t1) & (1618, 77, 58, t2=t1+(0, 5)) & (58, 122, 2349, t3=t2+(0, 2)) -> (58, 122, 1968, t4=t3+(1, 3))	3	38
(4928, 132, 4052, t1) & (1145, 147, 3968, t2=t1+(0, 5)) & (4052, 170, 3968, t3=t2+(0, 7)) -> (3968, 147, 1145, t4=t3+(1, 4))	3	39
(1646, 46, 3159, t1) & (3763, 63, 3401, t2=t1+(0, 5)) & (1646, 1, 3763, t3=t2+(0, 5)) -> (1646, 63, 3763, t4=t3+(1, 6))	3	40
(4927, 43, 3582, t1) & (386, 87, 189, t2=t1+(0, 9)) & (3582, 111, 386, t3=t2+(0, 8)) -> (189, 111, 386, t4=t3+(1, 6))	3	41
(3442, 122, 3719, t1) & (2627, 15, 1477, t2=t1+(0, 4)) & (2627, 143, 3442, t3=t2+(0, 3)) -> (1477, 15, 2627, t4=t3+(1, 6))	3	42
(2355, 111, 391, t1) & (4817, 178, 1954, t2=t1+(0, 3)) & (4817, 15, 2355, t3=t2+(0, 3)) -> (2355, 178, 4817, t4=t3+(1, 4))	3	43
(2902, 29, 4147, t1) & (790, 165, 1797, t2=t1+(0, 5)) & (790, 89, 4147, t3=t2+(0, 6)) -> (2902, 29, 1797, t4=t3+(1, 5))	3	44
(839, 158, 1032, t1) & (1823, 116, 2678, t2=t1+(0, 8)) & (2678, 122, 1032, t3=t2+(0, 6)) -> (1823, 122, 2678, t4=t3+(1, 6))	3	45
(3373, 21, 4865, t1) & (1768, 174, 786, t2=t1+(0, 2)) & (4865, 195, 1768, t3=t2+(0, 4)) -> (4865, 174, 4865, t4=t3+(1, 4))	3	46
(3960, 157, 4831, t1) & (4122, 40, 4595, t2=t1+(0, 3)) & (4831, 146, 4595, t3=t2+(0, 7)) -> (4831, 157, 3960, t4=t3+(1, 5))	3	47
(2489, 68, 1130, t1) & (2915, 142, 865, t2=t1+(0, 3)) & (865, 17, 2489, t3=t2+(0, 4)) -> (2915, 142, 1130, t4=t3+(1, 7))	3	48
(3081, 142, 4064, t1) & (4125, 130, 1814, t2=t1+(0, 8)) & (4125, 165, 4064, t3=t2+(0, 1)) -> (4064, 130, 4064, t4=t3+(1, 6))	3	49
(3568, 114, 887, t1) & (270, 43, 976, t2=t1+(0, 6)) & (976, 154, 3568, t3=t2+(0, 0)) -> (3568, 154, 887, t4=t3+(1, 3))	3	50
(46, 17, 4964, t1) & (3695, 175, 120, t2=t1+(0, 7)) & (3695, 62, 46, t3=t2+(0, 1)) -> (3695, 62, 46, t4=t3+(1, 6))	3	51
(3154, 68, 4146, t1) & (290, 92, 1693, t2=t1+(0, 2)) & (4146, 91, 290, t3=t2+(0, 7)) -> (4146, 92, 1693, t4=t3+(1, 3))	3	52
(2094, 70, 4044, t1) & (1260, 92, 4506, t2=t1+(0, 4)) & (4044, 62, 1260, t3=t2+(0, 6)) -> (2094, 70, 4044, t4=t3+(1, 2))	3	53
(1784, 37, 2019, t1) & (4923, 40, 4123, t2=t1+(0, 3)) & (1784, 72, 4923, t3=t2+(0, 4)) -> (2019, 72, 4923, t4=t3+(1, 6))	3	54
(3514, 190, 2583, t1) & (4165, 69, 4666, t2=t1+(0, 6)) & (4666, 122, 2583, t3=t2+(0, 6)) -> (4666, 190, 4666, t4=t3+(1, 5))	3	55
(2495, 122, 4157, t1) & (4392, 1, 3850, t2=t1+(0, 10)) & (4392, 156, 2495, t3=t2+(0, 4)) -> (3850, 122, 2495, t4=t3+(1, 8))	3	56
(1953, 1, 63, t1) & (1839, 17, 1391, t2=t1+(0, 4)) & (1839, 92, 1953, t3=t2+(0, 4)) -> (1391, 1, 1953, t4=t3+(1, 4))	3	57
(3177, 146, 1048, t1) & (1955, 85, 910, t2=t1+(0, 7)) & (910, 88, 3177, t3=t2+(0, 5)) -> (3177, 146, 1955, t4=t3+(1, 6))	3	58
(1693, 183, 3922, t1) & (785, 122, 1656, t2=t1+(0, 3)) & (1656, 55, 1693, t3=t2+(0, 6)) -> (3922, 183, 1693, t4=t3+(1, 7))	3	59
(2640, 117, 2627, t1) & (3683, 62, 2030, t2=t1+(0, 3)) & (2030, 60, 2640, t3=t2+(0, 3)) -> (2627, 62, 2030, t4=t3+(1, 2))	3	60
(11, 111, 1625, t1) & (3277, 82, 4277, t2=t1+(0, 2)) & (3277, 33, 11, t3=t2+(0, 7)) -> (3277, 33, 4277, t4=t3+(1, 6))	3	61
(2161, 13, 2803, t1) & (454, 164, 1853, t2=t1+(0, 5)) & (2803, 72, 454, t3=t2+(0, 11)) -> (2803, 164, 2803, t4=t3+(1, 5))	3	62
(4616, 1, 1375, t1) & (2356, 11, 1158, t2=t1+(0, 4)) & (4616, 27, 2356, t3=t2+(0, 7)) -> (4616, 11, 4616, t4=t3+(1, 3))	3	63
(4493, 43, 2002, t1) & (189, 37, 3316, t2=t1+(0, 6)) & (2002, 1, 3316, t3=t2+(0, 4)) -> (2002, 1, 2002, t4=t3+(1, 1))	3	64
(1133, 60, 1756, t1) & (310, 87, 775, t2=t1+(0, 4)) & (1756, 51, 310, t3=t2+(0, 2)) -> (310, 60, 1756, t4=t3+(1, 8))	3	65
(3416, 149, 1496, t1) & (3611, 88, 2240, t2=t1+(0, 6)) & (3416, 91, 3611, t3=t2+(0, 4)) -> (3416, 91, 1496, t4=t3+(1, 3))	3	66
(955, 199, 2936, t1) & (1304, 193, 4344, t2=t1+(0, 6)) & (1304, 6, 955, t3=t2+(0, 5)) -> (955, 193, 2936, t4=t3+(1, 4))	3	67
(254, 195, 14, t1) & (11, 85, 4827, t2=t1+(0, 6)) & (14, 157, 4827, t3=t2+(0, 3)) -> (14, 157, 11, t4=t3+(1, 5))	3	68
(4111, 130, 3576, t1) & (336, 118, 512, t2=t1+(0, 7)) & (3576, 177, 512, t3=t2+(0, 7)) -> (512, 130, 4111, t4=t3+(1, 5))	3	69
(4224, 195, 2, t1) & (1145, 88, 299, t2=t1+(0, 4)) & (4224, 88, 1145, t3=t2+(0, 5)) -> (1145, 88, 2, t4=t3+(1, 1))	3	70
(3119, 43, 3084, t1) & (2429, 35, 1116, t2=t1+(0, 11)) & (3119, 15, 1116, t3=t2+(0, 4)) -> (2429, 35, 3084, t4=t3+(1, 5))	3	71
(966, 29, 4841, t1) & (3366, 46, 3944, t2=t1+(0, 7)) & (4841, 102, 3366, t3=t2+(0, 5)) -> (4841, 46, 3366, t4=t3+(1, 8))	3	72
(1573, 128, 3902, t1) & (4780, 88, 1822, t2=t1+(0, 3)) & (1822, 169, 3902, t3=t2+(0, 1)) -> (3902, 88, 4780, t4=t3+(1, 8))	3	73
(1958, 60, 3428, t1) & (4760, 144, 4672, t2=t1+(0, 8)) & (1958, 162, 4672, t3=t2+(0, 3)) -> (4672, 60, 1958, t4=t3+(1, 8))	3	74
(4088, 171, 482, t1) & (3362, 132, 1218, t2=t1+(0, 9)) & (482, 82, 1218, t3=t2+(0, 1)) -> (482, 171, 4088, t4=t3+(1, 4))	3	75
(4091, 156, 4421, t1) & (3280, 88, 261, t2=t1+(0, 2)) & (261, 187, 4421, t3=t2+(0, 4)) -> (261, 187, 261, t4=t3+(1, 5))	3	76
(3282, 111, 1330, t1) & (3354, 15, 4999, t2=t1+(0, 6)) & (1330, 172, 4999, t3=t2+(0, 5)) -> (4999, 111, 3354, t4=t3+(1, 5))	3	77
(3616, 149, 1488, t1) & (1831, 72, 94, t2=t1+(0, 2)) & (1831, 71, 3616, t3=t2+(0, 5)) -> (94, 149, 94, t4=t3+(1, 6))	3	78
(4258, 107, 3813, t1) & (832, 125, 4709, t2=t1+(0, 6)) & (832, 26, 4258, t3=t2+(0, 3)) -> (4258, 26, 4709, t4=t3+(1, 8))	3	79
(478, 15, 1659, t1) & (3643, 161, 2567, t2=t1+(0, 4)) & (3643, 118, 478, t3=t2+(0, 4)) -> (1659, 118, 1659, t4=t3+(1, 5))	3	80
(3353, 38, 956, t1) & (3748, 122, 4286, t2=t1+(0, 9)) & (3748, 196, 956, t3=t2+(0, 9)) -> (956, 196, 956, t4=t3+(1, 6))	3	81
(2796, 34, 2417, t1) & (3013, 144, 455, t2=t1+(0, 2)) & (3013, 122, 2796, t3=t2+(0, 4)) -> (2796, 122, 3013, t4=t3+(1, 8))	3	82
(4085, 34, 2743, t1) & (3265, 61, 4442, t2=t1+(0, 6)) & (4085, 74, 4442, t3=t2+(0, 5)) -> (4442, 34, 4085, t4=t3+(1, 7))	3	83
(2276, 87, 2810, t1) & (2814, 103, 4054, t2=t1+(0, 2)) & (2810, 164, 4054, t3=t2+(0, 6)) -> (2810, 103, 2276, t4=t3+(1, 5))	3	84
(2630, 17, 2006, t1) & (2413, 60, 3331, t2=t1+(0, 4)) & (2413, 21, 2630, t3=t2+(0, 7)) -> (2006, 60, 2630, t4=t3+(1, 7))	3	85
(4712, 85, 530, t1) & (1794, 164, 3355, t2=t1+(0, 1)) & (1794, 106, 4712, t3=t2+(0, 5)) -> (530, 85, 530, t4=t3+(1, 3))	3	86
(988, 63, 3257, t1) & (1753, 161, 2770, t2=t1+(0, 5)) & (1753, 144, 3257, t3=t2+(0, 6)) -> (3257, 63, 3257, t4=t3+(1, 1))	3	87
(4307, 122, 1650, t1) & (647, 156, 3831, t2=t1+(0, 7)) & (1650, 178, 647, t3=t2+(0, 3)) -> (4307, 122, 1650, t4=t3+(1, 3))	3	88
(1724, 114, 2838, t1) & (870, 59, 1966, t2=t1+(0, 2)) & (2838, 195, 870, t3=t2+(0, 6)) -> (870, 59, 1724, t4=t3+(1, 5))	3	89
(1702, 29, 1607, t1) & (2335, 34, 4143, t2=t1+(0, 7)) & (2335, 124, 1607, t3=t2+(0, 6)) -> (2335, 34, 2335, t4=t3+(1, 3))	3	90
(4000, 6, 1354, t1) & (2700, 20, 760, t2=t1+(0, 5)) & (2700, 107, 4000, t3=t2+(0, 5)) -> (4000, 6, 4000, t4=t3+(1, 1))	3	91
(3177, 89, 2923, t1) & (3389, 6, 4061, t2=t1+(0, 6)) & (4061, 183, 3177, t3=t2+(0, 4)) -> (3177, 6, 4061, t4=t3+(1, 4))	3	92
(1217, 78, 2381, t1) & (690, 85, 688, t2=t1+(0, 8)) & (2381, 14, 690, t3=t2+(0, 4)) -> (1217, 78, 688, t4=t3+(1, 3))	3	93
(3756, 124, 3411, t1) & (3775, 60, 1801, t2=t1+(0, 8)) & (3756, 157, 1801, t3=t2+(0, 4)) -> (1801, 60, 1801, t4=t3+(1, 6))	3	94
(4157, 111, 664, t1) & (3193, 12, 3297, t2=t1+(0, 2)) & (3297, 11, 4157, t3=t2+(0, 3)) -> (664, 12, 3297, t4=t3+(1, 5))	3	95
(1759, 46, 2386, t1) & (4311, 43, 672, t2=t1+(0, 6)) & (1759, 122, 4311, t3=t2+(0, 4)) -> (1759, 122, 2386, t4=t3+(1, 4))	3	96
(4696, 48, 762, t1) & (2973, 107, 4957, t2=t1+(0, 2)) & (4696, 177, 4957, t3=t2+(0, 3)) -> (2973, 177, 4957, t4=t3+(1, 3))	3	97
(202, 128, 1278, t1) & (4003, 35, 4121, t2=t1+(0, 4)) & (4003, 122, 1278, t3=t2+(0, 3)) -> (4003, 35, 1278, t4=t3+(1, 5))	3	98
(3455, 161, 2262, t1) & (813, 112, 4747, t2=t1+(0, 5)) & (2262, 118, 4747, t3=t2+(0, 5)) -> (3455, 112, 813, t4=t3+(1, 10))	3	99
(4943, 82, 3229, t1) & (4943, 107, 3229, t2=t1+(0, 3)) -> (4943, 107, 3229, t3=t2+(1, 11))	2	100
(44, 93, 3032, t1) & (3032, 148, 3032, t2=t1+(0, 9)) -> (3032, 148, 3032, t3=t2+(1, 10))	2	101
(1858, 147, 2963, t1) & (1858, 156, 2386, t2=t1+(0, 5)) -> (1858, 156, 2963, t3=t2+(1, 4))	2	102
(1174, 105, 2508, t1) & (1170, 49, 2508, t2=t1+(0, 4)) -> (2508, 105, 1170, t3=t2+(1, 1))	2	103
(134, 195, 4141, t1) & (4141, 32, 4141, t2=t1+(0, 4)) -> (4141, 195, 4141, t3=t2+(1, 4))	2	104
(1281, 43, 1690, t1) & (1281, 55, 1281, t2=t1+(0, 4)) -> (1690, 43, 1281, t3=t2+(1, 8))	2	105
(2360, 131, 3708, t1) & (720, 152, 3708, t2=t1+(0, 5)) -> (2360, 131, 720, t3=t2+(1, 6))	2	106
(1222, 15, 1430, t1) & (1430, 87, 1430, t2=t1+(0, 7)) -> (1222, 15, 1430, t3=t2+(1, 3))	2	107
(2630, 98, 3870, t1) & (4710, 122, 3870, t2=t1+(0, 5)) -> (3870, 98, 3870, t3=t2+(1, 6))	2	108
(3904, 18, 277, t1) & (4461, 80, 277, t2=t1+(0, 5)) -> (277, 18, 4461, t3=t2+(1, 3))	2	109
(3554, 21, 3209, t1) & (2065, 75, 3554, t2=t1+(0, 4)) -> (3209, 21, 2065, t3=t2+(1, 6))	2	110
(4368, 195, 4779, t1) & (4108, 139, 4368, t2=t1+(0, 7)) -> (4779, 139, 4368, t3=t2+(1, 4))	2	111
(1793, 54, 3782, t1) & (1793, 186, 1793, t2=t1+(0, 4)) -> (1793, 186, 1793, t3=t2+(1, 8))	2	112
(316, 74, 4705, t1) & (2865, 123, 316, t2=t1+(0, 11)) -> (4705, 123, 316, t3=t2+(1, 4))	2	113
(2505, 134, 2025, t1) & (2693, 88, 2505, t2=t1+(0, 3)) -> (2693, 88, 2505, t3=t2+(1, 3))	2	114
(4733, 136, 2448, t1) & (4733, 43, 4733, t2=t1+(0, 2)) -> (2448, 43, 2448, t3=t2+(1, 6))	2	115
(539, 38, 3375, t1) & (3375, 77, 539, t2=t1+(0, 8)) -> (539, 77, 539, t3=t2+(1, 6))	2	116
(258, 112, 3028, t1) & (4128, 116, 3028, t2=t1+(0, 7)) -> (4128, 112, 4128, t3=t2+(1, 7))	2	117
(1065, 162, 2229, t1) & (1213, 119, 1065, t2=t1+(0, 6)) -> (1213, 162, 2229, t3=t2+(1, 9))	2	118
(2231, 177, 3084, t1) & (3084, 68, 2755, t2=t1+(0, 6)) -> (3084, 68, 3084, t3=t2+(1, 4))	2	119
(2580, 34, 316, t1) & (2580, 85, 2797, t2=t1+(0, 8)) -> (2580, 34, 2580, t3=t2+(1, 3))	2	120
(2591, 11, 1207, t1) & (1207, 132, 2591, t2=t1+(0, 5)) -> (1207, 11, 2591, t3=t2+(1, 2))	2	121
(2755, 158, 2559, t1) & (2051, 195, 2559, t2=t1+(0, 7)) -> (2755, 158, 2559, t3=t2+(1, 4))	2	122
(3344, 112, 362, t1) & (362, 64, 3344, t2=t1+(0, 3)) -> (362, 112, 3344, t3=t2+(1, 4))	2	123
(4058, 29, 654, t1) & (4058, 162, 4594, t2=t1+(0, 3)) -> (4058, 29, 4058, t3=t2+(1, 6))	2	124
(4291, 63, 2705, t1) & (3055, 122, 4291, t2=t1+(0, 7)) -> (4291, 122, 4291, t3=t2+(1, 6))	2	125
(3529, 37, 2183, t1) & (3529, 54, 4577, t2=t1+(0, 4)) -> (4577, 37, 4577, t3=t2+(1, 5))	2	126
(2420, 146, 3757, t1) & (2420, 60, 2420, t2=t1+(0, 11)) -> (2420, 146, 2420, t3=t2+(1, 6))	2	127
(2111, 17, 3316, t1) & (1376, 156, 3316, t2=t1+(0, 5)) -> (1376, 17, 2111, t3=t2+(1, 7))	2	128
(3933, 163, 419, t1) & (1263, 106, 419, t2=t1+(0, 4)) -> (419, 106, 419, t3=t2+(1, 2))	2	129
(3913, 193, 69, t1) & (3913, 81, 279, t2=t1+(0, 8)) -> (279, 193, 279, t3=t2+(1, 3))	2	130
(1632, 110, 431, t1) & (431, 43, 1632, t2=t1+(0, 7)) -> (1632, 110, 431, t3=t2+(1, 4))	2	131
(3211, 49, 4705, t1) & (3211, 72, 3211, t2=t1+(0, 8)) -> (3211, 49, 4705, t3=t2+(1, 3))	2	132
(1463, 55, 293, t1) & (293, 49, 3071, t2=t1+(0, 7)) -> (3071, 55, 293, t3=t2+(1, 3))	2	133
(1523, 158, 1408, t1) & (1408, 34, 1408, t2=t1+(0, 5)) -> (1408, 158, 1523, t3=t2+(1, 6))	2	134
(581, 46, 3996, t1) & (581, 82, 3583, t2=t1+(0, 7)) -> (3583, 82, 3583, t3=t2+(1, 3))	2	135
(1447, 17, 3409, t1) & (1447, 128, 3409, t2=t1+(0, 5)) -> (3409, 128, 3409, t3=t2+(1, 9))	2	136
(4205, 144, 2493, t1) & (4205, 177, 4309, t2=t1+(0, 4)) -> (4309, 144, 4205, t3=t2+(1, 5))	2	137
(1187, 34, 1644, t1) & (1287, 122, 1644, t2=t1+(0, 3)) -> (1287, 122, 1644, t3=t2+(1, 6))	2	138
(685, 82, 3822, t1) & (685, 100, 3822, t2=t1+(0, 5)) -> (3822, 82, 3822, t3=t2+(1, 6))	2	139
(1113, 146, 99, t1) & (99, 1, 600, t2=t1+(0, 3)) -> (99, 1, 99, t3=t2+(1, 9))	2	140
(2396, 141, 2772, t1) & (2772, 158, 2396, t2=t1+(0, 6)) -> (2772, 158, 2396, t3=t2+(1, 4))	2	141
(12, 83, 3778, t1) & (3778, 64, 12, t2=t1+(0, 4)) -> (12, 64, 12, t3=t2+(1, 7))	2	142
(411, 38, 29, t1) & (4859, 122, 411, t2=t1+(0, 2)) -> (411, 38, 29, t3=t2+(1, 5))	2	143
(4179, 122, 1517, t1) & (1241, 102, 1517, t2=t1+(0, 4)) -> (1517, 122, 4179, t3=t2+(1, 2))	2	144
(3829, 122, 1913, t1) & (3829, 107, 1913, t2=t1+(0, 7)) -> (1913, 107, 3829, t3=t2+(1, 6))	2	145
(2273, 10, 214, t1) & (4019, 92, 2273, t2=t1+(0, 3)) -> (2273, 10, 2273, t3=t2+(1, 3))	2	146
(168, 111, 3161, t1) & (4451, 34, 168, t2=t1+(0, 7)) -> (168, 34, 168, t3=t2+(1, 11))	2	147
(2164, 110, 460, t1) & (4296, 88, 460, t2=t1+(0, 8)) -> (460, 88, 460, t3=t2+(1, 1))	2	148
(1729, 193, 3630, t1) & (1729, 195, 3630, t2=t1+(0, 3)) -> (3630, 193, 3630, t3=t2+(1, 1))	2	149
(3217, 15, 1244, t1) & (1244, 1, 3252, t2=t1+(0, 6)) -> (3252, 1, 1244, t3=t2+(1, 4))	2	150
(2949, 114, 2885, t1) & (2885, 46, 2885, t2=t1+(0, 5)) -> (2949, 46, 2885, t3=t2+(1, 6))	2	151
(4193, 107, 2724, t1) & (2724, 112, 4193, t2=t1+(0, 7)) -> (4193, 107, 2724, t3=t2+(1, 4))	2	152
(113, 124, 3476, t1) & (35, 177, 3476, t2=t1+(0, 5)) -> (35, 124, 113, t3=t2+(1, 4))	2	153
(867, 164, 211, t1) & (211, 87, 1289, t2=t1+(0, 3)) -> (867, 164, 867, t3=t2+(1, 4))	2	154
(2433, 164, 1693, t1) & (2765, 111, 2433, t2=t1+(0, 4)) -> (2765, 111, 2765, t3=t2+(1, 4))	2	155
(1300, 85, 630, t1) & (630, 63, 630, t2=t1+(0, 7)) -> (1300, 85, 630, t3=t2+(1, 6))	2	156
(4949, 118, 3874, t1) & (3874, 10, 4949, t2=t1+(0, 8)) -> (4949, 118, 4949, t3=t2+(1, 5))	2	157
(2125, 154, 3949, t1) & (3949, 95, 2215, t2=t1+(0, 7)) -> (3949, 95, 2125, t3=t2+(1, 3))	2	158
(1018, 15, 1233, t1) & (1018, 2, 1018, t2=t1+(0, 4)) -> (1018, 15, 1233, t3=t2+(1, 6))	2	159
(759, 159, 1760, t1) & (1760, 111, 1760, t2=t1+(0, 8)) -> (759, 159, 1760, t3=t2+(1, 4))	2	160
(4389, 17, 639, t1) & (3421, 132, 639, t2=t1+(0, 5)) -> (639, 17, 639, t3=t2+(1, 5))	2	161
(1199, 85, 4056, t1) & (4007, 134, 4056, t2=t1+(0, 8)) -> (4007, 85, 4056, t3=t2+(1, 4))	2	162
(1945, 118, 3321, t1) & (2095, 116, 3321, t2=t1+(0, 5)) -> (3321, 116, 3321, t3=t2+(1, 5))	2	163
(3598, 24, 1907, t1) & (3839, 63, 3598, t2=t1+(0, 6)) -> (3598, 24, 1907, t3=t2+(1, 4))	2	164
(1597, 98, 1269, t1) & (1597, 79, 1597, t2=t1+(0, 6)) -> (1269, 79, 1269, t3=t2+(1, 2))	2	165
(4353, 29, 3070, t1) & (2879, 105, 4353, t2=t1+(0, 9)) -> (4353, 105, 4353, t3=t2+(1, 2))	2	166
(4673, 132, 120, t1) & (120, 90, 120, t2=t1+(0, 8)) -> (120, 90, 4673, t3=t2+(1, 4))	2	167
(4074, 69, 4115, t1) & (4074, 26, 4074, t2=t1+(0, 8)) -> (4074, 69, 4115, t3=t2+(1, 10))	2	168
(1428, 82, 1528, t1) & (1428, 159, 1428, t2=t1+(0, 5)) -> (1428, 159, 1428, t3=t2+(1, 2))	2	169
(4897, 107, 668, t1) & (668, 60, 3893, t2=t1+(0, 2)) -> (4897, 60, 4897, t3=t2+(1, 6))	2	170
(4789, 111, 3045, t1) & (3045, 118, 3045, t2=t1+(0, 3)) -> (3045, 118, 3045, t3=t2+(1, 4))	2	171
(1245, 87, 721, t1) & (721, 164, 1713, t2=t1+(0, 3)) -> (721, 87, 721, t3=t2+(1, 6))	2	172
(3319, 144, 3364, t1) & (3319, 196, 3412, t2=t1+(0, 7)) -> (3319, 144, 3319, t3=t2+(1, 5))	2	173
(917, 122, 703, t1) & (703, 89, 703, t2=t1+(0, 5)) -> (703, 89, 703, t3=t2+(1, 5))	2	174
(2718, 103, 35, t1) & (35, 1, 2718, t2=t1+(0, 1)) -> (2718, 1, 2718, t3=t2+(1, 5))	2	175
(3, 118, 4282, t1) & (3, 60, 3362, t2=t1+(0, 1)) -> (3, 60, 3, t3=t2+(1, 5))	2	176
(2339, 102, 4510, t1) & (4510, 197, 3531, t2=t1+(0, 5)) -> (3531, 102, 2339, t3=t2+(1, 9))	2	177
(4931, 122, 1876, t1) & (1876, 88, 3460, t2=t1+(0, 9)) -> (1876, 88, 4931, t3=t2+(1, 1))	2	178
(1055, 86, 2526, t1) & (3760, 193, 2526, t2=t1+(0, 3)) -> (3760, 86, 2526, t3=t2+(1, 4))	2	179
(1844, 81, 2845, t1) & (1844, 77, 1844, t2=t1+(0, 3)) -> (1844, 77, 2845, t3=t2+(1, 6))	2	180
(3265, 122, 4912, t1) & (3265, 63, 1712, t2=t1+(0, 4)) -> (3265, 63, 3265, t3=t2+(1, 10))	2	181
(2383, 143, 4283, t1) & (2517, 177, 2383, t2=t1+(0, 8)) -> (4283, 177, 2383, t3=t2+(1, 2))	2	182
(2223, 158, 2306, t1) & (2306, 79, 2594, t2=t1+(0, 5)) -> (2306, 158, 2306, t3=t2+(1, 6))	2	183
(2883, 82, 1550, t1) & (582, 82, 2883, t2=t1+(0, 5)) -> (2883, 82, 2883, t3=t2+(1, 6))	2	184
(506, 54, 4064, t1) & (3144, 17, 4064, t2=t1+(0, 4)) -> (4064, 17, 4064, t3=t2+(1, 5))	2	185
(4531, 189, 2202, t1) & (2202, 133, 4531, t2=t1+(0, 5)) -> (2202, 133, 4531, t3=t2+(1, 8))	2	186
(2199, 195, 1599, t1) & (1599, 34, 1495, t2=t1+(0, 3)) -> (1599, 34, 1599, t3=t2+(1, 3))	2	187
(1175, 85, 2162, t1) & (2580, 145, 1175, t2=t1+(0, 2)) -> (1175, 145, 1175, t3=t2+(1, 5))	2	188
(4779, 162, 533, t1) & (3457, 144, 4779, t2=t1+(0, 4)) -> (533, 162, 3457, t3=t2+(1, 3))	2	189
(2815, 64, 4778, t1) & (4778, 193, 3851, t2=t1+(0, 5)) -> (2815, 193, 4778, t3=t2+(1, 5))	2	190
(2968, 94, 679, t1) & (2968, 46, 2626, t2=t1+(0, 4)) -> (679, 46, 2968, t3=t2+(1, 6))	2	191
(722, 16, 4356, t1) & (4356, 130, 4356, t2=t1+(0, 6)) -> (722, 130, 4356, t3=t2+(1, 7))	2	192
(2004, 113, 2053, t1) & (2053, 17, 2053, t2=t1+(0, 7)) -> (2053, 17, 2053, t3=t2+(1, 1))	2	193
(3832, 124, 2154, t1) & (3832, 29, 3832, t2=t1+(0, 3)) -> (3832, 29, 3832, t3=t2+(1, 3))	2	194
(882, 96, 2799, t1) & (882, 60, 2799, t2=t1+(0, 2)) -> (882, 96, 882, t3=t2+(1, 8))	2	195
(619, 29, 4116, t1) & (2275, 122, 619, t2=t1+(0, 6)) -> (619, 29, 619, t3=t2+(1, 4))	2	196
(506, 76, 4557, t1) & (3987, 79, 506, t2=t1+(0, 6)) -> (506, 76, 506, t3=t2+(1, 6))	2	197
(4388, 157, 3452, t1) & (4388, 189, 4388, t2=t1+(0, 2)) -> (4388, 189, 4388, t3=t2+(1, 8))	2	198
(1826, 64, 1960, t1) & (1960, 29, 551, t2=t1+(0, 4)) -> (1960, 64, 1960, t3=t2+(1, 6))	2	199
(195, 49, 3741, t1) -> (195, 49, 195, t2=t1+(1, 2))	1	200
(3034, 82, 4737, t1) -> (3034, 82, 4737, t2=t1+(1, 3))	1	201
(4199, 112, 3212, t1) -> (3212, 112, 4199, t2=t1+(1, 4))	1	202
(1592, 85, 27, t1) -> (1592, 85, 1592, t2=t1+(1, 4))	1	203
(1717, 107, 2013, t1) -> (1717, 107, 1717, t2=t1+(1, 5))	1	204
(1951, 147, 4207, t1) -> (1951, 147, 4207, t2=t1+(1, 2))	1	205
(2550, 152, 2298, t1) -> (2298, 152, 2550, t2=t1+(1, 1))	1	206
(1365, 180, 4159, t1) -> (4159, 180, 4159, t2=t1+(1, 8))	1	207
(2957, 177, 681, t1) -> (681, 177, 2957, t2=t1+(1, 9))	1	208
(1571, 195, 4651, t1) -> (1571, 195, 1571, t2=t1+(1, 6))	1	209
(3961, 146, 2753, t1) -> (3961, 146, 2753, t2=t1+(1, 4))	1	210
(3197, 159, 2613, t1) -> (2613, 159, 2613, t2=t1+(1, 3))	1	211
(2836, 155, 4184, t1) -> (2836, 155, 2836, t2=t1+(1, 4))	1	212
(4929, 156, 2238, t1) -> (4929, 156, 4929, t2=t1+(1, 5))	1	213
(2873, 34, 2839, t1) -> (2839, 34, 2873, t2=t1+(1, 4))	1	214
(3871, 24, 906, t1) -> (906, 24, 3871, t2=t1+(1, 4))	1	215
(2098, 88, 1440, t1) -> (1440, 88, 1440, t2=t1+(1, 8))	1	216
(3896, 107, 756, t1) -> (3896, 107, 3896, t2=t1+(1, 3))	1	217
(3426, 18, 4586, t1) -> (3426, 18, 4586, t2=t1+(1, 6))	1	218
(4780, 126, 3328, t1) -> (4780, 126, 3328, t2=t1+(1, 5))	1	219
(3594, 132, 3427, t1) -> (3594, 132, 3427, t2=t1+(1, 5))	1	220
(3710, 154, 4002, t1) -> (3710, 154, 4002, t2=t1+(1, 5))	1	221
(3578, 2, 4222, t1) -> (3578, 2, 4222, t2=t1+(1, 7))	1	222
(3144, 144, 4867, t1) -> (4867, 144, 3144, t2=t1+(1, 5))	1	223
(4947, 111, 2130, t1) -> (2130, 111, 4947, t2=t1+(1, 5))	1	224
(4739, 11, 3885, t1) -> (3885, 11, 3885, t2=t1+(1, 7))	1	225
(2755, 40, 2338, t1) -> (2755, 40, 2755, t2=t1+(1, 2))	1	226
(1947, 117, 774, t1) -> (1947, 117, 1947, t2=t1+(1, 10))	1	227
(3914, 46, 137, t1) -> (137, 46, 137, t2=t1+(1, 5))	1	228
(50, 126, 2452, t1) -> (50, 126, 2452, t2=t1+(1, 7))	1	229
(403, 43, 3296, t1) -> (403, 43, 403, t2=t1+(1, 3))	1	230
(847, 196, 994, t1) -> (847, 196, 994, t2=t1+(1, 3))	1	231
(646, 183, 2750, t1) -> (646, 183, 646, t2=t1+(1, 8))	1	232
(1523, 175, 1549, t1) -> (1523, 175, 1523, t2=t1+(1, 2))	1	233
(939, 111, 4859, t1) -> (939, 111, 939, t2=t1+(1, 3))	1	234
(125, 195, 4632, t1) -> (125, 195, 125, t2=t1+(1, 3))	1	235
(2556, 154, 2087, t1) -> (2087, 154, 2087, t2=t1+(1, 4))	1	236
(1425, 111, 2097, t1) -> (2097, 111, 2097, t2=t1+(1, 6))	1	237
(4861, 175, 1877, t1) -> (1877, 175, 4861, t2=t1+(1, 4))	1	238
(1209, 122, 3321, t1) -> (3321, 122, 3321, t2=t1+(1, 8))	1	239
(3525, 180, 914, t1) -> (914, 180, 914, t2=t1+(1, 10))	1	240
(1762, 24, 2885, t1) -> (1762, 24, 1762, t2=t1+(1, 3))	1	241
(3378, 105, 1771, t1) -> (1771, 105, 1771, t2=t1+(1, 5))	1	242
(4327, 85, 4189, t1) -> (4327, 85, 4189, t2=t1+(1, 2))	1	243
(735, 111, 630, t1) -> (735, 111, 630, t2=t1+(1, 4))	1	244
(3269, 172, 3727, t1) -> (3269, 172, 3727, t2=t1+(1, 3))	1	245
(1202, 178, 342, t1) -> (1202, 178, 1202, t2=t1+(1, 7))	1	246
(2557, 73, 1354, t1) -> (1354, 73, 2557, t2=t1+(1, 12))	1	247
(3678, 46, 1825, t1) -> (3678, 46, 1825, t2=t1+(1, 3))	1	248
(1538, 176, 1397, t1) -> (1397, 176, 1538, t2=t1+(1, 7))	1	249
(2876, 43, 739, t1) -> (739, 43, 739, t2=t1+(1, 5))	1	250
(963, 106, 4516, t1) -> (4516, 106, 963, t2=t1+(1, 3))	1	251
(1866, 106, 4276, t1) -> (1866, 106, 4276, t2=t1+(1, 8))	1	252
(2608, 99, 3017, t1) -> (3017, 99, 2608, t2=t1+(1, 4))	1	253
(3137, 129, 3951, t1) -> (3951, 129, 3137, t2=t1+(1, 4))	1	254
(138, 195, 1566, t1) -> (1566, 195, 138, t2=t1+(1, 6))	1	255
(143, 193, 1091, t1) -> (1091, 193, 143, t2=t1+(1, 6))	1	256
(876, 153, 2638, t1) -> (876, 153, 2638, t2=t1+(1, 3))	1	257
(4379, 98, 4192, t1) -> (4379, 98, 4192, t2=t1+(1, 6))	1	258
(4344, 136, 2710, t1) -> (4344, 136, 2710, t2=t1+(1, 5))	1	259
(881, 161, 2485, t1) -> (881, 161, 881, t2=t1+(1, 7))	1	260
(4054, 63, 3652, t1) -> (3652, 63, 4054, t2=t1+(1, 9))	1	261
(2158, 17, 1082, t1) -> (1082, 17, 2158, t2=t1+(1, 5))	1	262
(2346, 190, 1401, t1) -> (1401, 190, 2346, t2=t1+(1, 4))	1	263
(4769, 103, 3766, t1) -> (3766, 103, 3766, t2=t1+(1, 3))	1	264
(1060, 153, 2291, t1) -> (2291, 153, 1060, t2=t1+(1, 4))	1	265
(2737, 87, 422, t1) -> (422, 87, 2737, t2=t1+(1, 8))	1	266
(4857, 17, 3417, t1) -> (3417, 17, 3417, t2=t1+(1, 5))	1	267
(1176, 17, 383, t1) -> (1176, 17, 383, t2=t1+(1, 3))	1	268
(2056, 183, 4105, t1) -> (4105, 183, 2056, t2=t1+(1, 3))	1	269
(2091, 1, 1860, t1) -> (1860, 1, 2091, t2=t1+(1, 1))	1	270
(2449, 161, 1221, t1) -> (2449, 161, 2449, t2=t1+(1, 4))	1	271
(2689, 111, 1846, t1) -> (2689, 111, 1846, t2=t1+(1, 4))	1	272
(1208, 81, 550, t1) -> (1208, 81, 550, t2=t1+(1, 4))	1	273
(4026, 46, 4563, t1) -> (4563, 46, 4563, t2=t1+(1, 6))	1	274
(3866, 85, 334, t1) -> (334, 85, 334, t2=t1+(1, 3))	1	275
(3977, 38, 4315, t1) -> (3977, 38, 3977, t2=t1+(1, 2))	1	276
(2057, 56, 2568, t1) -> (2568, 56, 2568, t2=t1+(1, 3))	1	277
(497, 92, 2639, t1) -> (2639, 92, 2639, t2=t1+(1, 4))	1	278
(166, 146, 3501, t1) -> (3501, 146, 166, t2=t1+(1, 5))	1	279
(3459, 64, 228, t1) -> (3459, 64, 228, t2=t1+(1, 5))	1	280
(3200, 149, 534, t1) -> (534, 149, 534, t2=t1+(1, 9))	1	281
(2564, 178, 574, t1) -> (574, 178, 574, t2=t1+(1, 8))	1	282
(3613, 111, 2888, t1) -> (2888, 111, 2888, t2=t1+(1, 3))	1	283
(4265, 92, 4783, t1) -> (4783, 92, 4783, t2=t1+(1, 5))	1	284
(284, 191, 3542, t1) -> (284, 191, 284, t2=t1+(1, 1))	1	285
(4452, 34, 3779, t1) -> (4452, 34, 4452, t2=t1+(1, 7))	1	286
(898, 13, 877, t1) -> (898, 13, 898, t2=t1+(1, 7))	1	287
(4656, 159, 2303, t1) -> (4656, 159, 4656, t2=t1+(1, 2))	1	288
(394, 177, 1024, t1) -> (1024, 177, 394, t2=t1+(1, 6))	1	289
(2372, 183, 3918, t1) -> (2372, 183, 3918, t2=t1+(1, 7))	1	290
(3677, 111, 1861, t1) -> (1861, 111, 1861, t2=t1+(1, 6))	1	291
(4792, 199, 4276, t1) -> (4276, 199, 4792, t2=t1+(1, 6))	1	292
(4126, 33, 1330, t1) -> (4126, 33, 1330, t2=t1+(1, 5))	1	293
(3645, 135, 1394, t1) -> (1394, 135, 3645, t2=t1+(1, 5))	1	294
(2062, 122, 591, t1) -> (2062, 122, 2062, t2=t1+(1, 6))	1	295
(4639, 89, 3919, t1) -> (3919, 89, 4639, t2=t1+(1, 4))	1	296
(4060, 146, 976, t1) -> (4060, 146, 4060, t2=t1+(1, 1))	1	297
(1383, 37, 4831, t1) -> (4831, 37, 1383, t2=t1+(1, 10))	1	298
(2827, 131, 4060, t1) -> (2827, 131, 2827, t2=t1+(1, 5))	1	299
