(1061, 31, 1265, t1) & (3681, 19, 1047, t2=t1+(0, 6)) & (1265, 36, 1047, t3=t2+(0, 5)) -> (1265, 31, 1047, t4=t3+(1, 4))	3	0
(3800, 37, 3011, t1) & (3716, 10, 3293, t2=t1+(0, 4)) & (3011, 150, 3716, t3=t2+(0, 4)) -> (3716, 150, 3716, t4=t3+(1, 5))	3	1
(3978, 29, 1603, t1) & (2099, 181, 1659, t2=t1+(0, 2)) & (3978, 31, 2099, t3=t2+(0, 4)) -> (3978, 181, 3978, t4=t3+(1, 5))	3	2
(112, 100, 1711, t1) & (2071, 84, 487, t2=t1+(0, 3)) & (487, 133, 1711, t3=t2+(0, 3)) -> (1711, 84, 487, t4=t3+(1, 3))	3	3
(2363, 149, 2421, t1) & (796, 24, 3856, t2=t1+(0, 3)) & (796, 160, 2363, t3=t2+(0, 3)) -> (3856, 24, 2363, t4=t3+(1, 4))	3	4
(1976, 158, 4754, t1) & (2107, 174, 4901, t2=t1+(0, 6)) & (4901, 103, 1976, t3=t2+(0, 10)) -> (4754, 158, 4901, t4=t3+(1, 8))	3	5
(2483, 34, 412, t1) & (2530, 175, 4083, t2=t1+(0, 2)) & (2530, 26, 2483, t3=t2+(0, 14)) -> (412, 26, 4083, t4=t3+(1, 5))	3	6
(3961, 74, 2229, t1) & (4536, 112, 956, t2=t1+(0, 6)) & (2229, 66, 4536, t3=t2+(0, 4)) -> (956, 74, 4536, t4=t3+(1, 2))	3	7
(3537, 14, 169, t1) & (2455, 65, 2753, t2=t1+(0, 3)) & (169, 115, 2753, t3=t2+(0, 4)) -> (169, 115, 2753, t4=t3+(1, 8))	3	8
(2632, 82, 4387, t1) & (391, 179, 360, t2=t1+(0, 6)) & (360, 55, 4387, t3=t2+(0, 4)) -> (360, 179, 360, t4=t3+(1, 3))	3	9
(1010, 126, 4401, t1) & (2380, 5, 1497, t2=t1+(0, 3)) & (1497, 73, 1010, t3=t2+(0, 17)) -> (1497, 73, 1010, t4=t3+(1, 4))	3	10
(981, 42, 222, t1) & (2018, 182, 2573, t2=t1+(0, 7)) & (2573, 142, 222, t3=t2+(0, 4)) -> (2573, 182, 2018, t4=t3+(1, 1))	3	11
(2206, 120, 536, t1) & (315, 97, 1858, t2=t1+(0, 4)) & (1858, 199, 2206, t3=t2+(0, 2)) -> (2206, 97, 1858, t4=t3+(1, 6))	3	12
(975, 191, 3652, t1) & (537, 118, 4869, t2=t1+(0, 8)) & (3652, 141, 537, t3=t2+(0, 3)) -> (4869, 118, 3652, t4=t3+(1, 10))	3	13
(2480, 153, 3585, t1) & (4145, 187, 4380, t2=t1+(0, 3)) & (4145, 16, 2480, t3=t2+(0, 5)) -> (4145, 187, 3585, t4=t3+(1, 6))	3	14
(3813, 4, 242, t1) & (1750, 160, 4953, t2=t1+(0, 4)) & (1750, 135, 242, t3=t2+(0, 4)) -> (242, 160, 1750, t4=t3+(1, 2))	3	15
(4905, 3, 1044, t1) & (4621, 57, 1022, t2=t1+(0, 4)) & (4905, 126, 4621, t3=t2+(0, 4)) -> (1022, 57, 4621, t4=t3+(1, 5))	3	16
(3691, 25, 1944, t1) & (781, 171, 884, t2=t1+(0, 4)) & (781, 155, 3691, t3=t2+(0, 1)) -> (1944, 155, 781, t4=t3+(1, 2))	3	17
(3755, 146, 2606, t1) & (2572, 75, 1065, t2=t1+(0, 6)) & (2606, 58, 2572, t3=t2+(0, 3)) -> (2572, 75, 2606, t4=t3+(1, 8))	3	18
(452, 6, 3262, t1) & (3401, 48, 3049, t2=t1+(0, 10)) & (452, 111, 3049, t3=t2+(0, 4)) -> (452, 111, 3049, t4=t3+(1, 4))	3	19
(4876, 3, 2743, t1) & (1447, 73, 2900, t2=t1+(0, 8)) & (1447, 164, 2743, t3=t2+(0, 6)) -> (2900, 164, 1447, t4=t3+(1, 4))	3	20
(3693, 75, 4660, t1) & (1276, 84, 2422, t2=t1+(0, 2)) & (1276, 67, 3693, t3=t2+(0, 8)) -> (1276, 67, 3693, t4=t3+(1, 4))	3	21
(4442, 107, 1789, t1) & (734, 199, 3406, t2=t1+(0, 3)) & (4442, 172, 734, t3=t2+(0, 5)) -> (4442, 199, 4442, t4=t3+(1, 5))	3	22
(185, 51, 2447, t1) & (4807, 141, 1373, t2=t1+(0, 3)) & (185, 83, 1373, t3=t2+(0, 3)) -> (1373, 141, 185, t4=t3+(1, 6))	3	23
(1608, 179, 3051, t1) & (448, 176, 1520, t2=t1+(0, 2)) & (448, 164, 3051, t3=t2+(0, 12)) -> (3051, 164, 448, t4=t3+(1, 5))	3	24
(1828, 113, 2414, t1) & (22, 196, 110, t2=t1+(0, 6)) & (1828, 119, 110, t3=t2+(0, 0)) -> (1828, 196, 110, t4=t3+(1, 4))	3	25
(196, 71, 847, t1) & (1577, 117, 3407, t2=t1+(0, 7)) & (1577, 59, 847, t3=t2+(0, 5)) -> (196, 117, 196, t4=t3+(1, 6))	3	26
(3876, 126, 619, t1) & (3119, 25, 377, t2=t1+(0, 14)) & (619, 32, 377, t3=t2+(0, 9)) -> (619, 32, 619, t4=t3+(1, 6))	3	27
(4466, 184, 3025, t1) & (1926, 165, 4847, t2=t1+(0, 7)) & (4466, 165, 1926, t3=t2+(0, 4)) -> (3025, 165, 4847, t4=t3+(1, 6))	3	28
(2780, 33, 1191, t1) & (3693, 48, 69, t2=t1+(0, 4)) & (1191, 166, 69, t3=t2+(0, 8)) -> (69, 33, 1191, t4=t3+(1, 6))	3	29
(3883, 45, 3910, t1) & (946, 56, 2626, t2=t1+(0, 5)) & (3910, 44, 946, t3=t2+(0, 4)) -> (3910, 44, 3883, t4=t3+(1, 7))	3	30
(3932, 38, 1324, t1) & (4893, 70, 1927, t2=t1+(0, 4)) & (4893, 86, 1324, t3=t2+(0, 6)) -> (1324, 86, 3932, t4=t3+(1, 7))	3	31
(3208, 67, 3249, t1) & (1736, 180, 659, t2=t1+(0, 1)) & (3249, 78, 659, t3=t2+(0, 2)) -> (1736, 180, 659, t4=t3+(1, 3))	3	32
(4465, 42, 2380, t1) & (4207, 77, 2525, t2=t1+(0, 5)) & (4207, 38, 4465, t3=t2+(0, 3)) -> (4207, 77, 2525, t4=t3+(1, 4))	3	33
(87, 199, 3022, t1) & (3184, 115, 3040, t2=t1+(0, 6)) & (3022, 135, 3040, t3=t2+(0, 5)) -> (87, 115, 3184, t4=t3+(1, 4))	3	34
(1754, 24, 3256, t1) & (4060, 112, 3113, t2=t1+(0, 8)) & (3256, 106, 3113, t3=t2+(0, 2)) -> (3113, 112, 3256, t4=t3+(1, 2))	3	35
(2909, 156, 1786, t1) & (4439, 18, 683, t2=t1+(0, 2)) & (683, 148, 1786, t3=t2+(0, 7)) -> (683, 148, 4439, t4=t3+(1, 10))	3	36
(1585, 170, 1265, t1) & (1065, 194, 4368, t2=t1+(0, 4)) & (1585, 57, 1065, t3=t2+(0, 2)) -> (1585, 194, 1065, t4=t3+(1, 4))	3	37
(3160, 140, 752, t1) & (1340, 137, 2753, t2=t1+(0, 3)) & (2753, 65, 752, t3=t2+(0, 10)) -> (2753, 137, 752, t4=t3+(1, 6))	3	38
(3646, 135, 2622, t1) & (4216, 154, 433, t2=t1+(0, 4)) & (2622, 81, 4216, t3=t2+(0, 4)) -> (433, 154, 3646, t4=t3+(1, 9))	3	39
(1417, 33, 3835, t1) & (4325, 80, 3693, t2=t1+(0, 6)) & (3835, 39, 3693, t3=t2+(0, 8)) -> (1417, 39, 3693, t4=t3+(1, 4))	3	40
(2168, 154, 2137, t1) & (279, 175, 2123, t2=t1+(0, 8)) & (2137, 33, 2123, t3=t2+(0, 4)) -> (2123, 175, 279, t4=t3+(1, 5))	3	41
(4233, 106, 2851, t1) & (1339, 108, 39, t2=t1+(0, 6)) & (2851, 89, 1339, t3=t2+(0, 1)) -> (2851, 106, 1339, t4=t3+(1, 6))	3	42
(4405, 78, 970, t1) & (880, 56, 3102, t2=t1+(0, 4)) & (880, 52, 970, t3=t2+(0, 5)) -> (4405, 56, 880, t4=t3+(1, 1))	3	43
(2926, 42, 2982, t1) & (1171, 105, 4342, t2=t1+(0, 7)) & (4342, 173, 2926, t3=t2+(0, 7)) -> (1171, 105, 1171, t4=t3+(1, 6))	3	44
(3534, 31, 4889, t1) & (1442, 146, 1415, t2=t1+(0, 2)) & (1415, 162, 3534, t3=t2+(0, 9)) -> (3534, 162, 1415, t4=t3+(1, 1))	3	45
(812, 159, 2195, t1) & (360, 84, 695, t2=t1+(0, 4)) & (695, 31, 2195, t3=t2+(0, 5)) -> (2195, 159, 2195, t4=t3+(1, 8))	3	46
(702, 123, 1352, t1) & (251, 188, 3858, t2=t1+(0, 2)) & (3858, 130, 1352, t3=t2+(0, 6)) -> (3858, 130, 1352, t4=t3+(1, 6))	3	47
(1441, 188, 441, t1) & (2966, 151, 1120, t2=t1+(0, 6)) & (441, 193, 1120, t3=t2+(0, 9)) -> (1120, 193, 2966, t4=t3+(1, 3))	3	48
(4793, 140, 4972, t1) & (4928, 52, 495, t2=t1+(0, 3)) & (4972, 190, 495, t3=t2+(0, 2)) -> (4972, 190, 495, t4=t3+(1, 4))	3	49
(473, 26, 2502, t1) & (1901, 190, 4955, t2=t1+(0, 5)) & (4955, 151, 2502, t3=t2+(0, 7)) -> (2502, 190, 4955, t4=t3+(1, 4))	3	50
(947, 91, 788, t1) & (4811, 36, 4281, t2=t1+(0, 2)) & (947, 126, 4281, t3=t2+(0, 6)) -> (4811, 36, 947, t4=t3+(1, 9))	3	51
(4380, 30, 2971, t1) & (1139, 15, 1692, t2=t1+(0, 7)) & (1139, 112, 2971, t3=t2+(0, 4)) -> (2971, 112, 1692, t4=t3+(1, 6))	3	52
(3566, 52, 3730, t1) & (3080, 187, 2071, t2=t1+(0, 4)) & (3566, 72, 3080, t3=t2+(0, 7)) -> (3566, 52, 3566, t4=t3+(1, 9))	3	53
(838, 78, 4181, t1) & (3955, 69, 1789, t2=t1+(0, 4)) & (838, 39, 3955, t3=t2+(0, 1)) -> (3955, 69, 1789, t4=t3+(1, 6))	3	54
(3519, 126, 4018, t1) & (3136, 43, 1647, t2=t1+(0, 2)) & (4018, 88, 3136, t3=t2+(0, 7)) -> (4018, 88, 3136, t4=t3+(1, 4))	3	55
(2844, 1, 147, t1) & (1575, 66, 4322, t2=t1+(0, 6)) & (1575, 17, 2844, t3=t2+(0, 3)) -> (147, 1, 4322, t4=t3+(1, 5))	3	56
(1796, 130, 2995, t1) & (3361, 95, 1541, t2=t1+(0, 3)) & (1796, 191, 1541, t3=t2+(0, 2)) -> (1796, 95, 1541, t4=t3+(1, 5))	3	57
(3466, 162, 2276, t1) & (3165, 185, 2969, t2=t1+(0, 3)) & (3466, 89, 2969, t3=t2+(0, 6)) -> (2969, 89, 2276, t4=t3+(1, 3))	3	58
(2376, 184, 1697, t1) & (2429, 110, 4500, t2=t1+(0, 5)) & (2429, 17, 1697, t3=t2+(0, 7)) -> (2376, 184, 2429, t4=t3+(1, 3))	3	59
(3567, 60, 1977, t1) & (3637, 197, 3293, t2=t1+(0, 7)) & (1977, 185, 3637, t3=t2+(0, 6)) -> (3637, 60, 1977, t4=t3+(1, 4))	3	60
(2372, 36, 4486, t1) & (97, 101, 1865, t2=t1+(0, 5)) & (2372, 46, 97, t3=t2+(0, 8)) -> (97, 46, 1865, t4=t3+(1, 3))	3	61
(747, 36, 312, t1) & (3351, 0, 3790, t2=t1+(0, 8)) & (3790, 98, 312, t3=t2+(0, 1)) -> (312, 0, 747, t4=t3+(1, 4))	3	62
(3278, 80, 2585, t1) & (616, 107, 4862, t2=t1+(0, 8)) & (3278, 149, 4862, t3=t2+(0, 6)) -> (3278, 80, 4862, t4=t3+(1, 7))	3	63
(1856, 129, 3689, t1) & (4009, 114, 2899, t2=t1+(0, 6)) & (2899, 106, 1856, t3=t2+(0, 8)) -> (1856, 114, 2899, t4=t3+(1, 7))	3	64
(2124, 18, 2365, t1) & (3601, 33, 3225, t2=t1+(0, 3)) & (3225, 194, 2365, t3=t2+(0, 3)) -> (2365, 33, 2124, t4=t3+(1, 5))	3	65
(1119, 89, 4156, t1) & (4430, 81, 328, t2=t1+(0, 2)) & (4430, 163, 4156, t3=t2+(0, 8)) -> (4156, 81, 4156, t4=t3+(1, 4))	3	66
(1290, 176, 2243, t1) & (4686, 145, 34, t2=t1+(0, 6)) & (1290, 149, 34, t3=t2+(0, 3)) -> (4686, 149, 4686, t4=t3+(1, 3))	3	67
(3547, 169, 452, t1) & (3551, 118, 2189, t2=t1+(0, 5)) & (452, 85, 3551, t3=t2+(0, 5)) -> (2189, 169, 3551, t4=t3+(1, 5))	3	68
(2989, 198, 387, t1) & (1071, 167, 1439, t2=t1+(0, 6)) & (1071, 61, 387, t3=t2+(0, 3)) -> (387, 198, 2989, t4=t3+(1, 6))	3	69
(296, 2, 2322, t1) & (230, 178, 45, t2=t1+(0, 7)) & (2322, 83, 45, t3=t2+(0, 4)) -> (2322, 2, 45, t4=t3+(1, 7))	3	70
(1844, 58, 648, t1) & (186, 69, 2977, t2=t1+(0, 3)) & (186, 87, 1844, t3=t2+(0, 9)) -> (648, 69, 2977, t4=t3+(1, 6))	3	71
(1576, 3, 3463, t1) & (1015, 194, 1806, t2=t1+(0, 6)) & (3463, 60, 1015, t3=t2+(0, 3)) -> (1015, 3, 1015, t4=t3+(1, 5))	3	72
(697, 185, 344, t1) & (1571, 118, 1994, t2=t1+(0, 4)) & (1571, 40, 697, t3=t2+(0, 5)) -> (1571, 40, 697, t4=t3+(1, 6))	3	73
(360, 42, 4264, t1) & (849, 130, 3062, t2=t1+(0, 5)) & (360, 34, 3062, t3=t2+(0, 2)) -> (360, 34, 3062, t4=t3+(1, 2))	3	74
(2892, 199, 647, t1) & (773, 124, 2942, t2=t1+(0, 5)) & (773, 164, 2892, t3=t2+(0, 6)) -> (2892, 164, 2942, t4=t3+(1, 4))	3	75
(1053, 110, 1718, t1) & (372, 196, 2, t2=t1+(0, 1)) & (2, 179, 1718, t3=t2+(0, 3)) -> (1053, 110, 1053, t4=t3+(1, 2))	3	76
(2063, 100, 1037, t1) & (4089, 88, 3883, t2=t1+(0, 3)) & (3883, 44, 1037, t3=t2+(0, 3)) -> (4089, 100, 2063, t4=t3+(1, 4))	3	77
(451, 152, 850, t1) & (2129, 185, 1999, t2=t1+(0, 3)) & (451, 30, 1999, t3=t2+(0, 5)) -> (1999, 152, 1999, t4=t3+(1, 5))	3	78
(1347, 149, 1306, t1) & (1336, 175, 2645, t2=t1+(0, 4)) & (1306, 11, 1336, t3=t2+(0, 6)) -> (1336, 11, 1306, t4=t3+(1, 5))	3	79
(3285, 1, 1368, t1) & (3690, 64, 3554, t2=t1+(0, 4)) & (3285, 50, 3554, t3=t2+(0, 1)) -> (1368, 1, 3554, t4=t3+(1, 5))	3	80
(619, 177, 3078, t1) & (1232, 15, 4011, t2=t1+(0, 5)) & (4011, 133, 619, t3=t2+(0, 8)) -> (4011, 177, 1232, t4=t3+(1, 7))	3	81
(2491, 104, 1823, t1) & (4712, 45, 4501, t2=t1+(0, 6)) & (4712, 3, 1823, t3=t2+(0, 6)) -> (1823, 3, 2491, t4=t3+(1, 4))	3	82
(807, 78, 347, t1) & (4536, 56, 3620, t2=t1+(0, 7)) & (807, 159, 3620, t3=t2+(0, 10)) -> (4536, 78, 4536, t4=t3+(1, 4))	3	83
(3332, 37, 1448, t1) & (366, 81, 3182, t2=t1+(0, 7)) & (3182, 12, 1448, t3=t2+(0, 6)) -> (1448, 37, 366, t4=t3+(1, 8))	3	84
(2036, 54, 1770, t1) & (3980, 144, 1557, t2=t1+(0, 4)) & (3980, 47, 1770, t3=t2+(0, 10)) -> (2036, 144, 1557, t4=t3+(1, 3))	3	85
(1816, 127, 3717, t1) & (468, 36, 407, t2=t1+(0, 4)) & (1816, 72, 407, t3=t2+(0, 3)) -> (3717, 36, 407, t4=t3+(1, 3))	3	86
(2990, 8, 1103, t1) & (2972, 112, 4195, t2=t1+(0, 8)) & (4195, 76, 2990, t3=t2+(0, 4)) -> (1103, 8, 2990, t4=t3+(1, 9))	3	87
(4345, 126, 1922, t1) & (1720, 89, 4864, t2=t1+(0, 4)) & (4345, 119, 1720, t3=t2+(0, 5)) -> (1720, 89, 4864, t4=t3+(1, 3))	3	88
(1342, 158, 3097, t1) & (3776, 189, 4865, t2=t1+(0, 6)) & (3097, 77, 4865, t3=t2+(0, 10)) -> (3097, 189, 3097, t4=t3+(1, 4))	3	89
(1366, 143, 2692, t1) & (4632, 182, 119, t2=t1+(0, 2)) & (119, 64, 1366, t3=t2+(0, 3)) -> (4632, 64, 1366, t4=t3+(1, 5))	3	90
(1754, 167, 2965, t1) & (4711, 12, 4568, t2=t1+(0, 10)) & (2965, 14, 4711, t3=t2+(0, 7)) -> (4711, 14, 2965, t4=t3+(1, 8))	3	91
(1482, 61, 2559, t1) & (2732, 137, 2756, t2=t1+(0, 1)) & (2559, 125, 2732, t3=t2+(0, 6)) -> (2559, 137, 2559, t4=t3+(1, 3))	3	92
(2153, 90, 230, t1) & (1694, 29, 672, t2=t1+(0, 6)) & (672, 3, 230, t3=t2+(0, 5)) -> (230, 3, 2153, t4=t3+(1, 6))	3	93
(1253, 75, 2391, t1) & (4177, 101, 1651, t2=t1+(0, 3)) & (4177, 99, 1253, t3=t2+(0, 8)) -> (4177, 99, 2391, t4=t3+(1, 8))	3	94
(1614, 51, 1025, t1) & (2385, 115, 4632, t2=t1+(0, 3)) & (4632, 172, 1025, t3=t2+(0, 6)) -> (1614, 172, 2385, t4=t3+(1, 2))	3	95
(773, 141, 4862, t1) & (3431, 59, 2266, t2=t1+(0, 6)) & (2266, 178, 773, t3=t2+(0, 6)) -> (773, 141, 4862, t4=t3+(1, 8))	3	96
(1212, 171, 2701, t1) & (1376, 90, 4823, t2=t1+(0, 6)) & (1376, 177, 1212, t3=t2+(0, 4)) -> (2701, 90, 2701, t4=t3+(1, 4))	3	97
(4136, 167, 1316, t1) & (2384, 39, 779, t2=t1+(0, 4)) & (1316, 127, 779, t3=t2+(0, 7)) -> (779, 127, 2384, t4=t3+(1, 4))	3	98
(4862, 131, 618, t1) & (2356, 85, 4942, t2=t1+(0, 6)) & (2356, 124, 4862, t3=t2+(0, 3)) -> (2356, 85, 4862, t4=t3+(1, 7))	3	99
(4481, 162, 4158, t1) & (4678, 92, 4175, t2=t1+(0, 4)) & (4158, 190, 4175, t3=t2+(0, 8)) -> (4158, 92, 4158, t4=t3+(1, 4))	3	100
(389, 112, 4351, t1) & (937, 29, 2666, t2=t1+(0, 8)) & (937, 116, 4351, t3=t2+(0, 7)) -> (937, 112, 389, t4=t3+(1, 8))	3	101
(1303, 83, 4482, t1) & (72, 45, 3227, t2=t1+(0, 5)) & (72, 196, 4482, t3=t2+(0, 4)) -> (72, 45, 4482, t4=t3+(1, 9))	3	102
(1384, 104, 4424, t1) & (2471, 3, 3286, t2=t1+(0, 4)) & (2471, 141, 4424, t3=t2+(0, 1)) -> (2471, 3, 4424, t4=t3+(1, 6))	3	103
(2259, 9, 4485, t1) & (1336, 56, 98, t2=t1+(0, 3)) & (2259, 91, 1336, t3=t2+(0, 6)) -> (98, 91, 98, t4=t3+(1, 7))	3	104
(2621, 156, 3184, t1) & (4295, 71, 1906, t2=t1+(0, 2)) & (3184, 10, 1906, t3=t2+(0, 7)) -> (1906, 10, 4295, t4=t3+(1, 4))	3	105
(2326, 33, 3081, t1) & (1888, 183, 3138, t2=t1+(0, 4)) & (3081, 124, 1888, t3=t2+(0, 5)) -> (3138, 33, 2326, t4=t3+(1, 1))	3	106
(4624, 118, 3932, t1) & (4862, 108, 4421, t2=t1+(0, 2)) & (4624, 94, 4421, t3=t2+(0, 9)) -> (4862, 108, 4624, t4=t3+(1, 6))	3	107
(687, 148, 3521, t1) & (2097, 37, 2804, t2=t1+(0, 4)) & (3521, 180, 2804, t3=t2+(0, 4)) -> (2804, 148, 3521, t4=t3+(1, 9))	3	108
(4964, 74, 3782, t1) & (2674, 88, 1659, t2=t1+(0, 1)) & (4964, 109, 1659, t3=t2+(0, 4)) -> (3782, 74, 1659, t4=t3+(1, 6))	3	109
(1788, 173, 1344, t1) & (4074, 58, 2584, t2=t1+(0, 7)) & (1344, 19, 4074, t3=t2+(0, 4)) -> (1788, 58, 2584, t4=t3+(1, 7))	3	110
(260, 72, 2559, t1) & (692, 60, 397, t2=t1+(0, 8)) & (2559, 196, 692, t3=t2+(0, 3)) -> (2559, 72, 2559, t4=t3+(1, 5))	3	111
(729, 194, 4137, t1) & (3960, 175, 2413, t2=t1+(0, 5)) & (4137, 137, 3960, t3=t2+(0, 3)) -> (3960, 194, 3960, t4=t3+(1, 3))	3	112
(1764, 15, 4838, t1) & (4648, 184, 12, t2=t1+(0, 4)) & (4648, 170, 4838, t3=t2+(0, 9)) -> (4838, 184, 4648, t4=t3+(1, 2))	3	113
(537, 177, 3637, t1) & (3477, 72, 882, t2=t1+(0, 7)) & (3637, 38, 882, t3=t2+(0, 5)) -> (537, 72, 3637, t4=t3+(1, 4))	3	114
(3323, 94, 4526, t1) & (1588, 31, 4187, t2=t1+(0, 6)) & (4187, 196, 3323, t3=t2+(0, 5)) -> (3323, 31, 4526, t4=t3+(1, 7))	3	115
(1260, 16, 4895, t1) & (650, 1, 4527, t2=t1+(0, 5)) & (1260, 31, 4527, t3=t2+(0, 0)) -> (1260, 16, 1260, t4=t3+(1, 2))	3	116
(1022, 89, 3827, t1) & (3086, 144, 2941, t2=t1+(0, 10)) & (1022, 117, 3086, t3=t2+(0, 7)) -> (1022, 117, 1022, t4=t3+(1, 7))	3	117
(4607, 116, 3192, t1) & (3837, 120, 2803, t2=t1+(0, 7)) & (3192, 142, 3837, t3=t2+(0, 3)) -> (4607, 142, 3192, t4=t3+(1, 5))	3	118
(2500, 74, 300, t1) & (3692, 143, 4614, t2=t1+(0, 4)) & (3692, 121, 300, t3=t2+(0, 3)) -> (300, 74, 300, t4=t3+(1, 3))	3	119
(3529, 111, 2889, t1) & (4367, 85, 96, t2=t1+(0, 6)) & (4367, 7, 2889, t3=t2+(0, 6)) -> (2889, 7, 96, t4=t3+(1, 4))	3	120
(4941, 4, 902, t1) & (4851, 68, 1912, t2=t1+(0, 5)) & (1912, 51, 902, t3=t2+(0, 3)) -> (4941, 51, 1912, t4=t3+(1, 4))	3	121
(1380, 53, 4487, t1) & (4467, 123, 4537, t2=t1+(0, 2)) & (1380, 101, 4537, t3=t2+(0, 6)) -> (4467, 101, 4537, t4=t3+(1, 8))	3	122
(3983, 19, 2475, t1) & (2142, 172, 2955, t2=t1+(0, 8)) & (3983, 76, 2955, t3=t2+(0, 9)) -> (2475, 76, 2955, t4=t3+(1, 2))	3	123
(1577, 29, 473, t1) & (683, 113, 518, t2=t1+(0, 2)) & (1577, 109, 518, t3=t2+(0, 8)) -> (683, 109, 518, t4=t3+(1, 6))	3	124
(271, 92, 4057, t1) & (4572, 39, 4949, t2=t1+(0, 4)) & (4572, 34, 271, t3=t2+(0, 4)) -> (4057, 34, 4949, t4=t3+(1, 4))	3	125
(1143, 112, 4973, t1) & (4969, 181, 4619, t2=t1+(0, 5)) & (4619, 56, 1143, t3=t2+(0, 6)) -> (1143, 181, 4619, t4=t3+(1, 5))	3	126
(3946, 18, 3384, t1) & (3721, 21, 1779, t2=t1+(0, 3)) & (3946, 49, 1779, t3=t2+(0, 6)) -> (1779, 18, 1779, t4=t3+(1, 1))	3	127
(2900, 128, 832, t1) & (27, 60, 925, t2=t1+(0, 9)) & (2900, 18, 925, t3=t2+(0, 11)) -> (2900, 18, 2900, t4=t3+(1, 4))	3	128
(4042, 10, 4220, t1) & (2754, 64, 972, t2=t1+(0, 4)) & (2754, 125, 4220, t3=t2+(0, 4)) -> (2754, 10, 2754, t4=t3+(1, 3))	3	129
(1837, 182, 1260, t1) & (3288, 0, 1142, t2=t1+(0, 7)) & (1260, 133, 1142, t3=t2+(0, 5)) -> (3288, 0, 1260, t4=t3+(1, 8))	3	130
(4216, 81, 1255, t1) & (2612, 173, 1921, t2=t1+(0, 4)) & (2612, 20, 4216, t3=t2+(0, 13)) -> (4216, 81, 1255, t4=t3+(1, 3))	3	131
(3547, 133, 1717, t1) & (3058, 8, 1650, t2=t1+(0, 11)) & (3547, 151, 3058, t3=t2+(0, 3)) -> (1650, 133, 1717, t4=t3+(1, 2))	3	132
(4188, 120, 457, t1) & (2370, 94, 2649, t2=t1+(0, 3)) & (4188, 83, 2370, t3=t2+(0, 9)) -> (4188, 83, 2370, t4=t3+(1, 4))	3	133
(197, 162, 2769, t1) & (4273, 158, 3875, t2=t1+(0, 7)) & (197, 9, 3875, t3=t2+(0, 4)) -> (197, 158, 197, t4=t3+(1, 6))	3	134
(3782, 161, 4676, t1) & (2758, 12, 2221, t2=t1+(0, 2)) & (2221, 26, 4676, t3=t2+(0, 5)) -> (4676, 12, 2221, t4=t3+(1, 1))	3	135
(1291, 113, 2663, t1) & (1545, 39, 4381, t2=t1+(0, 7)) & (4381, 47, 1291, t3=t2+(0, 10)) -> (2663, 39, 1291, t4=t3+(1, 6))	3	136
(1657, 137, 705, t1) & (3856, 156, 2765, t2=t1+(0, 1)) & (1657, 115, 3856, t3=t2+(0, 8)) -> (3856, 115, 705, t4=t3+(1, 1))	3	137
(4280, 66, 3114, t1) & (1644, 55, 2439, t2=t1+(0, 3)) & (1644, 198, 4280, t3=t2+(0, 4)) -> (1644, 66, 1644, t4=t3+(1, 5))	3	138
(2337, 48, 4620, t1) & (2843, 13, 2871, t2=t1+(0, 3)) & (2871, 24, 4620, t3=t2+(0, 5)) -> (2843, 48, 2871, t4=t3+(1, 7))	3	139
(2481, 157, 1873, t1) & (2738, 3, 577, t2=t1+(0, 4)) & (1873, 63, 577, t3=t2+(0, 7)) -> (2738, 63, 1873, t4=t3+(1, 4))	3	140
(3117, 118, 1011, t1) & (1146, 136, 3536, t2=t1+(0, 5)) & (1146, 89, 3117, t3=t2+(0, 6)) -> (3536, 136, 1011, t4=t3+(1, 8))	3	141
(1407, 162, 3896, t1) & (417, 117, 803, t2=t1+(0, 6)) & (803, 39, 1407, t3=t2+(0, 5)) -> (1407, 117, 803, t4=t3+(1, 3))	3	142
(3435, 53, 1216, t1) & (2845, 124, 4197, t2=t1+(0, 4)) & (3435, 79, 2845, t3=t2+(0, 4)) -> (1216, 124, 4197, t4=t3+(1, 3))	3	143
(4203, 31, 774, t1) & (4065, 103, 1754, t2=t1+(0, 4)) & (4203, 80, 1754, t3=t2+(0, 8)) -> (1754, 80, 1754, t4=t3+(1, 7))	3	144
(4491, 162, 1404, t1) & (1820, 182, 2696, t2=t1+(0, 5)) & (1404, 42, 1820, t3=t2+(0, 2)) -> (1404, 42, 2696, t4=t3+(1, 7))	3	145
(2390, 22, 3460, t1) & (3980, 47, 2679, t2=t1+(0, 4)) & (3460, 199, 2679, t3=t2+(0, 13)) -> (2679, 199, 2679, t4=t3+(1, 6))	3	146
(1596, 101, 3919, t1) & (2553, 131, 4727, t2=t1+(0, 7)) & (4727, 20, 3919, t3=t2+(0, 4)) -> (1596, 20, 3919, t4=t3+(1, 5))	3	147
(3755, 159, 2593, t1) & (1347, 32, 3128, t2=t1+(0, 6)) & (3128, 107, 2593, t3=t2+(0, 5)) -> (1347, 32, 3128, t4=t3+(1, 5))	3	148
(3922, 183, 272, t1) & (2013, 100, 1487, t2=t1+(0, 5)) & (272, 68, 2013, t3=t2+(0, 5)) -> (272, 68, 272, t4=t3+(1, 1))	3	149
(3178, 89, 4515, t1) & (3447, 74, 606, t2=t1+(0, 6)) & (606, 134, 4515, t3=t2+(0, 3)) -> (606, 89, 4515, t4=t3+(1, 5))	3	150
(450, 176, 4625, t1) & (1213, 143, 1732, t2=t1+(0, 3)) & (450, 154, 1213, t3=t2+(0, 7)) -> (1732, 143, 4625, t4=t3+(1, 3))	3	151
(4875, 74, 235, t1) & (198, 144, 3419, t2=t1+(0, 9)) & (3419, 65, 235, t3=t2+(0, 3)) -> (235, 74, 4875, t4=t3+(1, 7))	3	152
(454, 70, 1338, t1) & (169, 69, 3805, t2=t1+(0, 4)) & (3805, 152, 1338, t3=t2+(0, 4)) -> (3805, 70, 3805, t4=t3+(1, 7))	3	153
(109, 14, 3828, t1) & (3441, 149, 531, t2=t1+(0, 7)) & (109, 48, 531, t3=t2+(0, 8)) -> (109, 14, 531, t4=t3+(1, 2))	3	154
(3562, 102, 4017, t1) & (1452, 134, 2487, t2=t1+(0, 6)) & (2487, 29, 3562, t3=t2+(0, 7)) -> (2487, 134, 1452, t4=t3+(1, 8))	3	155
(4485, 116, 3526, t1) & (2406, 170, 3863, t2=t1+(0, 7)) & (2406, 23, 4485, t3=t2+(0, 1)) -> (2406, 23, 2406, t4=t3+(1, 4))	3	156
(4695, 159, 4031, t1) & (4765, 27, 1919, t2=t1+(0, 4)) & (4765, 112, 4695, t3=t2+(0, 4)) -> (1919, 27, 4031, t4=t3+(1, 3))	3	157
(2682, 7, 3953, t1) & (3758, 134, 3219, t2=t1+(0, 2)) & (2682, 14, 3758, t3=t2+(0, 3)) -> (2682, 7, 3219, t4=t3+(1, 4))	3	158
(2232, 173, 1639, t1) & (4495, 148, 3622, t2=t1+(0, 5)) & (2232, 43, 4495, t3=t2+(0, 3)) -> (3622, 148, 1639, t4=t3+(1, 3))	3	159
(845, 90, 3812, t1) & (1635, 60, 2060, t2=t1+(0, 2)) & (2060, 99, 3812, t3=t2+(0, 4)) -> (845, 60, 3812, t4=t3+(1, 6))	3	160
(4655, 12, 2254, t1) & (3465, 110, 3939, t2=t1+(0, 9)) & (3939, 107, 4655, t3=t2+(0, 5)) -> (3939, 110, 3939, t4=t3+(1, 5))	3	161
(1320, 59, 1968, t1) & (1133, 53, 934, t2=t1+(0, 5)) & (1133, 109, 1968, t3=t2+(0, 2)) -> (1133, 53, 1320, t4=t3+(1, 3))	3	162
(3275, 92, 3336, t1) & (2113, 134, 1010, t2=t1+(0, 6)) & (1010, 129, 3336, t3=t2+(0, 6)) -> (3275, 92, 1010, t4=t3+(1, 2))	3	163
(4305, 5, 2099, t1) & (691, 116, 2065, t2=t1+(0, 4)) & (2099, 9, 2065, t3=t2+(0, 3)) -> (691, 9, 4305, t4=t3+(1, 3))	3	164
(811, 191, 162, t1) & (4617, 189, 1385, t2=t1+(0, 4)) & (162, 106, 4617, t3=t2+(0, 8)) -> (4617, 191, 4617, t4=t3+(1, 7))	3	165
(4214, 197, 2940, t1) & (419, 143, 983, t2=t1+(0, 4)) & (983, 5, 2940, t3=t2+(0, 4)) -> (983, 197, 983, t4=t3+(1, 5))	3	166
(862, 5, 3481, t1) & (842, 49, 3078, t2=t1+(0, 6)) & (3481, 149, 842, t3=t2+(0, 5)) -> (3481, 5, 3481, t4=t3+(1, 5))	3	167
(3404, 178, 4510, t1) & (1617, 170, 4569, t2=t1+(0, 6)) & (4569, 158, 3404, t3=t2+(0, 3)) -> (3404, 170, 1617, t4=t3+(1, 2))	3	168
(2805, 133, 3989, t1) & (2978, 23, 1419, t2=t1+(0, 6)) & (1419, 160, 3989, t3=t2+(0, 9)) -> (2805, 160, 1419, t4=t3+(1, 8))	3	169
(4783, 95, 4141, t1) & (2883, 142, 4908, t2=t1+(0, 3)) & (2883, 75, 4783, t3=t2+(0, 7)) -> (2883, 95, 2883, t4=t3+(1, 6))	3	170
(772, 12, 1705, t1) & (3629, 151, 4184, t2=t1+(0, 4)) & (3629, 120, 772, t3=t2+(0, 6)) -> (3629, 12, 772, t4=t3+(1, 5))	3	171
(590, 135, 1354, t1) & (1023, 42, 2563, t2=t1+(0, 6)) & (590, 160, 2563, t3=t2+(0, 5)) -> (2563, 160, 2563, t4=t3+(1, 8))	3	172
(4595, 135, 1137, t1) & (4639, 52, 3806, t2=t1+(0, 6)) & (3806, 129, 1137, t3=t2+(0, 0)) -> (4639, 135, 3806, t4=t3+(1, 9))	3	173
(2107, 168, 738, t1) & (3459, 150, 4386, t2=t1+(0, 8)) & (3459, 190, 2107, t3=t2+(0, 5)) -> (738, 168, 2107, t4=t3+(1, 16))	3	174
(3364, 164, 3229, t1) & (4247, 137, 3060, t2=t1+(0, 1)) & (3229, 170, 3060, t3=t2+(0, 3)) -> (3060, 137, 3060, t4=t3+(1, 5))	3	175
(953, 84, 1805, t1) & (4216, 21, 2311, t2=t1+(0, 7)) & (1805, 150, 4216, t3=t2+(0, 2)) -> (953, 21, 953, t4=t3+(1, 9))	3	176
(3034, 12, 3025, t1) & (3450, 25, 417, t2=t1+(0, 4)) & (417, 33, 3025, t3=t2+(0, 4)) -> (3025, 25, 3450, t4=t3+(1, 1))	3	177
(1697, 116, 1683, t1) & (984, 186, 828, t2=t1+(0, 1)) & (1697, 59, 828, t3=t2+(0, 6)) -> (1683, 186, 828, t4=t3+(1, 8))	3	178
(2707, 3, 3779, t1) & (4963, 63, 4104, t2=t1+(0, 3)) & (3779, 76, 4104, t3=t2+(0, 6)) -> (3779, 76, 4104, t4=t3+(1, 3))	3	179
(1340, 95, 3710, t1) & (776, 187, 713, t2=t1+(0, 4)) & (776, 80, 3710, t3=t2+(0, 8)) -> (713, 80, 3710, t4=t3+(1, 2))	3	180
(2861, 114, 3104, t1) & (179, 152, 4369, t2=t1+(0, 4)) & (4369, 128, 2861, t3=t2+(0, 4)) -> (3104, 114, 3104, t4=t3+(1, 5))	3	181
(1785, 12, 4491, t1) & (3171, 69, 2345, t2=t1+(0, 6)) & (3171, 60, 1785, t3=t2+(0, 5)) -> (4491, 12, 2345, t4=t3+(1, 4))	3	182
(1751, 106, 2661, t1) & (94, 191, 135, t2=t1+(0, 9)) & (1751, 118, 94, t3=t2+(0, 6)) -> (2661, 191, 2661, t4=t3+(1, 7))	3	183
(3555, 32, 3137, t1) & (3314, 106, 3308, t2=t1+(0, 7)) & (3137, 152, 3314, t3=t2+(0, 5)) -> (3137, 32, 3137, t4=t3+(1, 5))	3	184
(2544, 136, 4121, t1) & (2429, 121, 1943, t2=t1+(0, 3)) & (4121, 64, 1943, t3=t2+(0, 5)) -> (4121, 121, 1943, t4=t3+(1, 7))	3	185
(657, 185, 2978, t1) & (3178, 24, 4269, t2=t1+(0, 2)) & (657, 76, 4269, t3=t2+(0, 3)) -> (657, 76, 4269, t4=t3+(1, 4))	3	186
(629, 4, 4538, t1) & (3587, 17, 2402, t2=t1+(0, 7)) & (629, 140, 3587, t3=t2+(0, 10)) -> (3587, 4, 2402, t4=t3+(1, 6))	3	187
(1801, 186, 157, t1) & (2355, 131, 1216, t2=t1+(0, 6)) & (1216, 56, 157, t3=t2+(0, 4)) -> (2355, 131, 1801, t4=t3+(1, 3))	3	188
(1500, 111, 2291, t1) & (4127, 37, 1517, t2=t1+(0, 2)) & (1517, 10, 1500, t3=t2+(0, 6)) -> (1517, 10, 1500, t4=t3+(1, 9))	3	189
(2638, 122, 1567, t1) & (4543, 44, 3604, t2=t1+(0, 3)) & (1567, 172, 3604, t3=t2+(0, 5)) -> (1567, 172, 4543, t4=t3+(1, 2))	3	190
(164, 51, 337, t1) & (4242, 137, 905, t2=t1+(0, 8)) & (164, 59, 905, t3=t2+(0, 6)) -> (905, 137, 164, t4=t3+(1, 10))	3	191
(4454, 4, 4322, t1) & (1816, 92, 4385, t2=t1+(0, 7)) & (4385, 188, 4454, t3=t2+(0, 6)) -> (1816, 92, 4385, t4=t3+(1, 5))	3	192
(1748, 97, 1427, t1) & (4683, 129, 293, t2=t1+(0, 3)) & (1427, 97, 4683, t3=t2+(0, 8)) -> (4683, 97, 4683, t4=t3+(1, 7))	3	193
(404, 80, 2658, t1) & (1142, 95, 3289, t2=t1+(0, 3)) & (3289, 97, 2658, t3=t2+(0, 4)) -> (3289, 97, 3289, t4=t3+(1, 8))	3	194
(3673, 147, 2863, t1) & (2364, 70, 2508, t2=t1+(0, 11)) & (2364, 42, 2863, t3=t2+(0, 0)) -> (2863, 147, 2364, t4=t3+(1, 9))	3	195
(4521, 166, 3735, t1) & (4330, 79, 1250, t2=t1+(0, 4)) & (1250, 108, 3735, t3=t2+(0, 5)) -> (4521, 166, 3735, t4=t3+(1, 1))	3	196
(1811, 109, 1912, t1) & (3414, 16, 1017, t2=t1+(0, 3)) & (3414, 115, 1912, t3=t2+(0, 9)) -> (1912, 16, 3414, t4=t3+(1, 4))	3	197
(2386, 20, 650, t1) & (1556, 80, 3293, t2=t1+(0, 5)) & (650, 161, 1556, t3=t2+(0, 4)) -> (650, 20, 1556, t4=t3+(1, 7))	3	198
(3519, 191, 504, t1) & (1345, 195, 2229, t2=t1+(0, 6)) & (504, 1, 1345, t3=t2+(0, 5)) -> (504, 191, 504, t4=t3+(1, 5))	3	199
(4147, 101, 219, t1) & (4660, 139, 683, t2=t1+(0, 4)) & (4660, 139, 4147, t3=t2+(0, 6)) -> (219, 101, 683, t4=t3+(1, 3))	3	200
(2472, 19, 4724, t1) & (2548, 40, 3895, t2=t1+(0, 2)) & (3895, 10, 4724, t3=t2+(0, 4)) -> (3895, 40, 3895, t4=t3+(1, 5))	3	201
(4972, 26, 2500, t1) & (558, 65, 1779, t2=t1+(0, 11)) & (558, 107, 2500, t3=t2+(0, 8)) -> (1779, 107, 558, t4=t3+(1, 4))	3	202
(4913, 198, 15, t1) & (3268, 167, 2830, t2=t1+(0, 8)) & (2830, 186, 15, t3=t2+(0, 7)) -> (4913, 198, 4913, t4=t3+(1, 3))	3	203
(4119, 57, 3075, t1) & (1921, 52, 3164, t2=t1+(0, 6)) & (3075, 52, 3164, t3=t2+(0, 3)) -> (3075, 52, 3164, t4=t3+(1, 7))	3	204
(1908, 103, 3181, t1) & (2020, 83, 717, t2=t1+(0, 11)) & (3181, 94, 717, t3=t2+(0, 8)) -> (3181, 83, 717, t4=t3+(1, 8))	3	205
(1709, 156, 4040, t1) & (4326, 152, 1800, t2=t1+(0, 7)) & (1709, 91, 1800, t3=t2+(0, 1)) -> (4040, 156, 1800, t4=t3+(1, 2))	3	206
(863, 124, 3283, t1) & (4704, 155, 679, t2=t1+(0, 4)) & (863, 54, 4704, t3=t2+(0, 7)) -> (679, 155, 863, t4=t3+(1, 10))	3	207
(3249, 10, 1266, t1) & (2686, 134, 1752, t2=t1+(0, 4)) & (1266, 142, 2686, t3=t2+(0, 6)) -> (1266, 142, 3249, t4=t3+(1, 8))	3	208
(3620, 83, 2282, t1) & (4506, 109, 2216, t2=t1+(0, 4)) & (2282, 173, 2216, t3=t2+(0, 1)) -> (3620, 83, 4506, t4=t3+(1, 5))	3	209
(3137, 59, 2488, t1) & (389, 56, 4860, t2=t1+(0, 2)) & (2488, 121, 4860, t3=t2+(0, 4)) -> (389, 121, 4860, t4=t3+(1, 2))	3	210
(1042, 184, 2151, t1) & (1761, 187, 2054, t2=t1+(0, 6)) & (2151, 193, 2054, t3=t2+(0, 7)) -> (2054, 187, 1761, t4=t3+(1, 8))	3	211
(4346, 48, 1345, t1) & (2500, 143, 282, t2=t1+(0, 4)) & (4346, 155, 282, t3=t2+(0, 8)) -> (1345, 143, 1345, t4=t3+(1, 10))	3	212
(2618, 52, 2892, t1) & (3431, 51, 3320, t2=t1+(0, 3)) & (2618, 85, 3431, t3=t2+(0, 3)) -> (3320, 51, 2618, t4=t3+(1, 3))	3	213
(1223, 180, 3632, t1) & (4616, 192, 266, t2=t1+(0, 2)) & (1223, 144, 266, t3=t2+(0, 6)) -> (266, 192, 4616, t4=t3+(1, 2))	3	214
(4057, 50, 4143, t1) & (4460, 39, 2448, t2=t1+(0, 10)) & (2448, 18, 4143, t3=t2+(0, 4)) -> (4143, 18, 2448, t4=t3+(1, 6))	3	215
(2334, 54, 4066, t1) & (1836, 35, 2839, t2=t1+(0, 5)) & (2334, 68, 2839, t3=t2+(0, 12)) -> (1836, 54, 2334, t4=t3+(1, 9))	3	216
(3648, 143, 152, t1) & (2255, 173, 3035, t2=t1+(0, 4)) & (2255, 52, 3648, t3=t2+(0, 8)) -> (3035, 143, 3648, t4=t3+(1, 4))	3	217
(1012, 139, 774, t1) & (2709, 198, 1256, t2=t1+(0, 6)) & (2709, 115, 1012, t3=t2+(0, 6)) -> (1012, 198, 774, t4=t3+(1, 6))	3	218
(3529, 104, 3942, t1) & (1734, 191, 2390, t2=t1+(0, 7)) & (2390, 122, 3529, t3=t2+(0, 5)) -> (1734, 191, 3529, t4=t3+(1, 9))	3	219
(3771, 132, 1286, t1) & (862, 108, 4514, t2=t1+(0, 6)) & (862, 131, 3771, t3=t2+(0, 8)) -> (1286, 131, 3771, t4=t3+(1, 10))	3	220
(1120, 73, 3707, t1) & (1326, 190, 2123, t2=t1+(0, 9)) & (2123, 19, 1120, t3=t2+(0, 3)) -> (2123, 19, 1326, t4=t3+(1, 5))	3	221
(4429, 78, 3571, t1) & (4932, 91, 3831, t2=t1+(0, 4)) & (3571, 36, 4932, t3=t2+(0, 3)) -> (4932, 78, 3571, t4=t3+(1, 7))	3	222
(1513, 108, 4914, t1) & (905, 24, 4595, t2=t1+(0, 6)) & (905, 199, 4914, t3=t2+(0, 4)) -> (905, 108, 905, t4=t3+(1, 5))	3	223
(4003, 156, 4109, t1) & (2044, 25, 2319, t2=t1+(0, 3)) & (2044, 83, 4109, t3=t2+(0, 3)) -> (4109, 83, 2044, t4=t3+(1, 5))	3	224
(1801, 44, 681, t1) & (2378, 192, 1222, t2=t1+(0, 7)) & (1801, 181, 2378, t3=t2+(0, 5)) -> (2378, 44, 1801, t4=t3+(1, 4))	3	225
(2565, 77, 2288, t1) & (3783, 107, 1833, t2=t1+(0, 6)) & (1833, 121, 2565, t3=t2+(0, 7)) -> (2565, 107, 1833, t4=t3+(1, 4))	3	226
(1381, 175, 4174, t1) & (3594, 151, 4251, t2=t1+(0, 6)) & (4251, 78, 4174, t3=t2+(0, 4)) -> (4174, 78, 4174, t4=t3+(1, 8))	3	227
(2344, 124, 3855, t1) & (2127, 17, 4239, t2=t1+(0, 6)) & (2344, 174, 4239, t3=t2+(0, 4)) -> (2344, 124, 3855, t4=t3+(1, 5))	3	228
(89, 110, 3927, t1) & (4798, 140, 2237, t2=t1+(0, 6)) & (4798, 11, 89, t3=t2+(0, 6)) -> (3927, 140, 4798, t4=t3+(1, 3))	3	229
(3884, 136, 377, t1) & (964, 131, 1209, t2=t1+(0, 5)) & (1209, 39, 377, t3=t2+(0, 5)) -> (377, 136, 377, t4=t3+(1, 7))	3	230
(1251, 108, 4050, t1) & (271, 94, 2669, t2=t1+(0, 2)) & (271, 190, 4050, t3=t2+(0, 3)) -> (271, 190, 2669, t4=t3+(1, 8))	3	231
(4570, 174, 491, t1) & (3533, 169, 2728, t2=t1+(0, 5)) & (3533, 64, 491, t3=t2+(0, 5)) -> (3533, 169, 491, t4=t3+(1, 6))	3	232
(1753, 165, 107, t1) & (3104, 48, 779, t2=t1+(0, 6)) & (107, 182, 779, t3=t2+(0, 11)) -> (779, 165, 1753, t4=t3+(1, 9))	3	233
(561, 88, 1049, t1) & (2933, 189, 3026, t2=t1+(0, 5)) & (3026, 45, 1049, t3=t2+(0, 7)) -> (2933, 189, 1049, t4=t3+(1, 4))	3	234
(4, 147, 3983, t1) & (1240, 158, 2015, t2=t1+(0, 4)) & (1240, 182, 4, t3=t2+(0, 5)) -> (2015, 182, 2015, t4=t3+(1, 5))	3	235
(938, 32, 3208, t1) & (4293, 147, 4924, t2=t1+(0, 3)) & (4924, 43, 938, t3=t2+(0, 5)) -> (4924, 147, 3208, t4=t3+(1, 3))	3	236
(2251, 159, 1028, t1) & (1389, 24, 4282, t2=t1+(0, 2)) & (2251, 119, 1389, t3=t2+(0, 5)) -> (2251, 159, 1389, t4=t3+(1, 3))	3	237
(4987, 1, 2244, t1) & (4260, 186, 1343, t2=t1+(0, 2)) & (4260, 103, 4987, t3=t2+(0, 3)) -> (2244, 1, 4987, t4=t3+(1, 2))	3	238
(369, 28, 1144, t1) & (709, 197, 4383, t2=t1+(0, 5)) & (4383, 194, 369, t3=t2+(0, 2)) -> (1144, 194, 4383, t4=t3+(1, 7))	3	239
(3373, 82, 1977, t1) & (803, 152, 1735, t2=t1+(0, 5)) & (803, 87, 1977, t3=t2+(0, 4)) -> (3373, 87, 1735, t4=t3+(1, 4))	3	240
(4194, 106, 1383, t1) & (667, 169, 868, t2=t1+(0, 4)) & (1383, 25, 868, t3=t2+(0, 4)) -> (1383, 106, 667, t4=t3+(1, 5))	3	241
(3732, 51, 1330, t1) & (3918, 152, 682, t2=t1+(0, 4)) & (1330, 117, 682, t3=t2+(0, 5)) -> (682, 51, 1330, t4=t3+(1, 5))	3	242
(997, 37, 0, t1) & (2737, 156, 4401, t2=t1+(0, 9)) & (4401, 53, 0, t3=t2+(0, 7)) -> (4401, 156, 4401, t4=t3+(1, 5))	3	243
(4538, 53, 2081, t1) & (3938, 176, 4387, t2=t1+(0, 4)) & (4538, 8, 3938, t3=t2+(0, 4)) -> (4387, 176, 4387, t4=t3+(1, 11))	3	244
(2819, 141, 1573, t1) & (99, 160, 4917, t2=t1+(0, 6)) & (99, 64, 1573, t3=t2+(0, 3)) -> (99, 141, 99, t4=t3+(1, 8))	3	245
(3129, 40, 4442, t1) & (4198, 30, 2392, t2=t1+(0, 3)) & (4442, 153, 2392, t3=t2+(0, 1)) -> (3129, 40, 2392, t4=t3+(1, 6))	3	246
(4869, 151, 275, t1) & (1075, 102, 1203, t2=t1+(0, 5)) & (1075, 121, 275, t3=t2+(0, 5)) -> (1203, 121, 275, t4=t3+(1, 7))	3	247
(1150, 9, 1154, t1) & (1223, 85, 3078, t2=t1+(0, 6)) & (1154, 189, 3078, t3=t2+(0, 2)) -> (3078, 85, 3078, t4=t3+(1, 4))	3	248
(4520, 48, 1103, t1) & (840, 74, 3550, t2=t1+(0, 4)) & (840, 130, 1103, t3=t2+(0, 6)) -> (1103, 130, 3550, t4=t3+(1, 5))	3	249
(1541, 14, 3854, t1) & (244, 102, 1207, t2=t1+(0, 6)) & (1207, 32, 1541, t3=t2+(0, 3)) -> (1207, 14, 3854, t4=t3+(1, 6))	3	250
(472, 161, 3413, t1) & (4788, 175, 3604, t2=t1+(0, 3)) & (3413, 95, 3604, t3=t2+(0, 5)) -> (472, 95, 3604, t4=t3+(1, 6))	3	251
(3106, 167, 1935, t1) & (2499, 186, 253, t2=t1+(0, 7)) & (2499, 111, 3106, t3=t2+(0, 6)) -> (253, 186, 3106, t4=t3+(1, 3))	3	252
(3839, 148, 2541, t1) & (4645, 20, 695, t2=t1+(0, 4)) & (695, 152, 2541, t3=t2+(0, 9)) -> (2541, 20, 3839, t4=t3+(1, 4))	3	253
(426, 93, 1505, t1) & (477, 26, 1830, t2=t1+(0, 8)) & (1830, 107, 426, t3=t2+(0, 1)) -> (426, 93, 477, t4=t3+(1, 7))	3	254
(841, 85, 415, t1) & (2810, 41, 4578, t2=t1+(0, 3)) & (415, 48, 2810, t3=t2+(0, 3)) -> (2810, 85, 415, t4=t3+(1, 7))	3	255
(2744, 129, 163, t1) & (2974, 116, 2597, t2=t1+(0, 3)) & (2744, 2, 2974, t3=t2+(0, 8)) -> (2597, 116, 2744, t4=t3+(1, 3))	3	256
(4386, 32, 2517, t1) & (356, 192, 4065, t2=t1+(0, 2)) & (356, 17, 2517, t3=t2+(0, 3)) -> (2517, 17, 2517, t4=t3+(1, 5))	3	257
(2361, 86, 1731, t1) & (4616, 124, 1589, t2=t1+(0, 4)) & (1589, 196, 1731, t3=t2+(0, 7)) -> (2361, 124, 1589, t4=t3+(1, 5))	3	258
(4280, 14, 2537, t1) & (2278, 106, 1292, t2=t1+(0, 5)) & (1292, 173, 4280, t3=t2+(0, 7)) -> (4280, 173, 4280, t4=t3+(1, 8))	3	259
(1773, 160, 232, t1) & (1082, 159, 2855, t2=t1+(0, 7)) & (232, 108, 1082, t3=t2+(0, 6)) -> (1773, 159, 232, t4=t3+(1, 3))	3	260
(2531, 24, 3356, t1) & (1933, 3, 146, t2=t1+(0, 7)) & (3356, 149, 146, t3=t2+(0, 9)) -> (1933, 149, 1933, t4=t3+(1, 5))	3	261
(2371, 103, 1181, t1) & (2759, 40, 2944, t2=t1+(0, 9)) & (1181, 48, 2944, t3=t2+(0, 2)) -> (1181, 40, 2371, t4=t3+(1, 5))	3	262
(429, 89, 790, t1) & (1197, 116, 245, t2=t1+(0, 10)) & (790, 65, 245, t3=t2+(0, 8)) -> (1197, 116, 1197, t4=t3+(1, 7))	3	263
(4726, 169, 0, t1) & (3566, 27, 2214, t2=t1+(0, 5)) & (3566, 80, 4726, t3=t2+(0, 4)) -> (3566, 80, 4726, t4=t3+(1, 5))	3	264
(3334, 192, 3517, t1) & (4970, 68, 1711, t2=t1+(0, 4)) & (3517, 47, 4970, t3=t2+(0, 0)) -> (4970, 68, 3517, t4=t3+(1, 7))	3	265
(3271, 44, 3981, t1) & (2129, 117, 4131, t2=t1+(0, 2)) & (3981, 25, 4131, t3=t2+(0, 5)) -> (2129, 44, 4131, t4=t3+(1, 8))	3	266
(877, 189, 807, t1) & (1831, 49, 2181, t2=t1+(0, 5)) & (807, 172, 1831, t3=t2+(0, 8)) -> (807, 189, 807, t4=t3+(1, 7))	3	267
(1654, 7, 4862, t1) & (983, 49, 1562, t2=t1+(0, 4)) & (1654, 76, 983, t3=t2+(0, 10)) -> (983, 7, 983, t4=t3+(1, 5))	3	268
(2449, 95, 2963, t1) & (2072, 124, 835, t2=t1+(0, 5)) & (835, 126, 2449, t3=t2+(0, 8)) -> (2963, 124, 2963, t4=t3+(1, 3))	3	269
(860, 0, 1676, t1) & (2231, 126, 3469, t2=t1+(0, 6)) & (1676, 116, 3469, t3=t2+(0, 2)) -> (3469, 116, 3469, t4=t3+(1, 4))	3	270
(4910, 133, 4060, t1) & (1674, 187, 4792, t2=t1+(0, 4)) & (4910, 162, 1674, t3=t2+(0, 6)) -> (4910, 162, 4910, t4=t3+(1, 14))	3	271
(2182, 89, 308, t1) & (2228, 134, 2507, t2=t1+(0, 7)) & (308, 100, 2507, t3=t2+(0, 6)) -> (2507, 100, 2228, t4=t3+(1, 4))	3	272
(1922, 17, 2440, t1) & (4790, 66, 1388, t2=t1+(0, 7)) & (2440, 143, 1388, t3=t2+(0, 1)) -> (2440, 143, 4790, t4=t3+(1, 3))	3	273
(4782, 41, 3431, t1) & (2528, 7, 4888, t2=t1+(0, 3)) & (2528, 4, 4782, t3=t2+(0, 7)) -> (4782, 41, 4782, t4=t3+(1, 5))	3	274
(3385, 128, 4673, t1) & (4635, 27, 3161, t2=t1+(0, 6)) & (3385, 15, 4635, t3=t2+(0, 8)) -> (3385, 27, 4635, t4=t3+(1, 2))	3	275
(2249, 121, 1224, t1) & (2326, 87, 2190, t2=t1+(0, 0)) & (2249, 90, 2326, t3=t2+(0, 4)) -> (2190, 90, 2326, t4=t3+(1, 3))	3	276
(674, 127, 971, t1) & (4022, 147, 3978, t2=t1+(0, 5)) & (971, 163, 4022, t3=t2+(0, 8)) -> (4022, 163, 3978, t4=t3+(1, 4))	3	277
(4037, 119, 3672, t1) & (1164, 64, 738, t2=t1+(0, 4)) & (3672, 80, 738, t3=t2+(0, 3)) -> (4037, 64, 3672, t4=t3+(1, 7))	3	278
(3747, 150, 1662, t1) & (2871, 189, 4597, t2=t1+(0, 2)) & (2871, 117, 1662, t3=t2+(0, 2)) -> (2871, 189, 3747, t4=t3+(1, 2))	3	279
(435, 28, 2421, t1) & (4163, 82, 3559, t2=t1+(0, 3)) & (3559, 89, 2421, t3=t2+(0, 7)) -> (4163, 82, 3559, t4=t3+(1, 5))	3	280
(209, 197, 2641, t1) & (2957, 92, 978, t2=t1+(0, 9)) & (978, 144, 2641, t3=t2+(0, 6)) -> (978, 144, 2957, t4=t3+(1, 5))	3	281
(3354, 29, 1773, t1) & (3442, 56, 94, t2=t1+(0, 4)) & (3442, 164, 1773, t3=t2+(0, 1)) -> (3442, 56, 94, t4=t3+(1, 5))	3	282
(3216, 107, 2234, t1) & (2954, 101, 2498, t2=t1+(0, 6)) & (2498, 116, 3216, t3=t2+(0, 4)) -> (2954, 107, 3216, t4=t3+(1, 3))	3	283
(2940, 138, 4042, t1) & (2701, 82, 1720, t2=t1+(0, 9)) & (4042, 44, 1720, t3=t2+(0, 6)) -> (1720, 138, 2940, t4=t3+(1, 3))	3	284
(4526, 112, 2744, t1) & (2113, 48, 208, t2=t1+(0, 4)) & (4526, 152, 2113, t3=t2+(0, 4)) -> (2744, 152, 208, t4=t3+(1, 3))	3	285
(2131, 74, 3570, t1) & (1438, 121, 4970, t2=t1+(0, 5)) & (3570, 181, 1438, t3=t2+(0, 5)) -> (1438, 121, 1438, t4=t3+(1, 6))	3	286
(2968, 9, 108, t1) & (2979, 8, 1396, t2=t1+(0, 8)) & (1396, 156, 108, t3=t2+(0, 6)) -> (2979, 9, 1396, t4=t3+(1, 5))	3	287
(3635, 173, 1334, t1) & (4292, 106, 540, t2=t1+(0, 11)) & (4292, 66, 1334, t3=t2+(0, 3)) -> (4292, 66, 4292, t4=t3+(1, 4))	3	288
(600, 141, 687, t1) & (655, 16, 1790, t2=t1+(0, 5)) & (655, 78, 600, t3=t2+(0, 4)) -> (655, 16, 655, t4=t3+(1, 2))	3	289
(2909, 24, 2021, t1) & (125, 165, 680, t2=t1+(0, 7)) & (125, 3, 2021, t3=t2+(0, 4)) -> (125, 165, 2021, t4=t3+(1, 7))	3	290
(2015, 108, 1277, t1) & (1029, 92, 1714, t2=t1+(0, 2)) & (1277, 8, 1029, t3=t2+(0, 3)) -> (1277, 108, 1029, t4=t3+(1, 2))	3	291
(480, 109, 4173, t1) & (439, 87, 4624, t2=t1+(0, 5)) & (4624, 71, 4173, t3=t2+(0, 5)) -> (439, 71, 4624, t4=t3+(1, 4))	3	292
(2955, 76, 2301, t1) & (1471, 95, 4428, t2=t1+(0, 7)) & (1471, 33, 2301, t3=t2+(0, 5)) -> (1471, 33, 1471, t4=t3+(1, 8))	3	293
(3984, 141, 1908, t1) & (1908, 123, 2502, t2=t1+(0, 6)) & (1908, 125, 1908, t3=t2+(0, 5)) -> (3984, 123, 1908, t4=t3+(1, 6))	3	294
(728, 159, 4797, t1) & (79, 46, 2903, t2=t1+(0, 6)) & (2903, 6, 4797, t3=t2+(0, 5)) -> (79, 159, 2903, t4=t3+(1, 3))	3	295
(808, 160, 3102, t1) & (3372, 14, 1300, t2=t1+(0, 6)) & (1300, 12, 808, t3=t2+(0, 6)) -> (808, 14, 3372, t4=t3+(1, 7))	3	296
(2635, 59, 2043, t1) & (4882, 23, 1306, t2=t1+(0, 1)) & (2635, 132, 4882, t3=t2+(0, 3)) -> (4882, 23, 1306, t4=t3+(1, 10))	3	297
(3192, 19, 2904, t1) & (2086, 186, 4493, t2=t1+(0, 8)) & (2086, 29, 3192, t3=t2+(0, 8)) -> (2904, 186, 2904, t4=t3+(1, 3))	3	298
(3330, 124, 1247, t1) & (4765, 103, 2031, t2=t1+(0, 7)) & (4765, 157, 3330, t3=t2+(0, 10)) -> (4765, 157, 3330, t4=t3+(1, 4))	3	299
(1812, 27, 1402, t1) & (614, 103, 4704, t2=t1+(0, 3)) & (1402, 126, 614, t3=t2+(0, 4)) -> (1402, 27, 1402, t4=t3+(1, 6))	3	300
(4492, 131, 136, t1) & (494, 185, 3362, t2=t1+(0, 3)) & (3362, 31, 4492, t3=t2+(0, 4)) -> (3362, 31, 3362, t4=t3+(1, 4))	3	301
(4380, 34, 1608, t1) & (1981, 97, 2005, t2=t1+(0, 8)) & (1981, 74, 4380, t3=t2+(0, 5)) -> (4380, 74, 1608, t4=t3+(1, 9))	3	302
(1444, 172, 4010, t1) & (698, 58, 2687, t2=t1+(0, 6)) & (698, 198, 1444, t3=t2+(0, 3)) -> (1444, 198, 4010, t4=t3+(1, 2))	3	303
(1897, 86, 4423, t1) & (2501, 131, 1601, t2=t1+(0, 4)) & (2501, 72, 4423, t3=t2+(0, 3)) -> (2501, 72, 4423, t4=t3+(1, 7))	3	304
(4227, 109, 4665, t1) & (4164, 15, 936, t2=t1+(0, 6)) & (4665, 187, 4164, t3=t2+(0, 4)) -> (4164, 109, 936, t4=t3+(1, 7))	3	305
(3616, 90, 1621, t1) & (1217, 25, 1978, t2=t1+(0, 7)) & (3616, 130, 1217, t3=t2+(0, 2)) -> (1978, 130, 1621, t4=t3+(1, 5))	3	306
(4519, 125, 501, t1) & (1510, 80, 4200, t2=t1+(0, 2)) & (4519, 11, 4200, t3=t2+(0, 5)) -> (4200, 125, 4200, t4=t3+(1, 4))	3	307
(4670, 89, 1117, t1) & (4236, 70, 945, t2=t1+(0, 9)) & (4670, 158, 945, t3=t2+(0, 6)) -> (4670, 70, 945, t4=t3+(1, 2))	3	308
(1369, 33, 4529, t1) & (2894, 15, 2621, t2=t1+(0, 5)) & (2621, 104, 4529, t3=t2+(0, 4)) -> (4529, 15, 1369, t4=t3+(1, 6))	3	309
(3675, 199, 1171, t1) & (792, 65, 2459, t2=t1+(0, 6)) & (792, 191, 3675, t3=t2+(0, 4)) -> (3675, 191, 2459, t4=t3+(1, 6))	3	310
(1967, 15, 4633, t1) & (1102, 159, 4093, t2=t1+(0, 4)) & (4093, 38, 4633, t3=t2+(0, 4)) -> (4633, 38, 4093, t4=t3+(1, 6))	3	311
(1209, 57, 508, t1) & (3298, 173, 4280, t2=t1+(0, 7)) & (3298, 153, 508, t3=t2+(0, 3)) -> (3298, 173, 508, t4=t3+(1, 3))	3	312
(2017, 69, 3247, t1) & (3604, 94, 419, t2=t1+(0, 5)) & (2017, 108, 419, t3=t2+(0, 3)) -> (2017, 94, 2017, t4=t3+(1, 5))	3	313
(761, 163, 3569, t1) & (1395, 71, 2926, t2=t1+(0, 4)) & (1395, 194, 3569, t3=t2+(0, 5)) -> (3569, 71, 761, t4=t3+(1, 8))	3	314
(2294, 82, 379, t1) & (1638, 135, 3810, t2=t1+(0, 2)) & (2294, 148, 3810, t3=t2+(0, 5)) -> (2294, 82, 1638, t4=t3+(1, 3))	3	315
(712, 6, 2505, t1) & (3987, 31, 1366, t2=t1+(0, 5)) & (3987, 97, 2505, t3=t2+(0, 6)) -> (1366, 97, 2505, t4=t3+(1, 10))	3	316
(1558, 138, 4100, t1) & (2489, 197, 1980, t2=t1+(0, 4)) & (1558, 12, 1980, t3=t2+(0, 4)) -> (4100, 138, 1558, t4=t3+(1, 3))	3	317
(2438, 161, 3395, t1) & (3763, 141, 1045, t2=t1+(0, 6)) & (1045, 74, 2438, t3=t2+(0, 3)) -> (2438, 74, 1045, t4=t3+(1, 5))	3	318
(67, 166, 246, t1) & (2587, 82, 727, t2=t1+(0, 10)) & (2587, 74, 246, t3=t2+(0, 3)) -> (2587, 74, 246, t4=t3+(1, 2))	3	319
(4027, 126, 2064, t1) & (1314, 106, 379, t2=t1+(0, 6)) & (4027, 143, 379, t3=t2+(0, 9)) -> (379, 143, 4027, t4=t3+(1, 3))	3	320
(1294, 175, 77, t1) & (3589, 150, 882, t2=t1+(0, 5)) & (882, 76, 1294, t3=t2+(0, 8)) -> (882, 175, 882, t4=t3+(1, 2))	3	321
(4943, 96, 3454, t1) & (1502, 129, 4087, t2=t1+(0, 2)) & (4943, 120, 4087, t3=t2+(0, 5)) -> (3454, 129, 4087, t4=t3+(1, 6))	3	322
(4224, 187, 1405, t1) & (4032, 181, 4441, t2=t1+(0, 5)) & (4441, 151, 4224, t3=t2+(0, 3)) -> (4441, 187, 4441, t4=t3+(1, 2))	3	323
(3605, 93, 2217, t1) & (4580, 138, 248, t2=t1+(0, 5)) & (4580, 64, 3605, t3=t2+(0, 4)) -> (2217, 138, 2217, t4=t3+(1, 2))	3	324
(1459, 144, 1455, t1) & (4258, 28, 4255, t2=t1+(0, 4)) & (1459, 26, 4255, t3=t2+(0, 5)) -> (1455, 28, 4255, t4=t3+(1, 8))	3	325
(4272, 166, 4906, t1) & (552, 192, 3764, t2=t1+(0, 8)) & (552, 121, 4906, t3=t2+(0, 3)) -> (4272, 121, 552, t4=t3+(1, 6))	3	326
(4418, 34, 4934, t1) & (3921, 80, 4086, t2=t1+(0, 5)) & (4934, 145, 4086, t3=t2+(0, 4)) -> (4418, 80, 3921, t4=t3+(1, 10))	3	327
(4219, 167, 440, t1) & (1461, 44, 1468, t2=t1+(0, 2)) & (440, 44, 1461, t3=t2+(0, 5)) -> (440, 167, 1461, t4=t3+(1, 2))	3	328
(2072, 191, 4885, t1) & (1446, 107, 1226, t2=t1+(0, 6)) & (4885, 43, 1226, t3=t2+(0, 4)) -> (1446, 191, 2072, t4=t3+(1, 4))	3	329
(324, 96, 1281, t1) & (1219, 13, 4013, t2=t1+(0, 6)) & (1281, 17, 1219, t3=t2+(0, 12)) -> (1281, 17, 1219, t4=t3+(1, 3))	3	330
(3691, 21, 3799, t1) & (59, 77, 1285, t2=t1+(0, 2)) & (1285, 197, 3799, t3=t2+(0, 1)) -> (3691, 197, 3691, t4=t3+(1, 10))	3	331
(1868, 152, 4046, t1) & (3082, 46, 273, t2=t1+(0, 9)) & (4046, 39, 273, t3=t2+(0, 5)) -> (3082, 46, 273, t4=t3+(1, 1))	3	332
(2031, 81, 2439, t1) & (318, 169, 847, t2=t1+(0, 6)) & (2439, 50, 847, t3=t2+(0, 4)) -> (847, 81, 318, t4=t3+(1, 3))	3	333
(2210, 34, 2662, t1) & (4022, 60, 1642, t2=t1+(0, 8)) & (1642, 29, 2210, t3=t2+(0, 6)) -> (2662, 29, 2210, t4=t3+(1, 7))	3	334
(4707, 192, 3514, t1) & (4693, 166, 2941, t2=t1+(0, 6)) & (4693, 94, 3514, t3=t2+(0, 10)) -> (3514, 166, 4693, t4=t3+(1, 2))	3	335
(154, 155, 1304, t1) & (4133, 155, 1996, t2=t1+(0, 4)) & (1304, 66, 4133, t3=t2+(0, 10)) -> (4133, 155, 154, t4=t3+(1, 5))	3	336
(2981, 125, 807, t1) & (4703, 129, 4976, t2=t1+(0, 5)) & (4976, 6, 2981, t3=t2+(0, 8)) -> (2981, 125, 2981, t4=t3+(1, 6))	3	337
(2168, 175, 1227, t1) & (4874, 83, 4426, t2=t1+(0, 8)) & (2168, 46, 4426, t3=t2+(0, 5)) -> (1227, 175, 1227, t4=t3+(1, 4))	3	338
(1276, 27, 110, t1) & (3980, 145, 2571, t2=t1+(0, 5)) & (110, 167, 2571, t3=t2+(0, 3)) -> (2571, 145, 2571, t4=t3+(1, 3))	3	339
(2245, 95, 2002, t1) & (2269, 192, 1368, t2=t1+(0, 8)) & (2245, 45, 1368, t3=t2+(0, 7)) -> (1368, 192, 2002, t4=t3+(1, 3))	3	340
(4785, 10, 380, t1) & (699, 57, 884, t2=t1+(0, 3)) & (699, 71, 380, t3=t2+(0, 2)) -> (884, 10, 884, t4=t3+(1, 9))	3	341
(562, 58, 343, t1) & (2403, 116, 2668, t2=t1+(0, 7)) & (2668, 170, 343, t3=t2+(0, 4)) -> (343, 116, 562, t4=t3+(1, 4))	3	342
(3377, 60, 3733, t1) & (3720, 11, 1123, t2=t1+(0, 8)) & (1123, 99, 3733, t3=t2+(0, 5)) -> (3720, 60, 3733, t4=t3+(1, 4))	3	343
(4989, 186, 1005, t1) & (1218, 155, 1355, t2=t1+(0, 3)) & (1005, 174, 1355, t3=t2+(0, 6)) -> (1005, 186, 1355, t4=t3+(1, 3))	3	344
(414, 24, 2856, t1) & (3001, 76, 4751, t2=t1+(0, 2)) & (4751, 173, 414, t3=t2+(0, 8)) -> (414, 76, 414, t4=t3+(1, 2))	3	345
(648, 93, 4849, t1) & (2816, 84, 4518, t2=t1+(0, 6)) & (648, 41, 4518, t3=t2+(0, 7)) -> (648, 41, 4518, t4=t3+(1, 4))	3	346
(3916, 158, 905, t1) & (208, 134, 4016, t2=t1+(0, 7)) & (3916, 189, 4016, t3=t2+(0, 4)) -> (3916, 189, 905, t4=t3+(1, 4))	3	347
(2328, 145, 2419, t1) & (4276, 126, 781, t2=t1+(0, 4)) & (4276, 15, 2419, t3=t2+(0, 3)) -> (4276, 145, 2419, t4=t3+(1, 4))	3	348
(4978, 8, 2279, t1) & (246, 45, 3677, t2=t1+(0, 9)) & (2279, 152, 246, t3=t2+(0, 3)) -> (4978, 8, 246, t4=t3+(1, 4))	3	349
(2860, 35, 3242, t1) & (2789, 137, 2075, t2=t1+(0, 9)) & (3242, 178, 2075, t3=t2+(0, 8)) -> (3242, 35, 2075, t4=t3+(1, 4))	3	350
(1217, 166, 1355, t1) & (421, 115, 2293, t2=t1+(0, 8)) & (1217, 61, 421, t3=t2+(0, 7)) -> (421, 61, 2293, t4=t3+(1, 3))	3	351
(3825, 115, 4053, t1) & (733, 80, 282, t2=t1+(0, 3)) & (4053, 20, 733, t3=t2+(0, 8)) -> (733, 115, 282, t4=t3+(1, 8))	3	352
(1649, 25, 664, t1) & (37, 168, 4848, t2=t1+(0, 5)) & (37, 94, 1649, t3=t2+(0, 5)) -> (37, 25, 37, t4=t3+(1, 7))	3	353
(4887, 134, 4014, t1) & (2162, 182, 496, t2=t1+(0, 4)) & (2162, 145, 4887, t3=t2+(0, 4)) -> (496, 182, 4887, t4=t3+(1, 7))	3	354
(3496, 111, 332, t1) & (1562, 69, 224, t2=t1+(0, 6)) & (1562, 84, 3496, t3=t2+(0, 2)) -> (3496, 69, 1562, t4=t3+(1, 4))	3	355
(3226, 145, 2755, t1) & (1437, 22, 3646, t2=t1+(0, 4)) & (3646, 32, 2755, t3=t2+(0, 4)) -> (3646, 32, 2755, t4=t3+(1, 4))	3	356
(4346, 113, 4345, t1) & (3140, 153, 1336, t2=t1+(0, 3)) & (3140, 195, 4346, t3=t2+(0, 1)) -> (4346, 113, 4345, t4=t3+(1, 6))	3	357
(1845, 146, 3033, t1) & (3331, 73, 3692, t2=t1+(0, 4)) & (1845, 96, 3692, t3=t2+(0, 5)) -> (1845, 96, 3331, t4=t3+(1, 8))	3	358
(3267, 196, 2877, t1) & (3631, 47, 2034, t2=t1+(0, 7)) & (2877, 101, 2034, t3=t2+(0, 7)) -> (2877, 196, 2877, t4=t3+(1, 6))	3	359
(2144, 182, 512, t1) & (993, 168, 3129, t2=t1+(0, 5)) & (993, 76, 2144, t3=t2+(0, 6)) -> (2144, 76, 993, t4=t3+(1, 2))	3	360
(4636, 119, 4813, t1) & (4298, 67, 617, t2=t1+(0, 9)) & (4298, 187, 4636, t3=t2+(0, 7)) -> (4636, 119, 4636, t4=t3+(1, 4))	3	361
(4493, 100, 993, t1) & (1486, 54, 862, t2=t1+(0, 3)) & (862, 33, 993, t3=t2+(0, 8)) -> (862, 54, 4493, t4=t3+(1, 3))	3	362
(2597, 5, 3864, t1) & (669, 51, 4561, t2=t1+(0, 5)) & (4561, 184, 3864, t3=t2+(0, 6)) -> (2597, 184, 3864, t4=t3+(1, 3))	3	363
(2587, 48, 1841, t1) & (2723, 123, 579, t2=t1+(0, 8)) & (2587, 79, 579, t3=t2+(0, 5)) -> (2587, 123, 2587, t4=t3+(1, 5))	3	364
(3271, 168, 4726, t1) & (2093, 126, 4268, t2=t1+(0, 8)) & (4268, 58, 4726, t3=t2+(0, 5)) -> (4726, 126, 4726, t4=t3+(1, 6))	3	365
(2822, 66, 2687, t1) & (4517, 128, 3432, t2=t1+(0, 3)) & (3432, 7, 2687, t3=t2+(0, 4)) -> (3432, 128, 2687, t4=t3+(1, 1))	3	366
(1264, 87, 844, t1) & (3059, 1, 3431, t2=t1+(0, 4)) & (3431, 8, 1264, t3=t2+(0, 8)) -> (3431, 1, 3431, t4=t3+(1, 3))	3	367
(4019, 187, 663, t1) & (3580, 73, 154, t2=t1+(0, 2)) & (3580, 25, 4019, t3=t2+(0, 6)) -> (154, 187, 3580, t4=t3+(1, 3))	3	368
(806, 68, 2965, t1) & (2941, 184, 981, t2=t1+(0, 6)) & (806, 123, 2941, t3=t2+(0, 7)) -> (2965, 123, 981, t4=t3+(1, 5))	3	369
(2725, 45, 71, t1) & (2046, 174, 4445, t2=t1+(0, 5)) & (71, 31, 2046, t3=t2+(0, 7)) -> (71, 174, 2725, t4=t3+(1, 3))	3	370
(3431, 72, 3024, t1) & (2704, 55, 4643, t2=t1+(0, 6)) & (2704, 37, 3431, t3=t2+(0, 1)) -> (3024, 55, 2704, t4=t3+(1, 6))	3	371
(830, 92, 1850, t1) & (153, 107, 4425, t2=t1+(0, 5)) & (830, 34, 4425, t3=t2+(0, 8)) -> (1850, 92, 830, t4=t3+(1, 1))	3	372
(2461, 152, 454, t1) & (2163, 148, 760, t2=t1+(0, 5)) & (454, 164, 760, t3=t2+(0, 6)) -> (454, 148, 760, t4=t3+(1, 6))	3	373
(3734, 31, 1913, t1) & (2665, 103, 4702, t2=t1+(0, 6)) & (2665, 81, 3734, t3=t2+(0, 8)) -> (4702, 81, 4702, t4=t3+(1, 4))	3	374
(523, 35, 2281, t1) & (1209, 142, 995, t2=t1+(0, 9)) & (995, 128, 2281, t3=t2+(0, 9)) -> (2281, 142, 2281, t4=t3+(1, 8))	3	375
(558, 146, 2303, t1) & (4118, 195, 3037, t2=t1+(0, 6)) & (3037, 73, 2303, t3=t2+(0, 5)) -> (558, 146, 2303, t4=t3+(1, 6))	3	376
(305, 83, 2769, t1) & (3237, 79, 1338, t2=t1+(0, 6)) & (305, 194, 1338, t3=t2+(0, 10)) -> (2769, 194, 3237, t4=t3+(1, 3))	3	377
(2149, 182, 3789, t1) & (2745, 167, 2553, t2=t1+(0, 7)) & (2745, 133, 2149, t3=t2+(0, 3)) -> (2745, 182, 2553, t4=t3+(1, 8))	3	378
(4946, 75, 1431, t1) & (185, 140, 1221, t2=t1+(0, 6)) & (185, 25, 4946, t3=t2+(0, 2)) -> (1431, 140, 185, t4=t3+(1, 10))	3	379
(330, 167, 4045, t1) & (3973, 111, 2953, t2=t1+(0, 3)) & (330, 67, 2953, t3=t2+(0, 4)) -> (2953, 167, 2953, t4=t3+(1, 1))	3	380
(966, 50, 2209, t1) & (4114, 175, 4981, t2=t1+(0, 6)) & (4981, 95, 2209, t3=t2+(0, 0)) -> (2209, 175, 966, t4=t3+(1, 3))	3	381
(871, 55, 4834, t1) & (600, 68, 3323, t2=t1+(0, 4)) & (600, 150, 4834, t3=t2+(0, 5)) -> (3323, 150, 871, t4=t3+(1, 2))	3	382
(1553, 25, 1905, t1) & (4459, 23, 2256, t2=t1+(0, 7)) & (2256, 40, 1905, t3=t2+(0, 5)) -> (4459, 23, 1905, t4=t3+(1, 6))	3	383
(1348, 129, 4229, t1) & (2539, 20, 3966, t2=t1+(0, 6)) & (4229, 113, 2539, t3=t2+(0, 6)) -> (1348, 113, 4229, t4=t3+(1, 6))	3	384
(3555, 131, 2810, t1) & (1992, 47, 1925, t2=t1+(0, 6)) & (1992, 16, 3555, t3=t2+(0, 2)) -> (3555, 47, 1992, t4=t3+(1, 2))	3	385
(4708, 99, 1852, t1) & (1003, 107, 3533, t2=t1+(0, 6)) & (3533, 96, 4708, t3=t2+(0, 6)) -> (4708, 107, 1003, t4=t3+(1, 3))	3	386
(1707, 169, 2928, t1) & (4177, 176, 1833, t2=t1+(0, 4)) & (4177, 60, 1707, t3=t2+(0, 4)) -> (1707, 176, 1707, t4=t3+(1, 1))	3	387
(1076, 91, 1809, t1) & (4083, 73, 4901, t2=t1+(0, 12)) & (1809, 6, 4901, t3=t2+(0, 4)) -> (1809, 73, 4901, t4=t3+(1, 8))	3	388
(3566, 26, 2472, t1) & (3174, 99, 2909, t2=t1+(0, 9)) & (3566, 154, 2909, t3=t2+(0, 5)) -> (3566, 154, 2472, t4=t3+(1, 6))	3	389
(2486, 132, 208, t1) & (4658, 109, 1500, t2=t1+(0, 5)) & (208, 149, 1500, t3=t2+(0, 9)) -> (4658, 149, 2486, t4=t3+(1, 5))	3	390
(4967, 138, 3135, t1) & (2562, 76, 2542, t2=t1+(0, 6)) & (2562, 167, 4967, t3=t2+(0, 2)) -> (2562, 138, 2542, t4=t3+(1, 3))	3	391
(1275, 15, 3843, t1) & (3452, 87, 3266, t2=t1+(0, 0)) & (1275, 141, 3266, t3=t2+(0, 4)) -> (3266, 141, 1275, t4=t3+(1, 3))	3	392
(4517, 107, 2525, t1) & (1167, 189, 832, t2=t1+(0, 8)) & (4517, 5, 832, t3=t2+(0, 6)) -> (2525, 189, 832, t4=t3+(1, 4))	3	393
(2867, 81, 3382, t1) & (3105, 24, 331, t2=t1+(0, 3)) & (2867, 133, 3105, t3=t2+(0, 5)) -> (3382, 133, 3105, t4=t3+(1, 2))	3	394
(2660, 103, 3088, t1) & (3781, 91, 4659, t2=t1+(0, 2)) & (3088, 81, 3781, t3=t2+(0, 7)) -> (3781, 103, 3781, t4=t3+(1, 4))	3	395
(1296, 166, 2915, t1) & (3759, 108, 1840, t2=t1+(0, 2)) & (1840, 18, 1296, t3=t2+(0, 6)) -> (1296, 18, 2915, t4=t3+(1, 3))	3	396
(1088, 199, 1174, t1) & (2219, 70, 4732, t2=t1+(0, 2)) & (1088, 123, 2219, t3=t2+(0, 2)) -> (2219, 70, 2219, t4=t3+(1, 2))	3	397
(4553, 118, 2532, t1) & (3737, 104, 2489, t2=t1+(0, 5)) & (2489, 70, 4553, t3=t2+(0, 1)) -> (4553, 104, 4553, t4=t3+(1, 7))	3	398
(464, 39, 4910, t1) & (1529, 139, 4830, t2=t1+(0, 3)) & (4910, 71, 1529, t3=t2+(0, 5)) -> (4910, 71, 464, t4=t3+(1, 4))	3	399
(1743, 180, 2102, t1) & (4824, 42, 1743, t2=t1+(0, 6)) -> (2102, 42, 4824, t3=t2+(1, 7))	2	400
(4170, 59, 3864, t1) & (22, 126, 3864, t2=t1+(0, 7)) -> (3864, 126, 4170, t3=t2+(1, 6))	2	401
(3014, 13, 686, t1) & (686, 170, 3343, t2=t1+(0, 4)) -> (3014, 170, 3014, t3=t2+(1, 4))	2	402
(1760, 14, 1594, t1) & (2544, 190, 1594, t2=t1+(0, 11)) -> (1760, 14, 1594, t3=t2+(1, 5))	2	403
(2491, 0, 3333, t1) & (3333, 114, 3333, t2=t1+(0, 1)) -> (3333, 0, 2491, t3=t2+(1, 1))	2	404
(2863, 63, 622, t1) & (2863, 157, 1713, t2=t1+(0, 5)) -> (2863, 63, 2863, t3=t2+(1, 1))	2	405
(37, 136, 4814, t1) & (4814, 35, 37, t2=t1+(0, 9)) -> (37, 35, 4814, t3=t2+(1, 8))	2	406
(4123, 195, 397, t1) & (1645, 6, 397, t2=t1+(0, 5)) -> (397, 6, 397, t3=t2+(1, 6))	2	407
(3675, 55, 186, t1) & (3675, 120, 1268, t2=t1+(0, 4)) -> (3675, 55, 3675, t3=t2+(1, 4))	2	408
(340, 160, 561, t1) & (1943, 103, 561, t2=t1+(0, 5)) -> (561, 160, 340, t3=t2+(1, 3))	2	409
(3628, 142, 2917, t1) & (347, 177, 2917, t2=t1+(0, 2)) -> (2917, 177, 2917, t3=t2+(1, 3))	2	410
(2030, 62, 4158, t1) & (4158, 152, 4158, t2=t1+(0, 2)) -> (4158, 62, 4158, t3=t2+(1, 3))	2	411
(1735, 0, 3605, t1) & (2794, 140, 3605, t2=t1+(0, 3)) -> (3605, 140, 3605, t3=t2+(1, 5))	2	412
(498, 142, 251, t1) & (251, 73, 251, t2=t1+(0, 3)) -> (251, 73, 498, t3=t2+(1, 2))	2	413
(3930, 22, 1185, t1) & (1185, 32, 3643, t2=t1+(0, 5)) -> (1185, 32, 3643, t3=t2+(1, 2))	2	414
(815, 39, 2861, t1) & (894, 116, 2861, t2=t1+(0, 3)) -> (2861, 116, 815, t3=t2+(1, 4))	2	415
(183, 176, 3121, t1) & (3121, 185, 183, t2=t1+(0, 4)) -> (183, 176, 3121, t3=t2+(1, 2))	2	416
(2470, 28, 2615, t1) & (2615, 6, 2470, t2=t1+(0, 7)) -> (2615, 6, 2615, t3=t2+(1, 7))	2	417
(2350, 20, 1934, t1) & (2350, 36, 4678, t2=t1+(0, 2)) -> (2350, 20, 1934, t3=t2+(1, 8))	2	418
(114, 147, 825, t1) & (825, 80, 1267, t2=t1+(0, 5)) -> (825, 80, 1267, t3=t2+(1, 9))	2	419
(306, 98, 2425, t1) & (306, 98, 3274, t2=t1+(0, 3)) -> (3274, 98, 3274, t3=t2+(1, 9))	2	420
(3569, 132, 2953, t1) & (2953, 56, 2953, t2=t1+(0, 4)) -> (3569, 56, 3569, t3=t2+(1, 5))	2	421
(3717, 73, 4842, t1) & (3910, 134, 4842, t2=t1+(0, 5)) -> (3910, 134, 4842, t3=t2+(1, 4))	2	422
(782, 134, 1149, t1) & (1556, 125, 1149, t2=t1+(0, 9)) -> (782, 134, 1149, t3=t2+(1, 11))	2	423
(734, 35, 3386, t1) & (734, 10, 1801, t2=t1+(0, 10)) -> (3386, 35, 1801, t3=t2+(1, 4))	2	424
(2417, 3, 74, t1) & (74, 61, 3517, t2=t1+(0, 7)) -> (74, 61, 74, t3=t2+(1, 8))	2	425
(1563, 161, 1838, t1) & (1571, 139, 1838, t2=t1+(0, 6)) -> (1571, 139, 1571, t3=t2+(1, 9))	2	426
(4357, 45, 1367, t1) & (1367, 32, 3200, t2=t1+(0, 8)) -> (1367, 32, 1367, t3=t2+(1, 3))	2	427
(1838, 46, 1082, t1) & (1082, 136, 1082, t2=t1+(0, 4)) -> (1082, 136, 1082, t3=t2+(1, 4))	2	428
(1095, 170, 430, t1) & (4071, 146, 1095, t2=t1+(0, 6)) -> (4071, 170, 1095, t3=t2+(1, 4))	2	429
(2973, 167, 3619, t1) & (2973, 145, 1430, t2=t1+(0, 7)) -> (2973, 167, 2973, t3=t2+(1, 2))	2	430
(4347, 49, 1400, t1) & (4347, 93, 1400, t2=t1+(0, 11)) -> (4347, 93, 1400, t3=t2+(1, 6))	2	431
(3413, 45, 4470, t1) & (3413, 35, 3413, t2=t1+(0, 9)) -> (3413, 35, 4470, t3=t2+(1, 8))	2	432
(174, 125, 420, t1) & (420, 23, 3964, t2=t1+(0, 7)) -> (174, 23, 420, t3=t2+(1, 4))	2	433
(1299, 22, 2960, t1) & (2960, 138, 2960, t2=t1+(0, 4)) -> (2960, 22, 2960, t3=t2+(1, 7))	2	434
(3219, 166, 737, t1) & (737, 129, 4199, t2=t1+(0, 3)) -> (3219, 166, 737, t3=t2+(1, 8))	2	435
(3087, 199, 448, t1) & (3087, 96, 448, t2=t1+(0, 5)) -> (448, 199, 3087, t3=t2+(1, 6))	2	436
(2664, 153, 3250, t1) & (2664, 24, 2664, t2=t1+(0, 5)) -> (2664, 153, 3250, t3=t2+(1, 10))	2	437
(878, 71, 4911, t1) & (4911, 99, 878, t2=t1+(0, 4)) -> (878, 99, 4911, t3=t2+(1, 5))	2	438
(2524, 126, 3642, t1) & (356, 176, 3642, t2=t1+(0, 9)) -> (2524, 126, 3642, t3=t2+(1, 3))	2	439
(147, 47, 4804, t1) & (4804, 154, 2972, t2=t1+(0, 7)) -> (2972, 47, 147, t3=t2+(1, 2))	2	440
(4479, 116, 3196, t1) & (3196, 46, 3196, t2=t1+(0, 6)) -> (3196, 46, 3196, t3=t2+(1, 5))	2	441
(3621, 19, 4489, t1) & (4489, 40, 3804, t2=t1+(0, 4)) -> (4489, 19, 3804, t3=t2+(1, 6))	2	442
(4239, 90, 1502, t1) & (4239, 157, 1502, t2=t1+(0, 3)) -> (4239, 157, 1502, t3=t2+(1, 7))	2	443
(1339, 71, 4449, t1) & (1339, 67, 1339, t2=t1+(0, 3)) -> (4449, 67, 4449, t3=t2+(1, 10))	2	444
(1770, 17, 4690, t1) & (4690, 6, 3780, t2=t1+(0, 5)) -> (1770, 17, 4690, t3=t2+(1, 5))	2	445
(2747, 8, 3484, t1) & (3484, 56, 3957, t2=t1+(0, 4)) -> (3484, 8, 3484, t3=t2+(1, 6))	2	446
(3979, 174, 2774, t1) & (2774, 55, 4028, t2=t1+(0, 5)) -> (2774, 174, 2774, t3=t2+(1, 4))	2	447
(692, 115, 1894, t1) & (98, 127, 1894, t2=t1+(0, 6)) -> (692, 115, 1894, t3=t2+(1, 2))	2	448
(813, 87, 4755, t1) & (813, 175, 4755, t2=t1+(0, 5)) -> (4755, 175, 4755, t3=t2+(1, 6))	2	449
(1135, 75, 4422, t1) & (1135, 103, 1135, t2=t1+(0, 5)) -> (4422, 103, 1135, t3=t2+(1, 5))	2	450
(497, 137, 2934, t1) & (2934, 18, 2183, t2=t1+(0, 7)) -> (2934, 18, 2934, t3=t2+(1, 6))	2	451
(1546, 14, 4371, t1) & (2485, 121, 1546, t2=t1+(0, 8)) -> (2485, 121, 2485, t3=t2+(1, 2))	2	452
(3968, 108, 2162, t1) & (3461, 151, 2162, t2=t1+(0, 3)) -> (2162, 108, 2162, t3=t2+(1, 5))	2	453
(789, 4, 241, t1) & (789, 163, 19, t2=t1+(0, 7)) -> (789, 163, 789, t3=t2+(1, 7))	2	454
(3590, 64, 640, t1) & (3590, 68, 1502, t2=t1+(0, 6)) -> (1502, 68, 1502, t3=t2+(1, 5))	2	455
(2089, 100, 293, t1) & (293, 92, 2622, t2=t1+(0, 1)) -> (293, 100, 2622, t3=t2+(1, 5))	2	456
(1590, 7, 1779, t1) & (1590, 51, 2030, t2=t1+(0, 6)) -> (1590, 7, 1779, t3=t2+(1, 5))	2	457
(4477, 120, 4921, t1) & (4477, 145, 4584, t2=t1+(0, 4)) -> (4921, 120, 4477, t3=t2+(1, 2))	2	458
(4169, 186, 2097, t1) & (4169, 75, 4169, t2=t1+(0, 5)) -> (4169, 75, 4169, t3=t2+(1, 9))	2	459
(532, 48, 4227, t1) & (532, 119, 4227, t2=t1+(0, 2)) -> (4227, 119, 532, t3=t2+(1, 3))	2	460
(3698, 96, 2871, t1) & (3698, 90, 4516, t2=t1+(0, 7)) -> (4516, 90, 4516, t3=t2+(1, 8))	2	461
(4908, 15, 4415, t1) & (4908, 5, 4415, t2=t1+(0, 7)) -> (4908, 15, 4415, t3=t2+(1, 5))	2	462
(3994, 188, 1294, t1) & (1294, 198, 1294, t2=t1+(0, 5)) -> (1294, 198, 1294, t3=t2+(1, 7))	2	463
(2494, 60, 289, t1) & (4338, 140, 289, t2=t1+(0, 4)) -> (289, 60, 289, t3=t2+(1, 4))	2	464
(3362, 33, 615, t1) & (615, 80, 615, t2=t1+(0, 4)) -> (615, 80, 615, t3=t2+(1, 6))	2	465
(2780, 89, 2074, t1) & (2780, 121, 2074, t2=t1+(0, 3)) -> (2780, 89, 2074, t3=t2+(1, 5))	2	466
(3400, 155, 131, t1) & (538, 165, 3400, t2=t1+(0, 3)) -> (3400, 165, 3400, t3=t2+(1, 3))	2	467
(3703, 199, 2044, t1) & (2044, 77, 3703, t2=t1+(0, 6)) -> (3703, 199, 3703, t3=t2+(1, 5))	2	468
(2599, 151, 4014, t1) & (4014, 20, 2542, t2=t1+(0, 4)) -> (2542, 20, 4014, t3=t2+(1, 6))	2	469
(3644, 67, 4406, t1) & (3644, 172, 3644, t2=t1+(0, 6)) -> (3644, 67, 3644, t3=t2+(1, 5))	2	470
(643, 104, 810, t1) & (1442, 155, 643, t2=t1+(0, 9)) -> (1442, 104, 810, t3=t2+(1, 5))	2	471
(2312, 93, 2198, t1) & (2312, 174, 3244, t2=t1+(0, 5)) -> (3244, 174, 2198, t3=t2+(1, 4))	2	472
(1465, 123, 3157, t1) & (1465, 158, 1737, t2=t1+(0, 4)) -> (3157, 158, 1465, t3=t2+(1, 9))	2	473
(1121, 32, 962, t1) & (1121, 117, 1176, t2=t1+(0, 6)) -> (1121, 32, 1121, t3=t2+(1, 7))	2	474
(767, 74, 4160, t1) & (2473, 149, 4160, t2=t1+(0, 8)) -> (4160, 149, 2473, t3=t2+(1, 3))	2	475
(3178, 119, 4250, t1) & (4543, 92, 3178, t2=t1+(0, 5)) -> (3178, 92, 4543, t3=t2+(1, 6))	2	476
(901, 149, 109, t1) & (901, 115, 323, t2=t1+(0, 5)) -> (901, 149, 109, t3=t2+(1, 6))	2	477
(4856, 28, 4202, t1) & (1111, 159, 4202, t2=t1+(0, 6)) -> (4202, 28, 1111, t3=t2+(1, 1))	2	478
(4665, 33, 47, t1) & (4665, 89, 4665, t2=t1+(0, 7)) -> (47, 33, 4665, t3=t2+(1, 5))	2	479
(913, 38, 388, t1) & (913, 40, 2318, t2=t1+(0, 4)) -> (2318, 40, 2318, t3=t2+(1, 6))	2	480
(4104, 172, 4672, t1) & (548, 27, 4104, t2=t1+(0, 1)) -> (548, 27, 4672, t3=t2+(1, 5))	2	481
(732, 172, 557, t1) & (557, 47, 4733, t2=t1+(0, 5)) -> (4733, 47, 557, t3=t2+(1, 9))	2	482
(490, 4, 3822, t1) & (3822, 195, 1270, t2=t1+(0, 4)) -> (1270, 4, 490, t3=t2+(1, 5))	2	483
(1911, 23, 746, t1) & (1853, 92, 1911, t2=t1+(0, 8)) -> (1853, 23, 1911, t3=t2+(1, 4))	2	484
(1984, 188, 3800, t1) & (3800, 3, 3377, t2=t1+(0, 5)) -> (3377, 188, 3377, t3=t2+(1, 7))	2	485
(1509, 185, 2782, t1) & (4997, 88, 1509, t2=t1+(0, 3)) -> (1509, 88, 2782, t3=t2+(1, 5))	2	486
(1885, 99, 2769, t1) & (1154, 68, 2769, t2=t1+(0, 7)) -> (2769, 99, 2769, t3=t2+(1, 3))	2	487
(2896, 190, 2036, t1) & (2036, 30, 2156, t2=t1+(0, 3)) -> (2036, 30, 2156, t3=t2+(1, 4))	2	488
(1978, 17, 4906, t1) & (1978, 155, 3017, t2=t1+(0, 7)) -> (1978, 155, 4906, t3=t2+(1, 11))	2	489
(577, 17, 404, t1) & (2115, 19, 404, t2=t1+(0, 7)) -> (404, 17, 404, t3=t2+(1, 4))	2	490
(2140, 74, 487, t1) & (487, 107, 2198, t2=t1+(0, 5)) -> (2140, 107, 2140, t3=t2+(1, 5))	2	491
(1078, 48, 3846, t1) & (1282, 99, 3846, t2=t1+(0, 3)) -> (1078, 48, 1282, t3=t2+(1, 1))	2	492
(1582, 15, 4508, t1) & (4508, 146, 1582, t2=t1+(0, 6)) -> (4508, 15, 1582, t3=t2+(1, 7))	2	493
(1472, 183, 4242, t1) & (4242, 128, 547, t2=t1+(0, 8)) -> (1472, 183, 547, t3=t2+(1, 4))	2	494
(4021, 120, 38, t1) & (4021, 186, 1844, t2=t1+(0, 3)) -> (4021, 186, 1844, t3=t2+(1, 2))	2	495
(1678, 90, 4750, t1) & (1678, 16, 1678, t2=t1+(0, 5)) -> (1678, 16, 1678, t3=t2+(1, 2))	2	496
(3505, 16, 332, t1) & (332, 62, 3505, t2=t1+(0, 8)) -> (332, 16, 332, t3=t2+(1, 4))	2	497
(2752, 183, 439, t1) & (2752, 61, 4091, t2=t1+(0, 6)) -> (2752, 61, 4091, t3=t2+(1, 3))	2	498
(215, 98, 1479, t1) & (1479, 108, 2364, t2=t1+(0, 4)) -> (1479, 98, 1479, t3=t2+(1, 9))	2	499
(4315, 11, 111, t1) -> (111, 11, 111, t2=t1+(1, 3))	1	500
(1378, 84, 1842, t1) -> (1378, 84, 1842, t2=t1+(1, 1))	1	501
(351, 55, 3192, t1) -> (3192, 55, 351, t2=t1+(1, 3))	1	502
(448, 156, 3082, t1) -> (448, 156, 3082, t2=t1+(1, 4))	1	503
(1915, 165, 765, t1) -> (765, 165, 1915, t2=t1+(1, 5))	1	504
(3545, 78, 2585, t1) -> (2585, 78, 3545, t2=t1+(1, 9))	1	505
(2301, 86, 132, t1) -> (2301, 86, 2301, t2=t1+(1, 6))	1	506
(3837, 183, 826, t1) -> (826, 183, 3837, t2=t1+(1, 3))	1	507
(1697, 194, 1684, t1) -> (1684, 194, 1697, t2=t1+(1, 7))	1	508
(226, 92, 1605, t1) -> (1605, 92, 226, t2=t1+(1, 5))	1	509
(2085, 84, 3770, t1) -> (2085, 84, 3770, t2=t1+(1, 6))	1	510
(2493, 4, 3866, t1) -> (3866, 4, 3866, t2=t1+(1, 7))	1	511
(2982, 12, 4517, t1) -> (4517, 12, 4517, t2=t1+(1, 2))	1	512
(0, 83, 1682, t1) -> (1682, 83, 1682, t2=t1+(1, 2))	1	513
(4874, 30, 4484, t1) -> (4874, 30, 4484, t2=t1+(1, 2))	1	514
(1963, 67, 2639, t1) -> (2639, 67, 2639, t2=t1+(1, 6))	1	515
(3546, 121, 854, t1) -> (3546, 121, 854, t2=t1+(1, 2))	1	516
(756, 69, 3099, t1) -> (3099, 69, 756, t2=t1+(1, 6))	1	517
(2067, 78, 528, t1) -> (528, 78, 528, t2=t1+(1, 2))	1	518
(1288, 181, 4845, t1) -> (4845, 181, 1288, t2=t1+(1, 6))	1	519
(4032, 52, 3514, t1) -> (4032, 52, 4032, t2=t1+(1, 5))	1	520
(1181, 65, 2998, t1) -> (2998, 65, 1181, t2=t1+(1, 9))	1	521
(2799, 104, 2483, t1) -> (2799, 104, 2799, t2=t1+(1, 4))	1	522
(4364, 35, 3216, t1) -> (4364, 35, 3216, t2=t1+(1, 6))	1	523
(2051, 10, 4229, t1) -> (2051, 10, 4229, t2=t1+(1, 4))	1	524
