(3537, 145, 4759, t1) & (1586, 20, 3725, t2=t1+(0, 1)) & (4759, 161, 1586, t3=t2+(0, 0)) -> (4759, 145, 1586, t4=t3+(1, 3))	3	0
(2421, 5, 2086, t1) & (2924, 96, 3448, t2=t1+(0, 6)) & (2421, 14, 3448, t3=t2+(0, 5)) -> (2421, 14, 2924, t4=t3+(1, 3))	3	1
(3070, 83, 1473, t1) & (4033, 90, 4908, t2=t1+(0, 7)) & (4908, 91, 3070, t3=t2+(0, 4)) -> (3070, 90, 1473, t4=t3+(1, 5))	3	2
(2728, 198, 4827, t1) & (3259, 64, 1675, t2=t1+(0, 3)) & (1675, 6, 2728, t3=t2+(0, 7)) -> (2728, 198, 2728, t4=t3+(1, 8))	3	3
(1465, 64, 1220, t1) & (1025, 9, 1908, t2=t1+(0, 4)) & (1465, 65, 1908, t3=t2+(0, 6)) -> (1465, 65, 1908, t4=t3+(1, 1))	3	4
(3743, 4, 3477, t1) & (2367, 15, 4207, t2=t1+(0, 9)) & (3477, 153, 4207, t3=t2+(0, 6)) -> (4207, 153, 4207, t4=t3+(1, 3))	3	5
(205, 38, 1919, t1) & (1789, 7, 3932, t2=t1+(0, 5)) & (1919, 157, 3932, t3=t2+(0, 7)) -> (1919, 7, 1919, t4=t3+(1, 6))	3	6
(1201, 112, 2215, t1) & (1302, 98, 4930, t2=t1+(0, 5)) & (1201, 127, 4930, t3=t2+(0, 5)) -> (1201, 98, 4930, t4=t3+(1, 2))	3	7
(4282, 198, 2531, t1) & (4596, 192, 2936, t2=t1+(0, 4)) & (4282, 161, 4596, t3=t2+(0, 4)) -> (4596, 192, 4282, t4=t3+(1, 3))	3	8
(1305, 97, 1925, t1) & (3399, 12, 893, t2=t1+(0, 5)) & (893, 58, 1305, t3=t2+(0, 6)) -> (893, 97, 1305, t4=t3+(1, 6))	3	9
(1257, 59, 2038, t1) & (1955, 142, 2523, t2=t1+(0, 6)) & (2038, 169, 1955, t3=t2+(0, 3)) -> (1257, 142, 2523, t4=t3+(1, 8))	3	10
(3702, 19, 4897, t1) & (1126, 188, 2544, t2=t1+(0, 7)) & (1126, 23, 4897, t3=t2+(0, 6)) -> (4897, 23, 4897, t4=t3+(1, 5))	3	11
(1186, 43, 2292, t1) & (4049, 147, 1237, t2=t1+(0, 4)) & (1237, 110, 2292, t3=t2+(0, 10)) -> (2292, 43, 1237, t4=t3+(1, 6))	3	12
(3107, 118, 1406, t1) & (2475, 24, 3268, t2=t1+(0, 3)) & (3268, 31, 3107, t3=t2+(0, 7)) -> (2475, 118, 3107, t4=t3+(1, 5))	3	13
(2178, 187, 1688, t1) & (1641, 88, 4006, t2=t1+(0, 4)) & (1688, 123, 1641, t3=t2+(0, 1)) -> (1688, 187, 1641, t4=t3+(1, 1))	3	14
(1020, 161, 522, t1) & (304, 144, 3605, t2=t1+(0, 4)) & (304, 118, 522, t3=t2+(0, 2)) -> (3605, 118, 522, t4=t3+(1, 4))	3	15
(3090, 29, 1454, t1) & (3321, 66, 433, t2=t1+(0, 4)) & (3090, 152, 433, t3=t2+(0, 3)) -> (433, 66, 3321, t4=t3+(1, 5))	3	16
(4233, 178, 4132, t1) & (675, 188, 4605, t2=t1+(0, 4)) & (675, 45, 4132, t3=t2+(0, 3)) -> (4605, 188, 4132, t4=t3+(1, 4))	3	17
(1493, 101, 4090, t1) & (2806, 128, 4404, t2=t1+(0, 4)) & (4090, 146, 4404, t3=t2+(0, 5)) -> (4090, 128, 4090, t4=t3+(1, 1))	3	18
(4405, 166, 4740, t1) & (3446, 81, 1445, t2=t1+(0, 3)) & (4740, 167, 1445, t3=t2+(0, 4)) -> (4740, 167, 1445, t4=t3+(1, 4))	3	19
(167, 106, 324, t1) & (4587, 95, 2811, t2=t1+(0, 4)) & (2811, 43, 167, t3=t2+(0, 9)) -> (4587, 43, 324, t4=t3+(1, 1))	3	20
(4372, 169, 2448, t1) & (3929, 176, 2849, t2=t1+(0, 5)) & (3929, 134, 4372, t3=t2+(0, 1)) -> (2849, 169, 3929, t4=t3+(1, 7))	3	21
(3876, 196, 2250, t1) & (2735, 18, 676, t2=t1+(0, 3)) & (2250, 129, 676, t3=t2+(0, 3)) -> (2250, 129, 3876, t4=t3+(1, 10))	3	22
(3641, 139, 2720, t1) & (2113, 95, 2750, t2=t1+(0, 6)) & (2720, 126, 2750, t3=t2+(0, 3)) -> (2720, 126, 2750, t4=t3+(1, 6))	3	23
(2298, 132, 703, t1) & (4889, 125, 3841, t2=t1+(0, 2)) & (4889, 88, 703, t3=t2+(0, 7)) -> (4889, 88, 2298, t4=t3+(1, 3))	3	24
(234, 48, 4047, t1) & (3642, 48, 2419, t2=t1+(0, 6)) & (234, 182, 3642, t3=t2+(0, 9)) -> (3642, 48, 3642, t4=t3+(1, 3))	3	25
(3271, 198, 2744, t1) & (2282, 23, 622, t2=t1+(0, 6)) & (3271, 19, 622, t3=t2+(0, 7)) -> (3271, 19, 3271, t4=t3+(1, 5))	3	26
(3902, 177, 1864, t1) & (3184, 51, 4595, t2=t1+(0, 5)) & (3902, 102, 4595, t3=t2+(0, 5)) -> (3902, 177, 4595, t4=t3+(1, 1))	3	27
(3792, 192, 3174, t1) & (657, 192, 2094, t2=t1+(0, 2)) & (2094, 126, 3792, t3=t2+(0, 4)) -> (2094, 126, 2094, t4=t3+(1, 2))	3	28
(768, 48, 4229, t1) & (4105, 68, 4447, t2=t1+(0, 5)) & (4105, 85, 768, t3=t2+(0, 5)) -> (768, 48, 768, t4=t3+(1, 5))	3	29
(1763, 165, 3366, t1) & (519, 120, 4827, t2=t1+(0, 9)) & (3366, 46, 4827, t3=t2+(0, 6)) -> (3366, 46, 519, t4=t3+(1, 4))	3	30
(2754, 88, 382, t1) & (3171, 45, 4709, t2=t1+(0, 4)) & (4709, 134, 382, t3=t2+(0, 6)) -> (382, 134, 382, t4=t3+(1, 5))	3	31
(960, 147, 4880, t1) & (2689, 72, 2621, t2=t1+(0, 3)) & (960, 116, 2621, t3=t2+(0, 6)) -> (960, 72, 4880, t4=t3+(1, 5))	3	32
(4251, 122, 1999, t1) & (1741, 27, 2754, t2=t1+(0, 4)) & (1741, 132, 4251, t3=t2+(0, 6)) -> (1999, 27, 4251, t4=t3+(1, 6))	3	33
(1406, 115, 2733, t1) & (3709, 21, 330, t2=t1+(0, 7)) & (3709, 9, 1406, t3=t2+(0, 10)) -> (1406, 115, 1406, t4=t3+(1, 10))	3	34
(4387, 194, 2160, t1) & (845, 118, 672, t2=t1+(0, 3)) & (845, 43, 4387, t3=t2+(0, 3)) -> (672, 118, 672, t4=t3+(1, 4))	3	35
(2642, 42, 1536, t1) & (3170, 88, 2131, t2=t1+(0, 4)) & (2642, 64, 3170, t3=t2+(0, 4)) -> (3170, 42, 3170, t4=t3+(1, 2))	3	36
(1549, 14, 4265, t1) & (4224, 166, 2411, t2=t1+(0, 8)) & (1549, 152, 2411, t3=t2+(0, 1)) -> (2411, 152, 2411, t4=t3+(1, 3))	3	37
(1622, 148, 442, t1) & (4041, 103, 3948, t2=t1+(0, 7)) & (3948, 105, 1622, t3=t2+(0, 7)) -> (1622, 105, 3948, t4=t3+(1, 6))	3	38
(2988, 113, 2624, t1) & (1521, 187, 2832, t2=t1+(0, 7)) & (2832, 153, 2988, t3=t2+(0, 6)) -> (2832, 113, 2832, t4=t3+(1, 4))	3	39
(3664, 61, 3964, t1) & (4074, 90, 4382, t2=t1+(0, 4)) & (3664, 105, 4382, t3=t2+(0, 4)) -> (4074, 90, 3664, t4=t3+(1, 5))	3	40
(3421, 51, 3030, t1) & (2185, 2, 2691, t2=t1+(0, 3)) & (2691, 150, 3421, t3=t2+(0, 4)) -> (2691, 51, 2691, t4=t3+(1, 4))	3	41
(870, 51, 4286, t1) & (2124, 62, 1736, t2=t1+(0, 4)) & (1736, 196, 870, t3=t2+(0, 4)) -> (870, 196, 870, t4=t3+(1, 7))	3	42
(1184, 181, 2014, t1) & (2038, 166, 3987, t2=t1+(0, 4)) & (2038, 43, 2014, t3=t2+(0, 4)) -> (2038, 166, 2014, t4=t3+(1, 3))	3	43
(1065, 59, 3615, t1) & (482, 40, 1236, t2=t1+(0, 2)) & (1236, 6, 3615, t3=t2+(0, 6)) -> (1065, 6, 1236, t4=t3+(1, 4))	3	44
(1271, 44, 870, t1) & (2621, 126, 1186, t2=t1+(0, 6)) & (870, 46, 2621, t3=t2+(0, 5)) -> (1186, 44, 2621, t4=t3+(1, 7))	3	45
(3990, 149, 1133, t1) & (1528, 106, 4118, t2=t1+(0, 5)) & (1528, 123, 1133, t3=t2+(0, 4)) -> (4118, 123, 4118, t4=t3+(1, 7))	3	46
(3216, 5, 2711, t1) & (2372, 164, 4041, t2=t1+(0, 9)) & (3216, 129, 4041, t3=t2+(0, 6)) -> (3216, 164, 2372, t4=t3+(1, 4))	3	47
(4256, 77, 3032, t1) & (4477, 66, 111, t2=t1+(0, 6)) & (4477, 180, 4256, t3=t2+(0, 3)) -> (4477, 66, 3032, t4=t3+(1, 4))	3	48
(2733, 48, 984, t1) & (3414, 193, 3082, t2=t1+(0, 10)) & (2733, 126, 3082, t3=t2+(0, 2)) -> (2733, 126, 3414, t4=t3+(1, 3))	3	49
(1392, 65, 3105, t1) & (1893, 131, 3105, t2=t1+(0, 3)) -> (1893, 65, 3105, t3=t2+(1, 3))	2	50
(4037, 136, 4254, t1) & (4254, 67, 4037, t2=t1+(0, 3)) -> (4254, 136, 4037, t3=t2+(1, 8))	2	51
(2267, 126, 2776, t1) & (2776, 113, 2776, t2=t1+(0, 6)) -> (2776, 113, 2776, t3=t2+(1, 3))	2	52
(2789, 128, 4042, t1) & (2789, 34, 2809, t2=t1+(0, 6)) -> (2789, 128, 4042, t3=t2+(1, 4))	2	53
(3641, 107, 4974, t1) & (1522, 172, 4974, t2=t1+(0, 3)) -> (1522, 172, 4974, t3=t2+(1, 6))	2	54
(3963, 84, 1662, t1) & (1662, 35, 3963, t2=t1+(0, 5)) -> (1662, 84, 3963, t3=t2+(1, 4))	2	55
(194, 20, 328, t1) & (328, 170, 328, t2=t1+(0, 6)) -> (328, 20, 328, t3=t2+(1, 3))	2	56
(3492, 107, 2343, t1) & (4115, 16, 3492, t2=t1+(0, 11)) -> (3492, 16, 3492, t3=t2+(1, 7))	2	57
(3358, 86, 3595, t1) & (3595, 173, 2344, t2=t1+(0, 3)) -> (3595, 86, 3595, t3=t2+(1, 8))	2	58
(4944, 102, 2775, t1) & (2775, 115, 2017, t2=t1+(0, 5)) -> (2017, 102, 2775, t3=t2+(1, 4))	2	59
(1803, 122, 2373, t1) & (1803, 179, 1175, t2=t1+(0, 4)) -> (1803, 122, 1803, t3=t2+(1, 7))	2	60
(4246, 119, 594, t1) & (2800, 111, 594, t2=t1+(0, 8)) -> (4246, 111, 4246, t3=t2+(1, 4))	2	61
(3205, 78, 2428, t1) & (2428, 105, 3205, t2=t1+(0, 5)) -> (3205, 78, 3205, t3=t2+(1, 3))	2	62
(4914, 66, 1132, t1) & (4914, 31, 1132, t2=t1+(0, 2)) -> (1132, 31, 4914, t3=t2+(1, 5))	2	63
(4461, 134, 748, t1) & (748, 0, 748, t2=t1+(0, 0)) -> (748, 134, 4461, t3=t2+(1, 5))	2	64
(4847, 197, 2393, t1) & (4847, 65, 2393, t2=t1+(0, 2)) -> (4847, 65, 2393, t3=t2+(1, 4))	2	65
(2294, 190, 2707, t1) & (708, 27, 2294, t2=t1+(0, 8)) -> (2707, 27, 2294, t3=t2+(1, 7))	2	66
(2706, 9, 4774, t1) & (3831, 120, 2706, t2=t1+(0, 8)) -> (3831, 9, 3831, t3=t2+(1, 7))	2	67
(28, 180, 1227, t1) & (28, 105, 28, t2=t1+(0, 2)) -> (28, 180, 1227, t3=t2+(1, 4))	2	68
(2669, 1, 4115, t1) & (4115, 22, 2322, t2=t1+(0, 6)) -> (4115, 22, 2669, t3=t2+(1, 3))	2	69
(3715, 133, 3785, t1) & (3785, 37, 3785, t2=t1+(0, 6)) -> (3785, 133, 3785, t3=t2+(1, 3))	2	70
(4413, 154, 829, t1) & (4413, 60, 829, t2=t1+(0, 6)) -> (829, 60, 829, t3=t2+(1, 6))	2	71
(2005, 158, 2568, t1) & (2005, 33, 3941, t2=t1+(0, 2)) -> (2005, 33, 2005, t3=t2+(1, 10))	2	72
(2955, 2, 715, t1) & (715, 82, 2202, t2=t1+(0, 2)) -> (2202, 82, 2955, t3=t2+(1, 2))	2	73
(4895, 106, 2528, t1) & (2528, 21, 549, t2=t1+(0, 1)) -> (2528, 106, 4895, t3=t2+(1, 1))	2	74
(3162, 193, 1228, t1) & (3162, 8, 1228, t2=t1+(0, 6)) -> (3162, 8, 3162, t3=t2+(1, 6))	2	75
(2490, 188, 662, t1) & (662, 51, 662, t2=t1+(0, 1)) -> (2490, 188, 662, t3=t2+(1, 4))	2	76
(4081, 74, 4495, t1) & (4495, 162, 4495, t2=t1+(0, 5)) -> (4495, 162, 4495, t3=t2+(1, 2))	2	77
(2025, 72, 1241, t1) & (1241, 38, 2025, t2=t1+(0, 6)) -> (2025, 38, 1241, t3=t2+(1, 6))	2	78
(1251, 38, 3749, t1) & (3280, 130, 1251, t2=t1+(0, 6)) -> (3280, 130, 3749, t3=t2+(1, 4))	2	79
(1037, 192, 4728, t1) & (4973, 138, 1037, t2=t1+(0, 7)) -> (4973, 192, 1037, t3=t2+(1, 5))	2	80
(3689, 71, 3168, t1) & (2271, 1, 3168, t2=t1+(0, 7)) -> (2271, 71, 2271, t3=t2+(1, 5))	2	81
(2813, 24, 1652, t1) & (2813, 127, 3524, t2=t1+(0, 6)) -> (2813, 127, 2813, t3=t2+(1, 7))	2	82
(1934, 166, 1185, t1) & (1934, 117, 2547, t2=t1+(0, 7)) -> (1934, 166, 1934, t3=t2+(1, 10))	2	83
(1754, 14, 1908, t1) & (1908, 80, 1908, t2=t1+(0, 8)) -> (1754, 14, 1908, t3=t2+(1, 4))	2	84
(2970, 57, 562, t1) & (3807, 36, 562, t2=t1+(0, 3)) -> (562, 57, 562, t3=t2+(1, 10))	2	85
(2204, 173, 1412, t1) & (1412, 110, 2921, t2=t1+(0, 4)) -> (1412, 173, 1412, t3=t2+(1, 7))	2	86
(1070, 88, 1963, t1) & (965, 198, 1963, t2=t1+(0, 5)) -> (1963, 88, 1963, t3=t2+(1, 3))	2	87
(1450, 178, 690, t1) & (1499, 143, 1450, t2=t1+(0, 3)) -> (1450, 178, 1450, t3=t2+(1, 7))	2	88
(1838, 69, 4339, t1) & (4339, 174, 4339, t2=t1+(0, 6)) -> (1838, 174, 4339, t3=t2+(1, 5))	2	89
(1153, 111, 4658, t1) & (2199, 173, 1153, t2=t1+(0, 4)) -> (2199, 111, 2199, t3=t2+(1, 7))	2	90
(2034, 2, 2295, t1) & (2295, 190, 888, t2=t1+(0, 6)) -> (888, 2, 2295, t3=t2+(1, 5))	2	91
(4456, 199, 4358, t1) & (4456, 181, 4456, t2=t1+(0, 2)) -> (4456, 181, 4358, t3=t2+(1, 7))	2	92
(1876, 82, 2038, t1) & (1581, 197, 1876, t2=t1+(0, 3)) -> (1876, 82, 1876, t3=t2+(1, 3))	2	93
(3807, 66, 1778, t1) & (1778, 127, 2670, t2=t1+(0, 4)) -> (1778, 66, 1778, t3=t2+(1, 3))	2	94
(1609, 184, 1375, t1) & (1609, 187, 1609, t2=t1+(0, 5)) -> (1609, 187, 1609, t3=t2+(1, 7))	2	95
(2428, 66, 2059, t1) & (2059, 45, 2428, t2=t1+(0, 6)) -> (2059, 66, 2059, t3=t2+(1, 6))	2	96
(1073, 154, 2003, t1) & (2935, 76, 2003, t2=t1+(0, 7)) -> (2003, 76, 2003, t3=t2+(1, 2))	2	97
(4495, 114, 3953, t1) & (3953, 199, 4495, t2=t1+(0, 6)) -> (3953, 199, 4495, t3=t2+(1, 5))	2	98
(544, 178, 1064, t1) & (544, 113, 1064, t2=t1+(0, 7)) -> (1064, 178, 1064, t3=t2+(1, 6))	2	99
(2137, 169, 3313, t1) & (561, 19, 3313, t2=t1+(0, 5)) -> (561, 19, 2137, t3=t2+(1, 5))	2	100
(3327, 107, 875, t1) & (875, 32, 3327, t2=t1+(0, 3)) -> (875, 32, 3327, t3=t2+(1, 7))	2	101
(684, 22, 2761, t1) & (684, 123, 4439, t2=t1+(0, 6)) -> (2761, 123, 684, t3=t2+(1, 3))	2	102
(4047, 17, 2271, t1) & (2271, 25, 4047, t2=t1+(0, 7)) -> (2271, 25, 2271, t3=t2+(1, 5))	2	103
(4000, 113, 1238, t1) & (1238, 103, 1238, t2=t1+(0, 8)) -> (4000, 113, 1238, t3=t2+(1, 8))	2	104
(921, 175, 1004, t1) & (1004, 120, 2571, t2=t1+(0, 5)) -> (2571, 175, 1004, t3=t2+(1, 8))	2	105
(1667, 90, 2557, t1) & (1667, 91, 1667, t2=t1+(0, 4)) -> (1667, 91, 2557, t3=t2+(1, 5))	2	106
(1439, 56, 4156, t1) & (1439, 112, 3271, t2=t1+(0, 8)) -> (4156, 56, 1439, t3=t2+(1, 7))	2	107
(4256, 14, 4199, t1) & (1330, 128, 4199, t2=t1+(0, 8)) -> (4199, 14, 4199, t3=t2+(1, 4))	2	108
(1435, 55, 1121, t1) & (750, 107, 1435, t2=t1+(0, 5)) -> (1435, 55, 1435, t3=t2+(1, 1))	2	109
(1744, 106, 1450, t1) & (1744, 108, 1450, t2=t1+(0, 5)) -> (1450, 108, 1450, t3=t2+(1, 6))	2	110
(364, 112, 2305, t1) & (2305, 198, 4927, t2=t1+(0, 1)) -> (2305, 112, 2305, t3=t2+(1, 2))	2	111
(2349, 37, 2823, t1) & (2823, 60, 3765, t2=t1+(0, 5)) -> (2823, 37, 3765, t3=t2+(1, 9))	2	112
(2809, 145, 132, t1) & (132, 108, 1952, t2=t1+(0, 5)) -> (2809, 108, 1952, t3=t2+(1, 5))	2	113
(3503, 48, 170, t1) & (1849, 190, 3503, t2=t1+(0, 7)) -> (170, 190, 3503, t3=t2+(1, 8))	2	114
(2178, 178, 4172, t1) & (4172, 9, 86, t2=t1+(0, 4)) -> (4172, 9, 4172, t3=t2+(1, 3))	2	115
(1168, 24, 4477, t1) & (4477, 141, 1994, t2=t1+(0, 3)) -> (1168, 24, 1994, t3=t2+(1, 2))	2	116
(1426, 152, 4127, t1) & (4737, 145, 4127, t2=t1+(0, 5)) -> (4127, 145, 1426, t3=t2+(1, 5))	2	117
(3793, 23, 1550, t1) & (2029, 102, 3793, t2=t1+(0, 6)) -> (3793, 102, 3793, t3=t2+(1, 2))	2	118
(4905, 186, 686, t1) & (686, 167, 2966, t2=t1+(0, 5)) -> (4905, 167, 4905, t3=t2+(1, 3))	2	119
(4421, 94, 3669, t1) & (3669, 107, 3669, t2=t1+(0, 4)) -> (3669, 107, 3669, t3=t2+(1, 3))	2	120
(3706, 62, 617, t1) & (3706, 173, 732, t2=t1+(0, 5)) -> (617, 173, 732, t3=t2+(1, 6))	2	121
(773, 94, 1492, t1) & (1492, 6, 773, t2=t1+(0, 6)) -> (1492, 94, 1492, t3=t2+(1, 3))	2	122
(4137, 35, 309, t1) & (1076, 0, 309, t2=t1+(0, 2)) -> (1076, 35, 4137, t3=t2+(1, 6))	2	123
(4644, 36, 965, t1) & (965, 159, 965, t2=t1+(0, 5)) -> (965, 159, 965, t3=t2+(1, 1))	2	124
(300, 194, 1136, t1) & (1136, 160, 300, t2=t1+(0, 7)) -> (300, 194, 300, t3=t2+(1, 3))	2	125
(1871, 163, 4621, t1) & (3988, 78, 1871, t2=t1+(0, 5)) -> (3988, 78, 3988, t3=t2+(1, 6))	2	126
(4194, 95, 4495, t1) & (4495, 114, 2714, t2=t1+(0, 5)) -> (4194, 114, 4495, t3=t2+(1, 4))	2	127
(2069, 8, 1451, t1) & (885, 138, 2069, t2=t1+(0, 4)) -> (1451, 138, 1451, t3=t2+(1, 5))	2	128
(2626, 146, 2786, t1) & (2786, 158, 1045, t2=t1+(0, 4)) -> (2786, 146, 1045, t3=t2+(1, 4))	2	129
(3741, 50, 307, t1) & (3741, 156, 1382, t2=t1+(0, 5)) -> (3741, 50, 3741, t3=t2+(1, 2))	2	130
(459, 38, 3183, t1) & (4780, 181, 459, t2=t1+(0, 11)) -> (4780, 38, 459, t3=t2+(1, 3))	2	131
(1914, 187, 4845, t1) & (2982, 153, 4845, t2=t1+(0, 6)) -> (1914, 187, 2982, t3=t2+(1, 3))	2	132
(959, 88, 2039, t1) & (4583, 174, 959, t2=t1+(0, 3)) -> (959, 88, 4583, t3=t2+(1, 9))	2	133
(1501, 190, 4049, t1) & (1979, 80, 1501, t2=t1+(0, 6)) -> (4049, 190, 1979, t3=t2+(1, 7))	2	134
(376, 38, 2581, t1) & (1311, 154, 2581, t2=t1+(0, 7)) -> (2581, 154, 376, t3=t2+(1, 6))	2	135
(3597, 115, 1530, t1) & (2530, 10, 3597, t2=t1+(0, 4)) -> (3597, 10, 3597, t3=t2+(1, 3))	2	136
(4133, 188, 394, t1) & (4133, 76, 4133, t2=t1+(0, 7)) -> (4133, 76, 4133, t3=t2+(1, 9))	2	137
(2344, 197, 3771, t1) & (3771, 124, 2344, t2=t1+(0, 8)) -> (3771, 197, 3771, t3=t2+(1, 3))	2	138
(2674, 88, 1057, t1) & (1057, 49, 3783, t2=t1+(0, 4)) -> (1057, 88, 1057, t3=t2+(1, 3))	2	139
(622, 160, 1152, t1) & (1152, 128, 4836, t2=t1+(0, 5)) -> (622, 160, 4836, t3=t2+(1, 3))	2	140
(1446, 159, 186, t1) & (186, 124, 1836, t2=t1+(0, 3)) -> (1446, 124, 186, t3=t2+(1, 1))	2	141
(4220, 87, 3054, t1) & (3054, 126, 4565, t2=t1+(0, 9)) -> (3054, 126, 3054, t3=t2+(1, 8))	2	142
(4741, 195, 328, t1) & (328, 2, 3246, t2=t1+(0, 6)) -> (328, 2, 328, t3=t2+(1, 4))	2	143
(4113, 79, 765, t1) & (4881, 36, 4113, t2=t1+(0, 5)) -> (765, 79, 4113, t3=t2+(1, 7))	2	144
(43, 56, 690, t1) & (43, 163, 978, t2=t1+(0, 9)) -> (690, 163, 690, t3=t2+(1, 5))	2	145
(3807, 27, 1584, t1) & (3807, 183, 3807, t2=t1+(0, 6)) -> (3807, 183, 3807, t3=t2+(1, 1))	2	146
(2368, 57, 3578, t1) & (2924, 16, 3578, t2=t1+(0, 5)) -> (3578, 16, 3578, t3=t2+(1, 5))	2	147
(358, 167, 2526, t1) & (2526, 98, 3009, t2=t1+(0, 7)) -> (2526, 167, 2526, t3=t2+(1, 2))	2	148
(2264, 112, 4462, t1) & (3823, 118, 2264, t2=t1+(0, 4)) -> (2264, 112, 2264, t3=t2+(1, 3))	2	149
(4219, 116, 3305, t1) -> (3305, 116, 4219, t2=t1+(1, 5))	1	150
(1808, 121, 4249, t1) -> (1808, 121, 4249, t2=t1+(1, 9))	1	151
(3790, 11, 1138, t1) -> (3790, 11, 3790, t2=t1+(1, 10))	1	152
(3762, 27, 3271, t1) -> (3271, 27, 3762, t2=t1+(1, 7))	1	153
(2483, 74, 3620, t1) -> (2483, 74, 2483, t2=t1+(1, 7))	1	154
(3185, 43, 433, t1) -> (433, 43, 433, t2=t1+(1, 6))	1	155
(4474, 152, 4766, t1) -> (4474, 152, 4474, t2=t1+(1, 3))	1	156
(552, 190, 4336, t1) -> (552, 190, 4336, t2=t1+(1, 2))	1	157
(4122, 139, 1397, t1) -> (1397, 139, 1397, t2=t1+(1, 1))	1	158
(4721, 37, 1939, t1) -> (1939, 37, 1939, t2=t1+(1, 5))	1	159
(227, 111, 2546, t1) -> (2546, 111, 227, t2=t1+(1, 3))	1	160
(2005, 61, 2698, t1) -> (2005, 61, 2005, t2=t1+(1, 7))	1	161
(2651, 69, 2750, t1) -> (2651, 69, 2750, t2=t1+(1, 7))	1	162
(438, 23, 3008, t1) -> (438, 23, 3008, t2=t1+(1, 5))	1	163
(1163, 153, 101, t1) -> (101, 153, 101, t2=t1+(1, 2))	1	164
(1957, 14, 4488, t1) -> (1957, 14, 4488, t2=t1+(1, 3))	1	165
(2866, 127, 3285, t1) -> (2866, 127, 2866, t2=t1+(1, 7))	1	166
(4245, 59, 2971, t1) -> (4245, 59, 2971, t2=t1+(1, 4))	1	167
(2181, 30, 2787, t1) -> (2787, 30, 2787, t2=t1+(1, 5))	1	168
(4361, 162, 1440, t1) -> (1440, 162, 1440, t2=t1+(1, 6))	1	169
(2071, 135, 4300, t1) -> (2071, 135, 2071, t2=t1+(1, 1))	1	170
(3945, 22, 3390, t1) -> (3945, 22, 3390, t2=t1+(1, 4))	1	171
(503, 32, 1130, t1) -> (1130, 32, 1130, t2=t1+(1, 8))	1	172
(4253, 127, 2430, t1) -> (2430, 127, 4253, t2=t1+(1, 2))	1	173
(2697, 143, 3912, t1) -> (2697, 143, 3912, t2=t1+(1, 4))	1	174
(4781, 181, 2971, t1) -> (4781, 181, 2971, t2=t1+(1, 7))	1	175
(3902, 158, 3524, t1) -> (3902, 158, 3524, t2=t1+(1, 2))	1	176
(1935, 190, 3909, t1) -> (3909, 190, 3909, t2=t1+(1, 2))	1	177
(3755, 42, 2712, t1) -> (3755, 42, 2712, t2=t1+(1, 5))	1	178
(3085, 124, 3948, t1) -> (3948, 124, 3948, t2=t1+(1, 10))	1	179
(4962, 177, 4172, t1) -> (4962, 177, 4962, t2=t1+(1, 4))	1	180
(4084, 80, 271, t1) -> (271, 80, 4084, t2=t1+(1, 9))	1	181
(2105, 124, 3700, t1) -> (3700, 124, 2105, t2=t1+(1, 2))	1	182
(2611, 126, 3560, t1) -> (3560, 126, 2611, t2=t1+(1, 6))	1	183
(1820, 176, 3329, t1) -> (1820, 176, 1820, t2=t1+(1, 9))	1	184
(4817, 159, 1261, t1) -> (4817, 159, 4817, t2=t1+(1, 5))	1	185
(4892, 35, 4358, t1) -> (4358, 35, 4892, t2=t1+(1, 3))	1	186
(2607, 47, 95, t1) -> (2607, 47, 95, t2=t1+(1, 6))	1	187
(2282, 177, 1025, t1) -> (2282, 177, 2282, t2=t1+(1, 2))	1	188
(451, 14, 4378, t1) -> (451, 14, 451, t2=t1+(1, 2))	1	189
(1479, 24, 1421, t1) -> (1421, 24, 1479, t2=t1+(1, 5))	1	190
(4916, 0, 3164, t1) -> (4916, 0, 3164, t2=t1+(1, 8))	1	191
(754, 109, 4526, t1) -> (754, 109, 4526, t2=t1+(1, 6))	1	192
(2016, 120, 1894, t1) -> (1894, 120, 1894, t2=t1+(1, 6))	1	193
(2827, 73, 2449, t1) -> (2449, 73, 2449, t2=t1+(1, 3))	1	194
(2428, 197, 4727, t1) -> (2428, 197, 2428, t2=t1+(1, 4))	1	195
(3726, 169, 3269, t1) -> (3726, 169, 3726, t2=t1+(1, 5))	1	196
(4006, 5, 3384, t1) -> (4006, 5, 4006, t2=t1+(1, 7))	1	197
(3841, 34, 2065, t1) -> (2065, 34, 2065, t2=t1+(1, 5))	1	198
(1129, 50, 2505, t1) -> (2505, 50, 1129, t2=t1+(1, 2))	1	199
(506, 72, 508, t1) -> (506, 72, 506, t2=t1+(1, 9))	1	200
(3400, 90, 2421, t1) -> (3400, 90, 3400, t2=t1+(1, 4))	1	201
(373, 41, 2748, t1) -> (373, 41, 2748, t2=t1+(1, 6))	1	202
(4868, 197, 2589, t1) -> (2589, 197, 4868, t2=t1+(1, 10))	1	203
(1953, 81, 2527, t1) -> (1953, 81, 1953, t2=t1+(1, 5))	1	204
(3171, 149, 2619, t1) -> (3171, 149, 3171, t2=t1+(1, 5))	1	205
(4919, 164, 1446, t1) -> (4919, 164, 4919, t2=t1+(1, 3))	1	206
(3911, 77, 1869, t1) -> (1869, 77, 3911, t2=t1+(1, 3))	1	207
(2050, 62, 3956, t1) -> (3956, 62, 2050, t2=t1+(1, 10))	1	208
(2554, 48, 4689, t1) -> (2554, 48, 2554, t2=t1+(1, 4))	1	209
(4738, 156, 3045, t1) -> (3045, 156, 4738, t2=t1+(1, 5))	1	210
(881, 195, 2390, t1) -> (881, 195, 2390, t2=t1+(1, 3))	1	211
(1792, 195, 1010, t1) -> (1010, 195, 1010, t2=t1+(1, 4))	1	212
(2863, 105, 660, t1) -> (2863, 105, 2863, t2=t1+(1, 4))	1	213
(908, 196, 1495, t1) -> (908, 196, 1495, t2=t1+(1, 6))	1	214
(4938, 22, 4035, t1) -> (4938, 22, 4938, t2=t1+(1, 7))	1	215
(1629, 3, 1274, t1) -> (1274, 3, 1274, t2=t1+(1, 5))	1	216
(3541, 186, 2932, t1) -> (3541, 186, 2932, t2=t1+(1, 3))	1	217
(482, 168, 4476, t1) -> (482, 168, 4476, t2=t1+(1, 8))	1	218
(2230, 142, 2190, t1) -> (2230, 142, 2190, t2=t1+(1, 2))	1	219
(1725, 142, 1056, t1) -> (1056, 142, 1725, t2=t1+(1, 3))	1	220
(4833, 162, 118, t1) -> (118, 162, 4833, t2=t1+(1, 7))	1	221
(3397, 164, 705, t1) -> (705, 164, 705, t2=t1+(1, 4))	1	222
(4877, 180, 3228, t1) -> (4877, 180, 3228, t2=t1+(1, 4))	1	223
(4186, 171, 2098, t1) -> (2098, 171, 4186, t2=t1+(1, 7))	1	224
(4546, 138, 2930, t1) -> (4546, 138, 2930, t2=t1+(1, 1))	1	225
(2507, 45, 1254, t1) -> (2507, 45, 2507, t2=t1+(1, 6))	1	226
(2532, 165, 3438, t1) -> (3438, 165, 2532, t2=t1+(1, 4))	1	227
(2728, 52, 1932, t1) -> (2728, 52, 1932, t2=t1+(1, 3))	1	228
(258, 161, 848, t1) -> (848, 161, 258, t2=t1+(1, 11))	1	229
(2172, 64, 4771, t1) -> (2172, 64, 2172, t2=t1+(1, 9))	1	230
(89, 82, 738, t1) -> (738, 82, 89, t2=t1+(1, 1))	1	231
(1913, 198, 2008, t1) -> (2008, 198, 1913, t2=t1+(1, 2))	1	232
(1036, 146, 1627, t1) -> (1036, 146, 1627, t2=t1+(1, 4))	1	233
(2149, 190, 4066, t1) -> (4066, 190, 2149, t2=t1+(1, 4))	1	234
(1641, 171, 2474, t1) -> (1641, 171, 2474, t2=t1+(1, 4))	1	235
(2319, 154, 492, t1) -> (492, 154, 2319, t2=t1+(1, 5))	1	236
(3622, 97, 2688, t1) -> (2688, 97, 2688, t2=t1+(1, 11))	1	237
(1143, 60, 2997, t1) -> (2997, 60, 2997, t2=t1+(1, 5))	1	238
(4175, 11, 4969, t1) -> (4175, 11, 4175, t2=t1+(1, 6))	1	239
(1655, 19, 2653, t1) -> (1655, 19, 2653, t2=t1+(1, 4))	1	240
(4055, 1, 4889, t1) -> (4055, 1, 4889, t2=t1+(1, 4))	1	241
(682, 158, 1506, t1) -> (1506, 158, 682, t2=t1+(1, 8))	1	242
(1523, 139, 3472, t1) -> (3472, 139, 1523, t2=t1+(1, 2))	1	243
(3228, 128, 1055, t1) -> (1055, 128, 1055, t2=t1+(1, 6))	1	244
(3598, 0, 1747, t1) -> (1747, 0, 3598, t2=t1+(1, 4))	1	245
(2926, 114, 3090, t1) -> (2926, 114, 3090, t2=t1+(1, 6))	1	246
(3107, 170, 3321, t1) -> (3107, 170, 3107, t2=t1+(1, 2))	1	247
(4868, 65, 1518, t1) -> (4868, 65, 4868, t2=t1+(1, 2))	1	248
(3042, 185, 1751, t1) -> (3042, 185, 1751, t2=t1+(1, 5))	1	249
(1841, 9, 2646, t1) -> (1841, 9, 2646, t2=t1+(1, 8))	1	250
(3313, 156, 1736, t1) -> (1736, 156, 1736, t2=t1+(1, 3))	1	251
(3434, 12, 1778, t1) -> (1778, 12, 1778, t2=t1+(1, 9))	1	252
(2183, 67, 4274, t1) -> (4274, 67, 2183, t2=t1+(1, 5))	1	253
(4230, 151, 3018, t1) -> (3018, 151, 3018, t2=t1+(1, 6))	1	254
(1839, 20, 2633, t1) -> (1839, 20, 1839, t2=t1+(1, 8))	1	255
(2555, 111, 3737, t1) -> (2555, 111, 3737, t2=t1+(1, 10))	1	256
(4846, 98, 2420, t1) -> (4846, 98, 2420, t2=t1+(1, 6))	1	257
(2896, 17, 560, t1) -> (560, 17, 2896, t2=t1+(1, 1))	1	258
(4596, 63, 1628, t1) -> (1628, 63, 4596, t2=t1+(1, 3))	1	259
(3462, 81, 1264, t1) -> (1264, 81, 1264, t2=t1+(1, 8))	1	260
(3960, 40, 3770, t1) -> (3770, 40, 3960, t2=t1+(1, 6))	1	261
(4271, 93, 4380, t1) -> (4380, 93, 4380, t2=t1+(1, 8))	1	262
(3783, 7, 2557, t1) -> (3783, 7, 3783, t2=t1+(1, 4))	1	263
(4161, 13, 598, t1) -> (4161, 13, 598, t2=t1+(1, 5))	1	264
(2732, 111, 3858, t1) -> (2732, 111, 3858, t2=t1+(1, 7))	1	265
(581, 49, 2803, t1) -> (581, 49, 2803, t2=t1+(1, 5))	1	266
(2809, 194, 1253, t1) -> (1253, 194, 1253, t2=t1+(1, 4))	1	267
(1893, 190, 134, t1) -> (134, 190, 134, t2=t1+(1, 5))	1	268
(816, 121, 4675, t1) -> (4675, 121, 816, t2=t1+(1, 5))	1	269
(1836, 64, 1975, t1) -> (1975, 64, 1836, t2=t1+(1, 3))	1	270
(4444, 6, 1204, t1) -> (1204, 6, 4444, t2=t1+(1, 1))	1	271
(1621, 141, 3769, t1) -> (3769, 141, 1621, t2=t1+(1, 9))	1	272
(3182, 118, 49, t1) -> (49, 118, 3182, t2=t1+(1, 3))	1	273
(2511, 157, 307, t1) -> (2511, 157, 2511, t2=t1+(1, 8))	1	274
(383, 116, 1107, t1) -> (1107, 116, 1107, t2=t1+(1, 4))	1	275
(1281, 112, 2170, t1) -> (2170, 112, 2170, t2=t1+(1, 4))	1	276
(2728, 48, 4895, t1) -> (4895, 48, 2728, t2=t1+(1, 3))	1	277
(4136, 32, 1582, t1) -> (1582, 32, 1582, t2=t1+(1, 6))	1	278
(3840, 100, 70, t1) -> (3840, 100, 70, t2=t1+(1, 4))	1	279
(169, 197, 8, t1) -> (169, 197, 8, t2=t1+(1, 6))	1	280
(2888, 148, 1605, t1) -> (2888, 148, 2888, t2=t1+(1, 4))	1	281
(1027, 190, 2763, t1) -> (1027, 190, 2763, t2=t1+(1, 4))	1	282
(3352, 197, 2683, t1) -> (3352, 197, 3352, t2=t1+(1, 6))	1	283
(392, 168, 1973, t1) -> (392, 168, 1973, t2=t1+(1, 6))	1	284
(4504, 143, 1860, t1) -> (4504, 143, 1860, t2=t1+(1, 7))	1	285
(3756, 29, 143, t1) -> (3756, 29, 3756, t2=t1+(1, 6))	1	286
(1239, 145, 4538, t1) -> (4538, 145, 4538, t2=t1+(1, 7))	1	287
(2457, 117, 4918, t1) -> (2457, 117, 4918, t2=t1+(1, 6))	1	288
(4847, 163, 765, t1) -> (765, 163, 765, t2=t1+(1, 6))	1	289
(4595, 100, 727, t1) -> (727, 100, 4595, t2=t1+(1, 4))	1	290
(3968, 88, 2024, t1) -> (3968, 88, 2024, t2=t1+(1, 7))	1	291
(1584, 102, 860, t1) -> (1584, 102, 860, t2=t1+(1, 6))	1	292
(2864, 5, 3042, t1) -> (3042, 5, 3042, t2=t1+(1, 7))	1	293
(4087, 26, 1437, t1) -> (1437, 26, 1437, t2=t1+(1, 7))	1	294
(3430, 85, 2111, t1) -> (2111, 85, 3430, t2=t1+(1, 5))	1	295
(269, 191, 2669, t1) -> (2669, 191, 269, t2=t1+(1, 3))	1	296
(2758, 121, 4069, t1) -> (4069, 121, 2758, t2=t1+(1, 3))	1	297
(1118, 29, 3440, t1) -> (3440, 29, 3440, t2=t1+(1, 8))	1	298
(1675, 16, 325, t1) -> (1675, 16, 325, t2=t1+(1, 6))	1	299
(1393, 70, 4699, t1) -> (4699, 70, 1393, t2=t1+(1, 5))	1	300
(1486, 145, 1916, t1) -> (1486, 145, 1486, t2=t1+(1, 11))	1	301
(286, 109, 1913, t1) -> (1913, 109, 1913, t2=t1+(1, 6))	1	302
(3225, 115, 4351, t1) -> (4351, 115, 4351, t2=t1+(1, 6))	1	303
(3349, 71, 4032, t1) -> (3349, 71, 4032, t2=t1+(1, 9))	1	304
(3263, 38, 561, t1) -> (3263, 38, 561, t2=t1+(1, 3))	1	305
(311, 79, 2285, t1) -> (2285, 79, 2285, t2=t1+(1, 4))	1	306
(3576, 132, 3505, t1) -> (3576, 132, 3505, t2=t1+(1, 6))	1	307
(3749, 97, 1249, t1) -> (3749, 97, 3749, t2=t1+(1, 11))	1	308
(2491, 3, 2786, t1) -> (2786, 3, 2491, t2=t1+(1, 1))	1	309
(1385, 56, 1089, t1) -> (1385, 56, 1385, t2=t1+(1, 3))	1	310
(2061, 29, 2608, t1) -> (2608, 29, 2061, t2=t1+(1, 3))	1	311
(3307, 97, 3204, t1) -> (3204, 97, 3204, t2=t1+(1, 6))	1	312
(404, 184, 2330, t1) -> (2330, 184, 2330, t2=t1+(1, 5))	1	313
(428, 24, 2016, t1) -> (2016, 24, 428, t2=t1+(1, 4))	1	314
(2702, 140, 1137, t1) -> (1137, 140, 1137, t2=t1+(1, 6))	1	315
(191, 130, 3988, t1) -> (191, 130, 3988, t2=t1+(1, 8))	1	316
(3319, 186, 1363, t1) -> (1363, 186, 3319, t2=t1+(1, 5))	1	317
(438, 2, 4146, t1) -> (438, 2, 438, t2=t1+(1, 4))	1	318
(3974, 103, 3859, t1) -> (3974, 103, 3859, t2=t1+(1, 5))	1	319
(2939, 171, 161, t1) -> (2939, 171, 2939, t2=t1+(1, 6))	1	320
(1231, 35, 129, t1) -> (129, 35, 129, t2=t1+(1, 8))	1	321
(3523, 9, 3423, t1) -> (3423, 9, 3523, t2=t1+(1, 5))	1	322
(1076, 67, 1220, t1) -> (1076, 67, 1220, t2=t1+(1, 10))	1	323
(2203, 91, 4758, t1) -> (4758, 91, 2203, t2=t1+(1, 2))	1	324
(3560, 118, 4273, t1) -> (4273, 118, 4273, t2=t1+(1, 3))	1	325
(2374, 157, 686, t1) -> (686, 157, 686, t2=t1+(1, 6))	1	326
(979, 26, 45, t1) -> (979, 26, 45, t2=t1+(1, 8))	1	327
(1557, 166, 2526, t1) -> (1557, 166, 2526, t2=t1+(1, 8))	1	328
(1955, 167, 2838, t1) -> (1955, 167, 2838, t2=t1+(1, 3))	1	329
(1172, 63, 2336, t1) -> (2336, 63, 2336, t2=t1+(1, 6))	1	330
(2202, 119, 907, t1) -> (2202, 119, 2202, t2=t1+(1, 6))	1	331
(2548, 75, 1900, t1) -> (1900, 75, 2548, t2=t1+(1, 6))	1	332
(256, 59, 3725, t1) -> (3725, 59, 256, t2=t1+(1, 7))	1	333
(2192, 2, 263, t1) -> (2192, 2, 2192, t2=t1+(1, 1))	1	334
(2843, 120, 4028, t1) -> (2843, 120, 4028, t2=t1+(1, 5))	1	335
(1678, 149, 3503, t1) -> (1678, 149, 3503, t2=t1+(1, 2))	1	336
(872, 136, 873, t1) -> (873, 136, 873, t2=t1+(1, 4))	1	337
(4456, 37, 4971, t1) -> (4971, 37, 4971, t2=t1+(1, 6))	1	338
(3458, 94, 1654, t1) -> (3458, 94, 3458, t2=t1+(1, 3))	1	339
(4761, 95, 282, t1) -> (4761, 95, 4761, t2=t1+(1, 8))	1	340
(2050, 23, 1203, t1) -> (1203, 23, 2050, t2=t1+(1, 5))	1	341
(3565, 130, 112, t1) -> (112, 130, 112, t2=t1+(1, 5))	1	342
(2680, 150, 4197, t1) -> (2680, 150, 2680, t2=t1+(1, 2))	1	343
(3892, 101, 3558, t1) -> (3558, 101, 3558, t2=t1+(1, 7))	1	344
(4458, 11, 1933, t1) -> (4458, 11, 1933, t2=t1+(1, 5))	1	345
(3973, 179, 2057, t1) -> (3973, 179, 3973, t2=t1+(1, 5))	1	346
(1130, 151, 4233, t1) -> (4233, 151, 1130, t2=t1+(1, 3))	1	347
(576, 140, 1840, t1) -> (1840, 140, 576, t2=t1+(1, 5))	1	348
(3716, 173, 1239, t1) -> (3716, 173, 1239, t2=t1+(1, 8))	1	349
