(707, 72, 659, t1) & (3552, 95, 2631, t2=t1+(0, 1)) & (707, 190, 3552, t3=t2+(0, 4)) -> (3552, 72, 659, t4=t3+(1, 7))	3	0
(1235, 4, 4071, t1) & (4160, 101, 2850, t2=t1+(0, 8)) & (4071, 37, 2850, t3=t2+(0, 7)) -> (4071, 37, 4071, t4=t3+(1, 5))	3	1
(570, 31, 3748, t1) & (2623, 163, 3296, t2=t1+(0, 2)) & (3296, 67, 3748, t3=t2+(0, 2)) -> (3748, 67, 3748, t4=t3+(1, 4))	3	2
(1419, 81, 4623, t1) & (383, 1, 1012, t2=t1+(0, 6)) & (1012, 199, 1419, t3=t2+(0, 7)) -> (1012, 199, 383, t4=t3+(1, 2))	3	3
(2284, 139, 4274, t1) & (715, 81, 2993, t2=t1+(0, 4)) & (715, 61, 2284, t3=t2+(0, 5)) -> (715, 139, 715, t4=t3+(1, 5))	3	4
(2731, 70, 1480, t1) & (3258, 46, 4713, t2=t1+(0, 5)) & (3258, 24, 1480, t3=t2+(0, 8)) -> (3258, 46, 3258, t4=t3+(1, 6))	3	5
(3909, 33, 3930, t1) & (3010, 186, 735, t2=t1+(0, 7)) & (3010, 112, 3909, t3=t2+(0, 4)) -> (3930, 33, 3010, t4=t3+(1, 4))	3	6
(2571, 85, 3797, t1) & (3664, 52, 4995, t2=t1+(0, 11)) & (3797, 147, 4995, t3=t2+(0, 7)) -> (4995, 52, 2571, t4=t3+(1, 2))	3	7
(3075, 52, 1546, t1) & (2589, 134, 4395, t2=t1+(0, 5)) & (1546, 164, 2589, t3=t2+(0, 7)) -> (2589, 52, 3075, t4=t3+(1, 1))	3	8
(2419, 174, 2700, t1) & (3496, 129, 4060, t2=t1+(0, 6)) & (4060, 59, 2700, t3=t2+(0, 2)) -> (2700, 129, 2419, t4=t3+(1, 11))	3	9
(3611, 145, 3456, t1) & (2564, 52, 4422, t2=t1+(0, 2)) & (3456, 35, 4422, t3=t2+(0, 5)) -> (4422, 35, 2564, t4=t3+(1, 2))	3	10
(3786, 109, 4980, t1) & (1449, 179, 594, t2=t1+(0, 8)) & (3786, 192, 594, t3=t2+(0, 2)) -> (3786, 192, 594, t4=t3+(1, 3))	3	11
(3624, 198, 2226, t1) & (2515, 148, 4117, t2=t1+(0, 4)) & (4117, 72, 3624, t3=t2+(0, 3)) -> (2515, 148, 4117, t4=t3+(1, 6))	3	12
(4447, 112, 2290, t1) & (747, 179, 3398, t2=t1+(0, 3)) & (747, 76, 2290, t3=t2+(0, 7)) -> (747, 76, 2290, t4=t3+(1, 6))	3	13
(3606, 31, 2148, t1) & (3669, 196, 2460, t2=t1+(0, 5)) & (2460, 129, 2148, t3=t2+(0, 5)) -> (2460, 31, 2148, t4=t3+(1, 6))	3	14
(2385, 45, 3372, t1) & (629, 176, 3891, t2=t1+(0, 3)) & (629, 8, 2385, t3=t2+(0, 5)) -> (629, 176, 3372, t4=t3+(1, 7))	3	15
(4417, 178, 3377, t1) & (1683, 1, 1567, t2=t1+(0, 7)) & (4417, 143, 1567, t3=t2+(0, 3)) -> (1567, 1, 4417, t4=t3+(1, 5))	3	16
(2128, 141, 4916, t1) & (3600, 109, 1355, t2=t1+(0, 6)) & (3600, 143, 4916, t3=t2+(0, 5)) -> (2128, 141, 2128, t4=t3+(1, 4))	3	17
(506, 64, 2400, t1) & (786, 54, 4695, t2=t1+(0, 2)) & (506, 83, 4695, t3=t2+(0, 7)) -> (506, 64, 506, t4=t3+(1, 5))	3	18
(1789, 102, 434, t1) & (835, 115, 4753, t2=t1+(0, 4)) & (835, 159, 1789, t3=t2+(0, 7)) -> (835, 159, 434, t4=t3+(1, 2))	3	19
(3440, 82, 1108, t1) & (4347, 20, 3178, t2=t1+(0, 7)) & (4347, 172, 1108, t3=t2+(0, 5)) -> (1108, 20, 3440, t4=t3+(1, 1))	3	20
(4487, 31, 4015, t1) & (4, 193, 405, t2=t1+(0, 3)) & (4015, 159, 4, t3=t2+(0, 9)) -> (4487, 159, 405, t4=t3+(1, 5))	3	21
(4870, 23, 476, t1) & (2082, 80, 4941, t2=t1+(0, 3)) & (4870, 17, 4941, t3=t2+(0, 9)) -> (4941, 80, 4870, t4=t3+(1, 4))	3	22
(627, 165, 4614, t1) & (958, 121, 1496, t2=t1+(0, 3)) & (627, 142, 1496, t3=t2+(0, 6)) -> (627, 165, 627, t4=t3+(1, 6))	3	23
(3839, 40, 4714, t1) & (4123, 13, 981, t2=t1+(0, 5)) & (3839, 199, 981, t3=t2+(0, 7)) -> (3839, 199, 981, t4=t3+(1, 5))	3	24
(4008, 194, 4952, t1) & (116, 94, 4008, t2=t1+(0, 5)) -> (116, 94, 4008, t3=t2+(1, 4))	2	25
(543, 132, 4447, t1) & (3421, 127, 543, t2=t1+(0, 5)) -> (3421, 132, 543, t3=t2+(1, 8))	2	26
(3587, 115, 3710, t1) & (3587, 178, 4579, t2=t1+(0, 4)) -> (3710, 178, 3587, t3=t2+(1, 6))	2	27
(903, 77, 1882, t1) & (1929, 75, 1882, t2=t1+(0, 6)) -> (1882, 75, 903, t3=t2+(1, 5))	2	28
(3368, 67, 4648, t1) & (4648, 42, 3368, t2=t1+(0, 5)) -> (4648, 67, 3368, t3=t2+(1, 5))	2	29
(2782, 15, 2107, t1) & (4056, 61, 2782, t2=t1+(0, 6)) -> (2782, 15, 4056, t3=t2+(1, 3))	2	30
(1234, 100, 2055, t1) & (2055, 121, 3491, t2=t1+(0, 5)) -> (2055, 100, 2055, t3=t2+(1, 2))	2	31
(2790, 173, 749, t1) & (2790, 23, 772, t2=t1+(0, 4)) -> (749, 23, 749, t3=t2+(1, 2))	2	32
(4219, 198, 480, t1) & (4219, 111, 4219, t2=t1+(0, 8)) -> (4219, 111, 4219, t3=t2+(1, 10))	2	33
(1868, 123, 3887, t1) & (3043, 12, 3887, t2=t1+(0, 2)) -> (1868, 12, 3043, t3=t2+(1, 1))	2	34
(1871, 178, 3087, t1) & (3087, 32, 1871, t2=t1+(0, 4)) -> (1871, 32, 1871, t3=t2+(1, 4))	2	35
(2713, 13, 1655, t1) & (1655, 12, 3548, t2=t1+(0, 4)) -> (1655, 12, 1655, t3=t2+(1, 3))	2	36
(3107, 47, 4680, t1) & (4680, 196, 2023, t2=t1+(0, 8)) -> (3107, 196, 2023, t3=t2+(1, 2))	2	37
(1256, 145, 1891, t1) & (1891, 25, 1891, t2=t1+(0, 4)) -> (1256, 25, 1891, t3=t2+(1, 13))	2	38
(3668, 134, 1974, t1) & (804, 124, 3668, t2=t1+(0, 3)) -> (3668, 124, 3668, t3=t2+(1, 1))	2	39
(3901, 84, 2161, t1) & (3673, 195, 3901, t2=t1+(0, 4)) -> (3673, 84, 3673, t3=t2+(1, 3))	2	40
(645, 47, 3926, t1) & (645, 40, 3926, t2=t1+(0, 4)) -> (3926, 40, 3926, t3=t2+(1, 10))	2	41
(232, 130, 4548, t1) & (1564, 145, 232, t2=t1+(0, 3)) -> (4548, 145, 4548, t3=t2+(1, 8))	2	42
(4469, 111, 4826, t1) & (4469, 72, 4469, t2=t1+(0, 4)) -> (4469, 72, 4469, t3=t2+(1, 3))	2	43
(2604, 21, 1786, t1) & (3732, 15, 2604, t2=t1+(0, 3)) -> (3732, 15, 2604, t3=t2+(1, 4))	2	44
(568, 158, 689, t1) & (2765, 9, 568, t2=t1+(0, 7)) -> (689, 9, 2765, t3=t2+(1, 5))	2	45
(1842, 171, 3342, t1) & (1842, 24, 1842, t2=t1+(0, 7)) -> (1842, 171, 1842, t3=t2+(1, 7))	2	46
(3943, 168, 188, t1) & (3853, 158, 3943, t2=t1+(0, 5)) -> (188, 168, 188, t3=t2+(1, 9))	2	47
(805, 178, 614, t1) & (614, 31, 614, t2=t1+(0, 7)) -> (805, 178, 614, t3=t2+(1, 7))	2	48
(3844, 128, 2952, t1) & (3844, 183, 3844, t2=t1+(0, 4)) -> (3844, 128, 2952, t3=t2+(1, 3))	2	49
(3909, 172, 1941, t1) & (1234, 177, 3909, t2=t1+(0, 6)) -> (1234, 172, 3909, t3=t2+(1, 6))	2	50
(1220, 63, 3006, t1) & (1220, 118, 2693, t2=t1+(0, 6)) -> (3006, 118, 1220, t3=t2+(1, 1))	2	51
(3270, 133, 1198, t1) & (1198, 155, 3270, t2=t1+(0, 7)) -> (1198, 155, 1198, t3=t2+(1, 6))	2	52
(2488, 126, 1151, t1) & (3210, 31, 2488, t2=t1+(0, 10)) -> (3210, 31, 2488, t3=t2+(1, 6))	2	53
(2946, 53, 2447, t1) & (939, 165, 2946, t2=t1+(0, 6)) -> (2946, 165, 2946, t3=t2+(1, 8))	2	54
(3045, 151, 4101, t1) & (4101, 75, 2668, t2=t1+(0, 7)) -> (2668, 75, 2668, t3=t2+(1, 7))	2	55
(1787, 105, 274, t1) & (1787, 117, 274, t2=t1+(0, 6)) -> (274, 117, 274, t3=t2+(1, 8))	2	56
(4941, 14, 3595, t1) & (3595, 76, 3595, t2=t1+(0, 8)) -> (4941, 14, 3595, t3=t2+(1, 5))	2	57
(2539, 21, 4587, t1) & (2539, 155, 4587, t2=t1+(0, 3)) -> (2539, 155, 4587, t3=t2+(1, 4))	2	58
(2700, 164, 1848, t1) & (1848, 106, 1848, t2=t1+(0, 3)) -> (1848, 164, 2700, t3=t2+(1, 4))	2	59
(1990, 0, 1652, t1) & (1990, 121, 1990, t2=t1+(0, 5)) -> (1990, 0, 1990, t3=t2+(1, 3))	2	60
(1325, 4, 4306, t1) & (4306, 169, 1885, t2=t1+(0, 5)) -> (1325, 4, 1885, t3=t2+(1, 3))	2	61
(4095, 130, 229, t1) & (4095, 77, 3838, t2=t1+(0, 8)) -> (4095, 77, 229, t3=t2+(1, 6))	2	62
(3896, 142, 1648, t1) & (3896, 110, 743, t2=t1+(0, 5)) -> (743, 110, 3896, t3=t2+(1, 4))	2	63
(925, 89, 503, t1) & (4306, 121, 503, t2=t1+(0, 7)) -> (503, 121, 925, t3=t2+(1, 4))	2	64
(4164, 171, 4650, t1) & (4650, 111, 974, t2=t1+(0, 5)) -> (4164, 111, 974, t3=t2+(1, 5))	2	65
(1605, 181, 3965, t1) & (3965, 62, 4975, t2=t1+(0, 8)) -> (3965, 62, 1605, t3=t2+(1, 2))	2	66
(976, 191, 36, t1) & (36, 155, 36, t2=t1+(0, 6)) -> (36, 191, 36, t3=t2+(1, 8))	2	67
(966, 139, 1812, t1) & (3897, 152, 966, t2=t1+(0, 7)) -> (1812, 139, 966, t3=t2+(1, 6))	2	68
(4699, 192, 3642, t1) & (3642, 42, 55, t2=t1+(0, 2)) -> (3642, 42, 3642, t3=t2+(1, 7))	2	69
(964, 2, 129, t1) & (964, 135, 964, t2=t1+(0, 5)) -> (964, 2, 129, t3=t2+(1, 3))	2	70
(1108, 180, 4709, t1) & (2002, 158, 4709, t2=t1+(0, 5)) -> (2002, 180, 2002, t3=t2+(1, 3))	2	71
(2672, 18, 2129, t1) & (2672, 0, 4804, t2=t1+(0, 6)) -> (2672, 18, 2672, t3=t2+(1, 2))	2	72
(710, 39, 3389, t1) & (2302, 82, 710, t2=t1+(0, 3)) -> (710, 39, 2302, t3=t2+(1, 1))	2	73
(1937, 147, 4548, t1) & (4548, 172, 2035, t2=t1+(0, 6)) -> (2035, 172, 4548, t3=t2+(1, 2))	2	74
(1076, 83, 3819, t1) & (1076, 5, 1076, t2=t1+(0, 7)) -> (1076, 83, 3819, t3=t2+(1, 9))	2	75
(1373, 89, 2612, t1) & (4793, 144, 2612, t2=t1+(0, 6)) -> (4793, 89, 2612, t3=t2+(1, 4))	2	76
(1993, 41, 1071, t1) & (1071, 196, 1993, t2=t1+(0, 4)) -> (1993, 41, 1071, t3=t2+(1, 4))	2	77
(1288, 42, 1439, t1) & (1439, 77, 642, t2=t1+(0, 4)) -> (642, 77, 1439, t3=t2+(1, 3))	2	78
(249, 64, 3966, t1) & (3966, 0, 472, t2=t1+(0, 7)) -> (472, 0, 249, t3=t2+(1, 5))	2	79
(1289, 132, 4646, t1) & (1261, 199, 4646, t2=t1+(0, 5)) -> (4646, 132, 1289, t3=t2+(1, 4))	2	80
(278, 160, 4898, t1) & (1893, 19, 4898, t2=t1+(0, 2)) -> (4898, 19, 278, t3=t2+(1, 7))	2	81
(1261, 87, 695, t1) & (3281, 93, 1261, t2=t1+(0, 5)) -> (1261, 87, 3281, t3=t2+(1, 3))	2	82
(2643, 175, 209, t1) & (209, 178, 4684, t2=t1+(0, 7)) -> (209, 175, 209, t3=t2+(1, 5))	2	83
(3667, 138, 1019, t1) & (3667, 84, 1019, t2=t1+(0, 9)) -> (3667, 138, 1019, t3=t2+(1, 3))	2	84
(19, 80, 2201, t1) & (3532, 117, 2201, t2=t1+(0, 5)) -> (3532, 80, 2201, t3=t2+(1, 5))	2	85
(1799, 60, 4333, t1) & (4607, 149, 1799, t2=t1+(0, 5)) -> (1799, 149, 4333, t3=t2+(1, 7))	2	86
(3866, 93, 3090, t1) & (2041, 162, 3090, t2=t1+(0, 7)) -> (2041, 162, 3090, t3=t2+(1, 4))	2	87
(1785, 20, 3023, t1) & (1785, 145, 4499, t2=t1+(0, 9)) -> (3023, 20, 1785, t3=t2+(1, 4))	2	88
(4590, 64, 3974, t1) & (3974, 29, 1072, t2=t1+(0, 10)) -> (3974, 64, 4590, t3=t2+(1, 3))	2	89
(2218, 126, 1267, t1) & (3628, 163, 2218, t2=t1+(0, 2)) -> (1267, 163, 3628, t3=t2+(1, 8))	2	90
(4002, 185, 1492, t1) & (1973, 80, 1492, t2=t1+(0, 2)) -> (1973, 80, 1492, t3=t2+(1, 10))	2	91
(2250, 69, 418, t1) & (418, 124, 418, t2=t1+(0, 6)) -> (418, 69, 418, t3=t2+(1, 8))	2	92
(4503, 59, 4449, t1) & (4503, 82, 4449, t2=t1+(0, 5)) -> (4449, 59, 4449, t3=t2+(1, 6))	2	93
(3, 146, 1480, t1) & (1480, 84, 324, t2=t1+(0, 2)) -> (324, 84, 1480, t3=t2+(1, 9))	2	94
(2067, 14, 3081, t1) & (3081, 18, 3081, t2=t1+(0, 2)) -> (3081, 18, 2067, t3=t2+(1, 10))	2	95
(4443, 112, 3143, t1) & (428, 11, 4443, t2=t1+(0, 7)) -> (4443, 112, 428, t3=t2+(1, 6))	2	96
(1199, 114, 3765, t1) & (1199, 95, 1199, t2=t1+(0, 8)) -> (3765, 114, 3765, t3=t2+(1, 4))	2	97
(2247, 2, 1021, t1) & (2247, 99, 1021, t2=t1+(0, 6)) -> (1021, 99, 2247, t3=t2+(1, 3))	2	98
(1821, 99, 1804, t1) & (1804, 183, 1804, t2=t1+(0, 0)) -> (1804, 183, 1804, t3=t2+(1, 5))	2	99
(3902, 189, 1945, t1) & (1439, 79, 3902, t2=t1+(0, 8)) -> (3902, 189, 1945, t3=t2+(1, 7))	2	100
(1089, 67, 3136, t1) & (4160, 114, 1089, t2=t1+(0, 5)) -> (4160, 67, 3136, t3=t2+(1, 5))	2	101
(4881, 156, 3750, t1) & (3750, 51, 4844, t2=t1+(0, 5)) -> (3750, 51, 3750, t3=t2+(1, 5))	2	102
(1141, 57, 2617, t1) & (3550, 7, 2617, t2=t1+(0, 5)) -> (1141, 7, 3550, t3=t2+(1, 4))	2	103
(1, 63, 1856, t1) & (505, 46, 1, t2=t1+(0, 4)) -> (1, 63, 1856, t3=t2+(1, 6))	2	104
(4508, 126, 2810, t1) & (4508, 98, 2756, t2=t1+(0, 2)) -> (4508, 126, 2810, t3=t2+(1, 4))	2	105
(4292, 76, 2420, t1) & (2420, 32, 3653, t2=t1+(0, 4)) -> (2420, 76, 2420, t3=t2+(1, 3))	2	106
(1227, 152, 4056, t1) & (4056, 24, 4189, t2=t1+(0, 4)) -> (4056, 24, 4056, t3=t2+(1, 7))	2	107
(686, 88, 3425, t1) & (1031, 107, 686, t2=t1+(0, 5)) -> (686, 107, 686, t3=t2+(1, 5))	2	108
(4821, 188, 2509, t1) & (2509, 69, 2566, t2=t1+(0, 5)) -> (4821, 188, 4821, t3=t2+(1, 5))	2	109
(4148, 115, 4575, t1) & (4148, 139, 4575, t2=t1+(0, 4)) -> (4575, 115, 4148, t3=t2+(1, 7))	2	110
(2463, 51, 77, t1) & (3442, 49, 77, t2=t1+(0, 3)) -> (2463, 51, 77, t3=t2+(1, 3))	2	111
(4499, 148, 804, t1) & (804, 54, 301, t2=t1+(0, 9)) -> (804, 148, 301, t3=t2+(1, 7))	2	112
(4071, 146, 2416, t1) & (1454, 110, 2416, t2=t1+(0, 6)) -> (2416, 110, 2416, t3=t2+(1, 8))	2	113
(3788, 168, 2015, t1) & (2015, 144, 1970, t2=t1+(0, 7)) -> (1970, 168, 3788, t3=t2+(1, 6))	2	114
(2463, 37, 1099, t1) & (1099, 94, 3173, t2=t1+(0, 4)) -> (1099, 37, 1099, t3=t2+(1, 2))	2	115
(3150, 80, 1932, t1) & (1932, 3, 2269, t2=t1+(0, 4)) -> (1932, 80, 2269, t3=t2+(1, 6))	2	116
(3364, 181, 3436, t1) & (1522, 121, 3364, t2=t1+(0, 5)) -> (3364, 181, 3364, t3=t2+(1, 7))	2	117
(4802, 126, 2625, t1) & (1179, 168, 2625, t2=t1+(0, 1)) -> (2625, 168, 4802, t3=t2+(1, 4))	2	118
(1768, 75, 4599, t1) & (3378, 191, 4599, t2=t1+(0, 4)) -> (4599, 75, 3378, t3=t2+(1, 2))	2	119
(1770, 52, 2381, t1) & (1770, 104, 3594, t2=t1+(0, 7)) -> (2381, 104, 1770, t3=t2+(1, 6))	2	120
(560, 135, 3682, t1) & (3682, 113, 3325, t2=t1+(0, 9)) -> (3682, 135, 3325, t3=t2+(1, 4))	2	121
(3742, 150, 121, t1) & (2694, 182, 121, t2=t1+(0, 5)) -> (121, 150, 121, t3=t2+(1, 8))	2	122
(2657, 121, 4475, t1) & (2657, 13, 2657, t2=t1+(0, 4)) -> (4475, 121, 4475, t3=t2+(1, 7))	2	123
(2365, 191, 3743, t1) & (3743, 134, 2365, t2=t1+(0, 2)) -> (2365, 134, 3743, t3=t2+(1, 5))	2	124
(4134, 199, 3770, t1) -> (4134, 199, 3770, t2=t1+(1, 2))	1	125
(3370, 98, 4493, t1) -> (4493, 98, 4493, t2=t1+(1, 1))	1	126
(1504, 131, 3013, t1) -> (3013, 131, 1504, t2=t1+(1, 7))	1	127
(2007, 136, 1704, t1) -> (1704, 136, 1704, t2=t1+(1, 6))	1	128
(2287, 160, 1678, t1) -> (1678, 160, 1678, t2=t1+(1, 5))	1	129
(1095, 188, 4416, t1) -> (4416, 188, 4416, t2=t1+(1, 5))	1	130
(3915, 50, 1058, t1) -> (1058, 50, 1058, t2=t1+(1, 11))	1	131
(3673, 63, 839, t1) -> (3673, 63, 3673, t2=t1+(1, 3))	1	132
(3408, 190, 338, t1) -> (338, 190, 338, t2=t1+(1, 3))	1	133
(4834, 199, 4578, t1) -> (4578, 199, 4834, t2=t1+(1, 9))	1	134
(3684, 30, 496, t1) -> (496, 30, 496, t2=t1+(1, 9))	1	135
(1005, 91, 1066, t1) -> (1066, 91, 1005, t2=t1+(1, 8))	1	136
(2447, 151, 4466, t1) -> (4466, 151, 2447, t2=t1+(1, 4))	1	137
(1634, 176, 4988, t1) -> (4988, 176, 4988, t2=t1+(1, 5))	1	138
(4239, 173, 394, t1) -> (4239, 173, 4239, t2=t1+(1, 2))	1	139
(1796, 92, 3043, t1) -> (3043, 92, 3043, t2=t1+(1, 5))	1	140
(2511, 196, 3723, t1) -> (2511, 196, 2511, t2=t1+(1, 4))	1	141
(3741, 44, 3823, t1) -> (3741, 44, 3823, t2=t1+(1, 7))	1	142
(3382, 175, 1144, t1) -> (1144, 175, 1144, t2=t1+(1, 3))	1	143
(4046, 130, 647, t1) -> (4046, 130, 4046, t2=t1+(1, 6))	1	144
(291, 157, 2651, t1) -> (2651, 157, 2651, t2=t1+(1, 5))	1	145
(1343, 16, 626, t1) -> (626, 16, 1343, t2=t1+(1, 4))	1	146
(2617, 87, 2959, t1) -> (2617, 87, 2959, t2=t1+(1, 2))	1	147
(3076, 173, 436, t1) -> (436, 173, 3076, t2=t1+(1, 6))	1	148
(578, 48, 926, t1) -> (926, 48, 926, t2=t1+(1, 5))	1	149
(440, 131, 3424, t1) -> (440, 131, 3424, t2=t1+(1, 3))	1	150
(1507, 192, 2137, t1) -> (2137, 192, 1507, t2=t1+(1, 5))	1	151
(4145, 84, 4367, t1) -> (4145, 84, 4367, t2=t1+(1, 5))	1	152
(964, 143, 4533, t1) -> (4533, 143, 4533, t2=t1+(1, 6))	1	153
(3383, 196, 64, t1) -> (3383, 196, 3383, t2=t1+(1, 4))	1	154
(4298, 1, 1507, t1) -> (1507, 1, 1507, t2=t1+(1, 9))	1	155
(1290, 159, 4481, t1) -> (1290, 159, 4481, t2=t1+(1, 6))	1	156
(1764, 54, 4814, t1) -> (1764, 54, 1764, t2=t1+(1, 6))	1	157
(1255, 194, 4644, t1) -> (1255, 194, 4644, t2=t1+(1, 5))	1	158
(265, 154, 851, t1) -> (265, 154, 265, t2=t1+(1, 7))	1	159
(1709, 164, 219, t1) -> (1709, 164, 219, t2=t1+(1, 8))	1	160
(1321, 174, 2883, t1) -> (2883, 174, 1321, t2=t1+(1, 6))	1	161
(511, 64, 4885, t1) -> (511, 64, 511, t2=t1+(1, 5))	1	162
(637, 143, 4858, t1) -> (637, 143, 637, t2=t1+(1, 4))	1	163
(4665, 141, 1749, t1) -> (1749, 141, 4665, t2=t1+(1, 6))	1	164
(2699, 34, 1246, t1) -> (2699, 34, 1246, t2=t1+(1, 3))	1	165
(3698, 199, 3111, t1) -> (3698, 199, 3698, t2=t1+(1, 3))	1	166
(1528, 19, 195, t1) -> (1528, 19, 1528, t2=t1+(1, 4))	1	167
(4294, 175, 575, t1) -> (575, 175, 4294, t2=t1+(1, 7))	1	168
(54, 131, 150, t1) -> (150, 131, 150, t2=t1+(1, 3))	1	169
(3255, 42, 3030, t1) -> (3255, 42, 3030, t2=t1+(1, 4))	1	170
(3672, 157, 2017, t1) -> (3672, 157, 3672, t2=t1+(1, 7))	1	171
(1152, 70, 1385, t1) -> (1152, 70, 1152, t2=t1+(1, 10))	1	172
(2946, 171, 1827, t1) -> (2946, 171, 2946, t2=t1+(1, 6))	1	173
(3173, 127, 2922, t1) -> (2922, 127, 2922, t2=t1+(1, 6))	1	174
(2111, 26, 3363, t1) -> (3363, 26, 3363, t2=t1+(1, 8))	1	175
(2721, 162, 4647, t1) -> (2721, 162, 2721, t2=t1+(1, 3))	1	176
(1547, 137, 3536, t1) -> (3536, 137, 1547, t2=t1+(1, 5))	1	177
(1975, 116, 2300, t1) -> (2300, 116, 1975, t2=t1+(1, 5))	1	178
(3632, 166, 4197, t1) -> (3632, 166, 4197, t2=t1+(1, 5))	1	179
(1475, 57, 4079, t1) -> (4079, 57, 4079, t2=t1+(1, 7))	1	180
(3884, 58, 390, t1) -> (3884, 58, 3884, t2=t1+(1, 4))	1	181
(1320, 11, 4686, t1) -> (1320, 11, 4686, t2=t1+(1, 7))	1	182
(2470, 62, 1650, t1) -> (1650, 62, 1650, t2=t1+(1, 5))	1	183
(3934, 34, 686, t1) -> (686, 34, 3934, t2=t1+(1, 3))	1	184
(4665, 28, 582, t1) -> (582, 28, 4665, t2=t1+(1, 5))	1	185
(900, 138, 3625, t1) -> (3625, 138, 3625, t2=t1+(1, 4))	1	186
(2164, 49, 4007, t1) -> (2164, 49, 4007, t2=t1+(1, 5))	1	187
(3788, 67, 1423, t1) -> (1423, 67, 1423, t2=t1+(1, 5))	1	188
(4198, 135, 3568, t1) -> (3568, 135, 3568, t2=t1+(1, 6))	1	189
(167, 109, 216, t1) -> (167, 109, 216, t2=t1+(1, 5))	1	190
(2513, 123, 3417, t1) -> (2513, 123, 3417, t2=t1+(1, 8))	1	191
(3348, 112, 3908, t1) -> (3908, 112, 3348, t2=t1+(1, 5))	1	192
(3330, 42, 1159, t1) -> (1159, 42, 3330, t2=t1+(1, 4))	1	193
(4520, 41, 1601, t1) -> (4520, 41, 1601, t2=t1+(1, 5))	1	194
(3941, 116, 4013, t1) -> (3941, 116, 3941, t2=t1+(1, 13))	1	195
(113, 124, 3065, t1) -> (3065, 124, 113, t2=t1+(1, 6))	1	196
(1207, 88, 2294, t1) -> (1207, 88, 2294, t2=t1+(1, 4))	1	197
(1899, 69, 4399, t1) -> (4399, 69, 1899, t2=t1+(1, 11))	1	198
(3484, 31, 1597, t1) -> (1597, 31, 3484, t2=t1+(1, 4))	1	199
(2667, 115, 2359, t1) -> (2667, 115, 2667, t2=t1+(1, 5))	1	200
(1592, 137, 2620, t1) -> (2620, 137, 1592, t2=t1+(1, 6))	1	201
(4611, 161, 1051, t1) -> (4611, 161, 4611, t2=t1+(1, 4))	1	202
(573, 170, 3210, t1) -> (3210, 170, 3210, t2=t1+(1, 5))	1	203
(1530, 162, 3264, t1) -> (3264, 162, 1530, t2=t1+(1, 9))	1	204
(993, 21, 3787, t1) -> (3787, 21, 993, t2=t1+(1, 3))	1	205
(883, 136, 329, t1) -> (329, 136, 329, t2=t1+(1, 3))	1	206
(3266, 116, 4315, t1) -> (3266, 116, 4315, t2=t1+(1, 3))	1	207
(3646, 57, 230, t1) -> (230, 57, 230, t2=t1+(1, 6))	1	208
(4086, 101, 3384, t1) -> (4086, 101, 3384, t2=t1+(1, 3))	1	209
(4553, 134, 2057, t1) -> (4553, 134, 4553, t2=t1+(1, 4))	1	210
(1709, 158, 4286, t1) -> (4286, 158, 1709, t2=t1+(1, 9))	1	211
(4817, 87, 427, t1) -> (427, 87, 4817, t2=t1+(1, 10))	1	212
(727, 133, 3558, t1) -> (3558, 133, 3558, t2=t1+(1, 1))	1	213
(2918, 67, 2182, t1) -> (2918, 67, 2918, t2=t1+(1, 6))	1	214
(4808, 75, 707, t1) -> (707, 75, 707, t2=t1+(1, 5))	1	215
(1776, 11, 833, t1) -> (1776, 11, 1776, t2=t1+(1, 4))	1	216
(3392, 91, 4808, t1) -> (3392, 91, 4808, t2=t1+(1, 2))	1	217
(3006, 26, 4674, t1) -> (4674, 26, 4674, t2=t1+(1, 4))	1	218
(4734, 77, 3917, t1) -> (4734, 77, 4734, t2=t1+(1, 2))	1	219
(4600, 94, 2434, t1) -> (4600, 94, 4600, t2=t1+(1, 4))	1	220
(2357, 94, 4425, t1) -> (4425, 94, 4425, t2=t1+(1, 1))	1	221
(448, 6, 3382, t1) -> (3382, 6, 3382, t2=t1+(1, 7))	1	222
(2607, 40, 4803, t1) -> (4803, 40, 4803, t2=t1+(1, 11))	1	223
(125, 88, 1607, t1) -> (1607, 88, 125, t2=t1+(1, 3))	1	224
(4302, 148, 151, t1) -> (151, 148, 4302, t2=t1+(1, 4))	1	225
(1840, 69, 4128, t1) -> (1840, 69, 4128, t2=t1+(1, 5))	1	226
(2102, 16, 1856, t1) -> (1856, 16, 2102, t2=t1+(1, 4))	1	227
(1230, 24, 776, t1) -> (1230, 24, 776, t2=t1+(1, 5))	1	228
(4015, 132, 1238, t1) -> (1238, 132, 1238, t2=t1+(1, 5))	1	229
(1734, 170, 3203, t1) -> (3203, 170, 1734, t2=t1+(1, 7))	1	230
(585, 177, 1636, t1) -> (585, 177, 585, t2=t1+(1, 3))	1	231
(1158, 98, 2386, t1) -> (2386, 98, 1158, t2=t1+(1, 10))	1	232
(1660, 193, 2789, t1) -> (2789, 193, 2789, t2=t1+(1, 1))	1	233
(2576, 183, 1964, t1) -> (2576, 183, 2576, t2=t1+(1, 4))	1	234
(391, 140, 591, t1) -> (591, 140, 591, t2=t1+(1, 2))	1	235
(4157, 148, 3173, t1) -> (4157, 148, 3173, t2=t1+(1, 4))	1	236
(3963, 186, 4175, t1) -> (4175, 186, 4175, t2=t1+(1, 4))	1	237
(1094, 4, 2843, t1) -> (1094, 4, 1094, t2=t1+(1, 5))	1	238
(1879, 152, 651, t1) -> (651, 152, 651, t2=t1+(1, 9))	1	239
(4747, 67, 3259, t1) -> (3259, 67, 3259, t2=t1+(1, 4))	1	240
(4207, 136, 743, t1) -> (743, 136, 4207, t2=t1+(1, 3))	1	241
(3402, 103, 2518, t1) -> (3402, 103, 2518, t2=t1+(1, 6))	1	242
(3349, 176, 392, t1) -> (392, 176, 3349, t2=t1+(1, 3))	1	243
(4433, 95, 2831, t1) -> (4433, 95, 4433, t2=t1+(1, 7))	1	244
(167, 127, 4047, t1) -> (4047, 127, 4047, t2=t1+(1, 5))	1	245
(2430, 120, 2939, t1) -> (2430, 120, 2430, t2=t1+(1, 8))	1	246
(1517, 81, 1727, t1) -> (1727, 81, 1727, t2=t1+(1, 3))	1	247
(3317, 103, 3118, t1) -> (3118, 103, 3317, t2=t1+(1, 6))	1	248
(4641, 66, 1573, t1) -> (4641, 66, 4641, t2=t1+(1, 5))	1	249
(915, 19, 763, t1) -> (915, 19, 915, t2=t1+(1, 3))	1	250
(436, 162, 325, t1) -> (436, 162, 436, t2=t1+(1, 4))	1	251
(4569, 49, 2958, t1) -> (2958, 49, 2958, t2=t1+(1, 2))	1	252
(1530, 131, 4181, t1) -> (1530, 131, 4181, t2=t1+(1, 7))	1	253
(2521, 79, 3350, t1) -> (3350, 79, 2521, t2=t1+(1, 4))	1	254
(3522, 166, 2665, t1) -> (2665, 166, 3522, t2=t1+(1, 3))	1	255
(3808, 98, 3857, t1) -> (3857, 98, 3857, t2=t1+(1, 3))	1	256
(4797, 5, 4723, t1) -> (4723, 5, 4797, t2=t1+(1, 5))	1	257
(4386, 60, 2923, t1) -> (4386, 60, 2923, t2=t1+(1, 6))	1	258
(1245, 91, 3323, t1) -> (3323, 91, 3323, t2=t1+(1, 5))	1	259
(1078, 131, 694, t1) -> (694, 131, 694, t2=t1+(1, 6))	1	260
(1161, 79, 4903, t1) -> (1161, 79, 1161, t2=t1+(1, 5))	1	261
(1480, 0, 4754, t1) -> (4754, 0, 4754, t2=t1+(1, 6))	1	262
(3898, 194, 1781, t1) -> (3898, 194, 1781, t2=t1+(1, 1))	1	263
(1383, 89, 4760, t1) -> (1383, 89, 1383, t2=t1+(1, 5))	1	264
(3360, 47, 3819, t1) -> (3360, 47, 3819, t2=t1+(1, 2))	1	265
(3840, 84, 1559, t1) -> (1559, 84, 1559, t2=t1+(1, 6))	1	266
(1126, 1, 3635, t1) -> (3635, 1, 1126, t2=t1+(1, 2))	1	267
(4326, 93, 1899, t1) -> (1899, 93, 4326, t2=t1+(1, 8))	1	268
(1962, 47, 4826, t1) -> (4826, 47, 4826, t2=t1+(1, 6))	1	269
(4827, 142, 2623, t1) -> (4827, 142, 2623, t2=t1+(1, 6))	1	270
(929, 106, 2998, t1) -> (2998, 106, 2998, t2=t1+(1, 7))	1	271
(3397, 74, 2892, t1) -> (2892, 74, 3397, t2=t1+(1, 4))	1	272
(3372, 105, 1805, t1) -> (1805, 105, 3372, t2=t1+(1, 7))	1	273
(491, 115, 2729, t1) -> (2729, 115, 491, t2=t1+(1, 1))	1	274
(1840, 163, 1302, t1) -> (1302, 163, 1302, t2=t1+(1, 11))	1	275
(911, 188, 4390, t1) -> (4390, 188, 4390, t2=t1+(1, 4))	1	276
(3418, 139, 1082, t1) -> (3418, 139, 1082, t2=t1+(1, 8))	1	277
(4436, 127, 327, t1) -> (327, 127, 4436, t2=t1+(1, 1))	1	278
(802, 112, 3890, t1) -> (3890, 112, 3890, t2=t1+(1, 7))	1	279
(2619, 15, 2544, t1) -> (2544, 15, 2544, t2=t1+(1, 7))	1	280
(918, 12, 31, t1) -> (918, 12, 918, t2=t1+(1, 10))	1	281
(1341, 63, 3114, t1) -> (3114, 63, 3114, t2=t1+(1, 8))	1	282
(2200, 110, 709, t1) -> (709, 110, 709, t2=t1+(1, 7))	1	283
(2558, 141, 1815, t1) -> (1815, 141, 1815, t2=t1+(1, 8))	1	284
(566, 145, 890, t1) -> (890, 145, 890, t2=t1+(1, 5))	1	285
(3412, 73, 2810, t1) -> (3412, 73, 2810, t2=t1+(1, 2))	1	286
(1245, 154, 2566, t1) -> (2566, 154, 2566, t2=t1+(1, 3))	1	287
(3354, 106, 4584, t1) -> (4584, 106, 4584, t2=t1+(1, 1))	1	288
(4973, 22, 1026, t1) -> (4973, 22, 4973, t2=t1+(1, 5))	1	289
(2348, 7, 4514, t1) -> (2348, 7, 4514, t2=t1+(1, 4))	1	290
(3157, 84, 1146, t1) -> (1146, 84, 3157, t2=t1+(1, 4))	1	291
(1076, 51, 2993, t1) -> (1076, 51, 1076, t2=t1+(1, 4))	1	292
(1363, 4, 3721, t1) -> (3721, 4, 1363, t2=t1+(1, 5))	1	293
(2154, 161, 2346, t1) -> (2346, 161, 2346, t2=t1+(1, 7))	1	294
(4522, 161, 1788, t1) -> (4522, 161, 1788, t2=t1+(1, 5))	1	295
(2119, 115, 588, t1) -> (588, 115, 2119, t2=t1+(1, 7))	1	296
(1719, 132, 3369, t1) -> (1719, 132, 3369, t2=t1+(1, 6))	1	297
(2046, 20, 1336, t1) -> (1336, 20, 1336, t2=t1+(1, 7))	1	298
(2569, 28, 2574, t1) -> (2569, 28, 2574, t2=t1+(1, 2))	1	299
(4617, 41, 2868, t1) -> (4617, 41, 4617, t2=t1+(1, 7))	1	300
(3920, 72, 108, t1) -> (3920, 72, 108, t2=t1+(1, 1))	1	301
(1654, 9, 1169, t1) -> (1654, 9, 1169, t2=t1+(1, 9))	1	302
(2262, 104, 2530, t1) -> (2262, 104, 2530, t2=t1+(1, 5))	1	303
(4234, 112, 1566, t1) -> (1566, 112, 1566, t2=t1+(1, 5))	1	304
(2423, 28, 3970, t1) -> (3970, 28, 3970, t2=t1+(1, 5))	1	305
(1298, 36, 1946, t1) -> (1298, 36, 1298, t2=t1+(1, 4))	1	306
(1636, 24, 4522, t1) -> (1636, 24, 4522, t2=t1+(1, 5))	1	307
(495, 108, 1035, t1) -> (495, 108, 1035, t2=t1+(1, 3))	1	308
(3283, 115, 3326, t1) -> (3283, 115, 3326, t2=t1+(1, 3))	1	309
(899, 89, 3024, t1) -> (3024, 89, 3024, t2=t1+(1, 5))	1	310
(95, 28, 2398, t1) -> (95, 28, 2398, t2=t1+(1, 6))	1	311
(1860, 181, 2326, t1) -> (1860, 181, 2326, t2=t1+(1, 5))	1	312
(2143, 76, 1961, t1) -> (2143, 76, 2143, t2=t1+(1, 4))	1	313
(2994, 113, 4750, t1) -> (2994, 113, 4750, t2=t1+(1, 3))	1	314
(4577, 147, 4801, t1) -> (4577, 147, 4577, t2=t1+(1, 9))	1	315
(1124, 4, 660, t1) -> (660, 4, 1124, t2=t1+(1, 4))	1	316
(3881, 0, 1265, t1) -> (3881, 0, 1265, t2=t1+(1, 4))	1	317
(1626, 16, 1363, t1) -> (1626, 16, 1363, t2=t1+(1, 5))	1	318
(2694, 163, 1421, t1) -> (1421, 163, 1421, t2=t1+(1, 5))	1	319
(4338, 26, 2816, t1) -> (4338, 26, 2816, t2=t1+(1, 6))	1	320
(3700, 15, 3010, t1) -> (3010, 15, 3010, t2=t1+(1, 4))	1	321
(3727, 17, 4619, t1) -> (4619, 17, 3727, t2=t1+(1, 7))	1	322
(4471, 55, 3288, t1) -> (3288, 55, 3288, t2=t1+(1, 6))	1	323
(1657, 139, 4907, t1) -> (1657, 139, 1657, t2=t1+(1, 8))	1	324
(404, 60, 2783, t1) -> (404, 60, 2783, t2=t1+(1, 11))	1	325
(294, 113, 3475, t1) -> (294, 113, 294, t2=t1+(1, 1))	1	326
(3981, 109, 821, t1) -> (3981, 109, 821, t2=t1+(1, 10))	1	327
(4209, 135, 2032, t1) -> (2032, 135, 2032, t2=t1+(1, 8))	1	328
(499, 35, 2786, t1) -> (2786, 35, 499, t2=t1+(1, 6))	1	329
(4798, 9, 2264, t1) -> (2264, 9, 2264, t2=t1+(1, 6))	1	330
(4838, 31, 1426, t1) -> (1426, 31, 4838, t2=t1+(1, 6))	1	331
(3230, 89, 4556, t1) -> (4556, 89, 3230, t2=t1+(1, 4))	1	332
(3551, 155, 4615, t1) -> (3551, 155, 4615, t2=t1+(1, 5))	1	333
(4953, 56, 2034, t1) -> (4953, 56, 4953, t2=t1+(1, 4))	1	334
(4169, 48, 4796, t1) -> (4796, 48, 4796, t2=t1+(1, 5))	1	335
(2365, 60, 3369, t1) -> (2365, 60, 3369, t2=t1+(1, 5))	1	336
(1842, 45, 1449, t1) -> (1842, 45, 1449, t2=t1+(1, 4))	1	337
(3108, 22, 965, t1) -> (965, 22, 3108, t2=t1+(1, 5))	1	338
(3481, 34, 4068, t1) -> (3481, 34, 4068, t2=t1+(1, 4))	1	339
(4763, 116, 2906, t1) -> (4763, 116, 4763, t2=t1+(1, 2))	1	340
(1271, 116, 2225, t1) -> (2225, 116, 2225, t2=t1+(1, 5))	1	341
(2123, 147, 4498, t1) -> (4498, 147, 2123, t2=t1+(1, 5))	1	342
(4007, 115, 1905, t1) -> (4007, 115, 4007, t2=t1+(1, 6))	1	343
(1278, 22, 507, t1) -> (507, 22, 507, t2=t1+(1, 2))	1	344
(3455, 27, 3522, t1) -> (3455, 27, 3522, t2=t1+(1, 2))	1	345
(1859, 156, 3950, t1) -> (1859, 156, 1859, t2=t1+(1, 1))	1	346
(2947, 123, 3057, t1) -> (2947, 123, 2947, t2=t1+(1, 3))	1	347
(2425, 120, 4657, t1) -> (2425, 120, 2425, t2=t1+(1, 4))	1	348
(4356, 72, 4157, t1) -> (4157, 72, 4356, t2=t1+(1, 6))	1	349
(3236, 21, 2887, t1) -> (3236, 21, 3236, t2=t1+(1, 5))	1	350
(2910, 190, 1210, t1) -> (1210, 190, 2910, t2=t1+(1, 7))	1	351
(2747, 99, 4804, t1) -> (4804, 99, 2747, t2=t1+(1, 4))	1	352
(4567, 115, 2583, t1) -> (2583, 115, 2583, t2=t1+(1, 4))	1	353
(4663, 146, 770, t1) -> (4663, 146, 4663, t2=t1+(1, 6))	1	354
(1880, 190, 1986, t1) -> (1880, 190, 1986, t2=t1+(1, 5))	1	355
(4695, 185, 985, t1) -> (4695, 185, 4695, t2=t1+(1, 4))	1	356
(3442, 10, 4979, t1) -> (3442, 10, 3442, t2=t1+(1, 4))	1	357
(4557, 3, 1502, t1) -> (4557, 3, 1502, t2=t1+(1, 8))	1	358
(203, 15, 568, t1) -> (568, 15, 203, t2=t1+(1, 3))	1	359
(2481, 112, 1757, t1) -> (1757, 112, 1757, t2=t1+(1, 4))	1	360
(413, 129, 2162, t1) -> (2162, 129, 413, t2=t1+(1, 4))	1	361
(3275, 70, 3604, t1) -> (3604, 70, 3604, t2=t1+(1, 3))	1	362
(3808, 108, 2314, t1) -> (3808, 108, 3808, t2=t1+(1, 4))	1	363
(4222, 155, 1518, t1) -> (4222, 155, 4222, t2=t1+(1, 5))	1	364
(714, 49, 1050, t1) -> (1050, 49, 1050, t2=t1+(1, 7))	1	365
(1207, 160, 3719, t1) -> (1207, 160, 3719, t2=t1+(1, 6))	1	366
(1140, 22, 1365, t1) -> (1140, 22, 1365, t2=t1+(1, 6))	1	367
(3991, 97, 3286, t1) -> (3286, 97, 3286, t2=t1+(1, 6))	1	368
(2831, 70, 800, t1) -> (800, 70, 2831, t2=t1+(1, 8))	1	369
(4832, 166, 4670, t1) -> (4670, 166, 4832, t2=t1+(1, 3))	1	370
(4058, 177, 4675, t1) -> (4675, 177, 4058, t2=t1+(1, 3))	1	371
(2214, 80, 4282, t1) -> (4282, 80, 2214, t2=t1+(1, 2))	1	372
(306, 82, 386, t1) -> (306, 82, 306, t2=t1+(1, 5))	1	373
(1066, 159, 494, t1) -> (494, 159, 494, t2=t1+(1, 6))	1	374
(272, 107, 917, t1) -> (272, 107, 917, t2=t1+(1, 4))	1	375
(1344, 10, 405, t1) -> (405, 10, 1344, t2=t1+(1, 8))	1	376
(3931, 186, 3365, t1) -> (3365, 186, 3365, t2=t1+(1, 7))	1	377
(1339, 177, 1982, t1) -> (1339, 177, 1339, t2=t1+(1, 6))	1	378
(2547, 20, 2937, t1) -> (2937, 20, 2937, t2=t1+(1, 6))	1	379
(1426, 12, 3185, t1) -> (3185, 12, 3185, t2=t1+(1, 4))	1	380
(678, 19, 1182, t1) -> (678, 19, 678, t2=t1+(1, 5))	1	381
(3509, 145, 2756, t1) -> (2756, 145, 2756, t2=t1+(1, 5))	1	382
(1756, 29, 2730, t1) -> (2730, 29, 2730, t2=t1+(1, 6))	1	383
(1237, 1, 2835, t1) -> (2835, 1, 1237, t2=t1+(1, 3))	1	384
(474, 38, 1672, t1) -> (474, 38, 474, t2=t1+(1, 6))	1	385
(4968, 5, 2514, t1) -> (4968, 5, 2514, t2=t1+(1, 4))	1	386
(3072, 91, 4468, t1) -> (4468, 91, 3072, t2=t1+(1, 4))	1	387
(2028, 152, 3465, t1) -> (2028, 152, 2028, t2=t1+(1, 1))	1	388
(2773, 17, 3267, t1) -> (2773, 17, 3267, t2=t1+(1, 5))	1	389
(4485, 112, 531, t1) -> (4485, 112, 531, t2=t1+(1, 5))	1	390
(4890, 194, 995, t1) -> (4890, 194, 4890, t2=t1+(1, 7))	1	391
(2188, 184, 4195, t1) -> (2188, 184, 2188, t2=t1+(1, 4))	1	392
(33, 32, 325, t1) -> (33, 32, 325, t2=t1+(1, 5))	1	393
(4369, 163, 2725, t1) -> (4369, 163, 2725, t2=t1+(1, 5))	1	394
(4603, 155, 1204, t1) -> (4603, 155, 1204, t2=t1+(1, 8))	1	395
(3006, 199, 3939, t1) -> (3939, 199, 3006, t2=t1+(1, 7))	1	396
(1387, 33, 723, t1) -> (1387, 33, 723, t2=t1+(1, 3))	1	397
(3276, 60, 3307, t1) -> (3276, 60, 3276, t2=t1+(1, 4))	1	398
(1016, 0, 1840, t1) -> (1016, 0, 1840, t2=t1+(1, 6))	1	399
(2423, 117, 4448, t1) -> (4448, 117, 4448, t2=t1+(1, 3))	1	400
(3222, 144, 1791, t1) -> (3222, 144, 1791, t2=t1+(1, 2))	1	401
(1849, 96, 2948, t1) -> (2948, 96, 1849, t2=t1+(1, 6))	1	402
(1379, 72, 3562, t1) -> (1379, 72, 1379, t2=t1+(1, 5))	1	403
(1032, 71, 3159, t1) -> (3159, 71, 3159, t2=t1+(1, 5))	1	404
(2612, 38, 917, t1) -> (917, 38, 917, t2=t1+(1, 3))	1	405
(3618, 121, 2691, t1) -> (2691, 121, 3618, t2=t1+(1, 5))	1	406
(2721, 44, 4607, t1) -> (2721, 44, 2721, t2=t1+(1, 10))	1	407
(1293, 47, 2938, t1) -> (1293, 47, 2938, t2=t1+(1, 2))	1	408
(3008, 55, 4579, t1) -> (3008, 55, 3008, t2=t1+(1, 3))	1	409
(629, 155, 1674, t1) -> (1674, 155, 1674, t2=t1+(1, 7))	1	410
(3613, 183, 2540, t1) -> (2540, 183, 3613, t2=t1+(1, 5))	1	411
(3227, 23, 832, t1) -> (3227, 23, 3227, t2=t1+(1, 8))	1	412
(382, 152, 2546, t1) -> (382, 152, 2546, t2=t1+(1, 4))	1	413
(2533, 137, 2051, t1) -> (2051, 137, 2051, t2=t1+(1, 7))	1	414
(491, 22, 3987, t1) -> (491, 22, 3987, t2=t1+(1, 5))	1	415
(762, 141, 4590, t1) -> (762, 141, 4590, t2=t1+(1, 5))	1	416
(2783, 82, 2536, t1) -> (2536, 82, 2536, t2=t1+(1, 2))	1	417
(2311, 151, 1996, t1) -> (1996, 151, 2311, t2=t1+(1, 8))	1	418
(3406, 62, 2221, t1) -> (3406, 62, 2221, t2=t1+(1, 6))	1	419
(3234, 108, 1549, t1) -> (1549, 108, 1549, t2=t1+(1, 3))	1	420
(1624, 117, 509, t1) -> (509, 117, 509, t2=t1+(1, 2))	1	421
(1535, 6, 1252, t1) -> (1535, 6, 1252, t2=t1+(1, 8))	1	422
(1235, 190, 3177, t1) -> (3177, 190, 1235, t2=t1+(1, 4))	1	423
(3385, 193, 4769, t1) -> (3385, 193, 4769, t2=t1+(1, 3))	1	424
(371, 180, 4926, t1) -> (4926, 180, 4926, t2=t1+(1, 2))	1	425
(3720, 159, 2713, t1) -> (2713, 159, 3720, t2=t1+(1, 8))	1	426
(1797, 133, 2542, t1) -> (2542, 133, 2542, t2=t1+(1, 4))	1	427
(3020, 146, 1968, t1) -> (1968, 146, 1968, t2=t1+(1, 5))	1	428
(1022, 143, 4577, t1) -> (1022, 143, 1022, t2=t1+(1, 8))	1	429
(1452, 138, 4975, t1) -> (1452, 138, 1452, t2=t1+(1, 6))	1	430
(3704, 20, 138, t1) -> (138, 20, 3704, t2=t1+(1, 4))	1	431
(4058, 175, 1306, t1) -> (4058, 175, 4058, t2=t1+(1, 5))	1	432
(208, 132, 1320, t1) -> (1320, 132, 208, t2=t1+(1, 5))	1	433
(4249, 195, 1387, t1) -> (4249, 195, 1387, t2=t1+(1, 6))	1	434
(1369, 9, 3083, t1) -> (3083, 9, 3083, t2=t1+(1, 10))	1	435
(2437, 127, 539, t1) -> (539, 127, 539, t2=t1+(1, 2))	1	436
(3455, 27, 1943, t1) -> (1943, 27, 3455, t2=t1+(1, 5))	1	437
(917, 76, 1197, t1) -> (917, 76, 917, t2=t1+(1, 6))	1	438
(1890, 107, 2232, t1) -> (2232, 107, 1890, t2=t1+(1, 2))	1	439
(3420, 76, 3423, t1) -> (3423, 76, 3420, t2=t1+(1, 8))	1	440
(1464, 13, 4284, t1) -> (4284, 13, 4284, t2=t1+(1, 3))	1	441
(4343, 134, 1366, t1) -> (4343, 134, 4343, t2=t1+(1, 3))	1	442
(3524, 21, 3778, t1) -> (3778, 21, 3778, t2=t1+(1, 5))	1	443
(946, 17, 3708, t1) -> (946, 17, 946, t2=t1+(1, 9))	1	444
(2815, 34, 1467, t1) -> (1467, 34, 1467, t2=t1+(1, 9))	1	445
(3809, 195, 1997, t1) -> (3809, 195, 3809, t2=t1+(1, 3))	1	446
(2843, 13, 2117, t1) -> (2117, 13, 2843, t2=t1+(1, 2))	1	447
(440, 180, 1679, t1) -> (1679, 180, 1679, t2=t1+(1, 6))	1	448
(628, 4, 2474, t1) -> (2474, 4, 2474, t2=t1+(1, 5))	1	449
(609, 194, 4049, t1) -> (609, 194, 609, t2=t1+(1, 6))	1	450
(4223, 181, 1344, t1) -> (4223, 181, 4223, t2=t1+(1, 6))	1	451
(3591, 92, 4457, t1) -> (4457, 92, 4457, t2=t1+(1, 6))	1	452
(4832, 32, 361, t1) -> (361, 32, 361, t2=t1+(1, 6))	1	453
(3948, 58, 3061, t1) -> (3948, 58, 3948, t2=t1+(1, 9))	1	454
(4081, 147, 1788, t1) -> (4081, 147, 1788, t2=t1+(1, 5))	1	455
(1603, 172, 1103, t1) -> (1603, 172, 1603, t2=t1+(1, 8))	1	456
(1928, 148, 3840, t1) -> (1928, 148, 1928, t2=t1+(1, 9))	1	457
(3935, 133, 4731, t1) -> (4731, 133, 3935, t2=t1+(1, 3))	1	458
(3647, 135, 1037, t1) -> (1037, 135, 1037, t2=t1+(1, 6))	1	459
(2111, 136, 4444, t1) -> (2111, 136, 4444, t2=t1+(1, 4))	1	460
(3919, 111, 4328, t1) -> (4328, 111, 3919, t2=t1+(1, 7))	1	461
(3126, 197, 4533, t1) -> (4533, 197, 4533, t2=t1+(1, 3))	1	462
(4044, 21, 2602, t1) -> (4044, 21, 2602, t2=t1+(1, 7))	1	463
(2437, 136, 1726, t1) -> (1726, 136, 1726, t2=t1+(1, 5))	1	464
(3585, 145, 3499, t1) -> (3499, 145, 3499, t2=t1+(1, 5))	1	465
(4857, 48, 1817, t1) -> (1817, 48, 1817, t2=t1+(1, 3))	1	466
(3875, 196, 3788, t1) -> (3875, 196, 3875, t2=t1+(1, 7))	1	467
(32, 35, 887, t1) -> (887, 35, 32, t2=t1+(1, 4))	1	468
(2058, 65, 3947, t1) -> (3947, 65, 3947, t2=t1+(1, 4))	1	469
(4306, 70, 3984, t1) -> (4306, 70, 3984, t2=t1+(1, 1))	1	470
(4860, 194, 3896, t1) -> (4860, 194, 3896, t2=t1+(1, 9))	1	471
(3104, 119, 377, t1) -> (377, 119, 3104, t2=t1+(1, 9))	1	472
(3284, 34, 2326, t1) -> (2326, 34, 3284, t2=t1+(1, 5))	1	473
(2392, 192, 3654, t1) -> (2392, 192, 2392, t2=t1+(1, 3))	1	474
(4271, 148, 1021, t1) -> (1021, 148, 4271, t2=t1+(1, 4))	1	475
(2893, 88, 1246, t1) -> (2893, 88, 2893, t2=t1+(1, 2))	1	476
(1360, 21, 718, t1) -> (1360, 21, 1360, t2=t1+(1, 4))	1	477
(776, 128, 2311, t1) -> (776, 128, 776, t2=t1+(1, 7))	1	478
(4022, 34, 830, t1) -> (4022, 34, 830, t2=t1+(1, 5))	1	479
(4545, 28, 743, t1) -> (743, 28, 4545, t2=t1+(1, 4))	1	480
(1540, 187, 4394, t1) -> (4394, 187, 1540, t2=t1+(1, 3))	1	481
(4994, 170, 2766, t1) -> (4994, 170, 4994, t2=t1+(1, 6))	1	482
(4445, 136, 3551, t1) -> (3551, 136, 3551, t2=t1+(1, 4))	1	483
(2599, 170, 3708, t1) -> (2599, 170, 3708, t2=t1+(1, 2))	1	484
(2475, 164, 4331, t1) -> (2475, 164, 2475, t2=t1+(1, 4))	1	485
(7, 51, 4401, t1) -> (4401, 51, 4401, t2=t1+(1, 7))	1	486
(4151, 148, 106, t1) -> (4151, 148, 106, t2=t1+(1, 4))	1	487
(4676, 97, 2797, t1) -> (4676, 97, 2797, t2=t1+(1, 1))	1	488
(3387, 24, 4266, t1) -> (3387, 24, 3387, t2=t1+(1, 4))	1	489
(3598, 178, 4196, t1) -> (3598, 178, 4196, t2=t1+(1, 7))	1	490
(3782, 199, 918, t1) -> (918, 199, 918, t2=t1+(1, 9))	1	491
(4831, 123, 2393, t1) -> (2393, 123, 2393, t2=t1+(1, 6))	1	492
(3140, 29, 1712, t1) -> (1712, 29, 1712, t2=t1+(1, 6))	1	493
(2766, 170, 1236, t1) -> (1236, 170, 1236, t2=t1+(1, 5))	1	494
(3993, 92, 2885, t1) -> (3993, 92, 2885, t2=t1+(1, 6))	1	495
(1005, 94, 2000, t1) -> (1005, 94, 1005, t2=t1+(1, 3))	1	496
(4359, 64, 1776, t1) -> (4359, 64, 1776, t2=t1+(1, 2))	1	497
(2977, 190, 2851, t1) -> (2977, 190, 2977, t2=t1+(1, 2))	1	498
(4954, 18, 259, t1) -> (4954, 18, 259, t2=t1+(1, 5))	1	499
(631, 37, 4157, t1) -> (631, 37, 631, t2=t1+(1, 7))	1	500
(2832, 151, 3617, t1) -> (2832, 151, 2832, t2=t1+(1, 5))	1	501
(1723, 4, 2607, t1) -> (2607, 4, 2607, t2=t1+(1, 4))	1	502
(1622, 65, 4585, t1) -> (1622, 65, 1622, t2=t1+(1, 2))	1	503
(3075, 97, 3153, t1) -> (3153, 97, 3153, t2=t1+(1, 5))	1	504
(2351, 180, 2227, t1) -> (2351, 180, 2351, t2=t1+(1, 5))	1	505
(62, 50, 920, t1) -> (920, 50, 62, t2=t1+(1, 3))	1	506
(4914, 195, 1943, t1) -> (1943, 195, 1943, t2=t1+(1, 7))	1	507
(2436, 129, 1467, t1) -> (1467, 129, 1467, t2=t1+(1, 3))	1	508
(3783, 8, 1385, t1) -> (3783, 8, 1385, t2=t1+(1, 6))	1	509
(690, 104, 4586, t1) -> (4586, 104, 4586, t2=t1+(1, 4))	1	510
(1749, 49, 2025, t1) -> (1749, 49, 2025, t2=t1+(1, 5))	1	511
(1314, 65, 1353, t1) -> (1353, 65, 1353, t2=t1+(1, 7))	1	512
(927, 21, 1635, t1) -> (1635, 21, 1635, t2=t1+(1, 8))	1	513
(1522, 156, 1810, t1) -> (1522, 156, 1810, t2=t1+(1, 7))	1	514
(1067, 15, 4962, t1) -> (1067, 15, 1067, t2=t1+(1, 6))	1	515
(177, 57, 4683, t1) -> (177, 57, 177, t2=t1+(1, 7))	1	516
(1388, 120, 87, t1) -> (87, 120, 1388, t2=t1+(1, 8))	1	517
(2791, 23, 478, t1) -> (478, 23, 478, t2=t1+(1, 6))	1	518
(4092, 139, 969, t1) -> (969, 139, 969, t2=t1+(1, 3))	1	519
(4411, 29, 3701, t1) -> (3701, 29, 3701, t2=t1+(1, 7))	1	520
(1751, 130, 3630, t1) -> (1751, 130, 1751, t2=t1+(1, 7))	1	521
(1362, 87, 1599, t1) -> (1362, 87, 1599, t2=t1+(1, 4))	1	522
(3475, 184, 4460, t1) -> (4460, 184, 3475, t2=t1+(1, 4))	1	523
(758, 92, 146, t1) -> (758, 92, 146, t2=t1+(1, 4))	1	524
