(1088, 22, 2370, t1) & (3137, 163, 3458, t2=t1+(0, 5)) & (2370, 110, 3137, t3=t2+(0, 10)) -> (3137, 22, 2370, t4=t3+(1, 3))	3	0
(60, 114, 4631, t1) & (2367, 196, 2805, t2=t1+(0, 7)) & (2805, 163, 4631, t3=t2+(0, 3)) -> (2805, 114, 2805, t4=t3+(1, 3))	3	1
(4612, 196, 3736, t1) & (1496, 145, 4971, t2=t1+(0, 3)) & (4971, 44, 4612, t3=t2+(0, 4)) -> (3736, 145, 3736, t4=t3+(1, 6))	3	2
(3557, 82, 209, t1) & (4504, 39, 1987, t2=t1+(0, 9)) & (4504, 188, 209, t3=t2+(0, 4)) -> (209, 39, 1987, t4=t3+(1, 4))	3	3
(345, 43, 2897, t1) & (2405, 187, 437, t2=t1+(0, 7)) & (2897, 170, 2405, t3=t2+(0, 5)) -> (2897, 187, 2897, t4=t3+(1, 9))	3	4
(4297, 187, 3824, t1) & (2012, 20, 4477, t2=t1+(0, 9)) & (4297, 81, 2012, t3=t2+(0, 4)) -> (4297, 81, 2012, t4=t3+(1, 6))	3	5
(1040, 179, 4289, t1) & (2613, 121, 2528, t2=t1+(0, 1)) & (4289, 177, 2528, t3=t2+(0, 10)) -> (2528, 179, 2613, t4=t3+(1, 2))	3	6
(3741, 186, 4454, t1) & (1356, 41, 4666, t2=t1+(0, 3)) & (4666, 188, 4454, t3=t2+(0, 1)) -> (4666, 188, 4454, t4=t3+(1, 4))	3	7
(601, 198, 2744, t1) & (4921, 166, 582, t2=t1+(0, 7)) & (2744, 154, 4921, t3=t2+(0, 7)) -> (4921, 198, 2744, t4=t3+(1, 4))	3	8
(3252, 102, 218, t1) & (4310, 84, 2724, t2=t1+(0, 8)) & (2724, 26, 218, t3=t2+(0, 7)) -> (4310, 102, 3252, t4=t3+(1, 5))	3	9
(3908, 194, 2146, t1) & (4088, 172, 1088, t2=t1+(0, 2)) & (3908, 172, 4088, t3=t2+(0, 6)) -> (3908, 172, 4088, t4=t3+(1, 8))	3	10
(4200, 191, 3765, t1) & (1770, 186, 1192, t2=t1+(0, 6)) & (3765, 155, 1770, t3=t2+(0, 3)) -> (4200, 191, 1192, t4=t3+(1, 9))	3	11
(3208, 32, 4643, t1) & (4987, 127, 2260, t2=t1+(0, 3)) & (4987, 71, 4643, t3=t2+(0, 4)) -> (3208, 71, 3208, t4=t3+(1, 4))	3	12
(4806, 191, 582, t1) & (1105, 110, 2423, t2=t1+(0, 9)) & (2423, 183, 4806, t3=t2+(0, 5)) -> (2423, 183, 2423, t4=t3+(1, 8))	3	13
(3231, 166, 4360, t1) & (697, 156, 362, t2=t1+(0, 2)) & (697, 119, 3231, t3=t2+(0, 5)) -> (697, 166, 697, t4=t3+(1, 4))	3	14
(3026, 7, 893, t1) & (1134, 151, 1088, t2=t1+(0, 6)) & (1088, 2, 3026, t3=t2+(0, 5)) -> (893, 2, 1088, t4=t3+(1, 4))	3	15
(4669, 94, 4771, t1) & (3358, 4, 3209, t2=t1+(0, 4)) & (3358, 73, 4771, t3=t2+(0, 6)) -> (4771, 4, 3358, t4=t3+(1, 2))	3	16
(65, 37, 1488, t1) & (1076, 188, 1507, t2=t1+(0, 6)) & (1488, 52, 1507, t3=t2+(0, 2)) -> (1488, 188, 1488, t4=t3+(1, 3))	3	17
(3506, 16, 3090, t1) & (1801, 11, 2165, t2=t1+(0, 2)) & (3090, 114, 1801, t3=t2+(0, 6)) -> (3090, 16, 1801, t4=t3+(1, 5))	3	18
(2515, 2, 2323, t1) & (2883, 132, 525, t2=t1+(0, 5)) & (2323, 0, 2883, t3=t2+(0, 3)) -> (2883, 2, 2883, t4=t3+(1, 5))	3	19
(4936, 161, 4304, t1) & (3090, 196, 1749, t2=t1+(0, 3)) & (3090, 189, 4304, t3=t2+(0, 3)) -> (4304, 196, 3090, t4=t3+(1, 2))	3	20
(184, 132, 2265, t1) & (2332, 111, 425, t2=t1+(0, 3)) & (184, 173, 2332, t3=t2+(0, 3)) -> (184, 132, 2332, t4=t3+(1, 9))	3	21
(4841, 149, 3411, t1) & (2206, 114, 1655, t2=t1+(0, 8)) & (1655, 62, 3411, t3=t2+(0, 2)) -> (3411, 149, 1655, t4=t3+(1, 4))	3	22
(4937, 198, 4781, t1) & (4172, 119, 3227, t2=t1+(0, 8)) & (4172, 57, 4781, t3=t2+(0, 5)) -> (4172, 198, 3227, t4=t3+(1, 3))	3	23
(1076, 81, 2226, t1) & (664, 160, 1110, t2=t1+(0, 5)) & (2226, 48, 1110, t3=t2+(0, 6)) -> (1110, 48, 664, t4=t3+(1, 9))	3	24
(936, 157, 3593, t1) & (873, 163, 139, t2=t1+(0, 2)) & (936, 175, 873, t3=t2+(0, 7)) -> (873, 175, 936, t4=t3+(1, 8))	3	25
(531, 58, 2009, t1) & (1665, 65, 4936, t2=t1+(0, 3)) & (2009, 28, 1665, t3=t2+(0, 6)) -> (4936, 65, 2009, t4=t3+(1, 7))	3	26
(1594, 68, 4837, t1) & (488, 36, 3219, t2=t1+(0, 5)) & (1594, 143, 488, t3=t2+(0, 6)) -> (3219, 36, 488, t4=t3+(1, 3))	3	27
(3223, 49, 2336, t1) & (1338, 83, 917, t2=t1+(0, 7)) & (1338, 54, 2336, t3=t2+(0, 6)) -> (917, 49, 1338, t4=t3+(1, 3))	3	28
(2216, 116, 1187, t1) & (1508, 163, 3075, t2=t1+(0, 3)) & (1187, 43, 3075, t3=t2+(0, 2)) -> (1187, 116, 1187, t4=t3+(1, 7))	3	29
(3274, 3, 1947, t1) & (2510, 147, 2897, t2=t1+(0, 5)) & (2897, 139, 3274, t3=t2+(0, 5)) -> (1947, 139, 2897, t4=t3+(1, 3))	3	30
(4243, 34, 4615, t1) & (1413, 76, 495, t2=t1+(0, 5)) & (495, 79, 4615, t3=t2+(0, 3)) -> (1413, 34, 495, t4=t3+(1, 8))	3	31
(3924, 0, 2589, t1) & (4662, 95, 461, t2=t1+(0, 5)) & (4662, 173, 3924, t3=t2+(0, 3)) -> (2589, 95, 3924, t4=t3+(1, 11))	3	32
(3909, 135, 425, t1) & (3707, 154, 2406, t2=t1+(0, 5)) & (3909, 108, 2406, t3=t2+(0, 5)) -> (3909, 135, 3707, t4=t3+(1, 7))	3	33
(4941, 195, 2742, t1) & (697, 45, 3746, t2=t1+(0, 5)) & (697, 66, 4941, t3=t2+(0, 6)) -> (697, 45, 4941, t4=t3+(1, 5))	3	34
(732, 134, 3803, t1) & (4078, 94, 2265, t2=t1+(0, 5)) & (3803, 85, 4078, t3=t2+(0, 3)) -> (3803, 134, 732, t4=t3+(1, 6))	3	35
(1223, 16, 1018, t1) & (3387, 126, 3949, t2=t1+(0, 7)) & (3387, 48, 1018, t3=t2+(0, 7)) -> (3949, 16, 3949, t4=t3+(1, 6))	3	36
(2772, 190, 732, t1) & (3958, 107, 1056, t2=t1+(0, 3)) & (732, 57, 3958, t3=t2+(0, 3)) -> (2772, 57, 2772, t4=t3+(1, 3))	3	37
(3164, 42, 1568, t1) & (697, 77, 4937, t2=t1+(0, 4)) & (1568, 1, 697, t3=t2+(0, 4)) -> (3164, 1, 1568, t4=t3+(1, 4))	3	38
(1434, 12, 3965, t1) & (525, 164, 4640, t2=t1+(0, 8)) & (1434, 72, 4640, t3=t2+(0, 10)) -> (4640, 72, 1434, t4=t3+(1, 7))	3	39
(152, 170, 482, t1) & (1356, 146, 232, t2=t1+(0, 4)) & (232, 39, 482, t3=t2+(0, 3)) -> (232, 146, 232, t4=t3+(1, 3))	3	40
(3065, 129, 793, t1) & (41, 191, 3705, t2=t1+(0, 3)) & (3065, 100, 3705, t3=t2+(0, 2)) -> (3705, 129, 3065, t4=t3+(1, 1))	3	41
(3606, 185, 4595, t1) & (1537, 135, 1550, t2=t1+(0, 1)) & (4595, 198, 1537, t3=t2+(0, 2)) -> (3606, 198, 1537, t4=t3+(1, 5))	3	42
(2157, 67, 4392, t1) & (4446, 116, 2974, t2=t1+(0, 10)) & (2157, 128, 2974, t3=t2+(0, 6)) -> (2157, 128, 2974, t4=t3+(1, 4))	3	43
(1054, 56, 3547, t1) & (461, 37, 1519, t2=t1+(0, 6)) & (1519, 36, 1054, t3=t2+(0, 7)) -> (1054, 37, 3547, t4=t3+(1, 4))	3	44
(2135, 142, 12, t1) & (2941, 39, 967, t2=t1+(0, 7)) & (2941, 137, 12, t3=t2+(0, 4)) -> (12, 142, 2135, t4=t3+(1, 3))	3	45
(3458, 127, 2510, t1) & (1048, 172, 3458, t2=t1+(0, 7)) & (1048, 3, 3458, t3=t2+(0, 3)) -> (1048, 172, 1048, t4=t3+(1, 3))	3	46
(904, 112, 3454, t1) & (531, 136, 4430, t2=t1+(0, 7)) & (904, 161, 531, t3=t2+(0, 4)) -> (531, 112, 4430, t4=t3+(1, 7))	3	47
(1748, 83, 3026, t1) & (176, 197, 1356, t2=t1+(0, 3)) & (176, 107, 1748, t3=t2+(0, 5)) -> (176, 107, 3026, t4=t3+(1, 6))	3	48
(3848, 160, 3181, t1) & (582, 195, 1356, t2=t1+(0, 4)) & (3181, 48, 1356, t3=t2+(0, 5)) -> (1356, 48, 3848, t4=t3+(1, 5))	3	49
(4484, 174, 2361, t1) & (1192, 34, 3705, t2=t1+(0, 4)) & (3705, 186, 4484, t3=t2+(0, 5)) -> (4484, 186, 4484, t4=t3+(1, 3))	3	50
(781, 65, 4654, t1) & (2702, 147, 1700, t2=t1+(0, 9)) & (2702, 135, 781, t3=t2+(0, 3)) -> (1700, 135, 4654, t4=t3+(1, 5))	3	51
(2382, 195, 3591, t1) & (4590, 178, 1361, t2=t1+(0, 2)) & (2382, 81, 4590, t3=t2+(0, 3)) -> (2382, 195, 4590, t4=t3+(1, 3))	3	52
(3462, 78, 3271, t1) & (2332, 111, 4402, t2=t1+(0, 5)) & (3271, 172, 2332, t3=t2+(0, 5)) -> (3462, 78, 2332, t4=t3+(1, 2))	3	53
(153, 137, 4946, t1) & (3908, 167, 861, t2=t1+(0, 4)) & (4946, 0, 861, t3=t2+(0, 2)) -> (3908, 137, 4946, t4=t3+(1, 9))	3	54
(4771, 86, 65, t1) & (2236, 120, 681, t2=t1+(0, 2)) & (2236, 152, 65, t3=t2+(0, 8)) -> (4771, 86, 65, t4=t3+(1, 5))	3	55
(2457, 167, 1204, t1) & (248, 5, 2477, t2=t1+(0, 7)) & (248, 111, 1204, t3=t2+(0, 4)) -> (1204, 111, 2477, t4=t3+(1, 5))	3	56
(1133, 161, 4454, t1) & (1519, 154, 1192, t2=t1+(0, 6)) & (4454, 55, 1519, t3=t2+(0, 4)) -> (1519, 154, 1519, t4=t3+(1, 7))	3	57
(2551, 163, 4310, t1) & (3751, 135, 3181, t2=t1+(0, 8)) & (2551, 169, 3181, t3=t2+(0, 4)) -> (2551, 169, 2551, t4=t3+(1, 6))	3	58
(551, 145, 425, t1) & (3751, 109, 3295, t2=t1+(0, 8)) & (551, 80, 3751, t3=t2+(0, 6)) -> (551, 145, 3751, t4=t3+(1, 7))	3	59
(1361, 51, 3380, t1) & (98, 148, 785, t2=t1+(0, 5)) & (98, 193, 3380, t3=t2+(0, 6)) -> (3380, 148, 98, t4=t3+(1, 4))	3	60
(3426, 134, 967, t1) & (4337, 132, 348, t2=t1+(0, 6)) & (3426, 171, 4337, t3=t2+(0, 5)) -> (348, 171, 3426, t4=t3+(1, 3))	3	61
(1093, 22, 1323, t1) & (967, 142, 2029, t2=t1+(0, 5)) & (1093, 181, 967, t3=t2+(0, 7)) -> (967, 22, 1093, t4=t3+(1, 4))	3	62
(4293, 72, 2165, t1) & (633, 6, 1770, t2=t1+(0, 9)) & (1770, 81, 2165, t3=t2+(0, 10)) -> (2165, 6, 2165, t4=t3+(1, 6))	3	63
(488, 76, 2146, t1) & (3915, 43, 601, t2=t1+(0, 6)) & (601, 135, 488, t3=t2+(0, 3)) -> (2146, 135, 488, t4=t3+(1, 7))	3	64
(3454, 134, 2236, t1) & (4194, 8, 2023, t2=t1+(0, 3)) & (3454, 150, 4194, t3=t2+(0, 4)) -> (3454, 8, 4194, t4=t3+(1, 4))	3	65
(2597, 166, 3116, t1) & (3442, 189, 3751, t2=t1+(0, 7)) & (3116, 117, 3442, t3=t2+(0, 4)) -> (3116, 166, 3116, t4=t3+(1, 9))	3	66
(117, 16, 1014, t1) & (3220, 65, 1254, t2=t1+(0, 2)) & (117, 53, 1254, t3=t2+(0, 3)) -> (117, 16, 1254, t4=t3+(1, 5))	3	67
(2558, 133, 1338, t1) & (679, 198, 2766, t2=t1+(0, 6)) & (2766, 71, 2558, t3=t2+(0, 6)) -> (2766, 198, 2766, t4=t3+(1, 5))	3	68
(1519, 82, 2457, t1) & (2579, 25, 2764, t2=t1+(0, 4)) & (2457, 133, 2579, t3=t2+(0, 7)) -> (2579, 25, 2457, t4=t3+(1, 9))	3	69
(2551, 180, 3735, t1) & (488, 147, 2590, t2=t1+(0, 4)) & (488, 145, 3735, t3=t2+(0, 4)) -> (3735, 180, 3735, t4=t3+(1, 6))	3	70
(2759, 72, 4654, t1) & (1496, 130, 1643, t2=t1+(0, 4)) & (1496, 95, 4654, t3=t2+(0, 3)) -> (4654, 72, 1496, t4=t3+(1, 4))	3	71
(3576, 169, 681, t1) & (2003, 178, 831, t2=t1+(0, 5)) & (681, 10, 831, t3=t2+(0, 4)) -> (2003, 178, 831, t4=t3+(1, 3))	3	72
(3909, 169, 1770, t1) & (1232, 127, 4226, t2=t1+(0, 11)) & (1770, 179, 4226, t3=t2+(0, 3)) -> (4226, 179, 4226, t4=t3+(1, 2))	3	73
(4524, 163, 4886, t1) & (4446, 1, 2706, t2=t1+(0, 5)) & (4886, 108, 4446, t3=t2+(0, 7)) -> (4524, 1, 4446, t4=t3+(1, 5))	3	74
(3227, 32, 1962, t1) & (2986, 135, 3026, t2=t1+(0, 4)) & (3227, 53, 2986, t3=t2+(0, 4)) -> (2986, 135, 3227, t4=t3+(1, 6))	3	75
(1407, 55, 3657, t1) & (2115, 177, 2742, t2=t1+(0, 8)) & (1407, 145, 2742, t3=t2+(0, 7)) -> (2115, 55, 1407, t4=t3+(1, 7))	3	76
(3530, 84, 2260, t1) & (4937, 178, 1655, t2=t1+(0, 3)) & (2260, 140, 1655, t3=t2+(0, 3)) -> (1655, 84, 1655, t4=t3+(1, 2))	3	77
(1095, 176, 2386, t1) & (2165, 90, 3464, t2=t1+(0, 3)) & (2165, 49, 2386, t3=t2+(0, 5)) -> (1095, 176, 2165, t4=t3+(1, 5))	3	78
(4337, 38, 2904, t1) & (1192, 61, 2967, t2=t1+(0, 6)) & (4337, 110, 2967, t3=t2+(0, 4)) -> (1192, 110, 2967, t4=t3+(1, 6))	3	79
(4310, 159, 2216, t1) & (2713, 121, 176, t2=t1+(0, 5)) & (2713, 33, 4310, t3=t2+(0, 6)) -> (4310, 121, 176, t4=t3+(1, 10))	3	80
(2528, 121, 3707, t1) & (2384, 188, 3761, t2=t1+(0, 10)) & (2528, 197, 3761, t3=t2+(0, 6)) -> (3761, 188, 2528, t4=t3+(1, 6))	3	81
(3907, 197, 582, t1) & (531, 63, 910, t2=t1+(0, 3)) & (531, 173, 3907, t3=t2+(0, 6)) -> (582, 197, 582, t4=t3+(1, 5))	3	82
(2382, 14, 934, t1) & (525, 198, 1327, t2=t1+(0, 6)) & (2382, 145, 1327, t3=t2+(0, 3)) -> (2382, 198, 2382, t4=t3+(1, 7))	3	83
(3271, 99, 1342, t1) & (3252, 188, 525, t2=t1+(0, 3)) & (525, 153, 3271, t3=t2+(0, 7)) -> (525, 188, 1342, t4=t3+(1, 3))	3	84
(1655, 178, 1217, t1) & (4078, 29, 348, t2=t1+(0, 4)) & (348, 167, 1655, t3=t2+(0, 6)) -> (1217, 167, 1655, t4=t3+(1, 5))	3	85
(223, 60, 904, t1) & (1655, 145, 2720, t2=t1+(0, 4)) & (223, 9, 1655, t3=t2+(0, 5)) -> (223, 9, 2720, t4=t3+(1, 8))	3	86
(2986, 146, 2023, t1) & (3492, 179, 743, t2=t1+(0, 4)) & (2023, 56, 3492, t3=t2+(0, 8)) -> (2986, 146, 2023, t4=t3+(1, 7))	3	87
(3623, 19, 1770, t1) & (800, 109, 2577, t2=t1+(0, 5)) & (2577, 40, 3623, t3=t2+(0, 5)) -> (3623, 40, 800, t4=t3+(1, 5))	3	88
(3602, 7, 1192, t1) & (3380, 56, 3081, t2=t1+(0, 2)) & (3602, 179, 3380, t3=t2+(0, 7)) -> (3602, 56, 1192, t4=t3+(1, 3))	3	89
(687, 9, 2260, t1) & (4784, 46, 3414, t2=t1+(0, 4)) & (3414, 95, 687, t3=t2+(0, 4)) -> (4784, 46, 687, t4=t3+(1, 6))	3	90
(1, 62, 4872, t1) & (2477, 198, 2799, t2=t1+(0, 6)) & (2799, 135, 1, t3=t2+(0, 4)) -> (4872, 198, 4872, t4=t3+(1, 6))	3	91
(65, 60, 1014, t1) & (2558, 23, 564, t2=t1+(0, 7)) & (564, 135, 65, t3=t2+(0, 8)) -> (564, 60, 564, t4=t3+(1, 4))	3	92
(1770, 70, 1254, t1) & (2434, 62, 2119, t2=t1+(0, 4)) & (1770, 123, 2119, t3=t2+(0, 8)) -> (2434, 62, 1770, t4=t3+(1, 8))	3	93
(176, 7, 2119, t1) & (4420, 17, 117, t2=t1+(0, 5)) & (117, 141, 2119, t3=t2+(0, 7)) -> (117, 17, 117, t4=t3+(1, 5))	3	94
(2736, 42, 3573, t1) & (2380, 134, 395, t2=t1+(0, 8)) & (2380, 128, 3573, t3=t2+(0, 5)) -> (3573, 128, 395, t4=t3+(1, 8))	3	95
(2304, 39, 488, t1) & (2165, 114, 1143, t2=t1+(0, 3)) & (488, 28, 1143, t3=t2+(0, 5)) -> (488, 28, 1143, t4=t3+(1, 7))	3	96
(2713, 151, 4293, t1) & (2012, 75, 3924, t2=t1+(0, 5)) & (2713, 28, 2012, t3=t2+(0, 6)) -> (2713, 151, 2012, t4=t3+(1, 3))	3	97
(4872, 51, 2889, t1) & (4524, 18, 2800, t2=t1+(0, 3)) & (4524, 32, 4872, t3=t2+(0, 5)) -> (2889, 18, 2800, t4=t3+(1, 4))	3	98
(1949, 90, 223, t1) & (176, 4, 2757, t2=t1+(0, 7)) & (1949, 193, 176, t3=t2+(0, 4)) -> (223, 90, 1949, t4=t3+(1, 3))	3	99
(2076, 125, 3237, t1) & (666, 154, 3237, t2=t1+(0, 3)) -> (2076, 125, 2076, t3=t2+(1, 3))	2	100
(4194, 153, 1655, t1) & (286, 112, 1655, t2=t1+(0, 4)) -> (1655, 153, 1655, t3=t2+(1, 12))	2	101
(143, 54, 3393, t1) & (3393, 188, 3393, t2=t1+(0, 8)) -> (143, 188, 3393, t3=t2+(1, 3))	2	102
(1519, 74, 4201, t1) & (4201, 54, 2883, t2=t1+(0, 3)) -> (2883, 74, 1519, t3=t2+(1, 1))	2	103
(461, 165, 1804, t1) & (1804, 195, 461, t2=t1+(0, 4)) -> (1804, 195, 461, t3=t2+(1, 10))	2	104
(2722, 13, 329, t1) & (4784, 11, 329, t2=t1+(0, 8)) -> (329, 13, 2722, t3=t2+(1, 9))	2	105
(2528, 182, 1971, t1) & (2146, 172, 1971, t2=t1+(0, 3)) -> (1971, 182, 1971, t3=t2+(1, 7))	2	106
(2363, 86, 3393, t1) & (2363, 192, 4420, t2=t1+(0, 4)) -> (4420, 192, 2363, t3=t2+(1, 4))	2	107
(564, 162, 4420, t1) & (4420, 41, 1218, t2=t1+(0, 6)) -> (1218, 41, 1218, t3=t2+(1, 10))	2	108
(41, 87, 4420, t1) & (1634, 25, 4420, t2=t1+(0, 5)) -> (4420, 87, 41, t3=t2+(1, 3))	2	109
(1356, 152, 2265, t1) & (3795, 124, 1356, t2=t1+(0, 9)) -> (1356, 152, 2265, t3=t2+(1, 2))	2	110
(1254, 179, 3104, t1) & (3751, 107, 1254, t2=t1+(0, 8)) -> (1254, 179, 1254, t3=t2+(1, 4))	2	111
(681, 182, 2558, t1) & (681, 51, 3209, t2=t1+(0, 6)) -> (681, 51, 681, t3=t2+(1, 4))	2	112
(525, 94, 3358, t1) & (3358, 183, 525, t2=t1+(0, 5)) -> (3358, 183, 3358, t3=t2+(1, 3))	2	113
(2024, 112, 2704, t1) & (2165, 48, 2024, t2=t1+(0, 5)) -> (2165, 112, 2165, t3=t2+(1, 5))	2	114
(3942, 80, 464, t1) & (464, 183, 2237, t2=t1+(0, 4)) -> (3942, 183, 2237, t3=t2+(1, 8))	2	115
(2764, 43, 12, t1) & (12, 106, 12, t2=t1+(0, 6)) -> (12, 43, 2764, t3=t2+(1, 7))	2	116
(1507, 25, 176, t1) & (176, 112, 1014, t2=t1+(0, 9)) -> (1014, 25, 176, t3=t2+(1, 5))	2	117
(534, 110, 1455, t1) & (3338, 39, 534, t2=t1+(0, 7)) -> (534, 110, 1455, t3=t2+(1, 4))	2	118
(3907, 150, 152, t1) & (3907, 129, 4502, t2=t1+(0, 4)) -> (4502, 129, 3907, t3=t2+(1, 5))	2	119
(4420, 47, 4077, t1) & (4420, 56, 488, t2=t1+(0, 4)) -> (4420, 47, 4420, t3=t2+(1, 7))	2	120
(557, 101, 2423, t1) & (2423, 120, 2044, t2=t1+(0, 8)) -> (2044, 120, 2044, t3=t2+(1, 4))	2	121
(279, 197, 2962, t1) & (279, 163, 184, t2=t1+(0, 4)) -> (279, 163, 184, t3=t2+(1, 2))	2	122
(4078, 142, 495, t1) & (2800, 121, 4078, t2=t1+(0, 2)) -> (495, 121, 4078, t3=t2+(1, 4))	2	123
(4654, 175, 681, t1) & (2590, 195, 4654, t2=t1+(0, 5)) -> (4654, 195, 681, t3=t2+(1, 1))	2	124
(4402, 17, 1187, t1) & (4403, 157, 1187, t2=t1+(0, 4)) -> (1187, 157, 1187, t3=t2+(1, 6))	2	125
(3982, 196, 522, t1) & (3982, 95, 522, t2=t1+(0, 6)) -> (3982, 196, 522, t3=t2+(1, 3))	2	126
(732, 10, 3244, t1) & (732, 122, 1534, t2=t1+(0, 3)) -> (1534, 122, 732, t3=t2+(1, 6))	2	127
(2878, 147, 2216, t1) & (2216, 21, 2277, t2=t1+(0, 1)) -> (2277, 147, 2216, t3=t2+(1, 6))	2	128
(2083, 30, 1228, t1) & (329, 24, 2083, t2=t1+(0, 3)) -> (2083, 24, 2083, t3=t2+(1, 3))	2	129
(3026, 95, 1234, t1) & (1234, 159, 1234, t2=t1+(0, 6)) -> (3026, 95, 1234, t3=t2+(1, 6))	2	130
(3378, 107, 4872, t1) & (3378, 101, 4872, t2=t1+(0, 3)) -> (4872, 101, 4872, t3=t2+(1, 7))	2	131
(12, 136, 1112, t1) & (1112, 112, 4454, t2=t1+(0, 5)) -> (4454, 112, 1112, t3=t2+(1, 5))	2	132
(2774, 100, 496, t1) & (1204, 70, 2774, t2=t1+(0, 7)) -> (1204, 70, 496, t3=t2+(1, 1))	2	133
(3026, 120, 1488, t1) & (1488, 6, 1857, t2=t1+(0, 6)) -> (3026, 6, 3026, t3=t2+(1, 6))	2	134
(4635, 183, 2724, t1) & (4635, 28, 1023, t2=t1+(0, 3)) -> (4635, 183, 1023, t3=t2+(1, 7))	2	135
(1232, 133, 1118, t1) & (1232, 153, 4484, t2=t1+(0, 5)) -> (1232, 153, 1232, t3=t2+(1, 10))	2	136
(1519, 76, 2124, t1) & (1212, 89, 1519, t2=t1+(0, 4)) -> (1519, 76, 1212, t3=t2+(1, 5))	2	137
(2551, 24, 1338, t1) & (4420, 5, 1338, t2=t1+(0, 3)) -> (1338, 24, 4420, t3=t2+(1, 4))	2	138
(88, 94, 1036, t1) & (1593, 179, 1036, t2=t1+(0, 1)) -> (1036, 94, 1593, t3=t2+(1, 5))	2	139
(648, 91, 2757, t1) & (2309, 45, 648, t2=t1+(0, 3)) -> (648, 45, 2757, t3=t2+(1, 7))	2	140
(1655, 98, 3746, t1) & (3746, 57, 3746, t2=t1+(0, 4)) -> (3746, 57, 3746, t3=t2+(1, 3))	2	141
(3094, 195, 1356, t1) & (1356, 189, 184, t2=t1+(0, 4)) -> (3094, 189, 3094, t3=t2+(1, 12))	2	142
(4502, 182, 3393, t1) & (2579, 34, 4502, t2=t1+(0, 8)) -> (4502, 34, 2579, t3=t2+(1, 2))	2	143
(2535, 98, 2323, t1) & (209, 122, 2323, t2=t1+(0, 2)) -> (2323, 122, 2323, t3=t2+(1, 1))	2	144
(4317, 77, 4624, t1) & (4317, 116, 4624, t2=t1+(0, 2)) -> (4624, 77, 4317, t3=t2+(1, 4))	2	145
(1413, 17, 1124, t1) & (1124, 19, 2457, t2=t1+(0, 5)) -> (1413, 19, 1124, t3=t2+(1, 4))	2	146
(4622, 93, 2579, t1) & (2579, 52, 4552, t2=t1+(0, 7)) -> (2579, 93, 4552, t3=t2+(1, 5))	2	147
(176, 148, 4784, t1) & (176, 196, 4784, t2=t1+(0, 7)) -> (4784, 148, 4784, t3=t2+(1, 6))	2	148
(2303, 111, 633, t1) & (1182, 149, 633, t2=t1+(0, 5)) -> (2303, 149, 2303, t3=t2+(1, 6))	2	149
(1695, 152, 2810, t1) & (1695, 189, 1695, t2=t1+(0, 3)) -> (1695, 189, 1695, t3=t2+(1, 2))	2	150
(3100, 82, 1143, t1) & (3100, 58, 3209, t2=t1+(0, 3)) -> (1143, 58, 3209, t3=t2+(1, 3))	2	151
(4987, 94, 839, t1) & (4348, 98, 839, t2=t1+(0, 5)) -> (4987, 98, 4348, t3=t2+(1, 2))	2	152
(1194, 86, 3271, t1) & (2579, 3, 3271, t2=t1+(0, 4)) -> (1194, 3, 3271, t3=t2+(1, 2))	2	153
(4454, 22, 1713, t1) & (3805, 30, 1713, t2=t1+(0, 6)) -> (1713, 30, 1713, t3=t2+(1, 7))	2	154
(820, 11, 4290, t1) & (3211, 174, 4290, t2=t1+(0, 8)) -> (820, 174, 4290, t3=t2+(1, 5))	2	155
(2434, 30, 2883, t1) & (2434, 100, 2883, t2=t1+(0, 5)) -> (2883, 100, 2434, t3=t2+(1, 7))	2	156
(3602, 12, 236, t1) & (3602, 184, 236, t2=t1+(0, 5)) -> (3602, 184, 3602, t3=t2+(1, 4))	2	157
(1977, 196, 2213, t1) & (3026, 107, 2213, t2=t1+(0, 1)) -> (2213, 196, 2213, t3=t2+(1, 3))	2	158
(3751, 64, 1180, t1) & (1180, 167, 1180, t2=t1+(0, 6)) -> (1180, 64, 1180, t3=t2+(1, 4))	2	159
(2757, 154, 3547, t1) & (2757, 128, 1192, t2=t1+(0, 5)) -> (2757, 154, 2757, t3=t2+(1, 5))	2	160
(2180, 54, 2861, t1) & (2861, 18, 2861, t2=t1+(0, 10)) -> (2180, 18, 2861, t3=t2+(1, 3))	2	161
(2038, 20, 1634, t1) & (1634, 178, 2361, t2=t1+(0, 7)) -> (1634, 178, 1634, t3=t2+(1, 6))	2	162
(117, 158, 4254, t1) & (117, 73, 2298, t2=t1+(0, 3)) -> (117, 73, 117, t3=t2+(1, 7))	2	163
(4784, 162, 1782, t1) & (3606, 81, 1782, t2=t1+(0, 2)) -> (1782, 162, 1782, t3=t2+(1, 4))	2	164
(2157, 83, 2434, t1) & (2434, 15, 1537, t2=t1+(0, 6)) -> (2434, 15, 1537, t3=t2+(1, 6))	2	165
(3924, 149, 152, t1) & (4950, 85, 3924, t2=t1+(0, 4)) -> (3924, 85, 3924, t3=t2+(1, 4))	2	166
(4402, 167, 3041, t1) & (4402, 10, 4402, t2=t1+(0, 6)) -> (4402, 10, 3041, t3=t2+(1, 5))	2	167
(3271, 129, 4484, t1) & (3271, 75, 4484, t2=t1+(0, 4)) -> (3271, 75, 4484, t3=t2+(1, 3))	2	168
(689, 95, 4710, t1) & (4710, 111, 689, t2=t1+(0, 7)) -> (4710, 111, 689, t3=t2+(1, 3))	2	169
(379, 81, 4290, t1) & (379, 151, 2297, t2=t1+(0, 2)) -> (4290, 151, 379, t3=t2+(1, 8))	2	170
(1148, 53, 1218, t1) & (1148, 173, 2962, t2=t1+(0, 8)) -> (1148, 53, 1148, t3=t2+(1, 9))	2	171
(637, 53, 4886, t1) & (637, 17, 3606, t2=t1+(0, 3)) -> (637, 53, 3606, t3=t2+(1, 3))	2	172
(2757, 114, 461, t1) & (461, 53, 2757, t2=t1+(0, 5)) -> (2757, 53, 461, t3=t2+(1, 5))	2	173
(3401, 167, 4872, t1) & (885, 76, 3401, t2=t1+(0, 7)) -> (4872, 76, 3401, t3=t2+(1, 4))	2	174
(3271, 131, 1434, t1) & (3271, 38, 2162, t2=t1+(0, 5)) -> (2162, 38, 3271, t3=t2+(1, 8))	2	175
(2265, 125, 1228, t1) & (2265, 123, 1228, t2=t1+(0, 6)) -> (2265, 123, 1228, t3=t2+(1, 9))	2	176
(4921, 48, 1977, t1) & (3057, 165, 4921, t2=t1+(0, 6)) -> (1977, 165, 1977, t3=t2+(1, 3))	2	177
(1228, 37, 694, t1) & (2457, 179, 1228, t2=t1+(0, 5)) -> (694, 37, 1228, t3=t2+(1, 5))	2	178
(3821, 4, 677, t1) & (3821, 38, 677, t2=t1+(0, 5)) -> (3821, 4, 3821, t3=t2+(1, 4))	2	179
(4058, 73, 3924, t1) & (4058, 102, 4058, t2=t1+(0, 6)) -> (4058, 102, 4058, t3=t2+(1, 4))	2	180
(4454, 169, 2165, t1) & (4454, 52, 4454, t2=t1+(0, 3)) -> (4454, 169, 4454, t3=t2+(1, 2))	2	181
(209, 20, 2206, t1) & (209, 134, 209, t2=t1+(0, 2)) -> (209, 134, 209, t3=t2+(1, 5))	2	182
(2713, 30, 4654, t1) & (2713, 104, 60, t2=t1+(0, 11)) -> (2713, 104, 60, t3=t2+(1, 9))	2	183
(2157, 64, 3398, t1) & (2157, 103, 2765, t2=t1+(0, 3)) -> (2765, 64, 2157, t3=t2+(1, 3))	2	184
(1997, 135, 1268, t1) & (1268, 89, 1129, t2=t1+(0, 1)) -> (1129, 89, 1268, t3=t2+(1, 5))	2	185
(2277, 60, 4446, t1) & (1776, 129, 4446, t2=t1+(0, 5)) -> (2277, 129, 4446, t3=t2+(1, 8))	2	186
(1040, 28, 3623, t1) & (3271, 5, 3623, t2=t1+(0, 8)) -> (3623, 28, 1040, t3=t2+(1, 8))	2	187
(1655, 19, 1296, t1) & (1296, 196, 1643, t2=t1+(0, 6)) -> (1655, 19, 1643, t3=t2+(1, 8))	2	188
(4492, 152, 2277, t1) & (4492, 28, 3211, t2=t1+(0, 4)) -> (2277, 28, 3211, t3=t2+(1, 3))	2	189
(1040, 32, 4337, t1) & (1040, 54, 1040, t2=t1+(0, 3)) -> (1040, 54, 1040, t3=t2+(1, 1))	2	190
(4446, 106, 3454, t1) & (3907, 25, 3454, t2=t1+(0, 3)) -> (3907, 25, 3454, t3=t2+(1, 7))	2	191
(176, 79, 3606, t1) & (176, 168, 379, t2=t1+(0, 5)) -> (379, 79, 176, t3=t2+(1, 7))	2	192
(480, 71, 1118, t1) & (480, 34, 3319, t2=t1+(0, 6)) -> (3319, 71, 3319, t3=t2+(1, 3))	2	193
(3591, 147, 967, t1) & (3591, 64, 967, t2=t1+(0, 4)) -> (967, 147, 3591, t3=t2+(1, 5))	2	194
(2032, 40, 4492, t1) & (4492, 22, 2032, t2=t1+(0, 7)) -> (4492, 40, 2032, t3=t2+(1, 5))	2	195
(60, 156, 3561, t1) & (60, 79, 2382, t2=t1+(0, 8)) -> (60, 79, 3561, t3=t2+(1, 7))	2	196
(2145, 84, 1996, t1) & (2145, 22, 2145, t2=t1+(0, 5)) -> (1996, 22, 2145, t3=t2+(1, 2))	2	197
(2867, 123, 3472, t1) & (3472, 88, 3472, t2=t1+(0, 6)) -> (3472, 123, 3472, t3=t2+(1, 6))	2	198
(4337, 21, 3924, t1) & (2705, 112, 4337, t2=t1+(0, 4)) -> (3924, 21, 4337, t3=t2+(1, 5))	2	199
(3401, 160, 1204, t1) -> (1204, 160, 1204, t2=t1+(1, 6))	1	200
(1668, 187, 412, t1) -> (1668, 187, 1668, t2=t1+(1, 4))	1	201
(1971, 70, 4868, t1) -> (1971, 70, 4868, t2=t1+(1, 1))	1	202
(331, 181, 2804, t1) -> (331, 181, 331, t2=t1+(1, 3))	1	203
(1519, 73, 4143, t1) -> (1519, 73, 1519, t2=t1+(1, 4))	1	204
(4542, 185, 362, t1) -> (4542, 185, 4542, t2=t1+(1, 4))	1	205
(488, 59, 4624, t1) -> (4624, 59, 488, t2=t1+(1, 4))	1	206
(3997, 113, 2165, t1) -> (3997, 113, 2165, t2=t1+(1, 4))	1	207
(3705, 49, 394, t1) -> (3705, 49, 3705, t2=t1+(1, 1))	1	208
(4143, 64, 2157, t1) -> (2157, 64, 4143, t2=t1+(1, 3))	1	209
(582, 24, 2162, t1) -> (2162, 24, 582, t2=t1+(1, 6))	1	210
(3907, 107, 4542, t1) -> (4542, 107, 4542, t2=t1+(1, 3))	1	211
(525, 5, 849, t1) -> (525, 5, 849, t2=t1+(1, 4))	1	212
(4765, 172, 4662, t1) -> (4765, 172, 4662, t2=t1+(1, 6))	1	213
(1684, 151, 2435, t1) -> (1684, 151, 2435, t2=t1+(1, 5))	1	214
(2613, 153, 1088, t1) -> (1088, 153, 1088, t2=t1+(1, 5))	1	215
(3924, 164, 4636, t1) -> (3924, 164, 4636, t2=t1+(1, 1))	1	216
(2477, 180, 2135, t1) -> (2135, 180, 2135, t2=t1+(1, 6))	1	217
(2742, 86, 3181, t1) -> (3181, 86, 2742, t2=t1+(1, 4))	1	218
(1767, 173, 4783, t1) -> (1767, 173, 1767, t2=t1+(1, 5))	1	219
(3295, 56, 1338, t1) -> (1338, 56, 1338, t2=t1+(1, 9))	1	220
(2528, 88, 12, t1) -> (2528, 88, 12, t2=t1+(1, 4))	1	221
(934, 160, 2363, t1) -> (2363, 160, 2363, t2=t1+(1, 5))	1	222
(4446, 22, 1182, t1) -> (1182, 22, 4446, t2=t1+(1, 6))	1	223
(58, 20, 2382, t1) -> (2382, 20, 2382, t2=t1+(1, 6))	1	224
(4710, 133, 2363, t1) -> (4710, 133, 2363, t2=t1+(1, 2))	1	225
(2551, 139, 1550, t1) -> (2551, 139, 1550, t2=t1+(1, 9))	1	226
(4317, 162, 1304, t1) -> (4317, 162, 1304, t2=t1+(1, 6))	1	227
(495, 37, 3623, t1) -> (3623, 37, 3623, t2=t1+(1, 3))	1	228
(2988, 55, 2904, t1) -> (2988, 55, 2988, t2=t1+(1, 10))	1	229
(664, 78, 3387, t1) -> (3387, 78, 664, t2=t1+(1, 2))	1	230
(1655, 81, 362, t1) -> (1655, 81, 1655, t2=t1+(1, 4))	1	231
(2579, 184, 4297, t1) -> (2579, 184, 2579, t2=t1+(1, 5))	1	232
(3965, 182, 4777, t1) -> (3965, 182, 3965, t2=t1+(1, 10))	1	233
(2380, 40, 960, t1) -> (2380, 40, 960, t2=t1+(1, 5))	1	234
(2805, 18, 2058, t1) -> (2058, 18, 2058, t2=t1+(1, 3))	1	235
(4872, 13, 748, t1) -> (748, 13, 748, t2=t1+(1, 5))	1	236
(2487, 81, 4430, t1) -> (4430, 81, 4430, t2=t1+(1, 4))	1	237
(1032, 198, 1659, t1) -> (1032, 198, 1659, t2=t1+(1, 1))	1	238
(4767, 38, 1345, t1) -> (1345, 38, 1345, t2=t1+(1, 7))	1	239
(697, 103, 1977, t1) -> (697, 103, 697, t2=t1+(1, 10))	1	240
(4654, 152, 1030, t1) -> (1030, 152, 4654, t2=t1+(1, 6))	1	241
(2528, 13, 460, t1) -> (2528, 13, 2528, t2=t1+(1, 3))	1	242
(1180, 175, 4582, t1) -> (4582, 175, 1180, t2=t1+(1, 3))	1	243
(1187, 186, 3557, t1) -> (3557, 186, 3557, t2=t1+(1, 5))	1	244
(2274, 81, 3181, t1) -> (2274, 81, 3181, t2=t1+(1, 1))	1	245
(2421, 128, 3623, t1) -> (2421, 128, 2421, t2=t1+(1, 6))	1	246
(1271, 27, 3765, t1) -> (1271, 27, 1271, t2=t1+(1, 4))	1	247
(3065, 73, 1093, t1) -> (1093, 73, 1093, t2=t1+(1, 7))	1	248
(2522, 143, 4337, t1) -> (2522, 143, 2522, t2=t1+(1, 1))	1	249
(360, 153, 2332, t1) -> (2332, 153, 360, t2=t1+(1, 5))	1	250
(2748, 116, 1661, t1) -> (1661, 116, 1661, t2=t1+(1, 5))	1	251
(3033, 122, 3169, t1) -> (3033, 122, 3033, t2=t1+(1, 5))	1	252
(2164, 159, 1244, t1) -> (2164, 159, 1244, t2=t1+(1, 6))	1	253
(1187, 55, 2801, t1) -> (2801, 55, 1187, t2=t1+(1, 12))	1	254
(4872, 23, 3751, t1) -> (3751, 23, 4872, t2=t1+(1, 3))	1	255
(2467, 29, 697, t1) -> (697, 29, 697, t2=t1+(1, 9))	1	256
(2364, 163, 2878, t1) -> (2878, 163, 2878, t2=t1+(1, 4))	1	257
(3311, 5, 4051, t1) -> (3311, 5, 4051, t2=t1+(1, 7))	1	258
(3244, 49, 582, t1) -> (3244, 49, 3244, t2=t1+(1, 6))	1	259
(2162, 20, 2883, t1) -> (2883, 20, 2883, t2=t1+(1, 3))	1	260
(3026, 88, 4325, t1) -> (4325, 88, 3026, t2=t1+(1, 4))	1	261
(2597, 95, 3528, t1) -> (3528, 95, 2597, t2=t1+(1, 5))	1	262
(1488, 172, 488, t1) -> (1488, 172, 1488, t2=t1+(1, 4))	1	263
(522, 12, 2068, t1) -> (2068, 12, 2068, t2=t1+(1, 7))	1	264
(4532, 67, 139, t1) -> (4532, 67, 139, t2=t1+(1, 6))	1	265
(2593, 78, 488, t1) -> (2593, 78, 2593, t2=t1+(1, 7))	1	266
(1088, 120, 2510, t1) -> (1088, 120, 1088, t2=t1+(1, 6))	1	267
(4354, 181, 2165, t1) -> (2165, 181, 2165, t2=t1+(1, 5))	1	268
(2484, 62, 3910, t1) -> (2484, 62, 2484, t2=t1+(1, 6))	1	269
(3275, 57, 209, t1) -> (209, 57, 209, t2=t1+(1, 5))	1	270
(1045, 79, 2095, t1) -> (2095, 79, 1045, t2=t1+(1, 6))	1	271
(1352, 40, 3696, t1) -> (3696, 40, 3696, t2=t1+(1, 4))	1	272
(90, 156, 3924, t1) -> (90, 156, 90, t2=t1+(1, 3))	1	273
(4420, 25, 2012, t1) -> (4420, 25, 2012, t2=t1+(1, 7))	1	274
(1665, 111, 3602, t1) -> (3602, 111, 1665, t2=t1+(1, 4))	1	275
(1304, 43, 4317, t1) -> (4317, 43, 4317, t2=t1+(1, 3))	1	276
(4337, 191, 4268, t1) -> (4268, 191, 4268, t2=t1+(1, 8))	1	277
(395, 177, 1133, t1) -> (395, 177, 395, t2=t1+(1, 8))	1	278
(2939, 140, 3963, t1) -> (3963, 140, 2939, t2=t1+(1, 4))	1	279
(1356, 5, 2656, t1) -> (1356, 5, 1356, t2=t1+(1, 2))	1	280
(4052, 197, 4552, t1) -> (4052, 197, 4052, t2=t1+(1, 5))	1	281
(2861, 11, 1192, t1) -> (2861, 11, 2861, t2=t1+(1, 4))	1	282
(3924, 75, 1192, t1) -> (1192, 75, 3924, t2=t1+(1, 6))	1	283
(2265, 77, 1684, t1) -> (1684, 77, 2265, t2=t1+(1, 3))	1	284
(186, 195, 4430, t1) -> (186, 195, 186, t2=t1+(1, 3))	1	285
(1559, 192, 1943, t1) -> (1943, 192, 1943, t2=t1+(1, 7))	1	286
(2800, 130, 100, t1) -> (100, 130, 100, t2=t1+(1, 8))	1	287
(4420, 46, 2165, t1) -> (2165, 46, 4420, t2=t1+(1, 8))	1	288
(2573, 70, 2024, t1) -> (2024, 70, 2573, t2=t1+(1, 4))	1	289
(1655, 137, 4921, t1) -> (1655, 137, 1655, t2=t1+(1, 5))	1	290
(4936, 188, 200, t1) -> (4936, 188, 200, t2=t1+(1, 3))	1	291
(2941, 164, 1558, t1) -> (1558, 164, 1558, t2=t1+(1, 4))	1	292
(1076, 104, 1770, t1) -> (1770, 104, 1770, t2=t1+(1, 7))	1	293
(4819, 13, 708, t1) -> (708, 13, 708, t2=t1+(1, 4))	1	294
(3875, 98, 667, t1) -> (667, 98, 3875, t2=t1+(1, 5))	1	295
(2800, 133, 3951, t1) -> (3951, 133, 2800, t2=t1+(1, 7))	1	296
(2416, 117, 4542, t1) -> (4542, 117, 2416, t2=t1+(1, 5))	1	297
(1655, 121, 681, t1) -> (1655, 121, 681, t2=t1+(1, 9))	1	298
(3851, 25, 3211, t1) -> (3851, 25, 3211, t2=t1+(1, 4))	1	299
