(4765, 131, 916, t1) & (2086, 10, 4599, t2=t1+(0, 6)) & (4765, 44, 4599, t3=t2+(0, 3)) -> (4765, 131, 4765, t4=t3+(1, 2))	3	0
(4743, 79, 1677, t1) & (2773, 47, 1407, t2=t1+(0, 4)) & (1677, 38, 1407, t3=t2+(0, 6)) -> (1407, 79, 1677, t4=t3+(1, 6))	3	1
(4271, 36, 434, t1) & (4891, 55, 2181, t2=t1+(0, 4)) & (2181, 196, 4271, t3=t2+(0, 6)) -> (434, 55, 434, t4=t3+(1, 4))	3	2
(2537, 55, 1946, t1) & (2776, 71, 3323, t2=t1+(0, 3)) & (2776, 146, 2537, t3=t2+(0, 4)) -> (2537, 71, 2537, t4=t3+(1, 5))	3	3
(2196, 46, 4610, t1) & (1234, 128, 1872, t2=t1+(0, 8)) & (4610, 82, 1872, t3=t2+(0, 2)) -> (4610, 128, 4610, t4=t3+(1, 4))	3	4
(3475, 27, 1635, t1) & (3611, 68, 3177, t2=t1+(0, 5)) & (1635, 34, 3177, t3=t2+(0, 3)) -> (3177, 34, 3177, t4=t3+(1, 5))	3	5
(1943, 116, 2936, t1) & (3074, 154, 2616, t2=t1+(0, 4)) & (1943, 77, 3074, t3=t2+(0, 5)) -> (3074, 116, 1943, t4=t3+(1, 2))	3	6
(3583, 54, 1893, t1) & (1197, 67, 3186, t2=t1+(0, 2)) & (1197, 37, 3583, t3=t2+(0, 4)) -> (3186, 37, 1197, t4=t3+(1, 6))	3	7
(2101, 151, 1093, t1) & (3942, 57, 4527, t2=t1+(0, 9)) & (4527, 111, 2101, t3=t2+(0, 8)) -> (1093, 111, 2101, t4=t3+(1, 4))	3	8
(4840, 65, 3945, t1) & (3349, 166, 3020, t2=t1+(0, 6)) & (3349, 142, 4840, t3=t2+(0, 5)) -> (3349, 65, 3020, t4=t3+(1, 4))	3	9
(1167, 181, 506, t1) & (2530, 118, 204, t2=t1+(0, 4)) & (506, 39, 2530, t3=t2+(0, 6)) -> (204, 118, 204, t4=t3+(1, 3))	3	10
(731, 33, 2634, t1) & (1347, 6, 2147, t2=t1+(0, 1)) & (1347, 90, 2634, t3=t2+(0, 6)) -> (1347, 90, 731, t4=t3+(1, 5))	3	11
(268, 20, 4408, t1) & (2876, 123, 3613, t2=t1+(0, 7)) & (4408, 158, 3613, t3=t2+(0, 5)) -> (268, 158, 3613, t4=t3+(1, 10))	3	12
(3699, 57, 2275, t1) & (2222, 53, 3043, t2=t1+(0, 4)) & (3699, 3, 2222, t3=t2+(0, 7)) -> (2222, 57, 3699, t4=t3+(1, 2))	3	13
(3860, 115, 893, t1) & (1372, 40, 4252, t2=t1+(0, 7)) & (1372, 101, 893, t3=t2+(0, 3)) -> (4252, 40, 893, t4=t3+(1, 2))	3	14
(3119, 111, 2265, t1) & (2567, 142, 4096, t2=t1+(0, 2)) & (3119, 83, 4096, t3=t2+(0, 5)) -> (3119, 111, 2567, t4=t3+(1, 7))	3	15
(1576, 128, 2397, t1) & (3358, 14, 4947, t2=t1+(0, 7)) & (2397, 68, 3358, t3=t2+(0, 6)) -> (1576, 128, 2397, t4=t3+(1, 5))	3	16
(4224, 35, 374, t1) & (189, 29, 4299, t2=t1+(0, 6)) & (189, 162, 374, t3=t2+(0, 8)) -> (189, 29, 374, t4=t3+(1, 5))	3	17
(2827, 75, 3560, t1) & (812, 159, 1106, t2=t1+(0, 6)) & (3560, 4, 1106, t3=t2+(0, 6)) -> (2827, 159, 812, t4=t3+(1, 6))	3	18
(1113, 95, 3477, t1) & (3552, 76, 4006, t2=t1+(0, 4)) & (3477, 103, 4006, t3=t2+(0, 7)) -> (4006, 76, 4006, t4=t3+(1, 5))	3	19
(3730, 99, 1465, t1) & (1058, 74, 3729, t2=t1+(0, 5)) & (1058, 157, 3730, t3=t2+(0, 4)) -> (3730, 74, 3730, t4=t3+(1, 9))	3	20
(4798, 197, 2888, t1) & (1820, 68, 3222, t2=t1+(0, 5)) & (4798, 107, 1820, t3=t2+(0, 4)) -> (2888, 68, 3222, t4=t3+(1, 7))	3	21
(3935, 35, 2769, t1) & (399, 88, 569, t2=t1+(0, 8)) & (569, 38, 2769, t3=t2+(0, 4)) -> (569, 35, 2769, t4=t3+(1, 4))	3	22
(2318, 15, 4996, t1) & (72, 167, 1545, t2=t1+(0, 9)) & (2318, 97, 1545, t3=t2+(0, 5)) -> (1545, 97, 1545, t4=t3+(1, 5))	3	23
(1425, 127, 4353, t1) & (1052, 66, 2119, t2=t1+(0, 4)) & (2119, 50, 1425, t3=t2+(0, 7)) -> (1052, 66, 1425, t4=t3+(1, 4))	3	24
(968, 150, 4894, t1) & (968, 196, 4894, t2=t1+(0, 4)) -> (968, 196, 968, t3=t2+(1, 3))	2	25
(2953, 112, 2288, t1) & (2288, 10, 2236, t2=t1+(0, 2)) -> (2288, 112, 2288, t3=t2+(1, 6))	2	26
(1268, 61, 4940, t1) & (1268, 141, 4313, t2=t1+(0, 3)) -> (4940, 61, 1268, t3=t2+(1, 7))	2	27
(4137, 104, 288, t1) & (1349, 165, 288, t2=t1+(0, 4)) -> (288, 104, 1349, t3=t2+(1, 5))	2	28
(472, 132, 3926, t1) & (3926, 55, 472, t2=t1+(0, 3)) -> (3926, 132, 472, t3=t2+(1, 5))	2	29
(4512, 73, 1534, t1) & (4512, 84, 4088, t2=t1+(0, 7)) -> (4512, 73, 4512, t3=t2+(1, 4))	2	30
(3925, 42, 3528, t1) & (4383, 130, 3925, t2=t1+(0, 4)) -> (4383, 42, 3925, t3=t2+(1, 3))	2	31
(3971, 166, 2386, t1) & (2386, 36, 3971, t2=t1+(0, 4)) -> (2386, 166, 3971, t3=t2+(1, 2))	2	32
(1309, 147, 4845, t1) & (2981, 170, 1309, t2=t1+(0, 5)) -> (1309, 170, 2981, t3=t2+(1, 5))	2	33
(3790, 104, 3690, t1) & (3790, 47, 447, t2=t1+(0, 2)) -> (3790, 47, 3790, t3=t2+(1, 4))	2	34
(4893, 149, 3465, t1) & (3581, 137, 3465, t2=t1+(0, 5)) -> (3581, 137, 4893, t3=t2+(1, 5))	2	35
(2518, 171, 2086, t1) & (2518, 139, 2086, t2=t1+(0, 7)) -> (2518, 139, 2086, t3=t2+(1, 1))	2	36
(953, 97, 689, t1) & (689, 196, 953, t2=t1+(0, 5)) -> (689, 196, 953, t3=t2+(1, 3))	2	37
(1598, 65, 1014, t1) & (1014, 163, 1014, t2=t1+(0, 5)) -> (1014, 65, 1598, t3=t2+(1, 3))	2	38
(565, 131, 4020, t1) & (3753, 117, 4020, t2=t1+(0, 8)) -> (565, 131, 4020, t3=t2+(1, 3))	2	39
(131, 20, 4320, t1) & (131, 67, 4320, t2=t1+(0, 9)) -> (131, 20, 4320, t3=t2+(1, 4))	2	40
(4949, 132, 124, t1) & (4041, 154, 4949, t2=t1+(0, 3)) -> (4949, 132, 4041, t3=t2+(1, 2))	2	41
(1551, 126, 2892, t1) & (2892, 155, 2892, t2=t1+(0, 4)) -> (2892, 126, 2892, t3=t2+(1, 5))	2	42
(533, 188, 1844, t1) & (1844, 1, 454, t2=t1+(0, 4)) -> (454, 1, 533, t3=t2+(1, 5))	2	43
(3683, 168, 1871, t1) & (1871, 78, 4712, t2=t1+(0, 1)) -> (3683, 168, 1871, t3=t2+(1, 5))	2	44
(3078, 131, 3017, t1) & (3078, 62, 420, t2=t1+(0, 5)) -> (3078, 62, 3078, t3=t2+(1, 5))	2	45
(3689, 145, 4305, t1) & (4305, 182, 4258, t2=t1+(0, 0)) -> (4305, 145, 4305, t3=t2+(1, 1))	2	46
(4317, 130, 3797, t1) & (3797, 51, 3797, t2=t1+(0, 8)) -> (3797, 51, 3797, t3=t2+(1, 3))	2	47
(4669, 79, 2614, t1) & (2614, 76, 2614, t2=t1+(0, 3)) -> (2614, 79, 2614, t3=t2+(1, 5))	2	48
(3863, 96, 1140, t1) & (3863, 109, 1140, t2=t1+(0, 3)) -> (3863, 96, 3863, t3=t2+(1, 5))	2	49
(3988, 193, 585, t1) & (825, 98, 585, t2=t1+(0, 4)) -> (825, 98, 585, t3=t2+(1, 6))	2	50
(4914, 68, 627, t1) & (1577, 63, 627, t2=t1+(0, 10)) -> (627, 63, 627, t3=t2+(1, 6))	2	51
(3100, 42, 2559, t1) & (3100, 158, 2595, t2=t1+(0, 3)) -> (3100, 42, 3100, t3=t2+(1, 4))	2	52
(1739, 139, 2886, t1) & (1739, 1, 2886, t2=t1+(0, 8)) -> (1739, 139, 2886, t3=t2+(1, 6))	2	53
(4852, 161, 1886, t1) & (1886, 7, 1886, t2=t1+(0, 5)) -> (1886, 161, 4852, t3=t2+(1, 4))	2	54
(2487, 139, 1110, t1) & (2487, 156, 4605, t2=t1+(0, 5)) -> (4605, 156, 4605, t3=t2+(1, 3))	2	55
(4675, 42, 1018, t1) & (4675, 175, 2413, t2=t1+(0, 10)) -> (4675, 42, 4675, t3=t2+(1, 7))	2	56
(4864, 22, 1903, t1) & (4864, 37, 1903, t2=t1+(0, 4)) -> (4864, 22, 1903, t3=t2+(1, 8))	2	57
(3069, 142, 2023, t1) & (3069, 37, 4252, t2=t1+(0, 1)) -> (4252, 142, 4252, t3=t2+(1, 3))	2	58
(3233, 55, 88, t1) & (2048, 107, 88, t2=t1+(0, 8)) -> (88, 55, 88, t3=t2+(1, 7))	2	59
(2969, 181, 3291, t1) & (3291, 177, 1324, t2=t1+(0, 2)) -> (3291, 181, 2969, t3=t2+(1, 4))	2	60
(2218, 154, 4944, t1) & (1167, 88, 4944, t2=t1+(0, 6)) -> (4944, 154, 4944, t3=t2+(1, 2))	2	61
(3333, 108, 2393, t1) & (2400, 195, 2393, t2=t1+(0, 4)) -> (2400, 195, 3333, t3=t2+(1, 6))	2	62
(418, 176, 2227, t1) & (2227, 138, 4710, t2=t1+(0, 10)) -> (4710, 138, 418, t3=t2+(1, 2))	2	63
(278, 132, 2853, t1) & (1630, 125, 2853, t2=t1+(0, 0)) -> (2853, 132, 278, t3=t2+(1, 2))	2	64
(2671, 147, 4425, t1) & (1951, 27, 4425, t2=t1+(0, 6)) -> (4425, 27, 1951, t3=t2+(1, 7))	2	65
(2363, 141, 3241, t1) & (2363, 94, 3626, t2=t1+(0, 4)) -> (3241, 141, 2363, t3=t2+(1, 3))	2	66
(3180, 70, 1036, t1) & (3180, 93, 3180, t2=t1+(0, 4)) -> (3180, 70, 3180, t3=t2+(1, 6))	2	67
(4713, 172, 43, t1) & (4713, 100, 2868, t2=t1+(0, 3)) -> (4713, 100, 2868, t3=t2+(1, 5))	2	68
(3289, 143, 146, t1) & (3289, 82, 2188, t2=t1+(0, 8)) -> (3289, 82, 2188, t3=t2+(1, 9))	2	69
(875, 128, 1571, t1) & (4373, 176, 1571, t2=t1+(0, 6)) -> (875, 128, 875, t3=t2+(1, 3))	2	70
(4451, 126, 3681, t1) & (3681, 26, 1279, t2=t1+(0, 3)) -> (3681, 26, 1279, t3=t2+(1, 1))	2	71
(2346, 75, 3598, t1) & (3598, 188, 2346, t2=t1+(0, 5)) -> (2346, 188, 2346, t3=t2+(1, 8))	2	72
(1515, 92, 2146, t1) & (268, 114, 2146, t2=t1+(0, 5)) -> (2146, 114, 2146, t3=t2+(1, 7))	2	73
(3316, 28, 3118, t1) & (3118, 187, 3929, t2=t1+(0, 4)) -> (3316, 28, 3316, t3=t2+(1, 2))	2	74
(3512, 8, 791, t1) & (1650, 142, 791, t2=t1+(0, 5)) -> (1650, 142, 3512, t3=t2+(1, 6))	2	75
(3013, 85, 3297, t1) & (1705, 181, 3297, t2=t1+(0, 8)) -> (3297, 181, 1705, t3=t2+(1, 5))	2	76
(2305, 192, 2503, t1) & (2503, 68, 2876, t2=t1+(0, 6)) -> (2305, 68, 2876, t3=t2+(1, 7))	2	77
(3626, 159, 3117, t1) & (3626, 158, 3626, t2=t1+(0, 5)) -> (3626, 159, 3117, t3=t2+(1, 5))	2	78
(1969, 23, 3635, t1) & (1969, 178, 668, t2=t1+(0, 7)) -> (668, 23, 3635, t3=t2+(1, 6))	2	79
(2490, 168, 2683, t1) & (1117, 28, 2683, t2=t1+(0, 7)) -> (2683, 168, 2683, t3=t2+(1, 8))	2	80
(4787, 25, 1962, t1) & (1766, 129, 1962, t2=t1+(0, 4)) -> (4787, 25, 1962, t3=t2+(1, 13))	2	81
(4365, 36, 717, t1) & (4365, 128, 717, t2=t1+(0, 5)) -> (4365, 36, 717, t3=t2+(1, 7))	2	82
(109, 169, 985, t1) & (985, 4, 985, t2=t1+(0, 4)) -> (985, 4, 985, t3=t2+(1, 5))	2	83
(1480, 151, 1405, t1) & (1480, 173, 1480, t2=t1+(0, 7)) -> (1480, 151, 1405, t3=t2+(1, 4))	2	84
(4179, 81, 4572, t1) & (4179, 53, 4572, t2=t1+(0, 4)) -> (4179, 53, 4179, t3=t2+(1, 9))	2	85
(3854, 138, 3506, t1) & (2234, 184, 3506, t2=t1+(0, 6)) -> (3854, 184, 3506, t3=t2+(1, 7))	2	86
(416, 59, 245, t1) & (416, 81, 416, t2=t1+(0, 11)) -> (416, 81, 416, t3=t2+(1, 5))	2	87
(4275, 154, 1184, t1) & (4275, 135, 1184, t2=t1+(0, 5)) -> (4275, 135, 4275, t3=t2+(1, 4))	2	88
(4010, 142, 4537, t1) & (4010, 55, 1477, t2=t1+(0, 5)) -> (4010, 142, 4010, t3=t2+(1, 4))	2	89
(2067, 3, 402, t1) & (402, 45, 2067, t2=t1+(0, 6)) -> (2067, 45, 402, t3=t2+(1, 6))	2	90
(1816, 89, 3894, t1) & (585, 176, 1816, t2=t1+(0, 6)) -> (1816, 176, 3894, t3=t2+(1, 2))	2	91
(4176, 72, 2808, t1) & (2808, 75, 4478, t2=t1+(0, 4)) -> (2808, 72, 4478, t3=t2+(1, 5))	2	92
(3305, 181, 487, t1) & (1685, 0, 3305, t2=t1+(0, 3)) -> (1685, 0, 3305, t3=t2+(1, 5))	2	93
(4314, 125, 3781, t1) & (4314, 71, 3781, t2=t1+(0, 6)) -> (3781, 125, 3781, t3=t2+(1, 7))	2	94
(1872, 63, 1630, t1) & (1872, 183, 3650, t2=t1+(0, 10)) -> (1872, 63, 3650, t3=t2+(1, 9))	2	95
(2781, 103, 683, t1) & (683, 147, 4782, t2=t1+(0, 5)) -> (683, 103, 683, t3=t2+(1, 4))	2	96
(4463, 56, 3728, t1) & (3728, 115, 4036, t2=t1+(0, 6)) -> (4036, 115, 4463, t3=t2+(1, 7))	2	97
(2444, 107, 3590, t1) & (3590, 184, 2444, t2=t1+(0, 8)) -> (3590, 107, 3590, t3=t2+(1, 5))	2	98
(3544, 76, 1573, t1) & (4436, 161, 1573, t2=t1+(0, 4)) -> (4436, 161, 4436, t3=t2+(1, 10))	2	99
(1550, 147, 436, t1) & (2538, 167, 436, t2=t1+(0, 7)) -> (1550, 147, 1550, t3=t2+(1, 3))	2	100
(4717, 173, 854, t1) & (114, 133, 4717, t2=t1+(0, 1)) -> (4717, 173, 4717, t3=t2+(1, 3))	2	101
(3462, 33, 730, t1) & (2112, 85, 3462, t2=t1+(0, 7)) -> (730, 33, 3462, t3=t2+(1, 3))	2	102
(655, 115, 630, t1) & (655, 67, 630, t2=t1+(0, 4)) -> (655, 115, 630, t3=t2+(1, 4))	2	103
(2736, 155, 50, t1) & (2736, 103, 2736, t2=t1+(0, 4)) -> (50, 155, 2736, t3=t2+(1, 5))	2	104
(1628, 91, 1827, t1) & (1628, 17, 1628, t2=t1+(0, 4)) -> (1628, 17, 1628, t3=t2+(1, 2))	2	105
(2605, 122, 3399, t1) & (2605, 71, 3399, t2=t1+(0, 7)) -> (3399, 122, 2605, t3=t2+(1, 5))	2	106
(577, 108, 3555, t1) & (112, 77, 577, t2=t1+(0, 4)) -> (577, 77, 577, t3=t2+(1, 3))	2	107
(4078, 92, 110, t1) & (2916, 54, 4078, t2=t1+(0, 1)) -> (4078, 92, 4078, t3=t2+(1, 3))	2	108
(1127, 7, 723, t1) & (223, 185, 1127, t2=t1+(0, 5)) -> (723, 185, 1127, t3=t2+(1, 3))	2	109
(3296, 155, 3744, t1) & (3744, 61, 3296, t2=t1+(0, 3)) -> (3744, 155, 3744, t3=t2+(1, 5))	2	110
(4177, 52, 3886, t1) & (3886, 169, 2976, t2=t1+(0, 4)) -> (3886, 169, 4177, t3=t2+(1, 7))	2	111
(4303, 124, 511, t1) & (3455, 57, 4303, t2=t1+(0, 3)) -> (511, 57, 3455, t3=t2+(1, 4))	2	112
(4029, 3, 255, t1) & (4274, 141, 4029, t2=t1+(0, 8)) -> (4274, 141, 4029, t3=t2+(1, 4))	2	113
(2305, 117, 4330, t1) & (4678, 76, 4330, t2=t1+(0, 6)) -> (4330, 76, 4678, t3=t2+(1, 3))	2	114
(4768, 31, 557, t1) & (3042, 33, 4768, t2=t1+(0, 5)) -> (3042, 33, 557, t3=t2+(1, 6))	2	115
(35, 195, 2468, t1) & (35, 99, 35, t2=t1+(0, 2)) -> (35, 195, 35, t3=t2+(1, 5))	2	116
(4367, 105, 40, t1) & (40, 156, 4671, t2=t1+(0, 4)) -> (4367, 105, 40, t3=t2+(1, 7))	2	117
(4341, 5, 2426, t1) & (4341, 196, 4418, t2=t1+(0, 4)) -> (4418, 5, 4341, t3=t2+(1, 6))	2	118
(4865, 149, 2029, t1) & (4865, 107, 3571, t2=t1+(0, 7)) -> (3571, 107, 3571, t3=t2+(1, 9))	2	119
(1672, 33, 4931, t1) & (4997, 196, 4931, t2=t1+(0, 5)) -> (4931, 196, 4931, t3=t2+(1, 9))	2	120
(4927, 105, 4652, t1) & (4915, 52, 4652, t2=t1+(0, 9)) -> (4915, 105, 4927, t3=t2+(1, 3))	2	121
(4030, 59, 2521, t1) & (2521, 193, 4548, t2=t1+(0, 3)) -> (2521, 59, 2521, t3=t2+(1, 4))	2	122
(2631, 133, 4542, t1) & (2265, 77, 2631, t2=t1+(0, 3)) -> (4542, 133, 2631, t3=t2+(1, 7))	2	123
(2380, 35, 4539, t1) & (4539, 182, 2265, t2=t1+(0, 6)) -> (2265, 182, 4539, t3=t2+(1, 3))	2	124
(2219, 5, 3821, t1) -> (2219, 5, 2219, t2=t1+(1, 5))	1	125
(811, 76, 3077, t1) -> (811, 76, 811, t2=t1+(1, 6))	1	126
(3537, 96, 2670, t1) -> (2670, 96, 2670, t2=t1+(1, 10))	1	127
(1190, 174, 4559, t1) -> (1190, 174, 4559, t2=t1+(1, 1))	1	128
(2435, 0, 3177, t1) -> (2435, 0, 3177, t2=t1+(1, 7))	1	129
(1368, 31, 94, t1) -> (94, 31, 94, t2=t1+(1, 4))	1	130
(4617, 30, 1630, t1) -> (1630, 30, 1630, t2=t1+(1, 6))	1	131
(1430, 5, 2600, t1) -> (1430, 5, 2600, t2=t1+(1, 6))	1	132
(2209, 176, 1134, t1) -> (2209, 176, 1134, t2=t1+(1, 5))	1	133
(841, 189, 2034, t1) -> (841, 189, 2034, t2=t1+(1, 6))	1	134
(288, 128, 3050, t1) -> (3050, 128, 288, t2=t1+(1, 6))	1	135
(301, 43, 385, t1) -> (301, 43, 385, t2=t1+(1, 2))	1	136
(3704, 67, 1710, t1) -> (1710, 67, 3704, t2=t1+(1, 5))	1	137
(1739, 125, 1623, t1) -> (1739, 125, 1739, t2=t1+(1, 2))	1	138
(2712, 90, 2647, t1) -> (2712, 90, 2712, t2=t1+(1, 5))	1	139
(4444, 86, 1998, t1) -> (4444, 86, 4444, t2=t1+(1, 3))	1	140
(1783, 78, 3616, t1) -> (3616, 78, 1783, t2=t1+(1, 2))	1	141
(428, 156, 365, t1) -> (428, 156, 365, t2=t1+(1, 1))	1	142
(2779, 128, 3633, t1) -> (2779, 128, 2779, t2=t1+(1, 14))	1	143
(145, 169, 4747, t1) -> (145, 169, 145, t2=t1+(1, 4))	1	144
(4381, 185, 177, t1) -> (4381, 185, 4381, t2=t1+(1, 8))	1	145
(124, 118, 4100, t1) -> (124, 118, 4100, t2=t1+(1, 5))	1	146
(4119, 103, 3843, t1) -> (3843, 103, 3843, t2=t1+(1, 6))	1	147
(3091, 0, 1538, t1) -> (1538, 0, 1538, t2=t1+(1, 8))	1	148
(2223, 91, 3430, t1) -> (3430, 91, 3430, t2=t1+(1, 5))	1	149
(2240, 189, 2133, t1) -> (2240, 189, 2133, t2=t1+(1, 2))	1	150
(1527, 93, 457, t1) -> (1527, 93, 457, t2=t1+(1, 7))	1	151
(1958, 10, 4234, t1) -> (4234, 10, 4234, t2=t1+(1, 1))	1	152
(2550, 53, 4323, t1) -> (4323, 53, 4323, t2=t1+(1, 3))	1	153
(142, 192, 2816, t1) -> (142, 192, 142, t2=t1+(1, 2))	1	154
(2897, 100, 383, t1) -> (383, 100, 383, t2=t1+(1, 7))	1	155
(579, 95, 396, t1) -> (396, 95, 396, t2=t1+(1, 3))	1	156
(1453, 1, 3130, t1) -> (1453, 1, 3130, t2=t1+(1, 3))	1	157
(3896, 50, 4642, t1) -> (3896, 50, 3896, t2=t1+(1, 7))	1	158
(1091, 80, 1807, t1) -> (1807, 80, 1807, t2=t1+(1, 5))	1	159
(1884, 188, 2472, t1) -> (1884, 188, 2472, t2=t1+(1, 7))	1	160
(1302, 198, 4491, t1) -> (4491, 198, 1302, t2=t1+(1, 2))	1	161
(4761, 195, 4318, t1) -> (4761, 195, 4761, t2=t1+(1, 5))	1	162
(4702, 82, 439, t1) -> (4702, 82, 439, t2=t1+(1, 7))	1	163
(4008, 102, 1262, t1) -> (4008, 102, 1262, t2=t1+(1, 5))	1	164
(2306, 74, 1628, t1) -> (2306, 74, 1628, t2=t1+(1, 7))	1	165
(2616, 109, 3696, t1) -> (3696, 109, 2616, t2=t1+(1, 3))	1	166
(4822, 44, 2817, t1) -> (4822, 44, 4822, t2=t1+(1, 3))	1	167
(2940, 13, 285, t1) -> (2940, 13, 285, t2=t1+(1, 4))	1	168
(2995, 138, 4830, t1) -> (2995, 138, 4830, t2=t1+(1, 5))	1	169
(4487, 63, 1592, t1) -> (4487, 63, 4487, t2=t1+(1, 8))	1	170
(3675, 166, 4262, t1) -> (3675, 166, 4262, t2=t1+(1, 11))	1	171
(3807, 100, 2914, t1) -> (3807, 100, 2914, t2=t1+(1, 11))	1	172
(3622, 30, 594, t1) -> (3622, 30, 3622, t2=t1+(1, 1))	1	173
(300, 1, 1699, t1) -> (1699, 1, 300, t2=t1+(1, 8))	1	174
(4889, 133, 2160, t1) -> (2160, 133, 2160, t2=t1+(1, 4))	1	175
(4440, 167, 538, t1) -> (538, 167, 538, t2=t1+(1, 9))	1	176
(2157, 25, 2298, t1) -> (2157, 25, 2298, t2=t1+(1, 2))	1	177
(2235, 83, 1974, t1) -> (2235, 83, 1974, t2=t1+(1, 9))	1	178
(2292, 8, 3836, t1) -> (2292, 8, 2292, t2=t1+(1, 8))	1	179
(1087, 171, 1736, t1) -> (1736, 171, 1736, t2=t1+(1, 2))	1	180
(2368, 62, 270, t1) -> (270, 62, 2368, t2=t1+(1, 7))	1	181
(219, 51, 3881, t1) -> (219, 51, 3881, t2=t1+(1, 7))	1	182
(580, 147, 1692, t1) -> (1692, 147, 580, t2=t1+(1, 5))	1	183
(4721, 124, 2995, t1) -> (4721, 124, 4721, t2=t1+(1, 9))	1	184
(4254, 69, 1185, t1) -> (4254, 69, 1185, t2=t1+(1, 4))	1	185
(2606, 158, 682, t1) -> (2606, 158, 682, t2=t1+(1, 7))	1	186
(3151, 10, 2351, t1) -> (3151, 10, 3151, t2=t1+(1, 8))	1	187
(1641, 7, 3880, t1) -> (1641, 7, 1641, t2=t1+(1, 5))	1	188
(2710, 97, 1221, t1) -> (1221, 97, 1221, t2=t1+(1, 5))	1	189
(481, 165, 532, t1) -> (481, 165, 481, t2=t1+(1, 8))	1	190
(4294, 104, 3611, t1) -> (3611, 104, 4294, t2=t1+(1, 6))	1	191
(257, 47, 435, t1) -> (435, 47, 435, t2=t1+(1, 6))	1	192
(1087, 54, 4133, t1) -> (1087, 54, 4133, t2=t1+(1, 4))	1	193
(3310, 83, 1064, t1) -> (1064, 83, 1064, t2=t1+(1, 7))	1	194
(2026, 188, 1499, t1) -> (2026, 188, 2026, t2=t1+(1, 3))	1	195
(1164, 168, 1618, t1) -> (1164, 168, 1618, t2=t1+(1, 6))	1	196
(3334, 99, 294, t1) -> (294, 99, 294, t2=t1+(1, 5))	1	197
(2590, 198, 1996, t1) -> (1996, 198, 2590, t2=t1+(1, 8))	1	198
(4248, 50, 4473, t1) -> (4473, 50, 4473, t2=t1+(1, 1))	1	199
(3878, 84, 2627, t1) -> (2627, 84, 3878, t2=t1+(1, 3))	1	200
(4459, 79, 4295, t1) -> (4295, 79, 4295, t2=t1+(1, 6))	1	201
(1260, 154, 1441, t1) -> (1260, 154, 1441, t2=t1+(1, 6))	1	202
(3931, 92, 779, t1) -> (779, 92, 3931, t2=t1+(1, 3))	1	203
(3649, 37, 1302, t1) -> (1302, 37, 3649, t2=t1+(1, 6))	1	204
(1063, 189, 3590, t1) -> (3590, 189, 1063, t2=t1+(1, 3))	1	205
(3077, 33, 867, t1) -> (3077, 33, 3077, t2=t1+(1, 1))	1	206
(3843, 17, 2613, t1) -> (2613, 17, 2613, t2=t1+(1, 7))	1	207
(2181, 20, 1507, t1) -> (2181, 20, 1507, t2=t1+(1, 5))	1	208
(1394, 0, 1837, t1) -> (1837, 0, 1394, t2=t1+(1, 2))	1	209
(1551, 184, 4130, t1) -> (4130, 184, 1551, t2=t1+(1, 5))	1	210
(309, 167, 972, t1) -> (972, 167, 972, t2=t1+(1, 4))	1	211
(22, 186, 967, t1) -> (22, 186, 967, t2=t1+(1, 5))	1	212
(1662, 12, 4922, t1) -> (1662, 12, 1662, t2=t1+(1, 3))	1	213
(1305, 148, 1980, t1) -> (1980, 148, 1980, t2=t1+(1, 1))	1	214
(3963, 47, 2195, t1) -> (2195, 47, 3963, t2=t1+(1, 5))	1	215
(4484, 174, 975, t1) -> (4484, 174, 4484, t2=t1+(1, 8))	1	216
(1354, 197, 1385, t1) -> (1385, 197, 1354, t2=t1+(1, 4))	1	217
(2120, 63, 2596, t1) -> (2120, 63, 2120, t2=t1+(1, 5))	1	218
(4196, 115, 1286, t1) -> (1286, 115, 4196, t2=t1+(1, 5))	1	219
(2541, 175, 3216, t1) -> (2541, 175, 3216, t2=t1+(1, 4))	1	220
(410, 157, 1113, t1) -> (1113, 157, 410, t2=t1+(1, 8))	1	221
(172, 54, 2719, t1) -> (2719, 54, 2719, t2=t1+(1, 6))	1	222
(4371, 125, 4825, t1) -> (4825, 125, 4371, t2=t1+(1, 4))	1	223
(4156, 170, 3110, t1) -> (4156, 170, 4156, t2=t1+(1, 5))	1	224
(861, 16, 2365, t1) -> (861, 16, 2365, t2=t1+(1, 8))	1	225
(3263, 198, 4074, t1) -> (3263, 198, 4074, t2=t1+(1, 3))	1	226
(1711, 64, 922, t1) -> (922, 64, 1711, t2=t1+(1, 4))	1	227
(4504, 146, 2549, t1) -> (2549, 146, 2549, t2=t1+(1, 7))	1	228
(183, 170, 2284, t1) -> (183, 170, 183, t2=t1+(1, 10))	1	229
(4777, 31, 3407, t1) -> (3407, 31, 3407, t2=t1+(1, 2))	1	230
(4324, 172, 3729, t1) -> (4324, 172, 3729, t2=t1+(1, 6))	1	231
(1376, 77, 730, t1) -> (730, 77, 730, t2=t1+(1, 4))	1	232
(1291, 109, 4218, t1) -> (1291, 109, 4218, t2=t1+(1, 2))	1	233
(2426, 133, 1065, t1) -> (1065, 133, 2426, t2=t1+(1, 3))	1	234
(483, 18, 213, t1) -> (483, 18, 213, t2=t1+(1, 9))	1	235
(1242, 144, 2585, t1) -> (1242, 144, 2585, t2=t1+(1, 4))	1	236
(1916, 182, 2969, t1) -> (2969, 182, 2969, t2=t1+(1, 3))	1	237
(2455, 43, 4536, t1) -> (2455, 43, 2455, t2=t1+(1, 7))	1	238
(2914, 72, 3753, t1) -> (2914, 72, 3753, t2=t1+(1, 4))	1	239
(1482, 77, 3479, t1) -> (3479, 77, 3479, t2=t1+(1, 3))	1	240
(1602, 6, 87, t1) -> (87, 6, 87, t2=t1+(1, 9))	1	241
(2888, 47, 4283, t1) -> (4283, 47, 4283, t2=t1+(1, 6))	1	242
(4383, 191, 3168, t1) -> (3168, 191, 4383, t2=t1+(1, 6))	1	243
(1258, 32, 4150, t1) -> (1258, 32, 1258, t2=t1+(1, 5))	1	244
(1688, 161, 3837, t1) -> (1688, 161, 1688, t2=t1+(1, 3))	1	245
(4196, 106, 3196, t1) -> (4196, 106, 3196, t2=t1+(1, 5))	1	246
(3043, 52, 2145, t1) -> (3043, 52, 3043, t2=t1+(1, 5))	1	247
(1780, 99, 1709, t1) -> (1709, 99, 1709, t2=t1+(1, 2))	1	248
(4084, 25, 4513, t1) -> (4084, 25, 4084, t2=t1+(1, 2))	1	249
(1324, 114, 3446, t1) -> (1324, 114, 3446, t2=t1+(1, 5))	1	250
(1601, 48, 201, t1) -> (1601, 48, 1601, t2=t1+(1, 1))	1	251
(3532, 4, 1249, t1) -> (1249, 4, 3532, t2=t1+(1, 11))	1	252
(3990, 0, 4548, t1) -> (4548, 0, 3990, t2=t1+(1, 6))	1	253
(2299, 149, 1203, t1) -> (2299, 149, 2299, t2=t1+(1, 6))	1	254
(2540, 135, 3694, t1) -> (2540, 135, 3694, t2=t1+(1, 5))	1	255
(167, 20, 2399, t1) -> (167, 20, 167, t2=t1+(1, 6))	1	256
(4046, 62, 590, t1) -> (590, 62, 4046, t2=t1+(1, 2))	1	257
(4684, 57, 1100, t1) -> (1100, 57, 4684, t2=t1+(1, 3))	1	258
(598, 196, 391, t1) -> (391, 196, 598, t2=t1+(1, 9))	1	259
(1071, 40, 1184, t1) -> (1184, 40, 1071, t2=t1+(1, 7))	1	260
(1063, 154, 2157, t1) -> (1063, 154, 2157, t2=t1+(1, 8))	1	261
(3427, 26, 1718, t1) -> (3427, 26, 1718, t2=t1+(1, 3))	1	262
(3233, 167, 2656, t1) -> (2656, 167, 3233, t2=t1+(1, 8))	1	263
(2263, 196, 838, t1) -> (2263, 196, 2263, t2=t1+(1, 4))	1	264
(3027, 132, 4475, t1) -> (4475, 132, 4475, t2=t1+(1, 3))	1	265
(1664, 74, 1709, t1) -> (1664, 74, 1664, t2=t1+(1, 8))	1	266
(4306, 0, 3435, t1) -> (4306, 0, 4306, t2=t1+(1, 9))	1	267
(1267, 31, 2881, t1) -> (2881, 31, 1267, t2=t1+(1, 1))	1	268
(1440, 160, 3318, t1) -> (1440, 160, 1440, t2=t1+(1, 4))	1	269
(4167, 9, 3136, t1) -> (3136, 9, 3136, t2=t1+(1, 6))	1	270
(1241, 191, 2904, t1) -> (2904, 191, 1241, t2=t1+(1, 6))	1	271
(3850, 197, 2390, t1) -> (3850, 197, 2390, t2=t1+(1, 7))	1	272
(327, 127, 1494, t1) -> (1494, 127, 327, t2=t1+(1, 5))	1	273
(3181, 102, 4658, t1) -> (4658, 102, 3181, t2=t1+(1, 4))	1	274
(1874, 83, 4252, t1) -> (4252, 83, 4252, t2=t1+(1, 4))	1	275
(3174, 135, 847, t1) -> (847, 135, 847, t2=t1+(1, 7))	1	276
(2092, 145, 4413, t1) -> (4413, 145, 4413, t2=t1+(1, 4))	1	277
(187, 130, 1165, t1) -> (1165, 130, 187, t2=t1+(1, 5))	1	278
(3358, 112, 4381, t1) -> (4381, 112, 3358, t2=t1+(1, 3))	1	279
(390, 105, 888, t1) -> (888, 105, 888, t2=t1+(1, 5))	1	280
(2000, 8, 246, t1) -> (246, 8, 246, t2=t1+(1, 2))	1	281
(3538, 180, 4797, t1) -> (4797, 180, 3538, t2=t1+(1, 7))	1	282
(1878, 95, 3225, t1) -> (1878, 95, 1878, t2=t1+(1, 5))	1	283
(935, 184, 2460, t1) -> (2460, 184, 935, t2=t1+(1, 6))	1	284
(150, 120, 1634, t1) -> (150, 120, 150, t2=t1+(1, 5))	1	285
(2135, 151, 604, t1) -> (604, 151, 2135, t2=t1+(1, 3))	1	286
(3781, 147, 2677, t1) -> (3781, 147, 2677, t2=t1+(1, 4))	1	287
(810, 182, 4986, t1) -> (810, 182, 4986, t2=t1+(1, 11))	1	288
(2236, 107, 4049, t1) -> (4049, 107, 2236, t2=t1+(1, 7))	1	289
(1703, 163, 1963, t1) -> (1703, 163, 1963, t2=t1+(1, 6))	1	290
(1735, 199, 926, t1) -> (926, 199, 1735, t2=t1+(1, 5))	1	291
(1730, 50, 4959, t1) -> (1730, 50, 4959, t2=t1+(1, 6))	1	292
(3588, 75, 901, t1) -> (901, 75, 901, t2=t1+(1, 2))	1	293
(1359, 1, 936, t1) -> (1359, 1, 1359, t2=t1+(1, 9))	1	294
(4035, 92, 1595, t1) -> (1595, 92, 1595, t2=t1+(1, 4))	1	295
(4519, 142, 3106, t1) -> (3106, 142, 3106, t2=t1+(1, 6))	1	296
(2264, 157, 1418, t1) -> (1418, 157, 1418, t2=t1+(1, 5))	1	297
(1342, 68, 510, t1) -> (510, 68, 510, t2=t1+(1, 6))	1	298
(3703, 194, 4235, t1) -> (3703, 194, 3703, t2=t1+(1, 5))	1	299
(4349, 174, 3390, t1) -> (3390, 174, 3390, t2=t1+(1, 1))	1	300
(2723, 194, 2459, t1) -> (2459, 194, 2459, t2=t1+(1, 7))	1	301
(3699, 7, 2681, t1) -> (3699, 7, 3699, t2=t1+(1, 4))	1	302
(4851, 178, 2240, t1) -> (2240, 178, 2240, t2=t1+(1, 2))	1	303
(4939, 187, 1384, t1) -> (1384, 187, 1384, t2=t1+(1, 6))	1	304
(787, 192, 1908, t1) -> (1908, 192, 1908, t2=t1+(1, 4))	1	305
(3188, 87, 2094, t1) -> (3188, 87, 2094, t2=t1+(1, 3))	1	306
(2676, 21, 3908, t1) -> (3908, 21, 2676, t2=t1+(1, 6))	1	307
(2347, 101, 164, t1) -> (2347, 101, 2347, t2=t1+(1, 2))	1	308
(2749, 133, 4714, t1) -> (4714, 133, 2749, t2=t1+(1, 2))	1	309
(1380, 61, 4324, t1) -> (4324, 61, 1380, t2=t1+(1, 3))	1	310
(4010, 71, 2276, t1) -> (2276, 71, 2276, t2=t1+(1, 6))	1	311
(2896, 8, 488, t1) -> (488, 8, 488, t2=t1+(1, 7))	1	312
(752, 9, 2828, t1) -> (2828, 9, 752, t2=t1+(1, 6))	1	313
(4436, 138, 4701, t1) -> (4701, 138, 4436, t2=t1+(1, 8))	1	314
(3732, 169, 4069, t1) -> (3732, 169, 3732, t2=t1+(1, 10))	1	315
(1535, 188, 4120, t1) -> (1535, 188, 4120, t2=t1+(1, 9))	1	316
(3785, 176, 2658, t1) -> (3785, 176, 2658, t2=t1+(1, 5))	1	317
(4716, 38, 1170, t1) -> (4716, 38, 1170, t2=t1+(1, 6))	1	318
(1319, 129, 2445, t1) -> (2445, 129, 2445, t2=t1+(1, 7))	1	319
(4346, 103, 4729, t1) -> (4729, 103, 4346, t2=t1+(1, 2))	1	320
(568, 74, 1891, t1) -> (1891, 74, 568, t2=t1+(1, 11))	1	321
(1149, 181, 575, t1) -> (1149, 181, 1149, t2=t1+(1, 3))	1	322
(2922, 96, 3369, t1) -> (3369, 96, 2922, t2=t1+(1, 5))	1	323
(2778, 106, 1927, t1) -> (2778, 106, 2778, t2=t1+(1, 6))	1	324
(1688, 183, 3102, t1) -> (3102, 183, 3102, t2=t1+(1, 5))	1	325
(3405, 169, 1997, t1) -> (3405, 169, 1997, t2=t1+(1, 5))	1	326
(3357, 134, 1011, t1) -> (3357, 134, 1011, t2=t1+(1, 4))	1	327
(3353, 135, 816, t1) -> (816, 135, 816, t2=t1+(1, 7))	1	328
(4625, 137, 4096, t1) -> (4096, 137, 4625, t2=t1+(1, 4))	1	329
(865, 153, 2699, t1) -> (2699, 153, 2699, t2=t1+(1, 5))	1	330
(4738, 63, 2674, t1) -> (4738, 63, 2674, t2=t1+(1, 8))	1	331
(1904, 147, 2756, t1) -> (2756, 147, 2756, t2=t1+(1, 3))	1	332
(3749, 98, 1382, t1) -> (1382, 98, 1382, t2=t1+(1, 7))	1	333
(1599, 144, 7, t1) -> (1599, 144, 1599, t2=t1+(1, 4))	1	334
(1117, 189, 1013, t1) -> (1013, 189, 1013, t2=t1+(1, 5))	1	335
(2693, 47, 2205, t1) -> (2693, 47, 2205, t2=t1+(1, 6))	1	336
(2767, 112, 3917, t1) -> (2767, 112, 2767, t2=t1+(1, 4))	1	337
(4058, 103, 4698, t1) -> (4058, 103, 4698, t2=t1+(1, 6))	1	338
(4473, 53, 1916, t1) -> (1916, 53, 4473, t2=t1+(1, 5))	1	339
(1582, 67, 2834, t1) -> (1582, 67, 1582, t2=t1+(1, 9))	1	340
(3401, 81, 128, t1) -> (128, 81, 128, t2=t1+(1, 2))	1	341
(1912, 182, 3087, t1) -> (3087, 182, 3087, t2=t1+(1, 6))	1	342
(2589, 26, 2535, t1) -> (2589, 26, 2535, t2=t1+(1, 9))	1	343
(3499, 56, 3466, t1) -> (3466, 56, 3499, t2=t1+(1, 4))	1	344
(3446, 84, 1610, t1) -> (3446, 84, 3446, t2=t1+(1, 9))	1	345
(3656, 139, 3580, t1) -> (3580, 139, 3580, t2=t1+(1, 1))	1	346
(2209, 23, 4473, t1) -> (2209, 23, 4473, t2=t1+(1, 3))	1	347
(4517, 54, 1943, t1) -> (1943, 54, 1943, t2=t1+(1, 6))	1	348
(3882, 0, 3799, t1) -> (3882, 0, 3799, t2=t1+(1, 6))	1	349
(1471, 68, 4139, t1) -> (4139, 68, 4139, t2=t1+(1, 2))	1	350
(1245, 148, 2080, t1) -> (2080, 148, 1245, t2=t1+(1, 3))	1	351
(72, 110, 3437, t1) -> (3437, 110, 3437, t2=t1+(1, 5))	1	352
(3251, 156, 2962, t1) -> (2962, 156, 2962, t2=t1+(1, 4))	1	353
(1134, 181, 4920, t1) -> (1134, 181, 1134, t2=t1+(1, 4))	1	354
(627, 90, 2457, t1) -> (627, 90, 627, t2=t1+(1, 2))	1	355
(2858, 197, 3544, t1) -> (3544, 197, 3544, t2=t1+(1, 6))	1	356
(2272, 197, 1067, t1) -> (2272, 197, 2272, t2=t1+(1, 5))	1	357
(2946, 144, 2189, t1) -> (2189, 144, 2946, t2=t1+(1, 3))	1	358
(1684, 104, 1099, t1) -> (1099, 104, 1684, t2=t1+(1, 8))	1	359
(3578, 65, 3507, t1) -> (3578, 65, 3507, t2=t1+(1, 5))	1	360
(4000, 177, 3657, t1) -> (4000, 177, 4000, t2=t1+(1, 4))	1	361
(2550, 198, 4179, t1) -> (4179, 198, 4179, t2=t1+(1, 3))	1	362
(2778, 165, 2433, t1) -> (2778, 165, 2778, t2=t1+(1, 6))	1	363
(3978, 167, 2715, t1) -> (3978, 167, 3978, t2=t1+(1, 5))	1	364
(1139, 16, 1527, t1) -> (1139, 16, 1527, t2=t1+(1, 1))	1	365
(4151, 27, 1235, t1) -> (4151, 27, 1235, t2=t1+(1, 8))	1	366
(637, 58, 4197, t1) -> (4197, 58, 4197, t2=t1+(1, 2))	1	367
(1131, 152, 4246, t1) -> (1131, 152, 4246, t2=t1+(1, 4))	1	368
(645, 117, 3995, t1) -> (3995, 117, 645, t2=t1+(1, 3))	1	369
(1018, 65, 4492, t1) -> (1018, 65, 4492, t2=t1+(1, 5))	1	370
(3957, 61, 454, t1) -> (454, 61, 454, t2=t1+(1, 3))	1	371
(2997, 186, 1536, t1) -> (2997, 186, 2997, t2=t1+(1, 9))	1	372
(3744, 37, 271, t1) -> (271, 37, 3744, t2=t1+(1, 4))	1	373
(1442, 78, 981, t1) -> (1442, 78, 1442, t2=t1+(1, 7))	1	374
(453, 91, 2970, t1) -> (2970, 91, 2970, t2=t1+(1, 8))	1	375
(722, 84, 3372, t1) -> (722, 84, 3372, t2=t1+(1, 3))	1	376
(3967, 88, 2324, t1) -> (2324, 88, 2324, t2=t1+(1, 2))	1	377
(2837, 76, 4968, t1) -> (4968, 76, 2837, t2=t1+(1, 7))	1	378
(3177, 82, 3185, t1) -> (3185, 82, 3177, t2=t1+(1, 8))	1	379
(4895, 89, 3053, t1) -> (3053, 89, 3053, t2=t1+(1, 4))	1	380
(3614, 183, 3060, t1) -> (3614, 183, 3060, t2=t1+(1, 5))	1	381
(3280, 145, 2225, t1) -> (3280, 145, 3280, t2=t1+(1, 7))	1	382
(1577, 58, 1424, t1) -> (1577, 58, 1577, t2=t1+(1, 3))	1	383
(92, 163, 3565, t1) -> (3565, 163, 92, t2=t1+(1, 3))	1	384
(4409, 142, 1474, t1) -> (1474, 142, 1474, t2=t1+(1, 5))	1	385
(1808, 7, 2962, t1) -> (2962, 7, 2962, t2=t1+(1, 3))	1	386
(4584, 35, 3233, t1) -> (4584, 35, 3233, t2=t1+(1, 5))	1	387
(1301, 109, 3441, t1) -> (3441, 109, 1301, t2=t1+(1, 4))	1	388
(3415, 130, 3967, t1) -> (3967, 130, 3967, t2=t1+(1, 5))	1	389
(2739, 1, 4926, t1) -> (4926, 1, 4926, t2=t1+(1, 4))	1	390
(4015, 112, 2964, t1) -> (4015, 112, 2964, t2=t1+(1, 5))	1	391
(4783, 64, 2007, t1) -> (4783, 64, 2007, t2=t1+(1, 1))	1	392
(3193, 17, 1882, t1) -> (3193, 17, 3193, t2=t1+(1, 5))	1	393
(4165, 38, 3922, t1) -> (3922, 38, 3922, t2=t1+(1, 9))	1	394
(113, 157, 2968, t1) -> (2968, 157, 2968, t2=t1+(1, 3))	1	395
(1966, 59, 4951, t1) -> (1966, 59, 4951, t2=t1+(1, 8))	1	396
(2185, 196, 3782, t1) -> (2185, 196, 3782, t2=t1+(1, 5))	1	397
(2157, 57, 3375, t1) -> (3375, 57, 3375, t2=t1+(1, 4))	1	398
(3864, 67, 4764, t1) -> (3864, 67, 3864, t2=t1+(1, 4))	1	399
(1437, 46, 234, t1) -> (1437, 46, 1437, t2=t1+(1, 6))	1	400
(3790, 143, 4917, t1) -> (4917, 143, 3790, t2=t1+(1, 5))	1	401
(1062, 189, 1661, t1) -> (1661, 189, 1661, t2=t1+(1, 10))	1	402
(4368, 45, 4737, t1) -> (4737, 45, 4737, t2=t1+(1, 5))	1	403
(2450, 99, 1914, t1) -> (2450, 99, 1914, t2=t1+(1, 3))	1	404
(4836, 62, 2558, t1) -> (4836, 62, 4836, t2=t1+(1, 4))	1	405
(3118, 11, 4166, t1) -> (4166, 11, 4166, t2=t1+(1, 4))	1	406
(2009, 40, 4255, t1) -> (2009, 40, 4255, t2=t1+(1, 4))	1	407
(2002, 100, 2801, t1) -> (2801, 100, 2801, t2=t1+(1, 5))	1	408
(4765, 14, 3852, t1) -> (4765, 14, 3852, t2=t1+(1, 4))	1	409
(3284, 96, 773, t1) -> (773, 96, 773, t2=t1+(1, 3))	1	410
(2735, 139, 4406, t1) -> (4406, 139, 2735, t2=t1+(1, 4))	1	411
(4664, 81, 4723, t1) -> (4664, 81, 4664, t2=t1+(1, 5))	1	412
(4523, 25, 1147, t1) -> (1147, 25, 4523, t2=t1+(1, 6))	1	413
(4940, 174, 2646, t1) -> (2646, 174, 2646, t2=t1+(1, 7))	1	414
(1160, 137, 4546, t1) -> (1160, 137, 1160, t2=t1+(1, 7))	1	415
(1142, 124, 2154, t1) -> (2154, 124, 1142, t2=t1+(1, 3))	1	416
(3178, 173, 4208, t1) -> (3178, 173, 3178, t2=t1+(1, 2))	1	417
(4432, 168, 332, t1) -> (332, 168, 332, t2=t1+(1, 2))	1	418
(1786, 146, 2755, t1) -> (2755, 146, 2755, t2=t1+(1, 5))	1	419
(4101, 190, 4146, t1) -> (4101, 190, 4101, t2=t1+(1, 7))	1	420
(4762, 172, 301, t1) -> (301, 172, 4762, t2=t1+(1, 5))	1	421
(2812, 165, 3986, t1) -> (3986, 165, 3986, t2=t1+(1, 2))	1	422
(1051, 8, 4927, t1) -> (1051, 8, 4927, t2=t1+(1, 5))	1	423
(555, 8, 1800, t1) -> (1800, 8, 555, t2=t1+(1, 4))	1	424
(1881, 160, 407, t1) -> (407, 160, 1881, t2=t1+(1, 4))	1	425
(4485, 162, 3742, t1) -> (4485, 162, 3742, t2=t1+(1, 7))	1	426
(4422, 100, 2818, t1) -> (4422, 100, 4422, t2=t1+(1, 5))	1	427
(4028, 100, 4113, t1) -> (4113, 100, 4028, t2=t1+(1, 1))	1	428
(3613, 186, 2168, t1) -> (2168, 186, 2168, t2=t1+(1, 3))	1	429
(3714, 59, 559, t1) -> (559, 59, 559, t2=t1+(1, 7))	1	430
(4245, 78, 4051, t1) -> (4051, 78, 4051, t2=t1+(1, 3))	1	431
(1951, 9, 1875, t1) -> (1951, 9, 1875, t2=t1+(1, 8))	1	432
(3799, 162, 1428, t1) -> (3799, 162, 1428, t2=t1+(1, 9))	1	433
(3013, 139, 3509, t1) -> (3013, 139, 3509, t2=t1+(1, 5))	1	434
(2075, 81, 3215, t1) -> (3215, 81, 3215, t2=t1+(1, 4))	1	435
(636, 48, 2523, t1) -> (2523, 48, 636, t2=t1+(1, 2))	1	436
(266, 160, 4327, t1) -> (266, 160, 4327, t2=t1+(1, 1))	1	437
(4251, 75, 1816, t1) -> (4251, 75, 1816, t2=t1+(1, 7))	1	438
(3731, 93, 1975, t1) -> (3731, 93, 1975, t2=t1+(1, 8))	1	439
(2166, 81, 2634, t1) -> (2634, 81, 2634, t2=t1+(1, 3))	1	440
(533, 124, 2880, t1) -> (533, 124, 2880, t2=t1+(1, 5))	1	441
(3467, 143, 2672, t1) -> (2672, 143, 3467, t2=t1+(1, 4))	1	442
(382, 86, 1873, t1) -> (382, 86, 382, t2=t1+(1, 10))	1	443
(4882, 26, 3026, t1) -> (4882, 26, 4882, t2=t1+(1, 6))	1	444
(319, 48, 3813, t1) -> (3813, 48, 319, t2=t1+(1, 4))	1	445
(1887, 63, 2406, t1) -> (2406, 63, 1887, t2=t1+(1, 6))	1	446
(4878, 147, 780, t1) -> (780, 147, 4878, t2=t1+(1, 3))	1	447
(3272, 80, 3591, t1) -> (3272, 80, 3272, t2=t1+(1, 1))	1	448
(4247, 103, 4373, t1) -> (4247, 103, 4247, t2=t1+(1, 6))	1	449
(2452, 177, 1185, t1) -> (2452, 177, 1185, t2=t1+(1, 3))	1	450
(3207, 46, 3469, t1) -> (3207, 46, 3207, t2=t1+(1, 2))	1	451
(3646, 166, 4263, t1) -> (4263, 166, 3646, t2=t1+(1, 5))	1	452
(2463, 41, 3749, t1) -> (3749, 41, 2463, t2=t1+(1, 2))	1	453
(4730, 109, 817, t1) -> (4730, 109, 817, t2=t1+(1, 7))	1	454
(3258, 80, 4738, t1) -> (3258, 80, 3258, t2=t1+(1, 1))	1	455
(939, 183, 4344, t1) -> (4344, 183, 939, t2=t1+(1, 4))	1	456
(1074, 167, 4619, t1) -> (1074, 167, 4619, t2=t1+(1, 3))	1	457
(1638, 11, 2506, t1) -> (1638, 11, 2506, t2=t1+(1, 6))	1	458
(1235, 98, 350, t1) -> (350, 98, 350, t2=t1+(1, 7))	1	459
(1544, 8, 1849, t1) -> (1849, 8, 1849, t2=t1+(1, 4))	1	460
(3421, 38, 3408, t1) -> (3408, 38, 3421, t2=t1+(1, 3))	1	461
(2178, 91, 4153, t1) -> (4153, 91, 4153, t2=t1+(1, 6))	1	462
(1680, 141, 4576, t1) -> (4576, 141, 4576, t2=t1+(1, 8))	1	463
(3717, 114, 2980, t1) -> (3717, 114, 2980, t2=t1+(1, 6))	1	464
(884, 73, 3459, t1) -> (884, 73, 3459, t2=t1+(1, 6))	1	465
(2372, 197, 4199, t1) -> (4199, 197, 4199, t2=t1+(1, 8))	1	466
(2749, 24, 661, t1) -> (2749, 24, 2749, t2=t1+(1, 5))	1	467
(3413, 78, 1190, t1) -> (1190, 78, 1190, t2=t1+(1, 4))	1	468
(125, 127, 2885, t1) -> (2885, 127, 125, t2=t1+(1, 5))	1	469
(3242, 106, 1608, t1) -> (1608, 106, 3242, t2=t1+(1, 4))	1	470
(191, 85, 3434, t1) -> (191, 85, 191, t2=t1+(1, 5))	1	471
(1942, 11, 241, t1) -> (1942, 11, 1942, t2=t1+(1, 4))	1	472
(2864, 188, 2050, t1) -> (2050, 188, 2864, t2=t1+(1, 5))	1	473
(3838, 197, 3671, t1) -> (3671, 197, 3671, t2=t1+(1, 2))	1	474
(1573, 39, 3325, t1) -> (3325, 39, 1573, t2=t1+(1, 5))	1	475
(4185, 20, 2407, t1) -> (4185, 20, 2407, t2=t1+(1, 2))	1	476
(4034, 177, 746, t1) -> (746, 177, 4034, t2=t1+(1, 5))	1	477
(3250, 46, 2703, t1) -> (3250, 46, 3250, t2=t1+(1, 4))	1	478
(2444, 25, 1292, t1) -> (1292, 25, 1292, t2=t1+(1, 5))	1	479
(4660, 115, 3835, t1) -> (4660, 115, 4660, t2=t1+(1, 4))	1	480
(3117, 72, 3017, t1) -> (3117, 72, 3117, t2=t1+(1, 2))	1	481
(2350, 84, 2484, t1) -> (2484, 84, 2350, t2=t1+(1, 2))	1	482
(535, 77, 751, t1) -> (751, 77, 535, t2=t1+(1, 5))	1	483
(2980, 76, 4926, t1) -> (2980, 76, 4926, t2=t1+(1, 8))	1	484
(2862, 39, 3779, t1) -> (3779, 39, 2862, t2=t1+(1, 5))	1	485
(1386, 152, 4550, t1) -> (4550, 152, 4550, t2=t1+(1, 3))	1	486
(4107, 67, 4561, t1) -> (4561, 67, 4561, t2=t1+(1, 5))	1	487
(3989, 99, 2263, t1) -> (2263, 99, 2263, t2=t1+(1, 7))	1	488
(954, 29, 4568, t1) -> (4568, 29, 4568, t2=t1+(1, 3))	1	489
(2308, 85, 2438, t1) -> (2438, 85, 2438, t2=t1+(1, 3))	1	490
(3962, 114, 4228, t1) -> (4228, 114, 4228, t2=t1+(1, 7))	1	491
(3286, 107, 3815, t1) -> (3815, 107, 3286, t2=t1+(1, 4))	1	492
(4567, 87, 4828, t1) -> (4567, 87, 4828, t2=t1+(1, 3))	1	493
(3729, 159, 3433, t1) -> (3433, 159, 3729, t2=t1+(1, 2))	1	494
(4481, 188, 4535, t1) -> (4535, 188, 4535, t2=t1+(1, 6))	1	495
(2579, 56, 3334, t1) -> (2579, 56, 2579, t2=t1+(1, 3))	1	496
(4302, 57, 1435, t1) -> (1435, 57, 1435, t2=t1+(1, 6))	1	497
(4050, 143, 3668, t1) -> (4050, 143, 4050, t2=t1+(1, 1))	1	498
(4963, 166, 550, t1) -> (550, 166, 4963, t2=t1+(1, 2))	1	499
(1218, 163, 954, t1) -> (1218, 163, 954, t2=t1+(1, 3))	1	500
(1578, 39, 878, t1) -> (1578, 39, 878, t2=t1+(1, 7))	1	501
(399, 2, 2173, t1) -> (2173, 2, 399, t2=t1+(1, 5))	1	502
(1541, 194, 318, t1) -> (1541, 194, 1541, t2=t1+(1, 5))	1	503
(1285, 191, 2492, t1) -> (2492, 191, 2492, t2=t1+(1, 6))	1	504
(1251, 27, 3134, t1) -> (3134, 27, 3134, t2=t1+(1, 3))	1	505
(609, 51, 1431, t1) -> (1431, 51, 609, t2=t1+(1, 4))	1	506
(728, 156, 498, t1) -> (498, 156, 498, t2=t1+(1, 6))	1	507
(290, 103, 1047, t1) -> (290, 103, 290, t2=t1+(1, 3))	1	508
(4552, 156, 357, t1) -> (4552, 156, 357, t2=t1+(1, 5))	1	509
(4042, 156, 3398, t1) -> (3398, 156, 4042, t2=t1+(1, 3))	1	510
(998, 196, 2331, t1) -> (998, 196, 2331, t2=t1+(1, 2))	1	511
(2733, 193, 118, t1) -> (118, 193, 118, t2=t1+(1, 8))	1	512
(3079, 126, 192, t1) -> (3079, 126, 192, t2=t1+(1, 11))	1	513
(3034, 13, 1645, t1) -> (3034, 13, 1645, t2=t1+(1, 3))	1	514
(1683, 48, 367, t1) -> (367, 48, 1683, t2=t1+(1, 6))	1	515
(1417, 125, 1746, t1) -> (1746, 125, 1417, t2=t1+(1, 4))	1	516
(4377, 139, 1319, t1) -> (4377, 139, 1319, t2=t1+(1, 4))	1	517
(3138, 139, 2556, t1) -> (3138, 139, 2556, t2=t1+(1, 5))	1	518
(1788, 158, 1131, t1) -> (1788, 158, 1131, t2=t1+(1, 3))	1	519
(1916, 101, 3070, t1) -> (1916, 101, 1916, t2=t1+(1, 3))	1	520
(4324, 59, 3195, t1) -> (4324, 59, 3195, t2=t1+(1, 5))	1	521
(1983, 88, 4391, t1) -> (1983, 88, 1983, t2=t1+(1, 8))	1	522
(4586, 155, 3485, t1) -> (4586, 155, 4586, t2=t1+(1, 3))	1	523
(508, 73, 2272, t1) -> (2272, 73, 508, t2=t1+(1, 1))	1	524
