(247, 5, 579, t1) & (374, 41, 73, t2=t1+(0, 3)) & (384, 41, 579, t3=t2+(0, 4)) -> (374, 31, 579, t4=t3+(1, 7))	3	0
(747, 43, 16, t1) & (31, 16, 742, t2=t1+(0, 4)) & (164, 16, 742, t3=t2+(0, 4)) -> (742, 19, 747, t4=t3+(1, 4))	3	1
(245, 24, 151, t1) & (287, 10, 402, t2=t1+(0, 4)) & (844, 1, 402, t3=t2+(0, 4)) -> (245, 14, 402, t4=t3+(1, 8))	3	2
(832, 22, 558, t1) & (690, 41, 962, t2=t1+(0, 5)) & (122, 32, 690, t3=t2+(0, 8)) -> (558, 22, 122, t4=t3+(1, 6))	3	3
(902, 23, 749, t1) & (298, 1, 851, t2=t1+(0, 3)) & (298, 33, 287, t3=t2+(0, 5)) -> (749, 47, 851, t4=t3+(1, 4))	3	4
(681, 26, 367, t1) & (840, 39, 611, t2=t1+(0, 7)) & (681, 10, 859, t3=t2+(0, 5)) -> (681, 41, 611, t4=t3+(1, 2))	3	5
(387, 26, 902, t1) & (36, 9, 689, t2=t1+(0, 5)) & (356, 12, 387, t3=t2+(0, 5)) -> (387, 46, 689, t4=t3+(1, 3))	3	6
(605, 15, 211, t1) & (69, 1, 454, t2=t1+(0, 8)) & (605, 29, 605, t3=t2+(0, 8)) -> (605, 47, 69, t4=t3+(1, 9))	3	7
(92, 40, 918, t1) & (283, 48, 998, t2=t1+(0, 3)) & (918, 33, 998, t3=t2+(0, 3)) -> (185, 42, 998, t4=t3+(1, 4))	3	8
(527, 6, 318, t1) & (13, 22, 97, t2=t1+(0, 5)) & (527, 43, 316, t3=t2+(0, 6)) -> (318, 3, 97, t4=t3+(1, 7))	3	9
(824, 44, 306, t1) & (512, 19, 691, t2=t1+(0, 2)) & (306, 49, 484, t3=t2+(0, 2)) -> (484, 14, 512, t4=t3+(1, 7))	3	10
(786, 48, 359, t1) & (443, 0, 377, t2=t1+(0, 9)) & (786, 30, 473, t3=t2+(0, 6)) -> (443, 22, 786, t4=t3+(1, 13))	3	11
(873, 45, 538, t1) & (467, 8, 502, t2=t1+(0, 1)) & (502, 17, 471, t3=t2+(0, 6)) -> (467, 19, 538, t4=t3+(1, 5))	3	12
(867, 9, 559, t1) & (264, 38, 236, t2=t1+(0, 2)) & (559, 25, 597, t3=t2+(0, 9)) -> (236, 30, 559, t4=t3+(1, 2))	3	13
(476, 22, 68, t1) & (380, 28, 819, t2=t1+(0, 3)) & (605, 41, 380, t3=t2+(0, 7)) -> (68, 37, 605, t4=t3+(1, 4))	3	14
(321, 19, 475, t1) & (88, 11, 581, t2=t1+(0, 5)) & (602, 21, 88, t3=t2+(0, 6)) -> (475, 38, 88, t4=t3+(1, 4))	3	15
(976, 45, 21, t1) & (357, 18, 655, t2=t1+(0, 5)) & (357, 4, 26, t3=t2+(0, 6)) -> (357, 4, 21, t4=t3+(1, 6))	3	16
(999, 33, 152, t1) & (251, 36, 250, t2=t1+(0, 2)) & (999, 23, 861, t3=t2+(0, 3)) -> (861, 2, 250, t4=t3+(1, 4))	3	17
(15, 42, 228, t1) & (499, 39, 239, t2=t1+(0, 4)) & (239, 15, 239, t3=t2+(0, 9)) -> (15, 7, 239, t4=t3+(1, 5))	3	18
(710, 0, 167, t1) & (696, 25, 781, t2=t1+(0, 7)) & (865, 7, 710, t3=t2+(0, 5)) -> (696, 19, 865, t4=t3+(1, 3))	3	19
(409, 15, 873, t1) & (621, 42, 825, t2=t1+(0, 2)) & (980, 45, 825, t3=t2+(0, 6)) -> (825, 47, 409, t4=t3+(1, 7))	3	20
(995, 28, 966, t1) & (87, 0, 641, t2=t1+(0, 12)) & (966, 43, 964, t3=t2+(0, 9)) -> (87, 47, 964, t4=t3+(1, 8))	3	21
(390, 0, 977, t1) & (719, 35, 724, t2=t1+(0, 2)) & (831, 21, 724, t3=t2+(0, 6)) -> (977, 11, 724, t4=t3+(1, 4))	3	22
(20, 24, 482, t1) & (381, 25, 803, t2=t1+(0, 4)) & (381, 29, 447, t3=t2+(0, 9)) -> (447, 23, 20, t4=t3+(1, 8))	3	23
(107, 19, 721, t1) & (501, 2, 580, t2=t1+(0, 6)) & (107, 11, 107, t3=t2+(0, 3)) -> (107, 20, 580, t4=t3+(1, 4))	3	24
(320, 25, 994, t1) & (807, 30, 194, t2=t1+(0, 1)) & (194, 37, 752, t3=t2+(0, 4)) -> (994, 32, 752, t4=t3+(1, 4))	3	25
(856, 18, 416, t1) & (409, 44, 376, t2=t1+(0, 3)) & (409, 18, 360, t3=t2+(0, 4)) -> (360, 24, 416, t4=t3+(1, 4))	3	26
(295, 46, 858, t1) & (311, 15, 451, t2=t1+(0, 1)) & (514, 39, 295, t3=t2+(0, 5)) -> (295, 4, 451, t4=t3+(1, 4))	3	27
(54, 42, 358, t1) & (478, 4, 360, t2=t1+(0, 4)) & (995, 13, 478, t3=t2+(0, 8)) -> (358, 9, 478, t4=t3+(1, 5))	3	28
(388, 11, 278, t1) & (558, 17, 835, t2=t1+(0, 4)) & (835, 5, 388, t3=t2+(0, 3)) -> (639, 44, 278, t4=t3+(1, 3))	3	29
(896, 45, 705, t1) & (756, 22, 408, t2=t1+(0, 6)) & (756, 24, 756, t3=t2+(0, 6)) -> (408, 39, 896, t4=t3+(1, 4))	3	30
(60, 35, 421, t1) & (270, 27, 317, t2=t1+(0, 6)) & (317, 26, 656, t3=t2+(0, 3)) -> (317, 15, 60, t4=t3+(1, 8))	3	31
(988, 12, 5, t1) & (361, 48, 860, t2=t1+(0, 11)) & (783, 15, 988, t3=t2+(0, 3)) -> (988, 19, 361, t4=t3+(1, 6))	3	32
(202, 31, 436, t1) & (267, 20, 333, t2=t1+(0, 2)) & (125, 48, 202, t3=t2+(0, 5)) -> (202, 19, 267, t4=t3+(1, 6))	3	33
(166, 14, 316, t1) & (543, 10, 816, t2=t1+(0, 6)) & (543, 45, 166, t3=t2+(0, 6)) -> (316, 31, 166, t4=t3+(1, 2))	3	34
(43, 11, 731, t1) & (260, 0, 765, t2=t1+(0, 2)) & (43, 23, 900, t3=t2+(0, 9)) -> (260, 37, 43, t4=t3+(1, 2))	3	35
(326, 38, 586, t1) & (365, 43, 794, t2=t1+(0, 4)) & (326, 40, 794, t3=t2+(0, 4)) -> (365, 34, 368, t4=t3+(1, 6))	3	36
(638, 0, 555, t1) & (42, 22, 833, t2=t1+(0, 4)) & (42, 21, 719, t3=t2+(0, 6)) -> (555, 6, 42, t4=t3+(1, 6))	3	37
(862, 47, 17, t1) & (482, 10, 372, t2=t1+(0, 8)) & (862, 10, 862, t3=t2+(0, 7)) -> (862, 40, 482, t4=t3+(1, 6))	3	38
(635, 7, 73, t1) & (96, 25, 484, t2=t1+(0, 8)) & (73, 0, 96, t3=t2+(0, 4)) -> (476, 27, 96, t4=t3+(1, 4))	3	39
(514, 42, 355, t1) & (554, 13, 732, t2=t1+(0, 5)) & (355, 32, 355, t3=t2+(0, 6)) -> (554, 30, 355, t4=t3+(1, 3))	3	40
(132, 29, 586, t1) & (509, 49, 297, t2=t1+(0, 2)) & (297, 41, 826, t3=t2+(0, 5)) -> (132, 27, 297, t4=t3+(1, 4))	3	41
(825, 4, 461, t1) & (495, 41, 207, t2=t1+(0, 3)) & (461, 2, 763, t3=t2+(0, 3)) -> (207, 45, 763, t4=t3+(1, 3))	3	42
(373, 45, 843, t1) & (205, 38, 36, t2=t1+(0, 4)) & (205, 29, 843, t3=t2+(0, 10)) -> (843, 28, 205, t4=t3+(1, 1))	3	43
(513, 33, 844, t1) & (639, 35, 962, t2=t1+(0, 6)) & (844, 49, 844, t3=t2+(0, 2)) -> (844, 38, 962, t4=t3+(1, 10))	3	44
(993, 7, 988, t1) & (4, 49, 648, t2=t1+(0, 5)) & (993, 13, 551, t3=t2+(0, 8)) -> (993, 43, 648, t4=t3+(1, 5))	3	45
(592, 44, 626, t1) & (435, 49, 789, t2=t1+(0, 3)) & (789, 43, 871, t3=t2+(0, 2)) -> (626, 5, 789, t4=t3+(1, 9))	3	46
(706, 34, 775, t1) & (476, 20, 635, t2=t1+(0, 11)) & (775, 49, 476, t3=t2+(0, 4)) -> (476, 36, 775, t4=t3+(1, 5))	3	47
(811, 5, 441, t1) & (590, 17, 952, t2=t1+(0, 3)) & (952, 9, 811, t3=t2+(0, 5)) -> (660, 2, 811, t4=t3+(1, 7))	3	48
(616, 22, 493, t1) & (398, 34, 147, t2=t1+(0, 2)) & (677, 32, 493, t3=t2+(0, 5)) -> (398, 41, 616, t4=t3+(1, 5))	3	49
(340, 4, 480, t1) & (643, 7, 395, t2=t1+(0, 5)) & (643, 4, 958, t3=t2+(0, 3)) -> (958, 35, 340, t4=t3+(1, 6))	3	50
(688, 31, 174, t1) & (988, 29, 180, t2=t1+(0, 4)) & (174, 17, 180, t3=t2+(0, 4)) -> (435, 44, 174, t4=t3+(1, 9))	3	51
(625, 3, 891, t1) & (253, 12, 745, t2=t1+(0, 3)) & (625, 3, 745, t3=t2+(0, 5)) -> (745, 0, 625, t4=t3+(1, 7))	3	52
(949, 31, 62, t1) & (782, 34, 912, t2=t1+(0, 4)) & (912, 29, 82, t3=t2+(0, 6)) -> (949, 14, 912, t4=t3+(1, 5))	3	53
(564, 29, 444, t1) & (227, 6, 899, t2=t1+(0, 5)) & (819, 7, 227, t3=t2+(0, 8)) -> (564, 49, 227, t4=t3+(1, 3))	3	54
(405, 26, 124, t1) & (41, 15, 607, t2=t1+(0, 5)) & (212, 22, 41, t3=t2+(0, 10)) -> (405, 16, 212, t4=t3+(1, 5))	3	55
(718, 26, 325, t1) & (54, 45, 238, t2=t1+(0, 6)) & (718, 13, 11, t3=t2+(0, 4)) -> (238, 33, 718, t4=t3+(1, 9))	3	56
(941, 48, 824, t1) & (761, 9, 255, t2=t1+(0, 1)) & (761, 9, 360, t3=t2+(0, 9)) -> (824, 5, 761, t4=t3+(1, 13))	3	57
(879, 37, 773, t1) & (320, 34, 597, t2=t1+(0, 9)) & (320, 34, 773, t3=t2+(0, 5)) -> (715, 45, 773, t4=t3+(1, 4))	3	58
(215, 14, 406, t1) & (14, 37, 817, t2=t1+(0, 7)) & (817, 34, 699, t3=t2+(0, 5)) -> (406, 18, 699, t4=t3+(1, 5))	3	59
(323, 27, 332, t1) & (721, 6, 634, t2=t1+(0, 4)) & (323, 29, 848, t3=t2+(0, 4)) -> (323, 36, 721, t4=t3+(1, 8))	3	60
(120, 12, 52, t1) & (523, 43, 951, t2=t1+(0, 8)) & (52, 24, 52, t3=t2+(0, 3)) -> (120, 8, 523, t4=t3+(1, 4))	3	61
(788, 10, 534, t1) & (493, 37, 832, t2=t1+(0, 6)) & (788, 45, 0, t3=t2+(0, 5)) -> (534, 22, 493, t4=t3+(1, 2))	3	62
(221, 42, 449, t1) & (779, 45, 387, t2=t1+(0, 6)) & (449, 14, 387, t3=t2+(0, 4)) -> (449, 32, 221, t4=t3+(1, 5))	3	63
(466, 4, 418, t1) & (273, 14, 949, t2=t1+(0, 2)) & (418, 0, 318, t3=t2+(0, 4)) -> (949, 23, 466, t4=t3+(1, 5))	3	64
(557, 1, 708, t1) & (33, 30, 92, t2=t1+(0, 6)) & (637, 17, 708, t3=t2+(0, 4)) -> (708, 48, 92, t4=t3+(1, 7))	3	65
(47, 0, 456, t1) & (86, 12, 251, t2=t1+(0, 3)) & (456, 39, 251, t3=t2+(0, 7)) -> (251, 14, 456, t4=t3+(1, 5))	3	66
(172, 44, 306, t1) & (861, 28, 146, t2=t1+(0, 5)) & (172, 0, 172, t3=t2+(0, 7)) -> (172, 20, 861, t4=t3+(1, 6))	3	67
(77, 34, 846, t1) & (633, 29, 844, t2=t1+(0, 4)) & (932, 25, 77, t3=t2+(0, 2)) -> (844, 0, 846, t4=t3+(1, 2))	3	68
(567, 2, 316, t1) & (483, 29, 726, t2=t1+(0, 5)) & (316, 35, 301, t3=t2+(0, 6)) -> (316, 33, 726, t4=t3+(1, 6))	3	69
(407, 47, 680, t1) & (742, 22, 95, t2=t1+(0, 5)) & (680, 16, 95, t3=t2+(0, 1)) -> (303, 11, 95, t4=t3+(1, 5))	3	70
(118, 32, 967, t1) & (394, 18, 176, t2=t1+(0, 6)) & (967, 4, 967, t3=t2+(0, 6)) -> (176, 17, 967, t4=t3+(1, 7))	3	71
(881, 7, 761, t1) & (518, 33, 262, t2=t1+(0, 14)) & (944, 49, 761, t3=t2+(0, 10)) -> (761, 34, 262, t4=t3+(1, 9))	3	72
(257, 24, 961, t1) & (343, 7, 308, t2=t1+(0, 5)) & (961, 34, 403, t3=t2+(0, 6)) -> (961, 21, 308, t4=t3+(1, 3))	3	73
(653, 46, 23, t1) & (173, 39, 33, t2=t1+(0, 4)) & (173, 26, 94, t3=t2+(0, 4)) -> (23, 21, 173, t4=t3+(1, 5))	3	74
(67, 45, 219, t1) & (851, 7, 693, t2=t1+(0, 9)) & (67, 44, 749, t3=t2+(0, 4)) -> (67, 25, 693, t4=t3+(1, 4))	3	75
(178, 5, 232, t1) & (177, 14, 597, t2=t1+(0, 10)) & (178, 10, 177, t3=t2+(0, 4)) -> (755, 4, 177, t4=t3+(1, 6))	3	76
(108, 46, 526, t1) & (74, 47, 64, t2=t1+(0, 5)) & (526, 14, 108, t3=t2+(0, 5)) -> (108, 48, 74, t4=t3+(1, 7))	3	77
(228, 5, 860, t1) & (218, 3, 732, t2=t1+(0, 3)) & (942, 45, 732, t3=t2+(0, 3)) -> (732, 41, 228, t4=t3+(1, 8))	3	78
(10, 40, 264, t1) & (43, 14, 459, t2=t1+(0, 5)) & (10, 0, 254, t3=t2+(0, 5)) -> (10, 8, 43, t4=t3+(1, 9))	3	79
(11, 39, 708, t1) & (67, 5, 300, t2=t1+(0, 6)) & (11, 45, 67, t3=t2+(0, 3)) -> (7, 20, 11, t4=t3+(1, 5))	3	80
(422, 48, 568, t1) & (64, 2, 980, t2=t1+(0, 2)) & (568, 2, 672, t3=t2+(0, 4)) -> (64, 31, 672, t4=t3+(1, 8))	3	81
(503, 33, 37, t1) & (947, 23, 254, t2=t1+(0, 3)) & (127, 43, 503, t3=t2+(0, 8)) -> (127, 31, 254, t4=t3+(1, 6))	3	82
(362, 24, 633, t1) & (386, 1, 135, t2=t1+(0, 4)) & (496, 36, 386, t3=t2+(0, 2)) -> (386, 48, 633, t4=t3+(1, 2))	3	83
(50, 0, 437, t1) & (696, 20, 974, t2=t1+(0, 4)) & (696, 13, 50, t3=t2+(0, 6)) -> (974, 38, 51, t4=t3+(1, 3))	3	84
(886, 9, 707, t1) & (251, 2, 45, t2=t1+(0, 3)) & (45, 16, 49, t3=t2+(0, 6)) -> (886, 49, 45, t4=t3+(1, 5))	3	85
(671, 14, 767, t1) & (183, 39, 190, t2=t1+(0, 9)) & (397, 1, 183, t3=t2+(0, 4)) -> (183, 9, 767, t4=t3+(1, 5))	3	86
(885, 44, 370, t1) & (222, 13, 41, t2=t1+(0, 5)) & (695, 17, 885, t3=t2+(0, 5)) -> (222, 2, 695, t4=t3+(1, 8))	3	87
(77, 14, 524, t1) & (727, 4, 533, t2=t1+(0, 6)) & (77, 2, 704, t3=t2+(0, 6)) -> (524, 19, 533, t4=t3+(1, 4))	3	88
(871, 45, 682, t1) & (95, 23, 910, t2=t1+(0, 7)) & (682, 31, 910, t3=t2+(0, 6)) -> (871, 4, 910, t4=t3+(1, 2))	3	89
(989, 38, 885, t1) & (133, 4, 657, t2=t1+(0, 4)) & (180, 35, 989, t3=t2+(0, 9)) -> (180, 16, 657, t4=t3+(1, 6))	3	90
(543, 21, 622, t1) & (701, 30, 515, t2=t1+(0, 4)) & (543, 47, 750, t3=t2+(0, 2)) -> (515, 23, 543, t4=t3+(1, 2))	3	91
(583, 5, 118, t1) & (197, 12, 517, t2=t1+(0, 5)) & (197, 7, 279, t3=t2+(0, 5)) -> (279, 5, 118, t4=t3+(1, 3))	3	92
(453, 46, 414, t1) & (110, 37, 493, t2=t1+(0, 5)) & (453, 31, 493, t3=t2+(0, 5)) -> (478, 29, 453, t4=t3+(1, 5))	3	93
(497, 4, 208, t1) & (124, 46, 830, t2=t1+(0, 3)) & (196, 18, 830, t3=t2+(0, 6)) -> (124, 44, 497, t4=t3+(1, 4))	3	94
(175, 18, 629, t1) & (582, 40, 377, t2=t1+(0, 2)) & (175, 27, 581, t3=t2+(0, 6)) -> (629, 33, 377, t4=t3+(1, 5))	3	95
(368, 21, 682, t1) & (544, 1, 64, t2=t1+(0, 7)) & (64, 16, 440, t3=t2+(0, 5)) -> (440, 31, 368, t4=t3+(1, 7))	3	96
(426, 4, 554, t1) & (913, 23, 726, t2=t1+(0, 5)) & (913, 34, 554, t3=t2+(0, 7)) -> (913, 39, 554, t4=t3+(1, 5))	3	97
(150, 1, 832, t1) & (30, 3, 903, t2=t1+(0, 4)) & (150, 34, 150, t3=t2+(0, 6)) -> (30, 11, 150, t4=t3+(1, 11))	3	98
(775, 30, 906, t1) & (768, 30, 891, t2=t1+(0, 6)) & (891, 12, 898, t3=t2+(0, 10)) -> (891, 35, 906, t4=t3+(1, 2))	3	99
(857, 36, 59, t1) & (777, 4, 835, t2=t1+(0, 7)) -> (59, 25, 777, t3=t2+(1, 3))	2	100
(586, 38, 706, t1) & (357, 2, 523, t2=t1+(0, 1)) -> (523, 19, 706, t3=t2+(1, 3))	2	101
(674, 12, 785, t1) & (564, 37, 166, t2=t1+(0, 9)) -> (564, 46, 785, t3=t2+(1, 1))	2	102
(169, 1, 121, t1) & (799, 42, 264, t2=t1+(0, 4)) -> (169, 18, 799, t3=t2+(1, 4))	2	103
(411, 4, 406, t1) & (661, 16, 695, t2=t1+(0, 3)) -> (661, 12, 406, t3=t2+(1, 7))	2	104
(925, 48, 924, t1) & (10, 44, 582, t2=t1+(0, 8)) -> (582, 1, 925, t3=t2+(1, 8))	2	105
(262, 33, 598, t1) & (37, 34, 451, t2=t1+(0, 4)) -> (451, 7, 262, t3=t2+(1, 7))	2	106
(906, 40, 412, t1) & (259, 47, 931, t2=t1+(0, 9)) -> (931, 49, 412, t3=t2+(1, 7))	2	107
(273, 9, 755, t1) & (902, 16, 847, t2=t1+(0, 3)) -> (755, 31, 902, t3=t2+(1, 6))	2	108
(118, 16, 428, t1) & (22, 4, 938, t2=t1+(0, 8)) -> (118, 18, 938, t3=t2+(1, 10))	2	109
(498, 47, 334, t1) & (689, 19, 261, t2=t1+(0, 6)) -> (261, 31, 498, t3=t2+(1, 9))	2	110
(741, 2, 672, t1) & (640, 25, 868, t2=t1+(0, 6)) -> (672, 5, 640, t3=t2+(1, 4))	2	111
(404, 19, 7, t1) & (769, 44, 756, t2=t1+(0, 6)) -> (404, 12, 756, t3=t2+(1, 6))	2	112
(560, 24, 494, t1) & (360, 33, 662, t2=t1+(0, 2)) -> (360, 21, 560, t3=t2+(1, 3))	2	113
(936, 40, 55, t1) & (220, 48, 762, t2=t1+(0, 5)) -> (762, 28, 55, t3=t2+(1, 3))	2	114
(315, 29, 915, t1) & (852, 28, 75, t2=t1+(0, 6)) -> (915, 49, 852, t3=t2+(1, 3))	2	115
(869, 32, 901, t1) & (458, 36, 268, t2=t1+(0, 8)) -> (869, 1, 458, t3=t2+(1, 5))	2	116
(966, 48, 327, t1) & (562, 46, 865, t2=t1+(0, 5)) -> (562, 9, 327, t3=t2+(1, 3))	2	117
(702, 20, 95, t1) & (504, 46, 368, t2=t1+(0, 6)) -> (95, 22, 368, t3=t2+(1, 3))	2	118
(886, 41, 147, t1) & (179, 22, 995, t2=t1+(0, 7)) -> (886, 9, 179, t3=t2+(1, 5))	2	119
(414, 16, 948, t1) & (389, 15, 990, t2=t1+(0, 2)) -> (389, 15, 414, t3=t2+(1, 7))	2	120
(65, 0, 154, t1) & (759, 30, 982, t2=t1+(0, 5)) -> (982, 46, 65, t3=t2+(1, 4))	2	121
(560, 37, 512, t1) & (817, 15, 278, t2=t1+(0, 3)) -> (512, 30, 817, t3=t2+(1, 4))	2	122
(518, 13, 368, t1) & (193, 8, 520, t2=t1+(0, 2)) -> (368, 39, 193, t3=t2+(1, 9))	2	123
(150, 42, 345, t1) & (669, 25, 319, t2=t1+(0, 2)) -> (345, 37, 669, t3=t2+(1, 3))	2	124
(128, 16, 644, t1) & (916, 11, 461, t2=t1+(0, 5)) -> (644, 17, 461, t3=t2+(1, 4))	2	125
(711, 15, 985, t1) & (362, 33, 491, t2=t1+(0, 5)) -> (362, 46, 985, t3=t2+(1, 5))	2	126
(870, 3, 637, t1) & (833, 47, 715, t2=t1+(0, 1)) -> (715, 13, 870, t3=t2+(1, 5))	2	127
(684, 14, 753, t1) & (879, 46, 470, t2=t1+(0, 7)) -> (753, 41, 470, t3=t2+(1, 4))	2	128
(959, 33, 126, t1) & (926, 40, 634, t2=t1+(0, 5)) -> (926, 4, 126, t3=t2+(1, 7))	2	129
(593, 33, 645, t1) & (699, 33, 736, t2=t1+(0, 2)) -> (736, 36, 593, t3=t2+(1, 8))	2	130
(611, 40, 701, t1) & (765, 5, 127, t2=t1+(0, 6)) -> (765, 44, 611, t3=t2+(1, 3))	2	131
(1, 40, 700, t1) & (646, 21, 523, t2=t1+(0, 5)) -> (523, 43, 1, t3=t2+(1, 6))	2	132
(226, 29, 828, t1) & (523, 41, 441, t2=t1+(0, 4)) -> (828, 40, 441, t3=t2+(1, 8))	2	133
(931, 39, 951, t1) & (384, 37, 244, t2=t1+(0, 5)) -> (951, 47, 244, t3=t2+(1, 4))	2	134
(25, 43, 990, t1) & (60, 29, 886, t2=t1+(0, 5)) -> (60, 28, 25, t3=t2+(1, 6))	2	135
(507, 8, 316, t1) & (205, 37, 501, t2=t1+(0, 4)) -> (316, 28, 205, t3=t2+(1, 7))	2	136
(383, 12, 991, t1) & (59, 24, 223, t2=t1+(0, 2)) -> (59, 7, 383, t3=t2+(1, 5))	2	137
(427, 43, 3, t1) & (823, 11, 811, t2=t1+(0, 4)) -> (823, 13, 427, t3=t2+(1, 6))	2	138
(910, 10, 878, t1) & (22, 12, 423, t2=t1+(0, 7)) -> (423, 27, 910, t3=t2+(1, 5))	2	139
(383, 3, 857, t1) & (929, 7, 178, t2=t1+(0, 6)) -> (929, 8, 383, t3=t2+(1, 4))	2	140
(104, 47, 476, t1) & (282, 19, 381, t2=t1+(0, 5)) -> (476, 14, 381, t3=t2+(1, 4))	2	141
(545, 46, 139, t1) & (803, 44, 348, t2=t1+(0, 2)) -> (545, 45, 803, t3=t2+(1, 4))	2	142
(302, 23, 956, t1) & (407, 37, 814, t2=t1+(0, 5)) -> (956, 45, 814, t3=t2+(1, 6))	2	143
(331, 29, 883, t1) & (873, 31, 801, t2=t1+(0, 3)) -> (873, 28, 331, t3=t2+(1, 6))	2	144
(734, 41, 178, t1) & (411, 31, 881, t2=t1+(0, 1)) -> (178, 6, 411, t3=t2+(1, 5))	2	145
(518, 26, 506, t1) & (100, 41, 558, t2=t1+(0, 6)) -> (558, 14, 518, t3=t2+(1, 5))	2	146
(347, 39, 831, t1) & (189, 39, 776, t2=t1+(0, 2)) -> (776, 2, 347, t3=t2+(1, 7))	2	147
(685, 29, 837, t1) & (350, 4, 739, t2=t1+(0, 6)) -> (739, 13, 685, t3=t2+(1, 4))	2	148
(960, 19, 297, t1) & (511, 30, 531, t2=t1+(0, 6)) -> (960, 22, 511, t3=t2+(1, 5))	2	149
(503, 3, 701, t1) & (290, 5, 501, t2=t1+(0, 1)) -> (290, 3, 701, t3=t2+(1, 4))	2	150
(854, 41, 888, t1) & (820, 32, 938, t2=t1+(0, 5)) -> (938, 39, 888, t3=t2+(1, 9))	2	151
(90, 43, 947, t1) & (354, 15, 341, t2=t1+(0, 3)) -> (947, 1, 354, t3=t2+(1, 6))	2	152
(685, 1, 430, t1) & (9, 49, 148, t2=t1+(0, 7)) -> (148, 18, 685, t3=t2+(1, 3))	2	153
(779, 32, 532, t1) & (1, 32, 869, t2=t1+(0, 8)) -> (779, 42, 1, t3=t2+(1, 2))	2	154
(982, 23, 530, t1) & (236, 43, 940, t2=t1+(0, 4)) -> (530, 35, 940, t3=t2+(1, 2))	2	155
(860, 14, 547, t1) & (504, 4, 602, t2=t1+(0, 8)) -> (504, 48, 860, t3=t2+(1, 4))	2	156
(451, 11, 631, t1) & (222, 49, 32, t2=t1+(0, 6)) -> (631, 8, 32, t3=t2+(1, 5))	2	157
(510, 40, 106, t1) & (36, 29, 223, t2=t1+(0, 7)) -> (106, 33, 223, t3=t2+(1, 11))	2	158
(378, 20, 774, t1) & (459, 0, 321, t2=t1+(0, 9)) -> (321, 39, 774, t3=t2+(1, 5))	2	159
(659, 48, 629, t1) & (637, 33, 403, t2=t1+(0, 4)) -> (629, 22, 637, t3=t2+(1, 4))	2	160
(114, 47, 987, t1) & (1, 13, 785, t2=t1+(0, 3)) -> (1, 15, 987, t3=t2+(1, 5))	2	161
(670, 5, 199, t1) & (286, 32, 358, t2=t1+(0, 4)) -> (286, 23, 670, t3=t2+(1, 3))	2	162
(191, 10, 386, t1) & (473, 44, 130, t2=t1+(0, 6)) -> (386, 39, 473, t3=t2+(1, 6))	2	163
(797, 10, 39, t1) & (519, 38, 110, t2=t1+(0, 4)) -> (39, 14, 110, t3=t2+(1, 6))	2	164
(498, 25, 428, t1) & (33, 46, 631, t2=t1+(0, 3)) -> (631, 39, 428, t3=t2+(1, 2))	2	165
(346, 22, 779, t1) & (531, 19, 492, t2=t1+(0, 5)) -> (531, 11, 346, t3=t2+(1, 3))	2	166
(982, 49, 491, t1) & (697, 36, 162, t2=t1+(0, 5)) -> (491, 0, 697, t3=t2+(1, 5))	2	167
(768, 6, 400, t1) & (721, 19, 109, t2=t1+(0, 3)) -> (109, 48, 768, t3=t2+(1, 2))	2	168
(92, 36, 247, t1) & (74, 25, 863, t2=t1+(0, 2)) -> (92, 33, 863, t3=t2+(1, 6))	2	169
(476, 32, 127, t1) & (211, 23, 640, t2=t1+(0, 4)) -> (211, 20, 476, t3=t2+(1, 8))	2	170
(877, 45, 189, t1) & (180, 36, 616, t2=t1+(0, 5)) -> (180, 7, 189, t3=t2+(1, 4))	2	171
(801, 44, 665, t1) & (275, 12, 457, t2=t1+(0, 7)) -> (665, 49, 275, t3=t2+(1, 3))	2	172
(125, 45, 264, t1) & (213, 21, 612, t2=t1+(0, 2)) -> (213, 5, 264, t3=t2+(1, 5))	2	173
(976, 13, 405, t1) & (325, 39, 387, t2=t1+(0, 0)) -> (325, 43, 405, t3=t2+(1, 7))	2	174
(331, 27, 452, t1) & (1, 15, 327, t2=t1+(0, 8)) -> (331, 10, 1, t3=t2+(1, 4))	2	175
(360, 38, 160, t1) & (722, 7, 124, t2=t1+(0, 7)) -> (360, 25, 124, t3=t2+(1, 9))	2	176
(446, 10, 806, t1) & (426, 35, 682, t2=t1+(0, 6)) -> (806, 5, 426, t3=t2+(1, 4))	2	177
(24, 5, 514, t1) & (217, 21, 885, t2=t1+(0, 9)) -> (885, 32, 514, t3=t2+(1, 2))	2	178
(205, 31, 471, t1) & (139, 9, 41, t2=t1+(0, 2)) -> (471, 6, 41, t3=t2+(1, 7))	2	179
(444, 49, 324, t1) & (870, 23, 918, t2=t1+(0, 2)) -> (324, 29, 918, t3=t2+(1, 2))	2	180
(515, 15, 84, t1) & (242, 47, 217, t2=t1+(0, 2)) -> (84, 13, 217, t3=t2+(1, 2))	2	181
(70, 20, 303, t1) & (480, 49, 440, t2=t1+(0, 4)) -> (440, 38, 303, t3=t2+(1, 3))	2	182
(635, 33, 958, t1) & (409, 3, 397, t2=t1+(0, 8)) -> (958, 26, 397, t3=t2+(1, 5))	2	183
(719, 18, 840, t1) & (744, 15, 968, t2=t1+(0, 9)) -> (840, 21, 968, t3=t2+(1, 2))	2	184
(899, 15, 226, t1) & (280, 18, 236, t2=t1+(0, 8)) -> (236, 43, 899, t3=t2+(1, 5))	2	185
(891, 14, 429, t1) & (941, 9, 178, t2=t1+(0, 6)) -> (429, 0, 941, t3=t2+(1, 8))	2	186
(502, 20, 476, t1) & (47, 42, 280, t2=t1+(0, 3)) -> (476, 40, 47, t3=t2+(1, 4))	2	187
(321, 12, 318, t1) & (343, 35, 770, t2=t1+(0, 3)) -> (770, 27, 318, t3=t2+(1, 6))	2	188
(781, 46, 701, t1) & (387, 7, 414, t2=t1+(0, 3)) -> (701, 28, 414, t3=t2+(1, 3))	2	189
(699, 2, 208, t1) & (807, 15, 199, t2=t1+(0, 4)) -> (807, 0, 699, t3=t2+(1, 1))	2	190
(949, 19, 172, t1) & (766, 29, 920, t2=t1+(0, 9)) -> (766, 29, 172, t3=t2+(1, 4))	2	191
(734, 26, 973, t1) & (650, 14, 354, t2=t1+(0, 5)) -> (973, 22, 354, t3=t2+(1, 2))	2	192
(654, 3, 5, t1) & (3, 15, 416, t2=t1+(0, 7)) -> (5, 32, 416, t3=t2+(1, 9))	2	193
(885, 22, 579, t1) & (650, 44, 310, t2=t1+(0, 5)) -> (310, 33, 885, t3=t2+(1, 6))	2	194
(759, 28, 316, t1) & (879, 10, 498, t2=t1+(0, 6)) -> (759, 0, 879, t3=t2+(1, 2))	2	195
(759, 25, 984, t1) & (662, 2, 899, t2=t1+(0, 6)) -> (899, 41, 984, t3=t2+(1, 4))	2	196
(436, 32, 678, t1) & (85, 45, 374, t2=t1+(0, 8)) -> (85, 9, 678, t3=t2+(1, 6))	2	197
(308, 9, 569, t1) & (664, 35, 795, t2=t1+(0, 2)) -> (795, 7, 569, t3=t2+(1, 6))	2	198
(492, 34, 39, t1) & (347, 42, 244, t2=t1+(0, 8)) -> (347, 15, 39, t3=t2+(1, 3))	2	199
(345, 44, 122, t1) -> (345, 45, 530, t2=t1+(1, 7))	1	200
(330, 12, 691, t1) -> (507, 30, 330, t2=t1+(1, 7))	1	201
(623, 12, 798, t1) -> (385, 16, 623, t2=t1+(1, 5))	1	202
(173, 49, 716, t1) -> (320, 45, 173, t2=t1+(1, 6))	1	203
(505, 18, 282, t1) -> (505, 48, 964, t2=t1+(1, 2))	1	204
(820, 4, 197, t1) -> (820, 24, 570, t2=t1+(1, 5))	1	205
(605, 45, 707, t1) -> (605, 31, 707, t2=t1+(1, 3))	1	206
(577, 24, 241, t1) -> (241, 12, 659, t2=t1+(1, 6))	1	207
(918, 1, 583, t1) -> (918, 9, 583, t2=t1+(1, 2))	1	208
(131, 2, 438, t1) -> (131, 25, 772, t2=t1+(1, 5))	1	209
(303, 27, 166, t1) -> (166, 15, 594, t2=t1+(1, 12))	1	210
(675, 24, 175, t1) -> (675, 16, 175, t2=t1+(1, 6))	1	211
(301, 19, 939, t1) -> (939, 9, 715, t2=t1+(1, 3))	1	212
(175, 38, 994, t1) -> (175, 22, 679, t2=t1+(1, 5))	1	213
(231, 30, 783, t1) -> (231, 22, 213, t2=t1+(1, 5))	1	214
(855, 35, 579, t1) -> (924, 5, 579, t2=t1+(1, 5))	1	215
(94, 5, 547, t1) -> (94, 3, 28, t2=t1+(1, 4))	1	216
(338, 14, 828, t1) -> (828, 46, 828, t2=t1+(1, 2))	1	217
(503, 28, 927, t1) -> (503, 21, 503, t2=t1+(1, 11))	1	218
(275, 19, 608, t1) -> (608, 7, 608, t2=t1+(1, 3))	1	219
(855, 26, 961, t1) -> (879, 21, 961, t2=t1+(1, 5))	1	220
(185, 47, 877, t1) -> (877, 35, 185, t2=t1+(1, 3))	1	221
(354, 30, 863, t1) -> (881, 23, 863, t2=t1+(1, 2))	1	222
(805, 49, 47, t1) -> (47, 26, 805, t2=t1+(1, 2))	1	223
(321, 10, 770, t1) -> (321, 39, 321, t2=t1+(1, 6))	1	224
(70, 14, 273, t1) -> (70, 11, 70, t2=t1+(1, 7))	1	225
(817, 44, 329, t1) -> (329, 24, 277, t2=t1+(1, 4))	1	226
(132, 13, 311, t1) -> (132, 28, 132, t2=t1+(1, 5))	1	227
(49, 31, 244, t1) -> (889, 27, 244, t2=t1+(1, 4))	1	228
(755, 26, 212, t1) -> (746, 2, 755, t2=t1+(1, 2))	1	229
(424, 26, 468, t1) -> (810, 14, 468, t2=t1+(1, 4))	1	230
(809, 49, 3, t1) -> (809, 13, 809, t2=t1+(1, 3))	1	231
(772, 35, 542, t1) -> (772, 18, 542, t2=t1+(1, 7))	1	232
(42, 7, 304, t1) -> (304, 22, 261, t2=t1+(1, 6))	1	233
(25, 29, 384, t1) -> (475, 19, 384, t2=t1+(1, 3))	1	234
(88, 40, 898, t1) -> (898, 45, 220, t2=t1+(1, 7))	1	235
(790, 34, 156, t1) -> (522, 44, 790, t2=t1+(1, 6))	1	236
(391, 21, 613, t1) -> (947, 34, 391, t2=t1+(1, 3))	1	237
(168, 12, 471, t1) -> (168, 41, 168, t2=t1+(1, 1))	1	238
(818, 44, 803, t1) -> (293, 4, 803, t2=t1+(1, 6))	1	239
(623, 10, 910, t1) -> (910, 29, 226, t2=t1+(1, 5))	1	240
(502, 22, 809, t1) -> (502, 41, 809, t2=t1+(1, 6))	1	241
(369, 30, 730, t1) -> (730, 36, 422, t2=t1+(1, 9))	1	242
(658, 38, 857, t1) -> (863, 10, 857, t2=t1+(1, 4))	1	243
(659, 7, 788, t1) -> (659, 49, 788, t2=t1+(1, 6))	1	244
(535, 20, 171, t1) -> (459, 16, 535, t2=t1+(1, 5))	1	245
(190, 39, 425, t1) -> (190, 17, 351, t2=t1+(1, 1))	1	246
(15, 2, 215, t1) -> (215, 30, 965, t2=t1+(1, 7))	1	247
(460, 20, 461, t1) -> (208, 37, 461, t2=t1+(1, 2))	1	248
(428, 6, 844, t1) -> (239, 38, 428, t2=t1+(1, 5))	1	249
(213, 15, 973, t1) -> (544, 7, 973, t2=t1+(1, 3))	1	250
(43, 24, 400, t1) -> (43, 44, 400, t2=t1+(1, 4))	1	251
(416, 28, 29, t1) -> (29, 4, 313, t2=t1+(1, 8))	1	252
(539, 44, 727, t1) -> (135, 29, 727, t2=t1+(1, 7))	1	253
(665, 3, 622, t1) -> (622, 43, 622, t2=t1+(1, 2))	1	254
(767, 29, 724, t1) -> (973, 43, 724, t2=t1+(1, 3))	1	255
(243, 23, 816, t1) -> (816, 43, 319, t2=t1+(1, 5))	1	256
(54, 2, 225, t1) -> (225, 1, 729, t2=t1+(1, 4))	1	257
(495, 38, 502, t1) -> (495, 11, 117, t2=t1+(1, 3))	1	258
(524, 37, 144, t1) -> (144, 24, 524, t2=t1+(1, 7))	1	259
(378, 1, 605, t1) -> (5, 20, 605, t2=t1+(1, 9))	1	260
(801, 8, 8, t1) -> (8, 32, 852, t2=t1+(1, 5))	1	261
(90, 37, 899, t1) -> (90, 2, 664, t2=t1+(1, 2))	1	262
(795, 1, 751, t1) -> (892, 43, 795, t2=t1+(1, 8))	1	263
(809, 3, 6, t1) -> (6, 39, 809, t2=t1+(1, 9))	1	264
(306, 10, 933, t1) -> (276, 37, 306, t2=t1+(1, 8))	1	265
(851, 11, 813, t1) -> (22, 39, 813, t2=t1+(1, 6))	1	266
(757, 36, 508, t1) -> (508, 12, 855, t2=t1+(1, 5))	1	267
(964, 42, 268, t1) -> (964, 43, 418, t2=t1+(1, 6))	1	268
(110, 29, 401, t1) -> (110, 16, 290, t2=t1+(1, 8))	1	269
(807, 45, 660, t1) -> (576, 47, 660, t2=t1+(1, 6))	1	270
(74, 3, 491, t1) -> (74, 11, 491, t2=t1+(1, 5))	1	271
(323, 10, 665, t1) -> (323, 18, 564, t2=t1+(1, 5))	1	272
(780, 17, 261, t1) -> (780, 26, 261, t2=t1+(1, 3))	1	273
(902, 15, 687, t1) -> (870, 22, 687, t2=t1+(1, 3))	1	274
(710, 23, 401, t1) -> (488, 15, 710, t2=t1+(1, 3))	1	275
(196, 18, 996, t1) -> (778, 0, 196, t2=t1+(1, 5))	1	276
(33, 36, 292, t1) -> (33, 13, 292, t2=t1+(1, 6))	1	277
(702, 30, 147, t1) -> (258, 2, 147, t2=t1+(1, 4))	1	278
(271, 38, 773, t1) -> (597, 0, 773, t2=t1+(1, 5))	1	279
(156, 12, 536, t1) -> (156, 26, 156, t2=t1+(1, 5))	1	280
(367, 28, 855, t1) -> (367, 45, 855, t2=t1+(1, 7))	1	281
(542, 38, 895, t1) -> (542, 0, 590, t2=t1+(1, 5))	1	282
(877, 17, 8, t1) -> (675, 46, 8, t2=t1+(1, 2))	1	283
(994, 49, 792, t1) -> (91, 30, 994, t2=t1+(1, 6))	1	284
(968, 48, 367, t1) -> (525, 26, 367, t2=t1+(1, 3))	1	285
(915, 32, 569, t1) -> (467, 1, 569, t2=t1+(1, 7))	1	286
(876, 42, 650, t1) -> (955, 17, 650, t2=t1+(1, 4))	1	287
(354, 25, 44, t1) -> (354, 42, 864, t2=t1+(1, 7))	1	288
(185, 15, 271, t1) -> (185, 19, 185, t2=t1+(1, 2))	1	289
(738, 34, 432, t1) -> (181, 8, 432, t2=t1+(1, 6))	1	290
(375, 36, 800, t1) -> (375, 12, 800, t2=t1+(1, 7))	1	291
(708, 49, 971, t1) -> (611, 25, 971, t2=t1+(1, 3))	1	292
(457, 42, 201, t1) -> (201, 22, 353, t2=t1+(1, 5))	1	293
(76, 20, 93, t1) -> (93, 5, 93, t2=t1+(1, 2))	1	294
(73, 42, 544, t1) -> (113, 46, 544, t2=t1+(1, 8))	1	295
(483, 31, 204, t1) -> (204, 48, 732, t2=t1+(1, 6))	1	296
(800, 47, 563, t1) -> (922, 29, 563, t2=t1+(1, 8))	1	297
(201, 33, 495, t1) -> (201, 15, 495, t2=t1+(1, 5))	1	298
(736, 43, 923, t1) -> (736, 34, 736, t2=t1+(1, 4))	1	299
