(4174, 89, 395, t1) & (3636, 142, 2966, t2=t1+(0, 3)) & (395, 56, 2966, t3=t2+(0, 4)) -> (4174, 89, 2966, t4=t3+(1, 7))	3	0
(452, 87, 1874, t1) & (3383, 198, 1547, t2=t1+(0, 4)) & (1874, 180, 1547, t3=t2+(0, 4)) -> (1547, 198, 1547, t4=t3+(1, 2))	3	1
(2986, 197, 4947, t1) & (3555, 197, 3378, t2=t1+(0, 4)) & (4947, 163, 3555, t3=t2+(0, 6)) -> (3555, 197, 4947, t4=t3+(1, 5))	3	2
(4181, 146, 1085, t1) & (2889, 109, 759, t2=t1+(0, 4)) & (4181, 3, 759, t3=t2+(0, 4)) -> (759, 3, 759, t4=t3+(1, 7))	3	3
(492, 42, 4995, t1) & (3102, 22, 1255, t2=t1+(0, 4)) & (492, 133, 1255, t3=t2+(0, 7)) -> (492, 22, 3102, t4=t3+(1, 8))	3	4
(1387, 79, 3496, t1) & (3264, 87, 1656, t2=t1+(0, 6)) & (3496, 75, 1656, t3=t2+(0, 8)) -> (3496, 75, 1656, t4=t3+(1, 7))	3	5
(4945, 59, 2661, t1) & (3019, 119, 113, t2=t1+(0, 3)) & (113, 93, 2661, t3=t2+(0, 8)) -> (113, 59, 2661, t4=t3+(1, 3))	3	6
(770, 154, 2837, t1) & (3726, 1, 3994, t2=t1+(0, 5)) & (2837, 117, 3726, t3=t2+(0, 5)) -> (2837, 117, 2837, t4=t3+(1, 3))	3	7
(803, 196, 4836, t1) & (2132, 4, 1493, t2=t1+(0, 6)) & (2132, 74, 4836, t3=t2+(0, 2)) -> (2132, 196, 2132, t4=t3+(1, 4))	3	8
(802, 101, 454, t1) & (3375, 92, 4401, t2=t1+(0, 5)) & (802, 84, 4401, t3=t2+(0, 6)) -> (802, 92, 802, t4=t3+(1, 6))	3	9
(1299, 66, 3539, t1) & (2340, 65, 2604, t2=t1+(0, 3)) & (3539, 72, 2604, t3=t2+(0, 2)) -> (1299, 66, 2604, t4=t3+(1, 7))	3	10
(448, 99, 4002, t1) & (606, 190, 4536, t2=t1+(0, 3)) & (4536, 137, 4002, t3=t2+(0, 5)) -> (4536, 137, 606, t4=t3+(1, 7))	3	11
(2423, 185, 2021, t1) & (4003, 133, 2654, t2=t1+(0, 9)) & (2654, 101, 2021, t3=t2+(0, 6)) -> (4003, 185, 2654, t4=t3+(1, 4))	3	12
(2999, 71, 3721, t1) & (1626, 133, 3588, t2=t1+(0, 8)) & (3588, 106, 2999, t3=t2+(0, 3)) -> (2999, 133, 3588, t4=t3+(1, 3))	3	13
(4699, 171, 4681, t1) & (4727, 39, 880, t2=t1+(0, 2)) & (4699, 196, 4727, t3=t2+(0, 9)) -> (4727, 196, 4727, t4=t3+(1, 7))	3	14
(3390, 77, 2183, t1) & (1925, 54, 2185, t2=t1+(0, 6)) & (2185, 85, 3390, t3=t2+(0, 6)) -> (2183, 85, 3390, t4=t3+(1, 3))	3	15
(1024, 73, 1840, t1) & (1843, 32, 1767, t2=t1+(0, 3)) & (1767, 71, 1840, t3=t2+(0, 5)) -> (1024, 32, 1024, t4=t3+(1, 10))	3	16
(3164, 114, 4762, t1) & (577, 85, 640, t2=t1+(0, 4)) & (4762, 55, 640, t3=t2+(0, 4)) -> (4762, 114, 4762, t4=t3+(1, 6))	3	17
(914, 147, 1108, t1) & (4648, 72, 2832, t2=t1+(0, 5)) & (4648, 60, 1108, t3=t2+(0, 4)) -> (1108, 147, 914, t4=t3+(1, 5))	3	18
(354, 187, 3084, t1) & (4888, 181, 3277, t2=t1+(0, 6)) & (4888, 111, 3084, t3=t2+(0, 2)) -> (354, 187, 4888, t4=t3+(1, 5))	3	19
(3807, 34, 1326, t1) & (30, 103, 4970, t2=t1+(0, 6)) & (3807, 152, 4970, t3=t2+(0, 9)) -> (3807, 103, 4970, t4=t3+(1, 4))	3	20
(2489, 94, 4233, t1) & (4678, 114, 4151, t2=t1+(0, 2)) & (4151, 174, 2489, t3=t2+(0, 2)) -> (2489, 94, 4678, t4=t3+(1, 9))	3	21
(128, 51, 3611, t1) & (1330, 58, 1483, t2=t1+(0, 8)) & (1483, 78, 128, t3=t2+(0, 3)) -> (128, 78, 1483, t4=t3+(1, 7))	3	22
(590, 145, 92, t1) & (309, 102, 1766, t2=t1+(0, 4)) & (309, 62, 92, t3=t2+(0, 3)) -> (92, 62, 309, t4=t3+(1, 10))	3	23
(3229, 73, 2418, t1) & (1580, 77, 3078, t2=t1+(0, 2)) & (2418, 159, 3078, t3=t2+(0, 3)) -> (2418, 159, 3078, t4=t3+(1, 3))	3	24
(4245, 51, 610, t1) & (264, 18, 3525, t2=t1+(0, 2)) & (4245, 178, 3525, t3=t2+(0, 4)) -> (3525, 18, 264, t4=t3+(1, 5))	3	25
(2674, 183, 4861, t1) & (166, 198, 1681, t2=t1+(0, 4)) & (4861, 70, 166, t3=t2+(0, 8)) -> (166, 198, 1681, t4=t3+(1, 6))	3	26
(1592, 167, 702, t1) & (2420, 91, 3232, t2=t1+(0, 1)) & (702, 74, 3232, t3=t2+(0, 3)) -> (1592, 167, 702, t4=t3+(1, 3))	3	27
(1624, 151, 1561, t1) & (4635, 2, 3677, t2=t1+(0, 1)) & (4635, 128, 1624, t3=t2+(0, 6)) -> (1561, 151, 1624, t4=t3+(1, 5))	3	28
(1107, 171, 1311, t1) & (4055, 141, 3344, t2=t1+(0, 7)) & (3344, 159, 1311, t3=t2+(0, 7)) -> (1107, 159, 3344, t4=t3+(1, 10))	3	29
(2151, 88, 1323, t1) & (3189, 167, 2636, t2=t1+(0, 4)) & (1323, 58, 3189, t3=t2+(0, 5)) -> (1323, 58, 2636, t4=t3+(1, 3))	3	30
(307, 131, 712, t1) & (1071, 89, 2111, t2=t1+(0, 4)) & (1071, 0, 712, t3=t2+(0, 4)) -> (1071, 0, 1071, t4=t3+(1, 10))	3	31
(3562, 142, 2374, t1) & (3273, 39, 804, t2=t1+(0, 6)) & (3562, 99, 804, t3=t2+(0, 3)) -> (2374, 99, 3562, t4=t3+(1, 5))	3	32
(4986, 168, 990, t1) & (3250, 176, 851, t2=t1+(0, 3)) & (4986, 50, 851, t3=t2+(0, 4)) -> (851, 168, 3250, t4=t3+(1, 5))	3	33
(1577, 5, 224, t1) & (3472, 34, 2088, t2=t1+(0, 7)) & (1577, 6, 2088, t3=t2+(0, 4)) -> (3472, 5, 1577, t4=t3+(1, 9))	3	34
(4791, 24, 2823, t1) & (4192, 28, 4968, t2=t1+(0, 6)) & (4968, 169, 4791, t3=t2+(0, 4)) -> (4192, 24, 4968, t4=t3+(1, 6))	3	35
(3611, 196, 3616, t1) & (4473, 165, 4722, t2=t1+(0, 9)) & (4722, 166, 3616, t3=t2+(0, 4)) -> (4722, 196, 3616, t4=t3+(1, 7))	3	36
(1959, 148, 3130, t1) & (1451, 192, 3826, t2=t1+(0, 3)) & (1451, 135, 1959, t3=t2+(0, 5)) -> (1959, 192, 3826, t4=t3+(1, 5))	3	37
(936, 40, 1364, t1) & (495, 186, 2097, t2=t1+(0, 1)) & (1364, 93, 495, t3=t2+(0, 2)) -> (495, 93, 495, t4=t3+(1, 4))	3	38
(3392, 179, 4017, t1) & (3295, 73, 2872, t2=t1+(0, 4)) & (4017, 83, 2872, t3=t2+(0, 4)) -> (4017, 179, 2872, t4=t3+(1, 3))	3	39
(2343, 198, 4424, t1) & (3896, 133, 789, t2=t1+(0, 3)) & (3896, 28, 4424, t3=t2+(0, 5)) -> (4424, 28, 3896, t4=t3+(1, 12))	3	40
(1258, 56, 3988, t1) & (2401, 111, 3977, t2=t1+(0, 3)) & (3977, 132, 3988, t3=t2+(0, 4)) -> (3988, 132, 3988, t4=t3+(1, 8))	3	41
(522, 156, 201, t1) & (3385, 155, 2789, t2=t1+(0, 5)) & (2789, 105, 522, t3=t2+(0, 4)) -> (522, 105, 2789, t4=t3+(1, 1))	3	42
(150, 191, 3015, t1) & (350, 124, 3333, t2=t1+(0, 5)) & (3015, 58, 350, t3=t2+(0, 3)) -> (350, 124, 3015, t4=t3+(1, 6))	3	43
(4286, 107, 2472, t1) & (60, 13, 3510, t2=t1+(0, 6)) & (2472, 7, 3510, t3=t2+(0, 5)) -> (3510, 7, 4286, t4=t3+(1, 6))	3	44
(564, 128, 638, t1) & (3285, 72, 124, t2=t1+(0, 3)) & (124, 142, 638, t3=t2+(0, 4)) -> (564, 142, 3285, t4=t3+(1, 5))	3	45
(3713, 122, 1190, t1) & (1324, 27, 1971, t2=t1+(0, 2)) & (1324, 143, 3713, t3=t2+(0, 5)) -> (3713, 122, 1324, t4=t3+(1, 10))	3	46
(2057, 169, 3145, t1) & (1282, 39, 3811, t2=t1+(0, 6)) & (2057, 50, 3811, t3=t2+(0, 3)) -> (3811, 39, 1282, t4=t3+(1, 5))	3	47
(1507, 0, 3758, t1) & (283, 60, 1744, t2=t1+(0, 4)) & (3758, 21, 283, t3=t2+(0, 12)) -> (283, 60, 1744, t4=t3+(1, 6))	3	48
(4892, 173, 692, t1) & (2548, 177, 459, t2=t1+(0, 3)) & (2548, 67, 4892, t3=t2+(0, 6)) -> (2548, 67, 2548, t4=t3+(1, 4))	3	49
(1430, 180, 3282, t1) & (1430, 17, 1520, t2=t1+(0, 3)) -> (1520, 17, 1430, t3=t2+(1, 6))	2	50
(3000, 192, 1901, t1) & (1901, 158, 3000, t2=t1+(0, 8)) -> (3000, 192, 1901, t3=t2+(1, 6))	2	51
(933, 89, 2273, t1) & (137, 140, 2273, t2=t1+(0, 4)) -> (2273, 89, 933, t3=t2+(1, 6))	2	52
(3145, 46, 1174, t1) & (3865, 90, 3145, t2=t1+(0, 5)) -> (3145, 46, 3145, t3=t2+(1, 7))	2	53
(2743, 79, 4632, t1) & (4632, 83, 4632, t2=t1+(0, 5)) -> (4632, 79, 2743, t3=t2+(1, 2))	2	54
(2759, 6, 3669, t1) & (2759, 123, 756, t2=t1+(0, 2)) -> (756, 123, 3669, t3=t2+(1, 9))	2	55
(803, 139, 1238, t1) & (803, 115, 1238, t2=t1+(0, 4)) -> (1238, 139, 803, t3=t2+(1, 8))	2	56
(3809, 150, 1931, t1) & (1931, 176, 158, t2=t1+(0, 2)) -> (1931, 150, 3809, t3=t2+(1, 3))	2	57
(655, 128, 2260, t1) & (655, 196, 2260, t2=t1+(0, 7)) -> (655, 128, 655, t3=t2+(1, 7))	2	58
(877, 33, 2385, t1) & (534, 90, 877, t2=t1+(0, 3)) -> (877, 33, 877, t3=t2+(1, 4))	2	59
(1793, 142, 912, t1) & (334, 63, 912, t2=t1+(0, 8)) -> (912, 63, 1793, t3=t2+(1, 5))	2	60
(3366, 93, 368, t1) & (368, 144, 3104, t2=t1+(0, 7)) -> (3366, 93, 3104, t3=t2+(1, 7))	2	61
(2007, 100, 40, t1) & (40, 49, 2007, t2=t1+(0, 10)) -> (2007, 49, 2007, t3=t2+(1, 4))	2	62
(4250, 94, 3560, t1) & (2021, 128, 3560, t2=t1+(0, 5)) -> (3560, 94, 4250, t3=t2+(1, 2))	2	63
(597, 94, 536, t1) & (536, 109, 4127, t2=t1+(0, 5)) -> (536, 109, 536, t3=t2+(1, 7))	2	64
(3326, 193, 2464, t1) & (4636, 60, 2464, t2=t1+(0, 5)) -> (2464, 60, 3326, t3=t2+(1, 5))	2	65
(2481, 90, 1142, t1) & (1142, 177, 2481, t2=t1+(0, 2)) -> (2481, 177, 2481, t3=t2+(1, 7))	2	66
(4384, 76, 2031, t1) & (1752, 105, 2031, t2=t1+(0, 3)) -> (1752, 76, 4384, t3=t2+(1, 3))	2	67
(4043, 113, 3867, t1) & (3867, 49, 3867, t2=t1+(0, 6)) -> (4043, 113, 3867, t3=t2+(1, 7))	2	68
(1047, 6, 4683, t1) & (1089, 1, 1047, t2=t1+(0, 6)) -> (4683, 6, 1047, t3=t2+(1, 4))	2	69
(3915, 56, 642, t1) & (3915, 3, 642, t2=t1+(0, 5)) -> (3915, 56, 3915, t3=t2+(1, 3))	2	70
(4146, 55, 671, t1) & (671, 5, 36, t2=t1+(0, 5)) -> (4146, 5, 36, t3=t2+(1, 4))	2	71
(2948, 80, 2433, t1) & (2433, 61, 704, t2=t1+(0, 3)) -> (2948, 61, 2433, t3=t2+(1, 10))	2	72
(725, 43, 1259, t1) & (518, 36, 1259, t2=t1+(0, 8)) -> (1259, 43, 725, t3=t2+(1, 7))	2	73
(4228, 141, 4061, t1) & (4061, 111, 507, t2=t1+(0, 2)) -> (4061, 141, 507, t3=t2+(1, 10))	2	74
(2174, 152, 1951, t1) & (2174, 40, 1951, t2=t1+(0, 4)) -> (1951, 40, 1951, t3=t2+(1, 5))	2	75
(2887, 21, 21, t1) & (21, 3, 21, t2=t1+(0, 9)) -> (21, 21, 2887, t3=t2+(1, 4))	2	76
(2216, 22, 129, t1) & (2458, 175, 2216, t2=t1+(0, 4)) -> (2216, 22, 2216, t3=t2+(1, 2))	2	77
(988, 174, 3775, t1) & (3775, 70, 3530, t2=t1+(0, 8)) -> (3775, 70, 3775, t3=t2+(1, 2))	2	78
(372, 97, 2681, t1) & (372, 115, 286, t2=t1+(0, 5)) -> (372, 115, 372, t3=t2+(1, 5))	2	79
(4855, 111, 901, t1) & (4855, 103, 901, t2=t1+(0, 2)) -> (4855, 111, 901, t3=t2+(1, 2))	2	80
(3748, 7, 1682, t1) & (3748, 160, 3748, t2=t1+(0, 5)) -> (3748, 160, 3748, t3=t2+(1, 4))	2	81
(486, 120, 1614, t1) & (1614, 155, 486, t2=t1+(0, 6)) -> (1614, 120, 1614, t3=t2+(1, 4))	2	82
(3255, 18, 1034, t1) & (3255, 38, 3255, t2=t1+(0, 8)) -> (3255, 18, 1034, t3=t2+(1, 5))	2	83
(4759, 146, 4336, t1) & (4336, 188, 1235, t2=t1+(0, 2)) -> (1235, 188, 4336, t3=t2+(1, 6))	2	84
(3850, 50, 2758, t1) & (1445, 110, 3850, t2=t1+(0, 4)) -> (2758, 50, 2758, t3=t2+(1, 11))	2	85
(2522, 2, 1498, t1) & (1498, 15, 2522, t2=t1+(0, 7)) -> (1498, 2, 1498, t3=t2+(1, 6))	2	86
(3583, 25, 2477, t1) & (3583, 105, 3583, t2=t1+(0, 1)) -> (2477, 105, 2477, t3=t2+(1, 4))	2	87
(4360, 9, 3450, t1) & (3450, 168, 3450, t2=t1+(0, 6)) -> (3450, 9, 3450, t3=t2+(1, 2))	2	88
(4043, 162, 3188, t1) & (4043, 28, 952, t2=t1+(0, 3)) -> (4043, 28, 4043, t3=t2+(1, 6))	2	89
(4385, 80, 4073, t1) & (2471, 117, 4385, t2=t1+(0, 5)) -> (4385, 80, 4073, t3=t2+(1, 3))	2	90
(778, 7, 813, t1) & (4166, 109, 813, t2=t1+(0, 4)) -> (4166, 109, 778, t3=t2+(1, 6))	2	91
(300, 121, 2048, t1) & (4594, 162, 2048, t2=t1+(0, 3)) -> (300, 162, 2048, t3=t2+(1, 5))	2	92
(2117, 121, 1495, t1) & (2957, 100, 1495, t2=t1+(0, 8)) -> (2117, 100, 1495, t3=t2+(1, 3))	2	93
(733, 41, 2849, t1) & (2849, 42, 733, t2=t1+(0, 4)) -> (2849, 42, 2849, t3=t2+(1, 3))	2	94
(4976, 16, 3382, t1) & (1581, 108, 3382, t2=t1+(0, 3)) -> (4976, 16, 1581, t3=t2+(1, 3))	2	95
(361, 55, 4297, t1) & (4297, 77, 3515, t2=t1+(0, 3)) -> (361, 77, 4297, t3=t2+(1, 5))	2	96
(730, 6, 3241, t1) & (3241, 20, 2656, t2=t1+(0, 8)) -> (3241, 6, 2656, t3=t2+(1, 4))	2	97
(1752, 178, 679, t1) & (2020, 114, 1752, t2=t1+(0, 5)) -> (1752, 114, 2020, t3=t2+(1, 4))	2	98
(487, 78, 4905, t1) & (4905, 156, 4905, t2=t1+(0, 9)) -> (4905, 156, 4905, t3=t2+(1, 2))	2	99
(2563, 54, 2963, t1) & (1834, 121, 2963, t2=t1+(0, 6)) -> (2563, 121, 2963, t3=t2+(1, 7))	2	100
(449, 164, 662, t1) & (3755, 121, 449, t2=t1+(0, 7)) -> (662, 121, 3755, t3=t2+(1, 7))	2	101
(1733, 66, 1949, t1) & (1733, 152, 2068, t2=t1+(0, 4)) -> (1949, 152, 2068, t3=t2+(1, 4))	2	102
(608, 197, 1050, t1) & (1050, 106, 3855, t2=t1+(0, 3)) -> (3855, 106, 1050, t3=t2+(1, 7))	2	103
(2462, 62, 3495, t1) & (3495, 13, 265, t2=t1+(0, 7)) -> (2462, 62, 265, t3=t2+(1, 5))	2	104
(1932, 57, 887, t1) & (1932, 123, 1564, t2=t1+(0, 5)) -> (1564, 123, 1564, t3=t2+(1, 7))	2	105
(302, 22, 1630, t1) & (302, 84, 1130, t2=t1+(0, 5)) -> (1130, 84, 1130, t3=t2+(1, 4))	2	106
(3136, 194, 3451, t1) & (3136, 74, 4305, t2=t1+(0, 6)) -> (3451, 194, 3136, t3=t2+(1, 5))	2	107
(1657, 10, 2585, t1) & (2585, 23, 1657, t2=t1+(0, 3)) -> (1657, 23, 2585, t3=t2+(1, 3))	2	108
(1004, 138, 4957, t1) & (3870, 93, 4957, t2=t1+(0, 7)) -> (4957, 93, 3870, t3=t2+(1, 7))	2	109
(736, 109, 4264, t1) & (736, 89, 736, t2=t1+(0, 2)) -> (4264, 89, 736, t3=t2+(1, 7))	2	110
(2331, 84, 2273, t1) & (2273, 68, 2171, t2=t1+(0, 3)) -> (2331, 84, 2331, t3=t2+(1, 5))	2	111
(4262, 138, 1601, t1) & (1983, 101, 4262, t2=t1+(0, 4)) -> (4262, 101, 4262, t3=t2+(1, 6))	2	112
(203, 171, 4001, t1) & (203, 126, 203, t2=t1+(0, 4)) -> (203, 126, 203, t3=t2+(1, 7))	2	113
(3944, 19, 4847, t1) & (2776, 175, 4847, t2=t1+(0, 7)) -> (3944, 175, 3944, t3=t2+(1, 4))	2	114
(3718, 167, 3851, t1) & (3718, 105, 3718, t2=t1+(0, 8)) -> (3718, 167, 3718, t3=t2+(1, 4))	2	115
(1522, 189, 1940, t1) & (1522, 116, 1940, t2=t1+(0, 3)) -> (1522, 116, 1940, t3=t2+(1, 6))	2	116
(2388, 169, 3754, t1) & (3754, 130, 2387, t2=t1+(0, 7)) -> (3754, 130, 2388, t3=t2+(1, 9))	2	117
(3504, 64, 324, t1) & (3504, 157, 324, t2=t1+(0, 2)) -> (324, 64, 3504, t3=t2+(1, 8))	2	118
(1310, 148, 839, t1) & (839, 174, 1310, t2=t1+(0, 5)) -> (839, 148, 839, t3=t2+(1, 4))	2	119
(809, 167, 886, t1) & (886, 196, 886, t2=t1+(0, 8)) -> (886, 196, 886, t3=t2+(1, 2))	2	120
(4688, 60, 501, t1) & (2589, 170, 501, t2=t1+(0, 5)) -> (2589, 60, 4688, t3=t2+(1, 6))	2	121
(3794, 9, 2745, t1) & (2469, 102, 3794, t2=t1+(0, 7)) -> (2745, 102, 3794, t3=t2+(1, 5))	2	122
(4042, 147, 1810, t1) & (1810, 178, 4042, t2=t1+(0, 4)) -> (1810, 178, 1810, t3=t2+(1, 3))	2	123
(4988, 62, 1404, t1) & (1404, 117, 1476, t2=t1+(0, 6)) -> (1476, 62, 1476, t3=t2+(1, 6))	2	124
(165, 88, 1925, t1) & (165, 164, 1925, t2=t1+(0, 4)) -> (165, 164, 1925, t3=t2+(1, 6))	2	125
(2330, 33, 2244, t1) & (2244, 116, 3789, t2=t1+(0, 7)) -> (2330, 116, 2244, t3=t2+(1, 2))	2	126
(2287, 2, 438, t1) & (438, 125, 2287, t2=t1+(0, 3)) -> (438, 2, 438, t3=t2+(1, 5))	2	127
(1497, 115, 2891, t1) & (2760, 185, 2891, t2=t1+(0, 5)) -> (1497, 185, 1497, t3=t2+(1, 4))	2	128
(2681, 85, 1124, t1) & (2681, 24, 4949, t2=t1+(0, 6)) -> (2681, 85, 2681, t3=t2+(1, 2))	2	129
(1521, 191, 4661, t1) & (1521, 40, 4661, t2=t1+(0, 5)) -> (4661, 191, 4661, t3=t2+(1, 5))	2	130
(1713, 131, 3456, t1) & (3456, 147, 4701, t2=t1+(0, 5)) -> (1713, 147, 3456, t3=t2+(1, 4))	2	131
(2550, 191, 1947, t1) & (1947, 74, 2550, t2=t1+(0, 3)) -> (1947, 191, 1947, t3=t2+(1, 7))	2	132
(4537, 18, 3862, t1) & (3504, 179, 4537, t2=t1+(0, 5)) -> (4537, 179, 4537, t3=t2+(1, 4))	2	133
(2287, 182, 4024, t1) & (4024, 100, 330, t2=t1+(0, 5)) -> (4024, 100, 4024, t3=t2+(1, 3))	2	134
(2044, 186, 914, t1) & (2044, 159, 4934, t2=t1+(0, 3)) -> (2044, 159, 2044, t3=t2+(1, 6))	2	135
(3316, 21, 3987, t1) & (2702, 98, 3987, t2=t1+(0, 4)) -> (3316, 21, 2702, t3=t2+(1, 8))	2	136
(2089, 158, 3848, t1) & (3848, 104, 2421, t2=t1+(0, 7)) -> (2089, 158, 2089, t3=t2+(1, 8))	2	137
(3126, 4, 1564, t1) & (314, 7, 1564, t2=t1+(0, 5)) -> (1564, 7, 3126, t3=t2+(1, 9))	2	138
(4758, 181, 1602, t1) & (4758, 12, 1602, t2=t1+(0, 5)) -> (4758, 181, 1602, t3=t2+(1, 3))	2	139
(4044, 172, 3540, t1) & (4044, 178, 4044, t2=t1+(0, 3)) -> (4044, 178, 4044, t3=t2+(1, 1))	2	140
(941, 13, 1539, t1) & (941, 109, 2394, t2=t1+(0, 6)) -> (1539, 13, 941, t3=t2+(1, 6))	2	141
(866, 171, 4791, t1) & (866, 104, 4258, t2=t1+(0, 6)) -> (4258, 104, 4258, t3=t2+(1, 5))	2	142
(3983, 63, 2249, t1) & (3983, 42, 2249, t2=t1+(0, 2)) -> (3983, 42, 2249, t3=t2+(1, 2))	2	143
(4876, 189, 1122, t1) & (2109, 12, 4876, t2=t1+(0, 8)) -> (4876, 189, 4876, t3=t2+(1, 4))	2	144
(609, 170, 2837, t1) & (609, 0, 2071, t2=t1+(0, 4)) -> (2837, 0, 2071, t3=t2+(1, 8))	2	145
(3327, 66, 1911, t1) & (4802, 162, 1911, t2=t1+(0, 6)) -> (1911, 66, 3327, t3=t2+(1, 2))	2	146
(4561, 121, 4480, t1) & (4480, 85, 4561, t2=t1+(0, 5)) -> (4480, 121, 4480, t3=t2+(1, 8))	2	147
(2503, 61, 524, t1) & (524, 156, 524, t2=t1+(0, 5)) -> (524, 156, 524, t3=t2+(1, 3))	2	148
(2608, 85, 869, t1) & (1006, 192, 869, t2=t1+(0, 7)) -> (1006, 192, 1006, t3=t2+(1, 3))	2	149
(1191, 198, 3015, t1) -> (1191, 198, 3015, t2=t1+(1, 2))	1	150
(353, 52, 361, t1) -> (361, 52, 353, t2=t1+(1, 1))	1	151
(287, 26, 2285, t1) -> (2285, 26, 287, t2=t1+(1, 7))	1	152
(451, 122, 4772, t1) -> (451, 122, 451, t2=t1+(1, 7))	1	153
(3411, 40, 4920, t1) -> (3411, 40, 3411, t2=t1+(1, 4))	1	154
(2518, 124, 2902, t1) -> (2518, 124, 2902, t2=t1+(1, 3))	1	155
(4031, 28, 2266, t1) -> (4031, 28, 2266, t2=t1+(1, 5))	1	156
(801, 18, 4846, t1) -> (4846, 18, 801, t2=t1+(1, 5))	1	157
(3824, 118, 4750, t1) -> (4750, 118, 3824, t2=t1+(1, 8))	1	158
(165, 74, 25, t1) -> (25, 74, 165, t2=t1+(1, 2))	1	159
(1601, 133, 2605, t1) -> (1601, 133, 2605, t2=t1+(1, 5))	1	160
(4833, 95, 3102, t1) -> (4833, 95, 3102, t2=t1+(1, 5))	1	161
(1767, 99, 913, t1) -> (913, 99, 913, t2=t1+(1, 5))	1	162
(4152, 102, 2891, t1) -> (4152, 102, 2891, t2=t1+(1, 3))	1	163
(4267, 190, 1191, t1) -> (1191, 190, 4267, t2=t1+(1, 5))	1	164
(4009, 5, 2405, t1) -> (4009, 5, 4009, t2=t1+(1, 11))	1	165
(1449, 12, 1540, t1) -> (1449, 12, 1449, t2=t1+(1, 1))	1	166
(4388, 129, 2633, t1) -> (2633, 129, 4388, t2=t1+(1, 2))	1	167
(3835, 27, 2157, t1) -> (3835, 27, 3835, t2=t1+(1, 5))	1	168
(3965, 57, 3323, t1) -> (3323, 57, 3965, t2=t1+(1, 4))	1	169
(3202, 80, 3737, t1) -> (3737, 80, 3737, t2=t1+(1, 6))	1	170
(1437, 61, 355, t1) -> (355, 61, 1437, t2=t1+(1, 2))	1	171
(2305, 53, 1152, t1) -> (2305, 53, 1152, t2=t1+(1, 5))	1	172
(242, 43, 2266, t1) -> (2266, 43, 2266, t2=t1+(1, 9))	1	173
(4379, 159, 1151, t1) -> (1151, 159, 1151, t2=t1+(1, 4))	1	174
(1037, 72, 316, t1) -> (316, 72, 316, t2=t1+(1, 1))	1	175
(3095, 35, 4831, t1) -> (3095, 35, 4831, t2=t1+(1, 3))	1	176
(4782, 68, 434, t1) -> (434, 68, 4782, t2=t1+(1, 5))	1	177
(4376, 72, 2940, t1) -> (4376, 72, 2940, t2=t1+(1, 5))	1	178
(3822, 112, 4651, t1) -> (3822, 112, 3822, t2=t1+(1, 5))	1	179
(1788, 54, 779, t1) -> (779, 54, 779, t2=t1+(1, 6))	1	180
(3043, 100, 2837, t1) -> (3043, 100, 3043, t2=t1+(1, 2))	1	181
(1369, 62, 247, t1) -> (247, 62, 247, t2=t1+(1, 5))	1	182
(1820, 141, 1504, t1) -> (1504, 141, 1504, t2=t1+(1, 6))	1	183
(4591, 42, 1846, t1) -> (1846, 42, 1846, t2=t1+(1, 10))	1	184
(4745, 169, 3555, t1) -> (4745, 169, 4745, t2=t1+(1, 6))	1	185
(2971, 78, 2677, t1) -> (2971, 78, 2971, t2=t1+(1, 4))	1	186
(1213, 114, 2955, t1) -> (2955, 114, 2955, t2=t1+(1, 6))	1	187
(1734, 99, 3146, t1) -> (1734, 99, 1734, t2=t1+(1, 4))	1	188
(4808, 197, 4473, t1) -> (4473, 197, 4473, t2=t1+(1, 4))	1	189
(2424, 95, 1126, t1) -> (2424, 95, 1126, t2=t1+(1, 3))	1	190
(2127, 44, 294, t1) -> (294, 44, 294, t2=t1+(1, 5))	1	191
(4553, 4, 1291, t1) -> (4553, 4, 1291, t2=t1+(1, 4))	1	192
(446, 192, 292, t1) -> (446, 192, 292, t2=t1+(1, 2))	1	193
(2152, 125, 2669, t1) -> (2152, 125, 2152, t2=t1+(1, 2))	1	194
(4338, 198, 1487, t1) -> (1487, 198, 1487, t2=t1+(1, 2))	1	195
(1880, 164, 3139, t1) -> (3139, 164, 1880, t2=t1+(1, 3))	1	196
(4893, 147, 596, t1) -> (596, 147, 4893, t2=t1+(1, 8))	1	197
(2422, 61, 4320, t1) -> (2422, 61, 2422, t2=t1+(1, 4))	1	198
(1418, 178, 8, t1) -> (8, 178, 8, t2=t1+(1, 3))	1	199
(890, 26, 4527, t1) -> (4527, 26, 4527, t2=t1+(1, 8))	1	200
(2229, 19, 120, t1) -> (120, 19, 2229, t2=t1+(1, 5))	1	201
(2539, 42, 218, t1) -> (218, 42, 218, t2=t1+(1, 5))	1	202
(3656, 59, 4233, t1) -> (3656, 59, 3656, t2=t1+(1, 6))	1	203
(3874, 131, 310, t1) -> (3874, 131, 310, t2=t1+(1, 5))	1	204
(704, 105, 901, t1) -> (901, 105, 704, t2=t1+(1, 3))	1	205
(2934, 111, 2481, t1) -> (2481, 111, 2481, t2=t1+(1, 3))	1	206
(3690, 67, 4619, t1) -> (4619, 67, 4619, t2=t1+(1, 4))	1	207
(2364, 67, 702, t1) -> (702, 67, 2364, t2=t1+(1, 2))	1	208
(4941, 31, 1658, t1) -> (4941, 31, 1658, t2=t1+(1, 4))	1	209
(3407, 185, 957, t1) -> (957, 185, 957, t2=t1+(1, 9))	1	210
(1884, 124, 3852, t1) -> (3852, 124, 3852, t2=t1+(1, 9))	1	211
(1459, 123, 4585, t1) -> (1459, 123, 4585, t2=t1+(1, 4))	1	212
(2183, 32, 4179, t1) -> (4179, 32, 2183, t2=t1+(1, 2))	1	213
(3424, 16, 3671, t1) -> (3424, 16, 3671, t2=t1+(1, 5))	1	214
(551, 128, 3275, t1) -> (551, 128, 3275, t2=t1+(1, 5))	1	215
(4970, 85, 2547, t1) -> (4970, 85, 4970, t2=t1+(1, 3))	1	216
(4494, 31, 1694, t1) -> (1694, 31, 4494, t2=t1+(1, 3))	1	217
(770, 46, 737, t1) -> (737, 46, 770, t2=t1+(1, 5))	1	218
(2013, 81, 270, t1) -> (270, 81, 270, t2=t1+(1, 9))	1	219
(2819, 32, 4968, t1) -> (2819, 32, 4968, t2=t1+(1, 5))	1	220
(1648, 58, 4814, t1) -> (4814, 58, 4814, t2=t1+(1, 5))	1	221
(3642, 118, 4665, t1) -> (4665, 118, 4665, t2=t1+(1, 4))	1	222
(3022, 131, 3845, t1) -> (3022, 131, 3845, t2=t1+(1, 4))	1	223
(19, 79, 2986, t1) -> (19, 79, 19, t2=t1+(1, 3))	1	224
(4233, 95, 2104, t1) -> (2104, 95, 4233, t2=t1+(1, 4))	1	225
(2529, 25, 950, t1) -> (950, 25, 950, t2=t1+(1, 1))	1	226
(3867, 199, 1703, t1) -> (1703, 199, 3867, t2=t1+(1, 4))	1	227
(4376, 177, 1584, t1) -> (1584, 177, 4376, t2=t1+(1, 7))	1	228
(476, 78, 498, t1) -> (476, 78, 498, t2=t1+(1, 4))	1	229
(4296, 35, 3251, t1) -> (4296, 35, 4296, t2=t1+(1, 9))	1	230
(110, 131, 2927, t1) -> (110, 131, 2927, t2=t1+(1, 2))	1	231
(2681, 187, 154, t1) -> (154, 187, 2681, t2=t1+(1, 6))	1	232
(2960, 78, 572, t1) -> (572, 78, 572, t2=t1+(1, 5))	1	233
(1520, 101, 4959, t1) -> (1520, 101, 1520, t2=t1+(1, 7))	1	234
(175, 176, 2783, t1) -> (175, 176, 175, t2=t1+(1, 8))	1	235
(2328, 84, 2205, t1) -> (2328, 84, 2328, t2=t1+(1, 3))	1	236
(4988, 115, 4150, t1) -> (4988, 115, 4150, t2=t1+(1, 1))	1	237
(4286, 198, 2331, t1) -> (4286, 198, 4286, t2=t1+(1, 4))	1	238
(2871, 142, 892, t1) -> (892, 142, 892, t2=t1+(1, 2))	1	239
(1609, 25, 2602, t1) -> (1609, 25, 1609, t2=t1+(1, 4))	1	240
(2617, 141, 3862, t1) -> (2617, 141, 2617, t2=t1+(1, 6))	1	241
(2557, 118, 96, t1) -> (2557, 118, 2557, t2=t1+(1, 6))	1	242
(4439, 22, 1178, t1) -> (4439, 22, 1178, t2=t1+(1, 6))	1	243
(490, 91, 2882, t1) -> (490, 91, 2882, t2=t1+(1, 4))	1	244
(1237, 75, 101, t1) -> (101, 75, 101, t2=t1+(1, 4))	1	245
(1873, 11, 4231, t1) -> (1873, 11, 4231, t2=t1+(1, 1))	1	246
(3879, 137, 3671, t1) -> (3671, 137, 3671, t2=t1+(1, 6))	1	247
(3070, 5, 2146, t1) -> (2146, 5, 3070, t2=t1+(1, 2))	1	248
(4770, 119, 3266, t1) -> (3266, 119, 4770, t2=t1+(1, 5))	1	249
(3053, 116, 4303, t1) -> (3053, 116, 4303, t2=t1+(1, 4))	1	250
(4364, 11, 1137, t1) -> (1137, 11, 4364, t2=t1+(1, 5))	1	251
(4344, 197, 1500, t1) -> (4344, 197, 4344, t2=t1+(1, 6))	1	252
(1984, 72, 1849, t1) -> (1984, 72, 1984, t2=t1+(1, 3))	1	253
(1152, 147, 38, t1) -> (1152, 147, 38, t2=t1+(1, 4))	1	254
(996, 165, 527, t1) -> (527, 165, 527, t2=t1+(1, 8))	1	255
(4205, 184, 3628, t1) -> (3628, 184, 4205, t2=t1+(1, 4))	1	256
(3953, 84, 1471, t1) -> (1471, 84, 1471, t2=t1+(1, 4))	1	257
(4044, 22, 1172, t1) -> (4044, 22, 4044, t2=t1+(1, 6))	1	258
(2808, 44, 526, t1) -> (2808, 44, 526, t2=t1+(1, 5))	1	259
(3370, 98, 233, t1) -> (3370, 98, 3370, t2=t1+(1, 1))	1	260
(2613, 141, 1985, t1) -> (1985, 141, 1985, t2=t1+(1, 14))	1	261
(4405, 171, 302, t1) -> (302, 171, 302, t2=t1+(1, 5))	1	262
(4817, 62, 1293, t1) -> (4817, 62, 1293, t2=t1+(1, 5))	1	263
(2012, 178, 2717, t1) -> (2012, 178, 2012, t2=t1+(1, 1))	1	264
(4839, 177, 2439, t1) -> (2439, 177, 2439, t2=t1+(1, 3))	1	265
(4181, 55, 1036, t1) -> (1036, 55, 1036, t2=t1+(1, 5))	1	266
(1148, 146, 2648, t1) -> (1148, 146, 2648, t2=t1+(1, 2))	1	267
(420, 45, 4478, t1) -> (4478, 45, 420, t2=t1+(1, 7))	1	268
(1145, 139, 1469, t1) -> (1469, 139, 1469, t2=t1+(1, 3))	1	269
(2753, 115, 2303, t1) -> (2303, 115, 2753, t2=t1+(1, 5))	1	270
(2007, 125, 2427, t1) -> (2007, 125, 2007, t2=t1+(1, 6))	1	271
(689, 49, 4629, t1) -> (4629, 49, 4629, t2=t1+(1, 4))	1	272
(1821, 16, 4915, t1) -> (4915, 16, 4915, t2=t1+(1, 4))	1	273
(3770, 11, 2945, t1) -> (3770, 11, 2945, t2=t1+(1, 6))	1	274
(4538, 113, 2576, t1) -> (2576, 113, 4538, t2=t1+(1, 7))	1	275
(3163, 166, 3204, t1) -> (3163, 166, 3163, t2=t1+(1, 5))	1	276
(3149, 108, 882, t1) -> (3149, 108, 882, t2=t1+(1, 7))	1	277
(1003, 72, 1606, t1) -> (1003, 72, 1606, t2=t1+(1, 6))	1	278
(4653, 170, 2929, t1) -> (2929, 170, 4653, t2=t1+(1, 4))	1	279
(91, 132, 1470, t1) -> (1470, 132, 91, t2=t1+(1, 6))	1	280
(4336, 146, 2798, t1) -> (4336, 146, 2798, t2=t1+(1, 10))	1	281
(590, 72, 4452, t1) -> (4452, 72, 4452, t2=t1+(1, 6))	1	282
(2573, 15, 2419, t1) -> (2573, 15, 2419, t2=t1+(1, 7))	1	283
(848, 106, 3185, t1) -> (3185, 106, 848, t2=t1+(1, 6))	1	284
(1315, 39, 1339, t1) -> (1339, 39, 1315, t2=t1+(1, 4))	1	285
(4734, 28, 639, t1) -> (4734, 28, 639, t2=t1+(1, 8))	1	286
(4626, 182, 94, t1) -> (94, 182, 4626, t2=t1+(1, 6))	1	287
(2477, 108, 1187, t1) -> (2477, 108, 1187, t2=t1+(1, 4))	1	288
(3849, 81, 1680, t1) -> (1680, 81, 3849, t2=t1+(1, 8))	1	289
(1690, 142, 110, t1) -> (1690, 142, 110, t2=t1+(1, 9))	1	290
(2789, 100, 4552, t1) -> (4552, 100, 2789, t2=t1+(1, 10))	1	291
(1621, 15, 2972, t1) -> (1621, 15, 2972, t2=t1+(1, 6))	1	292
(1517, 71, 2433, t1) -> (1517, 71, 1517, t2=t1+(1, 5))	1	293
(4742, 28, 2885, t1) -> (4742, 28, 4742, t2=t1+(1, 4))	1	294
(1749, 131, 2440, t1) -> (1749, 131, 2440, t2=t1+(1, 8))	1	295
(3261, 90, 1534, t1) -> (1534, 90, 3261, t2=t1+(1, 2))	1	296
(2433, 144, 2950, t1) -> (2433, 144, 2950, t2=t1+(1, 7))	1	297
(2348, 107, 3020, t1) -> (2348, 107, 3020, t2=t1+(1, 4))	1	298
(4814, 112, 4548, t1) -> (4548, 112, 4814, t2=t1+(1, 9))	1	299
(3745, 93, 1863, t1) -> (3745, 93, 1863, t2=t1+(1, 4))	1	300
(880, 127, 1632, t1) -> (1632, 127, 1632, t2=t1+(1, 5))	1	301
(1458, 30, 1406, t1) -> (1406, 30, 1406, t2=t1+(1, 7))	1	302
(2330, 28, 404, t1) -> (404, 28, 404, t2=t1+(1, 2))	1	303
(805, 160, 3186, t1) -> (3186, 160, 3186, t2=t1+(1, 4))	1	304
(4540, 27, 1292, t1) -> (4540, 27, 4540, t2=t1+(1, 6))	1	305
(2294, 41, 2591, t1) -> (2591, 41, 2294, t2=t1+(1, 5))	1	306
(1482, 170, 4368, t1) -> (1482, 170, 4368, t2=t1+(1, 5))	1	307
(1304, 19, 919, t1) -> (1304, 19, 919, t2=t1+(1, 4))	1	308
(4773, 154, 4685, t1) -> (4685, 154, 4685, t2=t1+(1, 5))	1	309
(3144, 196, 1262, t1) -> (3144, 196, 3144, t2=t1+(1, 6))	1	310
(1141, 177, 4186, t1) -> (4186, 177, 1141, t2=t1+(1, 5))	1	311
(3019, 150, 2457, t1) -> (3019, 150, 3019, t2=t1+(1, 3))	1	312
(63, 64, 321, t1) -> (321, 64, 321, t2=t1+(1, 4))	1	313
(3369, 192, 2120, t1) -> (3369, 192, 2120, t2=t1+(1, 4))	1	314
(1150, 195, 4639, t1) -> (4639, 195, 4639, t2=t1+(1, 1))	1	315
(3521, 49, 1614, t1) -> (3521, 49, 1614, t2=t1+(1, 5))	1	316
(3639, 3, 2023, t1) -> (3639, 3, 2023, t2=t1+(1, 8))	1	317
(3919, 176, 655, t1) -> (3919, 176, 655, t2=t1+(1, 2))	1	318
(4729, 28, 1019, t1) -> (4729, 28, 1019, t2=t1+(1, 5))	1	319
(3081, 6, 53, t1) -> (3081, 6, 53, t2=t1+(1, 8))	1	320
(78, 148, 1265, t1) -> (1265, 148, 78, t2=t1+(1, 4))	1	321
(483, 94, 1942, t1) -> (1942, 94, 1942, t2=t1+(1, 2))	1	322
(4173, 59, 3520, t1) -> (3520, 59, 4173, t2=t1+(1, 3))	1	323
(4178, 142, 1990, t1) -> (1990, 142, 1990, t2=t1+(1, 8))	1	324
(694, 156, 3110, t1) -> (694, 156, 694, t2=t1+(1, 2))	1	325
(474, 105, 2601, t1) -> (474, 105, 474, t2=t1+(1, 5))	1	326
(3544, 64, 1944, t1) -> (3544, 64, 1944, t2=t1+(1, 4))	1	327
(3660, 26, 940, t1) -> (3660, 26, 3660, t2=t1+(1, 6))	1	328
(753, 163, 952, t1) -> (952, 163, 952, t2=t1+(1, 5))	1	329
(434, 10, 3113, t1) -> (434, 10, 434, t2=t1+(1, 3))	1	330
(1481, 181, 3937, t1) -> (1481, 181, 3937, t2=t1+(1, 3))	1	331
(2947, 79, 3420, t1) -> (2947, 79, 3420, t2=t1+(1, 7))	1	332
(3166, 107, 627, t1) -> (3166, 107, 3166, t2=t1+(1, 5))	1	333
(203, 196, 4452, t1) -> (203, 196, 4452, t2=t1+(1, 5))	1	334
(4646, 78, 3923, t1) -> (3923, 78, 3923, t2=t1+(1, 1))	1	335
(3448, 36, 2898, t1) -> (2898, 36, 3448, t2=t1+(1, 9))	1	336
(2356, 51, 41, t1) -> (41, 51, 2356, t2=t1+(1, 2))	1	337
(822, 24, 2193, t1) -> (822, 24, 2193, t2=t1+(1, 6))	1	338
(2102, 8, 570, t1) -> (2102, 8, 2102, t2=t1+(1, 6))	1	339
(3524, 196, 297, t1) -> (297, 196, 3524, t2=t1+(1, 3))	1	340
(3820, 35, 3198, t1) -> (3820, 35, 3198, t2=t1+(1, 1))	1	341
(3347, 48, 1658, t1) -> (3347, 48, 1658, t2=t1+(1, 10))	1	342
(1378, 149, 1502, t1) -> (1502, 149, 1502, t2=t1+(1, 4))	1	343
(907, 196, 1131, t1) -> (1131, 196, 907, t2=t1+(1, 5))	1	344
(2566, 171, 555, t1) -> (555, 171, 555, t2=t1+(1, 4))	1	345
(2664, 35, 2844, t1) -> (2844, 35, 2844, t2=t1+(1, 5))	1	346
(174, 161, 3610, t1) -> (3610, 161, 174, t2=t1+(1, 3))	1	347
(4729, 41, 1830, t1) -> (4729, 41, 1830, t2=t1+(1, 3))	1	348
(2158, 177, 1825, t1) -> (1825, 177, 2158, t2=t1+(1, 6))	1	349
