(3961, 82, 473, t1) & (416, 84, 1481, t2=t1+(0, 7)) & (416, 133, 473, t3=t2+(0, 4)) -> (416, 84, 1481, t4=t3+(1, 3))	3	0
(4999, 112, 2842, t1) & (1646, 196, 4458, t2=t1+(0, 4)) & (2842, 80, 1646, t3=t2+(0, 6)) -> (4999, 80, 2842, t4=t3+(1, 6))	3	1
(4297, 7, 39, t1) & (2351, 84, 3643, t2=t1+(0, 5)) & (3643, 134, 39, t3=t2+(0, 8)) -> (3643, 134, 39, t4=t3+(1, 4))	3	2
(338, 14, 34, t1) & (4194, 151, 4185, t2=t1+(0, 6)) & (34, 164, 4194, t3=t2+(0, 6)) -> (4185, 151, 4185, t4=t3+(1, 4))	3	3
(1704, 84, 2181, t1) & (2527, 37, 3577, t2=t1+(0, 5)) & (2527, 101, 2181, t3=t2+(0, 5)) -> (2527, 37, 1704, t4=t3+(1, 9))	3	4
(1544, 27, 4923, t1) & (1400, 61, 4045, t2=t1+(0, 3)) & (1400, 7, 4923, t3=t2+(0, 8)) -> (4923, 7, 1400, t4=t3+(1, 7))	3	5
(2409, 144, 992, t1) & (4730, 47, 3608, t2=t1+(0, 3)) & (992, 129, 4730, t3=t2+(0, 3)) -> (4730, 144, 2409, t4=t3+(1, 7))	3	6
(3566, 23, 2199, t1) & (3394, 63, 1126, t2=t1+(0, 5)) & (3566, 128, 3394, t3=t2+(0, 5)) -> (1126, 63, 3566, t4=t3+(1, 2))	3	7
(3902, 114, 562, t1) & (4969, 17, 2987, t2=t1+(0, 3)) & (562, 139, 4969, t3=t2+(0, 2)) -> (2987, 17, 3902, t4=t3+(1, 6))	3	8
(1821, 57, 2543, t1) & (2423, 55, 1134, t2=t1+(0, 4)) & (2543, 181, 1134, t3=t2+(0, 3)) -> (1134, 181, 2423, t4=t3+(1, 5))	3	9
(3620, 53, 754, t1) & (4816, 196, 1578, t2=t1+(0, 3)) & (754, 50, 1578, t3=t2+(0, 1)) -> (754, 196, 3620, t4=t3+(1, 4))	3	10
(2962, 136, 2020, t1) & (3059, 17, 1533, t2=t1+(0, 5)) & (2020, 164, 3059, t3=t2+(0, 2)) -> (2962, 17, 2962, t4=t3+(1, 4))	3	11
(2663, 175, 377, t1) & (2413, 144, 4804, t2=t1+(0, 5)) & (4804, 144, 377, t3=t2+(0, 6)) -> (377, 175, 2413, t4=t3+(1, 1))	3	12
(4202, 101, 238, t1) & (24, 51, 4424, t2=t1+(0, 6)) & (24, 3, 4202, t3=t2+(0, 14)) -> (238, 101, 238, t4=t3+(1, 6))	3	13
(3228, 9, 1440, t1) & (4744, 127, 4182, t2=t1+(0, 4)) & (4744, 163, 3228, t3=t2+(0, 3)) -> (1440, 127, 4744, t4=t3+(1, 1))	3	14
(4025, 155, 1367, t1) & (4782, 194, 2142, t2=t1+(0, 2)) & (4025, 88, 2142, t3=t2+(0, 3)) -> (4782, 88, 4025, t4=t3+(1, 3))	3	15
(1739, 110, 4877, t1) & (30, 174, 179, t2=t1+(0, 3)) & (30, 28, 4877, t3=t2+(0, 6)) -> (30, 174, 179, t4=t3+(1, 12))	3	16
(4257, 138, 4, t1) & (688, 164, 1384, t2=t1+(0, 5)) & (4, 114, 688, t3=t2+(0, 7)) -> (688, 138, 1384, t4=t3+(1, 7))	3	17
(2585, 66, 1471, t1) & (2206, 138, 1626, t2=t1+(0, 5)) & (2206, 181, 1471, t3=t2+(0, 4)) -> (1626, 181, 2206, t4=t3+(1, 4))	3	18
(960, 102, 486, t1) & (1322, 113, 3582, t2=t1+(0, 10)) & (3582, 123, 486, t3=t2+(0, 4)) -> (486, 123, 1322, t4=t3+(1, 2))	3	19
(2787, 96, 3464, t1) & (2991, 186, 3305, t2=t1+(0, 4)) & (2787, 115, 3305, t3=t2+(0, 5)) -> (2787, 96, 3305, t4=t3+(1, 1))	3	20
(786, 115, 3313, t1) & (3170, 101, 2598, t2=t1+(0, 8)) & (786, 134, 3170, t3=t2+(0, 1)) -> (3170, 101, 786, t4=t3+(1, 3))	3	21
(2948, 115, 2394, t1) & (30, 184, 1272, t2=t1+(0, 6)) & (1272, 93, 2394, t3=t2+(0, 6)) -> (30, 184, 2948, t4=t3+(1, 1))	3	22
(3932, 151, 4770, t1) & (2737, 37, 2615, t2=t1+(0, 11)) & (2615, 36, 3932, t3=t2+(0, 7)) -> (3932, 36, 3932, t4=t3+(1, 8))	3	23
(3763, 10, 4472, t1) & (1385, 69, 4553, t2=t1+(0, 6)) & (3763, 127, 4553, t3=t2+(0, 2)) -> (4472, 10, 4553, t4=t3+(1, 1))	3	24
(3707, 57, 4983, t1) & (4754, 184, 4813, t2=t1+(0, 5)) & (4754, 160, 4983, t3=t2+(0, 5)) -> (3707, 160, 3707, t4=t3+(1, 7))	3	25
(3491, 187, 811, t1) & (1330, 53, 1128, t2=t1+(0, 5)) & (811, 186, 1128, t3=t2+(0, 9)) -> (1330, 186, 1330, t4=t3+(1, 1))	3	26
(694, 151, 3443, t1) & (1860, 36, 992, t2=t1+(0, 5)) & (1860, 111, 694, t3=t2+(0, 4)) -> (694, 111, 3443, t4=t3+(1, 2))	3	27
(4482, 163, 2253, t1) & (432, 80, 1479, t2=t1+(0, 6)) & (432, 144, 2253, t3=t2+(0, 9)) -> (4482, 80, 432, t4=t3+(1, 5))	3	28
(3781, 166, 214, t1) & (3000, 82, 3909, t2=t1+(0, 3)) & (3909, 131, 214, t3=t2+(0, 6)) -> (3909, 82, 3909, t4=t3+(1, 7))	3	29
(1911, 174, 3385, t1) & (2006, 186, 4732, t2=t1+(0, 3)) & (3385, 50, 4732, t3=t2+(0, 6)) -> (2006, 50, 3385, t4=t3+(1, 6))	3	30
(2408, 121, 436, t1) & (3135, 73, 4956, t2=t1+(0, 1)) & (3135, 110, 436, t3=t2+(0, 5)) -> (3135, 121, 436, t4=t3+(1, 4))	3	31
(1421, 163, 1961, t1) & (2378, 91, 2781, t2=t1+(0, 6)) & (1961, 162, 2378, t3=t2+(0, 3)) -> (2378, 91, 1961, t4=t3+(1, 4))	3	32
(4860, 26, 1655, t1) & (385, 92, 4264, t2=t1+(0, 3)) & (4264, 59, 1655, t3=t2+(0, 2)) -> (4264, 92, 4264, t4=t3+(1, 3))	3	33
(2579, 37, 3288, t1) & (1691, 123, 882, t2=t1+(0, 5)) & (3288, 93, 1691, t3=t2+(0, 1)) -> (2579, 93, 1691, t4=t3+(1, 3))	3	34
(1808, 97, 4181, t1) & (4214, 121, 470, t2=t1+(0, 4)) & (470, 146, 1808, t3=t2+(0, 6)) -> (1808, 121, 470, t4=t3+(1, 7))	3	35
(3301, 139, 919, t1) & (677, 150, 2677, t2=t1+(0, 4)) & (677, 190, 3301, t3=t2+(0, 1)) -> (677, 150, 3301, t4=t3+(1, 3))	3	36
(4589, 32, 1581, t1) & (4859, 93, 3082, t2=t1+(0, 6)) & (4589, 121, 4859, t3=t2+(0, 3)) -> (1581, 93, 4589, t4=t3+(1, 9))	3	37
(2068, 160, 4405, t1) & (4801, 17, 2034, t2=t1+(0, 6)) & (4801, 72, 4405, t3=t2+(0, 7)) -> (2068, 72, 4801, t4=t3+(1, 8))	3	38
(4563, 190, 1958, t1) & (1564, 162, 1422, t2=t1+(0, 5)) & (4563, 170, 1422, t3=t2+(0, 3)) -> (1958, 170, 1564, t4=t3+(1, 9))	3	39
(2894, 15, 1917, t1) & (2332, 166, 4802, t2=t1+(0, 4)) & (1917, 37, 2332, t3=t2+(0, 5)) -> (1917, 37, 1917, t4=t3+(1, 5))	3	40
(2807, 129, 1489, t1) & (1813, 112, 4723, t2=t1+(0, 6)) & (1813, 2, 1489, t3=t2+(0, 8)) -> (4723, 129, 1813, t4=t3+(1, 4))	3	41
(4213, 184, 4416, t1) & (3872, 63, 894, t2=t1+(0, 6)) & (4416, 51, 894, t3=t2+(0, 6)) -> (894, 184, 4213, t4=t3+(1, 5))	3	42
(4671, 37, 3243, t1) & (4498, 170, 2943, t2=t1+(0, 1)) & (3243, 74, 2943, t3=t2+(0, 8)) -> (2943, 170, 2943, t4=t3+(1, 3))	3	43
(516, 19, 951, t1) & (4843, 28, 1542, t2=t1+(0, 4)) & (951, 36, 4843, t3=t2+(0, 2)) -> (1542, 19, 4843, t4=t3+(1, 8))	3	44
(4600, 176, 3264, t1) & (2172, 93, 2862, t2=t1+(0, 3)) & (4600, 157, 2862, t3=t2+(0, 6)) -> (3264, 176, 2862, t4=t3+(1, 5))	3	45
(4378, 48, 713, t1) & (126, 17, 2707, t2=t1+(0, 6)) & (126, 181, 713, t3=t2+(0, 3)) -> (4378, 181, 126, t4=t3+(1, 2))	3	46
(298, 57, 3449, t1) & (779, 187, 588, t2=t1+(0, 5)) & (298, 5, 588, t3=t2+(0, 5)) -> (298, 187, 779, t4=t3+(1, 5))	3	47
(4865, 63, 2117, t1) & (3968, 124, 2300, t2=t1+(0, 7)) & (2300, 115, 2117, t3=t2+(0, 7)) -> (2300, 124, 3968, t4=t3+(1, 9))	3	48
(2201, 93, 3525, t1) & (1644, 30, 1090, t2=t1+(0, 6)) & (3525, 101, 1090, t3=t2+(0, 4)) -> (3525, 101, 1090, t4=t3+(1, 5))	3	49
(1369, 127, 3002, t1) & (2324, 93, 2885, t2=t1+(0, 7)) & (1369, 57, 2324, t3=t2+(0, 2)) -> (1369, 127, 1369, t4=t3+(1, 3))	3	50
(429, 181, 4124, t1) & (771, 36, 2178, t2=t1+(0, 7)) & (771, 186, 4124, t3=t2+(0, 7)) -> (771, 36, 2178, t4=t3+(1, 5))	3	51
(3734, 68, 1649, t1) & (1658, 51, 3401, t2=t1+(0, 4)) & (3734, 87, 3401, t3=t2+(0, 2)) -> (1649, 68, 3734, t4=t3+(1, 5))	3	52
(1204, 94, 3344, t1) & (3041, 174, 2604, t2=t1+(0, 6)) & (3344, 170, 2604, t3=t2+(0, 5)) -> (1204, 94, 3344, t4=t3+(1, 4))	3	53
(865, 151, 47, t1) & (3140, 113, 55, t2=t1+(0, 3)) & (3140, 151, 47, t3=t2+(0, 4)) -> (47, 151, 47, t4=t3+(1, 2))	3	54
(3438, 110, 3773, t1) & (2970, 132, 3613, t2=t1+(0, 5)) & (3613, 197, 3438, t3=t2+(0, 2)) -> (2970, 197, 3613, t4=t3+(1, 5))	3	55
(1553, 132, 4562, t1) & (4500, 133, 3862, t2=t1+(0, 4)) & (4500, 96, 4562, t3=t2+(0, 4)) -> (3862, 132, 4500, t4=t3+(1, 4))	3	56
(4396, 144, 2504, t1) & (4901, 57, 2804, t2=t1+(0, 4)) & (4901, 79, 4396, t3=t2+(0, 3)) -> (2804, 79, 4396, t4=t3+(1, 5))	3	57
(4273, 59, 3102, t1) & (3825, 18, 446, t2=t1+(0, 4)) & (3102, 91, 446, t3=t2+(0, 3)) -> (3825, 59, 3102, t4=t3+(1, 9))	3	58
(1096, 140, 1628, t1) & (2495, 121, 2867, t2=t1+(0, 6)) & (2867, 134, 1628, t3=t2+(0, 6)) -> (1628, 134, 1628, t4=t3+(1, 6))	3	59
(3991, 146, 1359, t1) & (3369, 78, 3070, t2=t1+(0, 2)) & (3369, 144, 1359, t3=t2+(0, 2)) -> (1359, 78, 3991, t4=t3+(1, 5))	3	60
(2248, 54, 2132, t1) & (4985, 8, 2543, t2=t1+(0, 4)) & (2248, 113, 4985, t3=t2+(0, 8)) -> (4985, 54, 4985, t4=t3+(1, 3))	3	61
(3268, 98, 2743, t1) & (4951, 26, 3527, t2=t1+(0, 2)) & (4951, 170, 3268, t3=t2+(0, 8)) -> (3268, 170, 3527, t4=t3+(1, 5))	3	62
(4266, 19, 4473, t1) & (4237, 92, 3201, t2=t1+(0, 5)) & (4473, 81, 4237, t3=t2+(0, 6)) -> (4237, 81, 4473, t4=t3+(1, 4))	3	63
(2593, 56, 1227, t1) & (2531, 93, 1393, t2=t1+(0, 4)) & (2593, 14, 1393, t3=t2+(0, 3)) -> (2593, 56, 2531, t4=t3+(1, 4))	3	64
(3987, 52, 2627, t1) & (1538, 187, 1772, t2=t1+(0, 3)) & (1772, 41, 2627, t3=t2+(0, 6)) -> (1772, 187, 3987, t4=t3+(1, 5))	3	65
(1272, 9, 583, t1) & (2202, 78, 3599, t2=t1+(0, 4)) & (2202, 157, 1272, t3=t2+(0, 4)) -> (1272, 78, 2202, t4=t3+(1, 7))	3	66
(3596, 151, 3010, t1) & (3890, 151, 1888, t2=t1+(0, 6)) & (3890, 176, 3010, t3=t2+(0, 8)) -> (3010, 151, 1888, t4=t3+(1, 6))	3	67
(161, 184, 648, t1) & (57, 9, 3219, t2=t1+(0, 4)) & (161, 50, 57, t3=t2+(0, 7)) -> (648, 50, 161, t4=t3+(1, 3))	3	68
(1610, 99, 4656, t1) & (4702, 146, 3093, t2=t1+(0, 6)) & (3093, 99, 4656, t3=t2+(0, 6)) -> (3093, 99, 3093, t4=t3+(1, 7))	3	69
(141, 163, 3470, t1) & (341, 91, 1161, t2=t1+(0, 4)) & (1161, 121, 3470, t3=t2+(0, 4)) -> (341, 91, 3470, t4=t3+(1, 7))	3	70
(2260, 193, 398, t1) & (67, 143, 339, t2=t1+(0, 9)) & (67, 186, 398, t3=t2+(0, 4)) -> (398, 186, 339, t4=t3+(1, 6))	3	71
(2488, 124, 1727, t1) & (4746, 181, 2272, t2=t1+(0, 7)) & (2488, 165, 4746, t3=t2+(0, 7)) -> (4746, 165, 1727, t4=t3+(1, 3))	3	72
(4113, 50, 3793, t1) & (1780, 26, 1928, t2=t1+(0, 5)) & (1928, 55, 3793, t3=t2+(0, 2)) -> (1780, 50, 3793, t4=t3+(1, 7))	3	73
(506, 160, 792, t1) & (2569, 113, 4350, t2=t1+(0, 8)) & (4350, 139, 506, t3=t2+(0, 3)) -> (4350, 160, 792, t4=t3+(1, 7))	3	74
(3541, 183, 2273, t1) & (2077, 179, 967, t2=t1+(0, 4)) & (967, 164, 2273, t3=t2+(0, 5)) -> (3541, 164, 2077, t4=t3+(1, 6))	3	75
(852, 143, 2962, t1) & (1376, 186, 1214, t2=t1+(0, 9)) & (1214, 139, 2962, t3=t2+(0, 9)) -> (1376, 143, 1214, t4=t3+(1, 2))	3	76
(3759, 143, 1575, t1) & (3170, 155, 4608, t2=t1+(0, 4)) & (3170, 105, 1575, t3=t2+(0, 7)) -> (4608, 105, 4608, t4=t3+(1, 9))	3	77
(2938, 9, 2567, t1) & (4392, 186, 4404, t2=t1+(0, 7)) & (4392, 78, 2567, t3=t2+(0, 4)) -> (2567, 78, 4392, t4=t3+(1, 2))	3	78
(557, 127, 878, t1) & (3722, 33, 4909, t2=t1+(0, 11)) & (557, 118, 4909, t3=t2+(0, 4)) -> (557, 33, 4909, t4=t3+(1, 6))	3	79
(2463, 55, 4605, t1) & (3178, 110, 2140, t2=t1+(0, 8)) & (4605, 7, 3178, t3=t2+(0, 3)) -> (2140, 110, 2140, t4=t3+(1, 6))	3	80
(2430, 90, 785, t1) & (2509, 77, 4083, t2=t1+(0, 5)) & (2430, 160, 4083, t3=t2+(0, 5)) -> (2430, 160, 4083, t4=t3+(1, 1))	3	81
(2642, 144, 3031, t1) & (440, 193, 299, t2=t1+(0, 7)) & (299, 37, 3031, t3=t2+(0, 7)) -> (2642, 144, 299, t4=t3+(1, 2))	3	82
(4486, 118, 752, t1) & (4229, 186, 3405, t2=t1+(0, 7)) & (4486, 141, 3405, t3=t2+(0, 2)) -> (752, 118, 3405, t4=t3+(1, 4))	3	83
(617, 197, 206, t1) & (4427, 99, 63, t2=t1+(0, 6)) & (206, 131, 63, t3=t2+(0, 7)) -> (63, 131, 63, t4=t3+(1, 5))	3	84
(2023, 155, 897, t1) & (3734, 87, 2536, t2=t1+(0, 6)) & (2536, 185, 897, t3=t2+(0, 8)) -> (2536, 87, 2023, t4=t3+(1, 4))	3	85
(4007, 187, 3615, t1) & (4541, 114, 15, t2=t1+(0, 4)) & (4541, 139, 3615, t3=t2+(0, 3)) -> (4541, 114, 4541, t4=t3+(1, 2))	3	86
(997, 124, 3265, t1) & (4130, 118, 1361, t2=t1+(0, 6)) & (3265, 164, 4130, t3=t2+(0, 1)) -> (997, 164, 1361, t4=t3+(1, 4))	3	87
(1303, 61, 323, t1) & (2376, 4, 3827, t2=t1+(0, 7)) & (323, 76, 3827, t3=t2+(0, 6)) -> (2376, 4, 323, t4=t3+(1, 3))	3	88
(3666, 77, 219, t1) & (1848, 127, 4646, t2=t1+(0, 5)) & (219, 55, 4646, t3=t2+(0, 5)) -> (4646, 55, 219, t4=t3+(1, 3))	3	89
(1037, 120, 3574, t1) & (3348, 23, 78, t2=t1+(0, 5)) & (3348, 22, 1037, t3=t2+(0, 9)) -> (1037, 22, 3348, t4=t3+(1, 3))	3	90
(547, 186, 2243, t1) & (3215, 5, 1926, t2=t1+(0, 4)) & (1926, 10, 547, t3=t2+(0, 3)) -> (1926, 186, 3215, t4=t3+(1, 4))	3	91
(4081, 187, 1748, t1) & (2451, 160, 3938, t2=t1+(0, 1)) & (1748, 7, 3938, t3=t2+(0, 7)) -> (3938, 187, 1748, t4=t3+(1, 7))	3	92
(2414, 139, 3715, t1) & (395, 175, 2631, t2=t1+(0, 3)) & (2631, 160, 3715, t3=t2+(0, 3)) -> (2631, 139, 2414, t4=t3+(1, 5))	3	93
(3126, 76, 2869, t1) & (4717, 170, 1866, t2=t1+(0, 10)) & (3126, 11, 1866, t3=t2+(0, 7)) -> (1866, 170, 3126, t4=t3+(1, 3))	3	94
(2758, 151, 4420, t1) & (4909, 71, 3032, t2=t1+(0, 7)) & (2758, 78, 3032, t3=t2+(0, 10)) -> (4420, 78, 4420, t4=t3+(1, 6))	3	95
(1213, 54, 2626, t1) & (3012, 179, 3030, t2=t1+(0, 2)) & (3030, 162, 1213, t3=t2+(0, 5)) -> (3030, 54, 3012, t4=t3+(1, 4))	3	96
(387, 194, 2666, t1) & (4341, 92, 4426, t2=t1+(0, 4)) & (2666, 113, 4426, t3=t2+(0, 8)) -> (4426, 113, 4426, t4=t3+(1, 3))	3	97
(4109, 90, 1232, t1) & (1024, 176, 4024, t2=t1+(0, 4)) & (1024, 179, 1232, t3=t2+(0, 9)) -> (1232, 90, 1024, t4=t3+(1, 2))	3	98
(4332, 50, 3099, t1) & (3972, 110, 4870, t2=t1+(0, 5)) & (4870, 187, 3099, t3=t2+(0, 7)) -> (3099, 187, 4870, t4=t3+(1, 4))	3	99
(3741, 84, 476, t1) & (434, 79, 3741, t2=t1+(0, 5)) -> (3741, 84, 434, t3=t2+(1, 5))	2	100
(3275, 51, 3693, t1) & (3693, 151, 274, t2=t1+(0, 5)) -> (3693, 151, 3693, t3=t2+(1, 8))	2	101
(3322, 187, 309, t1) & (1183, 123, 309, t2=t1+(0, 4)) -> (1183, 123, 309, t3=t2+(1, 4))	2	102
(2975, 139, 2206, t1) & (2975, 187, 2206, t2=t1+(0, 8)) -> (2975, 187, 2975, t3=t2+(1, 9))	2	103
(2389, 63, 641, t1) & (4076, 174, 641, t2=t1+(0, 6)) -> (4076, 63, 641, t3=t2+(1, 1))	2	104
(4374, 197, 746, t1) & (4374, 160, 746, t2=t1+(0, 5)) -> (746, 160, 746, t3=t2+(1, 6))	2	105
(2073, 98, 4972, t1) & (1873, 151, 4972, t2=t1+(0, 3)) -> (1873, 151, 2073, t3=t2+(1, 5))	2	106
(1907, 90, 1341, t1) & (1341, 84, 3196, t2=t1+(0, 3)) -> (3196, 84, 1907, t3=t2+(1, 6))	2	107
(4849, 194, 770, t1) & (770, 69, 770, t2=t1+(0, 7)) -> (770, 69, 4849, t3=t2+(1, 4))	2	108
(2783, 63, 1540, t1) & (1540, 176, 1540, t2=t1+(0, 7)) -> (1540, 63, 1540, t3=t2+(1, 1))	2	109
(4348, 95, 3574, t1) & (3574, 39, 511, t2=t1+(0, 2)) -> (3574, 39, 511, t3=t2+(1, 9))	2	110
(4534, 101, 3318, t1) & (4534, 151, 4534, t2=t1+(0, 5)) -> (4534, 101, 4534, t3=t2+(1, 2))	2	111
(1248, 96, 2627, t1) & (2627, 190, 1248, t2=t1+(0, 7)) -> (2627, 190, 2627, t3=t2+(1, 8))	2	112
(879, 63, 2268, t1) & (464, 17, 2268, t2=t1+(0, 5)) -> (879, 63, 464, t3=t2+(1, 4))	2	113
(1561, 134, 487, t1) & (1561, 110, 1561, t2=t1+(0, 5)) -> (1561, 134, 487, t3=t2+(1, 5))	2	114
(351, 78, 61, t1) & (61, 172, 61, t2=t1+(0, 5)) -> (61, 172, 61, t3=t2+(1, 7))	2	115
(3360, 100, 1655, t1) & (3106, 110, 3360, t2=t1+(0, 2)) -> (3106, 110, 3360, t3=t2+(1, 4))	2	116
(2318, 84, 4121, t1) & (2318, 170, 2318, t2=t1+(0, 6)) -> (4121, 170, 2318, t3=t2+(1, 6))	2	117
(1411, 47, 4017, t1) & (1907, 143, 4017, t2=t1+(0, 8)) -> (4017, 47, 4017, t3=t2+(1, 2))	2	118
(4824, 167, 354, t1) & (2511, 41, 4824, t2=t1+(0, 2)) -> (4824, 41, 4824, t3=t2+(1, 6))	2	119
(3693, 186, 1062, t1) & (3693, 196, 3693, t2=t1+(0, 6)) -> (3693, 186, 1062, t3=t2+(1, 4))	2	120
(4658, 59, 1186, t1) & (369, 174, 4658, t2=t1+(0, 6)) -> (369, 174, 369, t3=t2+(1, 4))	2	121
(2086, 7, 3174, t1) & (1794, 113, 3174, t2=t1+(0, 7)) -> (3174, 113, 3174, t3=t2+(1, 3))	2	122
(2372, 155, 4520, t1) & (3295, 111, 2372, t2=t1+(0, 4)) -> (2372, 155, 4520, t3=t2+(1, 3))	2	123
(3866, 82, 2453, t1) & (2453, 82, 3821, t2=t1+(0, 4)) -> (3821, 82, 3866, t3=t2+(1, 5))	2	124
(4745, 128, 3692, t1) & (4463, 186, 4745, t2=t1+(0, 6)) -> (4745, 128, 3692, t3=t2+(1, 12))	2	125
(215, 56, 2044, t1) & (2240, 176, 2044, t2=t1+(0, 6)) -> (2044, 56, 2240, t3=t2+(1, 8))	2	126
(791, 23, 1205, t1) & (1205, 73, 3828, t2=t1+(0, 5)) -> (791, 73, 1205, t3=t2+(1, 3))	2	127
(3385, 97, 3715, t1) & (2816, 89, 3715, t2=t1+(0, 4)) -> (3385, 97, 2816, t3=t2+(1, 5))	2	128
(184, 136, 4376, t1) & (4376, 52, 184, t2=t1+(0, 4)) -> (184, 136, 184, t3=t2+(1, 6))	2	129
(1671, 17, 4648, t1) & (2455, 119, 4648, t2=t1+(0, 6)) -> (2455, 119, 1671, t3=t2+(1, 3))	2	130
(1551, 151, 4389, t1) & (4389, 129, 4952, t2=t1+(0, 4)) -> (1551, 129, 1551, t3=t2+(1, 4))	2	131
(1846, 59, 4096, t1) & (1180, 76, 1846, t2=t1+(0, 4)) -> (1180, 76, 1846, t3=t2+(1, 6))	2	132
(1022, 139, 3171, t1) & (1022, 13, 1022, t2=t1+(0, 1)) -> (1022, 13, 1022, t3=t2+(1, 1))	2	133
(4316, 70, 3859, t1) & (1783, 93, 4316, t2=t1+(0, 3)) -> (4316, 70, 4316, t3=t2+(1, 6))	2	134
(2705, 34, 3279, t1) & (2705, 157, 110, t2=t1+(0, 4)) -> (3279, 34, 2705, t3=t2+(1, 5))	2	135
(568, 18, 756, t1) & (756, 155, 89, t2=t1+(0, 6)) -> (89, 18, 756, t3=t2+(1, 9))	2	136
(4139, 0, 152, t1) & (3587, 114, 4139, t2=t1+(0, 3)) -> (3587, 0, 4139, t3=t2+(1, 4))	2	137
(2453, 187, 915, t1) & (596, 53, 915, t2=t1+(0, 2)) -> (915, 187, 2453, t3=t2+(1, 6))	2	138
(1954, 119, 3058, t1) & (3058, 120, 3058, t2=t1+(0, 7)) -> (1954, 120, 3058, t3=t2+(1, 10))	2	139
(3647, 50, 4176, t1) & (4176, 9, 4709, t2=t1+(0, 4)) -> (3647, 50, 4176, t3=t2+(1, 4))	2	140
(869, 175, 2685, t1) & (2685, 17, 869, t2=t1+(0, 5)) -> (2685, 17, 869, t3=t2+(1, 5))	2	141
(1902, 191, 3720, t1) & (1902, 151, 1902, t2=t1+(0, 5)) -> (1902, 191, 3720, t3=t2+(1, 5))	2	142
(1483, 82, 3848, t1) & (1483, 89, 2751, t2=t1+(0, 5)) -> (1483, 89, 1483, t3=t2+(1, 4))	2	143
(3602, 48, 2733, t1) & (614, 143, 2733, t2=t1+(0, 6)) -> (3602, 48, 614, t3=t2+(1, 4))	2	144
(4402, 139, 1768, t1) & (1768, 131, 1768, t2=t1+(0, 8)) -> (1768, 139, 4402, t3=t2+(1, 3))	2	145
(2919, 139, 3081, t1) & (2919, 187, 2919, t2=t1+(0, 5)) -> (2919, 187, 2919, t3=t2+(1, 5))	2	146
(4426, 84, 1861, t1) & (4426, 196, 3136, t2=t1+(0, 9)) -> (1861, 84, 3136, t3=t2+(1, 3))	2	147
(3193, 67, 1492, t1) & (1492, 33, 1492, t2=t1+(0, 6)) -> (3193, 67, 1492, t3=t2+(1, 7))	2	148
(1061, 126, 3931, t1) & (2718, 93, 3931, t2=t1+(0, 5)) -> (3931, 126, 3931, t3=t2+(1, 6))	2	149
(4935, 110, 260, t1) & (4935, 14, 260, t2=t1+(0, 3)) -> (260, 14, 260, t3=t2+(1, 2))	2	150
(1131, 82, 602, t1) & (4936, 9, 1131, t2=t1+(0, 4)) -> (1131, 82, 1131, t3=t2+(1, 7))	2	151
(81, 127, 3151, t1) & (3151, 134, 81, t2=t1+(0, 3)) -> (81, 134, 3151, t3=t2+(1, 5))	2	152
(2107, 36, 2797, t1) & (2107, 186, 4082, t2=t1+(0, 7)) -> (2107, 186, 4082, t3=t2+(1, 5))	2	153
(621, 12, 1270, t1) & (3360, 151, 1270, t2=t1+(0, 4)) -> (1270, 151, 621, t3=t2+(1, 2))	2	154
(1410, 179, 133, t1) & (1047, 93, 1410, t2=t1+(0, 5)) -> (1410, 179, 1410, t3=t2+(1, 10))	2	155
(4326, 62, 2782, t1) & (4326, 122, 4326, t2=t1+(0, 6)) -> (4326, 62, 4326, t3=t2+(1, 2))	2	156
(2563, 34, 2495, t1) & (2495, 59, 348, t2=t1+(0, 8)) -> (2495, 34, 348, t3=t2+(1, 3))	2	157
(2159, 189, 1324, t1) & (1324, 174, 1324, t2=t1+(0, 2)) -> (1324, 189, 1324, t3=t2+(1, 2))	2	158
(4095, 155, 4443, t1) & (4095, 11, 4095, t2=t1+(0, 6)) -> (4095, 155, 4443, t3=t2+(1, 5))	2	159
(2824, 103, 4737, t1) & (4737, 181, 4737, t2=t1+(0, 6)) -> (4737, 181, 4737, t3=t2+(1, 9))	2	160
(2350, 69, 3072, t1) & (2292, 14, 2350, t2=t1+(0, 5)) -> (3072, 69, 3072, t3=t2+(1, 3))	2	161
(738, 127, 126, t1) & (126, 176, 738, t2=t1+(0, 5)) -> (738, 176, 126, t3=t2+(1, 4))	2	162
(654, 0, 3359, t1) & (654, 52, 2489, t2=t1+(0, 3)) -> (2489, 52, 654, t3=t2+(1, 3))	2	163
(3021, 61, 2383, t1) & (2383, 87, 2383, t2=t1+(0, 9)) -> (2383, 61, 2383, t3=t2+(1, 5))	2	164
(1339, 33, 3638, t1) & (3481, 151, 3638, t2=t1+(0, 9)) -> (3638, 151, 3638, t3=t2+(1, 7))	2	165
(3083, 187, 139, t1) & (139, 59, 139, t2=t1+(0, 4)) -> (3083, 59, 139, t3=t2+(1, 5))	2	166
(4653, 101, 1932, t1) & (156, 14, 1932, t2=t1+(0, 2)) -> (156, 14, 156, t3=t2+(1, 5))	2	167
(806, 167, 4700, t1) & (4700, 59, 4700, t2=t1+(0, 4)) -> (806, 59, 4700, t3=t2+(1, 3))	2	168
(2415, 138, 4102, t1) & (4102, 102, 153, t2=t1+(0, 7)) -> (2415, 138, 4102, t3=t2+(1, 5))	2	169
(1150, 151, 1209, t1) & (1967, 36, 1150, t2=t1+(0, 4)) -> (1967, 151, 1209, t3=t2+(1, 2))	2	170
(4159, 151, 62, t1) & (62, 82, 62, t2=t1+(0, 4)) -> (62, 151, 62, t3=t2+(1, 8))	2	171
(1855, 50, 105, t1) & (105, 127, 105, t2=t1+(0, 3)) -> (105, 50, 1855, t3=t2+(1, 3))	2	172
(4894, 73, 3930, t1) & (4894, 164, 4894, t2=t1+(0, 4)) -> (4894, 164, 4894, t3=t2+(1, 4))	2	173
(4669, 131, 2147, t1) & (4669, 96, 4669, t2=t1+(0, 2)) -> (4669, 96, 2147, t3=t2+(1, 2))	2	174
(3227, 5, 3861, t1) & (3861, 101, 3227, t2=t1+(0, 6)) -> (3227, 101, 3861, t3=t2+(1, 10))	2	175
(2803, 170, 293, t1) & (2675, 128, 2803, t2=t1+(0, 6)) -> (2803, 128, 2803, t3=t2+(1, 9))	2	176
(4448, 7, 4869, t1) & (365, 36, 4448, t2=t1+(0, 7)) -> (365, 7, 365, t3=t2+(1, 11))	2	177
(4924, 14, 324, t1) & (324, 73, 324, t2=t1+(0, 4)) -> (324, 73, 324, t3=t2+(1, 4))	2	178
(271, 123, 1798, t1) & (3447, 50, 271, t2=t1+(0, 8)) -> (271, 123, 271, t3=t2+(1, 7))	2	179
(3745, 69, 1420, t1) & (3745, 151, 1420, t2=t1+(0, 5)) -> (3745, 151, 3745, t3=t2+(1, 12))	2	180
(389, 155, 368, t1) & (389, 166, 3623, t2=t1+(0, 10)) -> (389, 166, 389, t3=t2+(1, 6))	2	181
(3532, 63, 2929, t1) & (1934, 87, 3532, t2=t1+(0, 7)) -> (3532, 87, 2929, t3=t2+(1, 4))	2	182
(4112, 128, 1507, t1) & (1824, 91, 1507, t2=t1+(0, 5)) -> (4112, 91, 1507, t3=t2+(1, 6))	2	183
(4297, 87, 2302, t1) & (2302, 115, 672, t2=t1+(0, 4)) -> (2302, 115, 2302, t3=t2+(1, 4))	2	184
(2496, 55, 4746, t1) & (4746, 82, 4746, t2=t1+(0, 4)) -> (4746, 82, 4746, t3=t2+(1, 4))	2	185
(1243, 89, 4885, t1) & (1243, 73, 1775, t2=t1+(0, 5)) -> (4885, 73, 4885, t3=t2+(1, 4))	2	186
(4949, 121, 10, t1) & (4949, 176, 4949, t2=t1+(0, 3)) -> (4949, 176, 4949, t3=t2+(1, 4))	2	187
(4304, 31, 2252, t1) & (1846, 19, 4304, t2=t1+(0, 8)) -> (4304, 19, 2252, t3=t2+(1, 5))	2	188
(1593, 197, 2840, t1) & (1593, 68, 793, t2=t1+(0, 2)) -> (2840, 68, 793, t3=t2+(1, 2))	2	189
(4598, 37, 4681, t1) & (4598, 17, 4681, t2=t1+(0, 5)) -> (4681, 17, 4598, t3=t2+(1, 7))	2	190
(2273, 79, 1588, t1) & (2273, 83, 4369, t2=t1+(0, 5)) -> (2273, 79, 1588, t3=t2+(1, 2))	2	191
(3190, 56, 1453, t1) & (3190, 34, 1453, t2=t1+(0, 4)) -> (1453, 56, 3190, t3=t2+(1, 5))	2	192
(4492, 139, 1381, t1) & (4351, 194, 1381, t2=t1+(0, 8)) -> (4492, 194, 1381, t3=t2+(1, 4))	2	193
(2631, 194, 4884, t1) & (2631, 127, 2631, t2=t1+(0, 7)) -> (4884, 127, 2631, t3=t2+(1, 8))	2	194
(2130, 11, 906, t1) & (724, 76, 906, t2=t1+(0, 1)) -> (906, 76, 2130, t3=t2+(1, 7))	2	195
(2545, 73, 2637, t1) & (2545, 37, 137, t2=t1+(0, 8)) -> (137, 37, 2545, t3=t2+(1, 6))	2	196
(4446, 186, 2526, t1) & (4022, 37, 2526, t2=t1+(0, 2)) -> (2526, 37, 4446, t3=t2+(1, 4))	2	197
(1793, 120, 495, t1) & (1793, 34, 1793, t2=t1+(0, 4)) -> (495, 34, 1793, t3=t2+(1, 6))	2	198
(1507, 55, 4080, t1) & (4080, 143, 2791, t2=t1+(0, 7)) -> (1507, 143, 1507, t3=t2+(1, 3))	2	199
(4209, 153, 3385, t1) -> (3385, 153, 3385, t2=t1+(1, 6))	1	200
(3138, 144, 1475, t1) -> (3138, 144, 3138, t2=t1+(1, 3))	1	201
(2670, 9, 1316, t1) -> (1316, 9, 1316, t2=t1+(1, 3))	1	202
(980, 125, 4237, t1) -> (4237, 125, 4237, t2=t1+(1, 7))	1	203
(1337, 146, 2172, t1) -> (1337, 146, 2172, t2=t1+(1, 9))	1	204
(2442, 39, 849, t1) -> (2442, 39, 2442, t2=t1+(1, 4))	1	205
(4920, 52, 192, t1) -> (4920, 52, 192, t2=t1+(1, 6))	1	206
(2335, 114, 1403, t1) -> (1403, 114, 2335, t2=t1+(1, 4))	1	207
(743, 113, 4538, t1) -> (4538, 113, 743, t2=t1+(1, 6))	1	208
(2499, 19, 2114, t1) -> (2114, 19, 2114, t2=t1+(1, 4))	1	209
(3716, 170, 3079, t1) -> (3079, 170, 3079, t2=t1+(1, 4))	1	210
(1089, 181, 1327, t1) -> (1089, 181, 1089, t2=t1+(1, 4))	1	211
(650, 198, 108, t1) -> (650, 198, 650, t2=t1+(1, 3))	1	212
(4943, 38, 2271, t1) -> (2271, 38, 2271, t2=t1+(1, 4))	1	213
(581, 127, 2011, t1) -> (2011, 127, 581, t2=t1+(1, 9))	1	214
(858, 143, 3490, t1) -> (858, 143, 3490, t2=t1+(1, 3))	1	215
(1730, 143, 3335, t1) -> (1730, 143, 3335, t2=t1+(1, 7))	1	216
(4957, 153, 1769, t1) -> (4957, 153, 1769, t2=t1+(1, 1))	1	217
(2731, 143, 1557, t1) -> (1557, 143, 1557, t2=t1+(1, 3))	1	218
(907, 79, 1040, t1) -> (1040, 79, 907, t2=t1+(1, 6))	1	219
(704, 143, 3980, t1) -> (3980, 143, 704, t2=t1+(1, 5))	1	220
(1998, 28, 812, t1) -> (1998, 28, 1998, t2=t1+(1, 5))	1	221
(1294, 186, 2906, t1) -> (1294, 186, 2906, t2=t1+(1, 4))	1	222
(2107, 190, 4065, t1) -> (2107, 190, 2107, t2=t1+(1, 6))	1	223
(4984, 39, 3534, t1) -> (4984, 39, 4984, t2=t1+(1, 5))	1	224
(3341, 131, 3985, t1) -> (3985, 131, 3341, t2=t1+(1, 2))	1	225
(1007, 101, 3486, t1) -> (3486, 101, 1007, t2=t1+(1, 5))	1	226
(2652, 143, 2828, t1) -> (2828, 143, 2828, t2=t1+(1, 5))	1	227
(2965, 105, 3662, t1) -> (3662, 105, 2965, t2=t1+(1, 6))	1	228
(3646, 92, 1960, t1) -> (1960, 92, 1960, t2=t1+(1, 4))	1	229
(1099, 39, 3865, t1) -> (3865, 39, 3865, t2=t1+(1, 4))	1	230
(3690, 56, 1141, t1) -> (1141, 56, 3690, t2=t1+(1, 10))	1	231
(847, 83, 2869, t1) -> (847, 83, 2869, t2=t1+(1, 4))	1	232
(3481, 50, 2493, t1) -> (2493, 50, 2493, t2=t1+(1, 7))	1	233
(546, 143, 2032, t1) -> (546, 143, 546, t2=t1+(1, 5))	1	234
(3948, 127, 449, t1) -> (3948, 127, 3948, t2=t1+(1, 6))	1	235
(2442, 110, 50, t1) -> (50, 110, 50, t2=t1+(1, 5))	1	236
(2649, 37, 1598, t1) -> (1598, 37, 1598, t2=t1+(1, 1))	1	237
(1755, 73, 4434, t1) -> (4434, 73, 1755, t2=t1+(1, 4))	1	238
(757, 110, 1760, t1) -> (757, 110, 1760, t2=t1+(1, 9))	1	239
(4665, 10, 4471, t1) -> (4665, 10, 4471, t2=t1+(1, 3))	1	240
(644, 196, 2734, t1) -> (644, 196, 2734, t2=t1+(1, 3))	1	241
(3565, 72, 205, t1) -> (205, 72, 3565, t2=t1+(1, 5))	1	242
(1271, 139, 3816, t1) -> (3816, 139, 3816, t2=t1+(1, 6))	1	243
(1976, 174, 2851, t1) -> (1976, 174, 1976, t2=t1+(1, 6))	1	244
(1633, 50, 1313, t1) -> (1313, 50, 1313, t2=t1+(1, 9))	1	245
(4958, 159, 4473, t1) -> (4473, 159, 4473, t2=t1+(1, 6))	1	246
(643, 89, 3137, t1) -> (643, 89, 3137, t2=t1+(1, 8))	1	247
(1026, 101, 2962, t1) -> (2962, 101, 1026, t2=t1+(1, 2))	1	248
(4798, 114, 518, t1) -> (518, 114, 4798, t2=t1+(1, 6))	1	249
(4629, 101, 4132, t1) -> (4629, 101, 4132, t2=t1+(1, 5))	1	250
(4690, 190, 4724, t1) -> (4690, 190, 4724, t2=t1+(1, 7))	1	251
(771, 187, 2196, t1) -> (771, 187, 2196, t2=t1+(1, 5))	1	252
(3178, 171, 4032, t1) -> (3178, 171, 4032, t2=t1+(1, 6))	1	253
(398, 143, 2529, t1) -> (398, 143, 398, t2=t1+(1, 8))	1	254
(858, 129, 1596, t1) -> (1596, 129, 1596, t2=t1+(1, 3))	1	255
(1301, 112, 119, t1) -> (1301, 112, 1301, t2=t1+(1, 4))	1	256
(3339, 59, 2078, t1) -> (2078, 59, 3339, t2=t1+(1, 2))	1	257
(4618, 96, 4894, t1) -> (4618, 96, 4618, t2=t1+(1, 4))	1	258
(3342, 183, 2680, t1) -> (2680, 183, 2680, t2=t1+(1, 2))	1	259
(1469, 170, 1501, t1) -> (1501, 170, 1501, t2=t1+(1, 4))	1	260
(4282, 151, 4140, t1) -> (4140, 151, 4140, t2=t1+(1, 7))	1	261
(3173, 155, 3003, t1) -> (3003, 155, 3173, t2=t1+(1, 8))	1	262
(1332, 170, 1199, t1) -> (1332, 170, 1199, t2=t1+(1, 2))	1	263
(4806, 35, 965, t1) -> (965, 35, 965, t2=t1+(1, 3))	1	264
(2976, 150, 4233, t1) -> (2976, 150, 2976, t2=t1+(1, 4))	1	265
(2041, 11, 1901, t1) -> (2041, 11, 2041, t2=t1+(1, 4))	1	266
(3638, 101, 558, t1) -> (3638, 101, 3638, t2=t1+(1, 4))	1	267
(4722, 82, 4901, t1) -> (4901, 82, 4722, t2=t1+(1, 3))	1	268
(3499, 48, 734, t1) -> (3499, 48, 734, t2=t1+(1, 4))	1	269
(2456, 56, 4654, t1) -> (2456, 56, 4654, t2=t1+(1, 5))	1	270
(3353, 106, 4427, t1) -> (4427, 106, 3353, t2=t1+(1, 2))	1	271
(4366, 184, 488, t1) -> (488, 184, 4366, t2=t1+(1, 6))	1	272
(1380, 151, 4078, t1) -> (1380, 151, 1380, t2=t1+(1, 7))	1	273
(1624, 138, 99, t1) -> (1624, 138, 99, t2=t1+(1, 10))	1	274
(188, 187, 4441, t1) -> (4441, 187, 4441, t2=t1+(1, 6))	1	275
(4070, 119, 800, t1) -> (4070, 119, 4070, t2=t1+(1, 4))	1	276
(640, 7, 3951, t1) -> (640, 7, 640, t2=t1+(1, 7))	1	277
(1004, 193, 786, t1) -> (786, 193, 786, t2=t1+(1, 5))	1	278
(406, 3, 1702, t1) -> (1702, 3, 406, t2=t1+(1, 6))	1	279
(1251, 14, 67, t1) -> (67, 14, 67, t2=t1+(1, 5))	1	280
(990, 93, 1699, t1) -> (990, 93, 990, t2=t1+(1, 4))	1	281
(4669, 143, 1012, t1) -> (4669, 143, 1012, t2=t1+(1, 4))	1	282
(3900, 160, 4400, t1) -> (3900, 160, 3900, t2=t1+(1, 5))	1	283
(537, 5, 2815, t1) -> (2815, 5, 537, t2=t1+(1, 2))	1	284
(2931, 151, 1459, t1) -> (1459, 151, 1459, t2=t1+(1, 5))	1	285
(3469, 153, 3992, t1) -> (3992, 153, 3469, t2=t1+(1, 4))	1	286
(1175, 80, 2069, t1) -> (2069, 80, 2069, t2=t1+(1, 5))	1	287
(2530, 82, 3627, t1) -> (2530, 82, 2530, t2=t1+(1, 2))	1	288
(3411, 186, 521, t1) -> (3411, 186, 3411, t2=t1+(1, 10))	1	289
(564, 176, 3898, t1) -> (564, 176, 564, t2=t1+(1, 7))	1	290
(2367, 84, 1062, t1) -> (1062, 84, 2367, t2=t1+(1, 2))	1	291
(1485, 9, 1332, t1) -> (1332, 9, 1485, t2=t1+(1, 4))	1	292
(1932, 17, 2212, t1) -> (2212, 17, 1932, t2=t1+(1, 8))	1	293
(2244, 84, 1745, t1) -> (1745, 84, 2244, t2=t1+(1, 6))	1	294
(2340, 122, 578, t1) -> (2340, 122, 578, t2=t1+(1, 5))	1	295
(242, 76, 1522, t1) -> (242, 76, 242, t2=t1+(1, 8))	1	296
(4820, 190, 3946, t1) -> (3946, 190, 3946, t2=t1+(1, 6))	1	297
(1211, 118, 4319, t1) -> (1211, 118, 4319, t2=t1+(1, 7))	1	298
(4062, 65, 4582, t1) -> (4062, 65, 4582, t2=t1+(1, 5))	1	299
