(1083, 1, 2603, t1) & (1794, 163, 2518, t2=t1+(0, 3)) & (1794, 26, 2603, t3=t2+(0, 3)) -> (2518, 163, 2518, t4=t3+(1, 5))	3	0
(3913, 125, 2874, t1) & (1820, 44, 309, t2=t1+(0, 4)) & (2874, 13, 309, t3=t2+(0, 5)) -> (3913, 13, 2874, t4=t3+(1, 7))	3	1
(3979, 190, 2240, t1) & (3440, 27, 4246, t2=t1+(0, 5)) & (4246, 5, 3979, t3=t2+(0, 4)) -> (3440, 190, 2240, t4=t3+(1, 3))	3	2
(2672, 129, 204, t1) & (2271, 73, 1091, t2=t1+(0, 3)) & (1091, 32, 204, t3=t2+(0, 7)) -> (204, 73, 2672, t4=t3+(1, 3))	3	3
(2407, 137, 4740, t1) & (3449, 109, 1370, t2=t1+(0, 2)) & (2407, 118, 3449, t3=t2+(0, 4)) -> (2407, 137, 1370, t4=t3+(1, 8))	3	4
(1599, 147, 2401, t1) & (1072, 73, 615, t2=t1+(0, 4)) & (615, 31, 1599, t3=t2+(0, 5)) -> (1072, 31, 615, t4=t3+(1, 1))	3	5
(1562, 96, 4888, t1) & (3791, 110, 1410, t2=t1+(0, 8)) & (1410, 13, 1562, t3=t2+(0, 4)) -> (4888, 110, 1410, t4=t3+(1, 6))	3	6
(4245, 157, 3325, t1) & (1756, 181, 4293, t2=t1+(0, 4)) & (4245, 137, 1756, t3=t2+(0, 5)) -> (4245, 181, 4245, t4=t3+(1, 4))	3	7
(4695, 56, 1782, t1) & (458, 197, 1445, t2=t1+(0, 5)) & (458, 177, 4695, t3=t2+(0, 2)) -> (458, 56, 4695, t4=t3+(1, 7))	3	8
(4775, 171, 594, t1) & (606, 150, 3193, t2=t1+(0, 5)) & (606, 88, 594, t3=t2+(0, 8)) -> (606, 150, 594, t4=t3+(1, 3))	3	9
(4293, 164, 1977, t1) & (3326, 14, 2203, t2=t1+(0, 3)) & (1977, 49, 2203, t3=t2+(0, 5)) -> (1977, 14, 4293, t4=t3+(1, 3))	3	10
(414, 135, 1956, t1) & (3179, 55, 4616, t2=t1+(0, 8)) & (1956, 121, 3179, t3=t2+(0, 6)) -> (4616, 135, 414, t4=t3+(1, 8))	3	11
(3426, 199, 4989, t1) & (4525, 191, 3875, t2=t1+(0, 4)) & (4525, 165, 4989, t3=t2+(0, 5)) -> (4525, 199, 3426, t4=t3+(1, 6))	3	12
(2424, 131, 2136, t1) & (4965, 160, 1694, t2=t1+(0, 3)) & (1694, 138, 2424, t3=t2+(0, 3)) -> (2424, 131, 2424, t4=t3+(1, 7))	3	13
(1460, 131, 4427, t1) & (4081, 68, 4563, t2=t1+(0, 6)) & (4081, 91, 1460, t3=t2+(0, 4)) -> (1460, 91, 4427, t4=t3+(1, 4))	3	14
(377, 47, 3427, t1) & (1019, 32, 1349, t2=t1+(0, 7)) & (377, 24, 1349, t3=t2+(0, 11)) -> (1349, 47, 377, t4=t3+(1, 9))	3	15
(807, 154, 1671, t1) & (3269, 159, 3800, t2=t1+(0, 4)) & (1671, 48, 3269, t3=t2+(0, 5)) -> (807, 48, 3800, t4=t3+(1, 5))	3	16
(1660, 23, 4330, t1) & (1405, 14, 1032, t2=t1+(0, 10)) & (1660, 22, 1405, t3=t2+(0, 8)) -> (1660, 23, 1405, t4=t3+(1, 6))	3	17
(4903, 194, 3126, t1) & (4605, 192, 2306, t2=t1+(0, 4)) & (4605, 80, 4903, t3=t2+(0, 4)) -> (4605, 194, 4605, t4=t3+(1, 9))	3	18
(1694, 80, 3765, t1) & (4854, 171, 2310, t2=t1+(0, 5)) & (3765, 158, 4854, t3=t2+(0, 7)) -> (2310, 80, 3765, t4=t3+(1, 8))	3	19
(2558, 72, 3113, t1) & (4431, 29, 716, t2=t1+(0, 5)) & (716, 116, 2558, t3=t2+(0, 5)) -> (716, 72, 3113, t4=t3+(1, 8))	3	20
(3117, 19, 274, t1) & (541, 128, 1476, t2=t1+(0, 4)) & (1476, 197, 3117, t3=t2+(0, 4)) -> (274, 197, 3117, t4=t3+(1, 3))	3	21
(2796, 154, 3865, t1) & (4934, 59, 2003, t2=t1+(0, 6)) & (4934, 57, 3865, t3=t2+(0, 2)) -> (4934, 59, 2796, t4=t3+(1, 4))	3	22
(3090, 164, 4721, t1) & (21, 195, 4094, t2=t1+(0, 6)) & (21, 79, 4721, t3=t2+(0, 4)) -> (3090, 164, 21, t4=t3+(1, 7))	3	23
(4701, 158, 2026, t1) & (2971, 143, 2206, t2=t1+(0, 4)) & (4701, 53, 2971, t3=t2+(0, 2)) -> (2971, 158, 4701, t4=t3+(1, 8))	3	24
(827, 128, 3521, t1) & (1282, 69, 4104, t2=t1+(0, 3)) & (827, 159, 4104, t3=t2+(0, 10)) -> (827, 128, 4104, t4=t3+(1, 6))	3	25
(212, 192, 1212, t1) & (3031, 5, 1395, t2=t1+(0, 12)) & (1212, 171, 3031, t3=t2+(0, 6)) -> (3031, 192, 1212, t4=t3+(1, 7))	3	26
(2981, 91, 3182, t1) & (4328, 19, 668, t2=t1+(0, 8)) & (4328, 116, 3182, t3=t2+(0, 4)) -> (3182, 19, 4328, t4=t3+(1, 3))	3	27
(542, 99, 2448, t1) & (645, 157, 2139, t2=t1+(0, 3)) & (542, 42, 2139, t3=t2+(0, 3)) -> (542, 99, 2448, t4=t3+(1, 4))	3	28
(3231, 8, 4001, t1) & (1444, 55, 2174, t2=t1+(0, 2)) & (4001, 79, 2174, t3=t2+(0, 8)) -> (2174, 8, 2174, t4=t3+(1, 3))	3	29
(2824, 157, 4008, t1) & (945, 136, 2934, t2=t1+(0, 4)) & (2934, 91, 2824, t3=t2+(0, 5)) -> (2934, 157, 2934, t4=t3+(1, 4))	3	30
(2248, 32, 2315, t1) & (4665, 175, 2011, t2=t1+(0, 2)) & (2315, 25, 2011, t3=t2+(0, 8)) -> (2315, 25, 2248, t4=t3+(1, 3))	3	31
(3883, 100, 4935, t1) & (1262, 59, 251, t2=t1+(0, 4)) & (251, 47, 3883, t3=t2+(0, 4)) -> (251, 100, 3883, t4=t3+(1, 3))	3	32
(3162, 166, 3532, t1) & (2996, 172, 996, t2=t1+(0, 6)) & (3532, 48, 2996, t3=t2+(0, 5)) -> (2996, 172, 2996, t4=t3+(1, 7))	3	33
(663, 136, 3903, t1) & (2590, 100, 1967, t2=t1+(0, 7)) & (1967, 150, 663, t3=t2+(0, 2)) -> (663, 100, 1967, t4=t3+(1, 1))	3	34
(1917, 160, 4086, t1) & (1372, 50, 1511, t2=t1+(0, 5)) & (1917, 62, 1372, t3=t2+(0, 2)) -> (1372, 160, 4086, t4=t3+(1, 5))	3	35
(2659, 103, 4080, t1) & (3098, 120, 4273, t2=t1+(0, 5)) & (4080, 78, 3098, t3=t2+(0, 6)) -> (4080, 103, 3098, t4=t3+(1, 5))	3	36
(344, 90, 2391, t1) & (1, 128, 2360, t2=t1+(0, 4)) & (2360, 98, 2391, t3=t2+(0, 6)) -> (2360, 90, 2360, t4=t3+(1, 6))	3	37
(288, 182, 4078, t1) & (749, 188, 708, t2=t1+(0, 7)) & (708, 165, 4078, t3=t2+(0, 2)) -> (749, 182, 708, t4=t3+(1, 1))	3	38
(4982, 134, 3934, t1) & (193, 140, 2493, t2=t1+(0, 2)) & (2493, 186, 3934, t3=t2+(0, 6)) -> (2493, 186, 2493, t4=t3+(1, 5))	3	39
(305, 107, 568, t1) & (2642, 148, 4125, t2=t1+(0, 6)) & (4125, 196, 305, t3=t2+(0, 4)) -> (305, 107, 4125, t4=t3+(1, 4))	3	40
(4948, 76, 612, t1) & (1403, 77, 1228, t2=t1+(0, 5)) & (1403, 101, 4948, t3=t2+(0, 4)) -> (4948, 77, 612, t4=t3+(1, 6))	3	41
(3245, 143, 572, t1) & (2074, 197, 1159, t2=t1+(0, 4)) & (3245, 171, 1159, t3=t2+(0, 3)) -> (3245, 197, 1159, t4=t3+(1, 8))	3	42
(3375, 199, 600, t1) & (3228, 104, 3602, t2=t1+(0, 4)) & (3375, 121, 3228, t3=t2+(0, 4)) -> (3228, 121, 3375, t4=t3+(1, 2))	3	43
(1778, 96, 3214, t1) & (4378, 145, 1563, t2=t1+(0, 4)) & (1778, 12, 4378, t3=t2+(0, 3)) -> (1778, 96, 1778, t4=t3+(1, 6))	3	44
(2074, 44, 3244, t1) & (26, 62, 2452, t2=t1+(0, 5)) & (2074, 149, 2452, t3=t2+(0, 5)) -> (26, 62, 2452, t4=t3+(1, 5))	3	45
(760, 162, 1604, t1) & (2836, 109, 878, t2=t1+(0, 5)) & (1604, 139, 2836, t3=t2+(0, 3)) -> (878, 139, 1604, t4=t3+(1, 6))	3	46
(2730, 53, 561, t1) & (2913, 169, 3212, t2=t1+(0, 2)) & (3212, 118, 2730, t3=t2+(0, 11)) -> (2913, 53, 3212, t4=t3+(1, 7))	3	47
(970, 87, 875, t1) & (3474, 26, 1421, t2=t1+(0, 8)) & (3474, 14, 970, t3=t2+(0, 7)) -> (3474, 14, 875, t4=t3+(1, 4))	3	48
(2769, 86, 4528, t1) & (898, 0, 180, t2=t1+(0, 5)) & (2769, 187, 180, t3=t2+(0, 6)) -> (2769, 187, 898, t4=t3+(1, 7))	3	49
(188, 71, 2245, t1) & (4928, 28, 3977, t2=t1+(0, 5)) & (2245, 50, 3977, t3=t2+(0, 7)) -> (188, 28, 2245, t4=t3+(1, 7))	3	50
(1720, 156, 2875, t1) & (2961, 24, 1590, t2=t1+(0, 5)) & (2961, 93, 1720, t3=t2+(0, 3)) -> (2875, 156, 1590, t4=t3+(1, 3))	3	51
(551, 25, 4684, t1) & (1924, 69, 3009, t2=t1+(0, 9)) & (3009, 129, 551, t3=t2+(0, 4)) -> (551, 129, 1924, t4=t3+(1, 4))	3	52
(2223, 54, 1691, t1) & (4808, 69, 3941, t2=t1+(0, 2)) & (2223, 68, 4808, t3=t2+(0, 5)) -> (4808, 54, 3941, t4=t3+(1, 5))	3	53
(318, 43, 3423, t1) & (1236, 29, 2866, t2=t1+(0, 4)) & (318, 120, 1236, t3=t2+(0, 6)) -> (3423, 120, 2866, t4=t3+(1, 5))	3	54
(4613, 198, 3738, t1) & (3709, 181, 3620, t2=t1+(0, 4)) & (3738, 65, 3620, t3=t2+(0, 6)) -> (3738, 198, 3709, t4=t3+(1, 6))	3	55
(1811, 24, 487, t1) & (4885, 180, 4476, t2=t1+(0, 3)) & (4885, 34, 1811, t3=t2+(0, 7)) -> (4476, 24, 1811, t4=t3+(1, 4))	3	56
(1633, 6, 4715, t1) & (1450, 153, 2614, t2=t1+(0, 6)) & (2614, 68, 1633, t3=t2+(0, 10)) -> (4715, 68, 4715, t4=t3+(1, 1))	3	57
(3998, 84, 3017, t1) & (1792, 86, 486, t2=t1+(0, 7)) & (3998, 136, 1792, t3=t2+(0, 4)) -> (3998, 136, 3998, t4=t3+(1, 3))	3	58
(1639, 93, 2472, t1) & (2795, 148, 87, t2=t1+(0, 4)) & (2472, 117, 2795, t3=t2+(0, 3)) -> (2795, 148, 2795, t4=t3+(1, 6))	3	59
(105, 24, 4931, t1) & (2576, 163, 4690, t2=t1+(0, 4)) & (4690, 77, 4931, t3=t2+(0, 6)) -> (4690, 163, 4690, t4=t3+(1, 6))	3	60
(538, 112, 3651, t1) & (3243, 161, 1286, t2=t1+(0, 1)) & (3651, 133, 1286, t3=t2+(0, 8)) -> (538, 133, 3243, t4=t3+(1, 4))	3	61
(1428, 181, 599, t1) & (3826, 105, 3601, t2=t1+(0, 3)) & (1428, 64, 3826, t3=t2+(0, 0)) -> (599, 105, 3601, t4=t3+(1, 3))	3	62
(1774, 194, 2794, t1) & (1543, 122, 4210, t2=t1+(0, 2)) & (1543, 11, 2794, t3=t2+(0, 2)) -> (2794, 11, 4210, t4=t3+(1, 6))	3	63
(1725, 18, 3798, t1) & (2473, 40, 4594, t2=t1+(0, 10)) & (1725, 58, 2473, t3=t2+(0, 5)) -> (1725, 58, 1725, t4=t3+(1, 4))	3	64
(1848, 199, 3622, t1) & (4787, 72, 764, t2=t1+(0, 7)) & (764, 36, 3622, t3=t2+(0, 3)) -> (1848, 72, 1848, t4=t3+(1, 1))	3	65
(1387, 127, 2626, t1) & (4130, 94, 2224, t2=t1+(0, 7)) & (1387, 143, 4130, t3=t2+(0, 0)) -> (1387, 143, 4130, t4=t3+(1, 5))	3	66
(1007, 144, 1406, t1) & (927, 196, 2404, t2=t1+(0, 7)) & (927, 164, 1406, t3=t2+(0, 4)) -> (2404, 196, 1406, t4=t3+(1, 6))	3	67
(142, 18, 2909, t1) & (2911, 68, 793, t2=t1+(0, 5)) & (2909, 78, 793, t3=t2+(0, 4)) -> (2909, 18, 2909, t4=t3+(1, 1))	3	68
(3728, 67, 1552, t1) & (2903, 179, 3477, t2=t1+(0, 5)) & (3477, 154, 3728, t3=t2+(0, 5)) -> (3477, 154, 3728, t4=t3+(1, 7))	3	69
(1565, 22, 4148, t1) & (2379, 40, 485, t2=t1+(0, 3)) & (4148, 190, 2379, t3=t2+(0, 4)) -> (2379, 22, 4148, t4=t3+(1, 7))	3	70
(417, 172, 3992, t1) & (683, 122, 1495, t2=t1+(0, 3)) & (3992, 46, 1495, t3=t2+(0, 8)) -> (1495, 172, 1495, t4=t3+(1, 4))	3	71
(4835, 103, 281, t1) & (3918, 123, 1862, t2=t1+(0, 4)) & (4835, 84, 3918, t3=t2+(0, 6)) -> (3918, 123, 4835, t4=t3+(1, 5))	3	72
(4658, 87, 706, t1) & (325, 188, 725, t2=t1+(0, 6)) & (725, 90, 4658, t3=t2+(0, 2)) -> (706, 87, 4658, t4=t3+(1, 1))	3	73
(193, 121, 1551, t1) & (2815, 98, 3890, t2=t1+(0, 6)) & (1551, 177, 3890, t3=t2+(0, 7)) -> (1551, 121, 3890, t4=t3+(1, 4))	3	74
(3873, 189, 2037, t1) & (3920, 83, 144, t2=t1+(0, 8)) & (144, 83, 2037, t3=t2+(0, 8)) -> (144, 83, 144, t4=t3+(1, 4))	3	75
(3912, 33, 1812, t1) & (3127, 23, 1662, t2=t1+(0, 1)) & (1662, 16, 3912, t3=t2+(0, 7)) -> (1812, 16, 3912, t4=t3+(1, 5))	3	76
(656, 114, 2027, t1) & (721, 149, 3687, t2=t1+(0, 4)) & (3687, 93, 2027, t3=t2+(0, 3)) -> (3687, 149, 721, t4=t3+(1, 8))	3	77
(4968, 72, 833, t1) & (1555, 80, 1033, t2=t1+(0, 2)) & (4968, 85, 1033, t3=t2+(0, 2)) -> (4968, 85, 1555, t4=t3+(1, 2))	3	78
(1674, 89, 434, t1) & (2953, 53, 622, t2=t1+(0, 8)) & (434, 173, 2953, t3=t2+(0, 2)) -> (622, 173, 2953, t4=t3+(1, 7))	3	79
(643, 27, 1113, t1) & (2461, 45, 3110, t2=t1+(0, 5)) & (3110, 90, 1113, t3=t2+(0, 1)) -> (1113, 27, 2461, t4=t3+(1, 7))	3	80
(2572, 142, 2246, t1) & (1873, 84, 846, t2=t1+(0, 6)) & (846, 163, 2246, t3=t2+(0, 6)) -> (1873, 163, 2246, t4=t3+(1, 5))	3	81
(2221, 54, 288, t1) & (1884, 91, 2035, t2=t1+(0, 4)) & (1884, 165, 2221, t3=t2+(0, 4)) -> (2221, 91, 2035, t4=t3+(1, 6))	3	82
(4857, 179, 2139, t1) & (1149, 99, 4272, t2=t1+(0, 7)) & (4857, 130, 1149, t3=t2+(0, 5)) -> (4272, 179, 4857, t4=t3+(1, 2))	3	83
(1609, 70, 226, t1) & (3212, 89, 1460, t2=t1+(0, 4)) & (1609, 194, 3212, t3=t2+(0, 3)) -> (1460, 194, 1609, t4=t3+(1, 6))	3	84
(3149, 44, 4082, t1) & (2937, 69, 1084, t2=t1+(0, 4)) & (4082, 140, 2937, t3=t2+(0, 1)) -> (2937, 44, 4082, t4=t3+(1, 5))	3	85
(1862, 191, 1790, t1) & (955, 178, 1705, t2=t1+(0, 3)) & (955, 181, 1862, t3=t2+(0, 5)) -> (955, 181, 1862, t4=t3+(1, 4))	3	86
(1823, 145, 2196, t1) & (334, 30, 4095, t2=t1+(0, 4)) & (4095, 65, 1823, t3=t2+(0, 3)) -> (4095, 65, 4095, t4=t3+(1, 3))	3	87
(4058, 53, 934, t1) & (4326, 8, 703, t2=t1+(0, 5)) & (934, 140, 703, t3=t2+(0, 3)) -> (4058, 140, 4058, t4=t3+(1, 18))	3	88
(2257, 191, 2836, t1) & (4182, 143, 1762, t2=t1+(0, 5)) & (2836, 163, 4182, t3=t2+(0, 6)) -> (4182, 191, 1762, t4=t3+(1, 6))	3	89
(1824, 84, 2756, t1) & (2611, 142, 2410, t2=t1+(0, 5)) & (1824, 199, 2410, t3=t2+(0, 7)) -> (1824, 84, 2410, t4=t3+(1, 6))	3	90
(3529, 160, 4174, t1) & (4158, 84, 4023, t2=t1+(0, 7)) & (4158, 81, 4174, t3=t2+(0, 8)) -> (3529, 160, 4158, t4=t3+(1, 5))	3	91
(3620, 129, 4492, t1) & (1333, 152, 3859, t2=t1+(0, 5)) & (3859, 78, 4492, t3=t2+(0, 4)) -> (1333, 78, 1333, t4=t3+(1, 5))	3	92
(3833, 96, 2956, t1) & (103, 161, 4356, t2=t1+(0, 2)) & (2956, 71, 4356, t3=t2+(0, 3)) -> (2956, 96, 2956, t4=t3+(1, 5))	3	93
(4034, 179, 2227, t1) & (1705, 162, 4738, t2=t1+(0, 6)) & (4738, 32, 2227, t3=t2+(0, 5)) -> (4738, 32, 4738, t4=t3+(1, 2))	3	94
(3517, 102, 2456, t1) & (2961, 39, 1612, t2=t1+(0, 3)) & (2961, 195, 2456, t3=t2+(0, 4)) -> (3517, 195, 3517, t4=t3+(1, 4))	3	95
(4810, 141, 4547, t1) & (4909, 198, 3821, t2=t1+(0, 7)) & (4810, 9, 4909, t3=t2+(0, 5)) -> (4810, 198, 4547, t4=t3+(1, 7))	3	96
(3191, 91, 2596, t1) & (4467, 103, 3507, t2=t1+(0, 4)) & (3191, 74, 3507, t3=t2+(0, 6)) -> (3191, 103, 4467, t4=t3+(1, 9))	3	97
(454, 47, 3237, t1) & (4389, 47, 737, t2=t1+(0, 5)) & (3237, 6, 4389, t3=t2+(0, 7)) -> (454, 47, 3237, t4=t3+(1, 5))	3	98
(1341, 131, 4710, t1) & (3677, 195, 889, t2=t1+(0, 7)) & (889, 114, 4710, t3=t2+(0, 2)) -> (889, 114, 4710, t4=t3+(1, 8))	3	99
(199, 21, 4194, t1) & (1434, 64, 3175, t2=t1+(0, 11)) & (3175, 44, 199, t3=t2+(0, 3)) -> (3175, 64, 3175, t4=t3+(1, 9))	3	100
(1921, 159, 1165, t1) & (213, 171, 4245, t2=t1+(0, 5)) & (4245, 108, 1165, t3=t2+(0, 3)) -> (1165, 159, 1165, t4=t3+(1, 4))	3	101
(3016, 163, 3179, t1) & (4849, 118, 3258, t2=t1+(0, 3)) & (3179, 179, 4849, t3=t2+(0, 3)) -> (3179, 163, 3179, t4=t3+(1, 2))	3	102
(3582, 124, 163, t1) & (1819, 157, 1865, t2=t1+(0, 3)) & (3582, 6, 1819, t3=t2+(0, 2)) -> (1819, 6, 1865, t4=t3+(1, 8))	3	103
(3590, 66, 4132, t1) & (514, 186, 519, t2=t1+(0, 2)) & (3590, 102, 519, t3=t2+(0, 6)) -> (3590, 186, 519, t4=t3+(1, 3))	3	104
(310, 96, 119, t1) & (2022, 95, 1945, t2=t1+(0, 8)) & (310, 99, 2022, t3=t2+(0, 3)) -> (2022, 96, 310, t4=t3+(1, 3))	3	105
(4268, 83, 895, t1) & (2634, 2, 4624, t2=t1+(0, 4)) & (4624, 154, 895, t3=t2+(0, 2)) -> (895, 2, 2634, t4=t3+(1, 7))	3	106
(3065, 183, 516, t1) & (2556, 183, 2617, t2=t1+(0, 8)) & (3065, 152, 2617, t3=t2+(0, 6)) -> (2617, 183, 2617, t4=t3+(1, 7))	3	107
(333, 10, 4337, t1) & (771, 52, 4299, t2=t1+(0, 4)) & (4299, 0, 4337, t3=t2+(0, 9)) -> (333, 52, 4337, t4=t3+(1, 2))	3	108
(44, 57, 2727, t1) & (545, 78, 2981, t2=t1+(0, 6)) & (2727, 122, 545, t3=t2+(0, 4)) -> (2727, 57, 2727, t4=t3+(1, 7))	3	109
(1273, 89, 2038, t1) & (3757, 150, 2859, t2=t1+(0, 4)) & (3757, 12, 1273, t3=t2+(0, 6)) -> (2859, 89, 1273, t4=t3+(1, 10))	3	110
(1144, 194, 1528, t1) & (2434, 24, 761, t2=t1+(0, 5)) & (761, 5, 1144, t3=t2+(0, 3)) -> (1144, 194, 761, t4=t3+(1, 3))	3	111
(1770, 199, 1523, t1) & (2640, 55, 1099, t2=t1+(0, 2)) & (1523, 162, 1099, t3=t2+(0, 3)) -> (1099, 162, 1099, t4=t3+(1, 8))	3	112
(2931, 0, 3345, t1) & (2101, 163, 961, t2=t1+(0, 8)) & (961, 164, 2931, t3=t2+(0, 8)) -> (2931, 163, 961, t4=t3+(1, 3))	3	113
(327, 74, 2202, t1) & (1138, 136, 3344, t2=t1+(0, 6)) & (327, 13, 1138, t3=t2+(0, 3)) -> (3344, 136, 327, t4=t3+(1, 7))	3	114
(1931, 177, 4736, t1) & (2817, 84, 2095, t2=t1+(0, 6)) & (1931, 178, 2817, t3=t2+(0, 2)) -> (2095, 178, 1931, t4=t3+(1, 5))	3	115
(4078, 10, 1292, t1) & (4895, 161, 453, t2=t1+(0, 2)) & (1292, 25, 453, t3=t2+(0, 6)) -> (453, 161, 453, t4=t3+(1, 1))	3	116
(3993, 34, 4602, t1) & (3557, 37, 739, t2=t1+(0, 3)) & (739, 45, 4602, t3=t2+(0, 2)) -> (4602, 34, 739, t4=t3+(1, 3))	3	117
(3475, 40, 1967, t1) & (1964, 68, 1347, t2=t1+(0, 3)) & (3475, 3, 1347, t3=t2+(0, 3)) -> (1964, 68, 1347, t4=t3+(1, 4))	3	118
(537, 134, 3350, t1) & (2274, 96, 1220, t2=t1+(0, 3)) & (2274, 86, 537, t3=t2+(0, 7)) -> (1220, 96, 537, t4=t3+(1, 5))	3	119
(4793, 174, 3383, t1) & (4832, 21, 4010, t2=t1+(0, 6)) & (4832, 49, 4793, t3=t2+(0, 3)) -> (4793, 49, 4793, t4=t3+(1, 8))	3	120
(1788, 112, 2015, t1) & (2697, 189, 3833, t2=t1+(0, 6)) & (1788, 165, 2697, t3=t2+(0, 3)) -> (1788, 165, 2015, t4=t3+(1, 4))	3	121
(3274, 33, 377, t1) & (3791, 59, 1046, t2=t1+(0, 4)) & (3791, 15, 3274, t3=t2+(0, 4)) -> (3791, 33, 3791, t4=t3+(1, 4))	3	122
(1474, 153, 1256, t1) & (4159, 34, 4823, t2=t1+(0, 5)) & (1256, 77, 4159, t3=t2+(0, 3)) -> (4159, 34, 4159, t4=t3+(1, 4))	3	123
(2682, 183, 1517, t1) & (3368, 64, 4105, t2=t1+(0, 2)) & (3368, 21, 2682, t3=t2+(0, 6)) -> (3368, 21, 3368, t4=t3+(1, 10))	3	124
(3655, 72, 516, t1) & (2496, 53, 486, t2=t1+(0, 2)) & (3655, 179, 2496, t3=t2+(0, 5)) -> (2496, 72, 486, t4=t3+(1, 2))	3	125
(1940, 18, 197, t1) & (4211, 98, 4470, t2=t1+(0, 7)) & (197, 119, 4211, t3=t2+(0, 4)) -> (4470, 98, 4470, t4=t3+(1, 5))	3	126
(4713, 52, 1329, t1) & (353, 173, 1734, t2=t1+(0, 7)) & (353, 41, 4713, t3=t2+(0, 12)) -> (4713, 52, 4713, t4=t3+(1, 5))	3	127
(3885, 88, 1547, t1) & (2941, 29, 1696, t2=t1+(0, 9)) & (2941, 153, 1547, t3=t2+(0, 6)) -> (2941, 153, 3885, t4=t3+(1, 7))	3	128
(4125, 112, 3353, t1) & (2591, 45, 1326, t2=t1+(0, 7)) & (1326, 77, 3353, t3=t2+(0, 2)) -> (2591, 45, 2591, t4=t3+(1, 3))	3	129
(4916, 98, 2486, t1) & (750, 127, 4592, t2=t1+(0, 5)) & (750, 136, 2486, t3=t2+(0, 7)) -> (750, 136, 750, t4=t3+(1, 6))	3	130
(4117, 177, 1504, t1) & (2318, 166, 4010, t2=t1+(0, 7)) & (4010, 163, 1504, t3=t2+(0, 4)) -> (4010, 163, 4010, t4=t3+(1, 5))	3	131
(2636, 27, 58, t1) & (775, 100, 185, t2=t1+(0, 2)) & (185, 75, 2636, t3=t2+(0, 3)) -> (2636, 100, 2636, t4=t3+(1, 4))	3	132
(2212, 147, 3053, t1) & (2571, 29, 1040, t2=t1+(0, 2)) & (3053, 50, 1040, t3=t2+(0, 4)) -> (2212, 147, 2571, t4=t3+(1, 12))	3	133
(4699, 15, 3163, t1) & (407, 93, 776, t2=t1+(0, 4)) & (3163, 74, 407, t3=t2+(0, 3)) -> (4699, 15, 3163, t4=t3+(1, 4))	3	134
(3550, 94, 450, t1) & (4411, 166, 3184, t2=t1+(0, 5)) & (3184, 30, 3550, t3=t2+(0, 6)) -> (3184, 166, 3550, t4=t3+(1, 7))	3	135
(2829, 121, 1819, t1) & (3219, 4, 3167, t2=t1+(0, 6)) & (3167, 32, 2829, t3=t2+(0, 2)) -> (3167, 32, 3219, t4=t3+(1, 8))	3	136
(2294, 40, 2861, t1) & (1200, 134, 3039, t2=t1+(0, 6)) & (3039, 81, 2294, t3=t2+(0, 2)) -> (2294, 134, 3039, t4=t3+(1, 6))	3	137
(115, 55, 3356, t1) & (4630, 165, 1395, t2=t1+(0, 9)) & (3356, 130, 4630, t3=t2+(0, 6)) -> (4630, 130, 4630, t4=t3+(1, 2))	3	138
(3001, 35, 4536, t1) & (897, 37, 4563, t2=t1+(0, 5)) & (4536, 101, 4563, t3=t2+(0, 6)) -> (4563, 37, 3001, t4=t3+(1, 2))	3	139
(4219, 3, 1639, t1) & (4235, 96, 1998, t2=t1+(0, 3)) & (1639, 17, 4235, t3=t2+(0, 2)) -> (1639, 96, 4235, t4=t3+(1, 3))	3	140
(3404, 177, 4115, t1) & (1491, 59, 1299, t2=t1+(0, 1)) & (1491, 136, 3404, t3=t2+(0, 5)) -> (3404, 59, 4115, t4=t3+(1, 6))	3	141
(455, 7, 1935, t1) & (520, 101, 2911, t2=t1+(0, 2)) & (455, 48, 2911, t3=t2+(0, 6)) -> (520, 48, 520, t4=t3+(1, 4))	3	142
(3486, 115, 359, t1) & (4555, 166, 1082, t2=t1+(0, 4)) & (359, 66, 4555, t3=t2+(0, 6)) -> (1082, 115, 359, t4=t3+(1, 3))	3	143
(209, 62, 2455, t1) & (3190, 149, 2433, t2=t1+(0, 9)) & (2433, 156, 2455, t3=t2+(0, 4)) -> (2455, 156, 2433, t4=t3+(1, 6))	3	144
(4159, 162, 3452, t1) & (10, 52, 2721, t2=t1+(0, 6)) & (4159, 129, 2721, t3=t2+(0, 8)) -> (4159, 162, 10, t4=t3+(1, 8))	3	145
(3476, 79, 4555, t1) & (2448, 61, 4447, t2=t1+(0, 4)) & (2448, 172, 3476, t3=t2+(0, 3)) -> (2448, 79, 3476, t4=t3+(1, 6))	3	146
(2723, 182, 327, t1) & (3356, 59, 281, t2=t1+(0, 4)) & (2723, 108, 3356, t3=t2+(0, 5)) -> (281, 59, 3356, t4=t3+(1, 7))	3	147
(632, 94, 4528, t1) & (310, 131, 692, t2=t1+(0, 6)) & (4528, 160, 310, t3=t2+(0, 2)) -> (310, 131, 310, t4=t3+(1, 6))	3	148
(2760, 75, 4564, t1) & (631, 22, 1564, t2=t1+(0, 5)) & (1564, 108, 4564, t3=t2+(0, 3)) -> (4564, 22, 2760, t4=t3+(1, 4))	3	149
(4597, 79, 2937, t1) & (2986, 28, 929, t2=t1+(0, 5)) & (929, 129, 4597, t3=t2+(0, 3)) -> (4597, 129, 929, t4=t3+(1, 2))	3	150
(1184, 145, 4530, t1) & (2649, 139, 1966, t2=t1+(0, 6)) & (4530, 29, 2649, t3=t2+(0, 3)) -> (1184, 139, 1184, t4=t3+(1, 2))	3	151
(1891, 62, 3312, t1) & (1807, 149, 3906, t2=t1+(0, 5)) & (3312, 153, 1807, t3=t2+(0, 6)) -> (3312, 62, 3312, t4=t3+(1, 4))	3	152
(4084, 125, 2199, t1) & (2692, 117, 1805, t2=t1+(0, 8)) & (4084, 30, 2692, t3=t2+(0, 4)) -> (1805, 117, 1805, t4=t3+(1, 5))	3	153
(4693, 98, 3733, t1) & (2477, 76, 1160, t2=t1+(0, 7)) & (4693, 43, 1160, t3=t2+(0, 5)) -> (4693, 98, 4693, t4=t3+(1, 4))	3	154
(802, 149, 4096, t1) & (2485, 2, 846, t2=t1+(0, 9)) & (846, 81, 802, t3=t2+(0, 5)) -> (846, 81, 802, t4=t3+(1, 4))	3	155
(2293, 8, 1644, t1) & (1555, 180, 4452, t2=t1+(0, 2)) & (4452, 16, 1644, t3=t2+(0, 6)) -> (1555, 8, 1644, t4=t3+(1, 8))	3	156
(3264, 28, 3068, t1) & (3154, 113, 304, t2=t1+(0, 3)) & (3068, 170, 304, t3=t2+(0, 2)) -> (3068, 170, 304, t4=t3+(1, 8))	3	157
(362, 199, 356, t1) & (1148, 50, 2555, t2=t1+(0, 3)) & (1148, 125, 356, t3=t2+(0, 2)) -> (356, 125, 1148, t4=t3+(1, 7))	3	158
(4651, 52, 2847, t1) & (89, 3, 227, t2=t1+(0, 4)) & (89, 152, 2847, t3=t2+(0, 4)) -> (4651, 3, 227, t4=t3+(1, 2))	3	159
(1186, 161, 2355, t1) & (63, 78, 4784, t2=t1+(0, 5)) & (1186, 72, 63, t3=t2+(0, 6)) -> (63, 78, 63, t4=t3+(1, 3))	3	160
(122, 172, 4707, t1) & (3671, 45, 3157, t2=t1+(0, 10)) & (3157, 115, 122, t3=t2+(0, 7)) -> (4707, 172, 3157, t4=t3+(1, 3))	3	161
(2855, 129, 594, t1) & (2721, 16, 4238, t2=t1+(0, 5)) & (2721, 27, 2855, t3=t2+(0, 6)) -> (2721, 129, 594, t4=t3+(1, 3))	3	162
(4300, 47, 1575, t1) & (2570, 9, 3620, t2=t1+(0, 4)) & (4300, 17, 2570, t3=t2+(0, 9)) -> (2570, 9, 2570, t4=t3+(1, 6))	3	163
(3367, 48, 2583, t1) & (2729, 129, 1329, t2=t1+(0, 4)) & (2583, 115, 2729, t3=t2+(0, 5)) -> (1329, 48, 2583, t4=t3+(1, 5))	3	164
(2259, 181, 4089, t1) & (2132, 20, 4272, t2=t1+(0, 11)) & (4089, 56, 2132, t3=t2+(0, 6)) -> (2132, 20, 4089, t4=t3+(1, 3))	3	165
(3412, 3, 4904, t1) & (403, 122, 2550, t2=t1+(0, 7)) & (403, 33, 3412, t3=t2+(0, 6)) -> (2550, 3, 2550, t4=t3+(1, 5))	3	166
(4930, 36, 1172, t1) & (2330, 185, 4256, t2=t1+(0, 1)) & (1172, 192, 2330, t3=t2+(0, 4)) -> (1172, 185, 4256, t4=t3+(1, 6))	3	167
(752, 58, 4975, t1) & (2593, 163, 3497, t2=t1+(0, 4)) & (4975, 161, 2593, t3=t2+(0, 8)) -> (4975, 58, 3497, t4=t3+(1, 4))	3	168
(1239, 172, 1481, t1) & (1995, 73, 4870, t2=t1+(0, 7)) & (1995, 180, 1481, t3=t2+(0, 7)) -> (1995, 172, 1995, t4=t3+(1, 6))	3	169
(3064, 72, 561, t1) & (3544, 49, 1056, t2=t1+(0, 3)) & (1056, 84, 561, t3=t2+(0, 8)) -> (1056, 72, 561, t4=t3+(1, 3))	3	170
(543, 191, 3936, t1) & (51, 2, 310, t2=t1+(0, 7)) & (51, 66, 3936, t3=t2+(0, 3)) -> (3936, 66, 310, t4=t3+(1, 5))	3	171
(421, 123, 2168, t1) & (1255, 143, 3681, t2=t1+(0, 5)) & (3681, 30, 421, t3=t2+(0, 2)) -> (2168, 143, 421, t4=t3+(1, 4))	3	172
(1587, 39, 3, t1) & (2191, 117, 4562, t2=t1+(0, 3)) & (4562, 194, 3, t3=t2+(0, 3)) -> (2191, 117, 4562, t4=t3+(1, 1))	3	173
(2005, 68, 650, t1) & (3926, 147, 1404, t2=t1+(0, 2)) & (1404, 86, 650, t3=t2+(0, 4)) -> (650, 68, 650, t4=t3+(1, 5))	3	174
(903, 44, 2383, t1) & (3169, 78, 2849, t2=t1+(0, 4)) & (2849, 34, 2383, t3=t2+(0, 9)) -> (2383, 78, 2383, t4=t3+(1, 9))	3	175
(219, 77, 4220, t1) & (1986, 102, 4409, t2=t1+(0, 3)) & (4220, 42, 1986, t3=t2+(0, 6)) -> (1986, 42, 1986, t4=t3+(1, 4))	3	176
(3894, 115, 3089, t1) & (3258, 75, 4984, t2=t1+(0, 4)) & (3258, 147, 3089, t3=t2+(0, 4)) -> (3089, 75, 3258, t4=t3+(1, 3))	3	177
(3792, 154, 4932, t1) & (3250, 136, 3973, t2=t1+(0, 5)) & (4932, 33, 3973, t3=t2+(0, 9)) -> (4932, 33, 3973, t4=t3+(1, 3))	3	178
(1448, 150, 3682, t1) & (4694, 160, 4469, t2=t1+(0, 1)) & (1448, 23, 4469, t3=t2+(0, 7)) -> (3682, 23, 1448, t4=t3+(1, 5))	3	179
(4074, 113, 3808, t1) & (3634, 124, 1390, t2=t1+(0, 6)) & (3634, 158, 3808, t3=t2+(0, 6)) -> (3808, 124, 4074, t4=t3+(1, 4))	3	180
(940, 53, 2063, t1) & (263, 119, 2307, t2=t1+(0, 3)) & (263, 61, 2063, t3=t2+(0, 3)) -> (2063, 119, 263, t4=t3+(1, 12))	3	181
(3752, 107, 2542, t1) & (3902, 134, 2665, t2=t1+(0, 5)) & (3752, 124, 3902, t3=t2+(0, 5)) -> (3752, 124, 3902, t4=t3+(1, 7))	3	182
(1444, 127, 4344, t1) & (4698, 148, 1777, t2=t1+(0, 7)) & (1777, 121, 4344, t3=t2+(0, 3)) -> (4344, 148, 4698, t4=t3+(1, 4))	3	183
(4604, 170, 2844, t1) & (1855, 190, 3648, t2=t1+(0, 2)) & (2844, 111, 3648, t3=t2+(0, 6)) -> (3648, 190, 3648, t4=t3+(1, 8))	3	184
(3443, 98, 3331, t1) & (1836, 47, 3623, t2=t1+(0, 4)) & (3623, 55, 3443, t3=t2+(0, 5)) -> (3331, 55, 3443, t4=t3+(1, 7))	3	185
(1151, 110, 322, t1) & (2198, 16, 669, t2=t1+(0, 5)) & (1151, 199, 669, t3=t2+(0, 5)) -> (322, 16, 2198, t4=t3+(1, 6))	3	186
(1917, 160, 4466, t1) & (2633, 123, 455, t2=t1+(0, 3)) & (2633, 177, 4466, t3=t2+(0, 5)) -> (1917, 177, 1917, t4=t3+(1, 8))	3	187
(3312, 150, 2342, t1) & (969, 172, 3154, t2=t1+(0, 1)) & (969, 97, 2342, t3=t2+(0, 5)) -> (3154, 97, 969, t4=t3+(1, 10))	3	188
(265, 161, 3809, t1) & (3124, 79, 393, t2=t1+(0, 3)) & (3124, 78, 265, t3=t2+(0, 7)) -> (265, 78, 3809, t4=t3+(1, 4))	3	189
(1654, 19, 1772, t1) & (806, 34, 3969, t2=t1+(0, 4)) & (806, 172, 1772, t3=t2+(0, 4)) -> (1772, 172, 1772, t4=t3+(1, 5))	3	190
(3533, 54, 1365, t1) & (3823, 120, 3517, t2=t1+(0, 1)) & (1365, 128, 3823, t3=t2+(0, 8)) -> (3517, 120, 3823, t4=t3+(1, 7))	3	191
(1878, 5, 101, t1) & (3026, 10, 3108, t2=t1+(0, 3)) & (3108, 194, 101, t3=t2+(0, 10)) -> (3108, 10, 3108, t4=t3+(1, 7))	3	192
(2217, 121, 1509, t1) & (3493, 156, 426, t2=t1+(0, 7)) & (3493, 54, 1509, t3=t2+(0, 4)) -> (3493, 54, 1509, t4=t3+(1, 7))	3	193
(2548, 47, 3886, t1) & (3360, 85, 2248, t2=t1+(0, 6)) & (2248, 12, 3886, t3=t2+(0, 2)) -> (2248, 85, 3360, t4=t3+(1, 2))	3	194
(2807, 108, 503, t1) & (321, 109, 954, t2=t1+(0, 6)) & (503, 145, 954, t3=t2+(0, 3)) -> (954, 145, 954, t4=t3+(1, 2))	3	195
(4091, 34, 2669, t1) & (4187, 27, 742, t2=t1+(0, 8)) & (4187, 153, 4091, t3=t2+(0, 6)) -> (2669, 153, 4187, t4=t3+(1, 4))	3	196
(3018, 43, 623, t1) & (1146, 67, 4676, t2=t1+(0, 6)) & (3018, 182, 1146, t3=t2+(0, 2)) -> (1146, 67, 1146, t4=t3+(1, 7))	3	197
(2755, 19, 4104, t1) & (2304, 51, 3079, t2=t1+(0, 4)) & (3079, 160, 2755, t3=t2+(0, 5)) -> (3079, 51, 3079, t4=t3+(1, 8))	3	198
(4306, 152, 2578, t1) & (1278, 18, 4589, t2=t1+(0, 7)) & (4589, 86, 4306, t3=t2+(0, 7)) -> (2578, 152, 2578, t4=t3+(1, 2))	3	199
(414, 15, 3687, t1) & (1558, 64, 4845, t2=t1+(0, 4)) & (3687, 9, 4845, t3=t2+(0, 7)) -> (414, 9, 3687, t4=t3+(1, 3))	3	200
(4961, 26, 748, t1) & (634, 194, 3851, t2=t1+(0, 8)) & (4961, 134, 3851, t3=t2+(0, 2)) -> (748, 134, 4961, t4=t3+(1, 6))	3	201
(3472, 155, 2448, t1) & (4817, 75, 687, t2=t1+(0, 6)) & (4817, 125, 2448, t3=t2+(0, 3)) -> (2448, 125, 4817, t4=t3+(1, 3))	3	202
(605, 136, 1332, t1) & (3199, 95, 1880, t2=t1+(0, 5)) & (1332, 109, 3199, t3=t2+(0, 3)) -> (3199, 136, 3199, t4=t3+(1, 6))	3	203
(4542, 48, 4575, t1) & (2592, 136, 3308, t2=t1+(0, 5)) & (2592, 154, 4575, t3=t2+(0, 4)) -> (4542, 136, 2592, t4=t3+(1, 5))	3	204
(3504, 24, 2533, t1) & (855, 73, 1243, t2=t1+(0, 6)) & (3504, 94, 855, t3=t2+(0, 3)) -> (855, 94, 1243, t4=t3+(1, 9))	3	205
(4684, 10, 4945, t1) & (1461, 168, 3223, t2=t1+(0, 4)) & (3223, 139, 4684, t3=t2+(0, 6)) -> (3223, 168, 4684, t4=t3+(1, 4))	3	206
(3309, 98, 2150, t1) & (4248, 195, 957, t2=t1+(0, 5)) & (2150, 64, 4248, t3=t2+(0, 5)) -> (957, 64, 3309, t4=t3+(1, 3))	3	207
(4049, 2, 712, t1) & (1757, 50, 400, t2=t1+(0, 6)) & (1757, 74, 712, t3=t2+(0, 7)) -> (1757, 2, 400, t4=t3+(1, 6))	3	208
(2281, 176, 407, t1) & (3699, 102, 950, t2=t1+(0, 8)) & (2281, 82, 950, t3=t2+(0, 4)) -> (950, 176, 2281, t4=t3+(1, 7))	3	209
(54, 40, 2001, t1) & (1906, 181, 1961, t2=t1+(0, 4)) & (1906, 188, 54, t3=t2+(0, 2)) -> (54, 188, 54, t4=t3+(1, 7))	3	210
(3435, 80, 3706, t1) & (3420, 12, 3876, t2=t1+(0, 0)) & (3435, 99, 3876, t3=t2+(0, 4)) -> (3706, 80, 3876, t4=t3+(1, 6))	3	211
(1928, 197, 3884, t1) & (3158, 156, 2254, t2=t1+(0, 7)) & (1928, 75, 2254, t3=t2+(0, 2)) -> (1928, 197, 3158, t4=t3+(1, 7))	3	212
(2046, 157, 1937, t1) & (2965, 51, 1594, t2=t1+(0, 3)) & (1937, 28, 2965, t3=t2+(0, 5)) -> (1937, 28, 1937, t4=t3+(1, 9))	3	213
(2666, 33, 3133, t1) & (2332, 93, 2868, t2=t1+(0, 4)) & (3133, 118, 2868, t3=t2+(0, 4)) -> (2666, 93, 2868, t4=t3+(1, 7))	3	214
(3290, 16, 1484, t1) & (2994, 177, 1313, t2=t1+(0, 2)) & (1313, 4, 3290, t3=t2+(0, 12)) -> (1313, 16, 2994, t4=t3+(1, 4))	3	215
(4889, 82, 4525, t1) & (3118, 92, 4185, t2=t1+(0, 2)) & (3118, 28, 4889, t3=t2+(0, 3)) -> (4185, 92, 4185, t4=t3+(1, 2))	3	216
(4211, 186, 2369, t1) & (3174, 75, 1975, t2=t1+(0, 8)) & (3174, 143, 4211, t3=t2+(0, 7)) -> (4211, 75, 3174, t4=t3+(1, 4))	3	217
(2495, 188, 2659, t1) & (1568, 53, 2431, t2=t1+(0, 3)) & (2659, 91, 1568, t3=t2+(0, 1)) -> (2431, 53, 2659, t4=t3+(1, 6))	3	218
(3125, 108, 2885, t1) & (2268, 37, 2125, t2=t1+(0, 4)) & (2125, 5, 3125, t3=t2+(0, 6)) -> (3125, 37, 3125, t4=t3+(1, 4))	3	219
(2851, 131, 1014, t1) & (2594, 71, 365, t2=t1+(0, 6)) & (365, 197, 1014, t3=t2+(0, 7)) -> (365, 71, 1014, t4=t3+(1, 7))	3	220
(49, 95, 418, t1) & (2619, 1, 3241, t2=t1+(0, 6)) & (3241, 62, 418, t3=t2+(0, 4)) -> (418, 1, 3241, t4=t3+(1, 7))	3	221
(1455, 135, 614, t1) & (4495, 18, 4170, t2=t1+(0, 2)) & (614, 156, 4170, t3=t2+(0, 5)) -> (1455, 135, 1455, t4=t3+(1, 6))	3	222
(1133, 90, 4396, t1) & (1801, 16, 1145, t2=t1+(0, 4)) & (1801, 99, 1133, t3=t2+(0, 4)) -> (1145, 90, 1133, t4=t3+(1, 2))	3	223
(1489, 6, 657, t1) & (624, 163, 4129, t2=t1+(0, 9)) & (1489, 83, 624, t3=t2+(0, 9)) -> (4129, 163, 1489, t4=t3+(1, 5))	3	224
(3980, 121, 2119, t1) & (3657, 111, 1618, t2=t1+(0, 11)) & (2119, 120, 3657, t3=t2+(0, 3)) -> (2119, 111, 3657, t4=t3+(1, 8))	3	225
(843, 140, 275, t1) & (4778, 117, 294, t2=t1+(0, 1)) & (4778, 117, 275, t3=t2+(0, 5)) -> (275, 117, 294, t4=t3+(1, 6))	3	226
(3733, 147, 705, t1) & (1259, 72, 4916, t2=t1+(0, 4)) & (4916, 11, 705, t3=t2+(0, 5)) -> (1259, 72, 705, t4=t3+(1, 6))	3	227
(822, 184, 2289, t1) & (233, 166, 3524, t2=t1+(0, 1)) & (2289, 148, 233, t3=t2+(0, 5)) -> (822, 184, 822, t4=t3+(1, 6))	3	228
(1233, 175, 2895, t1) & (3, 183, 1812, t2=t1+(0, 7)) & (1812, 94, 1233, t3=t2+(0, 8)) -> (1233, 94, 1233, t4=t3+(1, 7))	3	229
(907, 94, 3488, t1) & (3134, 0, 4906, t2=t1+(0, 9)) & (3488, 50, 3134, t3=t2+(0, 1)) -> (3488, 50, 3134, t4=t3+(1, 2))	3	230
(2936, 46, 3818, t1) & (2253, 56, 3919, t2=t1+(0, 5)) & (2253, 142, 3818, t3=t2+(0, 3)) -> (3818, 46, 2253, t4=t3+(1, 2))	3	231
(623, 141, 2290, t1) & (3468, 18, 4775, t2=t1+(0, 6)) & (4775, 117, 2290, t3=t2+(0, 4)) -> (3468, 141, 4775, t4=t3+(1, 1))	3	232
(3251, 64, 4930, t1) & (271, 76, 690, t2=t1+(0, 4)) & (690, 14, 3251, t3=t2+(0, 8)) -> (3251, 14, 271, t4=t3+(1, 5))	3	233
(2333, 193, 706, t1) & (228, 88, 3937, t2=t1+(0, 3)) & (228, 27, 706, t3=t2+(0, 4)) -> (228, 27, 228, t4=t3+(1, 3))	3	234
(4077, 42, 2338, t1) & (864, 158, 195, t2=t1+(0, 6)) & (195, 132, 4077, t3=t2+(0, 4)) -> (4077, 42, 195, t4=t3+(1, 4))	3	235
(2886, 190, 2005, t1) & (3645, 21, 2139, t2=t1+(0, 8)) & (2005, 1, 3645, t3=t2+(0, 5)) -> (2139, 21, 2005, t4=t3+(1, 7))	3	236
(460, 101, 4019, t1) & (2587, 0, 3803, t2=t1+(0, 2)) & (3803, 188, 4019, t3=t2+(0, 6)) -> (2587, 188, 2587, t4=t3+(1, 5))	3	237
(808, 184, 1132, t1) & (4567, 32, 4767, t2=t1+(0, 3)) & (1132, 121, 4567, t3=t2+(0, 7)) -> (4567, 184, 808, t4=t3+(1, 6))	3	238
(520, 109, 196, t1) & (4106, 35, 1280, t2=t1+(0, 4)) & (4106, 191, 196, t3=t2+(0, 11)) -> (1280, 35, 4106, t4=t3+(1, 6))	3	239
(1406, 135, 400, t1) & (1696, 27, 348, t2=t1+(0, 6)) & (1696, 140, 400, t3=t2+(0, 6)) -> (1406, 140, 400, t4=t3+(1, 3))	3	240
(961, 132, 2278, t1) & (27, 103, 140, t2=t1+(0, 5)) & (2278, 153, 140, t3=t2+(0, 3)) -> (961, 103, 27, t4=t3+(1, 5))	3	241
(1314, 126, 1913, t1) & (3216, 51, 3622, t2=t1+(0, 2)) & (3622, 97, 1314, t3=t2+(0, 4)) -> (3216, 97, 3622, t4=t3+(1, 7))	3	242
(4946, 182, 4065, t1) & (2335, 106, 3215, t2=t1+(0, 3)) & (2335, 175, 4065, t3=t2+(0, 1)) -> (2335, 106, 3215, t4=t3+(1, 8))	3	243
(1160, 11, 3441, t1) & (3606, 132, 3862, t2=t1+(0, 8)) & (3606, 149, 1160, t3=t2+(0, 2)) -> (3441, 11, 3606, t4=t3+(1, 6))	3	244
(2324, 144, 326, t1) & (727, 13, 647, t2=t1+(0, 6)) & (727, 120, 2324, t3=t2+(0, 5)) -> (326, 13, 2324, t4=t3+(1, 10))	3	245
(577, 134, 3901, t1) & (2587, 106, 3134, t2=t1+(0, 9)) & (577, 67, 3134, t3=t2+(0, 7)) -> (3134, 134, 3134, t4=t3+(1, 1))	3	246
(558, 80, 3052, t1) & (3102, 173, 940, t2=t1+(0, 7)) & (3102, 64, 3052, t3=t2+(0, 5)) -> (3102, 80, 3102, t4=t3+(1, 4))	3	247
(109, 65, 4801, t1) & (3409, 63, 4662, t2=t1+(0, 9)) & (109, 171, 4662, t3=t2+(0, 0)) -> (3409, 63, 4662, t4=t3+(1, 2))	3	248
(1811, 22, 39, t1) & (2313, 156, 3173, t2=t1+(0, 5)) & (3173, 109, 39, t3=t2+(0, 2)) -> (1811, 109, 39, t4=t3+(1, 8))	3	249
(4368, 64, 3271, t1) & (2940, 0, 2629, t2=t1+(0, 5)) & (4368, 187, 2629, t3=t2+(0, 5)) -> (4368, 64, 2629, t4=t3+(1, 7))	3	250
(200, 48, 3318, t1) & (1485, 45, 1972, t2=t1+(0, 6)) & (1485, 50, 3318, t3=t2+(0, 3)) -> (3318, 48, 3318, t4=t3+(1, 3))	3	251
(3180, 124, 1128, t1) & (4101, 80, 872, t2=t1+(0, 9)) & (872, 103, 1128, t3=t2+(0, 2)) -> (1128, 124, 872, t4=t3+(1, 7))	3	252
(2748, 171, 2066, t1) & (679, 44, 528, t2=t1+(0, 7)) & (2748, 107, 679, t3=t2+(0, 7)) -> (679, 44, 528, t4=t3+(1, 4))	3	253
(4932, 164, 1158, t1) & (3340, 77, 460, t2=t1+(0, 11)) & (3340, 74, 1158, t3=t2+(0, 4)) -> (1158, 74, 4932, t4=t3+(1, 6))	3	254
(3445, 59, 3103, t1) & (4873, 75, 3129, t2=t1+(0, 5)) & (3129, 134, 3445, t3=t2+(0, 3)) -> (3103, 134, 3129, t4=t3+(1, 3))	3	255
(3593, 41, 2615, t1) & (4186, 34, 442, t2=t1+(0, 6)) & (3593, 122, 4186, t3=t2+(0, 4)) -> (442, 34, 442, t4=t3+(1, 2))	3	256
(3213, 66, 1632, t1) & (2793, 83, 2288, t2=t1+(0, 4)) & (2288, 72, 3213, t3=t2+(0, 5)) -> (2793, 66, 3213, t4=t3+(1, 1))	3	257
(3563, 139, 1278, t1) & (4647, 41, 3650, t2=t1+(0, 8)) & (4647, 39, 1278, t3=t2+(0, 8)) -> (1278, 139, 1278, t4=t3+(1, 5))	3	258
(3256, 78, 2197, t1) & (3797, 189, 3829, t2=t1+(0, 2)) & (3829, 142, 2197, t3=t2+(0, 5)) -> (3256, 189, 3797, t4=t3+(1, 5))	3	259
(2501, 174, 4670, t1) & (3884, 161, 4412, t2=t1+(0, 7)) & (4670, 80, 4412, t3=t2+(0, 6)) -> (4412, 174, 2501, t4=t3+(1, 11))	3	260
(1936, 188, 502, t1) & (1009, 103, 1752, t2=t1+(0, 12)) & (1009, 92, 1936, t3=t2+(0, 3)) -> (1936, 188, 1009, t4=t3+(1, 4))	3	261
(4727, 36, 1191, t1) & (4413, 136, 3931, t2=t1+(0, 4)) & (4727, 190, 3931, t3=t2+(0, 6)) -> (4727, 36, 4413, t4=t3+(1, 9))	3	262
(208, 188, 2304, t1) & (1253, 144, 2505, t2=t1+(0, 6)) & (2304, 48, 1253, t3=t2+(0, 8)) -> (2304, 48, 2505, t4=t3+(1, 3))	3	263
(3997, 24, 4438, t1) & (4345, 110, 591, t2=t1+(0, 8)) & (591, 149, 4438, t3=t2+(0, 5)) -> (3997, 24, 4438, t4=t3+(1, 5))	3	264
(1911, 128, 4483, t1) & (264, 49, 988, t2=t1+(0, 5)) & (988, 59, 4483, t3=t2+(0, 6)) -> (4483, 59, 264, t4=t3+(1, 3))	3	265
(2422, 115, 3962, t1) & (1860, 186, 3939, t2=t1+(0, 6)) & (3962, 158, 3939, t3=t2+(0, 2)) -> (3939, 158, 2422, t4=t3+(1, 2))	3	266
(4144, 142, 1996, t1) & (4669, 178, 261, t2=t1+(0, 7)) & (1996, 4, 4669, t3=t2+(0, 5)) -> (261, 178, 4669, t4=t3+(1, 3))	3	267
(544, 134, 1055, t1) & (1298, 179, 4810, t2=t1+(0, 4)) & (1298, 8, 544, t3=t2+(0, 8)) -> (1298, 179, 544, t4=t3+(1, 9))	3	268
(1233, 136, 1581, t1) & (752, 20, 2362, t2=t1+(0, 5)) & (752, 76, 1581, t3=t2+(0, 6)) -> (752, 76, 752, t4=t3+(1, 1))	3	269
(3731, 103, 2490, t1) & (1324, 163, 4638, t2=t1+(0, 4)) & (2490, 150, 4638, t3=t2+(0, 4)) -> (2490, 163, 3731, t4=t3+(1, 5))	3	270
(3090, 6, 716, t1) & (505, 165, 2098, t2=t1+(0, 8)) & (716, 160, 2098, t3=t2+(0, 8)) -> (716, 160, 716, t4=t3+(1, 4))	3	271
(4638, 48, 3756, t1) & (4195, 21, 1907, t2=t1+(0, 5)) & (4638, 130, 4195, t3=t2+(0, 3)) -> (1907, 21, 3756, t4=t3+(1, 6))	3	272
(916, 67, 1430, t1) & (184, 73, 2091, t2=t1+(0, 7)) & (1430, 60, 2091, t3=t2+(0, 6)) -> (916, 60, 2091, t4=t3+(1, 2))	3	273
(1922, 114, 2069, t1) & (3409, 140, 720, t2=t1+(0, 4)) & (2069, 12, 720, t3=t2+(0, 3)) -> (1922, 114, 1922, t4=t3+(1, 4))	3	274
(26, 140, 1817, t1) & (2869, 112, 177, t2=t1+(0, 6)) & (177, 193, 1817, t3=t2+(0, 8)) -> (2869, 193, 1817, t4=t3+(1, 5))	3	275
(1084, 185, 168, t1) & (3439, 117, 1693, t2=t1+(0, 8)) & (168, 50, 1693, t3=t2+(0, 7)) -> (1693, 117, 3439, t4=t3+(1, 6))	3	276
(2283, 138, 1138, t1) & (2763, 174, 1845, t2=t1+(0, 4)) & (1845, 5, 2283, t3=t2+(0, 4)) -> (1845, 138, 2283, t4=t3+(1, 4))	3	277
(1512, 178, 2045, t1) & (849, 45, 3879, t2=t1+(0, 3)) & (849, 68, 1512, t3=t2+(0, 8)) -> (2045, 45, 1512, t4=t3+(1, 3))	3	278
(481, 196, 4882, t1) & (1197, 64, 1911, t2=t1+(0, 8)) & (481, 111, 1911, t3=t2+(0, 8)) -> (481, 196, 1911, t4=t3+(1, 6))	3	279
(4672, 108, 10, t1) & (4015, 55, 1239, t2=t1+(0, 5)) & (4672, 107, 4015, t3=t2+(0, 6)) -> (4672, 107, 1239, t4=t3+(1, 4))	3	280
(3490, 88, 1675, t1) & (1196, 156, 1315, t2=t1+(0, 3)) & (3490, 53, 1196, t3=t2+(0, 4)) -> (1196, 156, 1315, t4=t3+(1, 12))	3	281
(1882, 69, 1120, t1) & (1193, 89, 429, t2=t1+(0, 4)) & (429, 112, 1120, t3=t2+(0, 5)) -> (1120, 69, 1120, t4=t3+(1, 4))	3	282
(2741, 145, 1609, t1) & (1989, 100, 4316, t2=t1+(0, 7)) & (4316, 22, 2741, t3=t2+(0, 6)) -> (2741, 145, 2741, t4=t3+(1, 4))	3	283
(3336, 12, 4288, t1) & (2059, 89, 4424, t2=t1+(0, 8)) & (3336, 8, 2059, t3=t2+(0, 4)) -> (3336, 12, 2059, t4=t3+(1, 7))	3	284
(1384, 173, 4369, t1) & (1399, 188, 35, t2=t1+(0, 4)) & (4369, 83, 35, t3=t2+(0, 4)) -> (35, 173, 35, t4=t3+(1, 5))	3	285
(2398, 60, 590, t1) & (1227, 85, 4990, t2=t1+(0, 5)) & (1227, 165, 590, t3=t2+(0, 5)) -> (590, 165, 1227, t4=t3+(1, 8))	3	286
(4107, 143, 561, t1) & (1272, 12, 938, t2=t1+(0, 6)) & (561, 91, 1272, t3=t2+(0, 7)) -> (1272, 12, 1272, t4=t3+(1, 3))	3	287
(1698, 0, 2587, t1) & (2265, 161, 1977, t2=t1+(0, 7)) & (1977, 139, 1698, t3=t2+(0, 3)) -> (1977, 161, 1698, t4=t3+(1, 2))	3	288
(3066, 30, 3859, t1) & (2496, 113, 4144, t2=t1+(0, 7)) & (3859, 40, 2496, t3=t2+(0, 5)) -> (3859, 30, 4144, t4=t3+(1, 1))	3	289
(4727, 91, 4739, t1) & (1351, 184, 974, t2=t1+(0, 7)) & (4739, 45, 1351, t3=t2+(0, 2)) -> (4739, 184, 974, t4=t3+(1, 2))	3	290
(1066, 125, 1450, t1) & (399, 198, 1911, t2=t1+(0, 8)) & (1066, 83, 1911, t3=t2+(0, 4)) -> (1450, 125, 1450, t4=t3+(1, 5))	3	291
(3389, 27, 4078, t1) & (3288, 171, 8, t2=t1+(0, 9)) & (3288, 69, 4078, t3=t2+(0, 5)) -> (8, 69, 4078, t4=t3+(1, 4))	3	292
(4346, 96, 370, t1) & (1042, 35, 512, t2=t1+(0, 1)) & (4346, 199, 1042, t3=t2+(0, 2)) -> (1042, 199, 512, t4=t3+(1, 1))	3	293
(2339, 26, 2533, t1) & (1769, 61, 2845, t2=t1+(0, 5)) & (2533, 9, 1769, t3=t2+(0, 3)) -> (1769, 26, 2533, t4=t3+(1, 5))	3	294
(648, 182, 3238, t1) & (3046, 131, 2058, t2=t1+(0, 5)) & (648, 55, 2058, t3=t2+(0, 4)) -> (648, 131, 3046, t4=t3+(1, 9))	3	295
(3763, 167, 3423, t1) & (2282, 188, 1060, t2=t1+(0, 12)) & (2282, 36, 3763, t3=t2+(0, 7)) -> (3423, 167, 2282, t4=t3+(1, 5))	3	296
(1758, 2, 764, t1) & (2660, 107, 777, t2=t1+(0, 5)) & (1758, 5, 777, t3=t2+(0, 7)) -> (2660, 5, 764, t4=t3+(1, 4))	3	297
(843, 129, 2574, t1) & (1097, 196, 2382, t2=t1+(0, 4)) & (843, 72, 2382, t3=t2+(0, 6)) -> (843, 72, 2382, t4=t3+(1, 4))	3	298
(2738, 82, 1491, t1) & (1886, 37, 3076, t2=t1+(0, 4)) & (3076, 102, 1491, t3=t2+(0, 6)) -> (2738, 102, 1491, t4=t3+(1, 4))	3	299
(446, 169, 3591, t1) & (1710, 96, 1371, t2=t1+(0, 3)) & (1710, 3, 446, t3=t2+(0, 4)) -> (3591, 169, 3591, t4=t3+(1, 5))	3	300
(28, 145, 2604, t1) & (432, 10, 3013, t2=t1+(0, 7)) & (432, 32, 2604, t3=t2+(0, 5)) -> (28, 145, 2604, t4=t3+(1, 4))	3	301
(1908, 62, 1937, t1) & (737, 195, 2369, t2=t1+(0, 9)) & (737, 193, 1937, t3=t2+(0, 5)) -> (2369, 195, 1908, t4=t3+(1, 7))	3	302
(3090, 126, 294, t1) & (3147, 178, 4678, t2=t1+(0, 4)) & (3147, 84, 3090, t3=t2+(0, 4)) -> (294, 84, 3090, t4=t3+(1, 2))	3	303
(365, 184, 1208, t1) & (3896, 195, 1372, t2=t1+(0, 10)) & (3896, 2, 365, t3=t2+(0, 5)) -> (1372, 184, 3896, t4=t3+(1, 8))	3	304
(2005, 171, 1284, t1) & (1913, 97, 2919, t2=t1+(0, 1)) & (2919, 20, 1284, t3=t2+(0, 10)) -> (1913, 171, 1284, t4=t3+(1, 7))	3	305
(1580, 30, 3130, t1) & (2806, 89, 2754, t2=t1+(0, 6)) & (3130, 183, 2754, t3=t2+(0, 2)) -> (2754, 183, 2806, t4=t3+(1, 7))	3	306
(2549, 109, 2366, t1) & (4052, 166, 4279, t2=t1+(0, 6)) & (4279, 103, 2549, t3=t2+(0, 5)) -> (2549, 166, 2549, t4=t3+(1, 3))	3	307
(1559, 12, 3449, t1) & (336, 164, 3746, t2=t1+(0, 6)) & (1559, 21, 3746, t3=t2+(0, 7)) -> (3746, 164, 3746, t4=t3+(1, 7))	3	308
(2636, 41, 1975, t1) & (1877, 0, 4461, t2=t1+(0, 6)) & (4461, 66, 2636, t3=t2+(0, 5)) -> (4461, 66, 1877, t4=t3+(1, 4))	3	309
(3872, 56, 708, t1) & (485, 85, 1958, t2=t1+(0, 5)) & (1958, 146, 3872, t3=t2+(0, 5)) -> (3872, 146, 1958, t4=t3+(1, 2))	3	310
(4587, 34, 4068, t1) & (1989, 197, 3373, t2=t1+(0, 10)) & (1989, 15, 4587, t3=t2+(0, 10)) -> (4068, 197, 3373, t4=t3+(1, 4))	3	311
(2190, 125, 923, t1) & (3416, 140, 1654, t2=t1+(0, 8)) & (923, 38, 1654, t3=t2+(0, 1)) -> (923, 38, 1654, t4=t3+(1, 7))	3	312
(4649, 33, 2675, t1) & (511, 115, 4312, t2=t1+(0, 6)) & (4649, 132, 511, t3=t2+(0, 7)) -> (511, 115, 4649, t4=t3+(1, 2))	3	313
(4898, 60, 802, t1) & (4030, 67, 3689, t2=t1+(0, 4)) & (4898, 37, 3689, t3=t2+(0, 2)) -> (4898, 37, 4030, t4=t3+(1, 3))	3	314
(1807, 145, 3917, t1) & (1290, 188, 1124, t2=t1+(0, 6)) & (1124, 0, 1807, t3=t2+(0, 6)) -> (1807, 0, 1290, t4=t3+(1, 6))	3	315
(1252, 160, 4095, t1) & (4853, 90, 2340, t2=t1+(0, 3)) & (2340, 110, 4095, t3=t2+(0, 2)) -> (4853, 110, 4853, t4=t3+(1, 9))	3	316
(2422, 69, 4883, t1) & (557, 66, 3020, t2=t1+(0, 4)) & (557, 125, 4883, t3=t2+(0, 7)) -> (557, 125, 3020, t4=t3+(1, 5))	3	317
(2252, 144, 220, t1) & (4830, 55, 1989, t2=t1+(0, 3)) & (2252, 134, 4830, t3=t2+(0, 7)) -> (220, 55, 4830, t4=t3+(1, 5))	3	318
(3608, 36, 4109, t1) & (4165, 78, 1142, t2=t1+(0, 7)) & (4109, 38, 1142, t3=t2+(0, 3)) -> (3608, 38, 3608, t4=t3+(1, 7))	3	319
(1842, 93, 3493, t1) & (2871, 62, 4115, t2=t1+(0, 4)) & (3493, 80, 2871, t3=t2+(0, 4)) -> (4115, 62, 1842, t4=t3+(1, 6))	3	320
(4697, 10, 1878, t1) & (4510, 29, 145, t2=t1+(0, 1)) & (1878, 49, 4510, t3=t2+(0, 11)) -> (4510, 49, 4510, t4=t3+(1, 8))	3	321
(3909, 180, 2895, t1) & (3162, 16, 1812, t2=t1+(0, 2)) & (2895, 142, 1812, t3=t2+(0, 4)) -> (3162, 142, 2895, t4=t3+(1, 5))	3	322
(3705, 127, 590, t1) & (1270, 14, 671, t2=t1+(0, 8)) & (3705, 32, 1270, t3=t2+(0, 1)) -> (3705, 14, 1270, t4=t3+(1, 2))	3	323
(409, 40, 1743, t1) & (4179, 141, 4900, t2=t1+(0, 0)) & (1743, 66, 4179, t3=t2+(0, 3)) -> (4179, 141, 4900, t4=t3+(1, 5))	3	324
(3184, 75, 430, t1) & (2480, 166, 2200, t2=t1+(0, 3)) & (3184, 122, 2200, t3=t2+(0, 9)) -> (3184, 75, 2200, t4=t3+(1, 5))	3	325
(1662, 170, 2737, t1) & (1748, 79, 226, t2=t1+(0, 8)) & (1662, 133, 1748, t3=t2+(0, 6)) -> (1662, 79, 1748, t4=t3+(1, 10))	3	326
(3210, 141, 2067, t1) & (4441, 154, 3859, t2=t1+(0, 3)) & (3210, 75, 4441, t3=t2+(0, 7)) -> (3210, 141, 4441, t4=t3+(1, 6))	3	327
(1086, 194, 3856, t1) & (4729, 154, 3968, t2=t1+(0, 3)) & (4729, 168, 1086, t3=t2+(0, 2)) -> (3856, 154, 4729, t4=t3+(1, 10))	3	328
(4331, 155, 4112, t1) & (3072, 53, 3998, t2=t1+(0, 6)) & (4331, 7, 3072, t3=t2+(0, 5)) -> (4331, 53, 4331, t4=t3+(1, 7))	3	329
(694, 35, 2351, t1) & (866, 150, 330, t2=t1+(0, 2)) & (330, 124, 694, t3=t2+(0, 10)) -> (2351, 35, 694, t4=t3+(1, 1))	3	330
(1846, 71, 2340, t1) & (3844, 47, 2546, t2=t1+(0, 7)) & (3844, 18, 2340, t3=t2+(0, 1)) -> (1846, 71, 2340, t4=t3+(1, 9))	3	331
(2623, 59, 1941, t1) & (2732, 111, 4889, t2=t1+(0, 8)) & (2732, 72, 1941, t3=t2+(0, 11)) -> (1941, 59, 4889, t4=t3+(1, 6))	3	332
(4348, 199, 687, t1) & (4206, 10, 4414, t2=t1+(0, 6)) & (687, 176, 4206, t3=t2+(0, 2)) -> (4348, 10, 4414, t4=t3+(1, 8))	3	333
(3963, 164, 821, t1) & (2659, 42, 211, t2=t1+(0, 8)) & (821, 198, 211, t3=t2+(0, 4)) -> (821, 42, 211, t4=t3+(1, 5))	3	334
(2926, 96, 37, t1) & (4435, 137, 3469, t2=t1+(0, 3)) & (3469, 52, 37, t3=t2+(0, 6)) -> (2926, 52, 37, t4=t3+(1, 6))	3	335
(1841, 36, 4684, t1) & (1769, 175, 999, t2=t1+(0, 4)) & (999, 141, 1841, t3=t2+(0, 6)) -> (999, 175, 1841, t4=t3+(1, 8))	3	336
(4368, 16, 4201, t1) & (414, 54, 1641, t2=t1+(0, 9)) & (4201, 145, 1641, t3=t2+(0, 4)) -> (1641, 145, 1641, t4=t3+(1, 4))	3	337
(2258, 132, 1899, t1) & (1643, 186, 4036, t2=t1+(0, 3)) & (1899, 84, 1643, t3=t2+(0, 7)) -> (1643, 132, 2258, t4=t3+(1, 5))	3	338
(393, 24, 3534, t1) & (939, 125, 1261, t2=t1+(0, 5)) & (393, 20, 1261, t3=t2+(0, 5)) -> (1261, 125, 3534, t4=t3+(1, 3))	3	339
(2906, 60, 1078, t1) & (189, 25, 4216, t2=t1+(0, 6)) & (4216, 145, 2906, t3=t2+(0, 4)) -> (4216, 25, 2906, t4=t3+(1, 10))	3	340
(1457, 19, 1395, t1) & (3989, 139, 3988, t2=t1+(0, 1)) & (1395, 146, 3989, t3=t2+(0, 9)) -> (1395, 19, 3989, t4=t3+(1, 7))	3	341
(141, 197, 1557, t1) & (4739, 100, 1039, t2=t1+(0, 1)) & (1557, 52, 4739, t3=t2+(0, 7)) -> (1557, 197, 141, t4=t3+(1, 3))	3	342
(4587, 16, 3026, t1) & (4823, 191, 1890, t2=t1+(0, 10)) & (3026, 73, 4823, t3=t2+(0, 3)) -> (3026, 73, 3026, t4=t3+(1, 5))	3	343
(363, 156, 4713, t1) & (2700, 34, 4011, t2=t1+(0, 9)) & (2700, 0, 363, t3=t2+(0, 7)) -> (4713, 0, 4011, t4=t3+(1, 6))	3	344
(4148, 169, 3239, t1) & (3217, 147, 64, t2=t1+(0, 2)) & (64, 40, 3239, t3=t2+(0, 2)) -> (3239, 169, 64, t4=t3+(1, 9))	3	345
(3671, 119, 3963, t1) & (4727, 162, 779, t2=t1+(0, 4)) & (779, 190, 3963, t3=t2+(0, 3)) -> (4727, 119, 779, t4=t3+(1, 2))	3	346
(3362, 107, 4181, t1) & (4529, 48, 674, t2=t1+(0, 6)) & (4529, 71, 3362, t3=t2+(0, 13)) -> (674, 48, 4529, t4=t3+(1, 3))	3	347
(986, 121, 4540, t1) & (2923, 174, 4119, t2=t1+(0, 8)) & (2923, 133, 4540, t3=t2+(0, 4)) -> (4119, 121, 2923, t4=t3+(1, 8))	3	348
(304, 108, 2178, t1) & (4698, 108, 2812, t2=t1+(0, 4)) & (2812, 188, 304, t3=t2+(0, 2)) -> (304, 108, 304, t4=t3+(1, 2))	3	349
(447, 172, 3514, t1) & (4096, 68, 2216, t2=t1+(0, 8)) & (3514, 12, 4096, t3=t2+(0, 3)) -> (4096, 12, 3514, t4=t3+(1, 4))	3	350
(4622, 180, 4109, t1) & (364, 31, 2579, t2=t1+(0, 6)) & (4109, 83, 364, t3=t2+(0, 3)) -> (4109, 180, 4109, t4=t3+(1, 5))	3	351
(871, 92, 1457, t1) & (1463, 137, 1144, t2=t1+(0, 2)) & (1144, 192, 1457, t3=t2+(0, 2)) -> (1457, 137, 1144, t4=t3+(1, 4))	3	352
(1092, 133, 2847, t1) & (4980, 142, 2678, t2=t1+(0, 3)) & (2678, 47, 1092, t3=t2+(0, 6)) -> (1092, 142, 2678, t4=t3+(1, 5))	3	353
(1330, 182, 3907, t1) & (3441, 180, 813, t2=t1+(0, 3)) & (3441, 165, 3907, t3=t2+(0, 9)) -> (3907, 182, 3441, t4=t3+(1, 3))	3	354
(1775, 193, 3742, t1) & (1613, 22, 2548, t2=t1+(0, 6)) & (1775, 172, 1613, t3=t2+(0, 6)) -> (3742, 172, 1775, t4=t3+(1, 3))	3	355
(18, 136, 4771, t1) & (1144, 186, 984, t2=t1+(0, 3)) & (984, 157, 4771, t3=t2+(0, 0)) -> (4771, 136, 18, t4=t3+(1, 5))	3	356
(4395, 156, 869, t1) & (1123, 66, 2634, t2=t1+(0, 4)) & (869, 49, 2634, t3=t2+(0, 8)) -> (2634, 66, 1123, t4=t3+(1, 6))	3	357
(2769, 147, 662, t1) & (2842, 109, 2582, t2=t1+(0, 9)) & (2769, 161, 2842, t3=t2+(0, 8)) -> (2769, 147, 2842, t4=t3+(1, 6))	3	358
(55, 161, 3261, t1) & (534, 163, 2018, t2=t1+(0, 4)) & (2018, 92, 55, t3=t2+(0, 9)) -> (2018, 163, 2018, t4=t3+(1, 1))	3	359
(1300, 4, 2292, t1) & (1071, 97, 3550, t2=t1+(0, 5)) & (1071, 131, 1300, t3=t2+(0, 4)) -> (1300, 97, 3550, t4=t3+(1, 7))	3	360
(4885, 18, 1234, t1) & (3984, 22, 1370, t2=t1+(0, 5)) & (1370, 105, 1234, t3=t2+(0, 4)) -> (4885, 105, 1234, t4=t3+(1, 3))	3	361
(151, 168, 2014, t1) & (4069, 133, 3349, t2=t1+(0, 6)) & (3349, 102, 151, t3=t2+(0, 6)) -> (151, 168, 3349, t4=t3+(1, 7))	3	362
(314, 155, 4033, t1) & (681, 125, 4889, t2=t1+(0, 5)) & (314, 13, 681, t3=t2+(0, 2)) -> (314, 155, 681, t4=t3+(1, 7))	3	363
(611, 118, 3843, t1) & (3613, 195, 3067, t2=t1+(0, 2)) & (3067, 160, 3843, t3=t2+(0, 3)) -> (3613, 118, 3067, t4=t3+(1, 1))	3	364
(3007, 182, 2012, t1) & (4886, 129, 4270, t2=t1+(0, 10)) & (4270, 136, 2012, t3=t2+(0, 4)) -> (2012, 182, 4270, t4=t3+(1, 9))	3	365
(667, 39, 2027, t1) & (2777, 192, 717, t2=t1+(0, 5)) & (2027, 83, 2777, t3=t2+(0, 5)) -> (2027, 83, 2777, t4=t3+(1, 3))	3	366
(1837, 19, 4722, t1) & (4427, 58, 2691, t2=t1+(0, 6)) & (4722, 67, 4427, t3=t2+(0, 7)) -> (4722, 67, 4722, t4=t3+(1, 7))	3	367
(2405, 181, 3884, t1) & (170, 107, 2806, t2=t1+(0, 9)) & (2405, 53, 2806, t3=t2+(0, 6)) -> (2806, 107, 2405, t4=t3+(1, 9))	3	368
(1407, 86, 238, t1) & (2280, 171, 991, t2=t1+(0, 4)) & (2280, 17, 238, t3=t2+(0, 10)) -> (238, 171, 2280, t4=t3+(1, 4))	3	369
(1284, 161, 2466, t1) & (3614, 59, 1784, t2=t1+(0, 5)) & (1284, 158, 3614, t3=t2+(0, 7)) -> (1284, 59, 2466, t4=t3+(1, 6))	3	370
(4413, 153, 858, t1) & (97, 128, 3296, t2=t1+(0, 6)) & (858, 171, 3296, t3=t2+(0, 3)) -> (4413, 171, 3296, t4=t3+(1, 3))	3	371
(147, 91, 784, t1) & (3263, 143, 1491, t2=t1+(0, 3)) & (784, 173, 3263, t3=t2+(0, 2)) -> (784, 173, 784, t4=t3+(1, 6))	3	372
(1122, 178, 688, t1) & (3475, 2, 727, t2=t1+(0, 2)) & (1122, 30, 727, t3=t2+(0, 5)) -> (1122, 2, 727, t4=t3+(1, 4))	3	373
(2898, 143, 702, t1) & (1831, 33, 4976, t2=t1+(0, 5)) & (2898, 43, 4976, t3=t2+(0, 4)) -> (2898, 43, 2898, t4=t3+(1, 6))	3	374
(1257, 58, 724, t1) & (1984, 32, 1126, t2=t1+(0, 7)) & (1126, 136, 724, t3=t2+(0, 7)) -> (1126, 32, 724, t4=t3+(1, 2))	3	375
(1087, 162, 2010, t1) & (4345, 10, 3434, t2=t1+(0, 7)) & (3434, 166, 2010, t3=t2+(0, 5)) -> (2010, 166, 4345, t4=t3+(1, 5))	3	376
(2697, 15, 2964, t1) & (4210, 37, 2643, t2=t1+(0, 3)) & (2643, 3, 2697, t3=t2+(0, 10)) -> (2964, 37, 2697, t4=t3+(1, 3))	3	377
(525, 129, 1237, t1) & (2499, 106, 2786, t2=t1+(0, 5)) & (2786, 18, 525, t3=t2+(0, 3)) -> (2786, 18, 2786, t4=t3+(1, 2))	3	378
(1819, 142, 2074, t1) & (4090, 154, 1077, t2=t1+(0, 4)) & (1819, 149, 4090, t3=t2+(0, 4)) -> (4090, 149, 1819, t4=t3+(1, 3))	3	379
(3934, 42, 4580, t1) & (3858, 92, 4855, t2=t1+(0, 3)) & (3934, 153, 3858, t3=t2+(0, 3)) -> (4855, 153, 4855, t4=t3+(1, 6))	3	380
(1081, 151, 2948, t1) & (1416, 71, 1853, t2=t1+(0, 6)) & (1853, 172, 2948, t3=t2+(0, 3)) -> (1853, 172, 1081, t4=t3+(1, 3))	3	381
(4469, 171, 694, t1) & (3367, 21, 1459, t2=t1+(0, 3)) & (694, 60, 3367, t3=t2+(0, 2)) -> (1459, 171, 1459, t4=t3+(1, 6))	3	382
(2798, 34, 2580, t1) & (2845, 3, 2773, t2=t1+(0, 5)) & (2845, 24, 2798, t3=t2+(0, 4)) -> (2773, 24, 2798, t4=t3+(1, 6))	3	383
(203, 30, 2974, t1) & (2271, 169, 3341, t2=t1+(0, 7)) & (3341, 110, 203, t3=t2+(0, 3)) -> (203, 169, 2974, t4=t3+(1, 6))	3	384
(86, 167, 2715, t1) & (4073, 138, 1970, t2=t1+(0, 2)) & (4073, 85, 2715, t3=t2+(0, 7)) -> (4073, 85, 1970, t4=t3+(1, 3))	3	385
(3989, 0, 227, t1) & (4306, 143, 1277, t2=t1+(0, 5)) & (1277, 122, 227, t3=t2+(0, 3)) -> (1277, 0, 1277, t4=t3+(1, 5))	3	386
(264, 98, 1548, t1) & (2249, 95, 4578, t2=t1+(0, 3)) & (1548, 156, 4578, t3=t2+(0, 5)) -> (2249, 95, 264, t4=t3+(1, 4))	3	387
(2700, 125, 2143, t1) & (4109, 92, 781, t2=t1+(0, 4)) & (2700, 139, 781, t3=t2+(0, 4)) -> (2143, 92, 2700, t4=t3+(1, 4))	3	388
(3330, 198, 893, t1) & (190, 185, 4894, t2=t1+(0, 4)) & (4894, 135, 893, t3=t2+(0, 8)) -> (893, 135, 3330, t4=t3+(1, 5))	3	389
(2694, 1, 4558, t1) & (337, 30, 3646, t2=t1+(0, 4)) & (337, 181, 4558, t3=t2+(0, 5)) -> (2694, 1, 3646, t4=t3+(1, 6))	3	390
(4555, 132, 1032, t1) & (2527, 24, 2473, t2=t1+(0, 2)) & (2473, 104, 4555, t3=t2+(0, 6)) -> (1032, 104, 4555, t4=t3+(1, 5))	3	391
(2548, 99, 4161, t1) & (1, 66, 1643, t2=t1+(0, 3)) & (1643, 31, 4161, t3=t2+(0, 4)) -> (4161, 31, 4161, t4=t3+(1, 11))	3	392
(1417, 165, 686, t1) & (2673, 151, 4727, t2=t1+(0, 4)) & (4727, 64, 1417, t3=t2+(0, 6)) -> (1417, 64, 1417, t4=t3+(1, 8))	3	393
(2727, 149, 464, t1) & (2717, 181, 4018, t2=t1+(0, 9)) & (464, 26, 2717, t3=t2+(0, 1)) -> (2727, 26, 464, t4=t3+(1, 8))	3	394
(3682, 144, 3905, t1) & (785, 123, 3621, t2=t1+(0, 3)) & (785, 110, 3905, t3=t2+(0, 3)) -> (3621, 144, 785, t4=t3+(1, 6))	3	395
(3143, 179, 2228, t1) & (2905, 153, 1464, t2=t1+(0, 8)) & (1464, 57, 2228, t3=t2+(0, 3)) -> (2228, 57, 2228, t4=t3+(1, 3))	3	396
(1906, 161, 1797, t1) & (2634, 163, 174, t2=t1+(0, 6)) & (1906, 9, 2634, t3=t2+(0, 5)) -> (174, 163, 2634, t4=t3+(1, 6))	3	397
(1393, 178, 3124, t1) & (3857, 187, 4943, t2=t1+(0, 2)) & (4943, 33, 3124, t3=t2+(0, 6)) -> (3857, 178, 4943, t4=t3+(1, 7))	3	398
(2932, 49, 3480, t1) & (4939, 44, 407, t2=t1+(0, 8)) & (407, 24, 2932, t3=t2+(0, 3)) -> (2932, 24, 407, t4=t3+(1, 8))	3	399
(4695, 190, 563, t1) & (563, 153, 4695, t2=t1+(0, 4)) -> (563, 190, 563, t3=t2+(1, 4))	2	400
(2263, 66, 60, t1) & (2263, 45, 1447, t2=t1+(0, 1)) -> (1447, 66, 2263, t3=t2+(1, 6))	2	401
(692, 81, 3286, t1) & (3286, 48, 887, t2=t1+(0, 7)) -> (3286, 48, 692, t3=t2+(1, 5))	2	402
(4775, 6, 1513, t1) & (4775, 172, 4775, t2=t1+(0, 5)) -> (4775, 172, 4775, t3=t2+(1, 3))	2	403
(3878, 170, 3484, t1) & (3878, 106, 3484, t2=t1+(0, 3)) -> (3484, 106, 3878, t3=t2+(1, 8))	2	404
(4501, 1, 1728, t1) & (4501, 27, 2024, t2=t1+(0, 4)) -> (2024, 27, 2024, t3=t2+(1, 2))	2	405
(1831, 3, 2786, t1) & (4845, 97, 1831, t2=t1+(0, 0)) -> (1831, 3, 1831, t3=t2+(1, 6))	2	406
(3369, 186, 1778, t1) & (1778, 164, 1465, t2=t1+(0, 8)) -> (1778, 164, 1778, t3=t2+(1, 3))	2	407
(9, 71, 159, t1) & (4147, 179, 159, t2=t1+(0, 5)) -> (4147, 71, 9, t3=t2+(1, 6))	2	408
(1391, 125, 2820, t1) & (696, 92, 2820, t2=t1+(0, 6)) -> (2820, 92, 2820, t3=t2+(1, 8))	2	409
(627, 85, 4181, t1) & (627, 89, 4181, t2=t1+(0, 3)) -> (627, 85, 627, t3=t2+(1, 7))	2	410
(276, 75, 1629, t1) & (276, 18, 1629, t2=t1+(0, 7)) -> (276, 18, 276, t3=t2+(1, 4))	2	411
(1136, 118, 2093, t1) & (1136, 167, 4593, t2=t1+(0, 2)) -> (2093, 118, 1136, t3=t2+(1, 3))	2	412
(421, 3, 4448, t1) & (421, 2, 3758, t2=t1+(0, 4)) -> (421, 3, 4448, t3=t2+(1, 7))	2	413
(3756, 115, 4262, t1) & (4262, 87, 4262, t2=t1+(0, 4)) -> (3756, 87, 3756, t3=t2+(1, 4))	2	414
(4235, 123, 3412, t1) & (4235, 111, 1268, t2=t1+(0, 9)) -> (3412, 123, 3412, t3=t2+(1, 9))	2	415
(1740, 35, 4110, t1) & (4110, 26, 1691, t2=t1+(0, 2)) -> (1740, 35, 1740, t3=t2+(1, 3))	2	416
(1510, 175, 822, t1) & (822, 39, 822, t2=t1+(0, 4)) -> (822, 175, 822, t3=t2+(1, 8))	2	417
(991, 82, 2511, t1) & (991, 76, 2328, t2=t1+(0, 5)) -> (2328, 76, 2328, t3=t2+(1, 2))	2	418
(2276, 31, 1019, t1) & (1835, 105, 2276, t2=t1+(0, 3)) -> (1019, 31, 1019, t3=t2+(1, 6))	2	419
(1624, 172, 3502, t1) & (3697, 5, 1624, t2=t1+(0, 9)) -> (3697, 172, 3502, t3=t2+(1, 1))	2	420
(2847, 87, 3128, t1) & (3046, 148, 2847, t2=t1+(0, 7)) -> (2847, 148, 3046, t3=t2+(1, 3))	2	421
(1310, 28, 2284, t1) & (1310, 94, 1310, t2=t1+(0, 6)) -> (1310, 28, 1310, t3=t2+(1, 7))	2	422
(59, 125, 459, t1) & (59, 172, 459, t2=t1+(0, 2)) -> (59, 125, 59, t3=t2+(1, 5))	2	423
(2548, 20, 158, t1) & (158, 159, 823, t2=t1+(0, 7)) -> (158, 159, 158, t3=t2+(1, 8))	2	424
(1942, 19, 1662, t1) & (1942, 161, 4325, t2=t1+(0, 3)) -> (4325, 19, 1662, t3=t2+(1, 5))	2	425
(4843, 186, 4986, t1) & (4659, 105, 4843, t2=t1+(0, 6)) -> (4986, 186, 4843, t3=t2+(1, 8))	2	426
(1919, 93, 2555, t1) & (1919, 185, 1919, t2=t1+(0, 7)) -> (1919, 93, 1919, t3=t2+(1, 6))	2	427
(2815, 140, 1258, t1) & (1258, 163, 2815, t2=t1+(0, 4)) -> (1258, 140, 2815, t3=t2+(1, 1))	2	428
(2242, 51, 4471, t1) & (2242, 174, 2242, t2=t1+(0, 4)) -> (2242, 174, 4471, t3=t2+(1, 1))	2	429
(1887, 124, 1971, t1) & (1887, 5, 4114, t2=t1+(0, 8)) -> (1887, 5, 1971, t3=t2+(1, 12))	2	430
(4744, 44, 46, t1) & (970, 150, 46, t2=t1+(0, 8)) -> (4744, 44, 46, t3=t2+(1, 4))	2	431
(1550, 15, 3085, t1) & (3085, 141, 3085, t2=t1+(0, 9)) -> (3085, 15, 3085, t3=t2+(1, 5))	2	432
(1637, 142, 3325, t1) & (3325, 179, 1865, t2=t1+(0, 7)) -> (3325, 179, 3325, t3=t2+(1, 3))	2	433
(593, 41, 685, t1) & (685, 79, 3293, t2=t1+(0, 4)) -> (593, 41, 593, t3=t2+(1, 6))	2	434
(32, 129, 3489, t1) & (3489, 29, 2112, t2=t1+(0, 5)) -> (2112, 29, 2112, t3=t2+(1, 8))	2	435
(2266, 100, 4299, t1) & (4299, 0, 2925, t2=t1+(0, 5)) -> (4299, 0, 4299, t3=t2+(1, 6))	2	436
(4927, 47, 1941, t1) & (4927, 91, 3290, t2=t1+(0, 3)) -> (3290, 91, 3290, t3=t2+(1, 6))	2	437
(1206, 63, 91, t1) & (1206, 93, 1206, t2=t1+(0, 1)) -> (91, 93, 1206, t3=t2+(1, 3))	2	438
(2794, 57, 3457, t1) & (3457, 176, 2251, t2=t1+(0, 4)) -> (3457, 57, 3457, t3=t2+(1, 4))	2	439
(4799, 115, 1642, t1) & (4541, 194, 4799, t2=t1+(0, 9)) -> (1642, 115, 4541, t3=t2+(1, 5))	2	440
(2932, 109, 2525, t1) & (2525, 112, 2932, t2=t1+(0, 5)) -> (2932, 112, 2932, t3=t2+(1, 7))	2	441
(1797, 120, 2415, t1) & (2415, 155, 1797, t2=t1+(0, 5)) -> (1797, 120, 1797, t3=t2+(1, 3))	2	442
(4620, 59, 2687, t1) & (62, 166, 4620, t2=t1+(0, 4)) -> (4620, 166, 4620, t3=t2+(1, 1))	2	443
(2823, 4, 2394, t1) & (2823, 1, 4906, t2=t1+(0, 6)) -> (2823, 4, 2823, t3=t2+(1, 3))	2	444
(2327, 168, 4813, t1) & (4813, 65, 3475, t2=t1+(0, 6)) -> (3475, 65, 4813, t3=t2+(1, 4))	2	445
(1151, 69, 4204, t1) & (1151, 82, 4204, t2=t1+(0, 3)) -> (4204, 69, 1151, t3=t2+(1, 5))	2	446
(1949, 160, 869, t1) & (3992, 148, 869, t2=t1+(0, 5)) -> (3992, 148, 869, t3=t2+(1, 4))	2	447
(1177, 99, 3368, t1) & (1177, 44, 1177, t2=t1+(0, 5)) -> (1177, 44, 1177, t3=t2+(1, 6))	2	448
(3755, 51, 4357, t1) & (600, 198, 3755, t2=t1+(0, 8)) -> (4357, 51, 600, t3=t2+(1, 5))	2	449
(938, 29, 388, t1) & (938, 33, 467, t2=t1+(0, 5)) -> (938, 33, 938, t3=t2+(1, 8))	2	450
(2587, 16, 2015, t1) & (2587, 66, 3595, t2=t1+(0, 5)) -> (3595, 16, 3595, t3=t2+(1, 4))	2	451
(4249, 182, 471, t1) & (4249, 23, 4249, t2=t1+(0, 3)) -> (4249, 182, 4249, t3=t2+(1, 1))	2	452
(807, 115, 1821, t1) & (4317, 45, 1821, t2=t1+(0, 5)) -> (4317, 45, 1821, t3=t2+(1, 6))	2	453
(3239, 22, 1604, t1) & (1604, 95, 3239, t2=t1+(0, 4)) -> (3239, 95, 3239, t3=t2+(1, 4))	2	454
(4543, 14, 1269, t1) & (4975, 150, 4543, t2=t1+(0, 7)) -> (1269, 150, 4543, t3=t2+(1, 5))	2	455
(4529, 130, 2933, t1) & (2933, 67, 4529, t2=t1+(0, 5)) -> (4529, 130, 2933, t3=t2+(1, 4))	2	456
(1494, 197, 1809, t1) & (1494, 143, 4914, t2=t1+(0, 4)) -> (4914, 143, 4914, t3=t2+(1, 6))	2	457
(4360, 126, 4443, t1) & (4443, 61, 4360, t2=t1+(0, 1)) -> (4360, 61, 4360, t3=t2+(1, 6))	2	458
(4947, 60, 553, t1) & (4947, 190, 4947, t2=t1+(0, 4)) -> (4947, 190, 4947, t3=t2+(1, 5))	2	459
(1772, 182, 1809, t1) & (1772, 13, 93, t2=t1+(0, 3)) -> (1772, 182, 1772, t3=t2+(1, 1))	2	460
(3536, 43, 2988, t1) & (2988, 74, 3536, t2=t1+(0, 1)) -> (3536, 43, 3536, t3=t2+(1, 5))	2	461
(2219, 71, 27, t1) & (2889, 156, 2219, t2=t1+(0, 2)) -> (2219, 156, 2219, t3=t2+(1, 7))	2	462
(363, 29, 891, t1) & (363, 26, 363, t2=t1+(0, 1)) -> (363, 29, 363, t3=t2+(1, 4))	2	463
(3304, 91, 879, t1) & (879, 42, 1141, t2=t1+(0, 5)) -> (879, 42, 879, t3=t2+(1, 6))	2	464
(2917, 118, 2527, t1) & (1694, 121, 2527, t2=t1+(0, 8)) -> (1694, 118, 1694, t3=t2+(1, 6))	2	465
(2369, 145, 2499, t1) & (4653, 3, 2499, t2=t1+(0, 1)) -> (2369, 3, 2499, t3=t2+(1, 1))	2	466
(4270, 156, 1385, t1) & (1385, 177, 4270, t2=t1+(0, 5)) -> (1385, 156, 4270, t3=t2+(1, 4))	2	467
(294, 29, 3653, t1) & (3056, 93, 3653, t2=t1+(0, 9)) -> (294, 29, 3056, t3=t2+(1, 3))	2	468
(2362, 11, 2147, t1) & (1606, 156, 2147, t2=t1+(0, 3)) -> (2147, 156, 2147, t3=t2+(1, 6))	2	469
(4265, 48, 1824, t1) & (1824, 154, 3876, t2=t1+(0, 8)) -> (1824, 154, 3876, t3=t2+(1, 6))	2	470
(2823, 8, 3981, t1) & (2823, 75, 3981, t2=t1+(0, 1)) -> (2823, 75, 2823, t3=t2+(1, 9))	2	471
(2104, 20, 2185, t1) & (2104, 60, 2185, t2=t1+(0, 5)) -> (2104, 60, 2185, t3=t2+(1, 5))	2	472
(4224, 198, 1470, t1) & (1944, 101, 4224, t2=t1+(0, 7)) -> (1944, 198, 4224, t3=t2+(1, 5))	2	473
(1791, 115, 1911, t1) & (1911, 19, 1189, t2=t1+(0, 7)) -> (1911, 19, 1911, t3=t2+(1, 5))	2	474
(2928, 6, 1536, t1) & (2928, 103, 2928, t2=t1+(0, 6)) -> (1536, 103, 2928, t3=t2+(1, 4))	2	475
(3225, 19, 4179, t1) & (4179, 189, 3225, t2=t1+(0, 4)) -> (4179, 19, 3225, t3=t2+(1, 6))	2	476
(4951, 84, 1157, t1) & (1157, 198, 1157, t2=t1+(0, 2)) -> (1157, 198, 1157, t3=t2+(1, 7))	2	477
(4990, 87, 517, t1) & (3825, 12, 4990, t2=t1+(0, 6)) -> (517, 12, 4990, t3=t2+(1, 3))	2	478
(3189, 157, 2048, t1) & (2048, 115, 353, t2=t1+(0, 7)) -> (2048, 157, 353, t3=t2+(1, 5))	2	479
(4460, 95, 3217, t1) & (4460, 186, 581, t2=t1+(0, 3)) -> (581, 186, 581, t3=t2+(1, 2))	2	480
(1518, 199, 2957, t1) & (2957, 58, 1518, t2=t1+(0, 3)) -> (1518, 58, 2957, t3=t2+(1, 4))	2	481
(2240, 152, 441, t1) & (441, 35, 1455, t2=t1+(0, 3)) -> (2240, 35, 441, t3=t2+(1, 10))	2	482
(2793, 129, 4552, t1) & (929, 136, 4552, t2=t1+(0, 7)) -> (4552, 129, 4552, t3=t2+(1, 6))	2	483
(3550, 137, 4317, t1) & (3530, 48, 3550, t2=t1+(0, 7)) -> (3530, 48, 4317, t3=t2+(1, 2))	2	484
(3766, 190, 4730, t1) & (1324, 84, 3766, t2=t1+(0, 4)) -> (4730, 190, 1324, t3=t2+(1, 3))	2	485
(4061, 138, 4059, t1) & (2262, 2, 4059, t2=t1+(0, 6)) -> (2262, 138, 4059, t3=t2+(1, 3))	2	486
(2916, 38, 3460, t1) & (2916, 152, 2916, t2=t1+(0, 10)) -> (2916, 152, 2916, t3=t2+(1, 4))	2	487
(4844, 182, 3835, t1) & (3371, 117, 3835, t2=t1+(0, 2)) -> (3371, 117, 3835, t3=t2+(1, 6))	2	488
(168, 64, 4117, t1) & (4117, 74, 2871, t2=t1+(0, 3)) -> (2871, 64, 4117, t3=t2+(1, 2))	2	489
(3786, 114, 2573, t1) & (3786, 105, 3786, t2=t1+(0, 5)) -> (2573, 105, 2573, t3=t2+(1, 8))	2	490
(857, 85, 1313, t1) & (1313, 161, 4810, t2=t1+(0, 3)) -> (1313, 161, 1313, t3=t2+(1, 5))	2	491
(1647, 171, 1273, t1) & (2000, 176, 1273, t2=t1+(0, 4)) -> (1647, 171, 1273, t3=t2+(1, 2))	2	492
(3307, 95, 559, t1) & (3307, 176, 3759, t2=t1+(0, 12)) -> (3307, 95, 559, t3=t2+(1, 8))	2	493
(2496, 179, 809, t1) & (4273, 184, 2496, t2=t1+(0, 4)) -> (2496, 179, 2496, t3=t2+(1, 1))	2	494
(871, 63, 890, t1) & (890, 72, 3848, t2=t1+(0, 3)) -> (871, 63, 3848, t3=t2+(1, 3))	2	495
(2365, 172, 2195, t1) & (2365, 18, 2365, t2=t1+(0, 3)) -> (2195, 172, 2365, t3=t2+(1, 7))	2	496
(1178, 11, 2920, t1) & (3239, 175, 2920, t2=t1+(0, 7)) -> (2920, 11, 1178, t3=t2+(1, 5))	2	497
(4100, 197, 2648, t1) & (4781, 189, 4100, t2=t1+(0, 7)) -> (4781, 189, 4781, t3=t2+(1, 6))	2	498
(4838, 158, 2939, t1) & (4838, 134, 2939, t2=t1+(0, 6)) -> (4838, 134, 2939, t3=t2+(1, 8))	2	499
(3044, 50, 4432, t1) -> (3044, 50, 4432, t2=t1+(1, 7))	1	500
(4574, 81, 3397, t1) -> (4574, 81, 3397, t2=t1+(1, 3))	1	501
(687, 93, 1513, t1) -> (1513, 93, 687, t2=t1+(1, 3))	1	502
(2367, 190, 2574, t1) -> (2574, 190, 2574, t2=t1+(1, 3))	1	503
(260, 13, 3970, t1) -> (260, 13, 260, t2=t1+(1, 3))	1	504
(238, 143, 917, t1) -> (917, 143, 238, t2=t1+(1, 2))	1	505
(1600, 7, 1146, t1) -> (1600, 7, 1146, t2=t1+(1, 5))	1	506
(3354, 150, 444, t1) -> (3354, 150, 3354, t2=t1+(1, 7))	1	507
(2850, 67, 4117, t1) -> (2850, 67, 4117, t2=t1+(1, 5))	1	508
(1043, 45, 445, t1) -> (445, 45, 1043, t2=t1+(1, 5))	1	509
(4300, 25, 3696, t1) -> (3696, 25, 3696, t2=t1+(1, 6))	1	510
(3, 181, 105, t1) -> (3, 181, 3, t2=t1+(1, 2))	1	511
(4011, 17, 850, t1) -> (850, 17, 4011, t2=t1+(1, 5))	1	512
(888, 13, 168, t1) -> (168, 13, 168, t2=t1+(1, 5))	1	513
(2400, 198, 4905, t1) -> (4905, 198, 4905, t2=t1+(1, 2))	1	514
(3263, 183, 4545, t1) -> (4545, 183, 4545, t2=t1+(1, 6))	1	515
(2592, 86, 196, t1) -> (2592, 86, 2592, t2=t1+(1, 9))	1	516
(3904, 84, 2542, t1) -> (2542, 84, 3904, t2=t1+(1, 7))	1	517
(3629, 18, 1538, t1) -> (1538, 18, 1538, t2=t1+(1, 5))	1	518
(1670, 106, 1642, t1) -> (1642, 106, 1642, t2=t1+(1, 3))	1	519
(2976, 193, 3762, t1) -> (3762, 193, 3762, t2=t1+(1, 3))	1	520
(1500, 194, 526, t1) -> (1500, 194, 1500, t2=t1+(1, 3))	1	521
(4062, 149, 193, t1) -> (193, 149, 4062, t2=t1+(1, 5))	1	522
(3205, 44, 4003, t1) -> (3205, 44, 3205, t2=t1+(1, 1))	1	523
(1174, 114, 1977, t1) -> (1977, 114, 1977, t2=t1+(1, 5))	1	524
