(2604, 69, 4454, t1) & (1354, 123, 4033, t2=t1+(0, 5)) & (4454, 24, 1354, t3=t2+(0, 7)) -> (1354, 69, 2604, t4=t3+(1, 4))	3	0
(898, 19, 3806, t1) & (1378, 13, 2008, t2=t1+(0, 10)) & (1378, 61, 898, t3=t2+(0, 5)) -> (898, 13, 898, t4=t3+(1, 6))	3	1
(1867, 94, 3120, t1) & (2271, 150, 345, t2=t1+(0, 7)) & (3120, 100, 2271, t3=t2+(0, 4)) -> (1867, 150, 345, t4=t3+(1, 2))	3	2
(4206, 41, 1138, t1) & (328, 146, 1423, t2=t1+(0, 13)) & (1138, 7, 328, t3=t2+(0, 2)) -> (328, 146, 328, t4=t3+(1, 8))	3	3
(3223, 39, 1451, t1) & (3727, 144, 3668, t2=t1+(0, 7)) & (3668, 163, 1451, t3=t2+(0, 5)) -> (1451, 163, 3668, t4=t3+(1, 9))	3	4
(2407, 91, 4719, t1) & (4931, 73, 2458, t2=t1+(0, 7)) & (2458, 1, 4719, t3=t2+(0, 3)) -> (2458, 91, 4719, t4=t3+(1, 4))	3	5
(4743, 101, 1559, t1) & (3970, 55, 1503, t2=t1+(0, 11)) & (4743, 55, 1503, t3=t2+(0, 3)) -> (1503, 55, 1559, t4=t3+(1, 3))	3	6
(1948, 135, 3708, t1) & (927, 79, 3351, t2=t1+(0, 1)) & (927, 23, 1948, t3=t2+(0, 3)) -> (1948, 135, 1948, t4=t3+(1, 6))	3	7
(3546, 1, 3024, t1) & (3517, 70, 2048, t2=t1+(0, 10)) & (3546, 18, 3517, t3=t2+(0, 3)) -> (3546, 18, 2048, t4=t3+(1, 6))	3	8
(2268, 193, 4056, t1) & (3944, 193, 2894, t2=t1+(0, 5)) & (2268, 134, 2894, t3=t2+(0, 3)) -> (4056, 193, 2268, t4=t3+(1, 7))	3	9
(789, 131, 1659, t1) & (3635, 181, 1371, t2=t1+(0, 2)) & (3635, 119, 789, t3=t2+(0, 4)) -> (1371, 119, 789, t4=t3+(1, 5))	3	10
(2863, 60, 2452, t1) & (585, 113, 2697, t2=t1+(0, 2)) & (2452, 90, 585, t3=t2+(0, 8)) -> (585, 90, 2697, t4=t3+(1, 6))	3	11
(3221, 10, 1055, t1) & (2288, 157, 812, t2=t1+(0, 3)) & (2288, 153, 1055, t3=t2+(0, 5)) -> (3221, 157, 1055, t4=t3+(1, 4))	3	12
(2063, 173, 4979, t1) & (4481, 121, 1205, t2=t1+(0, 7)) & (4979, 133, 4481, t3=t2+(0, 5)) -> (1205, 173, 2063, t4=t3+(1, 6))	3	13
(2253, 130, 2182, t1) & (3478, 50, 3113, t2=t1+(0, 4)) & (2253, 150, 3478, t3=t2+(0, 6)) -> (3478, 50, 3478, t4=t3+(1, 7))	3	14
(1153, 147, 650, t1) & (702, 18, 4706, t2=t1+(0, 5)) & (650, 189, 702, t3=t2+(0, 5)) -> (702, 147, 702, t4=t3+(1, 5))	3	15
(3673, 13, 1898, t1) & (2557, 38, 2912, t2=t1+(0, 2)) & (1898, 114, 2557, t3=t2+(0, 5)) -> (1898, 13, 2912, t4=t3+(1, 6))	3	16
(3623, 52, 2457, t1) & (1838, 70, 4574, t2=t1+(0, 4)) & (4574, 189, 2457, t3=t2+(0, 3)) -> (4574, 70, 1838, t4=t3+(1, 5))	3	17
(612, 3, 4750, t1) & (3412, 18, 2079, t2=t1+(0, 2)) & (612, 17, 3412, t3=t2+(0, 4)) -> (612, 3, 4750, t4=t3+(1, 5))	3	18
(1701, 69, 3960, t1) & (133, 142, 604, t2=t1+(0, 9)) & (604, 89, 3960, t3=t2+(0, 5)) -> (1701, 69, 133, t4=t3+(1, 6))	3	19
(865, 103, 2540, t1) & (3803, 158, 912, t2=t1+(0, 10)) & (2540, 15, 3803, t3=t2+(0, 8)) -> (3803, 103, 2540, t4=t3+(1, 7))	3	20
(4813, 12, 3077, t1) & (1256, 102, 4159, t2=t1+(0, 3)) & (3077, 72, 4159, t3=t2+(0, 3)) -> (4159, 12, 1256, t4=t3+(1, 5))	3	21
(2480, 177, 3593, t1) & (4780, 128, 4763, t2=t1+(0, 4)) & (2480, 92, 4780, t3=t2+(0, 6)) -> (3593, 177, 4780, t4=t3+(1, 8))	3	22
(1355, 143, 3591, t1) & (3080, 81, 1840, t2=t1+(0, 2)) & (3080, 157, 1355, t3=t2+(0, 5)) -> (1355, 81, 1840, t4=t3+(1, 5))	3	23
(2903, 158, 3037, t1) & (1989, 136, 1903, t2=t1+(0, 5)) & (1989, 164, 2903, t3=t2+(0, 4)) -> (1903, 136, 3037, t4=t3+(1, 7))	3	24
(693, 67, 4360, t1) & (1843, 18, 979, t2=t1+(0, 4)) & (979, 30, 4360, t3=t2+(0, 9)) -> (4360, 67, 4360, t4=t3+(1, 3))	3	25
(1650, 14, 4, t1) & (2158, 171, 2429, t2=t1+(0, 5)) & (2429, 65, 1650, t3=t2+(0, 3)) -> (1650, 171, 4, t4=t3+(1, 5))	3	26
(2378, 174, 1831, t1) & (3388, 6, 4725, t2=t1+(0, 2)) & (2378, 188, 3388, t3=t2+(0, 7)) -> (2378, 6, 3388, t4=t3+(1, 4))	3	27
(4351, 41, 338, t1) & (4674, 82, 790, t2=t1+(0, 5)) & (4351, 147, 790, t3=t2+(0, 6)) -> (338, 41, 790, t4=t3+(1, 2))	3	28
(3332, 149, 177, t1) & (3479, 191, 2121, t2=t1+(0, 4)) & (2121, 14, 177, t3=t2+(0, 4)) -> (177, 149, 3479, t4=t3+(1, 1))	3	29
(620, 128, 4361, t1) & (4821, 147, 928, t2=t1+(0, 7)) & (928, 13, 620, t3=t2+(0, 3)) -> (928, 128, 620, t4=t3+(1, 5))	3	30
(473, 35, 179, t1) & (3141, 147, 3135, t2=t1+(0, 2)) & (179, 94, 3141, t3=t2+(0, 9)) -> (3135, 94, 179, t4=t3+(1, 4))	3	31
(3919, 121, 4273, t1) & (1308, 185, 4849, t2=t1+(0, 3)) & (4273, 143, 1308, t3=t2+(0, 4)) -> (4273, 121, 3919, t4=t3+(1, 9))	3	32
(4367, 119, 844, t1) & (2931, 147, 2173, t2=t1+(0, 6)) & (4367, 102, 2931, t3=t2+(0, 4)) -> (2931, 102, 844, t4=t3+(1, 4))	3	33
(1106, 144, 3547, t1) & (4059, 191, 4789, t2=t1+(0, 5)) & (4059, 151, 3547, t3=t2+(0, 4)) -> (4059, 191, 4059, t4=t3+(1, 9))	3	34
(1671, 194, 4032, t1) & (4664, 136, 3678, t2=t1+(0, 7)) & (4032, 153, 3678, t3=t2+(0, 7)) -> (4664, 136, 3678, t4=t3+(1, 5))	3	35
(3459, 51, 3585, t1) & (2997, 44, 161, t2=t1+(0, 8)) & (161, 161, 3585, t3=t2+(0, 8)) -> (3459, 51, 3585, t4=t3+(1, 9))	3	36
(2679, 187, 860, t1) & (3035, 84, 1921, t2=t1+(0, 3)) & (1921, 10, 860, t3=t2+(0, 3)) -> (860, 10, 3035, t4=t3+(1, 6))	3	37
(2854, 28, 3297, t1) & (1926, 130, 4608, t2=t1+(0, 4)) & (3297, 16, 1926, t3=t2+(0, 5)) -> (4608, 16, 1926, t4=t3+(1, 4))	3	38
(1551, 94, 1632, t1) & (3331, 100, 2059, t2=t1+(0, 2)) & (1632, 127, 2059, t3=t2+(0, 4)) -> (1632, 127, 3331, t4=t3+(1, 5))	3	39
(4898, 116, 4866, t1) & (4684, 2, 414, t2=t1+(0, 11)) & (4684, 95, 4898, t3=t2+(0, 4)) -> (4684, 2, 4866, t4=t3+(1, 6))	3	40
(3744, 33, 3983, t1) & (171, 182, 3503, t2=t1+(0, 6)) & (171, 174, 3744, t3=t2+(0, 9)) -> (3744, 174, 3744, t4=t3+(1, 3))	3	41
(4361, 175, 4556, t1) & (1179, 181, 828, t2=t1+(0, 7)) & (4556, 158, 1179, t3=t2+(0, 6)) -> (1179, 158, 4556, t4=t3+(1, 4))	3	42
(4, 133, 265, t1) & (2653, 48, 3022, t2=t1+(0, 4)) & (3022, 174, 265, t3=t2+(0, 3)) -> (265, 133, 3022, t4=t3+(1, 4))	3	43
(2391, 40, 3089, t1) & (3192, 74, 4700, t2=t1+(0, 8)) & (4700, 151, 3089, t3=t2+(0, 6)) -> (2391, 151, 3089, t4=t3+(1, 6))	3	44
(2965, 20, 825, t1) & (4723, 74, 1570, t2=t1+(0, 4)) & (4723, 31, 2965, t3=t2+(0, 5)) -> (825, 20, 2965, t4=t3+(1, 7))	3	45
(4657, 0, 2802, t1) & (1137, 77, 2553, t2=t1+(0, 5)) & (2553, 11, 2802, t3=t2+(0, 5)) -> (4657, 77, 4657, t4=t3+(1, 6))	3	46
(1110, 148, 2697, t1) & (2056, 101, 3158, t2=t1+(0, 6)) & (1110, 150, 2056, t3=t2+(0, 8)) -> (3158, 101, 1110, t4=t3+(1, 10))	3	47
(3644, 62, 3579, t1) & (2032, 167, 1015, t2=t1+(0, 4)) & (1015, 136, 3579, t3=t2+(0, 9)) -> (3579, 167, 3579, t4=t3+(1, 4))	3	48
(846, 142, 919, t1) & (1147, 148, 4386, t2=t1+(0, 6)) & (4386, 162, 919, t3=t2+(0, 7)) -> (4386, 162, 4386, t4=t3+(1, 8))	3	49
(1133, 133, 1597, t1) & (4031, 62, 126, t2=t1+(0, 2)) & (126, 10, 1133, t3=t2+(0, 9)) -> (126, 133, 126, t4=t3+(1, 1))	3	50
(3501, 37, 4864, t1) & (3491, 167, 4428, t2=t1+(0, 4)) & (4428, 179, 3501, t3=t2+(0, 5)) -> (4428, 37, 4428, t4=t3+(1, 2))	3	51
(4093, 32, 4800, t1) & (1257, 158, 1447, t2=t1+(0, 7)) & (4800, 5, 1447, t3=t2+(0, 9)) -> (1447, 5, 1447, t4=t3+(1, 6))	3	52
(2422, 57, 1627, t1) & (1942, 10, 3529, t2=t1+(0, 5)) & (1627, 153, 3529, t3=t2+(0, 6)) -> (1942, 10, 3529, t4=t3+(1, 4))	3	53
(4762, 3, 1003, t1) & (317, 117, 4197, t2=t1+(0, 8)) & (4197, 0, 4762, t3=t2+(0, 6)) -> (4197, 117, 317, t4=t3+(1, 1))	3	54
(682, 34, 2152, t1) & (2582, 120, 1025, t2=t1+(0, 9)) & (682, 36, 1025, t3=t2+(0, 5)) -> (1025, 36, 1025, t4=t3+(1, 6))	3	55
(2088, 16, 325, t1) & (2543, 13, 590, t2=t1+(0, 4)) & (2088, 137, 2543, t3=t2+(0, 5)) -> (2543, 13, 590, t4=t3+(1, 3))	3	56
(1671, 142, 1179, t1) & (3111, 158, 3354, t2=t1+(0, 4)) & (3354, 28, 1179, t3=t2+(0, 2)) -> (1179, 142, 3111, t4=t3+(1, 4))	3	57
(3970, 87, 1750, t1) & (1615, 158, 1798, t2=t1+(0, 7)) & (1615, 156, 3970, t3=t2+(0, 4)) -> (1615, 156, 1615, t4=t3+(1, 2))	3	58
(1825, 178, 1625, t1) & (1681, 114, 2587, t2=t1+(0, 7)) & (1825, 168, 2587, t3=t2+(0, 7)) -> (1825, 168, 1825, t4=t3+(1, 3))	3	59
(897, 112, 961, t1) & (2004, 130, 4224, t2=t1+(0, 1)) & (4224, 88, 961, t3=t2+(0, 6)) -> (961, 112, 961, t4=t3+(1, 11))	3	60
(1238, 48, 3264, t1) & (4580, 162, 2918, t2=t1+(0, 3)) & (3264, 58, 2918, t3=t2+(0, 6)) -> (2918, 48, 2918, t4=t3+(1, 7))	3	61
(4672, 145, 4537, t1) & (4916, 156, 384, t2=t1+(0, 5)) & (4672, 170, 384, t3=t2+(0, 6)) -> (4672, 145, 384, t4=t3+(1, 8))	3	62
(727, 155, 2583, t1) & (4259, 157, 2089, t2=t1+(0, 5)) & (727, 81, 4259, t3=t2+(0, 6)) -> (4259, 81, 2583, t4=t3+(1, 3))	3	63
(1533, 61, 4702, t1) & (3629, 176, 1844, t2=t1+(0, 4)) & (1844, 169, 4702, t3=t2+(0, 1)) -> (4702, 61, 1844, t4=t3+(1, 2))	3	64
(2754, 17, 1678, t1) & (4520, 181, 181, t2=t1+(0, 3)) & (4520, 78, 2754, t3=t2+(0, 4)) -> (4520, 78, 4520, t4=t3+(1, 5))	3	65
(210, 141, 2746, t1) & (2440, 63, 4834, t2=t1+(0, 4)) & (2440, 144, 2746, t3=t2+(0, 5)) -> (4834, 144, 4834, t4=t3+(1, 4))	3	66
(1844, 113, 395, t1) & (1108, 85, 3780, t2=t1+(0, 5)) & (1844, 122, 1108, t3=t2+(0, 6)) -> (1844, 113, 1844, t4=t3+(1, 6))	3	67
(1060, 190, 2048, t1) & (3011, 32, 1520, t2=t1+(0, 10)) & (3011, 100, 1060, t3=t2+(0, 1)) -> (3011, 100, 2048, t4=t3+(1, 3))	3	68
(3661, 8, 3530, t1) & (2259, 92, 15, t2=t1+(0, 5)) & (2259, 10, 3530, t3=t2+(0, 3)) -> (2259, 10, 15, t4=t3+(1, 4))	3	69
(4663, 41, 272, t1) & (4427, 118, 2933, t2=t1+(0, 5)) & (4427, 7, 4663, t3=t2+(0, 5)) -> (4427, 41, 4427, t4=t3+(1, 4))	3	70
(3052, 197, 3769, t1) & (3043, 153, 717, t2=t1+(0, 1)) & (3052, 158, 3043, t3=t2+(0, 3)) -> (3052, 158, 717, t4=t3+(1, 8))	3	71
(1994, 126, 3851, t1) & (3076, 101, 3535, t2=t1+(0, 3)) & (3851, 126, 3535, t3=t2+(0, 3)) -> (3076, 126, 3076, t4=t3+(1, 5))	3	72
(1994, 126, 2942, t1) & (3645, 25, 4664, t2=t1+(0, 6)) & (1994, 13, 3645, t3=t2+(0, 8)) -> (4664, 25, 3645, t4=t3+(1, 4))	3	73
(2526, 71, 1713, t1) & (1866, 185, 1426, t2=t1+(0, 8)) & (1866, 104, 2526, t3=t2+(0, 2)) -> (1866, 71, 2526, t4=t3+(1, 8))	3	74
(3830, 159, 2474, t1) & (1110, 30, 4, t2=t1+(0, 4)) & (1110, 79, 2474, t3=t2+(0, 2)) -> (4, 159, 3830, t4=t3+(1, 4))	3	75
(824, 182, 2592, t1) & (3401, 180, 3598, t2=t1+(0, 8)) & (2592, 152, 3401, t3=t2+(0, 6)) -> (3598, 182, 2592, t4=t3+(1, 5))	3	76
(1801, 46, 4579, t1) & (2345, 4, 3857, t2=t1+(0, 5)) & (2345, 27, 4579, t3=t2+(0, 2)) -> (2345, 4, 3857, t4=t3+(1, 4))	3	77
(2497, 122, 72, t1) & (2623, 19, 4967, t2=t1+(0, 3)) & (2497, 42, 4967, t3=t2+(0, 4)) -> (4967, 122, 4967, t4=t3+(1, 5))	3	78
(4126, 180, 3257, t1) & (1193, 158, 1379, t2=t1+(0, 5)) & (1193, 33, 3257, t3=t2+(0, 4)) -> (1379, 180, 4126, t4=t3+(1, 5))	3	79
(884, 63, 1000, t1) & (2075, 83, 3088, t2=t1+(0, 7)) & (3088, 141, 1000, t3=t2+(0, 3)) -> (884, 83, 884, t4=t3+(1, 3))	3	80
(2856, 117, 3580, t1) & (1114, 0, 1031, t2=t1+(0, 8)) & (2856, 150, 1031, t3=t2+(0, 6)) -> (1031, 150, 3580, t4=t3+(1, 7))	3	81
(1570, 150, 627, t1) & (4143, 119, 3049, t2=t1+(0, 0)) & (3049, 179, 1570, t3=t2+(0, 2)) -> (1570, 150, 3049, t4=t3+(1, 5))	3	82
(1710, 9, 2058, t1) & (4058, 32, 1283, t2=t1+(0, 6)) & (2058, 73, 4058, t3=t2+(0, 3)) -> (2058, 73, 1710, t4=t3+(1, 5))	3	83
(1025, 152, 2205, t1) & (2654, 84, 4835, t2=t1+(0, 4)) & (2205, 96, 2654, t3=t2+(0, 1)) -> (2654, 96, 2654, t4=t3+(1, 3))	3	84
(4476, 48, 4372, t1) & (2225, 22, 502, t2=t1+(0, 4)) & (4476, 114, 2225, t3=t2+(0, 2)) -> (2225, 22, 4476, t4=t3+(1, 6))	3	85
(427, 173, 877, t1) & (1302, 194, 2031, t2=t1+(0, 5)) & (427, 35, 1302, t3=t2+(0, 3)) -> (2031, 194, 877, t4=t3+(1, 11))	3	86
(4512, 88, 513, t1) & (3207, 194, 3208, t2=t1+(0, 2)) & (3208, 116, 513, t3=t2+(0, 4)) -> (3208, 194, 513, t4=t3+(1, 2))	3	87
(1147, 18, 4478, t1) & (3291, 49, 4320, t2=t1+(0, 4)) & (3291, 122, 1147, t3=t2+(0, 4)) -> (1147, 49, 4478, t4=t3+(1, 8))	3	88
(1690, 152, 3839, t1) & (2558, 86, 2613, t2=t1+(0, 5)) & (2613, 34, 3839, t3=t2+(0, 6)) -> (2558, 86, 2558, t4=t3+(1, 6))	3	89
(4537, 183, 628, t1) & (374, 55, 4663, t2=t1+(0, 7)) & (4663, 107, 628, t3=t2+(0, 3)) -> (4663, 183, 374, t4=t3+(1, 3))	3	90
(664, 104, 125, t1) & (879, 135, 1518, t2=t1+(0, 3)) & (125, 25, 1518, t3=t2+(0, 9)) -> (125, 135, 125, t4=t3+(1, 5))	3	91
(352, 69, 2215, t1) & (1080, 88, 4357, t2=t1+(0, 1)) & (1080, 169, 352, t3=t2+(0, 7)) -> (2215, 69, 352, t4=t3+(1, 5))	3	92
(3014, 196, 4324, t1) & (4656, 147, 4308, t2=t1+(0, 4)) & (4324, 12, 4308, t3=t2+(0, 2)) -> (4324, 12, 3014, t4=t3+(1, 2))	3	93
(3877, 99, 4693, t1) & (4066, 96, 1298, t2=t1+(0, 6)) & (1298, 39, 4693, t3=t2+(0, 3)) -> (3877, 96, 3877, t4=t3+(1, 10))	3	94
(3767, 132, 1833, t1) & (3909, 161, 4235, t2=t1+(0, 4)) & (4235, 36, 1833, t3=t2+(0, 3)) -> (4235, 161, 4235, t4=t3+(1, 4))	3	95
(4894, 117, 885, t1) & (960, 105, 4116, t2=t1+(0, 4)) & (4894, 121, 4116, t3=t2+(0, 3)) -> (4894, 117, 4116, t4=t3+(1, 4))	3	96
(4484, 143, 1646, t1) & (205, 135, 1113, t2=t1+(0, 5)) & (205, 9, 4484, t3=t2+(0, 6)) -> (205, 143, 1113, t4=t3+(1, 3))	3	97
(913, 178, 3107, t1) & (1061, 13, 3931, t2=t1+(0, 5)) & (913, 6, 3931, t3=t2+(0, 5)) -> (3931, 178, 913, t4=t3+(1, 6))	3	98
(1410, 152, 4503, t1) & (76, 171, 3054, t2=t1+(0, 4)) & (3054, 5, 4503, t3=t2+(0, 7)) -> (3054, 152, 4503, t4=t3+(1, 4))	3	99
(2468, 191, 2308, t1) & (2468, 143, 3157, t2=t1+(0, 8)) -> (2308, 191, 2468, t3=t2+(1, 5))	2	100
(3157, 63, 3268, t1) & (3157, 124, 3268, t2=t1+(0, 4)) -> (3268, 124, 3157, t3=t2+(1, 2))	2	101
(3347, 169, 4241, t1) & (4241, 160, 3347, t2=t1+(0, 6)) -> (4241, 160, 3347, t3=t2+(1, 6))	2	102
(4198, 74, 3362, t1) & (4198, 23, 4198, t2=t1+(0, 3)) -> (4198, 74, 4198, t3=t2+(1, 4))	2	103
(150, 99, 3619, t1) & (150, 117, 1422, t2=t1+(0, 7)) -> (3619, 117, 150, t3=t2+(1, 3))	2	104
(23, 145, 2836, t1) & (2836, 175, 2836, t2=t1+(0, 9)) -> (23, 145, 2836, t3=t2+(1, 9))	2	105
(2759, 124, 1561, t1) & (2759, 63, 0, t2=t1+(0, 5)) -> (2759, 124, 1561, t3=t2+(1, 4))	2	106
(1379, 146, 1603, t1) & (1379, 39, 1379, t2=t1+(0, 6)) -> (1603, 39, 1379, t3=t2+(1, 1))	2	107
(4044, 85, 209, t1) & (4044, 125, 4044, t2=t1+(0, 4)) -> (4044, 85, 4044, t3=t2+(1, 2))	2	108
(4714, 90, 1737, t1) & (1737, 129, 4714, t2=t1+(0, 5)) -> (1737, 90, 1737, t3=t2+(1, 1))	2	109
(3488, 67, 2732, t1) & (2732, 8, 3488, t2=t1+(0, 7)) -> (2732, 8, 3488, t3=t2+(1, 4))	2	110
(4630, 11, 2138, t1) & (2138, 68, 1356, t2=t1+(0, 3)) -> (1356, 11, 1356, t3=t2+(1, 3))	2	111
(2047, 159, 488, t1) & (1130, 165, 488, t2=t1+(0, 7)) -> (488, 165, 1130, t3=t2+(1, 3))	2	112
(4940, 188, 4410, t1) & (4410, 118, 4940, t2=t1+(0, 1)) -> (4940, 188, 4410, t3=t2+(1, 5))	2	113
(1285, 170, 1925, t1) & (1925, 77, 1285, t2=t1+(0, 4)) -> (1285, 170, 1285, t3=t2+(1, 8))	2	114
(2174, 92, 630, t1) & (630, 138, 630, t2=t1+(0, 8)) -> (630, 138, 630, t3=t2+(1, 7))	2	115
(911, 150, 941, t1) & (2781, 63, 911, t2=t1+(0, 6)) -> (911, 63, 911, t3=t2+(1, 5))	2	116
(4429, 186, 2271, t1) & (2271, 35, 4429, t2=t1+(0, 2)) -> (2271, 186, 4429, t3=t2+(1, 4))	2	117
(1965, 0, 3256, t1) & (1965, 88, 4657, t2=t1+(0, 6)) -> (1965, 0, 1965, t3=t2+(1, 4))	2	118
(3769, 132, 2460, t1) & (3769, 93, 2340, t2=t1+(0, 8)) -> (2340, 93, 3769, t3=t2+(1, 5))	2	119
(1302, 173, 898, t1) & (1302, 133, 4580, t2=t1+(0, 8)) -> (898, 173, 898, t3=t2+(1, 6))	2	120
(4247, 115, 3568, t1) & (3568, 173, 703, t2=t1+(0, 3)) -> (4247, 173, 3568, t3=t2+(1, 3))	2	121
(1397, 13, 996, t1) & (3696, 54, 996, t2=t1+(0, 4)) -> (3696, 54, 3696, t3=t2+(1, 4))	2	122
(2538, 57, 1496, t1) & (1496, 159, 2538, t2=t1+(0, 3)) -> (1496, 159, 2538, t3=t2+(1, 8))	2	123
(4886, 94, 621, t1) & (4886, 164, 621, t2=t1+(0, 8)) -> (621, 94, 621, t3=t2+(1, 5))	2	124
(2763, 88, 4402, t1) & (4402, 134, 2763, t2=t1+(0, 4)) -> (2763, 134, 2763, t3=t2+(1, 7))	2	125
(149, 67, 273, t1) & (1373, 76, 149, t2=t1+(0, 4)) -> (1373, 76, 149, t3=t2+(1, 4))	2	126
(1691, 153, 1723, t1) & (1691, 77, 1723, t2=t1+(0, 5)) -> (1691, 77, 1691, t3=t2+(1, 2))	2	127
(27, 92, 3147, t1) & (3147, 66, 3474, t2=t1+(0, 3)) -> (3147, 66, 3474, t3=t2+(1, 9))	2	128
(3434, 154, 3315, t1) & (3434, 141, 701, t2=t1+(0, 3)) -> (3434, 141, 701, t3=t2+(1, 3))	2	129
(645, 147, 262, t1) & (645, 32, 262, t2=t1+(0, 9)) -> (262, 147, 645, t3=t2+(1, 1))	2	130
(4434, 144, 3859, t1) & (3859, 8, 2117, t2=t1+(0, 8)) -> (3859, 8, 3859, t3=t2+(1, 4))	2	131
(64, 124, 880, t1) & (64, 180, 64, t2=t1+(0, 5)) -> (880, 124, 880, t3=t2+(1, 2))	2	132
(4882, 119, 2769, t1) & (2769, 175, 4882, t2=t1+(0, 11)) -> (2769, 175, 4882, t3=t2+(1, 5))	2	133
(3946, 7, 605, t1) & (605, 166, 3959, t2=t1+(0, 9)) -> (3946, 166, 605, t3=t2+(1, 8))	2	134
(2935, 181, 1854, t1) & (534, 70, 1854, t2=t1+(0, 4)) -> (1854, 70, 2935, t3=t2+(1, 9))	2	135
(1014, 13, 1876, t1) & (2884, 181, 1876, t2=t1+(0, 7)) -> (1876, 13, 1876, t3=t2+(1, 5))	2	136
(3004, 71, 1338, t1) & (1338, 69, 1338, t2=t1+(0, 5)) -> (1338, 69, 3004, t3=t2+(1, 3))	2	137
(2691, 132, 2186, t1) & (2469, 75, 2186, t2=t1+(0, 3)) -> (2186, 132, 2186, t3=t2+(1, 3))	2	138
(2410, 158, 2580, t1) & (2410, 85, 677, t2=t1+(0, 3)) -> (677, 85, 2410, t3=t2+(1, 5))	2	139
(3716, 62, 4525, t1) & (2838, 91, 4525, t2=t1+(0, 8)) -> (3716, 62, 4525, t3=t2+(1, 7))	2	140
(2009, 25, 2064, t1) & (2009, 197, 1012, t2=t1+(0, 6)) -> (2009, 25, 2009, t3=t2+(1, 3))	2	141
(1376, 64, 1056, t1) & (1056, 57, 1056, t2=t1+(0, 6)) -> (1056, 57, 1056, t3=t2+(1, 5))	2	142
(2046, 184, 2356, t1) & (3743, 28, 2046, t2=t1+(0, 10)) -> (2356, 28, 3743, t3=t2+(1, 5))	2	143
(2659, 64, 2497, t1) & (4591, 9, 2659, t2=t1+(0, 8)) -> (2497, 64, 2497, t3=t2+(1, 5))	2	144
(2338, 176, 242, t1) & (2338, 18, 242, t2=t1+(0, 5)) -> (242, 176, 242, t3=t2+(1, 9))	2	145
(2462, 12, 4720, t1) & (2462, 158, 2462, t2=t1+(0, 3)) -> (2462, 158, 2462, t3=t2+(1, 4))	2	146
(3641, 118, 316, t1) & (1682, 169, 316, t2=t1+(0, 7)) -> (316, 169, 3641, t3=t2+(1, 3))	2	147
(1365, 47, 3035, t1) & (3035, 176, 4772, t2=t1+(0, 2)) -> (4772, 176, 1365, t3=t2+(1, 3))	2	148
(4551, 64, 1971, t1) & (2121, 54, 4551, t2=t1+(0, 9)) -> (2121, 64, 4551, t3=t2+(1, 9))	2	149
(3132, 72, 1348, t1) & (1348, 190, 2138, t2=t1+(0, 6)) -> (3132, 72, 2138, t3=t2+(1, 7))	2	150
(597, 124, 923, t1) & (3595, 129, 923, t2=t1+(0, 7)) -> (3595, 129, 597, t3=t2+(1, 8))	2	151
(3380, 55, 4678, t1) & (3380, 81, 3380, t2=t1+(0, 12)) -> (4678, 81, 3380, t3=t2+(1, 3))	2	152
(1649, 145, 1069, t1) & (3102, 99, 1649, t2=t1+(0, 2)) -> (3102, 99, 1649, t3=t2+(1, 6))	2	153
(3358, 40, 2946, t1) & (2946, 7, 3277, t2=t1+(0, 6)) -> (2946, 40, 2946, t3=t2+(1, 3))	2	154
(1512, 114, 3671, t1) & (3671, 11, 1512, t2=t1+(0, 3)) -> (3671, 11, 1512, t3=t2+(1, 5))	2	155
(3196, 87, 1679, t1) & (3196, 60, 1788, t2=t1+(0, 5)) -> (3196, 60, 3196, t3=t2+(1, 7))	2	156
(1159, 149, 3964, t1) & (2454, 131, 1159, t2=t1+(0, 9)) -> (1159, 131, 2454, t3=t2+(1, 4))	2	157
(3241, 168, 102, t1) & (2155, 140, 3241, t2=t1+(0, 5)) -> (3241, 140, 2155, t3=t2+(1, 4))	2	158
(4621, 109, 3012, t1) & (4621, 60, 4152, t2=t1+(0, 3)) -> (4621, 60, 4621, t3=t2+(1, 7))	2	159
(99, 10, 1395, t1) & (1653, 171, 99, t2=t1+(0, 5)) -> (1395, 10, 1395, t3=t2+(1, 4))	2	160
(1233, 75, 478, t1) & (1233, 67, 4774, t2=t1+(0, 4)) -> (4774, 67, 1233, t3=t2+(1, 4))	2	161
(2265, 20, 2195, t1) & (2195, 128, 2265, t2=t1+(0, 3)) -> (2195, 20, 2195, t3=t2+(1, 5))	2	162
(1353, 135, 4874, t1) & (2359, 137, 4874, t2=t1+(0, 4)) -> (2359, 137, 1353, t3=t2+(1, 9))	2	163
(3560, 29, 615, t1) & (615, 49, 2779, t2=t1+(0, 5)) -> (615, 29, 2779, t3=t2+(1, 6))	2	164
(1576, 75, 893, t1) & (893, 131, 1576, t2=t1+(0, 5)) -> (893, 75, 1576, t3=t2+(1, 4))	2	165
(1668, 181, 2172, t1) & (1495, 8, 1668, t2=t1+(0, 3)) -> (1668, 8, 1668, t3=t2+(1, 4))	2	166
(4396, 4, 4079, t1) & (4079, 72, 841, t2=t1+(0, 3)) -> (4396, 72, 4079, t3=t2+(1, 5))	2	167
(2193, 146, 3352, t1) & (2193, 1, 470, t2=t1+(0, 5)) -> (470, 1, 2193, t3=t2+(1, 6))	2	168
(2819, 161, 4831, t1) & (1065, 79, 2819, t2=t1+(0, 2)) -> (2819, 79, 4831, t3=t2+(1, 5))	2	169
(2446, 16, 516, t1) & (516, 7, 3177, t2=t1+(0, 5)) -> (516, 7, 2446, t3=t2+(1, 1))	2	170
(280, 145, 1105, t1) & (1105, 31, 280, t2=t1+(0, 3)) -> (280, 31, 280, t3=t2+(1, 1))	2	171
(1980, 171, 2396, t1) & (2396, 32, 3427, t2=t1+(0, 6)) -> (3427, 32, 2396, t3=t2+(1, 4))	2	172
(3265, 17, 911, t1) & (3265, 90, 911, t2=t1+(0, 3)) -> (3265, 90, 911, t3=t2+(1, 2))	2	173
(2817, 62, 2680, t1) & (2680, 5, 2680, t2=t1+(0, 3)) -> (2817, 5, 2680, t3=t2+(1, 8))	2	174
(3095, 54, 1320, t1) & (3095, 30, 2056, t2=t1+(0, 5)) -> (2056, 30, 1320, t3=t2+(1, 6))	2	175
(2164, 81, 578, t1) & (578, 169, 2613, t2=t1+(0, 6)) -> (2613, 169, 2164, t3=t2+(1, 2))	2	176
(2651, 180, 4437, t1) & (2113, 50, 2651, t2=t1+(0, 8)) -> (2651, 180, 2113, t3=t2+(1, 3))	2	177
(4204, 117, 4086, t1) & (4086, 154, 2304, t2=t1+(0, 3)) -> (4204, 117, 2304, t3=t2+(1, 9))	2	178
(1315, 61, 115, t1) & (2507, 89, 115, t2=t1+(0, 5)) -> (2507, 61, 115, t3=t2+(1, 5))	2	179
(1676, 130, 210, t1) & (210, 116, 210, t2=t1+(0, 4)) -> (1676, 116, 210, t3=t2+(1, 8))	2	180
(320, 20, 2591, t1) & (320, 16, 2591, t2=t1+(0, 8)) -> (2591, 16, 320, t3=t2+(1, 6))	2	181
(1555, 56, 2515, t1) & (2515, 198, 2464, t2=t1+(0, 7)) -> (2464, 56, 2515, t3=t2+(1, 5))	2	182
(2350, 78, 956, t1) & (956, 162, 708, t2=t1+(0, 8)) -> (2350, 162, 956, t3=t2+(1, 8))	2	183
(582, 59, 4806, t1) & (3543, 147, 4806, t2=t1+(0, 6)) -> (4806, 147, 4806, t3=t2+(1, 4))	2	184
(2037, 172, 2878, t1) & (2878, 166, 3871, t2=t1+(0, 5)) -> (2878, 166, 2878, t3=t2+(1, 3))	2	185
(380, 97, 2260, t1) & (2260, 31, 4217, t2=t1+(0, 4)) -> (2260, 97, 380, t3=t2+(1, 5))	2	186
(3195, 115, 2831, t1) & (3195, 172, 3195, t2=t1+(0, 6)) -> (2831, 172, 3195, t3=t2+(1, 4))	2	187
(3970, 153, 1498, t1) & (217, 46, 1498, t2=t1+(0, 2)) -> (217, 46, 1498, t3=t2+(1, 2))	2	188
(4191, 190, 2689, t1) & (986, 90, 4191, t2=t1+(0, 5)) -> (986, 190, 2689, t3=t2+(1, 6))	2	189
(3159, 190, 502, t1) & (3159, 173, 502, t2=t1+(0, 5)) -> (502, 173, 3159, t3=t2+(1, 2))	2	190
(726, 118, 4129, t1) & (726, 182, 726, t2=t1+(0, 6)) -> (726, 182, 726, t3=t2+(1, 6))	2	191
(2412, 152, 2923, t1) & (2923, 19, 2412, t2=t1+(0, 5)) -> (2923, 19, 2923, t3=t2+(1, 12))	2	192
(1639, 87, 3437, t1) & (3437, 179, 4659, t2=t1+(0, 10)) -> (3437, 87, 1639, t3=t2+(1, 4))	2	193
(4816, 144, 4879, t1) & (1632, 1, 4816, t2=t1+(0, 4)) -> (4816, 1, 4816, t3=t2+(1, 5))	2	194
(4468, 39, 1424, t1) & (4468, 164, 1424, t2=t1+(0, 4)) -> (4468, 164, 1424, t3=t2+(1, 8))	2	195
(4834, 78, 765, t1) & (3962, 167, 4834, t2=t1+(0, 4)) -> (765, 78, 765, t3=t2+(1, 3))	2	196
(176, 14, 645, t1) & (645, 160, 645, t2=t1+(0, 4)) -> (176, 14, 645, t3=t2+(1, 3))	2	197
(641, 46, 3598, t1) & (3978, 65, 3598, t2=t1+(0, 8)) -> (3978, 65, 641, t3=t2+(1, 7))	2	198
(2140, 167, 1816, t1) & (2039, 74, 1816, t2=t1+(0, 3)) -> (2039, 167, 1816, t3=t2+(1, 1))	2	199
(2458, 155, 3823, t1) -> (3823, 155, 3823, t2=t1+(1, 5))	1	200
(2252, 192, 2363, t1) -> (2363, 192, 2252, t2=t1+(1, 4))	1	201
(2636, 182, 1925, t1) -> (2636, 182, 1925, t2=t1+(1, 4))	1	202
(4139, 4, 1034, t1) -> (4139, 4, 1034, t2=t1+(1, 5))	1	203
(2035, 115, 979, t1) -> (2035, 115, 979, t2=t1+(1, 4))	1	204
(3295, 19, 4258, t1) -> (3295, 19, 3295, t2=t1+(1, 8))	1	205
(3083, 109, 2932, t1) -> (2932, 109, 3083, t2=t1+(1, 4))	1	206
(4110, 26, 1206, t1) -> (4110, 26, 1206, t2=t1+(1, 5))	1	207
(1499, 37, 4375, t1) -> (1499, 37, 4375, t2=t1+(1, 4))	1	208
(3811, 116, 2848, t1) -> (3811, 116, 2848, t2=t1+(1, 4))	1	209
(3300, 161, 3950, t1) -> (3300, 161, 3950, t2=t1+(1, 7))	1	210
(3885, 136, 1673, t1) -> (1673, 136, 1673, t2=t1+(1, 2))	1	211
(3290, 175, 583, t1) -> (583, 175, 3290, t2=t1+(1, 2))	1	212
(1537, 50, 2893, t1) -> (2893, 50, 1537, t2=t1+(1, 2))	1	213
(563, 23, 288, t1) -> (563, 23, 563, t2=t1+(1, 6))	1	214
(3247, 118, 2019, t1) -> (3247, 118, 3247, t2=t1+(1, 4))	1	215
(1147, 115, 2618, t1) -> (2618, 115, 2618, t2=t1+(1, 8))	1	216
(626, 139, 1273, t1) -> (626, 139, 1273, t2=t1+(1, 6))	1	217
(1752, 165, 1048, t1) -> (1752, 165, 1048, t2=t1+(1, 2))	1	218
(2855, 191, 1689, t1) -> (2855, 191, 2855, t2=t1+(1, 1))	1	219
(4216, 188, 1158, t1) -> (4216, 188, 4216, t2=t1+(1, 4))	1	220
(4484, 131, 2363, t1) -> (4484, 131, 2363, t2=t1+(1, 4))	1	221
(2262, 1, 1306, t1) -> (1306, 1, 2262, t2=t1+(1, 5))	1	222
(101, 84, 1677, t1) -> (1677, 84, 1677, t2=t1+(1, 4))	1	223
(2976, 138, 3694, t1) -> (2976, 138, 2976, t2=t1+(1, 5))	1	224
(4016, 28, 1217, t1) -> (4016, 28, 4016, t2=t1+(1, 4))	1	225
(1461, 108, 4596, t1) -> (1461, 108, 1461, t2=t1+(1, 4))	1	226
(2713, 111, 3576, t1) -> (3576, 111, 3576, t2=t1+(1, 6))	1	227
(544, 105, 1012, t1) -> (1012, 105, 1012, t2=t1+(1, 6))	1	228
(4040, 60, 3700, t1) -> (4040, 60, 4040, t2=t1+(1, 8))	1	229
(4604, 12, 3625, t1) -> (3625, 12, 4604, t2=t1+(1, 7))	1	230
(2577, 98, 3180, t1) -> (3180, 98, 2577, t2=t1+(1, 5))	1	231
(3038, 121, 4052, t1) -> (4052, 121, 4052, t2=t1+(1, 6))	1	232
(3311, 130, 3862, t1) -> (3862, 130, 3862, t2=t1+(1, 2))	1	233
(1205, 166, 4526, t1) -> (4526, 166, 4526, t2=t1+(1, 5))	1	234
(460, 70, 1368, t1) -> (1368, 70, 460, t2=t1+(1, 4))	1	235
(981, 91, 4985, t1) -> (4985, 91, 981, t2=t1+(1, 2))	1	236
(3031, 166, 4436, t1) -> (3031, 166, 4436, t2=t1+(1, 7))	1	237
(3271, 184, 1432, t1) -> (3271, 184, 3271, t2=t1+(1, 4))	1	238
(2764, 70, 3530, t1) -> (3530, 70, 2764, t2=t1+(1, 5))	1	239
(3537, 0, 4958, t1) -> (4958, 0, 4958, t2=t1+(1, 7))	1	240
(4615, 82, 1063, t1) -> (1063, 82, 1063, t2=t1+(1, 3))	1	241
(2057, 43, 675, t1) -> (2057, 43, 675, t2=t1+(1, 5))	1	242
(2298, 40, 390, t1) -> (390, 40, 390, t2=t1+(1, 3))	1	243
(2547, 124, 4459, t1) -> (2547, 124, 2547, t2=t1+(1, 9))	1	244
(226, 139, 937, t1) -> (226, 139, 937, t2=t1+(1, 4))	1	245
(1223, 3, 1597, t1) -> (1223, 3, 1223, t2=t1+(1, 5))	1	246
(597, 142, 1379, t1) -> (1379, 142, 597, t2=t1+(1, 4))	1	247
(2529, 38, 2220, t1) -> (2220, 38, 2529, t2=t1+(1, 3))	1	248
(3129, 93, 225, t1) -> (225, 93, 3129, t2=t1+(1, 5))	1	249
(1063, 58, 4492, t1) -> (4492, 58, 4492, t2=t1+(1, 8))	1	250
(1802, 115, 1050, t1) -> (1802, 115, 1802, t2=t1+(1, 5))	1	251
(2618, 152, 1355, t1) -> (1355, 152, 2618, t2=t1+(1, 16))	1	252
(2840, 102, 1794, t1) -> (2840, 102, 1794, t2=t1+(1, 5))	1	253
(3704, 29, 426, t1) -> (426, 29, 3704, t2=t1+(1, 1))	1	254
(1279, 103, 979, t1) -> (979, 103, 1279, t2=t1+(1, 4))	1	255
(2417, 167, 2369, t1) -> (2369, 167, 2369, t2=t1+(1, 6))	1	256
(4224, 47, 806, t1) -> (806, 47, 806, t2=t1+(1, 6))	1	257
(4539, 177, 394, t1) -> (394, 177, 394, t2=t1+(1, 7))	1	258
(213, 194, 4609, t1) -> (4609, 194, 4609, t2=t1+(1, 6))	1	259
(3762, 63, 804, t1) -> (3762, 63, 804, t2=t1+(1, 5))	1	260
(2521, 38, 4334, t1) -> (2521, 38, 2521, t2=t1+(1, 2))	1	261
(1387, 42, 612, t1) -> (612, 42, 1387, t2=t1+(1, 4))	1	262
(2185, 181, 2022, t1) -> (2022, 181, 2185, t2=t1+(1, 8))	1	263
(1024, 55, 3663, t1) -> (3663, 55, 1024, t2=t1+(1, 7))	1	264
(3652, 166, 3208, t1) -> (3208, 166, 3208, t2=t1+(1, 5))	1	265
(1158, 68, 4390, t1) -> (1158, 68, 1158, t2=t1+(1, 6))	1	266
(4283, 57, 2260, t1) -> (2260, 57, 4283, t2=t1+(1, 4))	1	267
(2675, 82, 919, t1) -> (919, 82, 919, t2=t1+(1, 3))	1	268
(585, 63, 2305, t1) -> (585, 63, 2305, t2=t1+(1, 7))	1	269
(140, 113, 2386, t1) -> (140, 113, 2386, t2=t1+(1, 5))	1	270
(4761, 172, 2657, t1) -> (4761, 172, 2657, t2=t1+(1, 3))	1	271
(4294, 96, 589, t1) -> (589, 96, 4294, t2=t1+(1, 3))	1	272
(1764, 25, 197, t1) -> (197, 25, 1764, t2=t1+(1, 4))	1	273
(608, 177, 467, t1) -> (608, 177, 608, t2=t1+(1, 8))	1	274
(2169, 186, 4600, t1) -> (4600, 186, 2169, t2=t1+(1, 5))	1	275
(771, 66, 4061, t1) -> (771, 66, 771, t2=t1+(1, 4))	1	276
(677, 172, 3229, t1) -> (3229, 172, 677, t2=t1+(1, 3))	1	277
(4070, 66, 1671, t1) -> (1671, 66, 1671, t2=t1+(1, 5))	1	278
(4253, 66, 994, t1) -> (994, 66, 4253, t2=t1+(1, 7))	1	279
(2605, 7, 4334, t1) -> (2605, 7, 2605, t2=t1+(1, 1))	1	280
(1947, 10, 4076, t1) -> (4076, 10, 1947, t2=t1+(1, 6))	1	281
(661, 28, 1880, t1) -> (1880, 28, 661, t2=t1+(1, 4))	1	282
(4765, 86, 1936, t1) -> (4765, 86, 1936, t2=t1+(1, 4))	1	283
(3751, 78, 2733, t1) -> (3751, 78, 2733, t2=t1+(1, 5))	1	284
(493, 59, 2331, t1) -> (2331, 59, 2331, t2=t1+(1, 5))	1	285
(4211, 77, 449, t1) -> (4211, 77, 4211, t2=t1+(1, 8))	1	286
(1241, 181, 3975, t1) -> (1241, 181, 3975, t2=t1+(1, 8))	1	287
(3658, 153, 4110, t1) -> (3658, 153, 3658, t2=t1+(1, 6))	1	288
(4095, 81, 803, t1) -> (803, 81, 803, t2=t1+(1, 8))	1	289
(694, 99, 3186, t1) -> (3186, 99, 694, t2=t1+(1, 5))	1	290
(1244, 34, 21, t1) -> (21, 34, 21, t2=t1+(1, 6))	1	291
(2998, 60, 666, t1) -> (2998, 60, 666, t2=t1+(1, 10))	1	292
(1179, 41, 2549, t1) -> (2549, 41, 1179, t2=t1+(1, 4))	1	293
(1825, 51, 1330, t1) -> (1330, 51, 1330, t2=t1+(1, 2))	1	294
(4630, 103, 577, t1) -> (577, 103, 577, t2=t1+(1, 5))	1	295
(1282, 53, 519, t1) -> (1282, 53, 519, t2=t1+(1, 5))	1	296
(4647, 49, 836, t1) -> (836, 49, 4647, t2=t1+(1, 3))	1	297
(4924, 159, 708, t1) -> (708, 159, 4924, t2=t1+(1, 3))	1	298
(3068, 49, 2295, t1) -> (2295, 49, 2295, t2=t1+(1, 6))	1	299
