(175, 141, 3734, t1) & (3538, 83, 1047, t2=t1+(0, 8)) & (3734, 35, 1047, t3=t2+(0, 9)) -> (3734, 35, 3734, t4=t3+(1, 5))	3	0
(955, 176, 1851, t1) & (2508, 44, 2796, t2=t1+(0, 8)) & (2508, 116, 1851, t3=t2+(0, 6)) -> (2796, 116, 2796, t4=t3+(1, 6))	3	1
(4868, 13, 4360, t1) & (2341, 60, 421, t2=t1+(0, 6)) & (421, 114, 4360, t3=t2+(0, 5)) -> (421, 60, 4360, t4=t3+(1, 3))	3	2
(4301, 190, 3974, t1) & (91, 53, 3803, t2=t1+(0, 7)) & (3803, 2, 3974, t3=t2+(0, 5)) -> (4301, 2, 3803, t4=t3+(1, 1))	3	3
(3325, 131, 4888, t1) & (1120, 100, 2970, t2=t1+(0, 10)) & (2970, 9, 4888, t3=t2+(0, 5)) -> (3325, 9, 4888, t4=t3+(1, 4))	3	4
(1571, 126, 793, t1) & (218, 11, 144, t2=t1+(0, 6)) & (1571, 103, 218, t3=t2+(0, 7)) -> (793, 103, 793, t4=t3+(1, 8))	3	5
(1340, 166, 533, t1) & (109, 69, 2110, t2=t1+(0, 7)) & (1340, 96, 109, t3=t2+(0, 4)) -> (109, 69, 533, t4=t3+(1, 1))	3	6
(4738, 198, 3395, t1) & (805, 114, 3421, t2=t1+(0, 6)) & (4738, 10, 3421, t3=t2+(0, 7)) -> (3421, 114, 3421, t4=t3+(1, 3))	3	7
(2355, 124, 3624, t1) & (1416, 61, 1931, t2=t1+(0, 4)) & (1931, 147, 3624, t3=t2+(0, 2)) -> (3624, 61, 1931, t4=t3+(1, 5))	3	8
(777, 183, 1363, t1) & (931, 42, 766, t2=t1+(0, 2)) & (1363, 130, 766, t3=t2+(0, 8)) -> (766, 183, 931, t4=t3+(1, 5))	3	9
(4953, 145, 486, t1) & (4021, 44, 4560, t2=t1+(0, 4)) & (4021, 22, 4953, t3=t2+(0, 3)) -> (4953, 22, 486, t4=t3+(1, 7))	3	10
(1147, 166, 2806, t1) & (2160, 154, 81, t2=t1+(0, 4)) & (2806, 162, 2160, t3=t2+(0, 1)) -> (2806, 154, 2160, t4=t3+(1, 2))	3	11
(4084, 150, 2009, t1) & (3900, 108, 1668, t2=t1+(0, 2)) & (3900, 135, 4084, t3=t2+(0, 3)) -> (3900, 135, 1668, t4=t3+(1, 8))	3	12
(2194, 199, 4351, t1) & (771, 18, 4085, t2=t1+(0, 4)) & (2194, 95, 4085, t3=t2+(0, 4)) -> (2194, 18, 771, t4=t3+(1, 2))	3	13
(417, 151, 1386, t1) & (2154, 158, 1486, t2=t1+(0, 6)) & (1486, 129, 417, t3=t2+(0, 10)) -> (1386, 151, 1486, t4=t3+(1, 4))	3	14
(905, 63, 142, t1) & (922, 44, 3464, t2=t1+(0, 3)) & (142, 116, 3464, t3=t2+(0, 4)) -> (142, 116, 142, t4=t3+(1, 6))	3	15
(4310, 33, 2238, t1) & (3358, 113, 1241, t2=t1+(0, 6)) & (4310, 60, 1241, t3=t2+(0, 3)) -> (3358, 113, 1241, t4=t3+(1, 7))	3	16
(499, 92, 679, t1) & (1237, 186, 1379, t2=t1+(0, 3)) & (679, 95, 1379, t3=t2+(0, 6)) -> (1379, 92, 1237, t4=t3+(1, 8))	3	17
(1671, 166, 4488, t1) & (4570, 112, 2234, t2=t1+(0, 6)) & (2234, 50, 1671, t3=t2+(0, 3)) -> (2234, 50, 4570, t4=t3+(1, 4))	3	18
(3256, 159, 1680, t1) & (4114, 62, 2671, t2=t1+(0, 10)) & (3256, 159, 4114, t3=t2+(0, 5)) -> (4114, 62, 4114, t4=t3+(1, 4))	3	19
(2392, 75, 3754, t1) & (1072, 147, 2499, t2=t1+(0, 7)) & (2392, 171, 1072, t3=t2+(0, 2)) -> (1072, 147, 3754, t4=t3+(1, 4))	3	20
(1595, 134, 2746, t1) & (2343, 22, 859, t2=t1+(0, 10)) & (2746, 47, 859, t3=t2+(0, 6)) -> (859, 22, 2746, t4=t3+(1, 8))	3	21
(3408, 100, 413, t1) & (2571, 193, 2461, t2=t1+(0, 4)) & (3408, 4, 2571, t3=t2+(0, 7)) -> (3408, 193, 3408, t4=t3+(1, 3))	3	22
(4942, 43, 4069, t1) & (1745, 11, 4546, t2=t1+(0, 5)) & (1745, 18, 4069, t3=t2+(0, 3)) -> (1745, 18, 4069, t4=t3+(1, 7))	3	23
(2533, 14, 4319, t1) & (4451, 62, 3778, t2=t1+(0, 3)) & (4319, 51, 4451, t3=t2+(0, 4)) -> (4319, 51, 3778, t4=t3+(1, 4))	3	24
(4190, 51, 449, t1) & (1173, 196, 2762, t2=t1+(0, 8)) & (4190, 25, 2762, t3=t2+(0, 6)) -> (1173, 51, 2762, t4=t3+(1, 7))	3	25
(4126, 123, 1744, t1) & (3338, 145, 2149, t2=t1+(0, 4)) & (3338, 145, 1744, t3=t2+(0, 5)) -> (1744, 145, 1744, t4=t3+(1, 7))	3	26
(941, 51, 3396, t1) & (436, 155, 642, t2=t1+(0, 6)) & (941, 33, 642, t3=t2+(0, 6)) -> (642, 155, 941, t4=t3+(1, 1))	3	27
(2596, 126, 946, t1) & (3058, 143, 2587, t2=t1+(0, 5)) & (946, 126, 3058, t3=t2+(0, 2)) -> (2587, 126, 2587, t4=t3+(1, 6))	3	28
(2499, 181, 3094, t1) & (1302, 134, 4454, t2=t1+(0, 6)) & (2499, 20, 4454, t3=t2+(0, 7)) -> (4454, 20, 2499, t4=t3+(1, 5))	3	29
(390, 189, 737, t1) & (652, 101, 3386, t2=t1+(0, 3)) & (390, 136, 3386, t3=t2+(0, 3)) -> (390, 136, 652, t4=t3+(1, 6))	3	30
(1822, 3, 3937, t1) & (2252, 68, 4476, t2=t1+(0, 4)) & (2252, 146, 1822, t3=t2+(0, 4)) -> (1822, 68, 2252, t4=t3+(1, 7))	3	31
(385, 118, 1623, t1) & (163, 29, 1108, t2=t1+(0, 2)) & (1108, 11, 385, t3=t2+(0, 8)) -> (1108, 118, 385, t4=t3+(1, 5))	3	32
(4934, 105, 2128, t1) & (4502, 62, 618, t2=t1+(0, 5)) & (2128, 147, 4502, t3=t2+(0, 4)) -> (4502, 147, 4502, t4=t3+(1, 5))	3	33
(3480, 179, 2072, t1) & (1522, 41, 4252, t2=t1+(0, 8)) & (2072, 77, 4252, t3=t2+(0, 5)) -> (3480, 41, 4252, t4=t3+(1, 7))	3	34
(4174, 148, 2565, t1) & (3603, 7, 1027, t2=t1+(0, 13)) & (4174, 89, 1027, t3=t2+(0, 5)) -> (3603, 7, 3603, t4=t3+(1, 7))	3	35
(3423, 163, 565, t1) & (2302, 100, 249, t2=t1+(0, 7)) & (565, 37, 2302, t3=t2+(0, 3)) -> (249, 163, 3423, t4=t3+(1, 1))	3	36
(4389, 147, 437, t1) & (3575, 96, 1245, t2=t1+(0, 5)) & (1245, 82, 4389, t3=t2+(0, 5)) -> (1245, 96, 4389, t4=t3+(1, 5))	3	37
(2921, 90, 353, t1) & (2088, 36, 715, t2=t1+(0, 3)) & (2088, 97, 353, t3=t2+(0, 3)) -> (715, 36, 2088, t4=t3+(1, 6))	3	38
(710, 108, 1168, t1) & (2360, 8, 90, t2=t1+(0, 8)) & (1168, 61, 2360, t3=t2+(0, 6)) -> (2360, 8, 90, t4=t3+(1, 5))	3	39
(1746, 46, 3760, t1) & (3079, 32, 3753, t2=t1+(0, 6)) & (3079, 130, 1746, t3=t2+(0, 3)) -> (1746, 46, 3753, t4=t3+(1, 9))	3	40
(3918, 121, 696, t1) & (85, 101, 4557, t2=t1+(0, 8)) & (4557, 4, 3918, t3=t2+(0, 4)) -> (3918, 4, 4557, t4=t3+(1, 10))	3	41
(972, 95, 3291, t1) & (3579, 103, 855, t2=t1+(0, 4)) & (855, 41, 3291, t3=t2+(0, 6)) -> (972, 41, 972, t4=t3+(1, 3))	3	42
(4088, 41, 2335, t1) & (667, 199, 2856, t2=t1+(0, 5)) & (2335, 168, 667, t3=t2+(0, 4)) -> (2335, 41, 2335, t4=t3+(1, 9))	3	43
(3619, 14, 4039, t1) & (1126, 70, 1892, t2=t1+(0, 6)) & (1126, 41, 3619, t3=t2+(0, 7)) -> (3619, 70, 1892, t4=t3+(1, 4))	3	44
(1018, 31, 1002, t1) & (1510, 118, 2378, t2=t1+(0, 4)) & (1002, 89, 2378, t3=t2+(0, 1)) -> (1510, 31, 1018, t4=t3+(1, 1))	3	45
(822, 153, 389, t1) & (1070, 129, 920, t2=t1+(0, 2)) & (1070, 124, 822, t3=t2+(0, 4)) -> (920, 124, 822, t4=t3+(1, 9))	3	46
(2204, 60, 1576, t1) & (3718, 11, 871, t2=t1+(0, 4)) & (2204, 51, 871, t3=t2+(0, 5)) -> (1576, 51, 3718, t4=t3+(1, 4))	3	47
(4832, 0, 344, t1) & (188, 177, 456, t2=t1+(0, 8)) & (344, 100, 188, t3=t2+(0, 5)) -> (344, 177, 344, t4=t3+(1, 7))	3	48
(1664, 7, 4029, t1) & (586, 144, 2059, t2=t1+(0, 4)) & (586, 156, 4029, t3=t2+(0, 8)) -> (1664, 144, 4029, t4=t3+(1, 3))	3	49
(4, 61, 373, t1) & (1346, 87, 3447, t2=t1+(0, 6)) & (4, 179, 3447, t3=t2+(0, 8)) -> (3447, 61, 4, t4=t3+(1, 6))	3	50
(621, 52, 2267, t1) & (4460, 121, 2076, t2=t1+(0, 3)) & (4460, 135, 621, t3=t2+(0, 9)) -> (621, 52, 4460, t4=t3+(1, 6))	3	51
(2820, 153, 1670, t1) & (2034, 111, 2360, t2=t1+(0, 6)) & (2034, 46, 2820, t3=t2+(0, 4)) -> (2034, 153, 1670, t4=t3+(1, 4))	3	52
(4846, 125, 2357, t1) & (2866, 139, 714, t2=t1+(0, 3)) & (714, 116, 2357, t3=t2+(0, 5)) -> (4846, 116, 2866, t4=t3+(1, 3))	3	53
(126, 173, 1020, t1) & (43, 20, 400, t2=t1+(0, 1)) & (1020, 36, 400, t3=t2+(0, 9)) -> (1020, 173, 1020, t4=t3+(1, 4))	3	54
(4551, 123, 4646, t1) & (4525, 149, 1470, t2=t1+(0, 5)) & (4551, 120, 1470, t3=t2+(0, 6)) -> (4551, 120, 4646, t4=t3+(1, 4))	3	55
(886, 154, 2932, t1) & (4430, 197, 4874, t2=t1+(0, 3)) & (4430, 167, 2932, t3=t2+(0, 3)) -> (4430, 167, 4874, t4=t3+(1, 7))	3	56
(990, 25, 633, t1) & (1765, 178, 2767, t2=t1+(0, 4)) & (633, 78, 2767, t3=t2+(0, 7)) -> (2767, 25, 990, t4=t3+(1, 6))	3	57
(66, 5, 1466, t1) & (4285, 5, 2089, t2=t1+(0, 6)) & (4285, 41, 66, t3=t2+(0, 7)) -> (4285, 5, 4285, t4=t3+(1, 5))	3	58
(4180, 141, 2403, t1) & (173, 103, 4708, t2=t1+(0, 9)) & (173, 60, 2403, t3=t2+(0, 10)) -> (173, 141, 173, t4=t3+(1, 5))	3	59
(4736, 104, 2106, t1) & (3845, 0, 4052, t2=t1+(0, 4)) & (3845, 151, 4736, t3=t2+(0, 9)) -> (2106, 151, 4736, t4=t3+(1, 5))	3	60
(2566, 146, 4321, t1) & (2359, 66, 1585, t2=t1+(0, 3)) & (2359, 183, 4321, t3=t2+(0, 2)) -> (2359, 183, 2359, t4=t3+(1, 8))	3	61
(4014, 179, 140, t1) & (1875, 117, 2367, t2=t1+(0, 5)) & (1875, 86, 140, t3=t2+(0, 3)) -> (1875, 117, 1875, t4=t3+(1, 6))	3	62
(3168, 195, 4630, t1) & (242, 160, 2140, t2=t1+(0, 5)) & (3168, 139, 242, t3=t2+(0, 5)) -> (3168, 195, 3168, t4=t3+(1, 1))	3	63
(754, 26, 2397, t1) & (2652, 107, 3422, t2=t1+(0, 6)) & (3422, 106, 754, t3=t2+(0, 4)) -> (754, 106, 2652, t4=t3+(1, 2))	3	64
(4296, 163, 3360, t1) & (410, 17, 2624, t2=t1+(0, 5)) & (410, 121, 4296, t3=t2+(0, 2)) -> (2624, 17, 4296, t4=t3+(1, 7))	3	65
(2352, 51, 2259, t1) & (2350, 81, 212, t2=t1+(0, 4)) & (2352, 144, 2350, t3=t2+(0, 1)) -> (2352, 81, 2352, t4=t3+(1, 6))	3	66
(516, 141, 3761, t1) & (2203, 128, 2260, t2=t1+(0, 2)) & (2260, 133, 516, t3=t2+(0, 4)) -> (2203, 141, 516, t4=t3+(1, 3))	3	67
(4817, 84, 456, t1) & (1615, 72, 919, t2=t1+(0, 8)) & (456, 59, 1615, t3=t2+(0, 7)) -> (1615, 59, 4817, t4=t3+(1, 11))	3	68
(2684, 17, 4865, t1) & (1768, 79, 2426, t2=t1+(0, 6)) & (4865, 43, 1768, t3=t2+(0, 5)) -> (4865, 43, 2426, t4=t3+(1, 4))	3	69
(1526, 95, 3270, t1) & (3693, 184, 1704, t2=t1+(0, 3)) & (1526, 151, 1704, t3=t2+(0, 3)) -> (1526, 95, 3693, t4=t3+(1, 4))	3	70
(2787, 95, 947, t1) & (2871, 43, 3654, t2=t1+(0, 3)) & (2871, 155, 2787, t3=t2+(0, 3)) -> (2787, 43, 2787, t4=t3+(1, 3))	3	71
(4949, 38, 2144, t1) & (3638, 46, 4074, t2=t1+(0, 7)) & (3638, 183, 4949, t3=t2+(0, 7)) -> (4949, 183, 4949, t4=t3+(1, 5))	3	72
(2016, 198, 4347, t1) & (1607, 143, 953, t2=t1+(0, 4)) & (1607, 20, 2016, t3=t2+(0, 5)) -> (4347, 20, 953, t4=t3+(1, 4))	3	73
(2469, 190, 4976, t1) & (667, 158, 3727, t2=t1+(0, 8)) & (3727, 100, 2469, t3=t2+(0, 5)) -> (2469, 158, 4976, t4=t3+(1, 2))	3	74
(2223, 198, 1983, t1) & (2726, 159, 1494, t2=t1+(0, 3)) & (1983, 139, 2726, t3=t2+(0, 6)) -> (2223, 139, 2223, t4=t3+(1, 2))	3	75
(2406, 188, 1595, t1) & (4087, 87, 602, t2=t1+(0, 4)) & (1595, 190, 4087, t3=t2+(0, 8)) -> (2406, 190, 4087, t4=t3+(1, 3))	3	76
(1058, 174, 3245, t1) & (1328, 85, 3740, t2=t1+(0, 2)) & (1058, 25, 3740, t3=t2+(0, 2)) -> (3245, 174, 3245, t4=t3+(1, 7))	3	77
(2499, 192, 3343, t1) & (3134, 189, 4280, t2=t1+(0, 4)) & (4280, 118, 2499, t3=t2+(0, 5)) -> (3343, 192, 2499, t4=t3+(1, 4))	3	78
(1309, 67, 3350, t1) & (569, 1, 1263, t2=t1+(0, 6)) & (569, 39, 1309, t3=t2+(0, 4)) -> (3350, 39, 1263, t4=t3+(1, 6))	3	79
(1215, 123, 194, t1) & (4911, 7, 1223, t2=t1+(0, 6)) & (194, 93, 1223, t3=t2+(0, 4)) -> (1223, 123, 194, t4=t3+(1, 5))	3	80
(4119, 67, 962, t1) & (2946, 33, 2758, t2=t1+(0, 3)) & (962, 75, 2946, t3=t2+(0, 6)) -> (962, 67, 2946, t4=t3+(1, 6))	3	81
(2734, 105, 1193, t1) & (3943, 43, 400, t2=t1+(0, 4)) & (2734, 93, 3943, t3=t2+(0, 9)) -> (3943, 93, 3943, t4=t3+(1, 3))	3	82
(3342, 112, 229, t1) & (3844, 77, 3107, t2=t1+(0, 5)) & (3107, 88, 3342, t3=t2+(0, 4)) -> (3342, 88, 3107, t4=t3+(1, 5))	3	83
(930, 16, 4327, t1) & (27, 38, 2118, t2=t1+(0, 4)) & (930, 182, 27, t3=t2+(0, 5)) -> (930, 38, 930, t4=t3+(1, 9))	3	84
(498, 27, 4848, t1) & (3180, 58, 1843, t2=t1+(0, 5)) & (4848, 181, 1843, t3=t2+(0, 9)) -> (1843, 181, 498, t4=t3+(1, 4))	3	85
(4228, 113, 734, t1) & (655, 71, 3003, t2=t1+(0, 2)) & (655, 63, 4228, t3=t2+(0, 6)) -> (734, 113, 655, t4=t3+(1, 6))	3	86
(710, 179, 1245, t1) & (3579, 181, 1282, t2=t1+(0, 3)) & (1245, 11, 1282, t3=t2+(0, 1)) -> (1282, 181, 710, t4=t3+(1, 5))	3	87
(4310, 123, 702, t1) & (4224, 43, 1686, t2=t1+(0, 9)) & (702, 2, 1686, t3=t2+(0, 7)) -> (4310, 43, 1686, t4=t3+(1, 1))	3	88
(3883, 36, 4485, t1) & (1108, 175, 4556, t2=t1+(0, 4)) & (1108, 72, 3883, t3=t2+(0, 1)) -> (1108, 36, 4556, t4=t3+(1, 7))	3	89
(2587, 191, 4571, t1) & (4364, 13, 3541, t2=t1+(0, 3)) & (2587, 11, 3541, t3=t2+(0, 7)) -> (4364, 191, 3541, t4=t3+(1, 5))	3	90
(1375, 77, 4771, t1) & (43, 125, 4595, t2=t1+(0, 12)) & (43, 133, 1375, t3=t2+(0, 5)) -> (43, 125, 4595, t4=t3+(1, 6))	3	91
(2326, 67, 4179, t1) & (758, 103, 3694, t2=t1+(0, 8)) & (4179, 70, 3694, t3=t2+(0, 2)) -> (3694, 103, 3694, t4=t3+(1, 6))	3	92
(1168, 183, 1221, t1) & (53, 18, 4325, t2=t1+(0, 4)) & (1221, 8, 53, t3=t2+(0, 5)) -> (1221, 8, 4325, t4=t3+(1, 3))	3	93
(2628, 193, 4461, t1) & (3462, 68, 3122, t2=t1+(0, 4)) & (3122, 35, 2628, t3=t2+(0, 6)) -> (2628, 68, 2628, t4=t3+(1, 3))	3	94
(2314, 122, 3950, t1) & (3830, 47, 1403, t2=t1+(0, 4)) & (1403, 179, 3950, t3=t2+(0, 10)) -> (3950, 122, 2314, t4=t3+(1, 9))	3	95
(4993, 122, 2849, t1) & (2307, 19, 2949, t2=t1+(0, 5)) & (2307, 48, 2849, t3=t2+(0, 5)) -> (2307, 48, 2849, t4=t3+(1, 7))	3	96
(4715, 114, 935, t1) & (3500, 34, 2838, t2=t1+(0, 5)) & (3500, 152, 935, t3=t2+(0, 3)) -> (935, 34, 4715, t4=t3+(1, 4))	3	97
(683, 124, 2869, t1) & (1902, 23, 2754, t2=t1+(0, 4)) & (683, 88, 1902, t3=t2+(0, 3)) -> (2754, 88, 2869, t4=t3+(1, 9))	3	98
(1804, 69, 3481, t1) & (3330, 10, 707, t2=t1+(0, 4)) & (707, 142, 3481, t3=t2+(0, 3)) -> (707, 10, 707, t4=t3+(1, 1))	3	99
(40, 155, 1265, t1) & (4929, 15, 3634, t2=t1+(0, 6)) & (4929, 194, 1265, t3=t2+(0, 10)) -> (1265, 155, 40, t4=t3+(1, 3))	3	100
(2056, 161, 3529, t1) & (1022, 156, 2478, t2=t1+(0, 5)) & (2056, 17, 2478, t3=t2+(0, 3)) -> (2478, 161, 3529, t4=t3+(1, 5))	3	101
(818, 92, 4703, t1) & (1217, 62, 3232, t2=t1+(0, 4)) & (1217, 160, 818, t3=t2+(0, 5)) -> (4703, 160, 818, t4=t3+(1, 4))	3	102
(813, 27, 27, t1) & (2341, 125, 1655, t2=t1+(0, 3)) & (27, 177, 1655, t3=t2+(0, 3)) -> (2341, 125, 1655, t4=t3+(1, 7))	3	103
(4736, 61, 1917, t1) & (3601, 92, 1522, t2=t1+(0, 3)) & (1917, 68, 3601, t3=t2+(0, 7)) -> (3601, 92, 1917, t4=t3+(1, 7))	3	104
(920, 64, 1358, t1) & (2444, 160, 3364, t2=t1+(0, 3)) & (2444, 34, 1358, t3=t2+(0, 4)) -> (2444, 64, 3364, t4=t3+(1, 8))	3	105
(1861, 144, 2219, t1) & (3579, 182, 4580, t2=t1+(0, 5)) & (4580, 118, 1861, t3=t2+(0, 7)) -> (4580, 182, 1861, t4=t3+(1, 2))	3	106
(3246, 77, 1826, t1) & (543, 44, 1966, t2=t1+(0, 9)) & (1826, 141, 543, t3=t2+(0, 4)) -> (543, 44, 1826, t4=t3+(1, 5))	3	107
(1828, 130, 3509, t1) & (977, 132, 1602, t2=t1+(0, 5)) & (3509, 87, 977, t3=t2+(0, 8)) -> (977, 132, 3509, t4=t3+(1, 8))	3	108
(2942, 143, 1069, t1) & (4130, 61, 4401, t2=t1+(0, 5)) & (4130, 107, 2942, t3=t2+(0, 7)) -> (2942, 143, 1069, t4=t3+(1, 5))	3	109
(644, 43, 1157, t1) & (1707, 72, 738, t2=t1+(0, 5)) & (1707, 71, 1157, t3=t2+(0, 4)) -> (1157, 72, 1157, t4=t3+(1, 4))	3	110
(1292, 109, 3252, t1) & (4291, 13, 2500, t2=t1+(0, 3)) & (4291, 120, 1292, t3=t2+(0, 4)) -> (3252, 13, 2500, t4=t3+(1, 7))	3	111
(4106, 39, 3475, t1) & (787, 141, 4534, t2=t1+(0, 4)) & (4534, 165, 3475, t3=t2+(0, 3)) -> (787, 39, 4106, t4=t3+(1, 5))	3	112
(1716, 124, 2922, t1) & (1161, 159, 2253, t2=t1+(0, 6)) & (2922, 132, 2253, t3=t2+(0, 4)) -> (2253, 159, 2922, t4=t3+(1, 8))	3	113
(4837, 10, 101, t1) & (4828, 60, 1669, t2=t1+(0, 5)) & (4828, 178, 4837, t3=t2+(0, 9)) -> (1669, 178, 4837, t4=t3+(1, 3))	3	114
(3434, 77, 2283, t1) & (1435, 61, 1165, t2=t1+(0, 7)) & (3434, 193, 1165, t3=t2+(0, 6)) -> (1165, 77, 3434, t4=t3+(1, 4))	3	115
(1072, 172, 3166, t1) & (4236, 78, 936, t2=t1+(0, 5)) & (936, 160, 3166, t3=t2+(0, 3)) -> (3166, 160, 4236, t4=t3+(1, 8))	3	116
(2405, 21, 3836, t1) & (356, 174, 1158, t2=t1+(0, 4)) & (1158, 47, 2405, t3=t2+(0, 4)) -> (2405, 21, 3836, t4=t3+(1, 3))	3	117
(4527, 143, 4814, t1) & (1639, 75, 2151, t2=t1+(0, 3)) & (1639, 32, 4527, t3=t2+(0, 4)) -> (1639, 75, 1639, t4=t3+(1, 6))	3	118
(1155, 130, 2199, t1) & (2478, 149, 1789, t2=t1+(0, 3)) & (2199, 38, 2478, t3=t2+(0, 5)) -> (1155, 149, 1789, t4=t3+(1, 3))	3	119
(114, 189, 2097, t1) & (2566, 121, 2656, t2=t1+(0, 8)) & (2566, 82, 2097, t3=t2+(0, 6)) -> (2656, 121, 2097, t4=t3+(1, 6))	3	120
(86, 82, 4136, t1) & (2386, 79, 2111, t2=t1+(0, 3)) & (2386, 148, 4136, t3=t2+(0, 6)) -> (2111, 148, 2111, t4=t3+(1, 7))	3	121
(1738, 58, 3921, t1) & (3937, 188, 577, t2=t1+(0, 6)) & (1738, 127, 577, t3=t2+(0, 3)) -> (3937, 127, 1738, t4=t3+(1, 4))	3	122
(4882, 13, 4709, t1) & (3141, 16, 2697, t2=t1+(0, 5)) & (3141, 166, 4882, t3=t2+(0, 3)) -> (4882, 16, 3141, t4=t3+(1, 4))	3	123
(535, 62, 3871, t1) & (1897, 93, 3785, t2=t1+(0, 8)) & (3871, 48, 3785, t3=t2+(0, 5)) -> (3871, 62, 3785, t4=t3+(1, 4))	3	124
(2825, 5, 2125, t1) & (2553, 126, 4877, t2=t1+(0, 4)) & (4877, 181, 2825, t3=t2+(0, 5)) -> (2825, 126, 2553, t4=t3+(1, 6))	3	125
(186, 46, 4120, t1) & (1604, 165, 2270, t2=t1+(0, 7)) & (186, 167, 1604, t3=t2+(0, 7)) -> (4120, 167, 186, t4=t3+(1, 3))	3	126
(3159, 155, 3385, t1) & (2202, 115, 4189, t2=t1+(0, 5)) & (3159, 96, 2202, t3=t2+(0, 7)) -> (2202, 115, 3159, t4=t3+(1, 4))	3	127
(2872, 98, 4884, t1) & (2814, 27, 1168, t2=t1+(0, 5)) & (2872, 114, 2814, t3=t2+(0, 8)) -> (2872, 27, 2872, t4=t3+(1, 4))	3	128
(263, 25, 3421, t1) & (2638, 8, 3007, t2=t1+(0, 3)) & (2638, 119, 263, t3=t2+(0, 3)) -> (263, 25, 2638, t4=t3+(1, 1))	3	129
(1110, 49, 1772, t1) & (3934, 44, 945, t2=t1+(0, 5)) & (3934, 30, 1772, t3=t2+(0, 5)) -> (1110, 49, 1772, t4=t3+(1, 5))	3	130
(2646, 75, 4475, t1) & (3721, 39, 4689, t2=t1+(0, 1)) & (4475, 197, 4689, t3=t2+(0, 8)) -> (2646, 39, 4689, t4=t3+(1, 5))	3	131
(2079, 146, 1520, t1) & (2913, 160, 3183, t2=t1+(0, 3)) & (2913, 133, 1520, t3=t2+(0, 7)) -> (2079, 133, 2913, t4=t3+(1, 6))	3	132
(4772, 166, 2369, t1) & (4511, 72, 3247, t2=t1+(0, 2)) & (4772, 48, 4511, t3=t2+(0, 4)) -> (4511, 166, 3247, t4=t3+(1, 3))	3	133
(3742, 171, 85, t1) & (4767, 73, 4103, t2=t1+(0, 6)) & (3742, 80, 4767, t3=t2+(0, 6)) -> (4767, 73, 4767, t4=t3+(1, 8))	3	134
(2797, 22, 1643, t1) & (392, 155, 461, t2=t1+(0, 7)) & (392, 184, 1643, t3=t2+(0, 4)) -> (1643, 155, 392, t4=t3+(1, 8))	3	135
(1134, 138, 2050, t1) & (4836, 89, 270, t2=t1+(0, 2)) & (2050, 17, 4836, t3=t2+(0, 7)) -> (1134, 138, 2050, t4=t3+(1, 4))	3	136
(4318, 171, 837, t1) & (4001, 46, 3565, t2=t1+(0, 8)) & (837, 37, 4001, t3=t2+(0, 1)) -> (4318, 171, 3565, t4=t3+(1, 5))	3	137
(4095, 94, 4508, t1) & (1207, 90, 2048, t2=t1+(0, 3)) & (4508, 111, 1207, t3=t2+(0, 3)) -> (1207, 111, 2048, t4=t3+(1, 10))	3	138
(444, 135, 2638, t1) & (375, 36, 2273, t2=t1+(0, 7)) & (2273, 14, 444, t3=t2+(0, 6)) -> (444, 36, 2638, t4=t3+(1, 6))	3	139
(1332, 191, 1007, t1) & (3139, 169, 4468, t2=t1+(0, 2)) & (3139, 55, 1007, t3=t2+(0, 7)) -> (1007, 55, 1007, t4=t3+(1, 4))	3	140
(3063, 176, 752, t1) & (1263, 141, 2935, t2=t1+(0, 5)) & (3063, 177, 1263, t3=t2+(0, 8)) -> (1263, 177, 3063, t4=t3+(1, 3))	3	141
(251, 30, 1800, t1) & (782, 183, 2827, t2=t1+(0, 3)) & (251, 152, 2827, t3=t2+(0, 0)) -> (1800, 183, 2827, t4=t3+(1, 9))	3	142
(2846, 32, 1278, t1) & (3, 99, 915, t2=t1+(0, 4)) & (3, 117, 2846, t3=t2+(0, 2)) -> (2846, 32, 2846, t4=t3+(1, 4))	3	143
(1832, 65, 1332, t1) & (1944, 123, 1781, t2=t1+(0, 6)) & (1944, 165, 1832, t3=t2+(0, 4)) -> (1832, 165, 1832, t4=t3+(1, 4))	3	144
(3787, 143, 382, t1) & (4970, 13, 4834, t2=t1+(0, 5)) & (3787, 59, 4970, t3=t2+(0, 8)) -> (4834, 59, 4970, t4=t3+(1, 4))	3	145
(3562, 70, 892, t1) & (3803, 150, 4562, t2=t1+(0, 6)) & (3803, 44, 3562, t3=t2+(0, 5)) -> (3562, 70, 892, t4=t3+(1, 9))	3	146
(3177, 117, 467, t1) & (1320, 110, 155, t2=t1+(0, 8)) & (3177, 110, 1320, t3=t2+(0, 5)) -> (1320, 110, 3177, t4=t3+(1, 5))	3	147
(3648, 75, 2672, t1) & (4238, 109, 4353, t2=t1+(0, 2)) & (4238, 44, 3648, t3=t2+(0, 6)) -> (4238, 109, 4353, t4=t3+(1, 1))	3	148
(3647, 2, 3035, t1) & (4022, 185, 4013, t2=t1+(0, 6)) & (3035, 152, 4013, t3=t2+(0, 9)) -> (4022, 2, 4022, t4=t3+(1, 7))	3	149
(2237, 39, 1508, t1) & (3914, 145, 2930, t2=t1+(0, 4)) & (3914, 44, 2237, t3=t2+(0, 5)) -> (2930, 145, 2237, t4=t3+(1, 4))	3	150
(3222, 113, 3279, t1) & (4202, 159, 1889, t2=t1+(0, 4)) & (3279, 38, 4202, t3=t2+(0, 5)) -> (4202, 113, 4202, t4=t3+(1, 4))	3	151
(1817, 21, 3582, t1) & (743, 126, 799, t2=t1+(0, 3)) & (1817, 170, 743, t3=t2+(0, 3)) -> (743, 126, 743, t4=t3+(1, 5))	3	152
(1004, 87, 2827, t1) & (3218, 157, 3755, t2=t1+(0, 4)) & (2827, 75, 3218, t3=t2+(0, 11)) -> (2827, 75, 3218, t4=t3+(1, 4))	3	153
(2848, 74, 2379, t1) & (1178, 14, 1257, t2=t1+(0, 2)) & (2379, 157, 1257, t3=t2+(0, 7)) -> (2379, 74, 2379, t4=t3+(1, 6))	3	154
(4318, 127, 562, t1) & (698, 134, 3568, t2=t1+(0, 8)) & (698, 126, 562, t3=t2+(0, 4)) -> (698, 126, 562, t4=t3+(1, 5))	3	155
(2668, 72, 4387, t1) & (661, 105, 2629, t2=t1+(0, 8)) & (661, 19, 2668, t3=t2+(0, 4)) -> (661, 72, 2629, t4=t3+(1, 9))	3	156
(4844, 16, 1585, t1) & (539, 175, 892, t2=t1+(0, 8)) & (4844, 126, 892, t3=t2+(0, 3)) -> (4844, 175, 892, t4=t3+(1, 3))	3	157
(4288, 101, 2527, t1) & (191, 182, 4712, t2=t1+(0, 0)) & (191, 198, 2527, t3=t2+(0, 7)) -> (191, 198, 4712, t4=t3+(1, 3))	3	158
(4195, 168, 1133, t1) & (1503, 148, 1987, t2=t1+(0, 5)) & (1133, 58, 1987, t3=t2+(0, 5)) -> (1987, 58, 1987, t4=t3+(1, 2))	3	159
(45, 198, 444, t1) & (36, 55, 4032, t2=t1+(0, 6)) & (4032, 46, 45, t3=t2+(0, 5)) -> (444, 198, 4032, t4=t3+(1, 3))	3	160
(3154, 159, 997, t1) & (4214, 9, 519, t2=t1+(0, 5)) & (4214, 70, 997, t3=t2+(0, 4)) -> (519, 9, 4214, t4=t3+(1, 5))	3	161
(1130, 52, 673, t1) & (3278, 62, 1204, t2=t1+(0, 4)) & (3278, 155, 1130, t3=t2+(0, 6)) -> (673, 52, 1130, t4=t3+(1, 6))	3	162
(1580, 65, 881, t1) & (3434, 32, 2541, t2=t1+(0, 5)) & (1580, 134, 3434, t3=t2+(0, 5)) -> (1580, 32, 3434, t4=t3+(1, 5))	3	163
(1623, 13, 2040, t1) & (2125, 131, 3940, t2=t1+(0, 4)) & (2040, 30, 2125, t3=t2+(0, 5)) -> (2040, 13, 2040, t4=t3+(1, 5))	3	164
(2695, 167, 4837, t1) & (215, 167, 3934, t2=t1+(0, 6)) & (2695, 179, 215, t3=t2+(0, 5)) -> (215, 167, 215, t4=t3+(1, 6))	3	165
(2358, 78, 3029, t1) & (1279, 172, 975, t2=t1+(0, 7)) & (975, 147, 2358, t3=t2+(0, 4)) -> (3029, 147, 975, t4=t3+(1, 3))	3	166
(1814, 52, 1898, t1) & (2339, 127, 910, t2=t1+(0, 5)) & (910, 36, 1814, t3=t2+(0, 7)) -> (1814, 52, 910, t4=t3+(1, 5))	3	167
(897, 162, 3774, t1) & (4735, 87, 1131, t2=t1+(0, 6)) & (4735, 95, 897, t3=t2+(0, 3)) -> (4735, 162, 897, t4=t3+(1, 3))	3	168
(1153, 82, 4385, t1) & (3017, 104, 671, t2=t1+(0, 3)) & (1153, 199, 3017, t3=t2+(0, 6)) -> (3017, 104, 671, t4=t3+(1, 6))	3	169
(3984, 105, 3429, t1) & (2240, 130, 1017, t2=t1+(0, 4)) & (3429, 170, 1017, t3=t2+(0, 5)) -> (3429, 130, 3429, t4=t3+(1, 6))	3	170
(908, 188, 2893, t1) & (1227, 154, 2781, t2=t1+(0, 7)) & (1227, 182, 2893, t3=t2+(0, 4)) -> (908, 154, 1227, t4=t3+(1, 2))	3	171
(1437, 144, 1859, t1) & (3475, 27, 467, t2=t1+(0, 5)) & (1859, 152, 3475, t3=t2+(0, 3)) -> (3475, 144, 467, t4=t3+(1, 6))	3	172
(878, 149, 2936, t1) & (2637, 28, 2782, t2=t1+(0, 4)) & (878, 15, 2637, t3=t2+(0, 4)) -> (2936, 15, 878, t4=t3+(1, 7))	3	173
(3193, 111, 4850, t1) & (808, 160, 1641, t2=t1+(0, 2)) & (3193, 89, 808, t3=t2+(0, 4)) -> (1641, 111, 808, t4=t3+(1, 3))	3	174
(734, 11, 3088, t1) & (3587, 170, 1042, t2=t1+(0, 6)) & (3088, 146, 1042, t3=t2+(0, 3)) -> (3088, 146, 3088, t4=t3+(1, 7))	3	175
(3855, 172, 504, t1) & (4002, 176, 1911, t2=t1+(0, 7)) & (4002, 175, 504, t3=t2+(0, 4)) -> (504, 175, 4002, t4=t3+(1, 3))	3	176
(1691, 27, 3043, t1) & (921, 27, 4459, t2=t1+(0, 5)) & (4459, 35, 1691, t3=t2+(0, 1)) -> (4459, 35, 4459, t4=t3+(1, 5))	3	177
(2364, 136, 2385, t1) & (336, 160, 4910, t2=t1+(0, 3)) & (2385, 153, 336, t3=t2+(0, 7)) -> (2364, 136, 2364, t4=t3+(1, 7))	3	178
(4219, 86, 1672, t1) & (2735, 130, 3453, t2=t1+(0, 5)) & (1672, 103, 2735, t3=t2+(0, 3)) -> (3453, 86, 1672, t4=t3+(1, 6))	3	179
(514, 104, 2878, t1) & (4558, 193, 4775, t2=t1+(0, 4)) & (2878, 40, 4558, t3=t2+(0, 5)) -> (4558, 104, 4775, t4=t3+(1, 4))	3	180
(2499, 93, 3043, t1) & (1694, 4, 1754, t2=t1+(0, 8)) & (2499, 15, 1754, t3=t2+(0, 7)) -> (3043, 15, 1754, t4=t3+(1, 3))	3	181
(262, 74, 2977, t1) & (4404, 27, 1550, t2=t1+(0, 2)) & (1550, 177, 262, t3=t2+(0, 7)) -> (1550, 27, 1550, t4=t3+(1, 6))	3	182
(2373, 173, 3424, t1) & (2850, 167, 4292, t2=t1+(0, 3)) & (3424, 114, 2850, t3=t2+(0, 4)) -> (2373, 173, 3424, t4=t3+(1, 4))	3	183
(2684, 52, 2406, t1) & (4979, 104, 750, t2=t1+(0, 7)) & (4979, 93, 2406, t3=t2+(0, 5)) -> (2406, 104, 4979, t4=t3+(1, 6))	3	184
(4336, 61, 1327, t1) & (3688, 12, 2330, t2=t1+(0, 3)) & (2330, 82, 4336, t3=t2+(0, 7)) -> (4336, 82, 3688, t4=t3+(1, 7))	3	185
(4438, 87, 1255, t1) & (4251, 25, 4842, t2=t1+(0, 3)) & (4842, 12, 4438, t3=t2+(0, 4)) -> (4251, 25, 4842, t4=t3+(1, 3))	3	186
(2406, 106, 4544, t1) & (639, 60, 3864, t2=t1+(0, 3)) & (2406, 164, 3864, t3=t2+(0, 5)) -> (3864, 60, 3864, t4=t3+(1, 5))	3	187
(3538, 90, 1023, t1) & (196, 85, 2384, t2=t1+(0, 4)) & (196, 174, 1023, t3=t2+(0, 4)) -> (196, 90, 1023, t4=t3+(1, 7))	3	188
(1995, 86, 1172, t1) & (2776, 193, 1304, t2=t1+(0, 9)) & (1172, 129, 1304, t3=t2+(0, 2)) -> (1304, 129, 1304, t4=t3+(1, 8))	3	189
(4353, 96, 3919, t1) & (4962, 39, 3363, t2=t1+(0, 1)) & (4353, 77, 4962, t3=t2+(0, 5)) -> (3919, 96, 4353, t4=t3+(1, 7))	3	190
(2618, 66, 2057, t1) & (1918, 114, 4822, t2=t1+(0, 7)) & (1918, 37, 2057, t3=t2+(0, 2)) -> (4822, 66, 2618, t4=t3+(1, 5))	3	191
(1788, 185, 3361, t1) & (3284, 58, 2451, t2=t1+(0, 5)) & (2451, 88, 3361, t3=t2+(0, 4)) -> (3284, 58, 3361, t4=t3+(1, 6))	3	192
(2633, 177, 3665, t1) & (555, 81, 2928, t2=t1+(0, 5)) & (555, 43, 2633, t3=t2+(0, 2)) -> (2928, 81, 555, t4=t3+(1, 4))	3	193
(3873, 157, 396, t1) & (4236, 121, 779, t2=t1+(0, 4)) & (396, 154, 779, t3=t2+(0, 11)) -> (4236, 157, 779, t4=t3+(1, 7))	3	194
(3859, 43, 698, t1) & (3240, 182, 2783, t2=t1+(0, 2)) & (698, 188, 3240, t3=t2+(0, 8)) -> (3240, 43, 3859, t4=t3+(1, 6))	3	195
(3470, 84, 682, t1) & (90, 53, 1984, t2=t1+(0, 8)) & (682, 41, 90, t3=t2+(0, 4)) -> (90, 53, 3470, t4=t3+(1, 6))	3	196
(4414, 14, 701, t1) & (2858, 119, 2834, t2=t1+(0, 3)) & (2858, 10, 701, t3=t2+(0, 6)) -> (4414, 14, 701, t4=t3+(1, 4))	3	197
(2890, 83, 3832, t1) & (406, 44, 320, t2=t1+(0, 2)) & (3832, 31, 320, t3=t2+(0, 8)) -> (3832, 31, 406, t4=t3+(1, 5))	3	198
(4219, 89, 1195, t1) & (3236, 178, 4659, t2=t1+(0, 2)) & (1195, 89, 3236, t3=t2+(0, 3)) -> (3236, 178, 4659, t4=t3+(1, 3))	3	199
(806, 111, 3804, t1) & (2692, 165, 3804, t2=t1+(0, 4)) -> (806, 111, 806, t3=t2+(1, 5))	2	200
(3546, 150, 3149, t1) & (3149, 183, 3149, t2=t1+(0, 9)) -> (3149, 183, 3546, t3=t2+(1, 7))	2	201
(816, 186, 2804, t1) & (3832, 187, 2804, t2=t1+(0, 4)) -> (2804, 186, 816, t3=t2+(1, 1))	2	202
(717, 77, 1368, t1) & (717, 14, 3496, t2=t1+(0, 4)) -> (717, 77, 1368, t3=t2+(1, 3))	2	203
(1113, 150, 3213, t1) & (1113, 89, 1113, t2=t1+(0, 4)) -> (1113, 89, 1113, t3=t2+(1, 7))	2	204
(400, 108, 3332, t1) & (375, 194, 400, t2=t1+(0, 4)) -> (375, 108, 3332, t3=t2+(1, 9))	2	205
(3380, 53, 1793, t1) & (1793, 87, 4675, t2=t1+(0, 8)) -> (3380, 87, 1793, t3=t2+(1, 4))	2	206
(501, 178, 143, t1) & (3005, 8, 143, t2=t1+(0, 4)) -> (143, 8, 143, t3=t2+(1, 7))	2	207
(2818, 29, 1092, t1) & (726, 78, 2818, t2=t1+(0, 8)) -> (2818, 29, 726, t3=t2+(1, 3))	2	208
(3206, 158, 1661, t1) & (3206, 136, 2746, t2=t1+(0, 5)) -> (3206, 136, 3206, t3=t2+(1, 4))	2	209
(941, 7, 1556, t1) & (1556, 154, 941, t2=t1+(0, 3)) -> (941, 7, 941, t3=t2+(1, 4))	2	210
(1117, 179, 204, t1) & (1117, 189, 4382, t2=t1+(0, 8)) -> (1117, 189, 1117, t3=t2+(1, 3))	2	211
(3941, 84, 3182, t1) & (4976, 177, 3182, t2=t1+(0, 4)) -> (4976, 177, 3182, t3=t2+(1, 1))	2	212
(2400, 55, 3353, t1) & (2400, 191, 2434, t2=t1+(0, 8)) -> (2400, 191, 3353, t3=t2+(1, 7))	2	213
(1117, 157, 1251, t1) & (1251, 124, 4304, t2=t1+(0, 5)) -> (4304, 157, 4304, t3=t2+(1, 3))	2	214
(2133, 38, 3036, t1) & (3036, 193, 2164, t2=t1+(0, 3)) -> (2133, 38, 3036, t3=t2+(1, 5))	2	215
(2939, 56, 3431, t1) & (3431, 40, 3431, t2=t1+(0, 6)) -> (2939, 40, 3431, t3=t2+(1, 4))	2	216
(391, 135, 4874, t1) & (4874, 164, 1924, t2=t1+(0, 6)) -> (4874, 164, 4874, t3=t2+(1, 7))	2	217
(1883, 100, 2487, t1) & (1515, 183, 1883, t2=t1+(0, 4)) -> (1883, 100, 2487, t3=t2+(1, 6))	2	218
(3804, 133, 1500, t1) & (4012, 113, 3804, t2=t1+(0, 3)) -> (3804, 133, 4012, t3=t2+(1, 4))	2	219
(3111, 84, 4098, t1) & (3111, 193, 3111, t2=t1+(0, 6)) -> (3111, 193, 4098, t3=t2+(1, 8))	2	220
(2740, 7, 735, t1) & (735, 77, 2740, t2=t1+(0, 7)) -> (735, 77, 735, t3=t2+(1, 5))	2	221
(1869, 197, 2491, t1) & (1869, 116, 1869, t2=t1+(0, 7)) -> (1869, 197, 1869, t3=t2+(1, 5))	2	222
(690, 19, 3476, t1) & (1255, 52, 690, t2=t1+(0, 5)) -> (690, 52, 690, t3=t2+(1, 3))	2	223
(833, 30, 2753, t1) & (3766, 37, 2753, t2=t1+(0, 8)) -> (2753, 37, 2753, t3=t2+(1, 6))	2	224
(257, 185, 1531, t1) & (257, 102, 4209, t2=t1+(0, 8)) -> (257, 185, 1531, t3=t2+(1, 9))	2	225
(3475, 189, 3264, t1) & (45, 159, 3475, t2=t1+(0, 5)) -> (45, 189, 3475, t3=t2+(1, 8))	2	226
(4844, 185, 2814, t1) & (4844, 97, 4844, t2=t1+(0, 6)) -> (4844, 97, 4844, t3=t2+(1, 5))	2	227
(330, 3, 2651, t1) & (818, 13, 2651, t2=t1+(0, 10)) -> (330, 3, 818, t3=t2+(1, 7))	2	228
(2437, 107, 3345, t1) & (2748, 124, 2437, t2=t1+(0, 4)) -> (3345, 107, 3345, t3=t2+(1, 5))	2	229
(2490, 89, 2802, t1) & (2802, 73, 100, t2=t1+(0, 1)) -> (2490, 89, 2490, t3=t2+(1, 5))	2	230
(3118, 128, 4266, t1) & (4266, 134, 4266, t2=t1+(0, 4)) -> (4266, 128, 4266, t3=t2+(1, 5))	2	231
(4272, 125, 4096, t1) & (4096, 153, 4096, t2=t1+(0, 6)) -> (4096, 125, 4096, t3=t2+(1, 4))	2	232
(976, 51, 2555, t1) & (976, 176, 770, t2=t1+(0, 8)) -> (770, 51, 976, t3=t2+(1, 6))	2	233
(33, 76, 2188, t1) & (33, 136, 4290, t2=t1+(0, 5)) -> (2188, 76, 33, t3=t2+(1, 7))	2	234
(1833, 141, 337, t1) & (4359, 56, 1833, t2=t1+(0, 11)) -> (4359, 56, 337, t3=t2+(1, 4))	2	235
(2418, 40, 1134, t1) & (2418, 23, 742, t2=t1+(0, 2)) -> (2418, 40, 2418, t3=t2+(1, 1))	2	236
(755, 34, 4396, t1) & (755, 63, 4396, t2=t1+(0, 6)) -> (755, 63, 755, t3=t2+(1, 3))	2	237
(1024, 180, 4670, t1) & (194, 79, 1024, t2=t1+(0, 8)) -> (194, 79, 1024, t3=t2+(1, 6))	2	238
(3892, 143, 8, t1) & (3892, 97, 8, t2=t1+(0, 4)) -> (3892, 97, 3892, t3=t2+(1, 2))	2	239
(1701, 78, 953, t1) & (1948, 176, 953, t2=t1+(0, 4)) -> (953, 176, 1701, t3=t2+(1, 4))	2	240
(2258, 73, 1990, t1) & (690, 4, 2258, t2=t1+(0, 11)) -> (2258, 4, 2258, t3=t2+(1, 6))	2	241
(1181, 4, 3558, t1) & (1181, 195, 3558, t2=t1+(0, 5)) -> (1181, 195, 3558, t3=t2+(1, 8))	2	242
(4139, 67, 4227, t1) & (3881, 79, 4139, t2=t1+(0, 7)) -> (3881, 79, 4227, t3=t2+(1, 4))	2	243
(2274, 176, 321, t1) & (3615, 34, 2274, t2=t1+(0, 4)) -> (321, 34, 2274, t3=t2+(1, 4))	2	244
(4184, 179, 1589, t1) & (2268, 106, 4184, t2=t1+(0, 5)) -> (4184, 106, 4184, t3=t2+(1, 9))	2	245
(1623, 5, 4200, t1) & (1049, 159, 4200, t2=t1+(0, 2)) -> (4200, 159, 4200, t3=t2+(1, 6))	2	246
(1790, 140, 4446, t1) & (2448, 134, 1790, t2=t1+(0, 1)) -> (1790, 140, 4446, t3=t2+(1, 7))	2	247
(740, 144, 3049, t1) & (4413, 169, 3049, t2=t1+(0, 5)) -> (740, 169, 740, t3=t2+(1, 7))	2	248
(3146, 159, 3833, t1) & (4506, 95, 3146, t2=t1+(0, 4)) -> (3833, 159, 3833, t3=t2+(1, 5))	2	249
(2975, 115, 2938, t1) & (2975, 79, 727, t2=t1+(0, 3)) -> (2938, 115, 727, t3=t2+(1, 4))	2	250
(2355, 143, 1095, t1) & (3544, 179, 2355, t2=t1+(0, 6)) -> (1095, 179, 3544, t3=t2+(1, 3))	2	251
(1631, 118, 2448, t1) & (2448, 180, 3350, t2=t1+(0, 4)) -> (1631, 118, 2448, t3=t2+(1, 2))	2	252
(945, 167, 1947, t1) & (1947, 50, 1026, t2=t1+(0, 6)) -> (1947, 167, 1026, t3=t2+(1, 7))	2	253
(2694, 158, 811, t1) & (811, 71, 169, t2=t1+(0, 6)) -> (811, 158, 169, t3=t2+(1, 6))	2	254
(2606, 79, 4278, t1) & (2606, 34, 2606, t2=t1+(0, 8)) -> (2606, 79, 4278, t3=t2+(1, 8))	2	255
(1312, 43, 387, t1) & (1312, 19, 387, t2=t1+(0, 5)) -> (387, 19, 1312, t3=t2+(1, 1))	2	256
(197, 71, 4761, t1) & (358, 62, 197, t2=t1+(0, 4)) -> (4761, 71, 197, t3=t2+(1, 4))	2	257
(3000, 156, 3877, t1) & (3000, 172, 2056, t2=t1+(0, 6)) -> (2056, 156, 3877, t3=t2+(1, 9))	2	258
(2652, 122, 4467, t1) & (2652, 85, 2817, t2=t1+(0, 4)) -> (2652, 122, 2652, t3=t2+(1, 3))	2	259
(4768, 30, 2300, t1) & (2300, 40, 4768, t2=t1+(0, 10)) -> (2300, 40, 2300, t3=t2+(1, 5))	2	260
(1128, 132, 113, t1) & (1021, 135, 1128, t2=t1+(0, 7)) -> (1128, 135, 1128, t3=t2+(1, 5))	2	261
(2515, 19, 3116, t1) & (402, 116, 2515, t2=t1+(0, 4)) -> (402, 116, 402, t3=t2+(1, 6))	2	262
(1327, 116, 2681, t1) & (1327, 115, 857, t2=t1+(0, 7)) -> (1327, 115, 1327, t3=t2+(1, 7))	2	263
(2799, 32, 1822, t1) & (1822, 166, 2799, t2=t1+(0, 4)) -> (1822, 32, 2799, t3=t2+(1, 3))	2	264
(4520, 188, 1064, t1) & (4520, 17, 1064, t2=t1+(0, 4)) -> (4520, 188, 4520, t3=t2+(1, 2))	2	265
(779, 26, 2804, t1) & (2804, 3, 3633, t2=t1+(0, 9)) -> (2804, 3, 2804, t3=t2+(1, 3))	2	266
(2201, 71, 574, t1) & (2201, 198, 574, t2=t1+(0, 3)) -> (2201, 198, 574, t3=t2+(1, 3))	2	267
(4896, 143, 3817, t1) & (4896, 134, 3817, t2=t1+(0, 8)) -> (3817, 143, 4896, t3=t2+(1, 4))	2	268
(3803, 65, 3611, t1) & (3611, 64, 2146, t2=t1+(0, 5)) -> (3611, 65, 2146, t3=t2+(1, 7))	2	269
(3878, 122, 2951, t1) & (3878, 154, 3980, t2=t1+(0, 4)) -> (3878, 154, 3980, t3=t2+(1, 6))	2	270
(3777, 41, 2791, t1) & (2683, 192, 3777, t2=t1+(0, 6)) -> (2791, 192, 3777, t3=t2+(1, 4))	2	271
(668, 186, 4014, t1) & (4014, 164, 4014, t2=t1+(0, 7)) -> (4014, 164, 4014, t3=t2+(1, 4))	2	272
(4956, 35, 4969, t1) & (4260, 15, 4969, t2=t1+(0, 3)) -> (4260, 35, 4956, t3=t2+(1, 5))	2	273
(2415, 162, 4941, t1) & (4628, 21, 2415, t2=t1+(0, 7)) -> (2415, 21, 4628, t3=t2+(1, 5))	2	274
(2274, 146, 3407, t1) & (3407, 11, 2215, t2=t1+(0, 6)) -> (2274, 146, 3407, t3=t2+(1, 8))	2	275
(932, 33, 4492, t1) & (932, 19, 932, t2=t1+(0, 3)) -> (932, 19, 932, t3=t2+(1, 5))	2	276
(1760, 56, 407, t1) & (2606, 34, 407, t2=t1+(0, 5)) -> (2606, 56, 407, t3=t2+(1, 2))	2	277
(4149, 180, 1610, t1) & (1610, 113, 1610, t2=t1+(0, 8)) -> (1610, 113, 1610, t3=t2+(1, 7))	2	278
(3379, 19, 947, t1) & (947, 54, 3379, t2=t1+(0, 9)) -> (3379, 19, 947, t3=t2+(1, 2))	2	279
(3005, 23, 2982, t1) & (2473, 8, 2982, t2=t1+(0, 5)) -> (2473, 23, 2473, t3=t2+(1, 7))	2	280
(876, 115, 1170, t1) & (1170, 194, 1812, t2=t1+(0, 6)) -> (1170, 194, 1170, t3=t2+(1, 3))	2	281
(1867, 140, 3081, t1) & (1867, 45, 1867, t2=t1+(0, 0)) -> (1867, 140, 1867, t3=t2+(1, 7))	2	282
(1109, 9, 2603, t1) & (3095, 128, 2603, t2=t1+(0, 2)) -> (3095, 9, 3095, t3=t2+(1, 4))	2	283
(3856, 195, 2861, t1) & (1144, 23, 2861, t2=t1+(0, 2)) -> (3856, 23, 2861, t3=t2+(1, 7))	2	284
(2171, 46, 615, t1) & (429, 12, 2171, t2=t1+(0, 2)) -> (615, 46, 2171, t3=t2+(1, 5))	2	285
(4661, 108, 451, t1) & (4661, 187, 451, t2=t1+(0, 5)) -> (4661, 108, 4661, t3=t2+(1, 4))	2	286
(2160, 161, 1141, t1) & (3597, 33, 1141, t2=t1+(0, 5)) -> (1141, 161, 1141, t3=t2+(1, 2))	2	287
(3572, 47, 569, t1) & (1878, 91, 3572, t2=t1+(0, 6)) -> (3572, 47, 3572, t3=t2+(1, 4))	2	288
(750, 65, 3672, t1) & (750, 147, 2994, t2=t1+(0, 5)) -> (2994, 147, 750, t3=t2+(1, 3))	2	289
(1277, 77, 331, t1) & (2772, 123, 1277, t2=t1+(0, 2)) -> (1277, 123, 2772, t3=t2+(1, 5))	2	290
(3328, 134, 1559, t1) & (3708, 167, 1559, t2=t1+(0, 5)) -> (3708, 167, 3328, t3=t2+(1, 12))	2	291
(1216, 171, 891, t1) & (4893, 160, 891, t2=t1+(0, 10)) -> (891, 171, 891, t3=t2+(1, 4))	2	292
(3575, 39, 3769, t1) & (3769, 10, 3575, t2=t1+(0, 5)) -> (3575, 39, 3769, t3=t2+(1, 4))	2	293
(3201, 90, 136, t1) & (3201, 142, 4293, t2=t1+(0, 8)) -> (3201, 90, 3201, t3=t2+(1, 5))	2	294
(23, 155, 356, t1) & (23, 28, 2775, t2=t1+(0, 4)) -> (23, 28, 356, t3=t2+(1, 6))	2	295
(3663, 190, 803, t1) & (467, 109, 803, t2=t1+(0, 6)) -> (467, 109, 3663, t3=t2+(1, 4))	2	296
(1168, 159, 1848, t1) & (1168, 185, 1168, t2=t1+(0, 7)) -> (1848, 185, 1168, t3=t2+(1, 2))	2	297
(4959, 41, 2053, t1) & (2270, 6, 4959, t2=t1+(0, 5)) -> (4959, 6, 4959, t3=t2+(1, 3))	2	298
(1157, 135, 4402, t1) & (4910, 108, 1157, t2=t1+(0, 4)) -> (1157, 108, 4402, t3=t2+(1, 7))	2	299
(4690, 153, 1200, t1) -> (4690, 153, 4690, t2=t1+(1, 7))	1	300
(3281, 181, 4000, t1) -> (4000, 181, 4000, t2=t1+(1, 6))	1	301
(2526, 63, 1522, t1) -> (2526, 63, 2526, t2=t1+(1, 4))	1	302
(1144, 141, 2089, t1) -> (2089, 141, 2089, t2=t1+(1, 5))	1	303
(3826, 159, 4468, t1) -> (3826, 159, 4468, t2=t1+(1, 1))	1	304
(4175, 173, 2942, t1) -> (4175, 173, 4175, t2=t1+(1, 6))	1	305
(1956, 8, 4198, t1) -> (1956, 8, 1956, t2=t1+(1, 6))	1	306
(4899, 6, 2409, t1) -> (4899, 6, 2409, t2=t1+(1, 10))	1	307
(3959, 58, 2542, t1) -> (3959, 58, 3959, t2=t1+(1, 1))	1	308
(983, 16, 3657, t1) -> (3657, 16, 983, t2=t1+(1, 1))	1	309
(2430, 68, 4942, t1) -> (4942, 68, 2430, t2=t1+(1, 5))	1	310
(3929, 49, 3876, t1) -> (3876, 49, 3929, t2=t1+(1, 8))	1	311
(2639, 167, 707, t1) -> (707, 167, 2639, t2=t1+(1, 6))	1	312
(3438, 10, 4472, t1) -> (4472, 10, 3438, t2=t1+(1, 3))	1	313
(3655, 170, 1744, t1) -> (1744, 170, 1744, t2=t1+(1, 5))	1	314
(4841, 161, 1524, t1) -> (4841, 161, 4841, t2=t1+(1, 8))	1	315
(3193, 139, 3703, t1) -> (3193, 139, 3703, t2=t1+(1, 8))	1	316
(356, 23, 2604, t1) -> (2604, 23, 2604, t2=t1+(1, 5))	1	317
(1892, 122, 2665, t1) -> (2665, 122, 2665, t2=t1+(1, 5))	1	318
(795, 83, 1034, t1) -> (1034, 83, 1034, t2=t1+(1, 6))	1	319
(1647, 13, 3150, t1) -> (3150, 13, 3150, t2=t1+(1, 8))	1	320
(4488, 133, 1543, t1) -> (4488, 133, 1543, t2=t1+(1, 4))	1	321
(4429, 160, 2042, t1) -> (4429, 160, 4429, t2=t1+(1, 4))	1	322
(1871, 134, 3811, t1) -> (1871, 134, 3811, t2=t1+(1, 7))	1	323
(3817, 93, 510, t1) -> (3817, 93, 510, t2=t1+(1, 4))	1	324
(1459, 178, 4484, t1) -> (1459, 178, 1459, t2=t1+(1, 5))	1	325
(990, 199, 4004, t1) -> (4004, 199, 4004, t2=t1+(1, 4))	1	326
(2968, 199, 1158, t1) -> (1158, 199, 2968, t2=t1+(1, 4))	1	327
(761, 191, 4720, t1) -> (4720, 191, 4720, t2=t1+(1, 2))	1	328
(2985, 40, 1352, t1) -> (2985, 40, 2985, t2=t1+(1, 6))	1	329
(57, 154, 2520, t1) -> (2520, 154, 2520, t2=t1+(1, 4))	1	330
(4355, 54, 4137, t1) -> (4137, 54, 4137, t2=t1+(1, 2))	1	331
(3102, 189, 2631, t1) -> (2631, 189, 3102, t2=t1+(1, 6))	1	332
(3685, 115, 1781, t1) -> (3685, 115, 1781, t2=t1+(1, 7))	1	333
(2108, 71, 1222, t1) -> (2108, 71, 2108, t2=t1+(1, 5))	1	334
(1052, 146, 546, t1) -> (1052, 146, 1052, t2=t1+(1, 3))	1	335
(4040, 20, 410, t1) -> (4040, 20, 410, t2=t1+(1, 7))	1	336
(304, 4, 4656, t1) -> (304, 4, 4656, t2=t1+(1, 6))	1	337
(3388, 153, 3365, t1) -> (3388, 153, 3365, t2=t1+(1, 6))	1	338
(911, 183, 3093, t1) -> (911, 183, 911, t2=t1+(1, 3))	1	339
(4703, 127, 2940, t1) -> (4703, 127, 2940, t2=t1+(1, 3))	1	340
(1258, 31, 4354, t1) -> (4354, 31, 4354, t2=t1+(1, 10))	1	341
(359, 73, 1566, t1) -> (1566, 73, 1566, t2=t1+(1, 6))	1	342
(2665, 99, 1769, t1) -> (2665, 99, 1769, t2=t1+(1, 6))	1	343
(45, 160, 1678, t1) -> (1678, 160, 45, t2=t1+(1, 5))	1	344
(1207, 68, 1182, t1) -> (1207, 68, 1182, t2=t1+(1, 5))	1	345
(3950, 40, 742, t1) -> (3950, 40, 742, t2=t1+(1, 7))	1	346
(212, 165, 3992, t1) -> (3992, 165, 212, t2=t1+(1, 3))	1	347
(1932, 148, 3014, t1) -> (3014, 148, 1932, t2=t1+(1, 2))	1	348
(480, 104, 4472, t1) -> (480, 104, 480, t2=t1+(1, 7))	1	349
