(2718, 164, 1037, t1) & (1341, 6, 4347, t2=t1+(0, 5)) & (4347, 82, 1037, t3=t2+(0, 13)) -> (1037, 164, 1341, t4=t3+(1, 6))	3	0
(1698, 140, 1750, t1) & (1117, 114, 132, t2=t1+(0, 2)) & (1750, 40, 1117, t3=t2+(0, 3)) -> (132, 114, 132, t4=t3+(1, 1))	3	1
(2185, 166, 4665, t1) & (3801, 159, 718, t2=t1+(0, 8)) & (3801, 140, 2185, t3=t2+(0, 5)) -> (3801, 166, 718, t4=t3+(1, 10))	3	2
(369, 143, 4174, t1) & (3112, 191, 89, t2=t1+(0, 3)) & (369, 88, 3112, t3=t2+(0, 3)) -> (369, 88, 369, t4=t3+(1, 5))	3	3
(1939, 192, 3450, t1) & (3858, 184, 1199, t2=t1+(0, 4)) & (1939, 2, 3858, t3=t2+(0, 5)) -> (1939, 2, 3450, t4=t3+(1, 4))	3	4
(618, 198, 2825, t1) & (128, 1, 2147, t2=t1+(0, 3)) & (618, 165, 128, t3=t2+(0, 8)) -> (2147, 165, 2147, t4=t3+(1, 6))	3	5
(610, 84, 4138, t1) & (1693, 11, 4154, t2=t1+(0, 8)) & (1693, 191, 610, t3=t2+(0, 8)) -> (610, 11, 4138, t4=t3+(1, 3))	3	6
(1921, 30, 3806, t1) & (3305, 164, 1513, t2=t1+(0, 4)) & (3806, 75, 3305, t3=t2+(0, 3)) -> (1921, 30, 3305, t4=t3+(1, 8))	3	7
(4410, 126, 4712, t1) & (4535, 16, 1490, t2=t1+(0, 7)) & (4535, 70, 4712, t3=t2+(0, 6)) -> (4535, 126, 4712, t4=t3+(1, 9))	3	8
(4299, 30, 143, t1) & (4973, 86, 645, t2=t1+(0, 6)) & (4299, 87, 4973, t3=t2+(0, 7)) -> (4299, 87, 4973, t4=t3+(1, 6))	3	9
(907, 166, 74, t1) & (1188, 96, 1023, t2=t1+(0, 9)) & (1188, 69, 74, t3=t2+(0, 6)) -> (1188, 96, 74, t4=t3+(1, 4))	3	10
(3142, 181, 552, t1) & (782, 100, 2340, t2=t1+(0, 4)) & (2340, 13, 552, t3=t2+(0, 6)) -> (782, 13, 782, t4=t3+(1, 5))	3	11
(3351, 178, 2518, t1) & (4860, 67, 3528, t2=t1+(0, 6)) & (2518, 128, 3528, t3=t2+(0, 4)) -> (3351, 178, 4860, t4=t3+(1, 7))	3	12
(3335, 85, 1321, t1) & (3436, 122, 3406, t2=t1+(0, 5)) & (3406, 36, 3335, t3=t2+(0, 4)) -> (3406, 122, 3406, t4=t3+(1, 10))	3	13
(1291, 26, 1839, t1) & (1825, 159, 3549, t2=t1+(0, 8)) & (1291, 56, 1825, t3=t2+(0, 7)) -> (1825, 159, 1291, t4=t3+(1, 8))	3	14
(298, 130, 4836, t1) & (3064, 55, 193, t2=t1+(0, 5)) & (298, 183, 193, t3=t2+(0, 8)) -> (3064, 183, 3064, t4=t3+(1, 9))	3	15
(4779, 69, 4974, t1) & (851, 169, 4984, t2=t1+(0, 6)) & (851, 106, 4974, t3=t2+(0, 6)) -> (851, 69, 4974, t4=t3+(1, 3))	3	16
(1545, 113, 4888, t1) & (190, 125, 97, t2=t1+(0, 7)) & (4888, 193, 97, t3=t2+(0, 6)) -> (1545, 125, 97, t4=t3+(1, 5))	3	17
(912, 117, 1738, t1) & (1911, 113, 568, t2=t1+(0, 4)) & (1911, 82, 912, t3=t2+(0, 7)) -> (568, 113, 1911, t4=t3+(1, 7))	3	18
(1161, 138, 1404, t1) & (1803, 24, 2878, t2=t1+(0, 9)) & (1161, 134, 2878, t3=t2+(0, 5)) -> (2878, 138, 1161, t4=t3+(1, 6))	3	19
(3358, 97, 3108, t1) & (4616, 145, 2729, t2=t1+(0, 6)) & (4616, 10, 3108, t3=t2+(0, 5)) -> (4616, 145, 4616, t4=t3+(1, 7))	3	20
(2887, 56, 982, t1) & (3472, 191, 1674, t2=t1+(0, 7)) & (982, 191, 3472, t3=t2+(0, 3)) -> (982, 191, 1674, t4=t3+(1, 5))	3	21
(2794, 113, 1823, t1) & (453, 66, 612, t2=t1+(0, 5)) & (612, 155, 1823, t3=t2+(0, 5)) -> (2794, 113, 453, t4=t3+(1, 4))	3	22
(1356, 48, 1716, t1) & (3731, 122, 966, t2=t1+(0, 5)) & (1356, 166, 3731, t3=t2+(0, 5)) -> (1356, 48, 3731, t4=t3+(1, 8))	3	23
(3428, 178, 2101, t1) & (2157, 18, 1814, t2=t1+(0, 3)) & (1814, 88, 2101, t3=t2+(0, 1)) -> (2157, 88, 1814, t4=t3+(1, 4))	3	24
(4612, 36, 3135, t1) & (2047, 84, 4844, t2=t1+(0, 7)) & (4612, 16, 4844, t3=t2+(0, 3)) -> (4844, 36, 4844, t4=t3+(1, 8))	3	25
(617, 104, 1095, t1) & (3406, 52, 3195, t2=t1+(0, 3)) & (3406, 142, 617, t3=t2+(0, 4)) -> (3406, 104, 3195, t4=t3+(1, 4))	3	26
(4644, 193, 3501, t1) & (2240, 54, 81, t2=t1+(0, 3)) & (2240, 167, 4644, t3=t2+(0, 5)) -> (81, 167, 4644, t4=t3+(1, 3))	3	27
(304, 167, 4610, t1) & (3292, 172, 3361, t2=t1+(0, 5)) & (3361, 162, 304, t3=t2+(0, 7)) -> (3361, 167, 304, t4=t3+(1, 4))	3	28
(1732, 140, 3998, t1) & (1760, 7, 2778, t2=t1+(0, 4)) & (1760, 122, 1732, t3=t2+(0, 7)) -> (2778, 140, 2778, t4=t3+(1, 4))	3	29
(4694, 33, 273, t1) & (4953, 25, 3137, t2=t1+(0, 3)) & (4694, 9, 4953, t3=t2+(0, 7)) -> (4694, 25, 4694, t4=t3+(1, 1))	3	30
(4223, 127, 1020, t1) & (2877, 115, 2897, t2=t1+(0, 2)) & (4223, 5, 2877, t3=t2+(0, 5)) -> (2877, 115, 2877, t4=t3+(1, 2))	3	31
(2597, 18, 4271, t1) & (566, 60, 4122, t2=t1+(0, 9)) & (2597, 92, 566, t3=t2+(0, 7)) -> (566, 60, 4122, t4=t3+(1, 1))	3	32
(1895, 165, 3598, t1) & (4679, 31, 1060, t2=t1+(0, 4)) & (1895, 129, 1060, t3=t2+(0, 6)) -> (1060, 165, 1895, t4=t3+(1, 8))	3	33
(2402, 164, 4738, t1) & (390, 76, 4735, t2=t1+(0, 2)) & (390, 141, 4738, t3=t2+(0, 5)) -> (390, 164, 4735, t4=t3+(1, 4))	3	34
(3425, 106, 4817, t1) & (2558, 187, 3842, t2=t1+(0, 4)) & (2558, 108, 3425, t3=t2+(0, 0)) -> (2558, 106, 2558, t4=t3+(1, 4))	3	35
(2540, 179, 1966, t1) & (4763, 113, 3456, t2=t1+(0, 5)) & (3456, 185, 2540, t3=t2+(0, 4)) -> (3456, 185, 3456, t4=t3+(1, 5))	3	36
(2518, 82, 4495, t1) & (3715, 195, 1016, t2=t1+(0, 7)) & (3715, 182, 2518, t3=t2+(0, 3)) -> (4495, 195, 4495, t4=t3+(1, 7))	3	37
(3900, 56, 3802, t1) & (4832, 85, 3371, t2=t1+(0, 3)) & (4832, 87, 3802, t3=t2+(0, 3)) -> (3802, 85, 4832, t4=t3+(1, 3))	3	38
(1277, 111, 3997, t1) & (3588, 91, 4830, t2=t1+(0, 7)) & (3588, 168, 1277, t3=t2+(0, 3)) -> (1277, 111, 3588, t4=t3+(1, 5))	3	39
(88, 35, 1748, t1) & (249, 69, 4195, t2=t1+(0, 8)) & (249, 198, 1748, t3=t2+(0, 3)) -> (4195, 198, 249, t4=t3+(1, 6))	3	40
(2975, 2, 1851, t1) & (2311, 4, 338, t2=t1+(0, 4)) & (1851, 13, 2311, t3=t2+(0, 6)) -> (1851, 4, 2975, t4=t3+(1, 8))	3	41
(4605, 147, 4983, t1) & (3898, 198, 717, t2=t1+(0, 4)) & (3898, 119, 4605, t3=t2+(0, 3)) -> (4605, 198, 3898, t4=t3+(1, 4))	3	42
(2504, 175, 3779, t1) & (1997, 2, 1759, t2=t1+(0, 4)) & (1759, 4, 2504, t3=t2+(0, 3)) -> (1759, 4, 1997, t4=t3+(1, 2))	3	43
(3348, 167, 2609, t1) & (678, 26, 1220, t2=t1+(0, 9)) & (2609, 33, 678, t3=t2+(0, 5)) -> (2609, 33, 2609, t4=t3+(1, 5))	3	44
(4558, 21, 4311, t1) & (3744, 31, 3313, t2=t1+(0, 2)) & (3313, 145, 4311, t3=t2+(0, 2)) -> (4311, 145, 3313, t4=t3+(1, 3))	3	45
(4619, 8, 819, t1) & (2972, 44, 3951, t2=t1+(0, 7)) & (4619, 164, 2972, t3=t2+(0, 9)) -> (3951, 164, 4619, t4=t3+(1, 6))	3	46
(577, 119, 3305, t1) & (1186, 59, 2790, t2=t1+(0, 8)) & (1186, 13, 577, t3=t2+(0, 2)) -> (577, 59, 2790, t4=t3+(1, 3))	3	47
(372, 133, 4060, t1) & (4409, 11, 1792, t2=t1+(0, 3)) & (372, 164, 1792, t3=t2+(0, 3)) -> (4409, 164, 1792, t4=t3+(1, 6))	3	48
(339, 165, 1354, t1) & (2742, 23, 3004, t2=t1+(0, 3)) & (339, 3, 3004, t3=t2+(0, 7)) -> (339, 165, 2742, t4=t3+(1, 7))	3	49
(1605, 136, 490, t1) & (2004, 24, 2610, t2=t1+(0, 4)) & (2004, 91, 490, t3=t2+(0, 8)) -> (1605, 136, 2004, t4=t3+(1, 4))	3	50
(2724, 180, 2667, t1) & (1841, 159, 2782, t2=t1+(0, 3)) & (2724, 24, 2782, t3=t2+(0, 8)) -> (2724, 24, 2724, t4=t3+(1, 2))	3	51
(2388, 183, 1656, t1) & (4014, 96, 2275, t2=t1+(0, 5)) & (2275, 61, 1656, t3=t2+(0, 4)) -> (4014, 96, 2388, t4=t3+(1, 4))	3	52
(3862, 18, 1033, t1) & (3609, 18, 3444, t2=t1+(0, 9)) & (1033, 199, 3609, t3=t2+(0, 8)) -> (3444, 18, 3444, t4=t3+(1, 7))	3	53
(4901, 136, 4892, t1) & (1418, 157, 2336, t2=t1+(0, 9)) & (2336, 6, 4892, t3=t2+(0, 5)) -> (2336, 136, 2336, t4=t3+(1, 3))	3	54
(1574, 23, 3680, t1) & (610, 63, 2512, t2=t1+(0, 4)) & (2512, 31, 1574, t3=t2+(0, 5)) -> (2512, 23, 1574, t4=t3+(1, 6))	3	55
(1811, 115, 2795, t1) & (194, 123, 2600, t2=t1+(0, 3)) & (1811, 108, 2600, t3=t2+(0, 6)) -> (2600, 115, 2795, t4=t3+(1, 6))	3	56
(802, 79, 4194, t1) & (621, 76, 3289, t2=t1+(0, 5)) & (4194, 2, 3289, t3=t2+(0, 3)) -> (4194, 79, 802, t4=t3+(1, 7))	3	57
(4196, 58, 3607, t1) & (1171, 38, 426, t2=t1+(0, 11)) & (4196, 157, 426, t3=t2+(0, 7)) -> (4196, 58, 426, t4=t3+(1, 4))	3	58
(4596, 145, 2664, t1) & (1487, 67, 1729, t2=t1+(0, 7)) & (1729, 164, 2664, t3=t2+(0, 7)) -> (1729, 164, 4596, t4=t3+(1, 2))	3	59
(4270, 35, 1682, t1) & (3586, 157, 1377, t2=t1+(0, 5)) & (1377, 166, 4270, t3=t2+(0, 2)) -> (1377, 166, 4270, t4=t3+(1, 8))	3	60
(3640, 152, 3027, t1) & (1685, 47, 2382, t2=t1+(0, 5)) & (3640, 50, 2382, t3=t2+(0, 7)) -> (2382, 47, 3640, t4=t3+(1, 3))	3	61
(3917, 80, 2279, t1) & (439, 112, 1557, t2=t1+(0, 9)) & (2279, 27, 439, t3=t2+(0, 3)) -> (2279, 112, 439, t4=t3+(1, 5))	3	62
(2219, 135, 554, t1) & (1646, 72, 4351, t2=t1+(0, 5)) & (1646, 43, 2219, t3=t2+(0, 4)) -> (554, 72, 4351, t4=t3+(1, 5))	3	63
(1450, 156, 2273, t1) & (1307, 192, 1059, t2=t1+(0, 5)) & (1307, 97, 2273, t3=t2+(0, 4)) -> (1307, 156, 1059, t4=t3+(1, 4))	3	64
(201, 173, 3942, t1) & (2992, 58, 1247, t2=t1+(0, 4)) & (3942, 100, 2992, t3=t2+(0, 10)) -> (201, 58, 2992, t4=t3+(1, 5))	3	65
(2027, 16, 1560, t1) & (4504, 12, 2908, t2=t1+(0, 5)) & (4504, 90, 2027, t3=t2+(0, 1)) -> (1560, 16, 4504, t4=t3+(1, 9))	3	66
(2939, 54, 3578, t1) & (2889, 189, 3379, t2=t1+(0, 2)) & (3379, 80, 3578, t3=t2+(0, 4)) -> (3578, 80, 2939, t4=t3+(1, 11))	3	67
(1790, 147, 3181, t1) & (1764, 152, 4376, t2=t1+(0, 8)) & (1790, 59, 4376, t3=t2+(0, 5)) -> (1790, 152, 1764, t4=t3+(1, 7))	3	68
(497, 8, 2656, t1) & (3164, 68, 1923, t2=t1+(0, 6)) & (3164, 150, 2656, t3=t2+(0, 3)) -> (3164, 68, 2656, t4=t3+(1, 5))	3	69
(2020, 178, 2360, t1) & (1757, 77, 580, t2=t1+(0, 5)) & (1757, 199, 2020, t3=t2+(0, 6)) -> (1757, 77, 580, t4=t3+(1, 8))	3	70
(368, 193, 610, t1) & (2336, 198, 4006, t2=t1+(0, 2)) & (2336, 14, 368, t3=t2+(0, 3)) -> (368, 14, 2336, t4=t3+(1, 8))	3	71
(3776, 104, 460, t1) & (2621, 145, 3133, t2=t1+(0, 3)) & (460, 48, 3133, t3=t2+(0, 1)) -> (3133, 48, 3776, t4=t3+(1, 6))	3	72
(2206, 110, 516, t1) & (2465, 26, 2116, t2=t1+(0, 3)) & (2465, 10, 2206, t3=t2+(0, 3)) -> (2116, 110, 2465, t4=t3+(1, 5))	3	73
(3168, 186, 500, t1) & (2061, 194, 4702, t2=t1+(0, 5)) & (4702, 170, 3168, t3=t2+(0, 8)) -> (500, 186, 4702, t4=t3+(1, 8))	3	74
(1381, 103, 1588, t1) & (157, 99, 1123, t2=t1+(0, 5)) & (1381, 147, 1123, t3=t2+(0, 6)) -> (1123, 99, 1381, t4=t3+(1, 5))	3	75
(2206, 164, 545, t1) & (118, 29, 3876, t2=t1+(0, 2)) & (2206, 173, 118, t3=t2+(0, 3)) -> (118, 29, 118, t4=t3+(1, 6))	3	76
(2682, 188, 2871, t1) & (3203, 179, 4873, t2=t1+(0, 7)) & (4873, 47, 2682, t3=t2+(0, 4)) -> (4873, 47, 4873, t4=t3+(1, 5))	3	77
(1993, 87, 3159, t1) & (3733, 177, 1057, t2=t1+(0, 5)) & (3733, 111, 1993, t3=t2+(0, 5)) -> (3733, 111, 3733, t4=t3+(1, 7))	3	78
(3984, 5, 2364, t1) & (4296, 47, 3524, t2=t1+(0, 5)) & (3984, 61, 3524, t3=t2+(0, 3)) -> (3984, 47, 3984, t4=t3+(1, 5))	3	79
(2397, 69, 1855, t1) & (4851, 48, 223, t2=t1+(0, 5)) & (4851, 20, 1855, t3=t2+(0, 4)) -> (1855, 69, 1855, t4=t3+(1, 3))	3	80
(2221, 192, 3549, t1) & (562, 83, 2091, t2=t1+(0, 4)) & (562, 46, 3549, t3=t2+(0, 4)) -> (3549, 46, 2091, t4=t3+(1, 3))	3	81
(2201, 121, 932, t1) & (181, 34, 2457, t2=t1+(0, 6)) & (932, 25, 2457, t3=t2+(0, 3)) -> (181, 25, 932, t4=t3+(1, 10))	3	82
(4190, 102, 3527, t1) & (3732, 37, 4219, t2=t1+(0, 6)) & (3527, 144, 3732, t3=t2+(0, 3)) -> (3527, 37, 3732, t4=t3+(1, 6))	3	83
(1626, 117, 2628, t1) & (1644, 163, 2592, t2=t1+(0, 4)) & (1626, 42, 1644, t3=t2+(0, 4)) -> (1626, 163, 1626, t4=t3+(1, 5))	3	84
(2539, 119, 3629, t1) & (2477, 88, 3702, t2=t1+(0, 6)) & (3629, 114, 2477, t3=t2+(0, 2)) -> (2477, 114, 2539, t4=t3+(1, 5))	3	85
(176, 19, 4851, t1) & (3049, 152, 4364, t2=t1+(0, 3)) & (3049, 154, 4851, t3=t2+(0, 6)) -> (4364, 154, 4851, t4=t3+(1, 1))	3	86
(4985, 159, 2190, t1) & (2533, 2, 3297, t2=t1+(0, 7)) & (4985, 157, 2533, t3=t2+(0, 2)) -> (4985, 2, 4985, t4=t3+(1, 5))	3	87
(394, 1, 1108, t1) & (4511, 86, 3039, t2=t1+(0, 4)) & (394, 14, 3039, t3=t2+(0, 5)) -> (4511, 14, 1108, t4=t3+(1, 5))	3	88
(2507, 109, 904, t1) & (336, 98, 4240, t2=t1+(0, 1)) & (4240, 59, 2507, t3=t2+(0, 6)) -> (336, 109, 4240, t4=t3+(1, 3))	3	89
(4904, 13, 2395, t1) & (1014, 104, 1098, t2=t1+(0, 3)) & (2395, 134, 1014, t3=t2+(0, 5)) -> (1014, 134, 1014, t4=t3+(1, 3))	3	90
(2193, 51, 3648, t1) & (2445, 163, 603, t2=t1+(0, 1)) & (2445, 159, 3648, t3=t2+(0, 2)) -> (2445, 51, 3648, t4=t3+(1, 7))	3	91
(2877, 85, 289, t1) & (854, 192, 3653, t2=t1+(0, 5)) & (2877, 60, 854, t3=t2+(0, 7)) -> (2877, 85, 2877, t4=t3+(1, 4))	3	92
(4417, 199, 575, t1) & (4613, 118, 3452, t2=t1+(0, 6)) & (575, 131, 4613, t3=t2+(0, 6)) -> (4613, 118, 4613, t4=t3+(1, 6))	3	93
(3314, 2, 2728, t1) & (3812, 67, 3468, t2=t1+(0, 6)) & (3812, 25, 3314, t3=t2+(0, 4)) -> (3314, 2, 3812, t4=t3+(1, 5))	3	94
(1338, 73, 959, t1) & (149, 12, 982, t2=t1+(0, 6)) & (982, 92, 1338, t3=t2+(0, 9)) -> (959, 92, 1338, t4=t3+(1, 8))	3	95
(4514, 58, 4189, t1) & (1801, 117, 908, t2=t1+(0, 4)) & (4514, 192, 908, t3=t2+(0, 8)) -> (908, 58, 4189, t4=t3+(1, 6))	3	96
(4212, 80, 4359, t1) & (4926, 68, 1281, t2=t1+(0, 6)) & (1281, 67, 4212, t3=t2+(0, 2)) -> (4359, 80, 4359, t4=t3+(1, 7))	3	97
(1570, 194, 16, t1) & (1195, 188, 4477, t2=t1+(0, 1)) & (16, 87, 1195, t3=t2+(0, 8)) -> (1570, 87, 16, t4=t3+(1, 6))	3	98
(2541, 27, 3757, t1) & (359, 142, 4739, t2=t1+(0, 6)) & (2541, 153, 359, t3=t2+(0, 5)) -> (3757, 27, 359, t4=t3+(1, 7))	3	99
(3043, 75, 3676, t1) & (3676, 21, 4645, t2=t1+(0, 4)) -> (3676, 75, 3676, t3=t2+(1, 6))	2	100
(4482, 154, 3148, t1) & (1316, 43, 4482, t2=t1+(0, 2)) -> (1316, 154, 1316, t3=t2+(1, 5))	2	101
(1688, 28, 3795, t1) & (1688, 4, 3795, t2=t1+(0, 11)) -> (1688, 4, 1688, t3=t2+(1, 7))	2	102
(4326, 172, 2114, t1) & (2114, 156, 3374, t2=t1+(0, 3)) -> (4326, 156, 2114, t3=t2+(1, 3))	2	103
(1309, 148, 4138, t1) & (1309, 13, 1309, t2=t1+(0, 3)) -> (1309, 148, 4138, t3=t2+(1, 6))	2	104
(2722, 125, 1037, t1) & (2722, 125, 824, t2=t1+(0, 5)) -> (2722, 125, 824, t3=t2+(1, 2))	2	105
(3736, 145, 4653, t1) & (39, 120, 4653, t2=t1+(0, 3)) -> (4653, 120, 4653, t3=t2+(1, 3))	2	106
(1405, 38, 2007, t1) & (1405, 54, 2007, t2=t1+(0, 5)) -> (1405, 54, 1405, t3=t2+(1, 8))	2	107
(1337, 10, 4276, t1) & (1902, 191, 1337, t2=t1+(0, 6)) -> (1337, 191, 1337, t3=t2+(1, 4))	2	108
(1869, 104, 678, t1) & (678, 58, 2787, t2=t1+(0, 4)) -> (678, 104, 2787, t3=t2+(1, 8))	2	109
(4527, 51, 307, t1) & (307, 73, 1028, t2=t1+(0, 1)) -> (1028, 51, 307, t3=t2+(1, 4))	2	110
(1345, 176, 142, t1) & (757, 181, 142, t2=t1+(0, 6)) -> (142, 176, 142, t3=t2+(1, 5))	2	111
(2727, 107, 2795, t1) & (2727, 92, 2727, t2=t1+(0, 2)) -> (2727, 107, 2727, t3=t2+(1, 5))	2	112
(3763, 100, 4153, t1) & (4153, 30, 3763, t2=t1+(0, 6)) -> (3763, 30, 3763, t3=t2+(1, 2))	2	113
(2103, 62, 2978, t1) & (2978, 81, 2103, t2=t1+(0, 3)) -> (2978, 62, 2103, t3=t2+(1, 8))	2	114
(4467, 128, 4039, t1) & (4039, 57, 4954, t2=t1+(0, 7)) -> (4467, 57, 4467, t3=t2+(1, 3))	2	115
(1120, 103, 3596, t1) & (1120, 152, 3596, t2=t1+(0, 5)) -> (1120, 103, 3596, t3=t2+(1, 5))	2	116
(579, 132, 1708, t1) & (579, 99, 1708, t2=t1+(0, 4)) -> (579, 99, 579, t3=t2+(1, 6))	2	117
(2894, 193, 2218, t1) & (2466, 128, 2894, t2=t1+(0, 5)) -> (2894, 193, 2466, t3=t2+(1, 8))	2	118
(2897, 93, 3172, t1) & (3172, 133, 3666, t2=t1+(0, 7)) -> (3172, 133, 3172, t3=t2+(1, 4))	2	119
(1817, 122, 4413, t1) & (1817, 57, 4413, t2=t1+(0, 9)) -> (4413, 57, 4413, t3=t2+(1, 6))	2	120
(3683, 137, 1803, t1) & (3979, 34, 3683, t2=t1+(0, 6)) -> (3683, 137, 1803, t3=t2+(1, 4))	2	121
(4990, 159, 1119, t1) & (1119, 151, 482, t2=t1+(0, 2)) -> (1119, 151, 482, t3=t2+(1, 6))	2	122
(931, 88, 3902, t1) & (3902, 90, 931, t2=t1+(0, 7)) -> (3902, 90, 3902, t3=t2+(1, 6))	2	123
(2816, 149, 1942, t1) & (1942, 182, 1660, t2=t1+(0, 3)) -> (2816, 149, 2816, t3=t2+(1, 8))	2	124
(4754, 69, 4038, t1) & (4754, 29, 2269, t2=t1+(0, 5)) -> (2269, 29, 2269, t3=t2+(1, 6))	2	125
(2459, 80, 1228, t1) & (4573, 69, 2459, t2=t1+(0, 3)) -> (2459, 80, 2459, t3=t2+(1, 6))	2	126
(3498, 137, 4702, t1) & (1768, 48, 4702, t2=t1+(0, 7)) -> (4702, 137, 3498, t3=t2+(1, 6))	2	127
(555, 94, 2674, t1) & (2571, 65, 555, t2=t1+(0, 2)) -> (2571, 94, 2674, t3=t2+(1, 8))	2	128
(3852, 69, 4209, t1) & (3852, 9, 3852, t2=t1+(0, 4)) -> (3852, 9, 3852, t3=t2+(1, 5))	2	129
(4136, 167, 1927, t1) & (1927, 101, 4136, t2=t1+(0, 3)) -> (1927, 101, 4136, t3=t2+(1, 2))	2	130
(3567, 44, 494, t1) & (3567, 144, 3567, t2=t1+(0, 4)) -> (3567, 44, 3567, t3=t2+(1, 6))	2	131
(3864, 30, 4992, t1) & (4992, 174, 3864, t2=t1+(0, 3)) -> (4992, 174, 3864, t3=t2+(1, 6))	2	132
(3250, 18, 3183, t1) & (4827, 193, 3250, t2=t1+(0, 4)) -> (3250, 18, 3250, t3=t2+(1, 3))	2	133
(3730, 152, 1179, t1) & (3770, 160, 1179, t2=t1+(0, 2)) -> (1179, 160, 3730, t3=t2+(1, 5))	2	134
(955, 20, 3632, t1) & (3817, 76, 955, t2=t1+(0, 6)) -> (3632, 76, 955, t3=t2+(1, 5))	2	135
(639, 112, 2998, t1) & (639, 17, 4021, t2=t1+(0, 6)) -> (2998, 112, 639, t3=t2+(1, 9))	2	136
(2452, 43, 3811, t1) & (4352, 77, 3811, t2=t1+(0, 10)) -> (3811, 43, 2452, t3=t2+(1, 7))	2	137
(1257, 197, 4036, t1) & (1171, 178, 4036, t2=t1+(0, 9)) -> (4036, 178, 1257, t3=t2+(1, 4))	2	138
(2329, 131, 3421, t1) & (4901, 108, 3421, t2=t1+(0, 4)) -> (2329, 131, 2329, t3=t2+(1, 7))	2	139
(1951, 192, 1968, t1) & (1951, 171, 1951, t2=t1+(0, 5)) -> (1951, 171, 1951, t3=t2+(1, 3))	2	140
(661, 43, 3882, t1) & (661, 86, 3882, t2=t1+(0, 6)) -> (661, 43, 661, t3=t2+(1, 1))	2	141
(1080, 158, 3468, t1) & (3468, 146, 3468, t2=t1+(0, 5)) -> (1080, 158, 3468, t3=t2+(1, 7))	2	142
(2234, 7, 1084, t1) & (4615, 35, 2234, t2=t1+(0, 3)) -> (1084, 35, 1084, t3=t2+(1, 4))	2	143
(4561, 22, 2410, t1) & (2410, 11, 51, t2=t1+(0, 5)) -> (51, 22, 51, t3=t2+(1, 7))	2	144
(4818, 96, 3834, t1) & (126, 197, 4818, t2=t1+(0, 5)) -> (3834, 197, 126, t3=t2+(1, 2))	2	145
(3299, 192, 3212, t1) & (3299, 76, 538, t2=t1+(0, 8)) -> (538, 192, 3212, t3=t2+(1, 2))	2	146
(3480, 199, 269, t1) & (269, 47, 269, t2=t1+(0, 7)) -> (269, 47, 269, t3=t2+(1, 9))	2	147
(3863, 84, 3046, t1) & (3863, 23, 3863, t2=t1+(0, 6)) -> (3863, 84, 3863, t3=t2+(1, 5))	2	148
(3883, 148, 3196, t1) & (3883, 10, 3266, t2=t1+(0, 7)) -> (3196, 10, 3883, t3=t2+(1, 5))	2	149
(2672, 64, 755, t1) & (755, 76, 755, t2=t1+(0, 6)) -> (2672, 76, 755, t3=t2+(1, 7))	2	150
(4436, 74, 4913, t1) & (4436, 120, 3761, t2=t1+(0, 4)) -> (4913, 74, 4436, t3=t2+(1, 3))	2	151
(106, 137, 2271, t1) & (2872, 143, 2271, t2=t1+(0, 4)) -> (2872, 137, 2271, t3=t2+(1, 1))	2	152
(1466, 145, 1627, t1) & (1627, 40, 1627, t2=t1+(0, 12)) -> (1466, 145, 1627, t3=t2+(1, 6))	2	153
(539, 99, 3052, t1) & (851, 93, 539, t2=t1+(0, 6)) -> (539, 93, 539, t3=t2+(1, 8))	2	154
(4822, 4, 577, t1) & (577, 36, 3175, t2=t1+(0, 4)) -> (4822, 36, 4822, t3=t2+(1, 7))	2	155
(4335, 198, 1588, t1) & (4335, 63, 4335, t2=t1+(0, 0)) -> (1588, 63, 4335, t3=t2+(1, 5))	2	156
(3675, 32, 4640, t1) & (3675, 98, 3675, t2=t1+(0, 2)) -> (3675, 98, 4640, t3=t2+(1, 7))	2	157
(3310, 74, 2921, t1) & (2921, 173, 3076, t2=t1+(0, 3)) -> (2921, 74, 3076, t3=t2+(1, 6))	2	158
(1833, 119, 3736, t1) & (1833, 182, 1418, t2=t1+(0, 3)) -> (1418, 119, 1418, t3=t2+(1, 7))	2	159
(4662, 6, 4878, t1) & (4878, 151, 4878, t2=t1+(0, 4)) -> (4878, 6, 4878, t3=t2+(1, 6))	2	160
(1555, 199, 4808, t1) & (4808, 155, 4294, t2=t1+(0, 6)) -> (4808, 199, 4808, t3=t2+(1, 8))	2	161
(1328, 166, 3218, t1) & (3218, 17, 1328, t2=t1+(0, 6)) -> (3218, 17, 3218, t3=t2+(1, 4))	2	162
(2216, 115, 2227, t1) & (2227, 165, 4173, t2=t1+(0, 7)) -> (4173, 165, 2216, t3=t2+(1, 7))	2	163
(2239, 11, 2335, t1) & (2335, 93, 2335, t2=t1+(0, 3)) -> (2335, 11, 2335, t3=t2+(1, 4))	2	164
(1502, 25, 2834, t1) & (2834, 141, 1502, t2=t1+(0, 3)) -> (2834, 25, 1502, t3=t2+(1, 5))	2	165
(764, 21, 981, t1) & (191, 66, 764, t2=t1+(0, 5)) -> (764, 21, 764, t3=t2+(1, 4))	2	166
(3590, 53, 1729, t1) & (1729, 104, 3590, t2=t1+(0, 5)) -> (1729, 104, 3590, t3=t2+(1, 2))	2	167
(2697, 162, 23, t1) & (23, 136, 4446, t2=t1+(0, 3)) -> (23, 162, 23, t3=t2+(1, 7))	2	168
(279, 116, 4042, t1) & (4042, 45, 4042, t2=t1+(0, 7)) -> (279, 45, 4042, t3=t2+(1, 7))	2	169
(1866, 104, 3321, t1) & (1866, 30, 2153, t2=t1+(0, 2)) -> (3321, 30, 2153, t3=t2+(1, 6))	2	170
(2776, 177, 1179, t1) & (2776, 157, 2776, t2=t1+(0, 6)) -> (2776, 177, 2776, t3=t2+(1, 7))	2	171
(3753, 5, 1317, t1) & (3753, 115, 3753, t2=t1+(0, 4)) -> (1317, 5, 1317, t3=t2+(1, 5))	2	172
(3692, 190, 3302, t1) & (3316, 178, 3302, t2=t1+(0, 4)) -> (3316, 178, 3692, t3=t2+(1, 4))	2	173
(1995, 73, 2468, t1) & (1995, 61, 4133, t2=t1+(0, 4)) -> (4133, 61, 1995, t3=t2+(1, 6))	2	174
(3865, 12, 4676, t1) & (4676, 94, 4676, t2=t1+(0, 3)) -> (4676, 94, 4676, t3=t2+(1, 4))	2	175
(2095, 15, 1481, t1) & (1481, 169, 4882, t2=t1+(0, 3)) -> (4882, 15, 1481, t3=t2+(1, 4))	2	176
(1407, 38, 2358, t1) & (1407, 39, 1407, t2=t1+(0, 5)) -> (2358, 38, 2358, t3=t2+(1, 6))	2	177
(1812, 86, 1457, t1) & (1457, 76, 1457, t2=t1+(0, 8)) -> (1812, 86, 1457, t3=t2+(1, 8))	2	178
(3887, 153, 2834, t1) & (2848, 132, 2834, t2=t1+(0, 4)) -> (2848, 132, 3887, t3=t2+(1, 4))	2	179
(1901, 141, 4588, t1) & (418, 197, 4588, t2=t1+(0, 5)) -> (4588, 141, 4588, t3=t2+(1, 3))	2	180
(3815, 25, 1186, t1) & (3815, 89, 4324, t2=t1+(0, 11)) -> (4324, 25, 1186, t3=t2+(1, 5))	2	181
(420, 102, 470, t1) & (420, 119, 420, t2=t1+(0, 4)) -> (420, 102, 420, t3=t2+(1, 4))	2	182
(209, 9, 1317, t1) & (256, 58, 209, t2=t1+(0, 5)) -> (1317, 9, 1317, t3=t2+(1, 5))	2	183
(2015, 94, 355, t1) & (355, 128, 2015, t2=t1+(0, 4)) -> (2015, 128, 355, t3=t2+(1, 6))	2	184
(3186, 111, 3549, t1) & (3549, 119, 3186, t2=t1+(0, 7)) -> (3549, 111, 3186, t3=t2+(1, 1))	2	185
(2410, 83, 3125, t1) & (3125, 110, 617, t2=t1+(0, 6)) -> (3125, 83, 2410, t3=t2+(1, 10))	2	186
(3838, 85, 3298, t1) & (3838, 157, 3838, t2=t1+(0, 2)) -> (3298, 157, 3298, t3=t2+(1, 4))	2	187
(1119, 142, 2067, t1) & (2067, 31, 1119, t2=t1+(0, 7)) -> (2067, 31, 1119, t3=t2+(1, 3))	2	188
(369, 166, 4726, t1) & (369, 37, 4726, t2=t1+(0, 4)) -> (369, 166, 4726, t3=t2+(1, 8))	2	189
(3585, 75, 4280, t1) & (3585, 20, 2162, t2=t1+(0, 2)) -> (2162, 20, 4280, t3=t2+(1, 5))	2	190
(2574, 138, 2804, t1) & (1168, 0, 2574, t2=t1+(0, 3)) -> (2574, 0, 2804, t3=t2+(1, 7))	2	191
(3138, 181, 2823, t1) & (3138, 146, 2823, t2=t1+(0, 8)) -> (3138, 146, 3138, t3=t2+(1, 5))	2	192
(4334, 83, 1216, t1) & (4334, 127, 1216, t2=t1+(0, 9)) -> (4334, 127, 1216, t3=t2+(1, 4))	2	193
(1388, 62, 4096, t1) & (1388, 69, 4096, t2=t1+(0, 2)) -> (4096, 62, 1388, t3=t2+(1, 4))	2	194
(188, 104, 2289, t1) & (188, 116, 2534, t2=t1+(0, 7)) -> (188, 104, 188, t3=t2+(1, 4))	2	195
(264, 111, 4666, t1) & (4666, 30, 4666, t2=t1+(0, 4)) -> (264, 30, 4666, t3=t2+(1, 5))	2	196
(301, 70, 1587, t1) & (219, 167, 301, t2=t1+(0, 10)) -> (301, 70, 301, t3=t2+(1, 5))	2	197
(4406, 67, 2236, t1) & (2877, 178, 2236, t2=t1+(0, 6)) -> (2236, 178, 2877, t3=t2+(1, 3))	2	198
(4376, 19, 1917, t1) & (210, 45, 4376, t2=t1+(0, 6)) -> (210, 45, 4376, t3=t2+(1, 8))	2	199
(3689, 84, 506, t1) -> (506, 84, 3689, t2=t1+(1, 9))	1	200
(4509, 160, 2703, t1) -> (4509, 160, 4509, t2=t1+(1, 1))	1	201
(1513, 3, 4238, t1) -> (4238, 3, 1513, t2=t1+(1, 6))	1	202
(3443, 130, 2932, t1) -> (2932, 130, 3443, t2=t1+(1, 4))	1	203
(1980, 147, 570, t1) -> (570, 147, 1980, t2=t1+(1, 8))	1	204
(1194, 177, 3772, t1) -> (1194, 177, 1194, t2=t1+(1, 2))	1	205
(884, 134, 1748, t1) -> (884, 134, 1748, t2=t1+(1, 1))	1	206
(324, 131, 305, t1) -> (324, 131, 305, t2=t1+(1, 5))	1	207
(525, 63, 2615, t1) -> (525, 63, 2615, t2=t1+(1, 6))	1	208
(2657, 122, 1414, t1) -> (2657, 122, 1414, t2=t1+(1, 7))	1	209
(3034, 43, 2868, t1) -> (2868, 43, 3034, t2=t1+(1, 2))	1	210
(2362, 88, 1933, t1) -> (2362, 88, 1933, t2=t1+(1, 5))	1	211
(4606, 76, 110, t1) -> (110, 76, 4606, t2=t1+(1, 4))	1	212
(4236, 35, 2711, t1) -> (2711, 35, 2711, t2=t1+(1, 1))	1	213
(4623, 171, 1587, t1) -> (1587, 171, 1587, t2=t1+(1, 6))	1	214
(3766, 183, 32, t1) -> (32, 183, 3766, t2=t1+(1, 5))	1	215
(137, 35, 3957, t1) -> (137, 35, 3957, t2=t1+(1, 5))	1	216
(3916, 170, 1964, t1) -> (1964, 170, 1964, t2=t1+(1, 4))	1	217
(1423, 49, 2451, t1) -> (2451, 49, 2451, t2=t1+(1, 8))	1	218
(4927, 56, 3938, t1) -> (4927, 56, 4927, t2=t1+(1, 3))	1	219
(3067, 187, 4658, t1) -> (4658, 187, 3067, t2=t1+(1, 4))	1	220
(1049, 58, 3874, t1) -> (1049, 58, 1049, t2=t1+(1, 2))	1	221
(143, 182, 2949, t1) -> (2949, 182, 2949, t2=t1+(1, 2))	1	222
(4916, 171, 1908, t1) -> (4916, 171, 4916, t2=t1+(1, 4))	1	223
(2982, 138, 4792, t1) -> (4792, 138, 2982, t2=t1+(1, 5))	1	224
(2532, 152, 2194, t1) -> (2532, 152, 2532, t2=t1+(1, 4))	1	225
(2667, 155, 4284, t1) -> (4284, 155, 2667, t2=t1+(1, 6))	1	226
(2359, 30, 88, t1) -> (2359, 30, 88, t2=t1+(1, 2))	1	227
(3688, 12, 1167, t1) -> (1167, 12, 3688, t2=t1+(1, 6))	1	228
(2988, 36, 268, t1) -> (268, 36, 268, t2=t1+(1, 3))	1	229
(4554, 56, 937, t1) -> (4554, 56, 4554, t2=t1+(1, 2))	1	230
(7, 145, 4260, t1) -> (7, 145, 7, t2=t1+(1, 8))	1	231
(385, 25, 1587, t1) -> (385, 25, 1587, t2=t1+(1, 3))	1	232
(377, 19, 2327, t1) -> (377, 19, 377, t2=t1+(1, 2))	1	233
(4539, 62, 2300, t1) -> (2300, 62, 4539, t2=t1+(1, 4))	1	234
(2686, 152, 3978, t1) -> (2686, 152, 3978, t2=t1+(1, 5))	1	235
(1901, 69, 1350, t1) -> (1901, 69, 1901, t2=t1+(1, 4))	1	236
(3880, 62, 3262, t1) -> (3880, 62, 3262, t2=t1+(1, 6))	1	237
(1600, 112, 1167, t1) -> (1600, 112, 1167, t2=t1+(1, 6))	1	238
(2756, 140, 3549, t1) -> (3549, 140, 3549, t2=t1+(1, 3))	1	239
(2649, 18, 48, t1) -> (2649, 18, 48, t2=t1+(1, 4))	1	240
(284, 159, 4834, t1) -> (4834, 159, 4834, t2=t1+(1, 7))	1	241
(3471, 149, 4674, t1) -> (3471, 149, 4674, t2=t1+(1, 4))	1	242
(3177, 76, 2404, t1) -> (2404, 76, 3177, t2=t1+(1, 2))	1	243
(2529, 62, 1859, t1) -> (2529, 62, 2529, t2=t1+(1, 5))	1	244
(3785, 2, 944, t1) -> (944, 2, 944, t2=t1+(1, 4))	1	245
(4211, 162, 1436, t1) -> (1436, 162, 4211, t2=t1+(1, 5))	1	246
(4630, 184, 870, t1) -> (870, 184, 4630, t2=t1+(1, 4))	1	247
(623, 117, 2850, t1) -> (623, 117, 623, t2=t1+(1, 3))	1	248
(1994, 97, 4660, t1) -> (4660, 97, 4660, t2=t1+(1, 8))	1	249
(3897, 28, 1094, t1) -> (1094, 28, 1094, t2=t1+(1, 5))	1	250
(1676, 47, 1726, t1) -> (1676, 47, 1676, t2=t1+(1, 5))	1	251
(2898, 80, 1106, t1) -> (2898, 80, 1106, t2=t1+(1, 8))	1	252
(810, 29, 2028, t1) -> (810, 29, 2028, t2=t1+(1, 2))	1	253
(4948, 40, 2238, t1) -> (4948, 40, 4948, t2=t1+(1, 7))	1	254
(3661, 51, 1264, t1) -> (1264, 51, 1264, t2=t1+(1, 2))	1	255
(1853, 73, 283, t1) -> (283, 73, 283, t2=t1+(1, 5))	1	256
(1556, 33, 4445, t1) -> (4445, 33, 1556, t2=t1+(1, 8))	1	257
(1282, 42, 2904, t1) -> (1282, 42, 1282, t2=t1+(1, 4))	1	258
(2685, 178, 4496, t1) -> (4496, 178, 2685, t2=t1+(1, 5))	1	259
(3797, 88, 2203, t1) -> (3797, 88, 3797, t2=t1+(1, 9))	1	260
(894, 137, 3695, t1) -> (894, 137, 894, t2=t1+(1, 5))	1	261
(3524, 159, 1567, t1) -> (1567, 159, 1567, t2=t1+(1, 5))	1	262
(1823, 162, 4363, t1) -> (1823, 162, 4363, t2=t1+(1, 4))	1	263
(1585, 28, 3139, t1) -> (1585, 28, 1585, t2=t1+(1, 8))	1	264
(4008, 86, 3527, t1) -> (4008, 86, 3527, t2=t1+(1, 2))	1	265
(52, 161, 4236, t1) -> (4236, 161, 52, t2=t1+(1, 8))	1	266
(4976, 171, 2555, t1) -> (4976, 171, 2555, t2=t1+(1, 4))	1	267
(3426, 111, 1244, t1) -> (1244, 111, 1244, t2=t1+(1, 4))	1	268
(4063, 91, 1415, t1) -> (4063, 91, 1415, t2=t1+(1, 2))	1	269
(4220, 173, 4814, t1) -> (4220, 173, 4220, t2=t1+(1, 3))	1	270
(867, 130, 4269, t1) -> (867, 130, 4269, t2=t1+(1, 8))	1	271
(97, 41, 2569, t1) -> (97, 41, 2569, t2=t1+(1, 15))	1	272
(3378, 18, 1683, t1) -> (1683, 18, 1683, t2=t1+(1, 4))	1	273
(3688, 37, 2903, t1) -> (2903, 37, 3688, t2=t1+(1, 4))	1	274
(3523, 20, 4273, t1) -> (3523, 20, 4273, t2=t1+(1, 9))	1	275
(3110, 167, 2414, t1) -> (3110, 167, 3110, t2=t1+(1, 8))	1	276
(2343, 53, 3047, t1) -> (2343, 53, 3047, t2=t1+(1, 3))	1	277
(1639, 187, 2326, t1) -> (1639, 187, 2326, t2=t1+(1, 3))	1	278
(1412, 163, 2361, t1) -> (1412, 163, 2361, t2=t1+(1, 7))	1	279
(929, 195, 125, t1) -> (125, 195, 929, t2=t1+(1, 7))	1	280
(4092, 3, 1439, t1) -> (4092, 3, 1439, t2=t1+(1, 8))	1	281
(2361, 88, 1300, t1) -> (1300, 88, 2361, t2=t1+(1, 7))	1	282
(619, 105, 14, t1) -> (14, 105, 619, t2=t1+(1, 2))	1	283
(4276, 55, 1816, t1) -> (4276, 55, 4276, t2=t1+(1, 5))	1	284
(1354, 143, 4550, t1) -> (1354, 143, 4550, t2=t1+(1, 4))	1	285
(23, 19, 4339, t1) -> (23, 19, 23, t2=t1+(1, 5))	1	286
(2992, 62, 1585, t1) -> (1585, 62, 1585, t2=t1+(1, 4))	1	287
(2472, 184, 1410, t1) -> (1410, 184, 2472, t2=t1+(1, 4))	1	288
(2960, 150, 4231, t1) -> (4231, 150, 2960, t2=t1+(1, 7))	1	289
(3290, 74, 360, t1) -> (3290, 74, 3290, t2=t1+(1, 3))	1	290
(19, 82, 4211, t1) -> (4211, 82, 4211, t2=t1+(1, 5))	1	291
(471, 3, 2709, t1) -> (471, 3, 2709, t2=t1+(1, 3))	1	292
(3655, 31, 293, t1) -> (3655, 31, 3655, t2=t1+(1, 6))	1	293
(2358, 183, 2919, t1) -> (2919, 183, 2358, t2=t1+(1, 3))	1	294
(144, 86, 4860, t1) -> (4860, 86, 4860, t2=t1+(1, 4))	1	295
(995, 135, 1351, t1) -> (1351, 135, 1351, t2=t1+(1, 6))	1	296
(353, 67, 3239, t1) -> (3239, 67, 3239, t2=t1+(1, 4))	1	297
(1864, 197, 4674, t1) -> (1864, 197, 1864, t2=t1+(1, 5))	1	298
(3766, 195, 2588, t1) -> (3766, 195, 3766, t2=t1+(1, 3))	1	299
