(4525, 83, 2927, t1) & (4659, 77, 2882, t2=t1+(0, 6)) & (2882, 164, 2927, t3=t2+(0, 5)) -> (2882, 164, 4659, t4=t3+(1, 3))	3	0
(1989, 105, 2888, t1) & (3458, 169, 2966, t2=t1+(0, 5)) & (2966, 119, 2888, t3=t2+(0, 2)) -> (2966, 169, 2888, t4=t3+(1, 4))	3	1
(410, 85, 1409, t1) & (1075, 172, 2918, t2=t1+(0, 2)) & (410, 95, 2918, t3=t2+(0, 7)) -> (1075, 95, 410, t4=t3+(1, 3))	3	2
(1345, 189, 3105, t1) & (1161, 160, 285, t2=t1+(0, 6)) & (3105, 5, 285, t3=t2+(0, 6)) -> (285, 5, 1345, t4=t3+(1, 6))	3	3
(2768, 97, 3823, t1) & (3523, 9, 1471, t2=t1+(0, 5)) & (1471, 39, 3823, t3=t2+(0, 6)) -> (3823, 9, 3823, t4=t3+(1, 2))	3	4
(426, 20, 3019, t1) & (3886, 140, 2791, t2=t1+(0, 6)) & (3019, 1, 3886, t3=t2+(0, 4)) -> (3886, 1, 3019, t4=t3+(1, 5))	3	5
(2032, 74, 1299, t1) & (3073, 76, 4427, t2=t1+(0, 4)) & (1299, 195, 3073, t3=t2+(0, 5)) -> (4427, 74, 3073, t4=t3+(1, 7))	3	6
(2267, 27, 507, t1) & (676, 65, 1473, t2=t1+(0, 3)) & (2267, 196, 676, t3=t2+(0, 1)) -> (1473, 27, 2267, t4=t3+(1, 7))	3	7
(3721, 13, 808, t1) & (2665, 141, 3457, t2=t1+(0, 5)) & (3457, 20, 3721, t3=t2+(0, 9)) -> (808, 141, 3457, t4=t3+(1, 4))	3	8
(140, 67, 3372, t1) & (4306, 103, 1840, t2=t1+(0, 10)) & (140, 189, 1840, t3=t2+(0, 2)) -> (1840, 67, 3372, t4=t3+(1, 5))	3	9
(1401, 139, 1289, t1) & (4914, 37, 3560, t2=t1+(0, 5)) & (4914, 119, 1401, t3=t2+(0, 4)) -> (1401, 37, 1401, t4=t3+(1, 6))	3	10
(2681, 196, 2586, t1) & (458, 65, 4149, t2=t1+(0, 4)) & (2681, 16, 458, t3=t2+(0, 3)) -> (458, 65, 458, t4=t3+(1, 3))	3	11
(2593, 162, 1003, t1) & (4269, 96, 4712, t2=t1+(0, 5)) & (4269, 100, 1003, t3=t2+(0, 7)) -> (4269, 100, 4269, t4=t3+(1, 3))	3	12
(10, 27, 3679, t1) & (3793, 199, 1076, t2=t1+(0, 2)) & (10, 150, 3793, t3=t2+(0, 4)) -> (3793, 199, 10, t4=t3+(1, 2))	3	13
(4307, 37, 1646, t1) & (1401, 13, 109, t2=t1+(0, 6)) & (109, 33, 4307, t3=t2+(0, 3)) -> (1401, 33, 4307, t4=t3+(1, 5))	3	14
(1185, 176, 406, t1) & (1274, 130, 184, t2=t1+(0, 8)) & (1185, 154, 1274, t3=t2+(0, 3)) -> (406, 154, 1274, t4=t3+(1, 4))	3	15
(2699, 126, 1052, t1) & (2992, 132, 4585, t2=t1+(0, 7)) & (1052, 31, 2992, t3=t2+(0, 6)) -> (2992, 31, 2992, t4=t3+(1, 6))	3	16
(3814, 116, 877, t1) & (1487, 46, 2197, t2=t1+(0, 4)) & (3814, 139, 1487, t3=t2+(0, 7)) -> (3814, 116, 877, t4=t3+(1, 4))	3	17
(183, 57, 3112, t1) & (1755, 6, 1251, t2=t1+(0, 3)) & (183, 112, 1755, t3=t2+(0, 5)) -> (183, 57, 183, t4=t3+(1, 8))	3	18
(613, 84, 2461, t1) & (4880, 120, 821, t2=t1+(0, 5)) & (613, 53, 4880, t3=t2+(0, 4)) -> (4880, 53, 4880, t4=t3+(1, 2))	3	19
(2250, 187, 1587, t1) & (4040, 132, 4309, t2=t1+(0, 5)) & (2250, 94, 4309, t3=t2+(0, 0)) -> (2250, 187, 4309, t4=t3+(1, 1))	3	20
(4850, 155, 3846, t1) & (3712, 150, 2203, t2=t1+(0, 6)) & (3846, 95, 3712, t3=t2+(0, 3)) -> (2203, 95, 3846, t4=t3+(1, 1))	3	21
(597, 192, 4081, t1) & (1405, 180, 3322, t2=t1+(0, 6)) & (597, 106, 1405, t3=t2+(0, 7)) -> (597, 106, 1405, t4=t3+(1, 6))	3	22
(3416, 117, 2639, t1) & (4321, 64, 731, t2=t1+(0, 6)) & (4321, 26, 3416, t3=t2+(0, 7)) -> (4321, 117, 2639, t4=t3+(1, 4))	3	23
(141, 8, 1234, t1) & (1436, 114, 142, t2=t1+(0, 8)) & (141, 196, 1436, t3=t2+(0, 4)) -> (141, 196, 142, t4=t3+(1, 8))	3	24
(766, 167, 3443, t1) & (3085, 60, 2101, t2=t1+(0, 6)) & (766, 150, 2101, t3=t2+(0, 7)) -> (2101, 167, 2101, t4=t3+(1, 4))	3	25
(2543, 154, 3349, t1) & (765, 35, 1829, t2=t1+(0, 3)) & (765, 90, 2543, t3=t2+(0, 3)) -> (3349, 154, 765, t4=t3+(1, 7))	3	26
(4447, 19, 873, t1) & (4411, 71, 2757, t2=t1+(0, 6)) & (873, 18, 2757, t3=t2+(0, 4)) -> (873, 19, 873, t4=t3+(1, 4))	3	27
(4678, 11, 3300, t1) & (4307, 188, 4531, t2=t1+(0, 6)) & (3300, 16, 4531, t3=t2+(0, 4)) -> (4531, 188, 3300, t4=t3+(1, 1))	3	28
(4879, 65, 20, t1) & (4556, 137, 4050, t2=t1+(0, 8)) & (4879, 16, 4050, t3=t2+(0, 7)) -> (4879, 137, 4879, t4=t3+(1, 5))	3	29
(880, 124, 2124, t1) & (4301, 47, 2699, t2=t1+(0, 6)) & (2699, 99, 2124, t3=t2+(0, 9)) -> (2124, 47, 4301, t4=t3+(1, 3))	3	30
(4391, 51, 3872, t1) & (4692, 183, 773, t2=t1+(0, 8)) & (4391, 81, 4692, t3=t2+(0, 3)) -> (4391, 183, 4391, t4=t3+(1, 7))	3	31
(2903, 26, 2153, t1) & (4894, 57, 628, t2=t1+(0, 5)) & (2903, 178, 4894, t3=t2+(0, 8)) -> (2903, 26, 2153, t4=t3+(1, 7))	3	32
(4127, 48, 1005, t1) & (519, 166, 2581, t2=t1+(0, 6)) & (1005, 167, 519, t3=t2+(0, 4)) -> (1005, 48, 1005, t4=t3+(1, 3))	3	33
(3845, 144, 4029, t1) & (1755, 129, 1867, t2=t1+(0, 2)) & (4029, 175, 1867, t3=t2+(0, 3)) -> (1867, 129, 1867, t4=t3+(1, 5))	3	34
(773, 175, 4338, t1) & (470, 55, 633, t2=t1+(0, 5)) & (470, 42, 773, t3=t2+(0, 5)) -> (470, 175, 773, t4=t3+(1, 7))	3	35
(4233, 83, 4934, t1) & (3094, 128, 3682, t2=t1+(0, 5)) & (3682, 148, 4233, t3=t2+(0, 4)) -> (3682, 148, 4233, t4=t3+(1, 7))	3	36
(1475, 186, 3936, t1) & (705, 49, 790, t2=t1+(0, 4)) & (705, 173, 3936, t3=t2+(0, 8)) -> (790, 173, 1475, t4=t3+(1, 6))	3	37
(734, 127, 643, t1) & (1422, 4, 199, t2=t1+(0, 7)) & (1422, 47, 734, t3=t2+(0, 4)) -> (643, 47, 1422, t4=t3+(1, 7))	3	38
(4382, 148, 876, t1) & (3869, 195, 3421, t2=t1+(0, 4)) & (876, 154, 3869, t3=t2+(0, 4)) -> (4382, 154, 3421, t4=t3+(1, 4))	3	39
(13, 161, 2821, t1) & (4361, 83, 3871, t2=t1+(0, 6)) & (4361, 164, 2821, t3=t2+(0, 4)) -> (4361, 83, 3871, t4=t3+(1, 1))	3	40
(3702, 86, 3837, t1) & (1597, 39, 2783, t2=t1+(0, 9)) & (1597, 60, 3702, t3=t2+(0, 8)) -> (3702, 86, 3837, t4=t3+(1, 5))	3	41
(4530, 191, 4316, t1) & (1806, 161, 1074, t2=t1+(0, 6)) & (1806, 103, 4530, t3=t2+(0, 4)) -> (1074, 161, 1806, t4=t3+(1, 8))	3	42
(4000, 170, 2465, t1) & (4628, 179, 4148, t2=t1+(0, 5)) & (4000, 2, 4148, t3=t2+(0, 1)) -> (4148, 179, 4628, t4=t3+(1, 8))	3	43
(641, 119, 2460, t1) & (947, 65, 3090, t2=t1+(0, 3)) & (3090, 20, 641, t3=t2+(0, 6)) -> (641, 20, 947, t4=t3+(1, 4))	3	44
(1765, 105, 2770, t1) & (3656, 43, 361, t2=t1+(0, 6)) & (1765, 166, 3656, t3=t2+(0, 3)) -> (361, 166, 1765, t4=t3+(1, 3))	3	45
(4874, 69, 1708, t1) & (4262, 54, 3311, t2=t1+(0, 9)) & (4262, 138, 1708, t3=t2+(0, 11)) -> (1708, 54, 3311, t4=t3+(1, 3))	3	46
(2158, 16, 2319, t1) & (3003, 142, 146, t2=t1+(0, 12)) & (146, 154, 2319, t3=t2+(0, 1)) -> (146, 154, 2158, t4=t3+(1, 3))	3	47
(817, 169, 2830, t1) & (1548, 199, 3524, t2=t1+(0, 10)) & (2830, 84, 3524, t3=t2+(0, 4)) -> (817, 169, 3524, t4=t3+(1, 5))	3	48
(2478, 78, 2028, t1) & (2040, 24, 2217, t2=t1+(0, 4)) & (2478, 71, 2217, t3=t2+(0, 2)) -> (2217, 78, 2217, t4=t3+(1, 6))	3	49
(3037, 37, 867, t1) & (577, 134, 867, t2=t1+(0, 3)) -> (577, 37, 577, t3=t2+(1, 3))	2	50
(226, 96, 1368, t1) & (226, 4, 1368, t2=t1+(0, 9)) -> (226, 96, 226, t3=t2+(1, 2))	2	51
(1627, 104, 1788, t1) & (1788, 109, 1788, t2=t1+(0, 7)) -> (1627, 109, 1788, t3=t2+(1, 5))	2	52
(3143, 197, 4032, t1) & (4032, 14, 618, t2=t1+(0, 2)) -> (3143, 197, 4032, t3=t2+(1, 5))	2	53
(4588, 168, 3634, t1) & (3634, 108, 2708, t2=t1+(0, 5)) -> (3634, 108, 2708, t3=t2+(1, 4))	2	54
(4927, 64, 2164, t1) & (4927, 131, 2930, t2=t1+(0, 3)) -> (4927, 131, 4927, t3=t2+(1, 1))	2	55
(2616, 176, 3243, t1) & (2609, 111, 3243, t2=t1+(0, 6)) -> (3243, 111, 2616, t3=t2+(1, 4))	2	56
(2776, 78, 3988, t1) & (823, 122, 2776, t2=t1+(0, 6)) -> (823, 78, 823, t3=t2+(1, 3))	2	57
(2771, 122, 3693, t1) & (874, 89, 3693, t2=t1+(0, 3)) -> (3693, 89, 2771, t3=t2+(1, 2))	2	58
(2652, 46, 397, t1) & (2652, 193, 2652, t2=t1+(0, 5)) -> (2652, 46, 2652, t3=t2+(1, 5))	2	59
(112, 175, 1252, t1) & (112, 48, 112, t2=t1+(0, 4)) -> (1252, 48, 112, t3=t2+(1, 6))	2	60
(2409, 28, 4939, t1) & (2409, 63, 2329, t2=t1+(0, 3)) -> (2329, 28, 2409, t3=t2+(1, 8))	2	61
(4645, 47, 2103, t1) & (4645, 14, 4645, t2=t1+(0, 5)) -> (4645, 47, 4645, t3=t2+(1, 4))	2	62
(4977, 57, 125, t1) & (4977, 2, 4977, t2=t1+(0, 7)) -> (125, 57, 4977, t3=t2+(1, 5))	2	63
(1129, 136, 3798, t1) & (3798, 165, 1354, t2=t1+(0, 3)) -> (3798, 136, 1354, t3=t2+(1, 5))	2	64
(611, 160, 24, t1) & (24, 168, 24, t2=t1+(0, 4)) -> (24, 168, 24, t3=t2+(1, 6))	2	65
(233, 82, 138, t1) & (138, 160, 3410, t2=t1+(0, 9)) -> (138, 160, 138, t3=t2+(1, 6))	2	66
(4457, 180, 3603, t1) & (4457, 125, 3603, t2=t1+(0, 10)) -> (3603, 125, 3603, t3=t2+(1, 6))	2	67
(4443, 186, 1636, t1) & (3140, 149, 1636, t2=t1+(0, 4)) -> (1636, 149, 1636, t3=t2+(1, 3))	2	68
(214, 101, 1455, t1) & (214, 38, 1455, t2=t1+(0, 1)) -> (1455, 101, 1455, t3=t2+(1, 8))	2	69
(3905, 21, 1974, t1) & (3522, 40, 3905, t2=t1+(0, 4)) -> (1974, 40, 3522, t3=t2+(1, 7))	2	70
(4681, 62, 2704, t1) & (2704, 137, 4681, t2=t1+(0, 2)) -> (2704, 62, 4681, t3=t2+(1, 5))	2	71
(2436, 72, 2573, t1) & (2573, 112, 2436, t2=t1+(0, 2)) -> (2573, 72, 2573, t3=t2+(1, 5))	2	72
(3335, 85, 4259, t1) & (457, 23, 3335, t2=t1+(0, 8)) -> (457, 85, 457, t3=t2+(1, 6))	2	73
(4923, 57, 683, t1) & (2760, 56, 4923, t2=t1+(0, 3)) -> (683, 56, 4923, t3=t2+(1, 8))	2	74
(4578, 135, 2822, t1) & (4578, 75, 4578, t2=t1+(0, 3)) -> (4578, 135, 4578, t3=t2+(1, 6))	2	75
(2271, 133, 4777, t1) & (1992, 119, 4777, t2=t1+(0, 4)) -> (4777, 133, 1992, t3=t2+(1, 2))	2	76
(2460, 48, 834, t1) & (2460, 33, 3214, t2=t1+(0, 2)) -> (834, 48, 2460, t3=t2+(1, 3))	2	77
(4104, 5, 1928, t1) & (1928, 113, 4104, t2=t1+(0, 3)) -> (1928, 113, 1928, t3=t2+(1, 3))	2	78
(3820, 75, 823, t1) & (3820, 63, 930, t2=t1+(0, 4)) -> (930, 75, 823, t3=t2+(1, 4))	2	79
(1177, 192, 2523, t1) & (2523, 40, 2212, t2=t1+(0, 6)) -> (2212, 192, 2212, t3=t2+(1, 5))	2	80
(1609, 178, 936, t1) & (1609, 35, 1609, t2=t1+(0, 4)) -> (1609, 35, 1609, t3=t2+(1, 5))	2	81
(2817, 47, 4821, t1) & (3306, 123, 2817, t2=t1+(0, 3)) -> (3306, 123, 3306, t3=t2+(1, 7))	2	82
(2719, 171, 1817, t1) & (374, 63, 2719, t2=t1+(0, 2)) -> (1817, 171, 2719, t3=t2+(1, 6))	2	83
(1752, 106, 19, t1) & (1752, 19, 1264, t2=t1+(0, 5)) -> (1264, 106, 1264, t3=t2+(1, 1))	2	84
(2914, 143, 2435, t1) & (2435, 169, 1179, t2=t1+(0, 2)) -> (2435, 169, 2914, t3=t2+(1, 5))	2	85
(2341, 138, 3431, t1) & (3431, 87, 2341, t2=t1+(0, 6)) -> (2341, 138, 3431, t3=t2+(1, 4))	2	86
(2641, 138, 2346, t1) & (2202, 183, 2346, t2=t1+(0, 5)) -> (2202, 183, 2346, t3=t2+(1, 7))	2	87
(1297, 100, 1514, t1) & (1514, 84, 3013, t2=t1+(0, 5)) -> (3013, 84, 3013, t3=t2+(1, 2))	2	88
(1482, 159, 4256, t1) & (1482, 86, 4256, t2=t1+(0, 3)) -> (4256, 86, 4256, t3=t2+(1, 6))	2	89
(4171, 63, 1145, t1) & (4171, 105, 3956, t2=t1+(0, 3)) -> (1145, 105, 3956, t3=t2+(1, 6))	2	90
(1378, 150, 3506, t1) & (1378, 30, 4688, t2=t1+(0, 11)) -> (1378, 30, 4688, t3=t2+(1, 8))	2	91
(3375, 6, 2637, t1) & (3375, 148, 2637, t2=t1+(0, 6)) -> (2637, 148, 3375, t3=t2+(1, 5))	2	92
(2037, 114, 2796, t1) & (2796, 142, 2796, t2=t1+(0, 3)) -> (2796, 114, 2796, t3=t2+(1, 4))	2	93
(1517, 126, 1358, t1) & (4962, 72, 1517, t2=t1+(0, 8)) -> (1358, 126, 1517, t3=t2+(1, 5))	2	94
(124, 161, 2280, t1) & (3440, 18, 2280, t2=t1+(0, 5)) -> (2280, 161, 124, t3=t2+(1, 8))	2	95
(2782, 5, 1147, t1) & (2782, 132, 1202, t2=t1+(0, 1)) -> (2782, 5, 1147, t3=t2+(1, 5))	2	96
(4832, 83, 4553, t1) & (4553, 61, 1419, t2=t1+(0, 9)) -> (4553, 61, 4553, t3=t2+(1, 9))	2	97
(3783, 2, 4288, t1) & (4288, 158, 4288, t2=t1+(0, 5)) -> (3783, 158, 4288, t3=t2+(1, 4))	2	98
(2674, 37, 2190, t1) & (2674, 94, 456, t2=t1+(0, 3)) -> (2674, 37, 456, t3=t2+(1, 5))	2	99
(1974, 199, 4892, t1) & (1974, 110, 3291, t2=t1+(0, 3)) -> (1974, 110, 1974, t3=t2+(1, 5))	2	100
(834, 167, 469, t1) & (184, 14, 469, t2=t1+(0, 6)) -> (469, 14, 834, t3=t2+(1, 3))	2	101
(3991, 181, 397, t1) & (4061, 91, 3991, t2=t1+(0, 6)) -> (4061, 91, 397, t3=t2+(1, 3))	2	102
(844, 131, 1185, t1) & (1185, 179, 2318, t2=t1+(0, 2)) -> (1185, 131, 1185, t3=t2+(1, 7))	2	103
(1264, 81, 1839, t1) & (1264, 193, 2512, t2=t1+(0, 4)) -> (1839, 193, 2512, t3=t2+(1, 5))	2	104
(669, 193, 773, t1) & (669, 197, 669, t2=t1+(0, 5)) -> (773, 193, 773, t3=t2+(1, 4))	2	105
(2542, 130, 3664, t1) & (2542, 78, 3516, t2=t1+(0, 4)) -> (2542, 78, 2542, t3=t2+(1, 8))	2	106
(1750, 21, 1794, t1) & (1794, 180, 1750, t2=t1+(0, 4)) -> (1750, 21, 1750, t3=t2+(1, 4))	2	107
(2112, 53, 3154, t1) & (3154, 179, 1949, t2=t1+(0, 4)) -> (2112, 53, 3154, t3=t2+(1, 5))	2	108
(2484, 165, 311, t1) & (2484, 71, 4903, t2=t1+(0, 1)) -> (311, 165, 311, t3=t2+(1, 2))	2	109
(3421, 62, 4060, t1) & (1812, 147, 3421, t2=t1+(0, 6)) -> (1812, 62, 3421, t3=t2+(1, 5))	2	110
(2746, 72, 880, t1) & (2746, 115, 880, t2=t1+(0, 1)) -> (880, 115, 2746, t3=t2+(1, 3))	2	111
(3764, 140, 3683, t1) & (3764, 52, 3764, t2=t1+(0, 13)) -> (3683, 52, 3764, t3=t2+(1, 7))	2	112
(4632, 133, 3488, t1) & (2162, 93, 4632, t2=t1+(0, 6)) -> (3488, 93, 4632, t3=t2+(1, 5))	2	113
(1354, 164, 213, t1) & (213, 10, 1354, t2=t1+(0, 3)) -> (213, 10, 213, t3=t2+(1, 5))	2	114
(2624, 27, 2729, t1) & (2729, 144, 2624, t2=t1+(0, 2)) -> (2624, 27, 2729, t3=t2+(1, 3))	2	115
(4499, 43, 2101, t1) & (4499, 193, 4499, t2=t1+(0, 5)) -> (4499, 193, 4499, t3=t2+(1, 4))	2	116
(277, 119, 4953, t1) & (277, 85, 445, t2=t1+(0, 5)) -> (445, 85, 4953, t3=t2+(1, 3))	2	117
(4799, 130, 1082, t1) & (4799, 9, 1169, t2=t1+(0, 5)) -> (4799, 130, 4799, t3=t2+(1, 6))	2	118
(1358, 13, 3971, t1) & (1358, 47, 2580, t2=t1+(0, 3)) -> (2580, 47, 3971, t3=t2+(1, 4))	2	119
(2724, 117, 341, t1) & (4795, 62, 2724, t2=t1+(0, 3)) -> (4795, 62, 2724, t3=t2+(1, 5))	2	120
(2892, 131, 763, t1) & (2211, 165, 763, t2=t1+(0, 2)) -> (763, 165, 2892, t3=t2+(1, 5))	2	121
(4446, 158, 2407, t1) & (2248, 11, 2407, t2=t1+(0, 4)) -> (2407, 11, 2407, t3=t2+(1, 6))	2	122
(43, 23, 3953, t1) & (1978, 82, 43, t2=t1+(0, 5)) -> (43, 82, 43, t3=t2+(1, 6))	2	123
(3274, 70, 1953, t1) & (2780, 10, 3274, t2=t1+(0, 4)) -> (1953, 70, 1953, t3=t2+(1, 7))	2	124
(3592, 94, 1565, t1) & (3132, 86, 1565, t2=t1+(0, 5)) -> (3592, 86, 1565, t3=t2+(1, 8))	2	125
(1986, 48, 3002, t1) & (3002, 16, 1986, t2=t1+(0, 3)) -> (1986, 16, 1986, t3=t2+(1, 3))	2	126
(3845, 95, 235, t1) & (3845, 124, 279, t2=t1+(0, 3)) -> (3845, 124, 235, t3=t2+(1, 2))	2	127
(2678, 7, 1429, t1) & (4673, 170, 1429, t2=t1+(0, 6)) -> (1429, 170, 1429, t3=t2+(1, 7))	2	128
(4062, 12, 490, t1) & (4062, 196, 4062, t2=t1+(0, 4)) -> (4062, 196, 490, t3=t2+(1, 5))	2	129
(1807, 77, 3166, t1) & (1807, 71, 3012, t2=t1+(0, 3)) -> (1807, 77, 1807, t3=t2+(1, 11))	2	130
(2673, 44, 4056, t1) & (4056, 7, 4957, t2=t1+(0, 5)) -> (2673, 7, 4056, t3=t2+(1, 7))	2	131
(1284, 181, 1511, t1) & (1284, 10, 223, t2=t1+(0, 8)) -> (1511, 181, 1284, t3=t2+(1, 1))	2	132
(3620, 146, 869, t1) & (3620, 148, 3620, t2=t1+(0, 3)) -> (3620, 148, 3620, t3=t2+(1, 3))	2	133
(1216, 143, 2183, t1) & (1216, 47, 1216, t2=t1+(0, 6)) -> (1216, 143, 1216, t3=t2+(1, 4))	2	134
(4160, 93, 1379, t1) & (3316, 41, 4160, t2=t1+(0, 6)) -> (4160, 93, 1379, t3=t2+(1, 3))	2	135
(427, 99, 3657, t1) & (427, 132, 427, t2=t1+(0, 5)) -> (3657, 132, 427, t3=t2+(1, 6))	2	136
(2709, 46, 3480, t1) & (2709, 140, 2709, t2=t1+(0, 7)) -> (3480, 46, 2709, t3=t2+(1, 5))	2	137
(1635, 112, 4634, t1) & (1127, 76, 1635, t2=t1+(0, 5)) -> (1635, 76, 1127, t3=t2+(1, 3))	2	138
(2528, 55, 4977, t1) & (3043, 180, 4977, t2=t1+(0, 6)) -> (4977, 55, 4977, t3=t2+(1, 5))	2	139
(1663, 61, 4816, t1) & (1663, 0, 567, t2=t1+(0, 4)) -> (1663, 0, 567, t3=t2+(1, 3))	2	140
(1495, 134, 983, t1) & (1758, 75, 983, t2=t1+(0, 1)) -> (1758, 134, 1758, t3=t2+(1, 4))	2	141
(4827, 16, 4913, t1) & (831, 75, 4913, t2=t1+(0, 3)) -> (4827, 16, 4827, t3=t2+(1, 6))	2	142
(4456, 125, 3459, t1) & (4750, 129, 3459, t2=t1+(0, 5)) -> (3459, 125, 4456, t3=t2+(1, 7))	2	143
(1341, 172, 1528, t1) & (3418, 190, 1341, t2=t1+(0, 7)) -> (1341, 172, 1341, t3=t2+(1, 7))	2	144
(792, 165, 186, t1) & (792, 101, 1821, t2=t1+(0, 1)) -> (186, 101, 1821, t3=t2+(1, 5))	2	145
(4143, 74, 3079, t1) & (3604, 16, 3079, t2=t1+(0, 5)) -> (4143, 16, 4143, t3=t2+(1, 4))	2	146
(3680, 78, 3889, t1) & (3680, 177, 965, t2=t1+(0, 3)) -> (3680, 78, 3680, t3=t2+(1, 5))	2	147
(4093, 30, 4497, t1) & (4497, 12, 1692, t2=t1+(0, 5)) -> (4497, 30, 1692, t3=t2+(1, 2))	2	148
(1531, 65, 1235, t1) & (1235, 90, 1235, t2=t1+(0, 8)) -> (1235, 65, 1235, t3=t2+(1, 5))	2	149
(2656, 195, 316, t1) -> (316, 195, 316, t2=t1+(1, 7))	1	150
(1693, 147, 2953, t1) -> (2953, 147, 2953, t2=t1+(1, 8))	1	151
(192, 56, 4707, t1) -> (192, 56, 4707, t2=t1+(1, 5))	1	152
(628, 73, 4500, t1) -> (628, 73, 628, t2=t1+(1, 4))	1	153
(792, 159, 925, t1) -> (925, 159, 925, t2=t1+(1, 1))	1	154
(390, 197, 1119, t1) -> (390, 197, 1119, t2=t1+(1, 3))	1	155
(3833, 90, 1571, t1) -> (3833, 90, 1571, t2=t1+(1, 1))	1	156
(343, 19, 2598, t1) -> (343, 19, 2598, t2=t1+(1, 4))	1	157
(4439, 46, 4253, t1) -> (4253, 46, 4253, t2=t1+(1, 7))	1	158
(1787, 20, 4850, t1) -> (4850, 20, 1787, t2=t1+(1, 5))	1	159
(961, 71, 4229, t1) -> (4229, 71, 961, t2=t1+(1, 7))	1	160
(1909, 88, 3448, t1) -> (3448, 88, 3448, t2=t1+(1, 9))	1	161
(1864, 27, 56, t1) -> (1864, 27, 56, t2=t1+(1, 10))	1	162
(4296, 43, 2282, t1) -> (4296, 43, 2282, t2=t1+(1, 6))	1	163
(1725, 118, 3975, t1) -> (3975, 118, 1725, t2=t1+(1, 5))	1	164
(4446, 156, 2520, t1) -> (4446, 156, 2520, t2=t1+(1, 7))	1	165
(1243, 180, 2545, t1) -> (2545, 180, 2545, t2=t1+(1, 6))	1	166
(3705, 7, 3, t1) -> (3, 7, 3705, t2=t1+(1, 3))	1	167
(1144, 17, 3234, t1) -> (3234, 17, 3234, t2=t1+(1, 7))	1	168
(2853, 145, 1332, t1) -> (2853, 145, 2853, t2=t1+(1, 6))	1	169
(426, 199, 2358, t1) -> (2358, 199, 2358, t2=t1+(1, 7))	1	170
(64, 31, 2353, t1) -> (2353, 31, 2353, t2=t1+(1, 6))	1	171
(1107, 33, 247, t1) -> (1107, 33, 1107, t2=t1+(1, 3))	1	172
(3349, 158, 3756, t1) -> (3349, 158, 3756, t2=t1+(1, 7))	1	173
(379, 157, 1197, t1) -> (1197, 157, 1197, t2=t1+(1, 5))	1	174
(631, 62, 4306, t1) -> (631, 62, 631, t2=t1+(1, 8))	1	175
(3142, 196, 67, t1) -> (67, 196, 3142, t2=t1+(1, 10))	1	176
(723, 185, 2707, t1) -> (2707, 185, 2707, t2=t1+(1, 4))	1	177
(3019, 147, 2586, t1) -> (2586, 147, 3019, t2=t1+(1, 4))	1	178
(1405, 170, 1388, t1) -> (1388, 170, 1388, t2=t1+(1, 2))	1	179
(700, 174, 1068, t1) -> (1068, 174, 700, t2=t1+(1, 5))	1	180
(3253, 99, 1889, t1) -> (1889, 99, 3253, t2=t1+(1, 5))	1	181
(1203, 118, 2451, t1) -> (1203, 118, 1203, t2=t1+(1, 6))	1	182
(365, 82, 192, t1) -> (365, 82, 365, t2=t1+(1, 3))	1	183
(947, 52, 1520, t1) -> (1520, 52, 1520, t2=t1+(1, 1))	1	184
(2247, 80, 2455, t1) -> (2455, 80, 2455, t2=t1+(1, 4))	1	185
(3134, 13, 4022, t1) -> (3134, 13, 4022, t2=t1+(1, 5))	1	186
(1973, 152, 1263, t1) -> (1263, 152, 1263, t2=t1+(1, 4))	1	187
(941, 182, 3933, t1) -> (941, 182, 3933, t2=t1+(1, 4))	1	188
(4801, 12, 4626, t1) -> (4801, 12, 4626, t2=t1+(1, 4))	1	189
(4119, 79, 2541, t1) -> (4119, 79, 4119, t2=t1+(1, 6))	1	190
(3735, 21, 3915, t1) -> (3735, 21, 3735, t2=t1+(1, 4))	1	191
(3074, 194, 1250, t1) -> (1250, 194, 1250, t2=t1+(1, 7))	1	192
(1275, 7, 2266, t1) -> (2266, 7, 1275, t2=t1+(1, 3))	1	193
(2608, 35, 3442, t1) -> (3442, 35, 2608, t2=t1+(1, 2))	1	194
(3631, 134, 2267, t1) -> (2267, 134, 3631, t2=t1+(1, 2))	1	195
(3052, 108, 2734, t1) -> (3052, 108, 3052, t2=t1+(1, 6))	1	196
(2204, 185, 2235, t1) -> (2235, 185, 2235, t2=t1+(1, 4))	1	197
(2183, 199, 3517, t1) -> (2183, 199, 3517, t2=t1+(1, 4))	1	198
(4054, 21, 1810, t1) -> (1810, 21, 1810, t2=t1+(1, 4))	1	199
(2910, 191, 4877, t1) -> (4877, 191, 2910, t2=t1+(1, 4))	1	200
(4352, 30, 4161, t1) -> (4352, 30, 4161, t2=t1+(1, 5))	1	201
(4932, 157, 4248, t1) -> (4248, 157, 4248, t2=t1+(1, 6))	1	202
(2320, 99, 1044, t1) -> (1044, 99, 1044, t2=t1+(1, 6))	1	203
(4066, 88, 1615, t1) -> (1615, 88, 4066, t2=t1+(1, 4))	1	204
(3874, 74, 4759, t1) -> (3874, 74, 4759, t2=t1+(1, 5))	1	205
(545, 43, 1762, t1) -> (545, 43, 1762, t2=t1+(1, 8))	1	206
(4700, 15, 3610, t1) -> (4700, 15, 4700, t2=t1+(1, 9))	1	207
(804, 27, 4356, t1) -> (4356, 27, 804, t2=t1+(1, 3))	1	208
(700, 193, 2150, t1) -> (700, 193, 700, t2=t1+(1, 6))	1	209
(3011, 140, 1756, t1) -> (3011, 140, 1756, t2=t1+(1, 3))	1	210
(918, 165, 907, t1) -> (907, 165, 907, t2=t1+(1, 3))	1	211
(1040, 3, 2326, t1) -> (2326, 3, 2326, t2=t1+(1, 5))	1	212
(3774, 126, 3951, t1) -> (3774, 126, 3951, t2=t1+(1, 4))	1	213
(1335, 115, 1028, t1) -> (1335, 115, 1028, t2=t1+(1, 2))	1	214
(515, 133, 2890, t1) -> (515, 133, 515, t2=t1+(1, 2))	1	215
(3207, 194, 3440, t1) -> (3207, 194, 3207, t2=t1+(1, 7))	1	216
(4110, 95, 2372, t1) -> (2372, 95, 4110, t2=t1+(1, 6))	1	217
(80, 123, 1941, t1) -> (1941, 123, 80, t2=t1+(1, 9))	1	218
(4180, 43, 4895, t1) -> (4895, 43, 4180, t2=t1+(1, 4))	1	219
(2178, 179, 3008, t1) -> (3008, 179, 3008, t2=t1+(1, 7))	1	220
(3144, 29, 2480, t1) -> (2480, 29, 2480, t2=t1+(1, 7))	1	221
(3605, 34, 4397, t1) -> (4397, 34, 4397, t2=t1+(1, 6))	1	222
(4788, 64, 3423, t1) -> (3423, 64, 3423, t2=t1+(1, 8))	1	223
(157, 121, 3608, t1) -> (3608, 121, 3608, t2=t1+(1, 3))	1	224
(1651, 160, 1072, t1) -> (1651, 160, 1072, t2=t1+(1, 7))	1	225
(4168, 93, 953, t1) -> (4168, 93, 4168, t2=t1+(1, 4))	1	226
(4274, 26, 868, t1) -> (4274, 26, 4274, t2=t1+(1, 3))	1	227
(1049, 70, 3721, t1) -> (1049, 70, 1049, t2=t1+(1, 5))	1	228
(2388, 57, 1893, t1) -> (1893, 57, 2388, t2=t1+(1, 2))	1	229
(2680, 86, 40, t1) -> (40, 86, 40, t2=t1+(1, 8))	1	230
(4277, 180, 3995, t1) -> (4277, 180, 4277, t2=t1+(1, 7))	1	231
(1123, 169, 2521, t1) -> (1123, 169, 2521, t2=t1+(1, 3))	1	232
(2543, 110, 1554, t1) -> (1554, 110, 1554, t2=t1+(1, 5))	1	233
(4432, 67, 3894, t1) -> (4432, 67, 4432, t2=t1+(1, 6))	1	234
(1447, 35, 4433, t1) -> (4433, 35, 1447, t2=t1+(1, 3))	1	235
(494, 71, 2290, t1) -> (494, 71, 2290, t2=t1+(1, 5))	1	236
(4387, 86, 434, t1) -> (434, 86, 434, t2=t1+(1, 13))	1	237
(3241, 37, 2265, t1) -> (3241, 37, 3241, t2=t1+(1, 3))	1	238
(496, 136, 3172, t1) -> (496, 136, 3172, t2=t1+(1, 4))	1	239
(2792, 197, 1832, t1) -> (1832, 197, 1832, t2=t1+(1, 6))	1	240
(4437, 72, 2322, t1) -> (2322, 72, 4437, t2=t1+(1, 2))	1	241
(2924, 128, 4797, t1) -> (4797, 128, 4797, t2=t1+(1, 5))	1	242
(1012, 90, 4074, t1) -> (1012, 90, 1012, t2=t1+(1, 6))	1	243
(2401, 55, 1492, t1) -> (2401, 55, 2401, t2=t1+(1, 2))	1	244
(4352, 60, 627, t1) -> (4352, 60, 627, t2=t1+(1, 9))	1	245
(410, 137, 4575, t1) -> (4575, 137, 410, t2=t1+(1, 1))	1	246
(172, 108, 2825, t1) -> (172, 108, 172, t2=t1+(1, 6))	1	247
(4584, 189, 735, t1) -> (735, 189, 735, t2=t1+(1, 7))	1	248
(2744, 20, 156, t1) -> (2744, 20, 156, t2=t1+(1, 4))	1	249
(4998, 121, 3714, t1) -> (3714, 121, 4998, t2=t1+(1, 7))	1	250
(4664, 107, 1106, t1) -> (1106, 107, 1106, t2=t1+(1, 11))	1	251
(1788, 74, 734, t1) -> (734, 74, 734, t2=t1+(1, 9))	1	252
(1435, 92, 2973, t1) -> (2973, 92, 2973, t2=t1+(1, 5))	1	253
(2773, 159, 1075, t1) -> (1075, 159, 2773, t2=t1+(1, 4))	1	254
(4331, 79, 3429, t1) -> (4331, 79, 3429, t2=t1+(1, 3))	1	255
(1529, 67, 4543, t1) -> (1529, 67, 4543, t2=t1+(1, 3))	1	256
(4575, 30, 122, t1) -> (122, 30, 4575, t2=t1+(1, 6))	1	257
(4410, 188, 2462, t1) -> (2462, 188, 4410, t2=t1+(1, 5))	1	258
(1205, 76, 4761, t1) -> (1205, 76, 1205, t2=t1+(1, 6))	1	259
(1124, 160, 1955, t1) -> (1955, 160, 1124, t2=t1+(1, 2))	1	260
(4261, 140, 3600, t1) -> (3600, 140, 3600, t2=t1+(1, 4))	1	261
(2174, 0, 2159, t1) -> (2174, 0, 2159, t2=t1+(1, 5))	1	262
(2143, 10, 647, t1) -> (647, 10, 647, t2=t1+(1, 8))	1	263
(2796, 58, 17, t1) -> (17, 58, 17, t2=t1+(1, 7))	1	264
(4233, 37, 4134, t1) -> (4134, 37, 4233, t2=t1+(1, 7))	1	265
(2681, 106, 4522, t1) -> (4522, 106, 2681, t2=t1+(1, 2))	1	266
(4870, 113, 4342, t1) -> (4870, 113, 4342, t2=t1+(1, 3))	1	267
(1015, 95, 4100, t1) -> (1015, 95, 4100, t2=t1+(1, 8))	1	268
(3517, 125, 2561, t1) -> (2561, 125, 3517, t2=t1+(1, 4))	1	269
(3013, 10, 1862, t1) -> (3013, 10, 1862, t2=t1+(1, 3))	1	270
(3322, 3, 3358, t1) -> (3322, 3, 3322, t2=t1+(1, 3))	1	271
(3396, 101, 628, t1) -> (628, 101, 628, t2=t1+(1, 3))	1	272
(3882, 59, 431, t1) -> (3882, 59, 3882, t2=t1+(1, 5))	1	273
(2925, 153, 1824, t1) -> (2925, 153, 2925, t2=t1+(1, 5))	1	274
(20, 160, 3907, t1) -> (3907, 160, 20, t2=t1+(1, 8))	1	275
(1718, 10, 3111, t1) -> (3111, 10, 3111, t2=t1+(1, 9))	1	276
(3350, 27, 1925, t1) -> (1925, 27, 3350, t2=t1+(1, 4))	1	277
(528, 24, 2124, t1) -> (2124, 24, 2124, t2=t1+(1, 2))	1	278
(689, 75, 2883, t1) -> (689, 75, 689, t2=t1+(1, 2))	1	279
(3038, 186, 4822, t1) -> (3038, 186, 4822, t2=t1+(1, 5))	1	280
(1997, 1, 4036, t1) -> (4036, 1, 1997, t2=t1+(1, 5))	1	281
(3267, 43, 4184, t1) -> (4184, 43, 3267, t2=t1+(1, 9))	1	282
(82, 183, 388, t1) -> (388, 183, 82, t2=t1+(1, 4))	1	283
(3762, 56, 2901, t1) -> (3762, 56, 2901, t2=t1+(1, 6))	1	284
(3851, 154, 2031, t1) -> (2031, 154, 2031, t2=t1+(1, 3))	1	285
(3802, 104, 3567, t1) -> (3802, 104, 3802, t2=t1+(1, 2))	1	286
(1996, 155, 86, t1) -> (86, 155, 1996, t2=t1+(1, 5))	1	287
(697, 176, 1145, t1) -> (1145, 176, 697, t2=t1+(1, 5))	1	288
(447, 95, 1367, t1) -> (447, 95, 1367, t2=t1+(1, 7))	1	289
(4696, 4, 1128, t1) -> (4696, 4, 1128, t2=t1+(1, 4))	1	290
(3001, 53, 1687, t1) -> (3001, 53, 3001, t2=t1+(1, 3))	1	291
(2752, 37, 4434, t1) -> (2752, 37, 2752, t2=t1+(1, 6))	1	292
(4317, 81, 3767, t1) -> (4317, 81, 3767, t2=t1+(1, 5))	1	293
(1419, 107, 2909, t1) -> (1419, 107, 1419, t2=t1+(1, 11))	1	294
(4524, 187, 4176, t1) -> (4524, 187, 4176, t2=t1+(1, 6))	1	295
(3652, 4, 3627, t1) -> (3652, 4, 3627, t2=t1+(1, 5))	1	296
(4339, 52, 2574, t1) -> (4339, 52, 4339, t2=t1+(1, 5))	1	297
(2479, 14, 469, t1) -> (2479, 14, 2479, t2=t1+(1, 1))	1	298
(24, 62, 1491, t1) -> (24, 62, 24, t2=t1+(1, 2))	1	299
(1264, 73, 3635, t1) -> (3635, 73, 1264, t2=t1+(1, 3))	1	300
(2343, 69, 4022, t1) -> (2343, 69, 4022, t2=t1+(1, 3))	1	301
(630, 32, 1236, t1) -> (1236, 32, 630, t2=t1+(1, 5))	1	302
(954, 153, 192, t1) -> (192, 153, 954, t2=t1+(1, 8))	1	303
(3565, 120, 3952, t1) -> (3565, 120, 3952, t2=t1+(1, 3))	1	304
(391, 192, 4108, t1) -> (391, 192, 391, t2=t1+(1, 4))	1	305
(4665, 96, 1956, t1) -> (1956, 96, 4665, t2=t1+(1, 7))	1	306
(371, 45, 781, t1) -> (371, 45, 371, t2=t1+(1, 5))	1	307
(4172, 95, 99, t1) -> (99, 95, 99, t2=t1+(1, 8))	1	308
(2102, 189, 2662, t1) -> (2662, 189, 2102, t2=t1+(1, 3))	1	309
(4821, 180, 1089, t1) -> (4821, 180, 4821, t2=t1+(1, 2))	1	310
(3926, 175, 852, t1) -> (3926, 175, 3926, t2=t1+(1, 9))	1	311
(1547, 111, 605, t1) -> (1547, 111, 1547, t2=t1+(1, 5))	1	312
(170, 187, 205, t1) -> (170, 187, 170, t2=t1+(1, 4))	1	313
(1142, 13, 1730, t1) -> (1142, 13, 1730, t2=t1+(1, 3))	1	314
(3567, 190, 2038, t1) -> (3567, 190, 2038, t2=t1+(1, 8))	1	315
(3492, 94, 2742, t1) -> (2742, 94, 3492, t2=t1+(1, 2))	1	316
(4718, 81, 274, t1) -> (274, 81, 4718, t2=t1+(1, 5))	1	317
(1107, 30, 989, t1) -> (989, 30, 989, t2=t1+(1, 3))	1	318
(63, 32, 3633, t1) -> (63, 32, 63, t2=t1+(1, 4))	1	319
(4686, 57, 4856, t1) -> (4686, 57, 4686, t2=t1+(1, 7))	1	320
(3674, 98, 3332, t1) -> (3674, 98, 3332, t2=t1+(1, 4))	1	321
(777, 2, 1883, t1) -> (777, 2, 1883, t2=t1+(1, 4))	1	322
(579, 129, 1781, t1) -> (1781, 129, 579, t2=t1+(1, 7))	1	323
(2, 1, 3668, t1) -> (3668, 1, 2, t2=t1+(1, 4))	1	324
(3523, 6, 3280, t1) -> (3523, 6, 3280, t2=t1+(1, 2))	1	325
(334, 163, 3779, t1) -> (3779, 163, 334, t2=t1+(1, 11))	1	326
(3904, 136, 155, t1) -> (155, 136, 3904, t2=t1+(1, 3))	1	327
(3435, 24, 3331, t1) -> (3435, 24, 3331, t2=t1+(1, 6))	1	328
(1771, 104, 1887, t1) -> (1887, 104, 1887, t2=t1+(1, 4))	1	329
(2086, 58, 955, t1) -> (955, 58, 2086, t2=t1+(1, 7))	1	330
(4641, 0, 2996, t1) -> (2996, 0, 4641, t2=t1+(1, 1))	1	331
(2808, 110, 2487, t1) -> (2808, 110, 2487, t2=t1+(1, 4))	1	332
(4159, 85, 1452, t1) -> (1452, 85, 1452, t2=t1+(1, 5))	1	333
(3394, 94, 3301, t1) -> (3301, 94, 3394, t2=t1+(1, 4))	1	334
(1303, 77, 2319, t1) -> (1303, 77, 2319, t2=t1+(1, 4))	1	335
(1797, 114, 4137, t1) -> (4137, 114, 4137, t2=t1+(1, 6))	1	336
(3966, 28, 4277, t1) -> (4277, 28, 3966, t2=t1+(1, 3))	1	337
(4108, 73, 4013, t1) -> (4108, 73, 4108, t2=t1+(1, 5))	1	338
(4508, 3, 3967, t1) -> (4508, 3, 3967, t2=t1+(1, 7))	1	339
(1526, 148, 88, t1) -> (1526, 148, 1526, t2=t1+(1, 7))	1	340
(3427, 89, 2666, t1) -> (2666, 89, 2666, t2=t1+(1, 3))	1	341
(3649, 147, 3234, t1) -> (3234, 147, 3649, t2=t1+(1, 4))	1	342
(924, 186, 848, t1) -> (848, 186, 924, t2=t1+(1, 5))	1	343
(2005, 191, 3563, t1) -> (2005, 191, 3563, t2=t1+(1, 7))	1	344
(2169, 21, 3810, t1) -> (2169, 21, 2169, t2=t1+(1, 12))	1	345
(4075, 83, 4892, t1) -> (4075, 83, 4892, t2=t1+(1, 6))	1	346
(201, 66, 2367, t1) -> (201, 66, 2367, t2=t1+(1, 5))	1	347
(151, 181, 135, t1) -> (151, 181, 135, t2=t1+(1, 6))	1	348
(511, 182, 2491, t1) -> (2491, 182, 2491, t2=t1+(1, 5))	1	349
