(1281, 147, 2716, t1) & (2770, 70, 139, t2=t1+(0, 5)) & (2770, 146, 1281, t3=t2+(0, 4)) -> (1281, 147, 139, t4=t3+(1, 3))	3	0
(3824, 166, 2908, t1) & (2049, 112, 16, t2=t1+(0, 7)) & (2908, 114, 16, t3=t2+(0, 5)) -> (3824, 112, 2049, t4=t3+(1, 9))	3	1
(4104, 109, 2781, t1) & (25, 151, 3161, t2=t1+(0, 2)) & (25, 15, 4104, t3=t2+(0, 5)) -> (4104, 15, 2781, t4=t3+(1, 7))	3	2
(4359, 165, 4617, t1) & (4228, 6, 3515, t2=t1+(0, 5)) & (4228, 52, 4359, t3=t2+(0, 3)) -> (4359, 6, 4617, t4=t3+(1, 3))	3	3
(3505, 176, 1682, t1) & (1306, 197, 3886, t2=t1+(0, 2)) & (1682, 47, 3886, t3=t2+(0, 6)) -> (1682, 47, 3886, t4=t3+(1, 4))	3	4
(2289, 23, 728, t1) & (3231, 160, 3151, t2=t1+(0, 11)) & (3231, 194, 2289, t3=t2+(0, 3)) -> (3231, 160, 3231, t4=t3+(1, 8))	3	5
(2682, 139, 3084, t1) & (3982, 160, 1414, t2=t1+(0, 6)) & (3084, 139, 1414, t3=t2+(0, 3)) -> (3084, 139, 3982, t4=t3+(1, 8))	3	6
(2507, 134, 4753, t1) & (1455, 175, 2524, t2=t1+(0, 1)) & (2524, 69, 2507, t3=t2+(0, 7)) -> (2507, 134, 1455, t4=t3+(1, 4))	3	7
(2072, 150, 2338, t1) & (4496, 183, 2084, t2=t1+(0, 3)) & (2084, 128, 2338, t3=t2+(0, 2)) -> (2084, 150, 2072, t4=t3+(1, 3))	3	8
(1613, 15, 2884, t1) & (2040, 24, 4292, t2=t1+(0, 5)) & (1613, 86, 2040, t3=t2+(0, 6)) -> (1613, 15, 4292, t4=t3+(1, 3))	3	9
(1991, 52, 1438, t1) & (636, 46, 2429, t2=t1+(0, 2)) & (1438, 26, 2429, t3=t2+(0, 7)) -> (636, 52, 2429, t4=t3+(1, 5))	3	10
(3126, 8, 4242, t1) & (2044, 34, 2504, t2=t1+(0, 4)) & (3126, 178, 2044, t3=t2+(0, 3)) -> (4242, 34, 4242, t4=t3+(1, 6))	3	11
(1177, 114, 1456, t1) & (2632, 177, 3213, t2=t1+(0, 2)) & (1456, 120, 3213, t3=t2+(0, 2)) -> (1177, 120, 1456, t4=t3+(1, 3))	3	12
(3452, 16, 1093, t1) & (3729, 24, 1930, t2=t1+(0, 6)) & (1093, 33, 3729, t3=t2+(0, 6)) -> (3729, 33, 3729, t4=t3+(1, 4))	3	13
(3226, 40, 3870, t1) & (3546, 100, 1954, t2=t1+(0, 6)) & (3226, 135, 1954, t3=t2+(0, 5)) -> (3870, 135, 1954, t4=t3+(1, 6))	3	14
(1730, 193, 4305, t1) & (2411, 70, 3916, t2=t1+(0, 7)) & (2411, 37, 4305, t3=t2+(0, 8)) -> (2411, 37, 4305, t4=t3+(1, 3))	3	15
(3462, 184, 3465, t1) & (1127, 53, 2826, t2=t1+(0, 7)) & (2826, 184, 3462, t3=t2+(0, 9)) -> (3465, 184, 2826, t4=t3+(1, 2))	3	16
(4301, 95, 4588, t1) & (1136, 142, 1940, t2=t1+(0, 3)) & (1136, 132, 4301, t3=t2+(0, 6)) -> (4588, 132, 4588, t4=t3+(1, 4))	3	17
(489, 74, 400, t1) & (1610, 166, 2249, t2=t1+(0, 6)) & (400, 6, 2249, t3=t2+(0, 3)) -> (2249, 74, 489, t4=t3+(1, 4))	3	18
(636, 190, 2623, t1) & (2567, 143, 4263, t2=t1+(0, 8)) & (636, 13, 4263, t3=t2+(0, 2)) -> (4263, 13, 2567, t4=t3+(1, 7))	3	19
(2952, 84, 325, t1) & (108, 11, 2620, t2=t1+(0, 6)) & (2952, 83, 108, t3=t2+(0, 11)) -> (108, 83, 2952, t4=t3+(1, 5))	3	20
(2490, 67, 1035, t1) & (3323, 45, 3074, t2=t1+(0, 5)) & (2490, 174, 3323, t3=t2+(0, 6)) -> (3323, 45, 1035, t4=t3+(1, 7))	3	21
(4304, 54, 663, t1) & (1997, 6, 3724, t2=t1+(0, 7)) & (1997, 109, 663, t3=t2+(0, 9)) -> (1997, 109, 1997, t4=t3+(1, 5))	3	22
(3523, 127, 3786, t1) & (4853, 196, 748, t2=t1+(0, 6)) & (748, 3, 3523, t3=t2+(0, 3)) -> (748, 3, 748, t4=t3+(1, 5))	3	23
(3731, 7, 2239, t1) & (1906, 49, 2645, t2=t1+(0, 6)) & (3731, 128, 2645, t3=t2+(0, 5)) -> (2239, 7, 2645, t4=t3+(1, 8))	3	24
(929, 94, 3537, t1) & (1486, 62, 4734, t2=t1+(0, 3)) & (929, 135, 4734, t3=t2+(0, 6)) -> (929, 62, 929, t4=t3+(1, 7))	3	25
(231, 136, 1944, t1) & (4731, 129, 4942, t2=t1+(0, 5)) & (1944, 60, 4731, t3=t2+(0, 5)) -> (4942, 129, 4942, t4=t3+(1, 3))	3	26
(4112, 27, 1555, t1) & (823, 182, 2439, t2=t1+(0, 4)) & (2439, 74, 4112, t3=t2+(0, 8)) -> (1555, 74, 2439, t4=t3+(1, 4))	3	27
(86, 128, 4495, t1) & (2708, 186, 4062, t2=t1+(0, 8)) & (86, 94, 2708, t3=t2+(0, 3)) -> (86, 94, 4062, t4=t3+(1, 1))	3	28
(1899, 199, 3864, t1) & (691, 80, 1044, t2=t1+(0, 9)) & (691, 108, 3864, t3=t2+(0, 6)) -> (691, 108, 691, t4=t3+(1, 2))	3	29
(1208, 76, 1627, t1) & (14, 52, 33, t2=t1+(0, 5)) & (14, 37, 1208, t3=t2+(0, 5)) -> (14, 52, 1208, t4=t3+(1, 2))	3	30
(109, 31, 703, t1) & (2037, 193, 3198, t2=t1+(0, 4)) & (703, 47, 3198, t3=t2+(0, 3)) -> (109, 193, 703, t4=t3+(1, 5))	3	31
(373, 144, 3494, t1) & (544, 100, 149, t2=t1+(0, 4)) & (149, 74, 373, t3=t2+(0, 7)) -> (3494, 144, 3494, t4=t3+(1, 5))	3	32
(906, 0, 1222, t1) & (3505, 95, 3514, t2=t1+(0, 4)) & (3505, 101, 906, t3=t2+(0, 4)) -> (3505, 0, 906, t4=t3+(1, 1))	3	33
(4437, 18, 2317, t1) & (1907, 154, 232, t2=t1+(0, 3)) & (1907, 155, 2317, t3=t2+(0, 3)) -> (232, 154, 2317, t4=t3+(1, 6))	3	34
(141, 166, 3295, t1) & (3863, 30, 1404, t2=t1+(0, 7)) & (1404, 121, 3295, t3=t2+(0, 5)) -> (141, 30, 1404, t4=t3+(1, 5))	3	35
(2201, 90, 65, t1) & (1821, 155, 2941, t2=t1+(0, 4)) & (2941, 68, 2201, t3=t2+(0, 3)) -> (2941, 90, 2201, t4=t3+(1, 4))	3	36
(4592, 89, 3343, t1) & (3397, 4, 2337, t2=t1+(0, 6)) & (3343, 102, 2337, t3=t2+(0, 4)) -> (2337, 4, 2337, t4=t3+(1, 13))	3	37
(2099, 127, 3677, t1) & (36, 69, 312, t2=t1+(0, 3)) & (312, 142, 3677, t3=t2+(0, 3)) -> (36, 69, 36, t4=t3+(1, 4))	3	38
(903, 82, 1989, t1) & (1249, 177, 3012, t2=t1+(0, 7)) & (903, 114, 1249, t3=t2+(0, 7)) -> (903, 177, 1249, t4=t3+(1, 6))	3	39
(1973, 143, 3701, t1) & (2651, 162, 234, t2=t1+(0, 7)) & (234, 5, 3701, t3=t2+(0, 4)) -> (3701, 5, 234, t4=t3+(1, 1))	3	40
(1233, 117, 1161, t1) & (4750, 123, 1711, t2=t1+(0, 3)) & (4750, 14, 1233, t3=t2+(0, 4)) -> (4750, 14, 1233, t4=t3+(1, 3))	3	41
(811, 25, 3269, t1) & (3919, 85, 189, t2=t1+(0, 7)) & (3919, 92, 3269, t3=t2+(0, 8)) -> (3919, 85, 3269, t4=t3+(1, 2))	3	42
(2731, 118, 1006, t1) & (3362, 172, 26, t2=t1+(0, 8)) & (1006, 135, 3362, t3=t2+(0, 8)) -> (2731, 135, 3362, t4=t3+(1, 6))	3	43
(1369, 39, 2890, t1) & (4020, 95, 3649, t2=t1+(0, 3)) & (4020, 30, 2890, t3=t2+(0, 4)) -> (1369, 39, 4020, t4=t3+(1, 6))	3	44
(1343, 56, 2229, t1) & (366, 128, 2829, t2=t1+(0, 4)) & (2829, 167, 1343, t3=t2+(0, 6)) -> (2229, 167, 2829, t4=t3+(1, 6))	3	45
(3058, 144, 3525, t1) & (1548, 63, 2942, t2=t1+(0, 9)) & (3058, 45, 1548, t3=t2+(0, 9)) -> (1548, 45, 3058, t4=t3+(1, 5))	3	46
(515, 9, 1441, t1) & (1761, 50, 2724, t2=t1+(0, 5)) & (1761, 117, 515, t3=t2+(0, 3)) -> (1441, 9, 1441, t4=t3+(1, 7))	3	47
(3770, 81, 1100, t1) & (1019, 98, 4457, t2=t1+(0, 4)) & (1019, 169, 3770, t3=t2+(0, 7)) -> (1019, 81, 3770, t4=t3+(1, 9))	3	48
(761, 39, 1043, t1) & (904, 123, 484, t2=t1+(0, 1)) & (1043, 159, 904, t3=t2+(0, 3)) -> (904, 159, 484, t4=t3+(1, 5))	3	49
(664, 191, 2184, t1) & (3211, 82, 664, t2=t1+(0, 5)) -> (2184, 82, 664, t3=t2+(1, 5))	2	50
(731, 143, 1300, t1) & (1300, 91, 1300, t2=t1+(0, 4)) -> (1300, 91, 1300, t3=t2+(1, 2))	2	51
(4670, 61, 277, t1) & (4670, 123, 3087, t2=t1+(0, 5)) -> (4670, 123, 277, t3=t2+(1, 7))	2	52
(3316, 16, 3500, t1) & (3500, 47, 3316, t2=t1+(0, 9)) -> (3316, 47, 3500, t3=t2+(1, 4))	2	53
(1437, 78, 529, t1) & (529, 58, 368, t2=t1+(0, 6)) -> (529, 78, 529, t3=t2+(1, 9))	2	54
(3674, 93, 1086, t1) & (1086, 110, 1086, t2=t1+(0, 4)) -> (1086, 110, 1086, t3=t2+(1, 5))	2	55
(4960, 95, 4188, t1) & (624, 126, 4188, t2=t1+(0, 8)) -> (4188, 126, 624, t3=t2+(1, 3))	2	56
(2300, 57, 3402, t1) & (2761, 155, 2300, t2=t1+(0, 3)) -> (2761, 155, 3402, t3=t2+(1, 10))	2	57
(435, 83, 2263, t1) & (4588, 158, 435, t2=t1+(0, 6)) -> (2263, 83, 435, t3=t2+(1, 4))	2	58
(3421, 86, 4813, t1) & (3421, 9, 3421, t2=t1+(0, 1)) -> (3421, 9, 3421, t3=t2+(1, 4))	2	59
(601, 51, 3803, t1) & (601, 83, 1416, t2=t1+(0, 1)) -> (1416, 83, 601, t3=t2+(1, 3))	2	60
(4841, 139, 1365, t1) & (4841, 65, 1365, t2=t1+(0, 6)) -> (4841, 139, 4841, t3=t2+(1, 7))	2	61
(1401, 116, 3235, t1) & (1401, 106, 1034, t2=t1+(0, 7)) -> (3235, 106, 1401, t3=t2+(1, 10))	2	62
(4016, 135, 2837, t1) & (2837, 92, 2837, t2=t1+(0, 5)) -> (2837, 135, 2837, t3=t2+(1, 4))	2	63
(4713, 43, 2846, t1) & (2846, 82, 4014, t2=t1+(0, 6)) -> (4713, 82, 2846, t3=t2+(1, 3))	2	64
(3288, 83, 4865, t1) & (1167, 189, 4865, t2=t1+(0, 8)) -> (3288, 189, 4865, t3=t2+(1, 2))	2	65
(67, 16, 2098, t1) & (907, 52, 2098, t2=t1+(0, 3)) -> (2098, 16, 2098, t3=t2+(1, 4))	2	66
(3320, 194, 1141, t1) & (2245, 127, 1141, t2=t1+(0, 9)) -> (2245, 194, 1141, t3=t2+(1, 5))	2	67
(4974, 129, 4572, t1) & (4974, 54, 968, t2=t1+(0, 2)) -> (4974, 129, 4572, t3=t2+(1, 3))	2	68
(1900, 65, 4310, t1) & (1900, 120, 1352, t2=t1+(0, 7)) -> (1900, 120, 1900, t3=t2+(1, 4))	2	69
(3030, 114, 2649, t1) & (2649, 197, 2279, t2=t1+(0, 4)) -> (2279, 197, 2279, t3=t2+(1, 2))	2	70
(1089, 125, 1414, t1) & (259, 199, 1089, t2=t1+(0, 5)) -> (1089, 199, 1089, t3=t2+(1, 5))	2	71
(3137, 128, 4261, t1) & (3137, 163, 325, t2=t1+(0, 3)) -> (3137, 128, 4261, t3=t2+(1, 4))	2	72
(2785, 96, 410, t1) & (410, 162, 2175, t2=t1+(0, 5)) -> (2785, 162, 2785, t3=t2+(1, 6))	2	73
(2743, 161, 830, t1) & (830, 125, 3928, t2=t1+(0, 4)) -> (830, 161, 830, t3=t2+(1, 10))	2	74
(188, 184, 4394, t1) & (188, 53, 4394, t2=t1+(0, 4)) -> (4394, 53, 188, t3=t2+(1, 6))	2	75
(4019, 88, 187, t1) & (4019, 10, 4019, t2=t1+(0, 6)) -> (4019, 88, 187, t3=t2+(1, 6))	2	76
(3009, 163, 1878, t1) & (3009, 188, 1878, t2=t1+(0, 5)) -> (3009, 188, 3009, t3=t2+(1, 5))	2	77
(147, 32, 4674, t1) & (4674, 48, 4597, t2=t1+(0, 5)) -> (147, 48, 147, t3=t2+(1, 6))	2	78
(1771, 4, 4330, t1) & (1771, 92, 1771, t2=t1+(0, 6)) -> (1771, 4, 1771, t3=t2+(1, 5))	2	79
(412, 73, 2618, t1) & (3151, 67, 412, t2=t1+(0, 3)) -> (412, 73, 412, t3=t2+(1, 7))	2	80
(3327, 137, 1723, t1) & (1723, 30, 2781, t2=t1+(0, 3)) -> (2781, 30, 3327, t3=t2+(1, 1))	2	81
(3644, 80, 2593, t1) & (96, 189, 2593, t2=t1+(0, 6)) -> (96, 189, 2593, t3=t2+(1, 6))	2	82
(724, 97, 3393, t1) & (4877, 53, 724, t2=t1+(0, 4)) -> (3393, 97, 3393, t3=t2+(1, 3))	2	83
(4038, 118, 450, t1) & (3936, 126, 450, t2=t1+(0, 7)) -> (4038, 118, 3936, t3=t2+(1, 8))	2	84
(1604, 193, 2878, t1) & (1604, 91, 4873, t2=t1+(0, 4)) -> (1604, 91, 2878, t3=t2+(1, 8))	2	85
(907, 107, 1808, t1) & (1808, 2, 4467, t2=t1+(0, 8)) -> (4467, 107, 1808, t3=t2+(1, 5))	2	86
(3003, 133, 211, t1) & (3003, 176, 211, t2=t1+(0, 5)) -> (211, 176, 211, t3=t2+(1, 2))	2	87
(2311, 167, 2522, t1) & (2522, 106, 2522, t2=t1+(0, 3)) -> (2522, 106, 2522, t3=t2+(1, 5))	2	88
(3584, 70, 2615, t1) & (3316, 179, 3584, t2=t1+(0, 7)) -> (3584, 179, 3584, t3=t2+(1, 9))	2	89
(1142, 106, 3164, t1) & (3164, 42, 2335, t2=t1+(0, 6)) -> (3164, 106, 3164, t3=t2+(1, 4))	2	90
(4324, 106, 2043, t1) & (4324, 172, 480, t2=t1+(0, 4)) -> (2043, 172, 4324, t3=t2+(1, 2))	2	91
(2176, 163, 4747, t1) & (1970, 75, 2176, t2=t1+(0, 5)) -> (2176, 75, 1970, t3=t2+(1, 7))	2	92
(726, 127, 4864, t1) & (4864, 126, 3532, t2=t1+(0, 3)) -> (4864, 127, 726, t3=t2+(1, 5))	2	93
(3297, 98, 1520, t1) & (3297, 181, 4173, t2=t1+(0, 2)) -> (1520, 98, 4173, t3=t2+(1, 1))	2	94
(3398, 175, 398, t1) & (1507, 96, 3398, t2=t1+(0, 5)) -> (3398, 96, 398, t3=t2+(1, 5))	2	95
(2692, 38, 4834, t1) & (601, 146, 2692, t2=t1+(0, 5)) -> (4834, 38, 4834, t3=t2+(1, 8))	2	96
(3, 147, 3268, t1) & (3, 97, 1987, t2=t1+(0, 5)) -> (3, 147, 1987, t3=t2+(1, 5))	2	97
(853, 46, 1580, t1) & (2934, 63, 1580, t2=t1+(0, 4)) -> (853, 63, 1580, t3=t2+(1, 7))	2	98
(4945, 133, 1471, t1) & (3336, 53, 1471, t2=t1+(0, 5)) -> (1471, 53, 1471, t3=t2+(1, 4))	2	99
(321, 28, 3738, t1) & (791, 1, 3738, t2=t1+(0, 4)) -> (3738, 1, 791, t3=t2+(1, 1))	2	100
(2777, 14, 3265, t1) & (1213, 124, 3265, t2=t1+(0, 2)) -> (1213, 124, 1213, t3=t2+(1, 7))	2	101
(4092, 178, 803, t1) & (4092, 13, 803, t2=t1+(0, 3)) -> (4092, 178, 4092, t3=t2+(1, 5))	2	102
(2951, 35, 4552, t1) & (2951, 114, 616, t2=t1+(0, 3)) -> (2951, 35, 4552, t3=t2+(1, 2))	2	103
(731, 42, 4722, t1) & (4722, 0, 2964, t2=t1+(0, 3)) -> (2964, 42, 4722, t3=t2+(1, 4))	2	104
(989, 29, 4259, t1) & (989, 133, 989, t2=t1+(0, 4)) -> (4259, 133, 989, t3=t2+(1, 2))	2	105
(3801, 40, 4842, t1) & (4842, 157, 3632, t2=t1+(0, 7)) -> (4842, 40, 3632, t3=t2+(1, 9))	2	106
(3736, 55, 3204, t1) & (3042, 43, 3736, t2=t1+(0, 6)) -> (3736, 55, 3204, t3=t2+(1, 2))	2	107
(275, 94, 35, t1) & (275, 57, 275, t2=t1+(0, 4)) -> (275, 94, 275, t3=t2+(1, 2))	2	108
(3214, 191, 1832, t1) & (722, 34, 1832, t2=t1+(0, 7)) -> (1832, 34, 1832, t3=t2+(1, 3))	2	109
(2641, 181, 3342, t1) & (3604, 179, 3342, t2=t1+(0, 0)) -> (3604, 181, 2641, t3=t2+(1, 2))	2	110
(4631, 148, 2927, t1) & (4631, 158, 4107, t2=t1+(0, 7)) -> (4631, 158, 4631, t3=t2+(1, 6))	2	111
(2375, 184, 224, t1) & (224, 142, 4037, t2=t1+(0, 11)) -> (224, 184, 2375, t3=t2+(1, 7))	2	112
(398, 68, 1193, t1) & (1193, 47, 157, t2=t1+(0, 5)) -> (398, 68, 1193, t3=t2+(1, 5))	2	113
(334, 114, 1380, t1) & (3732, 117, 1380, t2=t1+(0, 3)) -> (1380, 114, 1380, t3=t2+(1, 8))	2	114
(1688, 178, 969, t1) & (969, 169, 2976, t2=t1+(0, 3)) -> (969, 178, 969, t3=t2+(1, 4))	2	115
(4331, 172, 1890, t1) & (2076, 94, 4331, t2=t1+(0, 8)) -> (4331, 172, 1890, t3=t2+(1, 5))	2	116
(2778, 33, 2639, t1) & (790, 140, 2778, t2=t1+(0, 3)) -> (2778, 140, 2778, t3=t2+(1, 5))	2	117
(1944, 101, 2697, t1) & (4016, 2, 2697, t2=t1+(0, 3)) -> (4016, 101, 1944, t3=t2+(1, 7))	2	118
(3960, 134, 2665, t1) & (2665, 37, 856, t2=t1+(0, 4)) -> (2665, 37, 2665, t3=t2+(1, 5))	2	119
(4562, 54, 3329, t1) & (4562, 166, 1068, t2=t1+(0, 3)) -> (4562, 54, 3329, t3=t2+(1, 4))	2	120
(4445, 137, 1002, t1) & (4445, 63, 603, t2=t1+(0, 2)) -> (603, 63, 4445, t3=t2+(1, 1))	2	121
(2861, 13, 737, t1) & (2861, 0, 2861, t2=t1+(0, 7)) -> (2861, 0, 2861, t3=t2+(1, 9))	2	122
(112, 162, 1707, t1) & (1707, 80, 1705, t2=t1+(0, 7)) -> (1705, 80, 1705, t3=t2+(1, 9))	2	123
(3550, 91, 4558, t1) & (3550, 121, 3424, t2=t1+(0, 3)) -> (4558, 91, 4558, t3=t2+(1, 6))	2	124
(3945, 26, 4227, t1) & (3945, 12, 1170, t2=t1+(0, 3)) -> (3945, 12, 3945, t3=t2+(1, 7))	2	125
(2292, 114, 4791, t1) & (4791, 58, 4791, t2=t1+(0, 6)) -> (2292, 114, 4791, t3=t2+(1, 5))	2	126
(73, 124, 4289, t1) & (73, 40, 73, t2=t1+(0, 4)) -> (73, 124, 4289, t3=t2+(1, 3))	2	127
(370, 21, 139, t1) & (139, 60, 370, t2=t1+(0, 0)) -> (370, 60, 370, t3=t2+(1, 2))	2	128
(1677, 190, 2557, t1) & (2785, 47, 1677, t2=t1+(0, 9)) -> (1677, 47, 1677, t3=t2+(1, 9))	2	129
(4623, 121, 4303, t1) & (4303, 114, 2235, t2=t1+(0, 5)) -> (2235, 121, 2235, t3=t2+(1, 2))	2	130
(4463, 149, 2592, t1) & (2592, 84, 4463, t2=t1+(0, 3)) -> (4463, 149, 4463, t3=t2+(1, 2))	2	131
(3205, 98, 600, t1) & (3205, 72, 1741, t2=t1+(0, 4)) -> (1741, 72, 3205, t3=t2+(1, 4))	2	132
(2614, 46, 583, t1) & (3916, 32, 2614, t2=t1+(0, 3)) -> (2614, 46, 2614, t3=t2+(1, 4))	2	133
(1560, 101, 2421, t1) & (4190, 110, 1560, t2=t1+(0, 5)) -> (1560, 101, 1560, t3=t2+(1, 5))	2	134
(2581, 88, 4849, t1) & (2581, 132, 4849, t2=t1+(0, 2)) -> (4849, 132, 2581, t3=t2+(1, 2))	2	135
(3693, 93, 2401, t1) & (2401, 41, 2536, t2=t1+(0, 8)) -> (2401, 93, 3693, t3=t2+(1, 7))	2	136
(2680, 24, 2430, t1) & (4483, 134, 2430, t2=t1+(0, 6)) -> (2430, 24, 2430, t3=t2+(1, 3))	2	137
(1054, 49, 1470, t1) & (1470, 118, 1054, t2=t1+(0, 8)) -> (1054, 49, 1470, t3=t2+(1, 1))	2	138
(4302, 31, 3651, t1) & (3298, 112, 3651, t2=t1+(0, 4)) -> (3651, 112, 3298, t3=t2+(1, 6))	2	139
(2018, 119, 952, t1) & (2018, 100, 741, t2=t1+(0, 1)) -> (2018, 119, 741, t3=t2+(1, 6))	2	140
(3881, 183, 584, t1) & (584, 108, 638, t2=t1+(0, 4)) -> (638, 183, 638, t3=t2+(1, 5))	2	141
(3778, 172, 453, t1) & (3778, 152, 811, t2=t1+(0, 3)) -> (3778, 172, 3778, t3=t2+(1, 5))	2	142
(1358, 35, 4778, t1) & (1358, 11, 1358, t2=t1+(0, 6)) -> (4778, 35, 4778, t3=t2+(1, 5))	2	143
(3928, 15, 2348, t1) & (3505, 45, 2348, t2=t1+(0, 1)) -> (3505, 15, 2348, t3=t2+(1, 6))	2	144
(3370, 92, 4749, t1) & (4749, 86, 3370, t2=t1+(0, 5)) -> (3370, 92, 3370, t3=t2+(1, 5))	2	145
(2457, 108, 825, t1) & (825, 197, 2457, t2=t1+(0, 1)) -> (2457, 197, 2457, t3=t2+(1, 10))	2	146
(83, 112, 2517, t1) & (2517, 37, 2517, t2=t1+(0, 7)) -> (2517, 37, 83, t3=t2+(1, 4))	2	147
(4781, 95, 1604, t1) & (4781, 58, 1700, t2=t1+(0, 4)) -> (4781, 58, 1604, t3=t2+(1, 4))	2	148
(3890, 133, 1665, t1) & (3890, 158, 3890, t2=t1+(0, 11)) -> (3890, 158, 1665, t3=t2+(1, 7))	2	149
(975, 170, 4936, t1) -> (4936, 170, 4936, t2=t1+(1, 7))	1	150
(1190, 24, 2200, t1) -> (1190, 24, 2200, t2=t1+(1, 4))	1	151
(4720, 140, 4008, t1) -> (4720, 140, 4720, t2=t1+(1, 4))	1	152
(1315, 16, 841, t1) -> (1315, 16, 841, t2=t1+(1, 1))	1	153
(1416, 61, 3065, t1) -> (3065, 61, 3065, t2=t1+(1, 6))	1	154
(521, 34, 3337, t1) -> (3337, 34, 3337, t2=t1+(1, 11))	1	155
(73, 141, 4450, t1) -> (73, 141, 4450, t2=t1+(1, 4))	1	156
(600, 57, 1239, t1) -> (600, 57, 600, t2=t1+(1, 3))	1	157
(3066, 86, 4297, t1) -> (3066, 86, 3066, t2=t1+(1, 3))	1	158
(4858, 86, 582, t1) -> (4858, 86, 4858, t2=t1+(1, 3))	1	159
(4390, 134, 3351, t1) -> (4390, 134, 3351, t2=t1+(1, 8))	1	160
(1206, 167, 3156, t1) -> (1206, 167, 1206, t2=t1+(1, 5))	1	161
(2482, 67, 4287, t1) -> (2482, 67, 2482, t2=t1+(1, 7))	1	162
(400, 6, 3051, t1) -> (3051, 6, 400, t2=t1+(1, 6))	1	163
(3931, 172, 154, t1) -> (3931, 172, 154, t2=t1+(1, 8))	1	164
(1940, 85, 2121, t1) -> (1940, 85, 1940, t2=t1+(1, 5))	1	165
(3506, 72, 4909, t1) -> (3506, 72, 3506, t2=t1+(1, 5))	1	166
(4426, 14, 2229, t1) -> (2229, 14, 2229, t2=t1+(1, 5))	1	167
(2550, 187, 4097, t1) -> (4097, 187, 2550, t2=t1+(1, 5))	1	168
(784, 191, 673, t1) -> (673, 191, 784, t2=t1+(1, 6))	1	169
(4111, 103, 628, t1) -> (628, 103, 628, t2=t1+(1, 7))	1	170
(4241, 67, 1122, t1) -> (4241, 67, 1122, t2=t1+(1, 5))	1	171
(2274, 7, 935, t1) -> (935, 7, 2274, t2=t1+(1, 5))	1	172
(4136, 114, 3034, t1) -> (3034, 114, 3034, t2=t1+(1, 10))	1	173
(1505, 137, 429, t1) -> (429, 137, 429, t2=t1+(1, 3))	1	174
(373, 158, 2588, t1) -> (373, 158, 2588, t2=t1+(1, 4))	1	175
(216, 32, 4466, t1) -> (4466, 32, 216, t2=t1+(1, 5))	1	176
(1202, 169, 3533, t1) -> (3533, 169, 3533, t2=t1+(1, 6))	1	177
(2351, 46, 3040, t1) -> (2351, 46, 2351, t2=t1+(1, 8))	1	178
(4578, 190, 2037, t1) -> (2037, 190, 2037, t2=t1+(1, 8))	1	179
(4854, 82, 2187, t1) -> (4854, 82, 4854, t2=t1+(1, 8))	1	180
(1900, 31, 2460, t1) -> (1900, 31, 1900, t2=t1+(1, 8))	1	181
(4193, 106, 3731, t1) -> (4193, 106, 4193, t2=t1+(1, 6))	1	182
(4266, 43, 1189, t1) -> (1189, 43, 1189, t2=t1+(1, 10))	1	183
(2011, 76, 1645, t1) -> (2011, 76, 1645, t2=t1+(1, 5))	1	184
(2659, 147, 4451, t1) -> (4451, 147, 2659, t2=t1+(1, 11))	1	185
(4788, 171, 774, t1) -> (774, 171, 774, t2=t1+(1, 7))	1	186
(3511, 55, 1574, t1) -> (3511, 55, 3511, t2=t1+(1, 2))	1	187
(4116, 96, 3437, t1) -> (3437, 96, 3437, t2=t1+(1, 4))	1	188
(4012, 187, 3084, t1) -> (3084, 187, 4012, t2=t1+(1, 8))	1	189
(4597, 157, 3667, t1) -> (3667, 157, 4597, t2=t1+(1, 3))	1	190
(993, 146, 198, t1) -> (993, 146, 198, t2=t1+(1, 4))	1	191
(4649, 91, 4290, t1) -> (4649, 91, 4649, t2=t1+(1, 5))	1	192
(2211, 40, 1533, t1) -> (2211, 40, 1533, t2=t1+(1, 4))	1	193
(3796, 21, 3386, t1) -> (3386, 21, 3796, t2=t1+(1, 11))	1	194
(2156, 78, 1522, t1) -> (2156, 78, 1522, t2=t1+(1, 5))	1	195
(4006, 162, 4480, t1) -> (4006, 162, 4480, t2=t1+(1, 7))	1	196
(221, 67, 550, t1) -> (550, 67, 221, t2=t1+(1, 5))	1	197
(4421, 89, 1673, t1) -> (4421, 89, 1673, t2=t1+(1, 7))	1	198
(117, 176, 3664, t1) -> (117, 176, 117, t2=t1+(1, 9))	1	199
(1821, 161, 4421, t1) -> (1821, 161, 1821, t2=t1+(1, 7))	1	200
(329, 176, 594, t1) -> (329, 176, 329, t2=t1+(1, 5))	1	201
(4037, 33, 1737, t1) -> (1737, 33, 1737, t2=t1+(1, 6))	1	202
(1029, 81, 1662, t1) -> (1029, 81, 1029, t2=t1+(1, 6))	1	203
(2349, 69, 3151, t1) -> (2349, 69, 3151, t2=t1+(1, 5))	1	204
(921, 176, 2531, t1) -> (921, 176, 921, t2=t1+(1, 5))	1	205
(12, 72, 1464, t1) -> (12, 72, 1464, t2=t1+(1, 3))	1	206
(1211, 145, 3208, t1) -> (3208, 145, 1211, t2=t1+(1, 2))	1	207
(4657, 149, 4494, t1) -> (4657, 149, 4657, t2=t1+(1, 4))	1	208
(3355, 136, 886, t1) -> (3355, 136, 3355, t2=t1+(1, 6))	1	209
(4589, 70, 3456, t1) -> (4589, 70, 3456, t2=t1+(1, 10))	1	210
(33, 74, 1588, t1) -> (1588, 74, 33, t2=t1+(1, 9))	1	211
(3159, 167, 3582, t1) -> (3582, 167, 3159, t2=t1+(1, 10))	1	212
(2047, 164, 4044, t1) -> (2047, 164, 2047, t2=t1+(1, 1))	1	213
(1247, 40, 1858, t1) -> (1247, 40, 1247, t2=t1+(1, 7))	1	214
(64, 75, 1918, t1) -> (1918, 75, 1918, t2=t1+(1, 5))	1	215
(2648, 69, 4551, t1) -> (2648, 69, 2648, t2=t1+(1, 5))	1	216
(2500, 143, 2277, t1) -> (2500, 143, 2500, t2=t1+(1, 5))	1	217
(3952, 12, 4218, t1) -> (3952, 12, 4218, t2=t1+(1, 5))	1	218
(3383, 64, 3861, t1) -> (3861, 64, 3861, t2=t1+(1, 5))	1	219
(229, 113, 1787, t1) -> (229, 113, 229, t2=t1+(1, 7))	1	220
(3375, 40, 3307, t1) -> (3307, 40, 3375, t2=t1+(1, 7))	1	221
(523, 199, 36, t1) -> (36, 199, 36, t2=t1+(1, 9))	1	222
(1969, 86, 1469, t1) -> (1469, 86, 1969, t2=t1+(1, 4))	1	223
(2677, 6, 3787, t1) -> (3787, 6, 3787, t2=t1+(1, 4))	1	224
(1012, 171, 4982, t1) -> (1012, 171, 4982, t2=t1+(1, 8))	1	225
(3349, 191, 985, t1) -> (985, 191, 985, t2=t1+(1, 6))	1	226
(568, 141, 3105, t1) -> (568, 141, 568, t2=t1+(1, 5))	1	227
(3860, 106, 225, t1) -> (3860, 106, 225, t2=t1+(1, 3))	1	228
(741, 125, 3117, t1) -> (3117, 125, 3117, t2=t1+(1, 5))	1	229
(1827, 198, 2573, t1) -> (1827, 198, 1827, t2=t1+(1, 8))	1	230
(1614, 108, 3830, t1) -> (3830, 108, 3830, t2=t1+(1, 5))	1	231
(2824, 174, 1422, t1) -> (1422, 174, 1422, t2=t1+(1, 4))	1	232
(3060, 20, 4191, t1) -> (3060, 20, 4191, t2=t1+(1, 3))	1	233
(2334, 112, 3144, t1) -> (3144, 112, 3144, t2=t1+(1, 4))	1	234
(2700, 93, 2577, t1) -> (2577, 93, 2577, t2=t1+(1, 9))	1	235
(3685, 97, 2458, t1) -> (3685, 97, 3685, t2=t1+(1, 3))	1	236
(1987, 84, 940, t1) -> (940, 84, 1987, t2=t1+(1, 2))	1	237
(4833, 172, 1778, t1) -> (4833, 172, 4833, t2=t1+(1, 7))	1	238
(2156, 138, 3968, t1) -> (3968, 138, 2156, t2=t1+(1, 5))	1	239
(1819, 0, 3455, t1) -> (1819, 0, 1819, t2=t1+(1, 5))	1	240
(2377, 178, 4842, t1) -> (2377, 178, 2377, t2=t1+(1, 6))	1	241
(4752, 160, 211, t1) -> (4752, 160, 4752, t2=t1+(1, 7))	1	242
(3938, 189, 2916, t1) -> (2916, 189, 2916, t2=t1+(1, 6))	1	243
(3375, 117, 3139, t1) -> (3375, 117, 3139, t2=t1+(1, 2))	1	244
(2616, 96, 3312, t1) -> (3312, 96, 3312, t2=t1+(1, 12))	1	245
(3020, 88, 974, t1) -> (3020, 88, 3020, t2=t1+(1, 9))	1	246
(4825, 199, 529, t1) -> (4825, 199, 4825, t2=t1+(1, 11))	1	247
(2294, 155, 1674, t1) -> (2294, 155, 2294, t2=t1+(1, 6))	1	248
(3877, 68, 3546, t1) -> (3877, 68, 3546, t2=t1+(1, 6))	1	249
(3287, 86, 4409, t1) -> (3287, 86, 3287, t2=t1+(1, 5))	1	250
(4490, 179, 3885, t1) -> (4490, 179, 4490, t2=t1+(1, 7))	1	251
(720, 19, 2145, t1) -> (2145, 19, 720, t2=t1+(1, 4))	1	252
(2997, 72, 1792, t1) -> (2997, 72, 2997, t2=t1+(1, 6))	1	253
(132, 111, 1340, t1) -> (132, 111, 132, t2=t1+(1, 5))	1	254
(4682, 78, 1563, t1) -> (4682, 78, 4682, t2=t1+(1, 6))	1	255
(2365, 30, 2465, t1) -> (2365, 30, 2465, t2=t1+(1, 3))	1	256
(3759, 102, 4106, t1) -> (4106, 102, 4106, t2=t1+(1, 5))	1	257
(4466, 134, 3006, t1) -> (4466, 134, 4466, t2=t1+(1, 1))	1	258
(4159, 43, 1758, t1) -> (1758, 43, 1758, t2=t1+(1, 5))	1	259
(536, 2, 533, t1) -> (536, 2, 536, t2=t1+(1, 5))	1	260
(4186, 106, 2576, t1) -> (2576, 106, 2576, t2=t1+(1, 2))	1	261
(2311, 137, 2935, t1) -> (2935, 137, 2311, t2=t1+(1, 2))	1	262
(3072, 180, 318, t1) -> (3072, 180, 3072, t2=t1+(1, 3))	1	263
(2498, 20, 3251, t1) -> (2498, 20, 2498, t2=t1+(1, 2))	1	264
(1220, 58, 1014, t1) -> (1014, 58, 1014, t2=t1+(1, 5))	1	265
(3207, 79, 94, t1) -> (94, 79, 3207, t2=t1+(1, 4))	1	266
(2712, 113, 4917, t1) -> (2712, 113, 4917, t2=t1+(1, 5))	1	267
(481, 167, 1692, t1) -> (1692, 167, 1692, t2=t1+(1, 4))	1	268
(1836, 156, 2353, t1) -> (2353, 156, 1836, t2=t1+(1, 1))	1	269
(3890, 44, 4853, t1) -> (3890, 44, 4853, t2=t1+(1, 6))	1	270
(339, 58, 4213, t1) -> (4213, 58, 4213, t2=t1+(1, 9))	1	271
(3258, 161, 4149, t1) -> (4149, 161, 3258, t2=t1+(1, 3))	1	272
(3699, 94, 1645, t1) -> (1645, 94, 3699, t2=t1+(1, 4))	1	273
(4090, 29, 304, t1) -> (4090, 29, 4090, t2=t1+(1, 4))	1	274
(3896, 125, 297, t1) -> (3896, 125, 3896, t2=t1+(1, 5))	1	275
(4771, 84, 3005, t1) -> (4771, 84, 3005, t2=t1+(1, 2))	1	276
(1067, 83, 3971, t1) -> (3971, 83, 3971, t2=t1+(1, 5))	1	277
(1129, 10, 4058, t1) -> (1129, 10, 4058, t2=t1+(1, 1))	1	278
(3024, 18, 1786, t1) -> (1786, 18, 3024, t2=t1+(1, 6))	1	279
(1415, 164, 2001, t1) -> (1415, 164, 1415, t2=t1+(1, 8))	1	280
(3047, 89, 3778, t1) -> (3778, 89, 3047, t2=t1+(1, 5))	1	281
(1669, 53, 517, t1) -> (517, 53, 517, t2=t1+(1, 6))	1	282
(2728, 178, 207, t1) -> (207, 178, 2728, t2=t1+(1, 6))	1	283
(4849, 84, 639, t1) -> (639, 84, 4849, t2=t1+(1, 6))	1	284
(1966, 167, 1790, t1) -> (1790, 167, 1966, t2=t1+(1, 4))	1	285
(3563, 87, 1864, t1) -> (1864, 87, 3563, t2=t1+(1, 3))	1	286
(1952, 167, 3272, t1) -> (1952, 167, 1952, t2=t1+(1, 7))	1	287
(4403, 26, 4447, t1) -> (4447, 26, 4403, t2=t1+(1, 5))	1	288
(4888, 6, 1371, t1) -> (4888, 6, 1371, t2=t1+(1, 7))	1	289
(4115, 113, 3861, t1) -> (3861, 113, 4115, t2=t1+(1, 4))	1	290
(2802, 51, 2123, t1) -> (2802, 51, 2802, t2=t1+(1, 5))	1	291
(2006, 128, 3182, t1) -> (3182, 128, 3182, t2=t1+(1, 4))	1	292
(3529, 191, 4120, t1) -> (3529, 191, 4120, t2=t1+(1, 6))	1	293
(2735, 132, 3371, t1) -> (2735, 132, 2735, t2=t1+(1, 1))	1	294
(2734, 139, 2464, t1) -> (2734, 139, 2734, t2=t1+(1, 5))	1	295
(4172, 16, 4494, t1) -> (4172, 16, 4494, t2=t1+(1, 3))	1	296
(1445, 52, 327, t1) -> (1445, 52, 327, t2=t1+(1, 7))	1	297
(4433, 36, 745, t1) -> (4433, 36, 745, t2=t1+(1, 6))	1	298
(1156, 147, 1200, t1) -> (1200, 147, 1200, t2=t1+(1, 4))	1	299
(4863, 165, 1705, t1) -> (4863, 165, 4863, t2=t1+(1, 8))	1	300
(1334, 7, 1279, t1) -> (1279, 7, 1279, t2=t1+(1, 7))	1	301
(1861, 96, 3261, t1) -> (3261, 96, 1861, t2=t1+(1, 6))	1	302
(3440, 99, 4794, t1) -> (3440, 99, 3440, t2=t1+(1, 7))	1	303
(2053, 125, 3753, t1) -> (3753, 125, 2053, t2=t1+(1, 4))	1	304
(3053, 116, 2154, t1) -> (3053, 116, 2154, t2=t1+(1, 4))	1	305
(4060, 151, 2263, t1) -> (4060, 151, 2263, t2=t1+(1, 3))	1	306
(2784, 57, 1446, t1) -> (1446, 57, 1446, t2=t1+(1, 5))	1	307
(4135, 73, 4962, t1) -> (4962, 73, 4962, t2=t1+(1, 5))	1	308
(3274, 110, 580, t1) -> (580, 110, 580, t2=t1+(1, 6))	1	309
(3560, 115, 1730, t1) -> (3560, 115, 1730, t2=t1+(1, 9))	1	310
(1143, 147, 4458, t1) -> (4458, 147, 1143, t2=t1+(1, 5))	1	311
(3678, 123, 1599, t1) -> (3678, 123, 1599, t2=t1+(1, 7))	1	312
(3635, 42, 1934, t1) -> (1934, 42, 1934, t2=t1+(1, 6))	1	313
(1045, 168, 41, t1) -> (41, 168, 41, t2=t1+(1, 4))	1	314
(24, 112, 4253, t1) -> (4253, 112, 24, t2=t1+(1, 5))	1	315
(4925, 99, 3740, t1) -> (3740, 99, 3740, t2=t1+(1, 7))	1	316
(2614, 185, 2377, t1) -> (2377, 185, 2377, t2=t1+(1, 7))	1	317
(3082, 168, 1534, t1) -> (1534, 168, 3082, t2=t1+(1, 2))	1	318
(3064, 77, 4319, t1) -> (3064, 77, 3064, t2=t1+(1, 2))	1	319
(4603, 35, 4469, t1) -> (4603, 35, 4603, t2=t1+(1, 5))	1	320
(1444, 119, 1784, t1) -> (1444, 119, 1784, t2=t1+(1, 7))	1	321
(3727, 199, 1706, t1) -> (3727, 199, 3727, t2=t1+(1, 4))	1	322
(2293, 110, 2210, t1) -> (2293, 110, 2293, t2=t1+(1, 7))	1	323
(3964, 187, 300, t1) -> (3964, 187, 300, t2=t1+(1, 9))	1	324
(3500, 114, 2492, t1) -> (2492, 114, 3500, t2=t1+(1, 4))	1	325
(2194, 141, 369, t1) -> (2194, 141, 2194, t2=t1+(1, 5))	1	326
(3721, 199, 2966, t1) -> (2966, 199, 3721, t2=t1+(1, 4))	1	327
(777, 8, 2455, t1) -> (2455, 8, 2455, t2=t1+(1, 6))	1	328
(3102, 186, 2736, t1) -> (2736, 186, 3102, t2=t1+(1, 7))	1	329
(1015, 162, 2852, t1) -> (1015, 162, 2852, t2=t1+(1, 2))	1	330
(2205, 114, 960, t1) -> (960, 114, 960, t2=t1+(1, 6))	1	331
(3091, 115, 1503, t1) -> (1503, 115, 3091, t2=t1+(1, 6))	1	332
(3691, 137, 4115, t1) -> (3691, 137, 4115, t2=t1+(1, 2))	1	333
(3288, 187, 4914, t1) -> (4914, 187, 3288, t2=t1+(1, 5))	1	334
(385, 109, 3433, t1) -> (3433, 109, 3433, t2=t1+(1, 3))	1	335
(1733, 96, 3147, t1) -> (1733, 96, 3147, t2=t1+(1, 6))	1	336
(543, 27, 4221, t1) -> (543, 27, 543, t2=t1+(1, 7))	1	337
(1767, 109, 3475, t1) -> (1767, 109, 1767, t2=t1+(1, 3))	1	338
(1642, 75, 2323, t1) -> (1642, 75, 1642, t2=t1+(1, 10))	1	339
(1202, 110, 180, t1) -> (1202, 110, 1202, t2=t1+(1, 3))	1	340
(599, 172, 2724, t1) -> (599, 172, 599, t2=t1+(1, 6))	1	341
(3758, 181, 1578, t1) -> (1578, 181, 3758, t2=t1+(1, 5))	1	342
(2405, 66, 983, t1) -> (983, 66, 983, t2=t1+(1, 4))	1	343
(4830, 161, 3870, t1) -> (4830, 161, 4830, t2=t1+(1, 2))	1	344
(1264, 35, 1693, t1) -> (1264, 35, 1264, t2=t1+(1, 7))	1	345
(2133, 109, 1114, t1) -> (1114, 109, 1114, t2=t1+(1, 2))	1	346
(2527, 117, 3960, t1) -> (3960, 117, 2527, t2=t1+(1, 6))	1	347
(180, 173, 3193, t1) -> (180, 173, 180, t2=t1+(1, 8))	1	348
(2512, 166, 3878, t1) -> (2512, 166, 2512, t2=t1+(1, 7))	1	349
