(3092, 168, 1418, t1) & (3484, 90, 1552, t2=t1+(0, 2)) & (1418, 106, 3484, t3=t2+(0, 4)) -> (1552, 90, 3484, t4=t3+(1, 2))	3	0
(1192, 198, 3493, t1) & (1938, 23, 1552, t2=t1+(0, 7)) & (1192, 59, 1938, t3=t2+(0, 6)) -> (1938, 23, 3493, t4=t3+(1, 6))	3	1
(1945, 144, 4444, t1) & (2368, 45, 4315, t2=t1+(0, 5)) & (1945, 69, 2368, t3=t2+(0, 3)) -> (1945, 45, 2368, t4=t3+(1, 5))	3	2
(143, 184, 4983, t1) & (2655, 3, 1483, t2=t1+(0, 4)) & (2655, 189, 4983, t3=t2+(0, 7)) -> (4983, 3, 1483, t4=t3+(1, 10))	3	3
(4327, 77, 2481, t1) & (127, 178, 2528, t2=t1+(0, 4)) & (2528, 189, 2481, t3=t2+(0, 5)) -> (2528, 189, 2528, t4=t3+(1, 7))	3	4
(3402, 166, 2744, t1) & (4385, 149, 1709, t2=t1+(0, 4)) & (3402, 122, 1709, t3=t2+(0, 4)) -> (1709, 122, 3402, t4=t3+(1, 7))	3	5
(4790, 76, 739, t1) & (360, 188, 3145, t2=t1+(0, 3)) & (360, 3, 4790, t3=t2+(0, 5)) -> (360, 188, 4790, t4=t3+(1, 5))	3	6
(3509, 195, 4845, t1) & (1392, 160, 1961, t2=t1+(0, 8)) & (3509, 139, 1392, t3=t2+(0, 4)) -> (1392, 195, 3509, t4=t3+(1, 3))	3	7
(1692, 180, 3664, t1) & (25, 193, 224, t2=t1+(0, 3)) & (1692, 47, 224, t3=t2+(0, 3)) -> (1692, 47, 1692, t4=t3+(1, 5))	3	8
(4135, 33, 2851, t1) & (4662, 57, 2036, t2=t1+(0, 5)) & (2851, 92, 2036, t3=t2+(0, 2)) -> (2851, 57, 2851, t4=t3+(1, 6))	3	9
(1339, 159, 85, t1) & (4531, 69, 3856, t2=t1+(0, 4)) & (3856, 22, 85, t3=t2+(0, 5)) -> (85, 159, 4531, t4=t3+(1, 3))	3	10
(3094, 14, 1709, t1) & (793, 71, 3818, t2=t1+(0, 1)) & (3818, 37, 1709, t3=t2+(0, 3)) -> (1709, 71, 3094, t4=t3+(1, 10))	3	11
(223, 76, 1662, t1) & (2368, 114, 19, t2=t1+(0, 7)) & (19, 184, 223, t3=t2+(0, 4)) -> (19, 184, 223, t4=t3+(1, 1))	3	12
(979, 170, 4256, t1) & (2536, 159, 4667, t2=t1+(0, 3)) & (4256, 180, 4667, t3=t2+(0, 5)) -> (4667, 180, 2536, t4=t3+(1, 4))	3	13
(1763, 18, 2127, t1) & (1945, 56, 2421, t2=t1+(0, 6)) & (2127, 57, 1945, t3=t2+(0, 10)) -> (1763, 56, 1945, t4=t3+(1, 5))	3	14
(1938, 115, 382, t1) & (1654, 10, 1357, t2=t1+(0, 7)) & (382, 55, 1357, t3=t2+(0, 5)) -> (1357, 115, 1654, t4=t3+(1, 5))	3	15
(345, 102, 1340, t1) & (2614, 130, 2889, t2=t1+(0, 7)) & (2889, 95, 1340, t3=t2+(0, 7)) -> (2889, 95, 2889, t4=t3+(1, 5))	3	16
(353, 109, 4385, t1) & (2051, 134, 2280, t2=t1+(0, 7)) & (2051, 26, 353, t3=t2+(0, 5)) -> (353, 134, 4385, t4=t3+(1, 5))	3	17
(2431, 68, 4616, t1) & (3331, 181, 174, t2=t1+(0, 5)) & (4616, 14, 174, t3=t2+(0, 10)) -> (174, 68, 4616, t4=t3+(1, 5))	3	18
(2823, 81, 1468, t1) & (2333, 199, 2110, t2=t1+(0, 7)) & (2333, 84, 1468, t3=t2+(0, 3)) -> (2110, 81, 2333, t4=t3+(1, 7))	3	19
(2440, 85, 2927, t1) & (3903, 193, 2946, t2=t1+(0, 6)) & (2440, 24, 3903, t3=t2+(0, 3)) -> (3903, 193, 3903, t4=t3+(1, 3))	3	20
(1076, 129, 4195, t1) & (4857, 17, 1709, t2=t1+(0, 5)) & (1076, 169, 1709, t3=t2+(0, 5)) -> (1709, 17, 1709, t4=t3+(1, 6))	3	21
(3887, 196, 2504, t1) & (4563, 39, 3637, t2=t1+(0, 7)) & (3887, 82, 4563, t3=t2+(0, 10)) -> (3887, 39, 3887, t4=t3+(1, 3))	3	22
(4976, 185, 1736, t1) & (206, 2, 345, t2=t1+(0, 5)) & (345, 124, 4976, t3=t2+(0, 2)) -> (206, 124, 345, t4=t3+(1, 6))	3	23
(3418, 55, 1511, t1) & (1223, 131, 3954, t2=t1+(0, 6)) & (1511, 140, 3954, t3=t2+(0, 5)) -> (3954, 55, 1511, t4=t3+(1, 4))	3	24
(2368, 19, 3983, t1) & (4439, 127, 2481, t2=t1+(0, 5)) & (2368, 53, 2481, t3=t2+(0, 7)) -> (3983, 53, 3983, t4=t3+(1, 1))	3	25
(3222, 93, 3197, t1) & (2439, 183, 2481, t2=t1+(0, 6)) & (3197, 13, 2439, t3=t2+(0, 4)) -> (3197, 13, 3197, t4=t3+(1, 4))	3	26
(1400, 21, 284, t1) & (4195, 155, 4804, t2=t1+(0, 4)) & (4804, 42, 1400, t3=t2+(0, 6)) -> (1400, 155, 4804, t4=t3+(1, 6))	3	27
(3791, 83, 4608, t1) & (4855, 85, 131, t2=t1+(0, 3)) & (4855, 176, 3791, t3=t2+(0, 7)) -> (4855, 85, 4855, t4=t3+(1, 4))	3	28
(665, 167, 143, t1) & (52, 149, 4563, t2=t1+(0, 4)) & (52, 1, 143, t3=t2+(0, 4)) -> (52, 149, 4563, t4=t3+(1, 2))	3	29
(2733, 189, 4719, t1) & (2559, 7, 1292, t2=t1+(0, 2)) & (2733, 56, 1292, t3=t2+(0, 3)) -> (1292, 189, 4719, t4=t3+(1, 3))	3	30
(368, 86, 1076, t1) & (515, 27, 4608, t2=t1+(0, 4)) & (368, 97, 515, t3=t2+(0, 6)) -> (4608, 86, 368, t4=t3+(1, 2))	3	31
(1285, 106, 1770, t1) & (1692, 179, 1297, t2=t1+(0, 6)) & (1692, 75, 1770, t3=t2+(0, 4)) -> (1692, 179, 1770, t4=t3+(1, 8))	3	32
(337, 119, 4400, t1) & (1583, 155, 4347, t2=t1+(0, 10)) & (337, 52, 1583, t3=t2+(0, 5)) -> (1583, 155, 4347, t4=t3+(1, 7))	3	33
(4969, 100, 4746, t1) & (4343, 19, 3543, t2=t1+(0, 4)) & (3543, 151, 4969, t3=t2+(0, 5)) -> (3543, 100, 3543, t4=t3+(1, 6))	3	34
(4500, 100, 517, t1) & (1576, 195, 2814, t2=t1+(0, 7)) & (1576, 145, 517, t3=t2+(0, 6)) -> (2814, 145, 4500, t4=t3+(1, 6))	3	35
(3602, 79, 155, t1) & (43, 143, 4204, t2=t1+(0, 8)) & (155, 140, 43, t3=t2+(0, 5)) -> (43, 140, 43, t4=t3+(1, 5))	3	36
(2052, 34, 2481, t1) & (319, 3, 606, t2=t1+(0, 4)) & (606, 198, 2052, t3=t2+(0, 3)) -> (2052, 34, 2052, t4=t3+(1, 8))	3	37
(230, 65, 255, t1) & (322, 40, 224, t2=t1+(0, 6)) & (230, 41, 322, t3=t2+(0, 4)) -> (230, 65, 224, t4=t3+(1, 5))	3	38
(1709, 143, 4112, t1) & (3365, 45, 1709, t2=t1+(0, 2)) & (1709, 168, 4112, t3=t2+(0, 7)) -> (1709, 45, 4112, t4=t3+(1, 4))	3	39
(1255, 189, 2528, t1) & (3617, 77, 4308, t2=t1+(0, 4)) & (4308, 49, 2528, t3=t2+(0, 7)) -> (4308, 189, 2528, t4=t3+(1, 8))	3	40
(4364, 38, 4327, t1) & (1853, 41, 2217, t2=t1+(0, 6)) & (1853, 10, 4327, t3=t2+(0, 4)) -> (2217, 41, 2217, t4=t3+(1, 10))	3	41
(3094, 131, 1717, t1) & (4807, 139, 4719, t2=t1+(0, 1)) & (1717, 12, 4719, t3=t2+(0, 2)) -> (1717, 12, 4807, t4=t3+(1, 8))	3	42
(3920, 1, 3533, t1) & (649, 175, 991, t2=t1+(0, 4)) & (3533, 50, 991, t3=t2+(0, 5)) -> (991, 175, 991, t4=t3+(1, 2))	3	43
(2817, 3, 2299, t1) & (2528, 5, 2945, t2=t1+(0, 2)) & (2817, 194, 2528, t3=t2+(0, 3)) -> (2528, 5, 2817, t4=t3+(1, 5))	3	44
(3920, 49, 1314, t1) & (2854, 194, 1117, t2=t1+(0, 4)) & (1117, 174, 3920, t3=t2+(0, 3)) -> (1117, 194, 3920, t4=t3+(1, 3))	3	45
(41, 121, 3296, t1) & (732, 170, 4804, t2=t1+(0, 10)) & (41, 17, 4804, t3=t2+(0, 7)) -> (3296, 170, 41, t4=t3+(1, 6))	3	46
(1729, 11, 3074, t1) & (2712, 136, 2086, t2=t1+(0, 3)) & (2086, 39, 3074, t3=t2+(0, 3)) -> (2712, 136, 3074, t4=t3+(1, 5))	3	47
(1059, 83, 28, t1) & (3103, 6, 1392, t2=t1+(0, 8)) & (1059, 124, 3103, t3=t2+(0, 6)) -> (3103, 83, 1059, t4=t3+(1, 8))	3	48
(386, 172, 1032, t1) & (2685, 30, 4207, t2=t1+(0, 5)) & (1032, 6, 4207, t3=t2+(0, 4)) -> (4207, 30, 1032, t4=t3+(1, 1))	3	49
(1961, 124, 2744, t1) & (155, 47, 1709, t2=t1+(0, 2)) & (1961, 181, 155, t3=t2+(0, 9)) -> (1709, 124, 2744, t4=t3+(1, 5))	3	50
(3165, 8, 4364, t1) & (1744, 191, 2559, t2=t1+(0, 0)) & (1744, 117, 3165, t3=t2+(0, 3)) -> (2559, 8, 3165, t4=t3+(1, 7))	3	51
(4433, 28, 3887, t1) & (1729, 62, 3931, t2=t1+(0, 4)) & (1729, 74, 3887, t3=t2+(0, 6)) -> (4433, 62, 3931, t4=t3+(1, 3))	3	52
(3484, 123, 2208, t1) & (25, 22, 4261, t2=t1+(0, 5)) & (25, 81, 3484, t3=t2+(0, 3)) -> (25, 81, 25, t4=t3+(1, 5))	3	53
(3887, 48, 4642, t1) & (2955, 32, 4512, t2=t1+(0, 8)) & (3887, 36, 2955, t3=t2+(0, 9)) -> (4642, 48, 4512, t4=t3+(1, 5))	3	54
(4719, 90, 3266, t1) & (3331, 167, 4395, t2=t1+(0, 4)) & (4719, 191, 4395, t3=t2+(0, 4)) -> (4395, 191, 3331, t4=t3+(1, 8))	3	55
(4445, 111, 1076, t1) & (2329, 181, 1722, t2=t1+(0, 4)) & (1722, 175, 1076, t3=t2+(0, 8)) -> (1076, 175, 1076, t4=t3+(1, 4))	3	56
(4261, 112, 1765, t1) & (4265, 144, 2094, t2=t1+(0, 3)) & (4261, 12, 4265, t3=t2+(0, 10)) -> (4265, 144, 4261, t4=t3+(1, 3))	3	57
(979, 36, 515, t1) & (2481, 169, 3916, t2=t1+(0, 2)) & (515, 176, 2481, t3=t2+(0, 6)) -> (515, 176, 3916, t4=t3+(1, 5))	3	58
(4976, 163, 3331, t1) & (2836, 113, 4207, t2=t1+(0, 6)) & (4207, 134, 3331, t3=t2+(0, 3)) -> (4207, 134, 4207, t4=t3+(1, 5))	3	59
(3833, 116, 1717, t1) & (3829, 7, 3131, t2=t1+(0, 9)) & (3829, 82, 1717, t3=t2+(0, 4)) -> (1717, 116, 1717, t4=t3+(1, 5))	3	60
(386, 87, 4315, t1) & (2142, 58, 750, t2=t1+(0, 4)) & (386, 106, 2142, t3=t2+(0, 3)) -> (2142, 106, 386, t4=t3+(1, 7))	3	61
(3179, 143, 4879, t1) & (3020, 2, 2051, t2=t1+(0, 1)) & (2051, 90, 4879, t3=t2+(0, 6)) -> (4879, 90, 2051, t4=t3+(1, 5))	3	62
(3441, 165, 1067, t1) & (747, 142, 2803, t2=t1+(0, 3)) & (2803, 153, 3441, t3=t2+(0, 2)) -> (747, 142, 2803, t4=t3+(1, 4))	3	63
(2597, 81, 3248, t1) & (4616, 9, 4343, t2=t1+(0, 5)) & (4343, 85, 2597, t3=t2+(0, 9)) -> (2597, 85, 3248, t4=t3+(1, 6))	3	64
(2817, 183, 2721, t1) & (4315, 86, 4439, t2=t1+(0, 6)) & (4315, 147, 2721, t3=t2+(0, 7)) -> (2817, 86, 4315, t4=t3+(1, 3))	3	65
(2086, 20, 2758, t1) & (3958, 173, 2882, t2=t1+(0, 7)) & (2882, 66, 2086, t3=t2+(0, 4)) -> (2086, 66, 2882, t4=t3+(1, 2))	3	66
(3135, 159, 114, t1) & (3497, 130, 665, t2=t1+(0, 5)) & (3497, 137, 3135, t3=t2+(0, 5)) -> (3135, 137, 3497, t4=t3+(1, 5))	3	67
(3071, 42, 174, t1) & (4608, 67, 4095, t2=t1+(0, 7)) & (4095, 24, 174, t3=t2+(0, 9)) -> (174, 67, 3071, t4=t3+(1, 6))	3	68
(572, 41, 2258, t1) & (3983, 43, 1507, t2=t1+(0, 7)) & (1507, 47, 572, t3=t2+(0, 4)) -> (1507, 43, 3983, t4=t3+(1, 6))	3	69
(832, 11, 4523, t1) & (1500, 92, 1709, t2=t1+(0, 4)) & (832, 113, 1709, t3=t2+(0, 3)) -> (832, 11, 1709, t4=t3+(1, 2))	3	70
(2377, 187, 1434, t1) & (4374, 97, 3104, t2=t1+(0, 5)) & (3104, 174, 2377, t3=t2+(0, 8)) -> (4374, 97, 3104, t4=t3+(1, 6))	3	71
(3137, 105, 665, t1) & (2481, 129, 1511, t2=t1+(0, 3)) & (665, 68, 2481, t3=t2+(0, 6)) -> (2481, 129, 2481, t4=t3+(1, 10))	3	72
(3422, 139, 1418, t1) & (1234, 130, 2655, t2=t1+(0, 6)) & (1418, 95, 2655, t3=t2+(0, 4)) -> (2655, 95, 2655, t4=t3+(1, 3))	3	73
(2583, 11, 360, t1) & (2333, 10, 1709, t2=t1+(0, 11)) & (2333, 194, 2583, t3=t2+(0, 6)) -> (2583, 194, 2583, t4=t3+(1, 4))	3	74
(2884, 167, 2927, t1) & (22, 88, 1255, t2=t1+(0, 8)) & (2884, 186, 22, t3=t2+(0, 2)) -> (1255, 186, 2927, t4=t3+(1, 3))	3	75
(2387, 37, 1878, t1) & (2051, 37, 1695, t2=t1+(0, 3)) & (1878, 56, 2051, t3=t2+(0, 7)) -> (2051, 56, 1878, t4=t3+(1, 3))	3	76
(2170, 73, 1709, t1) & (1352, 167, 353, t2=t1+(0, 3)) & (1352, 161, 2170, t3=t2+(0, 6)) -> (1352, 73, 2170, t4=t3+(1, 8))	3	77
(4933, 102, 847, t1) & (2536, 153, 1076, t2=t1+(0, 6)) & (847, 174, 1076, t3=t2+(0, 7)) -> (847, 153, 4933, t4=t3+(1, 10))	3	78
(143, 55, 2766, t1) & (3422, 92, 2217, t2=t1+(0, 7)) & (2766, 112, 2217, t3=t2+(0, 3)) -> (2766, 112, 2766, t4=t3+(1, 1))	3	79
(4866, 189, 1939, t1) & (1418, 127, 1255, t2=t1+(0, 5)) & (4866, 172, 1255, t3=t2+(0, 7)) -> (1255, 172, 1255, t4=t3+(1, 4))	3	80
(3122, 129, 904, t1) & (1922, 77, 563, t2=t1+(0, 6)) & (904, 167, 563, t3=t2+(0, 6)) -> (3122, 77, 563, t4=t3+(1, 4))	3	81
(174, 136, 2402, t1) & (3255, 73, 2003, t2=t1+(0, 6)) & (174, 157, 3255, t3=t2+(0, 1)) -> (2402, 157, 3255, t4=t3+(1, 4))	3	82
(4095, 112, 2217, t1) & (4746, 19, 1662, t2=t1+(0, 5)) & (1662, 28, 2217, t3=t2+(0, 6)) -> (1662, 19, 1662, t4=t3+(1, 5))	3	83
(545, 99, 3170, t1) & (1709, 91, 1922, t2=t1+(0, 6)) & (545, 145, 1922, t3=t2+(0, 6)) -> (545, 145, 545, t4=t3+(1, 5))	3	84
(175, 18, 3289, t1) & (4119, 129, 3931, t2=t1+(0, 6)) & (3289, 40, 4119, t3=t2+(0, 4)) -> (3289, 18, 175, t4=t3+(1, 8))	3	85
(1835, 162, 366, t1) & (917, 68, 2094, t2=t1+(0, 7)) & (917, 37, 366, t3=t2+(0, 3)) -> (366, 162, 366, t4=t3+(1, 3))	3	86
(3069, 150, 3517, t1) & (1502, 4, 2426, t2=t1+(0, 8)) & (3069, 131, 1502, t3=t2+(0, 5)) -> (3069, 4, 3517, t4=t3+(1, 7))	3	87
(1709, 86, 1945, t1) & (1109, 33, 4949, t2=t1+(0, 5)) & (1709, 148, 1109, t3=t2+(0, 1)) -> (1945, 86, 1709, t4=t3+(1, 7))	3	88
(1061, 111, 3571, t1) & (2317, 122, 812, t2=t1+(0, 4)) & (1061, 191, 2317, t3=t2+(0, 4)) -> (2317, 111, 812, t4=t3+(1, 3))	3	89
(1059, 153, 4933, t1) & (3610, 198, 386, t2=t1+(0, 5)) & (4933, 187, 386, t3=t2+(0, 4)) -> (1059, 187, 3610, t4=t3+(1, 6))	3	90
(1178, 183, 1511, t1) & (1435, 105, 1995, t2=t1+(0, 6)) & (1995, 182, 1178, t3=t2+(0, 3)) -> (1178, 183, 1178, t4=t3+(1, 2))	3	91
(2795, 27, 3571, t1) & (3189, 146, 2063, t2=t1+(0, 6)) & (3189, 193, 3571, t3=t2+(0, 6)) -> (3189, 146, 2063, t4=t3+(1, 6))	3	92
(2209, 139, 1938, t1) & (1511, 120, 1300, t2=t1+(0, 3)) & (1300, 125, 2209, t3=t2+(0, 3)) -> (1300, 139, 2209, t4=t3+(1, 6))	3	93
(3441, 6, 1421, t1) & (1695, 104, 4183, t2=t1+(0, 6)) & (4183, 69, 3441, t3=t2+(0, 3)) -> (4183, 69, 4183, t4=t3+(1, 4))	3	94
(1492, 35, 3398, t1) & (1611, 16, 1709, t2=t1+(0, 12)) & (1709, 46, 3398, t3=t2+(0, 4)) -> (1709, 46, 1709, t4=t3+(1, 4))	3	95
(4936, 187, 1729, t1) & (1245, 132, 3520, t2=t1+(0, 5)) & (4936, 91, 1245, t3=t2+(0, 5)) -> (1245, 187, 4936, t4=t3+(1, 5))	3	96
(2829, 146, 2301, t1) & (177, 87, 1400, t2=t1+(0, 5)) & (2301, 154, 177, t3=t2+(0, 6)) -> (2829, 87, 2829, t4=t3+(1, 7))	3	97
(2416, 194, 530, t1) & (3189, 5, 1654, t2=t1+(0, 8)) & (1654, 109, 2416, t3=t2+(0, 4)) -> (1654, 109, 2416, t4=t3+(1, 3))	3	98
(1874, 94, 1076, t1) & (400, 137, 4050, t2=t1+(0, 7)) & (1874, 43, 4050, t3=t2+(0, 3)) -> (400, 137, 1874, t4=t3+(1, 6))	3	99
(1911, 47, 2360, t1) & (1911, 29, 4256, t2=t1+(0, 6)) -> (1911, 47, 1911, t3=t2+(1, 6))	2	100
(1297, 175, 4301, t1) & (1297, 51, 4301, t2=t1+(0, 3)) -> (4301, 175, 1297, t3=t2+(1, 6))	2	101
(3064, 9, 1709, t1) & (1709, 135, 3064, t2=t1+(0, 3)) -> (1709, 9, 1709, t3=t2+(1, 6))	2	102
(150, 26, 774, t1) & (3932, 11, 774, t2=t1+(0, 3)) -> (774, 11, 774, t3=t2+(1, 7))	2	103
(1023, 40, 1961, t1) & (4069, 62, 1023, t2=t1+(0, 6)) -> (1023, 40, 1023, t3=t2+(1, 4))	2	104
(3484, 111, 3083, t1) & (3083, 35, 750, t2=t1+(0, 2)) -> (3484, 111, 3484, t3=t2+(1, 4))	2	105
(1748, 141, 1192, t1) & (1192, 197, 1717, t2=t1+(0, 4)) -> (1748, 141, 1748, t3=t2+(1, 1))	2	106
(2115, 130, 2655, t1) & (2655, 197, 2655, t2=t1+(0, 4)) -> (2655, 197, 2655, t3=t2+(1, 4))	2	107
(1992, 135, 2009, t1) & (1992, 184, 2009, t2=t1+(0, 5)) -> (2009, 135, 1992, t3=t2+(1, 8))	2	108
(3039, 37, 1583, t1) & (1059, 191, 3039, t2=t1+(0, 6)) -> (1583, 37, 3039, t3=t2+(1, 2))	2	109
(3901, 17, 3417, t1) & (3417, 166, 2564, t2=t1+(0, 6)) -> (3417, 17, 3901, t3=t2+(1, 3))	2	110
(3331, 40, 2333, t1) & (337, 92, 3331, t2=t1+(0, 3)) -> (2333, 40, 337, t3=t2+(1, 3))	2	111
(3617, 169, 3358, t1) & (3617, 195, 3358, t2=t1+(0, 10)) -> (3358, 195, 3617, t3=t2+(1, 8))	2	112
(1164, 68, 577, t1) & (1164, 145, 577, t2=t1+(0, 2)) -> (1164, 145, 577, t3=t2+(1, 6))	2	113
(4714, 33, 2453, t1) & (2453, 186, 4628, t2=t1+(0, 5)) -> (2453, 33, 4628, t3=t2+(1, 6))	2	114
(2439, 58, 3610, t1) & (3610, 101, 2229, t2=t1+(0, 5)) -> (3610, 101, 3610, t3=t2+(1, 6))	2	115
(4939, 110, 25, t1) & (25, 23, 25, t2=t1+(0, 4)) -> (25, 110, 25, t3=t2+(1, 7))	2	116
(1662, 38, 4483, t1) & (4070, 133, 4483, t2=t1+(0, 5)) -> (1662, 38, 4483, t3=t2+(1, 4))	2	117
(743, 185, 2921, t1) & (2787, 132, 743, t2=t1+(0, 3)) -> (2921, 185, 2787, t3=t2+(1, 12))	2	118
(9, 22, 3708, t1) & (9, 192, 69, t2=t1+(0, 10)) -> (9, 192, 3708, t3=t2+(1, 3))	2	119
(1722, 114, 3525, t1) & (4261, 4, 1722, t2=t1+(0, 5)) -> (4261, 4, 4261, t3=t2+(1, 5))	2	120
(1178, 14, 1177, t1) & (1178, 167, 1177, t2=t1+(0, 2)) -> (1178, 14, 1178, t3=t2+(1, 3))	2	121
(2204, 71, 3323, t1) & (2204, 138, 4327, t2=t1+(0, 5)) -> (2204, 138, 2204, t3=t2+(1, 5))	2	122
(1938, 195, 2481, t1) & (2536, 19, 2481, t2=t1+(0, 1)) -> (2481, 19, 2536, t3=t2+(1, 6))	2	123
(2299, 33, 2712, t1) & (2205, 108, 2299, t2=t1+(0, 8)) -> (2712, 108, 2299, t3=t2+(1, 4))	2	124
(360, 90, 2464, t1) & (360, 161, 360, t2=t1+(0, 6)) -> (360, 90, 360, t3=t2+(1, 4))	2	125
(4616, 115, 2536, t1) & (2693, 166, 4616, t2=t1+(0, 5)) -> (2693, 166, 4616, t3=t2+(1, 4))	2	126
(1961, 98, 3104, t1) & (2712, 11, 1961, t2=t1+(0, 5)) -> (3104, 11, 3104, t3=t2+(1, 3))	2	127
(3617, 185, 2807, t1) & (2807, 172, 3617, t2=t1+(0, 2)) -> (3617, 185, 2807, t3=t2+(1, 3))	2	128
(3267, 159, 904, t1) & (904, 150, 4719, t2=t1+(0, 6)) -> (4719, 159, 4719, t3=t2+(1, 4))	2	129
(3422, 162, 4662, t1) & (4662, 102, 1920, t2=t1+(0, 3)) -> (1920, 102, 4662, t3=t2+(1, 2))	2	130
(515, 52, 885, t1) & (885, 7, 4449, t2=t1+(0, 5)) -> (515, 7, 515, t3=t2+(1, 9))	2	131
(2476, 28, 1435, t1) & (2476, 13, 2476, t2=t1+(0, 4)) -> (2476, 28, 2476, t3=t2+(1, 5))	2	132
(3493, 95, 585, t1) & (585, 155, 3493, t2=t1+(0, 5)) -> (585, 155, 3493, t3=t2+(1, 3))	2	133
(1765, 4, 2690, t1) & (382, 185, 1765, t2=t1+(0, 6)) -> (1765, 4, 1765, t3=t2+(1, 10))	2	134
(2823, 22, 1874, t1) & (979, 98, 1874, t2=t1+(0, 6)) -> (2823, 22, 1874, t3=t2+(1, 8))	2	135
(4327, 143, 4297, t1) & (4297, 26, 4297, t2=t1+(0, 4)) -> (4297, 26, 4297, t3=t2+(1, 5))	2	136
(1485, 184, 3574, t1) & (1485, 20, 3321, t2=t1+(0, 2)) -> (3574, 20, 3321, t3=t2+(1, 4))	2	137
(3463, 182, 2685, t1) & (2744, 178, 2685, t2=t1+(0, 7)) -> (3463, 178, 2685, t3=t2+(1, 2))	2	138
(938, 146, 729, t1) & (1717, 23, 938, t2=t1+(0, 5)) -> (938, 23, 1717, t3=t2+(1, 3))	2	139
(3179, 73, 1543, t1) & (1543, 152, 3179, t2=t1+(0, 2)) -> (1543, 152, 1543, t3=t2+(1, 8))	2	140
(2304, 57, 2003, t1) & (2003, 172, 2421, t2=t1+(0, 5)) -> (2003, 172, 2421, t3=t2+(1, 5))	2	141
(2205, 32, 606, t1) & (904, 49, 606, t2=t1+(0, 10)) -> (2205, 49, 2205, t3=t2+(1, 3))	2	142
(2817, 118, 2967, t1) & (2967, 158, 2712, t2=t1+(0, 11)) -> (2817, 158, 2817, t3=t2+(1, 3))	2	143
(2830, 199, 4072, t1) & (3145, 49, 2830, t2=t1+(0, 7)) -> (2830, 199, 2830, t3=t2+(1, 6))	2	144
(4104, 13, 2513, t1) & (4930, 122, 4104, t2=t1+(0, 6)) -> (4104, 122, 2513, t3=t2+(1, 2))	2	145
(2481, 81, 2032, t1) & (2481, 147, 2851, t2=t1+(0, 4)) -> (2481, 81, 2481, t3=t2+(1, 9))	2	146
(4933, 136, 1178, t1) & (750, 181, 1178, t2=t1+(0, 4)) -> (4933, 181, 1178, t3=t2+(1, 5))	2	147
(1434, 162, 2854, t1) & (2854, 14, 2217, t2=t1+(0, 3)) -> (2854, 162, 2854, t3=t2+(1, 4))	2	148
(1552, 69, 4261, t1) & (1552, 178, 4261, t2=t1+(0, 4)) -> (4261, 178, 4261, t3=t2+(1, 4))	2	149
(4095, 84, 3064, t1) & (4095, 128, 3064, t2=t1+(0, 5)) -> (4095, 128, 3064, t3=t2+(1, 4))	2	150
(4889, 32, 2277, t1) & (4889, 71, 2208, t2=t1+(0, 10)) -> (2277, 71, 2277, t3=t2+(1, 6))	2	151
(4804, 1, 2301, t1) & (3791, 10, 2301, t2=t1+(0, 5)) -> (2301, 1, 3791, t3=t2+(1, 5))	2	152
(319, 74, 4500, t1) & (4500, 132, 4420, t2=t1+(0, 3)) -> (319, 132, 4500, t3=t2+(1, 6))	2	153
(2481, 12, 2803, t1) & (224, 154, 2803, t2=t1+(0, 5)) -> (2803, 154, 2803, t3=t2+(1, 8))	2	154
(2946, 177, 1509, t1) & (4488, 152, 1509, t2=t1+(0, 5)) -> (1509, 177, 2946, t3=t2+(1, 7))	2	155
(25, 23, 1076, t1) & (1928, 30, 25, t2=t1+(0, 2)) -> (25, 23, 25, t3=t2+(1, 10))	2	156
(78, 2, 382, t1) & (382, 196, 1638, t2=t1+(0, 3)) -> (382, 2, 78, t3=t2+(1, 5))	2	157
(127, 16, 2884, t1) & (2884, 168, 127, t2=t1+(0, 5)) -> (127, 16, 2884, t3=t2+(1, 2))	2	158
(174, 35, 3231, t1) & (4079, 5, 3231, t2=t1+(0, 0)) -> (4079, 35, 4079, t3=t2+(1, 3))	2	159
(994, 63, 912, t1) & (994, 166, 4075, t2=t1+(0, 7)) -> (4075, 63, 912, t3=t2+(1, 1))	2	160
(1120, 144, 1370, t1) & (1120, 23, 1120, t2=t1+(0, 9)) -> (1120, 23, 1120, t3=t2+(1, 9))	2	161
(232, 149, 4315, t1) & (232, 122, 232, t2=t1+(0, 5)) -> (4315, 122, 4315, t3=t2+(1, 4))	2	162
(442, 92, 1583, t1) & (2333, 86, 1583, t2=t1+(0, 6)) -> (2333, 92, 2333, t3=t2+(1, 6))	2	163
(3441, 19, 375, t1) & (375, 159, 375, t2=t1+(0, 3)) -> (375, 19, 375, t3=t2+(1, 3))	2	164
(243, 67, 764, t1) & (243, 10, 1283, t2=t1+(0, 7)) -> (243, 67, 1283, t3=t2+(1, 10))	2	165
(2856, 105, 2210, t1) & (2856, 50, 2856, t2=t1+(0, 7)) -> (2856, 105, 2856, t3=t2+(1, 8))	2	166
(1164, 38, 3609, t1) & (4780, 47, 1164, t2=t1+(0, 8)) -> (1164, 47, 1164, t3=t2+(1, 3))	2	167
(4226, 192, 2946, t1) & (4226, 9, 1948, t2=t1+(0, 6)) -> (2946, 9, 1948, t3=t2+(1, 5))	2	168
(3887, 81, 1348, t1) & (3887, 123, 1965, t2=t1+(0, 7)) -> (3887, 123, 3887, t3=t2+(1, 3))	2	169
(1076, 180, 2655, t1) & (1076, 144, 1076, t2=t1+(0, 5)) -> (1076, 180, 1076, t3=t2+(1, 10))	2	170
(3676, 175, 244, t1) & (244, 156, 1434, t2=t1+(0, 3)) -> (3676, 175, 3676, t3=t2+(1, 5))	2	171
(4183, 163, 1348, t1) & (2554, 199, 1348, t2=t1+(0, 5)) -> (4183, 163, 1348, t3=t2+(1, 6))	2	172
(2252, 12, 360, t1) & (2252, 76, 2252, t2=t1+(0, 8)) -> (2252, 12, 2252, t3=t2+(1, 2))	2	173
(2921, 72, 134, t1) & (2614, 150, 2921, t2=t1+(0, 5)) -> (2921, 72, 2921, t3=t2+(1, 6))	2	174
(382, 165, 340, t1) & (382, 51, 1067, t2=t1+(0, 3)) -> (382, 165, 340, t3=t2+(1, 2))	2	175
(2821, 147, 4563, t1) & (4563, 52, 2821, t2=t1+(0, 9)) -> (4563, 147, 2821, t3=t2+(1, 5))	2	176
(3931, 135, 4736, t1) & (4736, 181, 4736, t2=t1+(0, 5)) -> (4736, 135, 3931, t3=t2+(1, 3))	2	177
(2554, 86, 681, t1) & (681, 111, 2277, t2=t1+(0, 7)) -> (2554, 111, 2554, t3=t2+(1, 3))	2	178
(4933, 116, 1937, t1) & (4933, 109, 4933, t2=t1+(0, 5)) -> (4933, 116, 4933, t3=t2+(1, 3))	2	179
(4135, 22, 572, t1) & (3296, 32, 572, t2=t1+(0, 2)) -> (4135, 22, 572, t3=t2+(1, 2))	2	180
(1709, 124, 2038, t1) & (2038, 111, 2038, t2=t1+(0, 3)) -> (2038, 111, 2038, t3=t2+(1, 5))	2	181
(2402, 196, 108, t1) & (2402, 15, 2402, t2=t1+(0, 4)) -> (2402, 15, 2402, t3=t2+(1, 3))	2	182
(382, 140, 353, t1) & (2252, 107, 382, t2=t1+(0, 6)) -> (2252, 140, 382, t3=t2+(1, 3))	2	183
(4000, 75, 4244, t1) & (1418, 155, 4244, t2=t1+(0, 7)) -> (4244, 75, 4244, t3=t2+(1, 3))	2	184
(3931, 193, 947, t1) & (947, 138, 3931, t2=t1+(0, 5)) -> (947, 138, 3931, t3=t2+(1, 6))	2	185
(1511, 40, 2807, t1) & (2807, 179, 1370, t2=t1+(0, 5)) -> (2807, 179, 1370, t3=t2+(1, 6))	2	186
(3231, 171, 4591, t1) & (4591, 56, 3231, t2=t1+(0, 7)) -> (4591, 56, 3231, t3=t2+(1, 5))	2	187
(3862, 182, 3800, t1) & (3800, 162, 3862, t2=t1+(0, 4)) -> (3862, 162, 3862, t3=t2+(1, 3))	2	188
(1164, 146, 4364, t1) & (4364, 18, 4512, t2=t1+(0, 9)) -> (4364, 18, 4364, t3=t2+(1, 4))	2	189
(3476, 110, 1664, t1) & (3476, 3, 3020, t2=t1+(0, 6)) -> (3020, 3, 3476, t3=t2+(1, 6))	2	190
(128, 112, 3135, t1) & (3135, 185, 3135, t2=t1+(0, 3)) -> (128, 185, 128, t3=t2+(1, 7))	2	191
(4563, 187, 3028, t1) & (4563, 61, 2795, t2=t1+(0, 4)) -> (2795, 61, 2795, t3=t2+(1, 7))	2	192
(904, 90, 3934, t1) & (3934, 119, 904, t2=t1+(0, 7)) -> (904, 90, 3934, t3=t2+(1, 5))	2	193
(4395, 35, 407, t1) & (4395, 29, 847, t2=t1+(0, 3)) -> (847, 35, 407, t3=t2+(1, 1))	2	194
(2817, 132, 1938, t1) & (1938, 111, 3983, t2=t1+(0, 4)) -> (3983, 132, 1938, t3=t2+(1, 4))	2	195
(2210, 64, 1030, t1) & (2685, 112, 1030, t2=t1+(0, 5)) -> (2685, 112, 2685, t3=t2+(1, 3))	2	196
(1583, 113, 3536, t1) & (1583, 126, 3536, t2=t1+(0, 3)) -> (3536, 113, 1583, t3=t2+(1, 2))	2	197
(3940, 131, 572, t1) & (572, 94, 572, t2=t1+(0, 1)) -> (3940, 94, 572, t3=t2+(1, 1))	2	198
(4183, 20, 2299, t1) & (2299, 193, 4183, t2=t1+(0, 4)) -> (4183, 193, 4183, t3=t2+(1, 5))	2	199
(3365, 76, 2094, t1) -> (2094, 76, 3365, t2=t1+(1, 1))	1	200
(1437, 6, 360, t1) -> (360, 6, 1437, t2=t1+(1, 3))	1	201
(2400, 48, 4261, t1) -> (4261, 48, 4261, t2=t1+(1, 3))	1	202
(382, 111, 1311, t1) -> (382, 111, 1311, t2=t1+(1, 8))	1	203
(3533, 129, 174, t1) -> (3533, 129, 174, t2=t1+(1, 5))	1	204
(750, 76, 3323, t1) -> (750, 76, 750, t2=t1+(1, 1))	1	205
(835, 38, 3365, t1) -> (3365, 38, 3365, t2=t1+(1, 3))	1	206
(2301, 7, 3249, t1) -> (3249, 7, 2301, t2=t1+(1, 5))	1	207
(352, 139, 4667, t1) -> (352, 139, 352, t2=t1+(1, 4))	1	208
(1614, 139, 4807, t1) -> (1614, 139, 4807, t2=t1+(1, 6))	1	209
(3417, 93, 143, t1) -> (3417, 93, 143, t2=t1+(1, 4))	1	210
(4395, 115, 3248, t1) -> (3248, 115, 4395, t2=t1+(1, 5))	1	211
(4563, 67, 4483, t1) -> (4563, 67, 4483, t2=t1+(1, 4))	1	212
(2036, 191, 577, t1) -> (2036, 191, 2036, t2=t1+(1, 6))	1	213
(3222, 121, 1730, t1) -> (1730, 121, 3222, t2=t1+(1, 7))	1	214
(4639, 178, 3064, t1) -> (4639, 178, 4639, t2=t1+(1, 4))	1	215
(2528, 23, 4746, t1) -> (2528, 23, 2528, t2=t1+(1, 2))	1	216
(530, 63, 774, t1) -> (530, 63, 530, t2=t1+(1, 6))	1	217
(133, 35, 1709, t1) -> (133, 35, 1709, t2=t1+(1, 8))	1	218
(3852, 126, 3987, t1) -> (3852, 126, 3852, t2=t1+(1, 7))	1	219
(4629, 197, 108, t1) -> (4629, 197, 108, t2=t1+(1, 4))	1	220
(1709, 67, 3887, t1) -> (3887, 67, 3887, t2=t1+(1, 5))	1	221
(25, 121, 606, t1) -> (606, 121, 25, t2=t1+(1, 5))	1	222
(1850, 89, 4237, t1) -> (1850, 89, 1850, t2=t1+(1, 4))	1	223
(4626, 169, 994, t1) -> (994, 169, 994, t2=t1+(1, 1))	1	224
(1945, 79, 2148, t1) -> (1945, 79, 1945, t2=t1+(1, 3))	1	225
(2807, 49, 356, t1) -> (2807, 49, 356, t2=t1+(1, 7))	1	226
(2051, 78, 3974, t1) -> (2051, 78, 3974, t2=t1+(1, 8))	1	227
(515, 136, 1853, t1) -> (1853, 136, 1853, t2=t1+(1, 9))	1	228
(4343, 85, 596, t1) -> (596, 85, 596, t2=t1+(1, 7))	1	229
(4608, 193, 3245, t1) -> (4608, 193, 3245, t2=t1+(1, 4))	1	230
(3331, 27, 1424, t1) -> (1424, 27, 3331, t2=t1+(1, 4))	1	231
(1583, 39, 2807, t1) -> (2807, 39, 2807, t2=t1+(1, 2))	1	232
(2388, 90, 1421, t1) -> (1421, 90, 1421, t2=t1+(1, 5))	1	233
(4780, 194, 4261, t1) -> (4780, 194, 4261, t2=t1+(1, 5))	1	234
(2051, 193, 4261, t1) -> (4261, 193, 2051, t2=t1+(1, 11))	1	235
(1664, 105, 2695, t1) -> (1664, 105, 2695, t2=t1+(1, 2))	1	236
(4006, 92, 4746, t1) -> (4746, 92, 4746, t2=t1+(1, 5))	1	237
(4667, 123, 3020, t1) -> (3020, 123, 3020, t2=t1+(1, 6))	1	238
(4347, 44, 3932, t1) -> (4347, 44, 3932, t2=t1+(1, 5))	1	239
(4261, 34, 2059, t1) -> (2059, 34, 4261, t2=t1+(1, 2))	1	240
(1965, 184, 1292, t1) -> (1965, 184, 1965, t2=t1+(1, 4))	1	241
(1254, 40, 4831, t1) -> (4831, 40, 1254, t2=t1+(1, 2))	1	242
(2258, 37, 3203, t1) -> (2258, 37, 2258, t2=t1+(1, 5))	1	243
(1295, 17, 1351, t1) -> (1351, 17, 1351, t2=t1+(1, 5))	1	244
(4263, 157, 3931, t1) -> (3931, 157, 4263, t2=t1+(1, 9))	1	245
(1965, 32, 3413, t1) -> (1965, 32, 3413, t2=t1+(1, 3))	1	246
(694, 183, 4804, t1) -> (4804, 183, 4804, t2=t1+(1, 11))	1	247
(4007, 106, 319, t1) -> (4007, 106, 4007, t2=t1+(1, 6))	1	248
(2032, 135, 4563, t1) -> (4563, 135, 4563, t2=t1+(1, 3))	1	249
(665, 13, 4540, t1) -> (665, 13, 665, t2=t1+(1, 6))	1	250
(1511, 147, 4893, t1) -> (1511, 147, 4893, t2=t1+(1, 1))	1	251
(1311, 30, 2836, t1) -> (2836, 30, 2836, t2=t1+(1, 5))	1	252
(910, 78, 4591, t1) -> (4591, 78, 4591, t2=t1+(1, 3))	1	253
(4930, 193, 1279, t1) -> (1279, 193, 4930, t2=t1+(1, 5))	1	254
(3887, 107, 3231, t1) -> (3231, 107, 3887, t2=t1+(1, 3))	1	255
(405, 184, 3571, t1) -> (405, 184, 405, t2=t1+(1, 3))	1	256
(1246, 45, 3272, t1) -> (3272, 45, 1246, t2=t1+(1, 3))	1	257
(1076, 111, 4563, t1) -> (1076, 111, 1076, t2=t1+(1, 7))	1	258
(732, 11, 4079, t1) -> (4079, 11, 732, t2=t1+(1, 5))	1	259
(1692, 52, 700, t1) -> (1692, 52, 1692, t2=t1+(1, 3))	1	260
(2821, 51, 875, t1) -> (875, 51, 875, t2=t1+(1, 8))	1	261
(4364, 9, 3484, t1) -> (4364, 9, 4364, t2=t1+(1, 1))	1	262
(2032, 174, 962, t1) -> (2032, 174, 962, t2=t1+(1, 4))	1	263
(1511, 179, 1178, t1) -> (1178, 179, 1178, t2=t1+(1, 6))	1	264
(1292, 168, 3722, t1) -> (3722, 168, 1292, t2=t1+(1, 5))	1	265
(1192, 18, 382, t1) -> (382, 18, 382, t2=t1+(1, 8))	1	266
(3094, 41, 4419, t1) -> (3094, 41, 3094, t2=t1+(1, 7))	1	267
(4811, 134, 4199, t1) -> (4811, 134, 4199, t2=t1+(1, 2))	1	268
(193, 139, 4112, t1) -> (193, 139, 193, t2=t1+(1, 5))	1	269
(2115, 84, 2481, t1) -> (2481, 84, 2115, t2=t1+(1, 6))	1	270
(52, 146, 114, t1) -> (114, 146, 114, t2=t1+(1, 9))	1	271
(3422, 190, 2817, t1) -> (2817, 190, 3422, t2=t1+(1, 2))	1	272
(1043, 162, 3013, t1) -> (1043, 162, 1043, t2=t1+(1, 5))	1	273
(2036, 187, 2073, t1) -> (2073, 187, 2073, t2=t1+(1, 4))	1	274
(1421, 77, 69, t1) -> (69, 77, 1421, t2=t1+(1, 3))	1	275
(3358, 154, 2051, t1) -> (3358, 154, 3358, t2=t1+(1, 4))	1	276
(2280, 67, 1729, t1) -> (2280, 67, 2280, t2=t1+(1, 4))	1	277
(1775, 159, 2304, t1) -> (1775, 159, 1775, t2=t1+(1, 7))	1	278
(224, 26, 4976, t1) -> (224, 26, 4976, t2=t1+(1, 2))	1	279
(1254, 177, 1899, t1) -> (1899, 177, 1899, t2=t1+(1, 3))	1	280
(1583, 10, 2763, t1) -> (2763, 10, 1583, t2=t1+(1, 4))	1	281
(4563, 94, 1511, t1) -> (1511, 94, 1511, t2=t1+(1, 1))	1	282
(4419, 198, 743, t1) -> (4419, 198, 4419, t2=t1+(1, 2))	1	283
(910, 124, 4976, t1) -> (4976, 124, 910, t2=t1+(1, 4))	1	284
(1640, 137, 4261, t1) -> (4261, 137, 1640, t2=t1+(1, 5))	1	285
(2264, 178, 2528, t1) -> (2264, 178, 2528, t2=t1+(1, 2))	1	286
(4324, 118, 3422, t1) -> (3422, 118, 3422, t2=t1+(1, 7))	1	287
(2368, 121, 3638, t1) -> (2368, 121, 2368, t2=t1+(1, 5))	1	288
(2683, 163, 1246, t1) -> (1246, 163, 2683, t2=t1+(1, 5))	1	289
(1709, 109, 386, t1) -> (386, 109, 386, t2=t1+(1, 9))	1	290
(2229, 95, 4879, t1) -> (4879, 95, 2229, t2=t1+(1, 5))	1	291
(2377, 128, 4879, t1) -> (2377, 128, 4879, t2=t1+(1, 7))	1	292
(1654, 3, 4439, t1) -> (1654, 3, 4439, t2=t1+(1, 3))	1	293
(1862, 86, 3203, t1) -> (3203, 86, 1862, t2=t1+(1, 6))	1	294
(3331, 12, 1899, t1) -> (1899, 12, 3331, t2=t1+(1, 4))	1	295
(904, 66, 240, t1) -> (240, 66, 904, t2=t1+(1, 8))	1	296
(1434, 72, 4261, t1) -> (4261, 72, 1434, t2=t1+(1, 7))	1	297
(3525, 95, 1358, t1) -> (1358, 95, 1358, t2=t1+(1, 8))	1	298
(3020, 41, 2333, t1) -> (3020, 41, 3020, t2=t1+(1, 8))	1	299
