(4557, 119, 2203, t1) & (1128, 186, 1825, t2=t1+(0, 4)) & (2203, 170, 1825, t3=t2+(0, 3)) -> (2203, 186, 2203, t4=t3+(1, 9))	3	0
(2948, 61, 937, t1) & (2091, 133, 108, t2=t1+(0, 7)) & (2091, 84, 937, t3=t2+(0, 2)) -> (2948, 133, 2091, t4=t3+(1, 5))	3	1
(4874, 105, 4255, t1) & (4701, 49, 3819, t2=t1+(0, 3)) & (3819, 90, 4255, t3=t2+(0, 9)) -> (4701, 49, 4255, t4=t3+(1, 5))	3	2
(2539, 62, 4177, t1) & (3371, 14, 1058, t2=t1+(0, 2)) & (1058, 112, 2539, t3=t2+(0, 3)) -> (1058, 62, 1058, t4=t3+(1, 4))	3	3
(767, 108, 253, t1) & (2293, 53, 1868, t2=t1+(0, 6)) & (1868, 159, 253, t3=t2+(0, 4)) -> (767, 108, 767, t4=t3+(1, 6))	3	4
(1415, 54, 2612, t1) & (1057, 138, 2899, t2=t1+(0, 7)) & (2899, 119, 1415, t3=t2+(0, 4)) -> (2899, 138, 2612, t4=t3+(1, 5))	3	5
(1718, 31, 2221, t1) & (2293, 60, 3371, t2=t1+(0, 7)) & (2221, 59, 2293, t3=t2+(0, 2)) -> (2221, 59, 2221, t4=t3+(1, 7))	3	6
(2957, 36, 3581, t1) & (4960, 40, 3825, t2=t1+(0, 6)) & (2957, 21, 3825, t3=t2+(0, 3)) -> (4960, 40, 3825, t4=t3+(1, 6))	3	7
(894, 199, 4686, t1) & (1561, 10, 2196, t2=t1+(0, 5)) & (894, 76, 2196, t3=t2+(0, 8)) -> (1561, 199, 894, t4=t3+(1, 6))	3	8
(3801, 196, 568, t1) & (1658, 133, 141, t2=t1+(0, 2)) & (141, 50, 568, t3=t2+(0, 2)) -> (3801, 133, 568, t4=t3+(1, 6))	3	9
(683, 85, 2175, t1) & (3677, 43, 4013, t2=t1+(0, 5)) & (2175, 89, 4013, t3=t2+(0, 8)) -> (683, 89, 3677, t4=t3+(1, 6))	3	10
(3955, 23, 2782, t1) & (4884, 122, 1550, t2=t1+(0, 8)) & (3955, 195, 1550, t3=t2+(0, 10)) -> (4884, 122, 1550, t4=t3+(1, 3))	3	11
(4321, 15, 2163, t1) & (3568, 151, 1128, t2=t1+(0, 6)) & (3568, 63, 4321, t3=t2+(0, 5)) -> (2163, 15, 4321, t4=t3+(1, 3))	3	12
(4239, 199, 1448, t1) & (781, 78, 223, t2=t1+(0, 6)) & (781, 54, 4239, t3=t2+(0, 11)) -> (223, 78, 781, t4=t3+(1, 4))	3	13
(936, 180, 269, t1) & (3819, 42, 4126, t2=t1+(0, 5)) & (4126, 92, 269, t3=t2+(0, 5)) -> (936, 42, 3819, t4=t3+(1, 3))	3	14
(371, 43, 3689, t1) & (4404, 4, 936, t2=t1+(0, 4)) & (371, 62, 936, t3=t2+(0, 3)) -> (3689, 43, 936, t4=t3+(1, 5))	3	15
(4177, 72, 484, t1) & (1829, 139, 4109, t2=t1+(0, 6)) & (484, 166, 4109, t3=t2+(0, 4)) -> (4177, 166, 484, t4=t3+(1, 2))	3	16
(1394, 169, 4136, t1) & (4579, 152, 272, t2=t1+(0, 5)) & (4579, 131, 1394, t3=t2+(0, 5)) -> (4579, 169, 1394, t4=t3+(1, 8))	3	17
(1090, 59, 2714, t1) & (2771, 185, 316, t2=t1+(0, 3)) & (2771, 139, 1090, t3=t2+(0, 2)) -> (2771, 185, 2714, t4=t3+(1, 5))	3	18
(2807, 27, 1954, t1) & (4246, 113, 3677, t2=t1+(0, 8)) & (1954, 162, 3677, t3=t2+(0, 6)) -> (1954, 162, 3677, t4=t3+(1, 3))	3	19
(1050, 24, 3516, t1) & (4280, 79, 4757, t2=t1+(0, 3)) & (3516, 63, 4757, t3=t2+(0, 2)) -> (4280, 24, 3516, t4=t3+(1, 5))	3	20
(2771, 136, 2529, t1) & (683, 118, 4145, t2=t1+(0, 3)) & (4145, 79, 2529, t3=t2+(0, 3)) -> (4145, 136, 4145, t4=t3+(1, 10))	3	21
(3068, 130, 4126, t1) & (3225, 91, 12, t2=t1+(0, 11)) & (12, 31, 4126, t3=t2+(0, 4)) -> (4126, 91, 12, t4=t3+(1, 4))	3	22
(2807, 46, 49, t1) & (3225, 94, 1003, t2=t1+(0, 7)) & (3225, 4, 2807, t3=t2+(0, 2)) -> (49, 46, 49, t4=t3+(1, 6))	3	23
(4909, 56, 4318, t1) & (4255, 131, 1526, t2=t1+(0, 4)) & (4318, 91, 4255, t3=t2+(0, 5)) -> (1526, 131, 4909, t4=t3+(1, 8))	3	24
(2771, 198, 701, t1) & (1868, 148, 1025, t2=t1+(0, 1)) & (701, 17, 1025, t3=t2+(0, 4)) -> (1025, 148, 2771, t4=t3+(1, 12))	3	25
(1970, 116, 1675, t1) & (887, 160, 22, t2=t1+(0, 2)) & (887, 64, 1970, t3=t2+(0, 6)) -> (887, 160, 1675, t4=t3+(1, 7))	3	26
(701, 42, 4358, t1) & (3890, 73, 1841, t2=t1+(0, 4)) & (3890, 140, 4358, t3=t2+(0, 4)) -> (701, 42, 4358, t4=t3+(1, 10))	3	27
(4013, 38, 767, t1) & (419, 16, 1988, t2=t1+(0, 4)) & (419, 20, 767, t3=t2+(0, 6)) -> (1988, 20, 767, t4=t3+(1, 7))	3	28
(3700, 81, 4859, t1) & (1492, 152, 1988, t2=t1+(0, 1)) & (4859, 9, 1988, t3=t2+(0, 3)) -> (4859, 81, 1988, t4=t3+(1, 8))	3	29
(2291, 188, 2178, t1) & (4126, 55, 2282, t2=t1+(0, 5)) & (2178, 149, 2282, t3=t2+(0, 6)) -> (2282, 188, 2291, t4=t3+(1, 5))	3	30
(2234, 114, 3256, t1) & (4274, 78, 3094, t2=t1+(0, 8)) & (3256, 124, 4274, t3=t2+(0, 8)) -> (4274, 124, 4274, t4=t3+(1, 5))	3	31
(1980, 26, 2539, t1) & (638, 73, 391, t2=t1+(0, 5)) & (391, 11, 2539, t3=t2+(0, 3)) -> (638, 73, 2539, t4=t3+(1, 5))	3	32
(887, 103, 1443, t1) & (693, 199, 4682, t2=t1+(0, 2)) & (1443, 98, 4682, t3=t2+(0, 7)) -> (1443, 199, 4682, t4=t3+(1, 4))	3	33
(3874, 71, 3825, t1) & (1307, 18, 2979, t2=t1+(0, 6)) & (3825, 124, 1307, t3=t2+(0, 4)) -> (3874, 18, 1307, t4=t3+(1, 5))	3	34
(374, 182, 1980, t1) & (1718, 119, 3489, t2=t1+(0, 7)) & (1718, 36, 1980, t3=t2+(0, 3)) -> (1718, 119, 374, t4=t3+(1, 6))	3	35
(3305, 154, 2530, t1) & (1988, 29, 4187, t2=t1+(0, 2)) & (4187, 67, 3305, t3=t2+(0, 3)) -> (2530, 67, 3305, t4=t3+(1, 5))	3	36
(1058, 72, 299, t1) & (3890, 170, 4513, t2=t1+(0, 4)) & (299, 187, 4513, t3=t2+(0, 5)) -> (4513, 72, 1058, t4=t3+(1, 9))	3	37
(4129, 153, 1341, t1) & (3998, 133, 3825, t2=t1+(0, 3)) & (3998, 78, 4129, t3=t2+(0, 5)) -> (1341, 133, 3825, t4=t3+(1, 5))	3	38
(4859, 114, 3401, t1) & (1325, 97, 1355, t2=t1+(0, 2)) & (1325, 32, 3401, t3=t2+(0, 9)) -> (1325, 97, 3401, t4=t3+(1, 8))	3	39
(914, 122, 164, t1) & (788, 190, 1341, t2=t1+(0, 6)) & (788, 71, 164, t3=t2+(0, 5)) -> (788, 122, 164, t4=t3+(1, 6))	3	40
(2105, 106, 1461, t1) & (860, 187, 4960, t2=t1+(0, 6)) & (4960, 53, 1461, t3=t2+(0, 3)) -> (4960, 187, 2105, t4=t3+(1, 5))	3	41
(4608, 92, 1355, t1) & (2388, 174, 2295, t2=t1+(0, 7)) & (1355, 34, 2295, t3=t2+(0, 2)) -> (2388, 92, 2388, t4=t3+(1, 6))	3	42
(4148, 181, 517, t1) & (4404, 150, 1025, t2=t1+(0, 3)) & (4404, 130, 4148, t3=t2+(0, 2)) -> (4148, 181, 1025, t4=t3+(1, 4))	3	43
(2206, 165, 3673, t1) & (3419, 108, 951, t2=t1+(0, 6)) & (3673, 146, 3419, t3=t2+(0, 7)) -> (3419, 146, 3673, t4=t3+(1, 3))	3	44
(4993, 85, 1670, t1) & (2539, 46, 2907, t2=t1+(0, 2)) & (2907, 134, 4993, t3=t2+(0, 6)) -> (4993, 46, 2907, t4=t3+(1, 7))	3	45
(4358, 50, 1682, t1) & (2393, 103, 2771, t2=t1+(0, 3)) & (2393, 54, 4358, t3=t2+(0, 3)) -> (2393, 54, 4358, t4=t3+(1, 4))	3	46
(4640, 173, 3081, t1) & (4358, 67, 4668, t2=t1+(0, 3)) & (4640, 104, 4358, t3=t2+(0, 7)) -> (3081, 104, 3081, t4=t3+(1, 1))	3	47
(490, 121, 1684, t1) & (4087, 134, 1784, t2=t1+(0, 5)) & (1784, 157, 490, t3=t2+(0, 7)) -> (1784, 121, 1684, t4=t3+(1, 2))	3	48
(3735, 105, 3013, t1) & (46, 102, 4874, t2=t1+(0, 7)) & (4874, 33, 3735, t3=t2+(0, 6)) -> (46, 105, 3735, t4=t3+(1, 2))	3	49
(1037, 42, 3419, t1) & (2291, 35, 1177, t2=t1+(0, 7)) & (1177, 58, 3419, t3=t2+(0, 5)) -> (3419, 35, 1177, t4=t3+(1, 8))	3	50
(2710, 149, 1345, t1) & (3910, 137, 1801, t2=t1+(0, 6)) & (1801, 128, 1345, t3=t2+(0, 4)) -> (1345, 128, 1345, t4=t3+(1, 4))	3	51
(4235, 8, 1991, t1) & (2105, 17, 2006, t2=t1+(0, 3)) & (1991, 192, 2006, t3=t2+(0, 2)) -> (1991, 8, 1991, t4=t3+(1, 3))	3	52
(3418, 6, 2507, t1) & (4757, 86, 517, t2=t1+(0, 2)) & (3418, 39, 4757, t3=t2+(0, 6)) -> (4757, 6, 517, t4=t3+(1, 6))	3	53
(492, 89, 1963, t1) & (1355, 1, 1128, t2=t1+(0, 4)) & (1128, 123, 492, t3=t2+(0, 5)) -> (1128, 89, 1128, t4=t3+(1, 3))	3	54
(1775, 186, 190, t1) & (1615, 182, 4913, t2=t1+(0, 9)) & (1775, 111, 4913, t3=t2+(0, 3)) -> (190, 186, 1615, t4=t3+(1, 3))	3	55
(4232, 166, 3890, t1) & (1891, 16, 2490, t2=t1+(0, 5)) & (1891, 117, 3890, t3=t2+(0, 4)) -> (2490, 166, 1891, t4=t3+(1, 4))	3	56
(1549, 139, 3489, t1) & (464, 89, 383, t2=t1+(0, 4)) & (464, 49, 3489, t3=t2+(0, 3)) -> (3489, 89, 464, t4=t3+(1, 8))	3	57
(4513, 71, 4578, t1) & (2274, 10, 4813, t2=t1+(0, 6)) & (4578, 194, 2274, t3=t2+(0, 3)) -> (2274, 10, 4578, t4=t3+(1, 8))	3	58
(4624, 70, 4274, t1) & (1194, 6, 2708, t2=t1+(0, 5)) & (2708, 70, 4624, t3=t2+(0, 2)) -> (4624, 70, 2708, t4=t3+(1, 5))	3	59
(780, 140, 1341, t1) & (3081, 174, 2210, t2=t1+(0, 2)) & (1341, 1, 3081, t3=t2+(0, 4)) -> (3081, 174, 3081, t4=t3+(1, 9))	3	60
(474, 37, 3158, t1) & (4089, 190, 1971, t2=t1+(0, 4)) & (4089, 97, 3158, t3=t2+(0, 8)) -> (4089, 37, 4089, t4=t3+(1, 5))	3	61
(3081, 54, 4879, t1) & (2097, 13, 2425, t2=t1+(0, 5)) & (4879, 11, 2097, t3=t2+(0, 5)) -> (2425, 54, 4879, t4=t3+(1, 7))	3	62
(4720, 6, 4126, t1) & (844, 155, 1113, t2=t1+(0, 9)) & (844, 21, 4720, t3=t2+(0, 6)) -> (844, 155, 4720, t4=t3+(1, 2))	3	63
(227, 185, 409, t1) & (2714, 13, 3819, t2=t1+(0, 4)) & (2714, 83, 227, t3=t2+(0, 7)) -> (227, 83, 227, t4=t3+(1, 3))	3	64
(1090, 171, 3272, t1) & (1654, 122, 389, t2=t1+(0, 7)) & (1654, 45, 3272, t3=t2+(0, 2)) -> (3272, 171, 1654, t4=t3+(1, 4))	3	65
(3080, 25, 2557, t1) & (1025, 55, 4728, t2=t1+(0, 6)) & (3080, 136, 4728, t3=t2+(0, 2)) -> (2557, 55, 1025, t4=t3+(1, 5))	3	66
(4028, 16, 4136, t1) & (4026, 109, 2469, t2=t1+(0, 5)) & (4136, 38, 2469, t3=t2+(0, 3)) -> (2469, 109, 2469, t4=t3+(1, 1))	3	67
(2865, 104, 2507, t1) & (160, 181, 3158, t2=t1+(0, 5)) & (2865, 32, 160, t3=t2+(0, 3)) -> (160, 181, 160, t4=t3+(1, 6))	3	68
(2628, 151, 1003, t1) & (1980, 114, 1341, t2=t1+(0, 8)) & (2628, 177, 1980, t3=t2+(0, 5)) -> (2628, 114, 1980, t4=t3+(1, 6))	3	69
(264, 33, 464, t1) & (1991, 117, 1128, t2=t1+(0, 3)) & (464, 57, 1128, t3=t2+(0, 3)) -> (264, 117, 464, t4=t3+(1, 3))	3	70
(1448, 12, 680, t1) & (716, 50, 1988, t2=t1+(0, 2)) & (716, 76, 680, t3=t2+(0, 5)) -> (1988, 76, 716, t4=t3+(1, 5))	3	71
(4519, 104, 3768, t1) & (504, 118, 1695, t2=t1+(0, 4)) & (504, 36, 4519, t3=t2+(0, 6)) -> (504, 36, 1695, t4=t3+(1, 4))	3	72
(680, 40, 4868, t1) & (3080, 71, 4867, t2=t1+(0, 4)) & (4868, 69, 3080, t3=t2+(0, 3)) -> (4868, 69, 3080, t4=t3+(1, 3))	3	73
(3094, 102, 1341, t1) & (2562, 31, 3700, t2=t1+(0, 6)) & (2562, 112, 1341, t3=t2+(0, 3)) -> (1341, 102, 3094, t4=t3+(1, 2))	3	74
(3955, 36, 3980, t1) & (2291, 150, 4682, t2=t1+(0, 9)) & (3955, 199, 4682, t3=t2+(0, 5)) -> (4682, 199, 4682, t4=t3+(1, 4))	3	75
(795, 42, 517, t1) & (2946, 62, 4867, t2=t1+(0, 2)) & (795, 64, 2946, t3=t2+(0, 6)) -> (4867, 62, 2946, t4=t3+(1, 8))	3	76
(1341, 29, 2282, t1) & (3169, 41, 887, t2=t1+(0, 10)) & (887, 155, 2282, t3=t2+(0, 1)) -> (887, 41, 887, t4=t3+(1, 5))	3	77
(2771, 51, 93, t1) & (4500, 19, 3559, t2=t1+(0, 7)) & (2771, 82, 4500, t3=t2+(0, 4)) -> (4500, 51, 3559, t4=t3+(1, 7))	3	78
(185, 173, 680, t1) & (3822, 5, 4421, t2=t1+(0, 2)) & (680, 129, 3822, t3=t2+(0, 4)) -> (185, 5, 680, t4=t3+(1, 4))	3	79
(616, 9, 93, t1) & (4235, 151, 1355, t2=t1+(0, 2)) & (4235, 20, 616, t3=t2+(0, 7)) -> (616, 151, 4235, t4=t3+(1, 3))	3	80
(419, 190, 1456, t1) & (4301, 153, 108, t2=t1+(0, 4)) & (419, 108, 4301, t3=t2+(0, 6)) -> (108, 190, 419, t4=t3+(1, 3))	3	81
(1113, 18, 4682, t1) & (4701, 69, 2009, t2=t1+(0, 5)) & (4701, 175, 4682, t3=t2+(0, 5)) -> (4682, 69, 1113, t4=t3+(1, 12))	3	82
(3734, 123, 4957, t1) & (1670, 176, 4528, t2=t1+(0, 7)) & (4957, 96, 4528, t3=t2+(0, 6)) -> (4957, 123, 4528, t4=t3+(1, 3))	3	83
(1025, 158, 4013, t1) & (3507, 110, 4145, t2=t1+(0, 7)) & (4013, 166, 4145, t3=t2+(0, 5)) -> (4013, 158, 4145, t4=t3+(1, 5))	3	84
(1948, 163, 1772, t1) & (4579, 95, 3937, t2=t1+(0, 2)) & (1772, 93, 3937, t3=t2+(0, 6)) -> (4579, 93, 4579, t4=t3+(1, 5))	3	85
(4255, 46, 691, t1) & (185, 161, 4235, t2=t1+(0, 2)) & (691, 11, 4235, t3=t2+(0, 2)) -> (691, 161, 691, t4=t3+(1, 6))	3	86
(1128, 69, 4136, t1) & (2511, 94, 2386, t2=t1+(0, 9)) & (2386, 167, 4136, t3=t2+(0, 7)) -> (4136, 94, 2511, t4=t3+(1, 6))	3	87
(2198, 161, 227, t1) & (4068, 26, 4709, t2=t1+(0, 3)) & (227, 82, 4709, t3=t2+(0, 6)) -> (4709, 26, 4709, t4=t3+(1, 6))	3	88
(4278, 97, 4517, t1) & (2323, 90, 3332, t2=t1+(0, 4)) & (4278, 3, 2323, t3=t2+(0, 2)) -> (4278, 3, 3332, t4=t3+(1, 1))	3	89
(755, 120, 800, t1) & (4709, 39, 4458, t2=t1+(0, 8)) & (800, 104, 4458, t3=t2+(0, 2)) -> (4709, 39, 4709, t4=t3+(1, 8))	3	90
(1550, 195, 2996, t1) & (2312, 55, 3452, t2=t1+(0, 7)) & (1550, 48, 3452, t3=t2+(0, 7)) -> (2312, 55, 3452, t4=t3+(1, 2))	3	91
(1747, 13, 3158, t1) & (1801, 197, 863, t2=t1+(0, 1)) & (1801, 73, 1747, t3=t2+(0, 7)) -> (1801, 13, 1801, t4=t3+(1, 1))	3	92
(4718, 2, 4879, t1) & (185, 27, 717, t2=t1+(0, 2)) & (4879, 164, 717, t3=t2+(0, 3)) -> (4718, 164, 4879, t4=t3+(1, 5))	3	93
(4287, 117, 2156, t1) & (3801, 171, 951, t2=t1+(0, 3)) & (4287, 5, 3801, t3=t2+(0, 2)) -> (3801, 171, 4287, t4=t3+(1, 7))	3	94
(205, 108, 1298, t1) & (4867, 199, 534, t2=t1+(0, 8)) & (1298, 43, 4867, t3=t2+(0, 5)) -> (4867, 199, 4867, t4=t3+(1, 4))	3	95
(3621, 165, 3582, t1) & (2628, 137, 2814, t2=t1+(0, 7)) & (2814, 148, 3582, t3=t2+(0, 6)) -> (2628, 148, 2814, t4=t3+(1, 2))	3	96
(1732, 183, 4255, t1) & (1902, 122, 951, t2=t1+(0, 1)) & (951, 174, 4255, t3=t2+(0, 4)) -> (951, 183, 951, t4=t3+(1, 6))	3	97
(1355, 77, 4013, t1) & (875, 143, 2060, t2=t1+(0, 2)) & (1355, 183, 875, t3=t2+(0, 1)) -> (875, 77, 2060, t4=t3+(1, 6))	3	98
(93, 41, 141, t1) & (108, 67, 522, t2=t1+(0, 2)) & (108, 120, 141, t3=t2+(0, 7)) -> (108, 120, 141, t4=t3+(1, 9))	3	99
(2490, 146, 1424, t1) & (2272, 23, 1424, t2=t1+(0, 7)) -> (2272, 23, 2490, t3=t2+(1, 4))	2	100
(1654, 154, 1128, t1) & (1654, 99, 1654, t2=t1+(0, 5)) -> (1654, 154, 1654, t3=t2+(1, 8))	2	101
(2203, 114, 1345, t1) & (2203, 158, 3256, t2=t1+(0, 4)) -> (1345, 158, 2203, t3=t2+(1, 5))	2	102
(1456, 124, 3818, t1) & (4682, 78, 1456, t2=t1+(0, 2)) -> (1456, 78, 1456, t3=t2+(1, 8))	2	103
(2771, 109, 4867, t1) & (2771, 43, 4421, t2=t1+(0, 6)) -> (4421, 109, 2771, t3=t2+(1, 5))	2	104
(1973, 143, 4654, t1) & (1973, 151, 185, t2=t1+(0, 7)) -> (1973, 151, 4654, t3=t2+(1, 6))	2	105
(4709, 179, 283, t1) & (4709, 140, 3225, t2=t1+(0, 4)) -> (4709, 140, 4709, t3=t2+(1, 7))	2	106
(1345, 62, 3328, t1) & (3328, 173, 4957, t2=t1+(0, 2)) -> (4957, 173, 3328, t3=t2+(1, 2))	2	107
(1902, 16, 4755, t1) & (701, 77, 4755, t2=t1+(0, 9)) -> (4755, 77, 4755, t3=t2+(1, 7))	2	108
(3121, 173, 63, t1) & (3121, 133, 3121, t2=t1+(0, 4)) -> (3121, 173, 3121, t3=t2+(1, 6))	2	109
(1980, 153, 1059, t1) & (386, 40, 1980, t2=t1+(0, 2)) -> (1980, 153, 1980, t3=t2+(1, 4))	2	110
(3700, 76, 517, t1) & (3700, 147, 517, t2=t1+(0, 8)) -> (3700, 147, 517, t3=t2+(1, 4))	2	111
(481, 162, 389, t1) & (3695, 111, 389, t2=t1+(0, 10)) -> (389, 111, 389, t3=t2+(1, 5))	2	112
(383, 67, 1003, t1) & (383, 102, 1364, t2=t1+(0, 3)) -> (1364, 67, 383, t3=t2+(1, 4))	2	113
(3673, 124, 4347, t1) & (4347, 153, 2771, t2=t1+(0, 3)) -> (4347, 153, 4347, t3=t2+(1, 5))	2	114
(1694, 197, 2376, t1) & (2376, 192, 4148, t2=t1+(0, 6)) -> (4148, 192, 1694, t3=t2+(1, 11))	2	115
(1003, 144, 3099, t1) & (3534, 131, 1003, t2=t1+(0, 2)) -> (1003, 144, 3099, t3=t2+(1, 6))	2	116
(4517, 26, 1868, t1) & (1868, 49, 4517, t2=t1+(0, 8)) -> (4517, 49, 1868, t3=t2+(1, 1))	2	117
(3501, 137, 1262, t1) & (3501, 186, 3501, t2=t1+(0, 6)) -> (3501, 186, 3501, t3=t2+(1, 2))	2	118
(2156, 142, 58, t1) & (2156, 18, 58, t2=t1+(0, 7)) -> (58, 18, 58, t3=t2+(1, 8))	2	119
(1948, 163, 3492, t1) & (3492, 149, 2105, t2=t1+(0, 3)) -> (3492, 149, 2105, t3=t2+(1, 8))	2	120
(3930, 194, 3854, t1) & (1128, 109, 3930, t2=t1+(0, 4)) -> (3930, 109, 3930, t3=t2+(1, 7))	2	121
(3813, 175, 4084, t1) & (1781, 81, 3813, t2=t1+(0, 1)) -> (4084, 81, 3813, t3=t2+(1, 5))	2	122
(2057, 181, 2814, t1) & (1090, 26, 2057, t2=t1+(0, 5)) -> (2057, 181, 2814, t3=t2+(1, 4))	2	123
(4835, 147, 530, t1) & (530, 48, 530, t2=t1+(0, 2)) -> (530, 147, 530, t3=t2+(1, 5))	2	124
(1435, 34, 4452, t1) & (1435, 13, 4452, t2=t1+(0, 4)) -> (4452, 13, 4452, t3=t2+(1, 7))	2	125
(1392, 86, 1345, t1) & (4578, 46, 1345, t2=t1+(0, 8)) -> (1392, 86, 1345, t3=t2+(1, 6))	2	126
(2463, 185, 3086, t1) & (3086, 80, 3086, t2=t1+(0, 9)) -> (3086, 185, 3086, t3=t2+(1, 4))	2	127
(2887, 92, 3333, t1) & (3333, 78, 2887, t2=t1+(0, 3)) -> (2887, 92, 3333, t3=t2+(1, 3))	2	128
(1307, 155, 1325, t1) & (326, 43, 1325, t2=t1+(0, 4)) -> (1325, 43, 1325, t3=t2+(1, 3))	2	129
(2663, 180, 4608, t1) & (4608, 87, 4452, t2=t1+(0, 6)) -> (4608, 180, 2663, t3=t2+(1, 9))	2	130
(3362, 77, 1063, t1) & (1063, 25, 1063, t2=t1+(0, 7)) -> (1063, 77, 1063, t3=t2+(1, 6))	2	131
(316, 97, 3273, t1) & (3273, 15, 3181, t2=t1+(0, 7)) -> (3181, 15, 3273, t3=t2+(1, 6))	2	132
(3534, 57, 729, t1) & (1395, 81, 729, t2=t1+(0, 6)) -> (1395, 57, 729, t3=t2+(1, 4))	2	133
(2414, 89, 2295, t1) & (1037, 165, 2414, t2=t1+(0, 4)) -> (2414, 89, 2414, t3=t2+(1, 10))	2	134
(2552, 96, 3081, t1) & (3081, 126, 3081, t2=t1+(0, 10)) -> (3081, 126, 3081, t3=t2+(1, 6))	2	135
(2386, 187, 3081, t1) & (3081, 40, 2386, t2=t1+(0, 4)) -> (2386, 40, 2386, t3=t2+(1, 2))	2	136
(1003, 3, 3813, t1) & (3813, 194, 1003, t2=t1+(0, 5)) -> (1003, 194, 3813, t3=t2+(1, 5))	2	137
(2758, 77, 1829, t1) & (1829, 90, 1829, t2=t1+(0, 3)) -> (1829, 77, 2758, t3=t2+(1, 5))	2	138
(4517, 135, 1848, t1) & (3181, 145, 1848, t2=t1+(0, 4)) -> (1848, 145, 3181, t3=t2+(1, 6))	2	139
(2539, 180, 2507, t1) & (2507, 11, 2539, t2=t1+(0, 8)) -> (2539, 180, 2539, t3=t2+(1, 7))	2	140
(517, 167, 455, t1) & (455, 130, 517, t2=t1+(0, 2)) -> (455, 130, 517, t3=t2+(1, 4))	2	141
(4235, 46, 1524, t1) & (1781, 185, 1524, t2=t1+(0, 4)) -> (1781, 46, 1781, t3=t2+(1, 4))	2	142
(3700, 151, 1622, t1) & (3700, 121, 1622, t2=t1+(0, 4)) -> (1622, 121, 1622, t3=t2+(1, 6))	2	143
(1732, 127, 1604, t1) & (1732, 183, 2454, t2=t1+(0, 3)) -> (2454, 183, 2454, t3=t2+(1, 3))	2	144
(4013, 188, 3095, t1) & (3095, 102, 4013, t2=t1+(0, 3)) -> (3095, 102, 3095, t3=t2+(1, 5))	2	145
(586, 103, 2067, t1) & (586, 47, 2067, t2=t1+(0, 9)) -> (2067, 103, 586, t3=t2+(1, 1))	2	146
(4475, 73, 4562, t1) & (4562, 143, 4562, t2=t1+(0, 3)) -> (4562, 73, 4562, t3=t2+(1, 1))	2	147
(3256, 45, 2222, t1) & (2807, 2, 3256, t2=t1+(0, 9)) -> (3256, 2, 3256, t3=t2+(1, 8))	2	148
(2907, 166, 1621, t1) & (2907, 131, 3158, t2=t1+(0, 3)) -> (3158, 166, 3158, t3=t2+(1, 5))	2	149
(1971, 161, 3657, t1) & (1971, 37, 4709, t2=t1+(0, 4)) -> (4709, 161, 1971, t3=t2+(1, 4))	2	150
(857, 131, 918, t1) & (4781, 171, 857, t2=t1+(0, 5)) -> (857, 171, 4781, t3=t2+(1, 1))	2	151
(3212, 86, 1670, t1) & (1670, 126, 1670, t2=t1+(0, 6)) -> (1670, 86, 1670, t3=t2+(1, 3))	2	152
(1443, 181, 2562, t1) & (2562, 49, 1443, t2=t1+(0, 3)) -> (1443, 181, 1443, t3=t2+(1, 7))	2	153
(3081, 62, 3540, t1) & (3081, 148, 3998, t2=t1+(0, 5)) -> (3081, 148, 3081, t3=t2+(1, 9))	2	154
(4433, 37, 3445, t1) & (4433, 140, 1868, t2=t1+(0, 5)) -> (4433, 140, 4433, t3=t2+(1, 4))	2	155
(3854, 75, 2301, t1) & (2301, 126, 3854, t2=t1+(0, 5)) -> (2301, 75, 3854, t3=t2+(1, 7))	2	156
(268, 128, 2198, t1) & (268, 196, 268, t2=t1+(0, 4)) -> (268, 196, 268, t3=t2+(1, 5))	2	157
(4578, 29, 3081, t1) & (3081, 31, 2009, t2=t1+(0, 7)) -> (3081, 29, 2009, t3=t2+(1, 1))	2	158
(3094, 65, 2474, t1) & (3094, 142, 2474, t2=t1+(0, 4)) -> (3094, 65, 2474, t3=t2+(1, 7))	2	159
(2463, 189, 3085, t1) & (2091, 188, 3085, t2=t1+(0, 5)) -> (2091, 189, 2463, t3=t2+(1, 7))	2	160
(1388, 119, 1971, t1) & (1971, 6, 1388, t2=t1+(0, 7)) -> (1388, 119, 1388, t3=t2+(1, 6))	2	161
(2376, 116, 4709, t1) & (2376, 119, 1388, t2=t1+(0, 4)) -> (2376, 116, 4709, t3=t2+(1, 6))	2	162
(2737, 183, 1070, t1) & (1070, 169, 1070, t2=t1+(0, 6)) -> (1070, 183, 1070, t3=t2+(1, 4))	2	163
(2460, 174, 466, t1) & (2460, 80, 386, t2=t1+(0, 6)) -> (386, 174, 386, t3=t2+(1, 4))	2	164
(3841, 48, 2091, t1) & (2091, 141, 2091, t2=t1+(0, 7)) -> (2091, 141, 2091, t3=t2+(1, 4))	2	165
(2060, 128, 1394, t1) & (2060, 83, 3062, t2=t1+(0, 1)) -> (2060, 83, 2060, t3=t2+(1, 6))	2	166
(3818, 133, 3158, t1) & (3158, 14, 3818, t2=t1+(0, 9)) -> (3818, 14, 3818, t3=t2+(1, 6))	2	167
(1063, 186, 58, t1) & (1063, 128, 1341, t2=t1+(0, 1)) -> (58, 186, 1341, t3=t2+(1, 5))	2	168
(276, 44, 3893, t1) & (276, 171, 1645, t2=t1+(0, 8)) -> (276, 171, 1645, t3=t2+(1, 4))	2	169
(4718, 11, 3853, t1) & (3853, 22, 3853, t2=t1+(0, 4)) -> (3853, 11, 3853, t3=t2+(1, 10))	2	170
(4036, 122, 4925, t1) & (4925, 44, 2454, t2=t1+(0, 10)) -> (4925, 122, 4925, t3=t2+(1, 4))	2	171
(2771, 165, 4089, t1) & (4089, 114, 2771, t2=t1+(0, 5)) -> (2771, 114, 4089, t3=t2+(1, 6))	2	172
(1731, 0, 2425, t1) & (1731, 195, 2425, t2=t1+(0, 5)) -> (2425, 0, 2425, t3=t2+(1, 3))	2	173
(3673, 139, 2291, t1) & (302, 180, 2291, t2=t1+(0, 7)) -> (3673, 139, 2291, t3=t2+(1, 5))	2	174
(4781, 70, 2460, t1) & (4781, 47, 2612, t2=t1+(0, 4)) -> (4781, 70, 2460, t3=t2+(1, 3))	2	175
(185, 186, 4717, t1) & (517, 106, 4717, t2=t1+(0, 3)) -> (4717, 106, 517, t3=t2+(1, 10))	2	176
(1058, 8, 4185, t1) & (1058, 29, 2291, t2=t1+(0, 7)) -> (1058, 29, 4185, t3=t2+(1, 9))	2	177
(4517, 103, 464, t1) & (464, 115, 3033, t2=t1+(0, 3)) -> (464, 103, 464, t3=t2+(1, 2))	2	178
(1550, 22, 2714, t1) & (2365, 6, 2714, t2=t1+(0, 5)) -> (2714, 22, 2714, t3=t2+(1, 5))	2	179
(1706, 78, 413, t1) & (1706, 116, 1549, t2=t1+(0, 6)) -> (413, 116, 1706, t3=t2+(1, 3))	2	180
(1694, 92, 517, t1) & (4140, 125, 517, t2=t1+(0, 4)) -> (4140, 125, 517, t3=t2+(1, 4))	2	181
(4519, 135, 4232, t1) & (4232, 132, 4232, t2=t1+(0, 6)) -> (4232, 135, 4519, t3=t2+(1, 7))	2	182
(3518, 135, 2460, t1) & (2953, 133, 3518, t2=t1+(0, 9)) -> (3518, 135, 2460, t3=t2+(1, 5))	2	183
(484, 4, 4781, t1) & (484, 143, 739, t2=t1+(0, 3)) -> (484, 4, 4781, t3=t2+(1, 4))	2	184
(3489, 23, 914, t1) & (4336, 86, 3489, t2=t1+(0, 4)) -> (3489, 23, 4336, t3=t2+(1, 6))	2	185
(686, 29, 1694, t1) & (1694, 39, 1456, t2=t1+(0, 4)) -> (1694, 39, 1694, t3=t2+(1, 7))	2	186
(3654, 111, 1670, t1) & (1284, 118, 3654, t2=t1+(0, 4)) -> (3654, 118, 3654, t3=t2+(1, 7))	2	187
(3094, 194, 1355, t1) & (3094, 59, 1063, t2=t1+(0, 4)) -> (3094, 59, 3094, t3=t2+(1, 5))	2	188
(253, 84, 299, t1) & (299, 87, 43, t2=t1+(0, 2)) -> (299, 87, 253, t3=t2+(1, 5))	2	189
(3822, 189, 1775, t1) & (2771, 26, 1775, t2=t1+(0, 5)) -> (1775, 189, 3822, t3=t2+(1, 13))	2	190
(887, 163, 2680, t1) & (2680, 25, 887, t2=t1+(0, 4)) -> (887, 163, 2680, t3=t2+(1, 4))	2	191
(3318, 127, 4686, t1) & (3318, 79, 4686, t2=t1+(0, 12)) -> (3318, 127, 3318, t3=t2+(1, 2))	2	192
(1025, 3, 3016, t1) & (3392, 37, 3016, t2=t1+(0, 7)) -> (3392, 3, 1025, t3=t2+(1, 2))	2	193
(1323, 93, 2628, t1) & (2628, 166, 2628, t2=t1+(0, 6)) -> (2628, 166, 2628, t3=t2+(1, 4))	2	194
(2056, 188, 2811, t1) & (2811, 146, 464, t2=t1+(0, 2)) -> (2056, 188, 2056, t3=t2+(1, 7))	2	195
(936, 13, 3998, t1) & (936, 95, 2710, t2=t1+(0, 3)) -> (936, 13, 936, t3=t2+(1, 5))	2	196
(1058, 16, 3081, t1) & (3081, 51, 3081, t2=t1+(0, 7)) -> (3081, 16, 1058, t3=t2+(1, 3))	2	197
(756, 67, 3910, t1) & (756, 99, 756, t2=t1+(0, 2)) -> (756, 99, 3910, t3=t2+(1, 7))	2	198
(4781, 63, 517, t1) & (4781, 167, 4781, t2=t1+(0, 4)) -> (4781, 63, 4781, t3=t2+(1, 9))	2	199
(495, 116, 2091, t1) -> (2091, 116, 2091, t2=t1+(1, 3))	1	200
(302, 34, 1355, t1) -> (1355, 34, 302, t2=t1+(1, 3))	1	201
(2365, 97, 2006, t1) -> (2365, 97, 2006, t2=t1+(1, 3))	1	202
(811, 144, 3621, t1) -> (3621, 144, 811, t2=t1+(1, 5))	1	203
(3930, 193, 3734, t1) -> (3734, 193, 3734, t2=t1+(1, 9))	1	204
(1322, 17, 3621, t1) -> (1322, 17, 3621, t2=t1+(1, 1))	1	205
(4692, 130, 995, t1) -> (995, 130, 4692, t2=t1+(1, 6))	1	206
(4960, 108, 2037, t1) -> (4960, 108, 4960, t2=t1+(1, 9))	1	207
(4755, 24, 2097, t1) -> (2097, 24, 4755, t2=t1+(1, 4))	1	208
(1701, 79, 2337, t1) -> (1701, 79, 2337, t2=t1+(1, 4))	1	209
(1701, 80, 3372, t1) -> (3372, 80, 3372, t2=t1+(1, 4))	1	210
(1331, 70, 4090, t1) -> (1331, 70, 4090, t2=t1+(1, 3))	1	211
(58, 139, 3792, t1) -> (3792, 139, 3792, t2=t1+(1, 3))	1	212
(887, 161, 190, t1) -> (887, 161, 887, t2=t1+(1, 4))	1	213
(4136, 149, 1298, t1) -> (4136, 149, 1298, t2=t1+(1, 11))	1	214
(1394, 30, 3371, t1) -> (1394, 30, 3371, t2=t1+(1, 5))	1	215
(3801, 167, 3080, t1) -> (3801, 167, 3080, t2=t1+(1, 6))	1	216
(2001, 170, 4165, t1) -> (2001, 170, 2001, t2=t1+(1, 4))	1	217
(316, 165, 213, t1) -> (316, 165, 213, t2=t1+(1, 3))	1	218
(1058, 199, 2460, t1) -> (1058, 199, 2460, t2=t1+(1, 4))	1	219
(731, 10, 371, t1) -> (371, 10, 731, t2=t1+(1, 5))	1	220
(1284, 148, 3333, t1) -> (1284, 148, 1284, t2=t1+(1, 9))	1	221
(4559, 12, 1128, t1) -> (4559, 12, 4559, t2=t1+(1, 7))	1	222
(4654, 165, 1475, t1) -> (4654, 165, 4654, t2=t1+(1, 5))	1	223
(4013, 74, 781, t1) -> (781, 74, 781, t2=t1+(1, 5))	1	224
(1251, 153, 3033, t1) -> (1251, 153, 1251, t2=t1+(1, 8))	1	225
(2414, 92, 3450, t1) -> (3450, 92, 3450, t2=t1+(1, 5))	1	226
(2606, 124, 4233, t1) -> (4233, 124, 4233, t2=t1+(1, 5))	1	227
(914, 66, 895, t1) -> (914, 66, 895, t2=t1+(1, 3))	1	228
(4709, 4, 857, t1) -> (4709, 4, 4709, t2=t1+(1, 5))	1	229
(4232, 124, 3081, t1) -> (4232, 124, 3081, t2=t1+(1, 2))	1	230
(1661, 136, 2430, t1) -> (2430, 136, 2430, t2=t1+(1, 8))	1	231
(4517, 177, 3734, t1) -> (4517, 177, 3734, t2=t1+(1, 6))	1	232
(2185, 19, 386, t1) -> (2185, 19, 386, t2=t1+(1, 4))	1	233
(227, 58, 3182, t1) -> (227, 58, 227, t2=t1+(1, 7))	1	234
(4222, 33, 2728, t1) -> (4222, 33, 4222, t2=t1+(1, 2))	1	235
(4517, 60, 4733, t1) -> (4733, 60, 4517, t2=t1+(1, 6))	1	236
(2009, 116, 108, t1) -> (108, 116, 108, t2=t1+(1, 6))	1	237
(4868, 98, 4421, t1) -> (4868, 98, 4868, t2=t1+(1, 4))	1	238
(1775, 6, 3169, t1) -> (3169, 6, 3169, t2=t1+(1, 5))	1	239
(3807, 123, 3189, t1) -> (3189, 123, 3807, t2=t1+(1, 4))	1	240
(93, 90, 1307, t1) -> (93, 90, 93, t2=t1+(1, 9))	1	241
(1694, 198, 1711, t1) -> (1694, 198, 1694, t2=t1+(1, 7))	1	242
(2293, 183, 2282, t1) -> (2282, 183, 2282, t2=t1+(1, 1))	1	243
(1983, 6, 517, t1) -> (1983, 6, 1983, t2=t1+(1, 7))	1	244
(4134, 29, 368, t1) -> (368, 29, 4134, t2=t1+(1, 7))	1	245
(4517, 58, 4136, t1) -> (4517, 58, 4136, t2=t1+(1, 6))	1	246
(1456, 52, 1550, t1) -> (1550, 52, 1456, t2=t1+(1, 4))	1	247
(4287, 194, 3419, t1) -> (3419, 194, 4287, t2=t1+(1, 3))	1	248
(3801, 132, 4255, t1) -> (4255, 132, 3801, t2=t1+(1, 4))	1	249
(1298, 1, 178, t1) -> (1298, 1, 1298, t2=t1+(1, 2))	1	250
(2887, 75, 4668, t1) -> (2887, 75, 2887, t2=t1+(1, 9))	1	251
(1983, 133, 3261, t1) -> (3261, 133, 3261, t2=t1+(1, 9))	1	252
(4458, 167, 2539, t1) -> (2539, 167, 2539, t2=t1+(1, 4))	1	253
(2203, 102, 3490, t1) -> (3490, 102, 3490, t2=t1+(1, 8))	1	254
(1748, 96, 3890, t1) -> (1748, 96, 3890, t2=t1+(1, 9))	1	255
(1424, 154, 1128, t1) -> (1128, 154, 1128, t2=t1+(1, 4))	1	256
(3700, 77, 1269, t1) -> (3700, 77, 1269, t2=t1+(1, 1))	1	257
(316, 52, 4177, t1) -> (316, 52, 316, t2=t1+(1, 3))	1	258
(4600, 158, 1325, t1) -> (4600, 158, 1325, t2=t1+(1, 1))	1	259
(2952, 145, 935, t1) -> (2952, 145, 2952, t2=t1+(1, 3))	1	260
(2417, 78, 4879, t1) -> (4879, 78, 4879, t2=t1+(1, 4))	1	261
(4034, 7, 217, t1) -> (217, 7, 4034, t2=t1+(1, 4))	1	262
(1948, 184, 3419, t1) -> (1948, 184, 1948, t2=t1+(1, 6))	1	263
(1307, 116, 223, t1) -> (223, 116, 223, t2=t1+(1, 2))	1	264
(1970, 72, 4986, t1) -> (1970, 72, 1970, t2=t1+(1, 2))	1	265
(4021, 150, 1128, t1) -> (1128, 150, 1128, t2=t1+(1, 2))	1	266
(3673, 165, 411, t1) -> (411, 165, 411, t2=t1+(1, 5))	1	267
(4896, 91, 4274, t1) -> (4274, 91, 4274, t2=t1+(1, 4))	1	268
(3766, 193, 3616, t1) -> (3616, 193, 3616, t2=t1+(1, 7))	1	269
(722, 171, 4560, t1) -> (4560, 171, 4560, t2=t1+(1, 8))	1	270
(2130, 32, 3094, t1) -> (3094, 32, 3094, t2=t1+(1, 3))	1	271
(4235, 159, 3689, t1) -> (3689, 159, 4235, t2=t1+(1, 5))	1	272
(4960, 178, 2091, t1) -> (4960, 178, 4960, t2=t1+(1, 3))	1	273
(2203, 5, 4879, t1) -> (4879, 5, 4879, t2=t1+(1, 5))	1	274
(1025, 21, 4459, t1) -> (1025, 21, 4459, t2=t1+(1, 2))	1	275
(3499, 21, 612, t1) -> (3499, 21, 612, t2=t1+(1, 6))	1	276
(2705, 66, 198, t1) -> (198, 66, 198, t2=t1+(1, 2))	1	277
(4989, 140, 3293, t1) -> (4989, 140, 3293, t2=t1+(1, 8))	1	278
(2814, 138, 4995, t1) -> (4995, 138, 4995, t2=t1+(1, 4))	1	279
(1775, 87, 4459, t1) -> (1775, 87, 1775, t2=t1+(1, 3))	1	280
(4185, 93, 2009, t1) -> (4185, 93, 4185, t2=t1+(1, 8))	1	281
(4937, 0, 4126, t1) -> (4126, 0, 4126, t2=t1+(1, 2))	1	282
(3256, 1, 731, t1) -> (3256, 1, 3256, t2=t1+(1, 2))	1	283
(1654, 91, 2557, t1) -> (1654, 91, 2557, t2=t1+(1, 6))	1	284
(4925, 176, 368, t1) -> (368, 176, 368, t2=t1+(1, 6))	1	285
(2714, 88, 2414, t1) -> (2714, 88, 2414, t2=t1+(1, 4))	1	286
(3371, 142, 1829, t1) -> (3371, 142, 3371, t2=t1+(1, 4))	1	287
(1621, 88, 3419, t1) -> (3419, 88, 1621, t2=t1+(1, 4))	1	288
(2771, 170, 2956, t1) -> (2956, 170, 2956, t2=t1+(1, 2))	1	289
(3081, 80, 3098, t1) -> (3081, 80, 3098, t2=t1+(1, 3))	1	290
(1621, 13, 1066, t1) -> (1066, 13, 1066, t2=t1+(1, 6))	1	291
(414, 83, 2899, t1) -> (2899, 83, 2899, t2=t1+(1, 4))	1	292
(2507, 28, 781, t1) -> (2507, 28, 781, t2=t1+(1, 3))	1	293
(2086, 137, 2685, t1) -> (2086, 137, 2086, t2=t1+(1, 9))	1	294
(4874, 199, 3376, t1) -> (4874, 199, 3376, t2=t1+(1, 3))	1	295
(2679, 50, 3581, t1) -> (3581, 50, 2679, t2=t1+(1, 2))	1	296
(3761, 94, 1615, t1) -> (1615, 94, 1615, t2=t1+(1, 7))	1	297
(1307, 177, 3579, t1) -> (3579, 177, 3579, t2=t1+(1, 3))	1	298
(1003, 45, 4177, t1) -> (4177, 45, 1003, t2=t1+(1, 9))	1	299
