(3060, 183, 1123, t1) & (3486, 137, 1586, t2=t1+(0, 4)) & (1586, 155, 1123, t3=t2+(0, 4)) -> (1123, 183, 1123, t4=t3+(1, 4))	3	0
(3128, 64, 3494, t1) & (4807, 92, 747, t2=t1+(0, 6)) & (4807, 77, 3494, t3=t2+(0, 7)) -> (3494, 64, 3494, t4=t3+(1, 5))	3	1
(435, 36, 2060, t1) & (2855, 20, 4955, t2=t1+(0, 3)) & (4955, 10, 435, t3=t2+(0, 5)) -> (435, 10, 2060, t4=t3+(1, 7))	3	2
(1903, 41, 350, t1) & (2269, 150, 4239, t2=t1+(0, 5)) & (350, 50, 2269, t3=t2+(0, 4)) -> (2269, 150, 2269, t4=t3+(1, 5))	3	3
(1200, 68, 2784, t1) & (104, 133, 2137, t2=t1+(0, 4)) & (1200, 80, 104, t3=t2+(0, 8)) -> (1200, 133, 104, t4=t3+(1, 6))	3	4
(1617, 50, 2322, t1) & (832, 144, 1225, t2=t1+(0, 8)) & (832, 32, 1617, t3=t2+(0, 3)) -> (832, 50, 2322, t4=t3+(1, 4))	3	5
(518, 47, 2965, t1) & (2954, 29, 4374, t2=t1+(0, 5)) & (2965, 145, 2954, t3=t2+(0, 6)) -> (2965, 145, 2965, t4=t3+(1, 9))	3	6
(3262, 134, 2741, t1) & (548, 165, 3614, t2=t1+(0, 4)) & (2741, 119, 548, t3=t2+(0, 4)) -> (2741, 119, 3262, t4=t3+(1, 6))	3	7
(3841, 180, 3333, t1) & (3530, 67, 1119, t2=t1+(0, 7)) & (3530, 4, 3333, t3=t2+(0, 3)) -> (3530, 67, 3333, t4=t3+(1, 2))	3	8
(728, 120, 308, t1) & (4199, 128, 4602, t2=t1+(0, 3)) & (4602, 68, 728, t3=t2+(0, 3)) -> (728, 128, 728, t4=t3+(1, 8))	3	9
(4371, 26, 4477, t1) & (1657, 129, 1146, t2=t1+(0, 1)) & (1146, 140, 4371, t3=t2+(0, 3)) -> (1146, 140, 1146, t4=t3+(1, 4))	3	10
(2347, 158, 1302, t1) & (2138, 149, 1361, t2=t1+(0, 3)) & (2138, 191, 2347, t3=t2+(0, 2)) -> (2347, 191, 2138, t4=t3+(1, 5))	3	11
(3880, 9, 2530, t1) & (4418, 192, 1266, t2=t1+(0, 10)) & (3880, 29, 1266, t3=t2+(0, 9)) -> (2530, 29, 3880, t4=t3+(1, 6))	3	12
(820, 53, 3033, t1) & (2374, 106, 710, t2=t1+(0, 7)) & (820, 95, 710, t3=t2+(0, 6)) -> (710, 53, 3033, t4=t3+(1, 4))	3	13
(277, 129, 718, t1) & (3693, 131, 2584, t2=t1+(0, 3)) & (277, 88, 2584, t3=t2+(0, 6)) -> (277, 88, 2584, t4=t3+(1, 8))	3	14
(4169, 46, 3442, t1) & (1339, 139, 2277, t2=t1+(0, 9)) & (2277, 89, 3442, t3=t2+(0, 7)) -> (2277, 46, 2277, t4=t3+(1, 4))	3	15
(2929, 158, 1198, t1) & (4922, 54, 4315, t2=t1+(0, 5)) & (1198, 3, 4315, t3=t2+(0, 10)) -> (1198, 158, 1198, t4=t3+(1, 4))	3	16
(2956, 26, 4436, t1) & (1368, 13, 1359, t2=t1+(0, 4)) & (2956, 198, 1368, t3=t2+(0, 5)) -> (1368, 198, 1368, t4=t3+(1, 4))	3	17
(1538, 140, 1530, t1) & (2504, 3, 4867, t2=t1+(0, 6)) & (1530, 20, 4867, t3=t2+(0, 4)) -> (4867, 3, 4867, t4=t3+(1, 2))	3	18
(4575, 124, 79, t1) & (421, 83, 2935, t2=t1+(0, 4)) & (421, 104, 4575, t3=t2+(0, 7)) -> (79, 104, 2935, t4=t3+(1, 5))	3	19
(137, 81, 879, t1) & (129, 15, 763, t2=t1+(0, 8)) & (129, 51, 137, t3=t2+(0, 3)) -> (129, 15, 879, t4=t3+(1, 6))	3	20
(3139, 104, 1823, t1) & (1622, 163, 731, t2=t1+(0, 1)) & (731, 34, 3139, t3=t2+(0, 5)) -> (3139, 163, 3139, t4=t3+(1, 5))	3	21
(2365, 30, 3139, t1) & (4151, 167, 4346, t2=t1+(0, 1)) & (3139, 157, 4151, t3=t2+(0, 7)) -> (2365, 30, 3139, t4=t3+(1, 3))	3	22
(4863, 51, 3146, t1) & (3919, 76, 2032, t2=t1+(0, 4)) & (4863, 22, 2032, t3=t2+(0, 4)) -> (4863, 51, 4863, t4=t3+(1, 3))	3	23
(3546, 108, 3786, t1) & (2432, 77, 4678, t2=t1+(0, 4)) & (4678, 115, 3786, t3=t2+(0, 4)) -> (3786, 108, 2432, t4=t3+(1, 7))	3	24
(3616, 77, 1462, t1) & (555, 141, 4769, t2=t1+(0, 5)) & (3616, 140, 555, t3=t2+(0, 5)) -> (555, 77, 555, t4=t3+(1, 6))	3	25
(636, 63, 4955, t1) & (3186, 196, 3796, t2=t1+(0, 7)) & (3186, 6, 636, t3=t2+(0, 4)) -> (636, 6, 3186, t4=t3+(1, 5))	3	26
(1351, 199, 1160, t1) & (2239, 121, 2551, t2=t1+(0, 6)) & (1351, 76, 2239, t3=t2+(0, 5)) -> (2239, 76, 1351, t4=t3+(1, 7))	3	27
(4530, 102, 3032, t1) & (2491, 179, 4888, t2=t1+(0, 9)) & (3032, 3, 4888, t3=t2+(0, 6)) -> (2491, 3, 3032, t4=t3+(1, 4))	3	28
(335, 125, 2486, t1) & (2314, 113, 2374, t2=t1+(0, 5)) & (2314, 55, 335, t3=t2+(0, 3)) -> (2374, 113, 2486, t4=t3+(1, 3))	3	29
(4584, 77, 3306, t1) & (4238, 2, 3769, t2=t1+(0, 3)) & (4238, 70, 3306, t3=t2+(0, 8)) -> (3306, 2, 3769, t4=t3+(1, 8))	3	30
(1680, 48, 4236, t1) & (2344, 145, 1721, t2=t1+(0, 4)) & (4236, 130, 1721, t3=t2+(0, 7)) -> (2344, 48, 1680, t4=t3+(1, 6))	3	31
(1182, 25, 437, t1) & (4726, 177, 3354, t2=t1+(0, 6)) & (437, 102, 4726, t3=t2+(0, 4)) -> (437, 177, 4726, t4=t3+(1, 6))	3	32
(4142, 145, 338, t1) & (2553, 41, 1000, t2=t1+(0, 4)) & (1000, 0, 338, t3=t2+(0, 6)) -> (338, 41, 2553, t4=t3+(1, 4))	3	33
(951, 125, 1122, t1) & (2981, 176, 4774, t2=t1+(0, 3)) & (951, 187, 4774, t3=t2+(0, 6)) -> (951, 176, 1122, t4=t3+(1, 5))	3	34
(3229, 31, 1647, t1) & (1951, 106, 4053, t2=t1+(0, 7)) & (4053, 167, 1647, t3=t2+(0, 8)) -> (1647, 31, 3229, t4=t3+(1, 3))	3	35
(4472, 94, 2693, t1) & (3811, 139, 3042, t2=t1+(0, 5)) & (3042, 102, 4472, t3=t2+(0, 5)) -> (3811, 102, 3811, t4=t3+(1, 8))	3	36
(2435, 2, 4206, t1) & (3746, 62, 2501, t2=t1+(0, 2)) & (4206, 199, 3746, t3=t2+(0, 6)) -> (4206, 199, 3746, t4=t3+(1, 3))	3	37
(2457, 189, 2498, t1) & (607, 6, 1974, t2=t1+(0, 3)) & (607, 13, 2457, t3=t2+(0, 10)) -> (2498, 13, 1974, t4=t3+(1, 10))	3	38
(3154, 194, 4266, t1) & (3340, 81, 660, t2=t1+(0, 4)) & (4266, 43, 3340, t3=t2+(0, 3)) -> (3154, 81, 4266, t4=t3+(1, 2))	3	39
(1991, 42, 4920, t1) & (2199, 43, 27, t2=t1+(0, 2)) & (1991, 197, 2199, t3=t2+(0, 4)) -> (2199, 43, 1991, t4=t3+(1, 3))	3	40
(4772, 116, 524, t1) & (2777, 71, 740, t2=t1+(0, 5)) & (524, 13, 740, t3=t2+(0, 6)) -> (4772, 116, 2777, t4=t3+(1, 4))	3	41
(4558, 74, 2853, t1) & (2695, 118, 248, t2=t1+(0, 8)) & (2695, 140, 2853, t3=t2+(0, 5)) -> (2695, 118, 2853, t4=t3+(1, 5))	3	42
(1302, 37, 4620, t1) & (3107, 87, 3171, t2=t1+(0, 6)) & (3107, 35, 4620, t3=t2+(0, 3)) -> (3171, 87, 3107, t4=t3+(1, 8))	3	43
(2479, 70, 4507, t1) & (3345, 125, 1155, t2=t1+(0, 3)) & (1155, 68, 4507, t3=t2+(0, 3)) -> (1155, 125, 1155, t4=t3+(1, 7))	3	44
(2127, 12, 1233, t1) & (1758, 177, 4190, t2=t1+(0, 6)) & (2127, 155, 1758, t3=t2+(0, 6)) -> (1758, 12, 4190, t4=t3+(1, 9))	3	45
(2695, 131, 3150, t1) & (2963, 77, 2063, t2=t1+(0, 5)) & (2963, 110, 3150, t3=t2+(0, 7)) -> (2063, 77, 3150, t4=t3+(1, 5))	3	46
(1150, 121, 4792, t1) & (3, 148, 500, t2=t1+(0, 4)) & (500, 124, 1150, t3=t2+(0, 5)) -> (3, 121, 3, t4=t3+(1, 4))	3	47
(751, 152, 1353, t1) & (3176, 183, 1484, t2=t1+(0, 5)) & (3176, 144, 1353, t3=t2+(0, 4)) -> (1353, 183, 751, t4=t3+(1, 11))	3	48
(2119, 44, 682, t1) & (1271, 90, 365, t2=t1+(0, 4)) & (682, 95, 1271, t3=t2+(0, 1)) -> (1271, 90, 1271, t4=t3+(1, 6))	3	49
(3499, 164, 1488, t1) & (3499, 34, 1488, t2=t1+(0, 8)) -> (1488, 164, 3499, t3=t2+(1, 4))	2	50
(1202, 139, 4562, t1) & (1202, 66, 2315, t2=t1+(0, 1)) -> (4562, 66, 2315, t3=t2+(1, 5))	2	51
(379, 36, 159, t1) & (159, 143, 2203, t2=t1+(0, 8)) -> (159, 143, 159, t3=t2+(1, 10))	2	52
(2730, 106, 3121, t1) & (2479, 98, 2730, t2=t1+(0, 4)) -> (2479, 98, 3121, t3=t2+(1, 6))	2	53
(627, 14, 1523, t1) & (627, 18, 627, t2=t1+(0, 11)) -> (627, 14, 627, t3=t2+(1, 3))	2	54
(2707, 19, 3901, t1) & (3461, 85, 3901, t2=t1+(0, 5)) -> (3461, 85, 3901, t3=t2+(1, 6))	2	55
(4435, 113, 4984, t1) & (1919, 111, 4984, t2=t1+(0, 4)) -> (4984, 113, 4984, t3=t2+(1, 4))	2	56
(3511, 186, 2453, t1) & (3511, 64, 2453, t2=t1+(0, 2)) -> (2453, 64, 2453, t3=t2+(1, 2))	2	57
(2899, 0, 887, t1) & (2899, 1, 4638, t2=t1+(0, 6)) -> (2899, 0, 2899, t3=t2+(1, 4))	2	58
(2864, 121, 580, t1) & (2864, 33, 434, t2=t1+(0, 5)) -> (434, 121, 434, t3=t2+(1, 3))	2	59
(3743, 131, 4307, t1) & (3743, 9, 3743, t2=t1+(0, 6)) -> (3743, 131, 3743, t3=t2+(1, 3))	2	60
(3829, 4, 4850, t1) & (1130, 133, 3829, t2=t1+(0, 6)) -> (3829, 133, 3829, t3=t2+(1, 9))	2	61
(1509, 95, 3110, t1) & (3110, 10, 1509, t2=t1+(0, 3)) -> (1509, 95, 1509, t3=t2+(1, 6))	2	62
(1257, 30, 152, t1) & (152, 182, 839, t2=t1+(0, 7)) -> (1257, 30, 1257, t3=t2+(1, 5))	2	63
(4774, 123, 2909, t1) & (3953, 6, 2909, t2=t1+(0, 4)) -> (2909, 6, 4774, t3=t2+(1, 5))	2	64
(410, 98, 2280, t1) & (2280, 65, 2428, t2=t1+(0, 6)) -> (2428, 98, 410, t3=t2+(1, 3))	2	65
(1084, 29, 4168, t1) & (1084, 28, 2479, t2=t1+(0, 9)) -> (1084, 29, 1084, t3=t2+(1, 7))	2	66
(4951, 140, 3037, t1) & (3842, 135, 4951, t2=t1+(0, 6)) -> (4951, 140, 3037, t3=t2+(1, 8))	2	67
(4511, 88, 186, t1) & (186, 70, 2899, t2=t1+(0, 4)) -> (186, 70, 186, t3=t2+(1, 3))	2	68
(7, 31, 2344, t1) & (1919, 179, 7, t2=t1+(0, 9)) -> (7, 31, 1919, t3=t2+(1, 5))	2	69
(4491, 89, 4129, t1) & (4491, 104, 3191, t2=t1+(0, 3)) -> (4129, 89, 4129, t3=t2+(1, 2))	2	70
(2882, 69, 790, t1) & (2882, 160, 790, t2=t1+(0, 9)) -> (790, 160, 790, t3=t2+(1, 2))	2	71
(4111, 80, 3076, t1) & (3076, 59, 4111, t2=t1+(0, 1)) -> (3076, 59, 4111, t3=t2+(1, 8))	2	72
(689, 142, 3343, t1) & (689, 12, 689, t2=t1+(0, 4)) -> (689, 12, 689, t3=t2+(1, 5))	2	73
(1163, 121, 3951, t1) & (2496, 93, 1163, t2=t1+(0, 1)) -> (3951, 93, 1163, t3=t2+(1, 2))	2	74
(2951, 41, 2115, t1) & (2891, 47, 2951, t2=t1+(0, 3)) -> (2115, 41, 2951, t3=t2+(1, 9))	2	75
(1953, 3, 2687, t1) & (1953, 195, 2687, t2=t1+(0, 6)) -> (1953, 3, 2687, t3=t2+(1, 5))	2	76
(3982, 56, 3272, t1) & (56, 13, 3982, t2=t1+(0, 5)) -> (3982, 56, 3982, t3=t2+(1, 4))	2	77
(4918, 159, 1347, t1) & (1347, 174, 528, t2=t1+(0, 6)) -> (4918, 174, 1347, t3=t2+(1, 10))	2	78
(1566, 76, 1683, t1) & (4720, 90, 1683, t2=t1+(0, 10)) -> (1566, 90, 1566, t3=t2+(1, 4))	2	79
(3893, 4, 4955, t1) & (2175, 178, 3893, t2=t1+(0, 5)) -> (4955, 178, 3893, t3=t2+(1, 6))	2	80
(4191, 183, 3809, t1) & (3809, 92, 4191, t2=t1+(0, 8)) -> (4191, 92, 4191, t3=t2+(1, 2))	2	81
(3064, 97, 3206, t1) & (3206, 41, 3064, t2=t1+(0, 3)) -> (3206, 41, 3206, t3=t2+(1, 9))	2	82
(4975, 80, 286, t1) & (286, 51, 1181, t2=t1+(0, 9)) -> (286, 80, 286, t3=t2+(1, 8))	2	83
(4573, 163, 701, t1) & (536, 25, 4573, t2=t1+(0, 6)) -> (701, 25, 4573, t3=t2+(1, 3))	2	84
(3723, 66, 1749, t1) & (1749, 113, 1749, t2=t1+(0, 2)) -> (1749, 66, 3723, t3=t2+(1, 6))	2	85
(974, 43, 4615, t1) & (974, 46, 974, t2=t1+(0, 6)) -> (4615, 43, 974, t3=t2+(1, 3))	2	86
(81, 134, 3602, t1) & (3602, 92, 2334, t2=t1+(0, 3)) -> (81, 134, 2334, t3=t2+(1, 4))	2	87
(1911, 18, 2465, t1) & (1911, 59, 162, t2=t1+(0, 6)) -> (2465, 59, 1911, t3=t2+(1, 8))	2	88
(1283, 45, 4751, t1) & (4751, 78, 1149, t2=t1+(0, 8)) -> (1283, 78, 1149, t3=t2+(1, 6))	2	89
(1739, 50, 3694, t1) & (949, 121, 1739, t2=t1+(0, 1)) -> (3694, 121, 1739, t3=t2+(1, 6))	2	90
(2000, 131, 4534, t1) & (2929, 21, 2000, t2=t1+(0, 4)) -> (2929, 131, 2000, t3=t2+(1, 3))	2	91
(4060, 108, 1886, t1) & (3793, 165, 4060, t2=t1+(0, 4)) -> (4060, 108, 3793, t3=t2+(1, 3))	2	92
(3982, 84, 4182, t1) & (3982, 2, 3479, t2=t1+(0, 4)) -> (3479, 84, 4182, t3=t2+(1, 5))	2	93
(3765, 102, 3481, t1) & (3481, 96, 526, t2=t1+(0, 5)) -> (3481, 96, 3765, t3=t2+(1, 8))	2	94
(1210, 84, 2695, t1) & (1210, 129, 2206, t2=t1+(0, 7)) -> (2206, 129, 1210, t3=t2+(1, 2))	2	95
(4426, 13, 2803, t1) & (2803, 104, 4426, t2=t1+(0, 3)) -> (2803, 104, 4426, t3=t2+(1, 2))	2	96
(4929, 74, 3408, t1) & (3408, 147, 3408, t2=t1+(0, 6)) -> (3408, 147, 3408, t3=t2+(1, 7))	2	97
(501, 173, 4127, t1) & (501, 163, 501, t2=t1+(0, 8)) -> (501, 173, 501, t3=t2+(1, 8))	2	98
(2065, 160, 4618, t1) & (4618, 192, 1010, t2=t1+(0, 6)) -> (4618, 160, 4618, t3=t2+(1, 5))	2	99
(1515, 150, 3510, t1) & (696, 64, 3510, t2=t1+(0, 5)) -> (696, 150, 3510, t3=t2+(1, 4))	2	100
(2328, 94, 3776, t1) & (2328, 197, 202, t2=t1+(0, 6)) -> (202, 197, 3776, t3=t2+(1, 5))	2	101
(2971, 79, 3146, t1) & (2971, 96, 3146, t2=t1+(0, 5)) -> (2971, 96, 2971, t3=t2+(1, 6))	2	102
(126, 97, 895, t1) & (895, 122, 2543, t2=t1+(0, 8)) -> (126, 122, 895, t3=t2+(1, 9))	2	103
(4935, 7, 1706, t1) & (2071, 117, 4935, t2=t1+(0, 6)) -> (1706, 117, 2071, t3=t2+(1, 1))	2	104
(3361, 123, 2153, t1) & (2230, 118, 2153, t2=t1+(0, 4)) -> (2153, 118, 2153, t3=t2+(1, 5))	2	105
(2607, 142, 4279, t1) & (1572, 165, 2607, t2=t1+(0, 4)) -> (2607, 142, 2607, t3=t2+(1, 5))	2	106
(2960, 41, 3390, t1) & (2960, 22, 3390, t2=t1+(0, 6)) -> (3390, 22, 2960, t3=t2+(1, 8))	2	107
(1593, 104, 4679, t1) & (1593, 47, 1727, t2=t1+(0, 3)) -> (4679, 104, 1593, t3=t2+(1, 3))	2	108
(1406, 90, 2830, t1) & (1406, 94, 1037, t2=t1+(0, 6)) -> (1037, 90, 1037, t3=t2+(1, 3))	2	109
(135, 65, 950, t1) & (135, 180, 135, t2=t1+(0, 7)) -> (135, 180, 950, t3=t2+(1, 2))	2	110
(2180, 54, 411, t1) & (411, 132, 3720, t2=t1+(0, 7)) -> (3720, 132, 411, t3=t2+(1, 8))	2	111
(357, 147, 2842, t1) & (2246, 138, 357, t2=t1+(0, 9)) -> (357, 138, 357, t3=t2+(1, 2))	2	112
(4776, 77, 1967, t1) & (4776, 79, 1967, t2=t1+(0, 3)) -> (4776, 77, 4776, t3=t2+(1, 3))	2	113
(4651, 159, 3845, t1) & (4651, 165, 4651, t2=t1+(0, 11)) -> (4651, 165, 4651, t3=t2+(1, 7))	2	114
(2380, 67, 4389, t1) & (924, 98, 4389, t2=t1+(0, 4)) -> (924, 67, 4389, t3=t2+(1, 10))	2	115
(3533, 141, 2383, t1) & (3533, 108, 2883, t2=t1+(0, 5)) -> (3533, 108, 3533, t3=t2+(1, 2))	2	116
(1592, 137, 2302, t1) & (4078, 194, 2302, t2=t1+(0, 1)) -> (2302, 137, 1592, t3=t2+(1, 9))	2	117
(4655, 29, 2800, t1) & (1640, 32, 4655, t2=t1+(0, 7)) -> (4655, 29, 1640, t3=t2+(1, 5))	2	118
(217, 4, 4390, t1) & (4390, 64, 217, t2=t1+(0, 10)) -> (4390, 4, 4390, t3=t2+(1, 4))	2	119
(4130, 135, 1777, t1) & (4056, 141, 1777, t2=t1+(0, 5)) -> (1777, 141, 1777, t3=t2+(1, 4))	2	120
(2028, 65, 799, t1) & (799, 101, 799, t2=t1+(0, 11)) -> (799, 101, 799, t3=t2+(1, 4))	2	121
(3584, 64, 4425, t1) & (3584, 167, 4425, t2=t1+(0, 4)) -> (3584, 64, 3584, t3=t2+(1, 4))	2	122
(1943, 46, 2944, t1) & (1943, 182, 1943, t2=t1+(0, 3)) -> (1943, 46, 1943, t3=t2+(1, 3))	2	123
(108, 87, 3036, t1) & (3928, 169, 3036, t2=t1+(0, 5)) -> (3036, 169, 108, t3=t2+(1, 8))	2	124
(2817, 3, 3943, t1) & (2817, 55, 2817, t2=t1+(0, 7)) -> (3943, 3, 2817, t3=t2+(1, 5))	2	125
(708, 89, 3574, t1) & (708, 110, 3574, t2=t1+(0, 3)) -> (708, 110, 3574, t3=t2+(1, 6))	2	126
(1086, 116, 4546, t1) & (4660, 30, 1086, t2=t1+(0, 6)) -> (1086, 30, 1086, t3=t2+(1, 5))	2	127
(3633, 15, 1778, t1) & (1778, 75, 3633, t2=t1+(0, 6)) -> (1778, 15, 3633, t3=t2+(1, 8))	2	128
(4924, 189, 1061, t1) & (1061, 57, 4924, t2=t1+(0, 8)) -> (4924, 189, 1061, t3=t2+(1, 6))	2	129
(1530, 82, 3184, t1) & (2515, 140, 1530, t2=t1+(0, 6)) -> (3184, 82, 1530, t3=t2+(1, 4))	2	130
(84, 131, 190, t1) & (84, 12, 3531, t2=t1+(0, 8)) -> (84, 131, 84, t3=t2+(1, 8))	2	131
(1704, 26, 3181, t1) & (3181, 39, 1704, t2=t1+(0, 1)) -> (3181, 39, 3181, t3=t2+(1, 5))	2	132
(4529, 7, 1885, t1) & (1885, 34, 1885, t2=t1+(0, 5)) -> (1885, 34, 1885, t3=t2+(1, 6))	2	133
(4673, 137, 4239, t1) & (1679, 8, 4673, t2=t1+(0, 6)) -> (1679, 8, 4239, t3=t2+(1, 2))	2	134
(3297, 93, 4346, t1) & (4346, 47, 76, t2=t1+(0, 5)) -> (76, 47, 3297, t3=t2+(1, 5))	2	135
(3352, 112, 4949, t1) & (1236, 71, 4949, t2=t1+(0, 4)) -> (4949, 71, 1236, t3=t2+(1, 2))	2	136
(4410, 190, 2537, t1) & (2537, 2, 4410, t2=t1+(0, 6)) -> (2537, 190, 2537, t3=t2+(1, 5))	2	137
(1333, 171, 512, t1) & (1333, 51, 2646, t2=t1+(0, 8)) -> (512, 51, 1333, t3=t2+(1, 10))	2	138
(380, 104, 1997, t1) & (1520, 138, 1997, t2=t1+(0, 3)) -> (1520, 138, 380, t3=t2+(1, 6))	2	139
(919, 47, 1596, t1) & (1596, 25, 1596, t2=t1+(0, 5)) -> (1596, 47, 1596, t3=t2+(1, 4))	2	140
(1591, 55, 2406, t1) & (2406, 135, 1733, t2=t1+(0, 6)) -> (2406, 135, 2406, t3=t2+(1, 6))	2	141
(2178, 171, 4717, t1) & (2178, 23, 4903, t2=t1+(0, 5)) -> (2178, 23, 4903, t3=t2+(1, 5))	2	142
(4953, 113, 4041, t1) & (2370, 54, 4041, t2=t1+(0, 1)) -> (2370, 54, 4041, t3=t2+(1, 2))	2	143
(4829, 65, 1861, t1) & (4829, 90, 1172, t2=t1+(0, 6)) -> (4829, 65, 1861, t3=t2+(1, 5))	2	144
(4292, 149, 4511, t1) & (4292, 198, 2119, t2=t1+(0, 5)) -> (4511, 149, 4292, t3=t2+(1, 3))	2	145
(2200, 108, 1895, t1) & (4881, 6, 1895, t2=t1+(0, 1)) -> (2200, 108, 1895, t3=t2+(1, 2))	2	146
(2874, 99, 862, t1) & (2316, 89, 862, t2=t1+(0, 7)) -> (2316, 99, 2874, t3=t2+(1, 6))	2	147
(2065, 31, 373, t1) & (1333, 18, 373, t2=t1+(0, 7)) -> (1333, 31, 373, t3=t2+(1, 5))	2	148
(1882, 146, 4229, t1) & (3924, 19, 1882, t2=t1+(0, 5)) -> (4229, 146, 3924, t3=t2+(1, 7))	2	149
(2228, 102, 1741, t1) -> (2228, 102, 1741, t2=t1+(1, 7))	1	150
(3431, 61, 4553, t1) -> (4553, 61, 3431, t2=t1+(1, 2))	1	151
(2158, 43, 2628, t1) -> (2158, 43, 2628, t2=t1+(1, 4))	1	152
(2142, 0, 3182, t1) -> (2142, 0, 2142, t2=t1+(1, 2))	1	153
(921, 162, 1700, t1) -> (1700, 162, 1700, t2=t1+(1, 4))	1	154
(2441, 90, 4112, t1) -> (2441, 90, 2441, t2=t1+(1, 3))	1	155
(1604, 173, 3853, t1) -> (1604, 173, 1604, t2=t1+(1, 3))	1	156
(764, 29, 4745, t1) -> (4745, 29, 764, t2=t1+(1, 5))	1	157
(4512, 180, 3297, t1) -> (3297, 180, 4512, t2=t1+(1, 6))	1	158
(2095, 144, 1002, t1) -> (2095, 144, 1002, t2=t1+(1, 8))	1	159
(121, 100, 1447, t1) -> (121, 100, 1447, t2=t1+(1, 5))	1	160
(1131, 31, 2698, t1) -> (2698, 31, 2698, t2=t1+(1, 3))	1	161
(2986, 129, 3382, t1) -> (2986, 129, 3382, t2=t1+(1, 5))	1	162
(2441, 198, 1427, t1) -> (1427, 198, 2441, t2=t1+(1, 6))	1	163
(4892, 171, 2787, t1) -> (4892, 171, 4892, t2=t1+(1, 3))	1	164
(3867, 75, 126, t1) -> (3867, 75, 126, t2=t1+(1, 3))	1	165
(1572, 66, 3660, t1) -> (3660, 66, 1572, t2=t1+(1, 8))	1	166
(2529, 52, 3731, t1) -> (3731, 52, 3731, t2=t1+(1, 9))	1	167
(2699, 34, 1060, t1) -> (1060, 34, 1060, t2=t1+(1, 5))	1	168
(2693, 92, 2842, t1) -> (2693, 92, 2842, t2=t1+(1, 1))	1	169
(895, 171, 1356, t1) -> (1356, 171, 895, t2=t1+(1, 8))	1	170
(3061, 108, 2548, t1) -> (3061, 108, 2548, t2=t1+(1, 2))	1	171
(4923, 122, 874, t1) -> (874, 122, 874, t2=t1+(1, 3))	1	172
(1525, 151, 4141, t1) -> (4141, 151, 1525, t2=t1+(1, 3))	1	173
(678, 184, 1356, t1) -> (1356, 184, 678, t2=t1+(1, 4))	1	174
(3093, 196, 944, t1) -> (944, 196, 944, t2=t1+(1, 2))	1	175
(1863, 52, 4722, t1) -> (1863, 52, 1863, t2=t1+(1, 2))	1	176
(1990, 195, 3773, t1) -> (1990, 195, 1990, t2=t1+(1, 4))	1	177
(3289, 41, 4099, t1) -> (4099, 41, 3289, t2=t1+(1, 6))	1	178
(2780, 98, 4801, t1) -> (2780, 98, 2780, t2=t1+(1, 6))	1	179
(4707, 42, 1368, t1) -> (4707, 42, 4707, t2=t1+(1, 6))	1	180
(3699, 103, 1526, t1) -> (3699, 103, 3699, t2=t1+(1, 6))	1	181
(233, 191, 2470, t1) -> (233, 191, 233, t2=t1+(1, 3))	1	182
(1002, 49, 4036, t1) -> (1002, 49, 4036, t2=t1+(1, 9))	1	183
(1763, 121, 3454, t1) -> (3454, 121, 1763, t2=t1+(1, 5))	1	184
(907, 70, 2371, t1) -> (907, 70, 907, t2=t1+(1, 5))	1	185
(2660, 12, 1973, t1) -> (2660, 12, 1973, t2=t1+(1, 6))	1	186
(2427, 190, 1762, t1) -> (2427, 190, 2427, t2=t1+(1, 6))	1	187
(2706, 111, 4371, t1) -> (4371, 111, 2706, t2=t1+(1, 3))	1	188
(2985, 92, 2881, t1) -> (2881, 92, 2985, t2=t1+(1, 8))	1	189
(1455, 191, 860, t1) -> (860, 191, 860, t2=t1+(1, 4))	1	190
(792, 161, 2472, t1) -> (2472, 161, 2472, t2=t1+(1, 7))	1	191
(2603, 1, 2434, t1) -> (2603, 1, 2603, t2=t1+(1, 9))	1	192
(3213, 76, 2039, t1) -> (3213, 76, 2039, t2=t1+(1, 3))	1	193
(1060, 76, 2038, t1) -> (1060, 76, 1060, t2=t1+(1, 5))	1	194
(777, 101, 2307, t1) -> (2307, 101, 777, t2=t1+(1, 6))	1	195
(4763, 103, 3325, t1) -> (3325, 103, 4763, t2=t1+(1, 4))	1	196
(4798, 120, 2095, t1) -> (2095, 120, 2095, t2=t1+(1, 4))	1	197
(606, 117, 4388, t1) -> (4388, 117, 606, t2=t1+(1, 5))	1	198
(3707, 24, 3029, t1) -> (3029, 24, 3707, t2=t1+(1, 5))	1	199
(4898, 87, 1775, t1) -> (1775, 87, 4898, t2=t1+(1, 6))	1	200
(3372, 21, 1364, t1) -> (1364, 21, 1364, t2=t1+(1, 5))	1	201
(1034, 15, 2536, t1) -> (2536, 15, 1034, t2=t1+(1, 7))	1	202
(3972, 53, 2290, t1) -> (3972, 53, 3972, t2=t1+(1, 3))	1	203
(2924, 174, 1785, t1) -> (2924, 174, 1785, t2=t1+(1, 4))	1	204
(527, 33, 3979, t1) -> (3979, 33, 527, t2=t1+(1, 7))	1	205
(4523, 70, 3365, t1) -> (4523, 70, 3365, t2=t1+(1, 4))	1	206
(3538, 106, 4619, t1) -> (4619, 106, 3538, t2=t1+(1, 6))	1	207
(2610, 199, 4777, t1) -> (2610, 199, 2610, t2=t1+(1, 3))	1	208
(4952, 155, 2684, t1) -> (4952, 155, 4952, t2=t1+(1, 4))	1	209
(4967, 29, 1956, t1) -> (1956, 29, 1956, t2=t1+(1, 3))	1	210
(3747, 50, 431, t1) -> (3747, 50, 431, t2=t1+(1, 7))	1	211
(3687, 15, 1097, t1) -> (1097, 15, 1097, t2=t1+(1, 5))	1	212
(85, 126, 3824, t1) -> (3824, 126, 3824, t2=t1+(1, 2))	1	213
(1902, 92, 3903, t1) -> (1902, 92, 3903, t2=t1+(1, 2))	1	214
(1996, 19, 4920, t1) -> (1996, 19, 1996, t2=t1+(1, 7))	1	215
(2904, 130, 454, t1) -> (454, 130, 2904, t2=t1+(1, 4))	1	216
(4965, 18, 3428, t1) -> (4965, 18, 4965, t2=t1+(1, 4))	1	217
(4796, 3, 4651, t1) -> (4651, 3, 4651, t2=t1+(1, 6))	1	218
(3414, 113, 4312, t1) -> (3414, 113, 4312, t2=t1+(1, 8))	1	219
(4824, 78, 1415, t1) -> (4824, 78, 4824, t2=t1+(1, 3))	1	220
(3332, 76, 1233, t1) -> (3332, 76, 1233, t2=t1+(1, 5))	1	221
(4162, 149, 3301, t1) -> (4162, 149, 3301, t2=t1+(1, 7))	1	222
(2873, 7, 1889, t1) -> (1889, 7, 2873, t2=t1+(1, 6))	1	223
(4165, 115, 736, t1) -> (736, 115, 4165, t2=t1+(1, 9))	1	224
(1212, 150, 2479, t1) -> (1212, 150, 1212, t2=t1+(1, 4))	1	225
(3861, 50, 233, t1) -> (3861, 50, 233, t2=t1+(1, 2))	1	226
(3532, 187, 1083, t1) -> (1083, 187, 3532, t2=t1+(1, 5))	1	227
(3002, 61, 490, t1) -> (490, 61, 490, t2=t1+(1, 4))	1	228
(1785, 176, 1159, t1) -> (1159, 176, 1785, t2=t1+(1, 5))	1	229
(4851, 191, 1861, t1) -> (4851, 191, 1861, t2=t1+(1, 3))	1	230
(2828, 28, 4012, t1) -> (4012, 28, 4012, t2=t1+(1, 7))	1	231
(4278, 147, 2216, t1) -> (4278, 147, 4278, t2=t1+(1, 4))	1	232
(4463, 17, 872, t1) -> (4463, 17, 4463, t2=t1+(1, 3))	1	233
(726, 107, 3217, t1) -> (726, 107, 3217, t2=t1+(1, 3))	1	234
(3811, 5, 3285, t1) -> (3285, 5, 3285, t2=t1+(1, 3))	1	235
(925, 190, 4138, t1) -> (925, 190, 4138, t2=t1+(1, 2))	1	236
(2333, 129, 4515, t1) -> (4515, 129, 2333, t2=t1+(1, 4))	1	237
(4399, 50, 95, t1) -> (4399, 50, 4399, t2=t1+(1, 3))	1	238
(4026, 65, 1221, t1) -> (4026, 65, 1221, t2=t1+(1, 6))	1	239
(92, 171, 1107, t1) -> (1107, 171, 1107, t2=t1+(1, 2))	1	240
(1644, 105, 3390, t1) -> (1644, 105, 1644, t2=t1+(1, 1))	1	241
(231, 1, 566, t1) -> (566, 1, 231, t2=t1+(1, 4))	1	242
(2740, 153, 2076, t1) -> (2076, 153, 2740, t2=t1+(1, 4))	1	243
(3149, 140, 3769, t1) -> (3149, 140, 3149, t2=t1+(1, 1))	1	244
(1022, 175, 1719, t1) -> (1022, 175, 1022, t2=t1+(1, 5))	1	245
(3288, 124, 2862, t1) -> (3288, 124, 2862, t2=t1+(1, 1))	1	246
(3816, 165, 3203, t1) -> (3816, 165, 3816, t2=t1+(1, 3))	1	247
(2212, 10, 4906, t1) -> (2212, 10, 4906, t2=t1+(1, 8))	1	248
(3564, 169, 807, t1) -> (3564, 169, 3564, t2=t1+(1, 8))	1	249
(211, 92, 922, t1) -> (922, 92, 922, t2=t1+(1, 1))	1	250
(3769, 136, 4048, t1) -> (3769, 136, 4048, t2=t1+(1, 5))	1	251
(2770, 163, 703, t1) -> (703, 163, 703, t2=t1+(1, 5))	1	252
(4074, 139, 663, t1) -> (663, 139, 4074, t2=t1+(1, 6))	1	253
(2618, 39, 3313, t1) -> (3313, 39, 2618, t2=t1+(1, 6))	1	254
(2067, 95, 2327, t1) -> (2067, 95, 2067, t2=t1+(1, 6))	1	255
(3010, 14, 2186, t1) -> (3010, 14, 2186, t2=t1+(1, 4))	1	256
(3721, 60, 2779, t1) -> (3721, 60, 2779, t2=t1+(1, 5))	1	257
(734, 139, 111, t1) -> (111, 139, 734, t2=t1+(1, 3))	1	258
(4664, 193, 2799, t1) -> (4664, 193, 4664, t2=t1+(1, 8))	1	259
(864, 126, 3630, t1) -> (864, 126, 3630, t2=t1+(1, 2))	1	260
(3387, 101, 1870, t1) -> (3387, 101, 3387, t2=t1+(1, 6))	1	261
(1824, 72, 3893, t1) -> (3893, 72, 1824, t2=t1+(1, 14))	1	262
(4308, 53, 1919, t1) -> (4308, 53, 1919, t2=t1+(1, 2))	1	263
(1639, 20, 4706, t1) -> (4706, 20, 4706, t2=t1+(1, 5))	1	264
(651, 72, 4766, t1) -> (651, 72, 4766, t2=t1+(1, 4))	1	265
(1308, 115, 3918, t1) -> (3918, 115, 1308, t2=t1+(1, 4))	1	266
(335, 104, 3789, t1) -> (3789, 104, 335, t2=t1+(1, 4))	1	267
(4311, 137, 285, t1) -> (4311, 137, 285, t2=t1+(1, 6))	1	268
(3667, 195, 2330, t1) -> (2330, 195, 2330, t2=t1+(1, 4))	1	269
(1080, 192, 885, t1) -> (885, 192, 1080, t2=t1+(1, 8))	1	270
(3991, 111, 1611, t1) -> (1611, 111, 3991, t2=t1+(1, 4))	1	271
(861, 112, 4033, t1) -> (4033, 112, 861, t2=t1+(1, 10))	1	272
(4809, 199, 3948, t1) -> (3948, 199, 4809, t2=t1+(1, 8))	1	273
(2780, 9, 3333, t1) -> (2780, 9, 3333, t2=t1+(1, 4))	1	274
(3541, 181, 1601, t1) -> (3541, 181, 3541, t2=t1+(1, 7))	1	275
(2469, 133, 4056, t1) -> (2469, 133, 4056, t2=t1+(1, 5))	1	276
(2473, 132, 487, t1) -> (487, 132, 2473, t2=t1+(1, 10))	1	277
(600, 2, 1071, t1) -> (1071, 2, 600, t2=t1+(1, 7))	1	278
(4692, 23, 1009, t1) -> (4692, 23, 1009, t2=t1+(1, 8))	1	279
(2050, 36, 1711, t1) -> (1711, 36, 2050, t2=t1+(1, 5))	1	280
(2071, 172, 2258, t1) -> (2258, 172, 2071, t2=t1+(1, 4))	1	281
(4452, 169, 3004, t1) -> (3004, 169, 4452, t2=t1+(1, 2))	1	282
(984, 120, 3653, t1) -> (984, 120, 3653, t2=t1+(1, 7))	1	283
(801, 186, 126, t1) -> (801, 186, 801, t2=t1+(1, 5))	1	284
(382, 141, 3785, t1) -> (382, 141, 382, t2=t1+(1, 2))	1	285
(51, 35, 1615, t1) -> (1615, 35, 1615, t2=t1+(1, 6))	1	286
(4919, 113, 1830, t1) -> (1830, 113, 1830, t2=t1+(1, 4))	1	287
(1020, 80, 1304, t1) -> (1304, 80, 1304, t2=t1+(1, 1))	1	288
(4682, 16, 4302, t1) -> (4682, 16, 4302, t2=t1+(1, 3))	1	289
(2092, 176, 2916, t1) -> (2092, 176, 2916, t2=t1+(1, 3))	1	290
(1439, 27, 1792, t1) -> (1439, 27, 1792, t2=t1+(1, 6))	1	291
(4251, 21, 110, t1) -> (110, 21, 4251, t2=t1+(1, 2))	1	292
(4127, 34, 2305, t1) -> (2305, 34, 4127, t2=t1+(1, 4))	1	293
(460, 10, 3309, t1) -> (3309, 10, 460, t2=t1+(1, 5))	1	294
(339, 172, 450, t1) -> (450, 172, 339, t2=t1+(1, 3))	1	295
(4912, 20, 3136, t1) -> (4912, 20, 3136, t2=t1+(1, 9))	1	296
(4253, 174, 3397, t1) -> (3397, 174, 3397, t2=t1+(1, 4))	1	297
(2977, 13, 1571, t1) -> (1571, 13, 1571, t2=t1+(1, 5))	1	298
(885, 29, 3238, t1) -> (3238, 29, 3238, t2=t1+(1, 5))	1	299
(2102, 111, 4514, t1) -> (2102, 111, 4514, t2=t1+(1, 2))	1	300
(4356, 61, 4440, t1) -> (4440, 61, 4356, t2=t1+(1, 4))	1	301
(482, 23, 3091, t1) -> (3091, 23, 3091, t2=t1+(1, 7))	1	302
(4587, 199, 3077, t1) -> (4587, 199, 4587, t2=t1+(1, 8))	1	303
(225, 48, 1645, t1) -> (225, 48, 225, t2=t1+(1, 9))	1	304
(4100, 60, 4712, t1) -> (4100, 60, 4100, t2=t1+(1, 3))	1	305
(3396, 196, 3864, t1) -> (3864, 196, 3864, t2=t1+(1, 4))	1	306
(3625, 82, 2760, t1) -> (2760, 82, 2760, t2=t1+(1, 7))	1	307
(3786, 133, 990, t1) -> (3786, 133, 3786, t2=t1+(1, 4))	1	308
(3307, 116, 4314, t1) -> (4314, 116, 4314, t2=t1+(1, 4))	1	309
(3640, 197, 209, t1) -> (209, 197, 3640, t2=t1+(1, 5))	1	310
(4822, 60, 4517, t1) -> (4822, 60, 4822, t2=t1+(1, 2))	1	311
(3240, 171, 1793, t1) -> (3240, 171, 1793, t2=t1+(1, 6))	1	312
(1320, 126, 1663, t1) -> (1663, 126, 1320, t2=t1+(1, 8))	1	313
(251, 20, 1714, t1) -> (1714, 20, 1714, t2=t1+(1, 6))	1	314
(351, 85, 2685, t1) -> (2685, 85, 351, t2=t1+(1, 2))	1	315
(1654, 96, 417, t1) -> (417, 96, 1654, t2=t1+(1, 9))	1	316
(1480, 26, 3547, t1) -> (1480, 26, 1480, t2=t1+(1, 4))	1	317
(1991, 98, 99, t1) -> (99, 98, 1991, t2=t1+(1, 3))	1	318
(4963, 69, 2485, t1) -> (4963, 69, 4963, t2=t1+(1, 6))	1	319
(591, 128, 1963, t1) -> (1963, 128, 1963, t2=t1+(1, 6))	1	320
(3220, 175, 518, t1) -> (518, 175, 3220, t2=t1+(1, 2))	1	321
(2611, 81, 3952, t1) -> (2611, 81, 3952, t2=t1+(1, 2))	1	322
(1962, 7, 4424, t1) -> (1962, 7, 4424, t2=t1+(1, 7))	1	323
(4425, 46, 2749, t1) -> (4425, 46, 2749, t2=t1+(1, 5))	1	324
(152, 14, 1316, t1) -> (152, 14, 1316, t2=t1+(1, 9))	1	325
(3025, 75, 3501, t1) -> (3501, 75, 3025, t2=t1+(1, 3))	1	326
(4235, 3, 534, t1) -> (534, 3, 534, t2=t1+(1, 4))	1	327
(644, 67, 1848, t1) -> (1848, 67, 1848, t2=t1+(1, 10))	1	328
(2279, 82, 3516, t1) -> (2279, 82, 3516, t2=t1+(1, 10))	1	329
(3273, 139, 1744, t1) -> (1744, 139, 1744, t2=t1+(1, 2))	1	330
(1421, 32, 3112, t1) -> (3112, 32, 3112, t2=t1+(1, 6))	1	331
(1138, 108, 3068, t1) -> (3068, 108, 3068, t2=t1+(1, 10))	1	332
(137, 98, 4104, t1) -> (4104, 98, 137, t2=t1+(1, 3))	1	333
(1177, 88, 3297, t1) -> (1177, 88, 3297, t2=t1+(1, 7))	1	334
(3948, 29, 4712, t1) -> (3948, 29, 3948, t2=t1+(1, 4))	1	335
(2005, 152, 2460, t1) -> (2005, 152, 2460, t2=t1+(1, 4))	1	336
(4727, 198, 2807, t1) -> (4727, 198, 4727, t2=t1+(1, 6))	1	337
(212, 23, 1840, t1) -> (1840, 23, 212, t2=t1+(1, 1))	1	338
(3072, 115, 3096, t1) -> (3096, 115, 3072, t2=t1+(1, 2))	1	339
(1705, 109, 2305, t1) -> (1705, 109, 1705, t2=t1+(1, 4))	1	340
(4863, 151, 1907, t1) -> (1907, 151, 4863, t2=t1+(1, 8))	1	341
(3214, 192, 3741, t1) -> (3741, 192, 3214, t2=t1+(1, 6))	1	342
(1960, 177, 144, t1) -> (144, 177, 144, t2=t1+(1, 3))	1	343
(2895, 125, 517, t1) -> (2895, 125, 2895, t2=t1+(1, 4))	1	344
(1130, 112, 2441, t1) -> (2441, 112, 2441, t2=t1+(1, 8))	1	345
(2260, 84, 3327, t1) -> (3327, 84, 2260, t2=t1+(1, 6))	1	346
(3836, 0, 4924, t1) -> (4924, 0, 4924, t2=t1+(1, 2))	1	347
(4932, 186, 2952, t1) -> (4932, 186, 4932, t2=t1+(1, 4))	1	348
(2376, 185, 124, t1) -> (124, 185, 124, t2=t1+(1, 4))	1	349
