(3397, 108, 2921, t1) & (2591, 174, 2267, t2=t1+(0, 7)) & (2591, 119, 2921, t3=t2+(0, 3)) -> (2921, 174, 2591, t4=t3+(1, 6))	3	0
(2129, 53, 35, t1) & (451, 172, 3544, t2=t1+(0, 4)) & (451, 140, 2129, t3=t2+(0, 7)) -> (2129, 140, 35, t4=t3+(1, 3))	3	1
(4244, 65, 219, t1) & (3562, 134, 221, t2=t1+(0, 5)) & (3562, 68, 4244, t3=t2+(0, 11)) -> (4244, 134, 4244, t4=t3+(1, 4))	3	2
(4664, 83, 437, t1) & (2952, 61, 3192, t2=t1+(0, 8)) & (2952, 7, 437, t3=t2+(0, 2)) -> (3192, 7, 4664, t4=t3+(1, 8))	3	3
(2934, 12, 1179, t1) & (2134, 96, 3468, t2=t1+(0, 8)) & (3468, 184, 2934, t3=t2+(0, 5)) -> (2134, 12, 1179, t4=t3+(1, 2))	3	4
(1121, 66, 1429, t1) & (4940, 106, 3263, t2=t1+(0, 7)) & (1121, 196, 4940, t3=t2+(0, 7)) -> (4940, 106, 1121, t4=t3+(1, 7))	3	5
(958, 106, 3452, t1) & (427, 56, 180, t2=t1+(0, 5)) & (3452, 39, 180, t3=t2+(0, 4)) -> (180, 106, 180, t4=t3+(1, 5))	3	6
(2095, 73, 3702, t1) & (2143, 149, 4319, t2=t1+(0, 5)) & (4319, 97, 2095, t3=t2+(0, 14)) -> (2095, 97, 3702, t4=t3+(1, 8))	3	7
(1994, 187, 2063, t1) & (750, 49, 514, t2=t1+(0, 2)) & (514, 81, 2063, t3=t2+(0, 6)) -> (750, 187, 750, t4=t3+(1, 6))	3	8
(4163, 43, 4751, t1) & (2999, 31, 514, t2=t1+(0, 4)) & (4751, 48, 2999, t3=t2+(0, 4)) -> (2999, 43, 2999, t4=t3+(1, 2))	3	9
(893, 5, 392, t1) & (2443, 2, 3374, t2=t1+(0, 5)) & (893, 182, 3374, t3=t2+(0, 4)) -> (893, 5, 3374, t4=t3+(1, 6))	3	10
(2425, 171, 4732, t1) & (3118, 75, 1644, t2=t1+(0, 2)) & (3118, 111, 2425, t3=t2+(0, 11)) -> (3118, 171, 4732, t4=t3+(1, 5))	3	11
(821, 188, 1984, t1) & (2238, 63, 514, t2=t1+(0, 4)) & (821, 103, 514, t3=t2+(0, 4)) -> (1984, 188, 821, t4=t3+(1, 4))	3	12
(351, 173, 4162, t1) & (2872, 21, 1260, t2=t1+(0, 5)) & (351, 150, 1260, t3=t2+(0, 3)) -> (351, 173, 2872, t4=t3+(1, 5))	3	13
(3518, 161, 4705, t1) & (2978, 35, 3781, t2=t1+(0, 9)) & (3781, 110, 3518, t3=t2+(0, 11)) -> (3518, 35, 3518, t4=t3+(1, 4))	3	14
(2654, 52, 3642, t1) & (1276, 22, 2065, t2=t1+(0, 1)) & (1276, 112, 3642, t3=t2+(0, 7)) -> (3642, 112, 1276, t4=t3+(1, 3))	3	15
(644, 140, 1332, t1) & (1897, 32, 192, t2=t1+(0, 5)) & (1332, 117, 1897, t3=t2+(0, 5)) -> (192, 32, 1897, t4=t3+(1, 3))	3	16
(18, 140, 1964, t1) & (4959, 11, 1726, t2=t1+(0, 1)) & (1726, 133, 18, t3=t2+(0, 4)) -> (1726, 140, 18, t4=t3+(1, 6))	3	17
(1979, 168, 2898, t1) & (1293, 106, 3957, t2=t1+(0, 4)) & (1979, 103, 3957, t3=t2+(0, 6)) -> (1979, 103, 3957, t4=t3+(1, 4))	3	18
(3080, 53, 3436, t1) & (4100, 117, 890, t2=t1+(0, 8)) & (3436, 88, 4100, t3=t2+(0, 5)) -> (4100, 88, 4100, t4=t3+(1, 9))	3	19
(533, 168, 4158, t1) & (4682, 54, 4656, t2=t1+(0, 2)) & (4682, 182, 4158, t3=t2+(0, 4)) -> (4158, 168, 4158, t4=t3+(1, 3))	3	20
(134, 143, 4201, t1) & (1752, 129, 2700, t2=t1+(0, 4)) & (4201, 152, 2700, t3=t2+(0, 7)) -> (2700, 129, 134, t4=t3+(1, 5))	3	21
(1551, 29, 2516, t1) & (4183, 154, 1705, t2=t1+(0, 5)) & (4183, 156, 2516, t3=t2+(0, 7)) -> (1551, 29, 1551, t4=t3+(1, 3))	3	22
(3968, 34, 3644, t1) & (2946, 114, 1013, t2=t1+(0, 5)) & (3968, 113, 1013, t3=t2+(0, 4)) -> (3968, 113, 3968, t4=t3+(1, 6))	3	23
(2779, 119, 1041, t1) & (219, 73, 3424, t2=t1+(0, 1)) & (1041, 146, 219, t3=t2+(0, 4)) -> (1041, 73, 3424, t4=t3+(1, 9))	3	24
(4940, 168, 4068, t1) & (402, 192, 3833, t2=t1+(0, 2)) & (4940, 43, 3833, t3=t2+(0, 3)) -> (4940, 192, 402, t4=t3+(1, 4))	3	25
(2342, 7, 4631, t1) & (223, 76, 4939, t2=t1+(0, 5)) & (4631, 80, 223, t3=t2+(0, 5)) -> (223, 76, 2342, t4=t3+(1, 5))	3	26
(3523, 165, 1698, t1) & (1059, 78, 2020, t2=t1+(0, 4)) & (2020, 43, 1698, t3=t2+(0, 3)) -> (1698, 165, 1698, t4=t3+(1, 3))	3	27
(4979, 185, 4662, t1) & (817, 60, 803, t2=t1+(0, 6)) & (4662, 80, 817, t3=t2+(0, 6)) -> (4662, 60, 817, t4=t3+(1, 8))	3	28
(4670, 57, 3120, t1) & (1344, 112, 2213, t2=t1+(0, 4)) & (3120, 139, 1344, t3=t2+(0, 5)) -> (1344, 112, 3120, t4=t3+(1, 3))	3	29
(2982, 152, 3511, t1) & (1474, 86, 4147, t2=t1+(0, 7)) & (2982, 81, 1474, t3=t2+(0, 4)) -> (4147, 81, 4147, t4=t3+(1, 4))	3	30
(2178, 179, 4730, t1) & (4614, 164, 2229, t2=t1+(0, 4)) & (4614, 170, 4730, t3=t2+(0, 7)) -> (4614, 170, 2178, t4=t3+(1, 2))	3	31
(2240, 64, 3959, t1) & (3372, 165, 4148, t2=t1+(0, 4)) & (3372, 31, 3959, t3=t2+(0, 7)) -> (3372, 64, 4148, t4=t3+(1, 6))	3	32
(619, 13, 2560, t1) & (1952, 198, 4707, t2=t1+(0, 4)) & (1952, 96, 619, t3=t2+(0, 10)) -> (2560, 13, 1952, t4=t3+(1, 6))	3	33
(4128, 151, 1051, t1) & (1046, 83, 4618, t2=t1+(0, 6)) & (4618, 52, 4128, t3=t2+(0, 5)) -> (4128, 83, 1051, t4=t3+(1, 8))	3	34
(975, 147, 1536, t1) & (2741, 157, 545, t2=t1+(0, 6)) & (2741, 170, 1536, t3=t2+(0, 9)) -> (2741, 170, 2741, t4=t3+(1, 2))	3	35
(1593, 73, 2365, t1) & (1562, 146, 3039, t2=t1+(0, 4)) & (3039, 19, 1593, t3=t2+(0, 5)) -> (3039, 19, 2365, t4=t3+(1, 4))	3	36
(875, 140, 4252, t1) & (1402, 53, 155, t2=t1+(0, 4)) & (1402, 128, 875, t3=t2+(0, 2)) -> (875, 128, 1402, t4=t3+(1, 5))	3	37
(3048, 194, 1858, t1) & (4357, 68, 2139, t2=t1+(0, 4)) & (2139, 59, 3048, t3=t2+(0, 3)) -> (4357, 59, 2139, t4=t3+(1, 7))	3	38
(1930, 14, 3770, t1) & (4023, 98, 2365, t2=t1+(0, 4)) & (1930, 178, 2365, t3=t2+(0, 3)) -> (1930, 178, 4023, t4=t3+(1, 10))	3	39
(654, 137, 3244, t1) & (3385, 136, 2069, t2=t1+(0, 8)) & (2069, 74, 3244, t3=t2+(0, 3)) -> (3244, 136, 654, t4=t3+(1, 5))	3	40
(875, 195, 3012, t1) & (956, 52, 1975, t2=t1+(0, 6)) & (875, 21, 1975, t3=t2+(0, 3)) -> (875, 195, 1975, t4=t3+(1, 9))	3	41
(4931, 39, 881, t1) & (3798, 179, 1468, t2=t1+(0, 6)) & (3798, 175, 881, t3=t2+(0, 5)) -> (4931, 175, 881, t4=t3+(1, 3))	3	42
(2243, 106, 2878, t1) & (3801, 78, 2781, t2=t1+(0, 6)) & (3801, 145, 2878, t3=t2+(0, 3)) -> (2243, 106, 2781, t4=t3+(1, 6))	3	43
(4316, 0, 3966, t1) & (852, 54, 4796, t2=t1+(0, 2)) & (852, 182, 4316, t3=t2+(0, 5)) -> (852, 54, 3966, t4=t3+(1, 10))	3	44
(968, 173, 2892, t1) & (833, 188, 437, t2=t1+(0, 3)) & (833, 83, 968, t3=t2+(0, 4)) -> (437, 83, 437, t4=t3+(1, 2))	3	45
(2030, 48, 1719, t1) & (3071, 50, 1247, t2=t1+(0, 4)) & (3071, 102, 1719, t3=t2+(0, 1)) -> (1247, 50, 2030, t4=t3+(1, 7))	3	46
(3220, 86, 2793, t1) & (2072, 112, 1149, t2=t1+(0, 4)) & (3220, 110, 2072, t3=t2+(0, 9)) -> (3220, 86, 3220, t4=t3+(1, 7))	3	47
(4276, 120, 2894, t1) & (1985, 50, 937, t2=t1+(0, 4)) & (937, 107, 4276, t3=t2+(0, 6)) -> (2894, 120, 2894, t4=t3+(1, 3))	3	48
(4341, 177, 1118, t1) & (2738, 63, 4047, t2=t1+(0, 9)) & (2738, 178, 1118, t3=t2+(0, 8)) -> (1118, 63, 1118, t4=t3+(1, 6))	3	49
(2142, 28, 3994, t1) & (3721, 182, 2798, t2=t1+(0, 5)) & (2142, 115, 3721, t3=t2+(0, 4)) -> (2142, 28, 2142, t4=t3+(1, 7))	3	50
(4336, 40, 1287, t1) & (821, 86, 2634, t2=t1+(0, 3)) & (821, 76, 1287, t3=t2+(0, 5)) -> (4336, 76, 821, t4=t3+(1, 8))	3	51
(3025, 138, 2607, t1) & (556, 90, 2909, t2=t1+(0, 8)) & (3025, 70, 556, t3=t2+(0, 4)) -> (2909, 70, 2909, t4=t3+(1, 1))	3	52
(1408, 16, 4000, t1) & (3993, 40, 1576, t2=t1+(0, 2)) & (1408, 175, 3993, t3=t2+(0, 2)) -> (3993, 16, 4000, t4=t3+(1, 3))	3	53
(2023, 199, 1085, t1) & (3106, 199, 3548, t2=t1+(0, 9)) & (3548, 52, 2023, t3=t2+(0, 3)) -> (3548, 52, 2023, t4=t3+(1, 6))	3	54
(2633, 99, 3447, t1) & (1020, 65, 3677, t2=t1+(0, 4)) & (3677, 170, 3447, t3=t2+(0, 4)) -> (2633, 65, 2633, t4=t3+(1, 6))	3	55
(3839, 55, 990, t1) & (1725, 33, 4132, t2=t1+(0, 6)) & (4132, 156, 3839, t3=t2+(0, 2)) -> (4132, 33, 1725, t4=t3+(1, 5))	3	56
(3710, 39, 3160, t1) & (48, 15, 854, t2=t1+(0, 8)) & (3160, 182, 854, t3=t2+(0, 5)) -> (3710, 182, 3160, t4=t3+(1, 1))	3	57
(2458, 165, 1379, t1) & (3653, 47, 2250, t2=t1+(0, 3)) & (3653, 167, 2458, t3=t2+(0, 9)) -> (2458, 165, 2458, t4=t3+(1, 7))	3	58
(2790, 187, 4478, t1) & (3050, 116, 1336, t2=t1+(0, 5)) & (3050, 128, 4478, t3=t2+(0, 5)) -> (1336, 116, 2790, t4=t3+(1, 6))	3	59
(3771, 12, 3372, t1) & (1242, 26, 864, t2=t1+(0, 1)) & (864, 181, 3372, t3=t2+(0, 7)) -> (1242, 181, 864, t4=t3+(1, 8))	3	60
(629, 119, 2866, t1) & (3619, 76, 669, t2=t1+(0, 3)) & (629, 59, 669, t3=t2+(0, 4)) -> (3619, 59, 629, t4=t3+(1, 4))	3	61
(4857, 91, 2332, t1) & (3502, 182, 3057, t2=t1+(0, 4)) & (3502, 9, 4857, t3=t2+(0, 5)) -> (3057, 182, 4857, t4=t3+(1, 5))	3	62
(3814, 122, 2603, t1) & (2066, 177, 1730, t2=t1+(0, 4)) & (3814, 56, 2066, t3=t2+(0, 4)) -> (3814, 122, 2066, t4=t3+(1, 6))	3	63
(4905, 134, 3500, t1) & (3130, 140, 4158, t2=t1+(0, 6)) & (3500, 52, 3130, t3=t2+(0, 2)) -> (3130, 52, 4905, t4=t3+(1, 6))	3	64
(2318, 39, 1327, t1) & (3528, 71, 3255, t2=t1+(0, 2)) & (2318, 90, 3255, t3=t2+(0, 2)) -> (3528, 90, 3255, t4=t3+(1, 6))	3	65
(1203, 28, 3196, t1) & (1968, 182, 1292, t2=t1+(0, 5)) & (1292, 68, 1203, t3=t2+(0, 3)) -> (1292, 68, 3196, t4=t3+(1, 2))	3	66
(15, 163, 4786, t1) & (161, 149, 4132, t2=t1+(0, 5)) & (161, 57, 15, t3=t2+(0, 2)) -> (4132, 163, 161, t4=t3+(1, 7))	3	67
(3040, 86, 4119, t1) & (4868, 155, 4941, t2=t1+(0, 6)) & (4868, 98, 3040, t3=t2+(0, 6)) -> (3040, 155, 4941, t4=t3+(1, 2))	3	68
(1552, 98, 1113, t1) & (235, 100, 3432, t2=t1+(0, 7)) & (1552, 66, 235, t3=t2+(0, 3)) -> (1113, 66, 235, t4=t3+(1, 5))	3	69
(4293, 51, 1544, t1) & (2058, 61, 106, t2=t1+(0, 5)) & (2058, 160, 1544, t3=t2+(0, 4)) -> (106, 160, 1544, t4=t3+(1, 6))	3	70
(1977, 20, 3648, t1) & (3334, 138, 2589, t2=t1+(0, 7)) & (1977, 3, 3334, t3=t2+(0, 4)) -> (1977, 3, 3648, t4=t3+(1, 4))	3	71
(1785, 70, 3790, t1) & (3387, 52, 1467, t2=t1+(0, 8)) & (3387, 23, 3790, t3=t2+(0, 3)) -> (3387, 70, 3387, t4=t3+(1, 10))	3	72
(4539, 148, 105, t1) & (1372, 11, 3513, t2=t1+(0, 5)) & (3513, 140, 4539, t3=t2+(0, 7)) -> (4539, 11, 3513, t4=t3+(1, 5))	3	73
(1609, 43, 2102, t1) & (1003, 156, 4924, t2=t1+(0, 3)) & (2102, 28, 4924, t3=t2+(0, 7)) -> (1609, 156, 1609, t4=t3+(1, 3))	3	74
(981, 184, 1647, t1) & (3230, 111, 2887, t2=t1+(0, 8)) & (981, 155, 3230, t3=t2+(0, 6)) -> (3230, 155, 3230, t4=t3+(1, 6))	3	75
(179, 175, 4945, t1) & (4956, 110, 2650, t2=t1+(0, 4)) & (4956, 195, 179, t3=t2+(0, 4)) -> (4945, 195, 4956, t4=t3+(1, 4))	3	76
(848, 178, 2251, t1) & (34, 173, 2267, t2=t1+(0, 6)) & (2267, 1, 848, t3=t2+(0, 2)) -> (2251, 178, 2267, t4=t3+(1, 5))	3	77
(2453, 123, 3746, t1) & (1545, 117, 3943, t2=t1+(0, 3)) & (1545, 112, 3746, t3=t2+(0, 7)) -> (3746, 117, 3943, t4=t3+(1, 3))	3	78
(1695, 94, 1040, t1) & (2149, 8, 3071, t2=t1+(0, 4)) & (3071, 49, 1695, t3=t2+(0, 10)) -> (2149, 49, 3071, t4=t3+(1, 7))	3	79
(1294, 26, 4859, t1) & (909, 197, 1978, t2=t1+(0, 4)) & (1294, 100, 909, t3=t2+(0, 4)) -> (1294, 26, 1978, t4=t3+(1, 2))	3	80
(4825, 1, 885, t1) & (2413, 18, 888, t2=t1+(0, 7)) & (2413, 6, 885, t3=t2+(0, 4)) -> (4825, 1, 2413, t4=t3+(1, 5))	3	81
(2091, 24, 4295, t1) & (2877, 100, 2123, t2=t1+(0, 7)) & (4295, 98, 2123, t3=t2+(0, 4)) -> (4295, 24, 2877, t4=t3+(1, 4))	3	82
(1066, 125, 3811, t1) & (3054, 114, 2441, t2=t1+(0, 5)) & (1066, 71, 3054, t3=t2+(0, 8)) -> (2441, 114, 1066, t4=t3+(1, 3))	3	83
(588, 51, 721, t1) & (1917, 93, 151, t2=t1+(0, 10)) & (588, 114, 151, t3=t2+(0, 6)) -> (151, 114, 151, t4=t3+(1, 8))	3	84
(4528, 129, 162, t1) & (2210, 84, 4835, t2=t1+(0, 4)) & (2210, 105, 162, t3=t2+(0, 7)) -> (4528, 129, 4835, t4=t3+(1, 4))	3	85
(131, 10, 3927, t1) & (74, 116, 3792, t2=t1+(0, 8)) & (3927, 114, 74, t3=t2+(0, 6)) -> (74, 116, 3792, t4=t3+(1, 7))	3	86
(765, 159, 4268, t1) & (3331, 158, 2460, t2=t1+(0, 8)) & (2460, 40, 765, t3=t2+(0, 5)) -> (765, 159, 2460, t4=t3+(1, 5))	3	87
(382, 114, 1622, t1) & (884, 83, 3022, t2=t1+(0, 6)) & (884, 14, 382, t3=t2+(0, 6)) -> (884, 114, 3022, t4=t3+(1, 3))	3	88
(380, 189, 872, t1) & (1414, 164, 4041, t2=t1+(0, 5)) & (1414, 47, 380, t3=t2+(0, 5)) -> (1414, 47, 1414, t4=t3+(1, 4))	3	89
(2000, 26, 3426, t1) & (638, 155, 2808, t2=t1+(0, 5)) & (3426, 191, 2808, t3=t2+(0, 4)) -> (2000, 155, 2000, t4=t3+(1, 7))	3	90
(4497, 191, 3475, t1) & (1152, 172, 4580, t2=t1+(0, 1)) & (4497, 12, 1152, t3=t2+(0, 2)) -> (3475, 191, 4497, t4=t3+(1, 7))	3	91
(3235, 105, 3346, t1) & (3901, 62, 827, t2=t1+(0, 9)) & (3235, 1, 827, t3=t2+(0, 6)) -> (827, 1, 3346, t4=t3+(1, 5))	3	92
(4520, 89, 338, t1) & (4309, 47, 831, t2=t1+(0, 3)) & (831, 21, 338, t3=t2+(0, 3)) -> (338, 89, 831, t4=t3+(1, 3))	3	93
(3104, 118, 2070, t1) & (3207, 57, 2859, t2=t1+(0, 8)) & (3207, 6, 3104, t3=t2+(0, 6)) -> (3207, 57, 2859, t4=t3+(1, 5))	3	94
(1871, 63, 3805, t1) & (4459, 50, 4652, t2=t1+(0, 4)) & (4459, 2, 1871, t3=t2+(0, 1)) -> (4652, 50, 4652, t4=t3+(1, 8))	3	95
(705, 185, 3239, t1) & (1971, 165, 2668, t2=t1+(0, 4)) & (3239, 110, 1971, t3=t2+(0, 6)) -> (2668, 110, 1971, t4=t3+(1, 5))	3	96
(4396, 80, 982, t1) & (4141, 176, 422, t2=t1+(0, 10)) & (422, 185, 982, t3=t2+(0, 3)) -> (422, 80, 982, t4=t3+(1, 2))	3	97
(4206, 170, 3301, t1) & (3258, 187, 4798, t2=t1+(0, 7)) & (4798, 76, 3301, t3=t2+(0, 3)) -> (4798, 170, 3301, t4=t3+(1, 2))	3	98
(1963, 63, 1703, t1) & (419, 184, 4491, t2=t1+(0, 2)) & (4491, 31, 1963, t3=t2+(0, 6)) -> (1703, 184, 1963, t4=t3+(1, 6))	3	99
(4869, 116, 1823, t1) & (2478, 48, 553, t2=t1+(0, 12)) & (553, 69, 1823, t3=t2+(0, 6)) -> (4869, 69, 553, t4=t3+(1, 6))	3	100
(2592, 19, 1867, t1) & (3122, 165, 4974, t2=t1+(0, 4)) & (3122, 113, 1867, t3=t2+(0, 1)) -> (2592, 165, 2592, t4=t3+(1, 2))	3	101
(3576, 137, 1513, t1) & (2711, 78, 850, t2=t1+(0, 1)) & (1513, 176, 850, t3=t2+(0, 7)) -> (2711, 176, 1513, t4=t3+(1, 1))	3	102
(162, 31, 357, t1) & (2199, 14, 3994, t2=t1+(0, 12)) & (162, 143, 3994, t3=t2+(0, 7)) -> (3994, 14, 162, t4=t3+(1, 2))	3	103
(1936, 90, 2976, t1) & (1028, 109, 4344, t2=t1+(0, 8)) & (4344, 129, 2976, t3=t2+(0, 2)) -> (2976, 90, 2976, t4=t3+(1, 9))	3	104
(1160, 97, 3958, t1) & (2512, 180, 3188, t2=t1+(0, 2)) & (2512, 160, 1160, t3=t2+(0, 5)) -> (2512, 180, 2512, t4=t3+(1, 2))	3	105
(3621, 184, 4249, t1) & (4715, 197, 4094, t2=t1+(0, 7)) & (4249, 82, 4094, t3=t2+(0, 0)) -> (4094, 82, 4094, t4=t3+(1, 6))	3	106
(1123, 121, 3696, t1) & (3555, 199, 1431, t2=t1+(0, 6)) & (3696, 49, 1431, t3=t2+(0, 3)) -> (1123, 199, 1431, t4=t3+(1, 5))	3	107
(679, 73, 3407, t1) & (3753, 103, 3488, t2=t1+(0, 7)) & (3753, 132, 679, t3=t2+(0, 4)) -> (679, 132, 3753, t4=t3+(1, 6))	3	108
(1544, 130, 225, t1) & (4464, 47, 880, t2=t1+(0, 5)) & (880, 166, 1544, t3=t2+(0, 3)) -> (880, 47, 1544, t4=t3+(1, 3))	3	109
(3888, 85, 105, t1) & (2215, 37, 2794, t2=t1+(0, 5)) & (105, 41, 2794, t3=t2+(0, 6)) -> (3888, 85, 2794, t4=t3+(1, 6))	3	110
(1733, 95, 541, t1) & (4980, 113, 2616, t2=t1+(0, 1)) & (541, 173, 2616, t3=t2+(0, 4)) -> (1733, 173, 541, t4=t3+(1, 4))	3	111
(639, 112, 2657, t1) & (2765, 163, 2196, t2=t1+(0, 5)) & (2765, 135, 2657, t3=t2+(0, 4)) -> (2765, 135, 2765, t4=t3+(1, 6))	3	112
(4224, 130, 1471, t1) & (4002, 101, 320, t2=t1+(0, 4)) & (4224, 166, 4002, t3=t2+(0, 4)) -> (4224, 130, 1471, t4=t3+(1, 3))	3	113
(1652, 131, 3073, t1) & (276, 129, 1303, t2=t1+(0, 10)) & (1652, 68, 276, t3=t2+(0, 3)) -> (276, 131, 1652, t4=t3+(1, 5))	3	114
(87, 150, 590, t1) & (2037, 157, 3352, t2=t1+(0, 0)) & (3352, 149, 590, t3=t2+(0, 5)) -> (590, 149, 87, t4=t3+(1, 5))	3	115
(1945, 91, 1968, t1) & (1359, 45, 2680, t2=t1+(0, 4)) & (1945, 196, 1359, t3=t2+(0, 5)) -> (1968, 196, 1359, t4=t3+(1, 2))	3	116
(2434, 12, 1396, t1) & (1094, 9, 4521, t2=t1+(0, 7)) & (1094, 140, 1396, t3=t2+(0, 1)) -> (1396, 12, 1396, t4=t3+(1, 6))	3	117
(2422, 50, 1918, t1) & (4308, 186, 3170, t2=t1+(0, 7)) & (2422, 14, 3170, t3=t2+(0, 5)) -> (2422, 50, 2422, t4=t3+(1, 6))	3	118
(2034, 170, 4712, t1) & (666, 138, 3299, t2=t1+(0, 4)) & (666, 168, 4712, t3=t2+(0, 6)) -> (666, 168, 4712, t4=t3+(1, 5))	3	119
(4885, 17, 4256, t1) & (2620, 143, 1189, t2=t1+(0, 8)) & (2620, 110, 4256, t3=t2+(0, 1)) -> (4256, 110, 2620, t4=t3+(1, 5))	3	120
(507, 79, 3701, t1) & (2197, 112, 3891, t2=t1+(0, 4)) & (507, 137, 3891, t3=t2+(0, 3)) -> (3891, 137, 507, t4=t3+(1, 6))	3	121
(190, 13, 1257, t1) & (1735, 99, 3128, t2=t1+(0, 7)) & (1735, 76, 1257, t3=t2+(0, 3)) -> (1735, 76, 1257, t4=t3+(1, 6))	3	122
(4514, 74, 4419, t1) & (4632, 85, 161, t2=t1+(0, 7)) & (4632, 85, 4514, t3=t2+(0, 7)) -> (4419, 85, 4632, t4=t3+(1, 2))	3	123
(4262, 181, 1069, t1) & (1257, 68, 2084, t2=t1+(0, 6)) & (4262, 71, 2084, t3=t2+(0, 7)) -> (2084, 181, 1069, t4=t3+(1, 2))	3	124
(3271, 106, 3758, t1) & (3405, 13, 2196, t2=t1+(0, 7)) & (3405, 7, 3758, t3=t2+(0, 4)) -> (3405, 13, 3405, t4=t3+(1, 10))	3	125
(24, 48, 643, t1) & (192, 146, 2244, t2=t1+(0, 2)) & (24, 137, 2244, t3=t2+(0, 3)) -> (24, 146, 192, t4=t3+(1, 4))	3	126
(2311, 111, 4628, t1) & (4702, 9, 1045, t2=t1+(0, 8)) & (2311, 84, 1045, t3=t2+(0, 6)) -> (2311, 9, 4628, t4=t3+(1, 4))	3	127
(325, 138, 3020, t1) & (2081, 61, 4087, t2=t1+(0, 5)) & (325, 86, 4087, t3=t2+(0, 3)) -> (4087, 61, 325, t4=t3+(1, 3))	3	128
(2329, 56, 1685, t1) & (1194, 148, 201, t2=t1+(0, 4)) & (201, 84, 1685, t3=t2+(0, 5)) -> (201, 84, 1685, t4=t3+(1, 3))	3	129
(2491, 4, 1855, t1) & (2602, 36, 256, t2=t1+(0, 11)) & (256, 53, 2491, t3=t2+(0, 6)) -> (2491, 4, 2602, t4=t3+(1, 8))	3	130
(1003, 116, 2856, t1) & (1974, 134, 2242, t2=t1+(0, 3)) & (1003, 151, 2242, t3=t2+(0, 3)) -> (2242, 116, 2242, t4=t3+(1, 4))	3	131
(1951, 157, 2511, t1) & (2561, 111, 4214, t2=t1+(0, 3)) & (2561, 24, 1951, t3=t2+(0, 6)) -> (2561, 24, 1951, t4=t3+(1, 8))	3	132
(1839, 88, 4071, t1) & (2735, 75, 3232, t2=t1+(0, 1)) & (4071, 109, 2735, t3=t2+(0, 9)) -> (2735, 75, 2735, t4=t3+(1, 8))	3	133
(3941, 130, 642, t1) & (773, 61, 2639, t2=t1+(0, 4)) & (773, 60, 642, t3=t2+(0, 5)) -> (642, 60, 3941, t4=t3+(1, 3))	3	134
(978, 68, 3779, t1) & (4232, 5, 3309, t2=t1+(0, 4)) & (3779, 102, 4232, t3=t2+(0, 2)) -> (4232, 102, 3779, t4=t3+(1, 6))	3	135
(4485, 93, 1316, t1) & (1462, 98, 89, t2=t1+(0, 3)) & (1316, 45, 1462, t3=t2+(0, 11)) -> (1316, 93, 1462, t4=t3+(1, 6))	3	136
(3265, 197, 3548, t1) & (1119, 107, 2712, t2=t1+(0, 4)) & (2712, 30, 3265, t3=t2+(0, 4)) -> (3265, 30, 1119, t4=t3+(1, 6))	3	137
(250, 124, 239, t1) & (1444, 128, 2562, t2=t1+(0, 5)) & (2562, 41, 250, t3=t2+(0, 3)) -> (2562, 41, 2562, t4=t3+(1, 2))	3	138
(2827, 192, 1245, t1) & (2144, 150, 100, t2=t1+(0, 7)) & (2144, 118, 1245, t3=t2+(0, 4)) -> (1245, 192, 100, t4=t3+(1, 6))	3	139
(3035, 184, 3124, t1) & (2575, 34, 2104, t2=t1+(0, 1)) & (3035, 41, 2104, t3=t2+(0, 4)) -> (2575, 184, 2104, t4=t3+(1, 4))	3	140
(4386, 119, 3836, t1) & (158, 153, 1564, t2=t1+(0, 4)) & (158, 82, 3836, t3=t2+(0, 4)) -> (158, 82, 3836, t4=t3+(1, 5))	3	141
(3684, 114, 2778, t1) & (1380, 183, 2474, t2=t1+(0, 8)) & (2474, 36, 2778, t3=t2+(0, 5)) -> (3684, 36, 2778, t4=t3+(1, 5))	3	142
(2666, 100, 3417, t1) & (3311, 68, 1677, t2=t1+(0, 10)) & (3311, 152, 3417, t3=t2+(0, 2)) -> (1677, 152, 3311, t4=t3+(1, 5))	3	143
(3093, 15, 2899, t1) & (3935, 22, 1690, t2=t1+(0, 2)) & (3935, 170, 3093, t3=t2+(0, 3)) -> (3093, 22, 2899, t4=t3+(1, 10))	3	144
(2875, 163, 1775, t1) & (4779, 154, 3641, t2=t1+(0, 5)) & (4779, 96, 1775, t3=t2+(0, 7)) -> (4779, 154, 4779, t4=t3+(1, 4))	3	145
(242, 148, 4791, t1) & (4254, 151, 4647, t2=t1+(0, 7)) & (242, 27, 4254, t3=t2+(0, 7)) -> (4254, 27, 4647, t4=t3+(1, 1))	3	146
(3591, 187, 2680, t1) & (188, 151, 517, t2=t1+(0, 6)) & (2680, 53, 188, t3=t2+(0, 6)) -> (2680, 187, 517, t4=t3+(1, 5))	3	147
(4960, 75, 577, t1) & (2515, 169, 178, t2=t1+(0, 4)) & (4960, 43, 2515, t3=t2+(0, 7)) -> (4960, 169, 577, t4=t3+(1, 4))	3	148
(4463, 20, 1048, t1) & (2223, 196, 3487, t2=t1+(0, 3)) & (1048, 120, 2223, t3=t2+(0, 5)) -> (1048, 20, 1048, t4=t3+(1, 7))	3	149
(4400, 69, 1178, t1) & (2599, 135, 1204, t2=t1+(0, 2)) & (2599, 31, 4400, t3=t2+(0, 8)) -> (4400, 135, 4400, t4=t3+(1, 2))	3	150
(760, 11, 3942, t1) & (353, 94, 3771, t2=t1+(0, 5)) & (3771, 132, 3942, t3=t2+(0, 5)) -> (3942, 94, 3942, t4=t3+(1, 1))	3	151
(4939, 103, 1416, t1) & (4407, 9, 1525, t2=t1+(0, 3)) & (1416, 141, 1525, t3=t2+(0, 7)) -> (4939, 9, 1416, t4=t3+(1, 6))	3	152
(1861, 46, 568, t1) & (4795, 138, 2799, t2=t1+(0, 6)) & (1861, 92, 2799, t3=t2+(0, 5)) -> (2799, 92, 2799, t4=t3+(1, 9))	3	153
(248, 98, 3285, t1) & (691, 100, 3426, t2=t1+(0, 8)) & (3426, 110, 3285, t3=t2+(0, 1)) -> (691, 110, 3426, t4=t3+(1, 2))	3	154
(3842, 134, 4098, t1) & (1641, 79, 3783, t2=t1+(0, 4)) & (1641, 172, 3842, t3=t2+(0, 10)) -> (4098, 134, 1641, t4=t3+(1, 9))	3	155
(3072, 147, 702, t1) & (378, 183, 3405, t2=t1+(0, 4)) & (3405, 74, 702, t3=t2+(0, 3)) -> (702, 183, 3405, t4=t3+(1, 3))	3	156
(1845, 132, 3115, t1) & (3783, 166, 939, t2=t1+(0, 5)) & (3115, 165, 939, t3=t2+(0, 6)) -> (3115, 132, 3115, t4=t3+(1, 7))	3	157
(182, 199, 1259, t1) & (2329, 161, 791, t2=t1+(0, 9)) & (1259, 17, 2329, t3=t2+(0, 7)) -> (1259, 161, 1259, t4=t3+(1, 2))	3	158
(3005, 185, 3787, t1) & (2873, 146, 1807, t2=t1+(0, 7)) & (1807, 165, 3787, t3=t2+(0, 8)) -> (2873, 185, 1807, t4=t3+(1, 4))	3	159
(3905, 131, 3520, t1) & (4331, 148, 710, t2=t1+(0, 2)) & (4331, 141, 3520, t3=t2+(0, 6)) -> (3905, 141, 4331, t4=t3+(1, 5))	3	160
(3115, 101, 50, t1) & (4121, 152, 2481, t2=t1+(0, 3)) & (3115, 15, 4121, t3=t2+(0, 6)) -> (3115, 101, 2481, t4=t3+(1, 3))	3	161
(112, 144, 2320, t1) & (2563, 79, 895, t2=t1+(0, 9)) & (2563, 112, 2320, t3=t2+(0, 7)) -> (2320, 112, 2320, t4=t3+(1, 5))	3	162
(3063, 170, 2545, t1) & (3002, 122, 1531, t2=t1+(0, 8)) & (1531, 157, 3063, t3=t2+(0, 2)) -> (3002, 170, 1531, t4=t3+(1, 4))	3	163
(3552, 47, 1281, t1) & (3749, 156, 4272, t2=t1+(0, 8)) & (3552, 126, 3749, t3=t2+(0, 6)) -> (4272, 47, 4272, t4=t3+(1, 6))	3	164
(3456, 198, 4025, t1) & (309, 112, 2089, t2=t1+(0, 6)) & (3456, 129, 309, t3=t2+(0, 4)) -> (309, 198, 3456, t4=t3+(1, 6))	3	165
(2520, 186, 4445, t1) & (2211, 79, 1642, t2=t1+(0, 3)) & (2520, 184, 2211, t3=t2+(0, 6)) -> (4445, 184, 1642, t4=t3+(1, 5))	3	166
(713, 124, 1140, t1) & (2097, 199, 994, t2=t1+(0, 6)) & (2097, 42, 1140, t3=t2+(0, 7)) -> (713, 199, 713, t4=t3+(1, 7))	3	167
(1310, 0, 3311, t1) & (4762, 193, 1164, t2=t1+(0, 1)) & (1164, 150, 3311, t3=t2+(0, 2)) -> (1164, 150, 3311, t4=t3+(1, 6))	3	168
(2317, 180, 2244, t1) & (1545, 112, 4977, t2=t1+(0, 7)) & (4977, 96, 2244, t3=t2+(0, 6)) -> (4977, 112, 1545, t4=t3+(1, 9))	3	169
(313, 141, 537, t1) & (2479, 28, 3677, t2=t1+(0, 1)) & (313, 146, 3677, t3=t2+(0, 3)) -> (3677, 28, 3677, t4=t3+(1, 1))	3	170
(1906, 109, 2458, t1) & (352, 133, 2101, t2=t1+(0, 7)) & (2458, 156, 352, t3=t2+(0, 4)) -> (352, 109, 2101, t4=t3+(1, 5))	3	171
(593, 52, 2599, t1) & (3198, 29, 1064, t2=t1+(0, 10)) & (1064, 60, 593, t3=t2+(0, 7)) -> (3198, 29, 1064, t4=t3+(1, 6))	3	172
(1634, 178, 770, t1) & (4077, 36, 4026, t2=t1+(0, 3)) & (770, 140, 4026, t3=t2+(0, 5)) -> (770, 36, 4077, t4=t3+(1, 8))	3	173
(970, 172, 278, t1) & (2791, 33, 1907, t2=t1+(0, 5)) & (970, 31, 1907, t3=t2+(0, 6)) -> (2791, 31, 970, t4=t3+(1, 7))	3	174
(2636, 23, 3478, t1) & (1637, 177, 3527, t2=t1+(0, 3)) & (3478, 99, 1637, t3=t2+(0, 3)) -> (2636, 23, 1637, t4=t3+(1, 1))	3	175
(2955, 101, 348, t1) & (2347, 124, 601, t2=t1+(0, 5)) & (601, 128, 2955, t3=t2+(0, 9)) -> (601, 124, 2955, t4=t3+(1, 2))	3	176
(1448, 13, 223, t1) & (2334, 154, 4151, t2=t1+(0, 2)) & (223, 148, 4151, t3=t2+(0, 5)) -> (1448, 13, 223, t4=t3+(1, 6))	3	177
(2588, 33, 2490, t1) & (1246, 12, 845, t2=t1+(0, 2)) & (2588, 199, 845, t3=t2+(0, 6)) -> (1246, 33, 1246, t4=t3+(1, 9))	3	178
(3257, 88, 721, t1) & (2553, 93, 1467, t2=t1+(0, 4)) & (3257, 40, 1467, t3=t2+(0, 8)) -> (3257, 40, 1467, t4=t3+(1, 5))	3	179
(4112, 58, 3795, t1) & (3559, 187, 3856, t2=t1+(0, 3)) & (4112, 38, 3856, t3=t2+(0, 3)) -> (4112, 58, 4112, t4=t3+(1, 1))	3	180
(1415, 149, 2605, t1) & (4090, 180, 2719, t2=t1+(0, 5)) & (4090, 53, 1415, t3=t2+(0, 5)) -> (4090, 180, 4090, t4=t3+(1, 2))	3	181
(1430, 159, 3345, t1) & (1192, 47, 1813, t2=t1+(0, 4)) & (1430, 123, 1813, t3=t2+(0, 4)) -> (3345, 47, 1813, t4=t3+(1, 4))	3	182
(608, 134, 3290, t1) & (3703, 105, 2017, t2=t1+(0, 3)) & (3703, 191, 3290, t3=t2+(0, 3)) -> (2017, 105, 3703, t4=t3+(1, 9))	3	183
(1154, 76, 4006, t1) & (554, 8, 2600, t2=t1+(0, 4)) & (4006, 199, 554, t3=t2+(0, 7)) -> (4006, 76, 4006, t4=t3+(1, 4))	3	184
(4728, 170, 224, t1) & (3169, 155, 3001, t2=t1+(0, 5)) & (3001, 1, 4728, t3=t2+(0, 3)) -> (3001, 155, 4728, t4=t3+(1, 4))	3	185
(2546, 65, 2283, t1) & (4108, 90, 644, t2=t1+(0, 6)) & (644, 62, 2283, t3=t2+(0, 3)) -> (2546, 90, 2283, t4=t3+(1, 6))	3	186
(2016, 176, 3834, t1) & (3655, 136, 4144, t2=t1+(0, 3)) & (3834, 176, 4144, t3=t2+(0, 5)) -> (3834, 136, 3834, t4=t3+(1, 3))	3	187
(3641, 1, 4258, t1) & (2262, 41, 4296, t2=t1+(0, 6)) & (3641, 84, 2262, t3=t2+(0, 4)) -> (2262, 1, 3641, t4=t3+(1, 2))	3	188
(467, 22, 3491, t1) & (1048, 137, 446, t2=t1+(0, 11)) & (467, 160, 1048, t3=t2+(0, 6)) -> (3491, 22, 1048, t4=t3+(1, 2))	3	189
(2205, 44, 4998, t1) & (1406, 188, 4522, t2=t1+(0, 12)) & (4522, 59, 2205, t3=t2+(0, 8)) -> (4998, 59, 4522, t4=t3+(1, 5))	3	190
(4035, 38, 3233, t1) & (2789, 96, 4528, t2=t1+(0, 5)) & (3233, 153, 4528, t3=t2+(0, 4)) -> (4528, 38, 4528, t4=t3+(1, 5))	3	191
(4179, 85, 2372, t1) & (3830, 144, 2829, t2=t1+(0, 5)) & (2372, 49, 3830, t3=t2+(0, 2)) -> (2372, 49, 4179, t4=t3+(1, 9))	3	192
(1381, 135, 1229, t1) & (4560, 50, 3982, t2=t1+(0, 5)) & (1229, 138, 3982, t3=t2+(0, 5)) -> (1229, 138, 3982, t4=t3+(1, 3))	3	193
(514, 188, 765, t1) & (196, 153, 3227, t2=t1+(0, 7)) & (514, 168, 196, t3=t2+(0, 8)) -> (514, 188, 196, t4=t3+(1, 6))	3	194
(3682, 23, 1196, t1) & (2009, 175, 3716, t2=t1+(0, 8)) & (1196, 93, 3716, t3=t2+(0, 3)) -> (1196, 23, 2009, t4=t3+(1, 7))	3	195
(1067, 86, 1691, t1) & (2075, 184, 1602, t2=t1+(0, 6)) & (2075, 53, 1067, t3=t2+(0, 7)) -> (1602, 184, 1602, t4=t3+(1, 4))	3	196
(1608, 172, 324, t1) & (3952, 101, 3240, t2=t1+(0, 2)) & (3952, 60, 1608, t3=t2+(0, 2)) -> (1608, 60, 1608, t4=t3+(1, 7))	3	197
(104, 146, 2445, t1) & (4684, 189, 1690, t2=t1+(0, 6)) & (4684, 17, 2445, t3=t2+(0, 5)) -> (2445, 146, 1690, t4=t3+(1, 7))	3	198
(1981, 138, 462, t1) & (4091, 151, 665, t2=t1+(0, 4)) & (4091, 33, 462, t3=t2+(0, 7)) -> (1981, 138, 462, t4=t3+(1, 5))	3	199
(3973, 30, 3818, t1) & (4181, 190, 3818, t2=t1+(0, 6)) -> (4181, 190, 4181, t3=t2+(1, 2))	2	200
(2967, 131, 1741, t1) & (1741, 171, 1847, t2=t1+(0, 5)) -> (1741, 171, 1741, t3=t2+(1, 7))	2	201
(3797, 35, 987, t1) & (3797, 11, 987, t2=t1+(0, 3)) -> (3797, 35, 987, t3=t2+(1, 4))	2	202
(588, 24, 2801, t1) & (588, 175, 1305, t2=t1+(0, 5)) -> (1305, 175, 1305, t3=t2+(1, 8))	2	203
(4719, 126, 1027, t1) & (4010, 147, 1027, t2=t1+(0, 5)) -> (1027, 147, 1027, t3=t2+(1, 5))	2	204
(2506, 39, 2648, t1) & (2648, 4, 3744, t2=t1+(0, 5)) -> (2648, 39, 2648, t3=t2+(1, 3))	2	205
(4303, 88, 2737, t1) & (2057, 125, 2737, t2=t1+(0, 4)) -> (2737, 88, 4303, t3=t2+(1, 3))	2	206
(3348, 194, 2165, t1) & (3348, 27, 2165, t2=t1+(0, 7)) -> (3348, 194, 2165, t3=t2+(1, 4))	2	207
(1739, 182, 734, t1) & (787, 108, 734, t2=t1+(0, 3)) -> (734, 182, 787, t3=t2+(1, 4))	2	208
(124, 93, 3162, t1) & (3162, 196, 124, t2=t1+(0, 4)) -> (124, 196, 124, t3=t2+(1, 5))	2	209
(3921, 140, 3643, t1) & (1396, 188, 3921, t2=t1+(0, 4)) -> (3643, 140, 3921, t3=t2+(1, 8))	2	210
(4083, 51, 3417, t1) & (3650, 31, 4083, t2=t1+(0, 5)) -> (4083, 31, 4083, t3=t2+(1, 5))	2	211
(4468, 199, 869, t1) & (4468, 40, 869, t2=t1+(0, 5)) -> (4468, 199, 869, t3=t2+(1, 6))	2	212
(1212, 72, 9, t1) & (3441, 196, 1212, t2=t1+(0, 8)) -> (9, 196, 1212, t3=t2+(1, 7))	2	213
(658, 83, 1668, t1) & (1668, 133, 479, t2=t1+(0, 4)) -> (658, 83, 1668, t3=t2+(1, 4))	2	214
(4576, 59, 1049, t1) & (4467, 109, 4576, t2=t1+(0, 5)) -> (4467, 109, 4576, t3=t2+(1, 7))	2	215
(2772, 14, 2651, t1) & (2772, 54, 2772, t2=t1+(0, 8)) -> (2772, 14, 2772, t3=t2+(1, 6))	2	216
(1088, 1, 2922, t1) & (994, 120, 2922, t2=t1+(0, 7)) -> (1088, 120, 994, t3=t2+(1, 3))	2	217
(2980, 22, 1024, t1) & (4358, 176, 1024, t2=t1+(0, 2)) -> (2980, 176, 4358, t3=t2+(1, 5))	2	218
(1016, 17, 3752, t1) & (3752, 65, 4153, t2=t1+(0, 4)) -> (3752, 17, 3752, t3=t2+(1, 6))	2	219
(269, 40, 557, t1) & (557, 47, 269, t2=t1+(0, 6)) -> (557, 47, 269, t3=t2+(1, 7))	2	220
(3477, 8, 191, t1) & (191, 29, 2867, t2=t1+(0, 2)) -> (191, 8, 191, t3=t2+(1, 5))	2	221
(1658, 89, 2369, t1) & (2369, 181, 1658, t2=t1+(0, 6)) -> (1658, 181, 1658, t3=t2+(1, 9))	2	222
(3968, 188, 444, t1) & (444, 101, 4599, t2=t1+(0, 5)) -> (4599, 188, 4599, t3=t2+(1, 1))	2	223
(1607, 40, 2223, t1) & (2223, 26, 1403, t2=t1+(0, 7)) -> (1607, 26, 2223, t3=t2+(1, 6))	2	224
(2156, 41, 2502, t1) & (2502, 130, 1751, t2=t1+(0, 4)) -> (2502, 41, 1751, t3=t2+(1, 5))	2	225
(118, 85, 2950, t1) & (4031, 63, 118, t2=t1+(0, 3)) -> (118, 85, 118, t3=t2+(1, 6))	2	226
(951, 75, 3555, t1) & (4689, 174, 951, t2=t1+(0, 6)) -> (951, 75, 951, t3=t2+(1, 7))	2	227
(844, 129, 1124, t1) & (844, 164, 2131, t2=t1+(0, 3)) -> (1124, 164, 1124, t3=t2+(1, 5))	2	228
(999, 102, 2121, t1) & (271, 18, 2121, t2=t1+(0, 3)) -> (2121, 102, 999, t3=t2+(1, 9))	2	229
(2993, 15, 2942, t1) & (2993, 160, 1293, t2=t1+(0, 5)) -> (1293, 160, 2942, t3=t2+(1, 6))	2	230
(4913, 71, 3888, t1) & (1164, 78, 4913, t2=t1+(0, 2)) -> (4913, 71, 4913, t3=t2+(1, 2))	2	231
(3228, 176, 4190, t1) & (4190, 102, 4190, t2=t1+(0, 4)) -> (4190, 176, 4190, t3=t2+(1, 5))	2	232
(4213, 126, 1395, t1) & (2856, 55, 4213, t2=t1+(0, 0)) -> (2856, 126, 4213, t3=t2+(1, 5))	2	233
(164, 138, 4228, t1) & (164, 100, 2061, t2=t1+(0, 3)) -> (2061, 138, 164, t3=t2+(1, 4))	2	234
(3394, 138, 3767, t1) & (2056, 22, 3767, t2=t1+(0, 4)) -> (3767, 22, 3767, t3=t2+(1, 6))	2	235
(2982, 136, 1963, t1) & (1963, 71, 2542, t2=t1+(0, 5)) -> (1963, 136, 2982, t3=t2+(1, 4))	2	236
(262, 168, 4240, t1) & (2688, 53, 262, t2=t1+(0, 5)) -> (262, 168, 262, t3=t2+(1, 5))	2	237
(2470, 14, 4058, t1) & (4058, 192, 4058, t2=t1+(0, 4)) -> (2470, 14, 2470, t3=t2+(1, 10))	2	238
(1297, 6, 4746, t1) & (2065, 27, 1297, t2=t1+(0, 3)) -> (2065, 6, 1297, t3=t2+(1, 3))	2	239
(1015, 95, 3060, t1) & (1797, 198, 1015, t2=t1+(0, 5)) -> (1797, 95, 3060, t3=t2+(1, 6))	2	240
(2976, 179, 4079, t1) & (2976, 143, 2976, t2=t1+(0, 5)) -> (2976, 179, 2976, t3=t2+(1, 4))	2	241
(4901, 133, 2373, t1) & (3865, 18, 4901, t2=t1+(0, 7)) -> (2373, 18, 4901, t3=t2+(1, 8))	2	242
(837, 112, 2511, t1) & (837, 179, 3002, t2=t1+(0, 6)) -> (837, 112, 3002, t3=t2+(1, 8))	2	243
(1268, 95, 924, t1) & (4699, 105, 924, t2=t1+(0, 7)) -> (924, 105, 924, t3=t2+(1, 4))	2	244
(4441, 181, 2803, t1) & (4441, 51, 2803, t2=t1+(0, 3)) -> (2803, 51, 4441, t3=t2+(1, 4))	2	245
(1358, 167, 4046, t1) & (4046, 95, 1358, t2=t1+(0, 5)) -> (4046, 167, 4046, t3=t2+(1, 7))	2	246
(3815, 172, 4008, t1) & (4008, 29, 797, t2=t1+(0, 5)) -> (4008, 29, 3815, t3=t2+(1, 3))	2	247
(4053, 33, 2394, t1) & (4053, 29, 4053, t2=t1+(0, 3)) -> (2394, 33, 2394, t3=t2+(1, 7))	2	248
(1182, 22, 3403, t1) & (3403, 111, 1182, t2=t1+(0, 1)) -> (3403, 22, 3403, t3=t2+(1, 7))	2	249
(1978, 129, 2956, t1) & (1978, 179, 1978, t2=t1+(0, 1)) -> (1978, 179, 1978, t3=t2+(1, 7))	2	250
(1853, 165, 2290, t1) & (1853, 152, 1853, t2=t1+(0, 3)) -> (2290, 152, 1853, t3=t2+(1, 11))	2	251
(4978, 147, 2518, t1) & (2518, 84, 2833, t2=t1+(0, 5)) -> (2518, 84, 4978, t3=t2+(1, 7))	2	252
(2003, 101, 2536, t1) & (2536, 29, 3689, t2=t1+(0, 8)) -> (3689, 101, 2536, t3=t2+(1, 6))	2	253
(2743, 91, 636, t1) & (1846, 52, 636, t2=t1+(0, 6)) -> (2743, 52, 636, t3=t2+(1, 5))	2	254
(4628, 193, 3008, t1) & (3008, 173, 2593, t2=t1+(0, 3)) -> (4628, 193, 2593, t3=t2+(1, 6))	2	255
(4065, 110, 4213, t1) & (525, 124, 4213, t2=t1+(0, 6)) -> (525, 110, 4213, t3=t2+(1, 6))	2	256
(1008, 198, 2778, t1) & (1008, 51, 1008, t2=t1+(0, 4)) -> (1008, 51, 1008, t3=t2+(1, 3))	2	257
(1817, 54, 4588, t1) & (1366, 86, 1817, t2=t1+(0, 7)) -> (4588, 86, 1817, t3=t2+(1, 9))	2	258
(1973, 178, 3256, t1) & (1973, 160, 3256, t2=t1+(0, 5)) -> (3256, 178, 3256, t3=t2+(1, 5))	2	259
(2336, 36, 4656, t1) & (1664, 73, 4656, t2=t1+(0, 6)) -> (4656, 73, 4656, t3=t2+(1, 5))	2	260
(2580, 95, 1566, t1) & (2579, 36, 2580, t2=t1+(0, 5)) -> (2580, 36, 1566, t3=t2+(1, 3))	2	261
(1667, 87, 3087, t1) & (2791, 147, 1667, t2=t1+(0, 1)) -> (1667, 147, 1667, t3=t2+(1, 4))	2	262
(2575, 184, 1141, t1) & (1141, 123, 1859, t2=t1+(0, 1)) -> (1859, 184, 1141, t3=t2+(1, 7))	2	263
(4125, 110, 4503, t1) & (4503, 178, 4125, t2=t1+(0, 9)) -> (4503, 110, 4125, t3=t2+(1, 3))	2	264
(158, 5, 2884, t1) & (2884, 191, 2913, t2=t1+(0, 3)) -> (2913, 191, 158, t3=t2+(1, 7))	2	265
(1491, 1, 3118, t1) & (1446, 123, 1491, t2=t1+(0, 4)) -> (3118, 1, 1446, t3=t2+(1, 7))	2	266
(3951, 136, 4708, t1) & (2977, 123, 4708, t2=t1+(0, 7)) -> (4708, 123, 4708, t3=t2+(1, 5))	2	267
(4463, 52, 192, t1) & (1744, 128, 4463, t2=t1+(0, 3)) -> (4463, 128, 192, t3=t2+(1, 5))	2	268
(3613, 31, 3481, t1) & (3481, 153, 3481, t2=t1+(0, 5)) -> (3481, 31, 3481, t3=t2+(1, 5))	2	269
(3265, 130, 1263, t1) & (1263, 59, 3513, t2=t1+(0, 8)) -> (1263, 130, 3265, t3=t2+(1, 1))	2	270
(4718, 188, 809, t1) & (653, 24, 4718, t2=t1+(0, 5)) -> (4718, 24, 4718, t3=t2+(1, 9))	2	271
(2604, 35, 1936, t1) & (2604, 123, 2604, t2=t1+(0, 8)) -> (2604, 123, 2604, t3=t2+(1, 5))	2	272
(2512, 17, 2499, t1) & (1259, 44, 2499, t2=t1+(0, 5)) -> (2499, 44, 1259, t3=t2+(1, 4))	2	273
(58, 153, 1023, t1) & (1023, 185, 1052, t2=t1+(0, 6)) -> (1023, 185, 1052, t3=t2+(1, 6))	2	274
(4875, 153, 1913, t1) & (2035, 103, 4875, t2=t1+(0, 8)) -> (4875, 103, 4875, t3=t2+(1, 7))	2	275
(1162, 74, 1252, t1) & (1162, 69, 3310, t2=t1+(0, 5)) -> (1162, 69, 3310, t3=t2+(1, 7))	2	276
(499, 176, 3778, t1) & (3778, 75, 2672, t2=t1+(0, 5)) -> (3778, 75, 3778, t3=t2+(1, 2))	2	277
(541, 5, 332, t1) & (541, 12, 3126, t2=t1+(0, 8)) -> (541, 5, 332, t3=t2+(1, 2))	2	278
(148, 75, 1783, t1) & (1783, 171, 4010, t2=t1+(0, 2)) -> (4010, 171, 1783, t3=t2+(1, 5))	2	279
(1071, 9, 80, t1) & (80, 179, 2222, t2=t1+(0, 1)) -> (2222, 9, 80, t3=t2+(1, 8))	2	280
(3802, 155, 1391, t1) & (3802, 15, 1391, t2=t1+(0, 6)) -> (3802, 155, 1391, t3=t2+(1, 2))	2	281
(2350, 14, 3744, t1) & (3744, 26, 4587, t2=t1+(0, 4)) -> (3744, 26, 2350, t3=t2+(1, 3))	2	282
(4587, 196, 168, t1) & (168, 154, 168, t2=t1+(0, 10)) -> (168, 196, 168, t3=t2+(1, 6))	2	283
(1057, 123, 677, t1) & (1156, 63, 677, t2=t1+(0, 5)) -> (1057, 123, 1156, t3=t2+(1, 6))	2	284
(2275, 61, 489, t1) & (489, 29, 2275, t2=t1+(0, 3)) -> (489, 61, 2275, t3=t2+(1, 8))	2	285
(2140, 5, 4273, t1) & (2140, 6, 2140, t2=t1+(0, 3)) -> (2140, 5, 2140, t3=t2+(1, 10))	2	286
(436, 55, 3162, t1) & (3162, 157, 3162, t2=t1+(0, 1)) -> (3162, 55, 3162, t3=t2+(1, 7))	2	287
(4493, 51, 2629, t1) & (4883, 119, 2629, t2=t1+(0, 1)) -> (4883, 119, 4493, t3=t2+(1, 5))	2	288
(571, 184, 588, t1) & (3007, 77, 571, t2=t1+(0, 4)) -> (3007, 184, 571, t3=t2+(1, 6))	2	289
(1775, 157, 1983, t1) & (4299, 199, 1983, t2=t1+(0, 0)) -> (4299, 199, 1775, t3=t2+(1, 5))	2	290
(4959, 54, 2046, t1) & (4288, 103, 2046, t2=t1+(0, 8)) -> (2046, 54, 4288, t3=t2+(1, 11))	2	291
(964, 9, 3911, t1) & (3911, 32, 964, t2=t1+(0, 5)) -> (3911, 9, 3911, t3=t2+(1, 4))	2	292
(446, 175, 3877, t1) & (446, 195, 446, t2=t1+(0, 9)) -> (446, 195, 446, t3=t2+(1, 3))	2	293
(1011, 156, 2489, t1) & (3996, 57, 1011, t2=t1+(0, 7)) -> (1011, 156, 3996, t3=t2+(1, 3))	2	294
(395, 183, 4707, t1) & (4707, 77, 2547, t2=t1+(0, 7)) -> (4707, 77, 4707, t3=t2+(1, 7))	2	295
(1045, 77, 1765, t1) & (1765, 19, 2215, t2=t1+(0, 7)) -> (2215, 77, 1045, t3=t2+(1, 8))	2	296
(4328, 4, 3383, t1) & (3383, 181, 3383, t2=t1+(0, 2)) -> (3383, 181, 3383, t3=t2+(1, 5))	2	297
(4970, 52, 732, t1) & (4970, 24, 2077, t2=t1+(0, 6)) -> (4970, 52, 732, t3=t2+(1, 6))	2	298
(4417, 104, 4004, t1) & (4997, 53, 4417, t2=t1+(0, 5)) -> (4417, 53, 4004, t3=t2+(1, 5))	2	299
(4655, 51, 2297, t1) -> (2297, 51, 4655, t2=t1+(1, 7))	1	300
(896, 100, 3000, t1) -> (3000, 100, 3000, t2=t1+(1, 2))	1	301
(2478, 172, 3543, t1) -> (3543, 172, 3543, t2=t1+(1, 2))	1	302
(2590, 102, 1080, t1) -> (2590, 102, 2590, t2=t1+(1, 4))	1	303
(2315, 45, 4929, t1) -> (2315, 45, 2315, t2=t1+(1, 4))	1	304
(1910, 179, 2463, t1) -> (1910, 179, 2463, t2=t1+(1, 4))	1	305
(324, 158, 2828, t1) -> (324, 158, 324, t2=t1+(1, 4))	1	306
(265, 12, 967, t1) -> (265, 12, 265, t2=t1+(1, 3))	1	307
(2210, 56, 3992, t1) -> (3992, 56, 3992, t2=t1+(1, 8))	1	308
(3070, 29, 3892, t1) -> (3070, 29, 3070, t2=t1+(1, 9))	1	309
(3410, 78, 86, t1) -> (3410, 78, 3410, t2=t1+(1, 4))	1	310
(2675, 178, 745, t1) -> (745, 178, 2675, t2=t1+(1, 5))	1	311
(4075, 63, 2849, t1) -> (4075, 63, 4075, t2=t1+(1, 2))	1	312
(3045, 32, 2671, t1) -> (2671, 32, 3045, t2=t1+(1, 8))	1	313
(1907, 43, 2875, t1) -> (1907, 43, 2875, t2=t1+(1, 5))	1	314
(306, 80, 1635, t1) -> (306, 80, 306, t2=t1+(1, 6))	1	315
(979, 97, 2582, t1) -> (2582, 97, 2582, t2=t1+(1, 8))	1	316
(2213, 148, 1260, t1) -> (1260, 148, 2213, t2=t1+(1, 3))	1	317
(1279, 42, 3536, t1) -> (1279, 42, 1279, t2=t1+(1, 6))	1	318
(2934, 161, 1336, t1) -> (1336, 161, 1336, t2=t1+(1, 6))	1	319
(4194, 115, 4510, t1) -> (4510, 115, 4194, t2=t1+(1, 3))	1	320
(2737, 178, 809, t1) -> (2737, 178, 809, t2=t1+(1, 2))	1	321
(3104, 160, 1980, t1) -> (3104, 160, 3104, t2=t1+(1, 5))	1	322
(1076, 0, 2346, t1) -> (1076, 0, 2346, t2=t1+(1, 6))	1	323
(4733, 106, 2459, t1) -> (4733, 106, 2459, t2=t1+(1, 4))	1	324
(783, 145, 1299, t1) -> (783, 145, 783, t2=t1+(1, 4))	1	325
(3417, 147, 4835, t1) -> (4835, 147, 4835, t2=t1+(1, 6))	1	326
(3136, 61, 1877, t1) -> (1877, 61, 3136, t2=t1+(1, 7))	1	327
(4049, 23, 2341, t1) -> (4049, 23, 4049, t2=t1+(1, 6))	1	328
(3527, 81, 3463, t1) -> (3463, 81, 3527, t2=t1+(1, 5))	1	329
(886, 20, 2024, t1) -> (886, 20, 2024, t2=t1+(1, 4))	1	330
(646, 101, 3550, t1) -> (646, 101, 646, t2=t1+(1, 4))	1	331
(4503, 119, 2947, t1) -> (2947, 119, 4503, t2=t1+(1, 4))	1	332
(4004, 102, 1712, t1) -> (1712, 102, 4004, t2=t1+(1, 9))	1	333
(1146, 42, 4199, t1) -> (1146, 42, 4199, t2=t1+(1, 4))	1	334
(1328, 184, 263, t1) -> (1328, 184, 263, t2=t1+(1, 4))	1	335
(3142, 10, 3486, t1) -> (3486, 10, 3486, t2=t1+(1, 5))	1	336
(4301, 190, 902, t1) -> (4301, 190, 902, t2=t1+(1, 11))	1	337
(2621, 178, 2086, t1) -> (2086, 178, 2621, t2=t1+(1, 4))	1	338
(2699, 96, 1569, t1) -> (2699, 96, 1569, t2=t1+(1, 5))	1	339
(2148, 151, 82, t1) -> (2148, 151, 82, t2=t1+(1, 7))	1	340
(2431, 184, 2892, t1) -> (2892, 184, 2892, t2=t1+(1, 5))	1	341
(2413, 187, 4670, t1) -> (2413, 187, 2413, t2=t1+(1, 5))	1	342
(4131, 134, 4855, t1) -> (4855, 134, 4131, t2=t1+(1, 6))	1	343
(3924, 51, 500, t1) -> (3924, 51, 3924, t2=t1+(1, 8))	1	344
(3559, 33, 4902, t1) -> (4902, 33, 4902, t2=t1+(1, 5))	1	345
(1911, 166, 1435, t1) -> (1435, 166, 1911, t2=t1+(1, 6))	1	346
(2889, 176, 953, t1) -> (953, 176, 953, t2=t1+(1, 7))	1	347
(3090, 10, 1439, t1) -> (1439, 10, 1439, t2=t1+(1, 1))	1	348
(2394, 145, 4467, t1) -> (2394, 145, 2394, t2=t1+(1, 4))	1	349
