(4576, 125, 2802, t1) & (2609, 39, 2121, t2=t1+(0, 2)) & (2802, 25, 2121, t3=t2+(0, 6)) -> (2802, 25, 2121, t4=t3+(1, 7))	3	0
(2164, 66, 1890, t1) & (3905, 183, 627, t2=t1+(0, 7)) & (1890, 193, 627, t3=t2+(0, 2)) -> (2164, 66, 627, t4=t3+(1, 4))	3	1
(3260, 124, 4827, t1) & (3413, 128, 37, t2=t1+(0, 3)) & (3260, 159, 3413, t3=t2+(0, 4)) -> (3260, 124, 3260, t4=t3+(1, 4))	3	2
(3238, 151, 4141, t1) & (4085, 51, 3347, t2=t1+(0, 5)) & (3347, 1, 3238, t3=t2+(0, 3)) -> (3347, 1, 4085, t4=t3+(1, 5))	3	3
(1333, 159, 143, t1) & (4014, 59, 515, t2=t1+(0, 9)) & (143, 136, 4014, t3=t2+(0, 2)) -> (4014, 59, 1333, t4=t3+(1, 7))	3	4
(4263, 100, 3347, t1) & (1191, 111, 183, t2=t1+(0, 5)) & (183, 79, 4263, t3=t2+(0, 4)) -> (183, 100, 183, t4=t3+(1, 11))	3	5
(2334, 53, 4216, t1) & (2613, 24, 3409, t2=t1+(0, 6)) & (4216, 178, 3409, t3=t2+(0, 8)) -> (2334, 24, 2613, t4=t3+(1, 1))	3	6
(3009, 25, 787, t1) & (456, 163, 4106, t2=t1+(0, 2)) & (3009, 140, 4106, t3=t2+(0, 4)) -> (4106, 25, 3009, t4=t3+(1, 7))	3	7
(2857, 74, 3032, t1) & (901, 122, 4023, t2=t1+(0, 5)) & (3032, 33, 4023, t3=t2+(0, 7)) -> (2857, 33, 3032, t4=t3+(1, 2))	3	8
(2813, 71, 4525, t1) & (2322, 186, 1602, t2=t1+(0, 4)) & (4525, 54, 1602, t3=t2+(0, 4)) -> (4525, 54, 1602, t4=t3+(1, 6))	3	9
(1731, 24, 4119, t1) & (3198, 139, 2526, t2=t1+(0, 3)) & (4119, 76, 2526, t3=t2+(0, 3)) -> (1731, 24, 3198, t4=t3+(1, 9))	3	10
(2927, 144, 3502, t1) & (156, 178, 2449, t2=t1+(0, 5)) & (156, 171, 2927, t3=t2+(0, 9)) -> (2449, 178, 2449, t4=t3+(1, 6))	3	11
(3859, 166, 3169, t1) & (3410, 141, 3911, t2=t1+(0, 3)) & (3859, 13, 3410, t3=t2+(0, 4)) -> (3859, 141, 3410, t4=t3+(1, 5))	3	12
(939, 58, 4318, t1) & (2441, 169, 1493, t2=t1+(0, 5)) & (2441, 157, 939, t3=t2+(0, 4)) -> (4318, 157, 2441, t4=t3+(1, 7))	3	13
(2160, 2, 3723, t1) & (92, 41, 2717, t2=t1+(0, 4)) & (92, 65, 2160, t3=t2+(0, 5)) -> (2717, 65, 2160, t4=t3+(1, 8))	3	14
(3041, 136, 2502, t1) & (3497, 131, 84, t2=t1+(0, 9)) & (3041, 140, 3497, t3=t2+(0, 6)) -> (3041, 136, 84, t4=t3+(1, 8))	3	15
(1921, 165, 1172, t1) & (3984, 29, 2810, t2=t1+(0, 3)) & (3984, 166, 1172, t3=t2+(0, 4)) -> (1921, 29, 3984, t4=t3+(1, 3))	3	16
(505, 164, 3759, t1) & (1245, 187, 3668, t2=t1+(0, 9)) & (1245, 90, 3759, t3=t2+(0, 7)) -> (3759, 164, 3759, t4=t3+(1, 3))	3	17
(3428, 147, 1966, t1) & (4404, 168, 3467, t2=t1+(0, 6)) & (4404, 190, 3428, t3=t2+(0, 2)) -> (3428, 168, 4404, t4=t3+(1, 6))	3	18
(4104, 28, 1671, t1) & (1734, 91, 401, t2=t1+(0, 7)) & (1671, 128, 401, t3=t2+(0, 2)) -> (1734, 91, 1671, t4=t3+(1, 5))	3	19
(2813, 31, 4567, t1) & (2354, 127, 3362, t2=t1+(0, 12)) & (3362, 7, 2813, t3=t2+(0, 4)) -> (2354, 31, 3362, t4=t3+(1, 3))	3	20
(3572, 42, 81, t1) & (2177, 88, 1597, t2=t1+(0, 4)) & (2177, 49, 3572, t3=t2+(0, 3)) -> (81, 88, 2177, t4=t3+(1, 4))	3	21
(3459, 140, 3161, t1) & (1048, 46, 2763, t2=t1+(0, 3)) & (3459, 186, 1048, t3=t2+(0, 3)) -> (3459, 140, 3459, t4=t3+(1, 9))	3	22
(1003, 85, 1802, t1) & (2765, 8, 1902, t2=t1+(0, 8)) & (1902, 77, 1003, t3=t2+(0, 6)) -> (1003, 85, 1902, t4=t3+(1, 3))	3	23
(314, 144, 3808, t1) & (1056, 115, 4019, t2=t1+(0, 3)) & (4019, 61, 314, t3=t2+(0, 4)) -> (4019, 115, 314, t4=t3+(1, 3))	3	24
(3899, 87, 3342, t1) & (1277, 156, 2483, t2=t1+(0, 4)) & (3899, 87, 2483, t3=t2+(0, 9)) -> (3899, 87, 3899, t4=t3+(1, 9))	3	25
(77, 179, 937, t1) & (2989, 167, 871, t2=t1+(0, 5)) & (77, 24, 2989, t3=t2+(0, 5)) -> (77, 179, 77, t4=t3+(1, 3))	3	26
(4942, 89, 3188, t1) & (2110, 83, 1855, t2=t1+(0, 4)) & (4942, 69, 1855, t3=t2+(0, 8)) -> (4942, 89, 4942, t4=t3+(1, 3))	3	27
(950, 106, 2073, t1) & (3114, 159, 384, t2=t1+(0, 4)) & (2073, 135, 384, t3=t2+(0, 5)) -> (384, 106, 384, t4=t3+(1, 7))	3	28
(4359, 123, 2674, t1) & (1492, 93, 2527, t2=t1+(0, 3)) & (1492, 132, 4359, t3=t2+(0, 2)) -> (4359, 132, 2527, t4=t3+(1, 5))	3	29
(2649, 196, 3045, t1) & (575, 188, 2030, t2=t1+(0, 4)) & (2030, 179, 3045, t3=t2+(0, 3)) -> (575, 196, 3045, t4=t3+(1, 11))	3	30
(1418, 38, 2662, t1) & (2376, 68, 1255, t2=t1+(0, 2)) & (2662, 24, 1255, t3=t2+(0, 7)) -> (1418, 24, 2662, t4=t3+(1, 5))	3	31
(4213, 89, 2633, t1) & (1256, 62, 128, t2=t1+(0, 4)) & (1256, 82, 4213, t3=t2+(0, 6)) -> (4213, 89, 128, t4=t3+(1, 4))	3	32
(4759, 161, 3820, t1) & (667, 29, 558, t2=t1+(0, 4)) & (4759, 178, 667, t3=t2+(0, 3)) -> (558, 29, 667, t4=t3+(1, 8))	3	33
(1370, 43, 2333, t1) & (4682, 187, 3390, t2=t1+(0, 5)) & (2333, 186, 3390, t3=t2+(0, 2)) -> (2333, 187, 2333, t4=t3+(1, 7))	3	34
(4020, 18, 2910, t1) & (2285, 68, 3420, t2=t1+(0, 8)) & (2910, 168, 3420, t3=t2+(0, 12)) -> (2285, 68, 3420, t4=t3+(1, 1))	3	35
(730, 39, 3356, t1) & (2169, 141, 3148, t2=t1+(0, 6)) & (3148, 57, 3356, t3=t2+(0, 3)) -> (3148, 141, 730, t4=t3+(1, 6))	3	36
(3009, 128, 1105, t1) & (2212, 112, 1877, t2=t1+(0, 3)) & (1877, 65, 1105, t3=t2+(0, 5)) -> (3009, 65, 2212, t4=t3+(1, 11))	3	37
(715, 54, 4198, t1) & (2530, 78, 1451, t2=t1+(0, 4)) & (715, 50, 2530, t3=t2+(0, 5)) -> (715, 54, 1451, t4=t3+(1, 7))	3	38
(3286, 90, 4933, t1) & (2476, 67, 479, t2=t1+(0, 6)) & (479, 174, 3286, t3=t2+(0, 6)) -> (2476, 174, 479, t4=t3+(1, 3))	3	39
(2559, 178, 3504, t1) & (3222, 194, 2669, t2=t1+(0, 3)) & (3504, 159, 3222, t3=t2+(0, 4)) -> (3222, 178, 2559, t4=t3+(1, 10))	3	40
(1913, 58, 4985, t1) & (3460, 140, 1904, t2=t1+(0, 5)) & (1904, 78, 1913, t3=t2+(0, 5)) -> (1904, 78, 1904, t4=t3+(1, 5))	3	41
(2652, 19, 621, t1) & (2458, 6, 3191, t2=t1+(0, 5)) & (2458, 93, 621, t3=t2+(0, 6)) -> (2458, 6, 621, t4=t3+(1, 8))	3	42
(2523, 50, 1101, t1) & (4298, 47, 3105, t2=t1+(0, 2)) & (4298, 141, 1101, t3=t2+(0, 10)) -> (2523, 47, 2523, t4=t3+(1, 6))	3	43
(3444, 131, 3517, t1) & (4901, 109, 60, t2=t1+(0, 4)) & (3444, 110, 4901, t3=t2+(0, 4)) -> (3444, 131, 60, t4=t3+(1, 11))	3	44
(1969, 149, 2435, t1) & (3557, 80, 1038, t2=t1+(0, 3)) & (2435, 190, 3557, t3=t2+(0, 5)) -> (1038, 80, 1969, t4=t3+(1, 8))	3	45
(2129, 9, 400, t1) & (648, 104, 1159, t2=t1+(0, 5)) & (400, 192, 1159, t3=t2+(0, 0)) -> (648, 9, 400, t4=t3+(1, 1))	3	46
(3952, 88, 1685, t1) & (2279, 135, 914, t2=t1+(0, 9)) & (914, 113, 1685, t3=t2+(0, 6)) -> (1685, 135, 2279, t4=t3+(1, 2))	3	47
(3423, 170, 1894, t1) & (1256, 98, 3666, t2=t1+(0, 10)) & (3423, 102, 1256, t3=t2+(0, 7)) -> (1894, 98, 3666, t4=t3+(1, 10))	3	48
(4689, 187, 3203, t1) & (4061, 74, 2028, t2=t1+(0, 3)) & (4689, 179, 2028, t3=t2+(0, 7)) -> (4689, 187, 2028, t4=t3+(1, 7))	3	49
(691, 50, 3241, t1) & (933, 110, 3152, t2=t1+(0, 10)) & (3152, 45, 691, t3=t2+(0, 3)) -> (691, 110, 3152, t4=t3+(1, 5))	3	50
(4615, 45, 2275, t1) & (4429, 107, 1559, t2=t1+(0, 6)) & (4429, 27, 2275, t3=t2+(0, 5)) -> (4615, 45, 2275, t4=t3+(1, 4))	3	51
(1457, 182, 3359, t1) & (1477, 85, 4807, t2=t1+(0, 8)) & (4807, 78, 1457, t3=t2+(0, 3)) -> (4807, 182, 1457, t4=t3+(1, 4))	3	52
(846, 33, 1550, t1) & (2222, 7, 1886, t2=t1+(0, 10)) & (846, 159, 2222, t3=t2+(0, 4)) -> (1886, 159, 1550, t4=t3+(1, 8))	3	53
(3580, 112, 2142, t1) & (4358, 75, 571, t2=t1+(0, 9)) & (4358, 6, 2142, t3=t2+(0, 11)) -> (4358, 6, 571, t4=t3+(1, 5))	3	54
(2325, 186, 1533, t1) & (254, 130, 4344, t2=t1+(0, 2)) & (4344, 18, 2325, t3=t2+(0, 6)) -> (2325, 186, 254, t4=t3+(1, 5))	3	55
(3941, 108, 4978, t1) & (1528, 34, 2499, t2=t1+(0, 3)) & (2499, 0, 3941, t3=t2+(0, 7)) -> (4978, 0, 4978, t4=t3+(1, 9))	3	56
(1413, 6, 907, t1) & (3266, 13, 974, t2=t1+(0, 4)) & (1413, 100, 3266, t3=t2+(0, 9)) -> (1413, 100, 1413, t4=t3+(1, 4))	3	57
(4413, 4, 91, t1) & (33, 57, 4075, t2=t1+(0, 5)) & (91, 101, 33, t3=t2+(0, 6)) -> (33, 57, 4413, t4=t3+(1, 2))	3	58
(4129, 191, 60, t1) & (581, 38, 3975, t2=t1+(0, 2)) & (581, 143, 60, t3=t2+(0, 9)) -> (4129, 38, 581, t4=t3+(1, 3))	3	59
(3347, 114, 757, t1) & (3636, 56, 4568, t2=t1+(0, 7)) & (3636, 16, 3347, t3=t2+(0, 6)) -> (4568, 56, 3636, t4=t3+(1, 4))	3	60
(4822, 150, 2860, t1) & (2277, 60, 3075, t2=t1+(0, 2)) & (3075, 34, 2860, t3=t2+(0, 3)) -> (3075, 150, 2277, t4=t3+(1, 4))	3	61
(4417, 116, 4799, t1) & (253, 197, 2703, t2=t1+(0, 3)) & (2703, 152, 4799, t3=t2+(0, 9)) -> (4417, 197, 4799, t4=t3+(1, 8))	3	62
(3582, 55, 1767, t1) & (4297, 22, 4132, t2=t1+(0, 2)) & (4132, 58, 1767, t3=t2+(0, 3)) -> (3582, 22, 3582, t4=t3+(1, 7))	3	63
(3988, 85, 1224, t1) & (4705, 117, 431, t2=t1+(0, 5)) & (3988, 118, 431, t3=t2+(0, 7)) -> (431, 118, 4705, t4=t3+(1, 4))	3	64
(487, 39, 1732, t1) & (4738, 94, 4655, t2=t1+(0, 4)) & (1732, 178, 4655, t3=t2+(0, 5)) -> (487, 94, 487, t4=t3+(1, 4))	3	65
(1332, 84, 1957, t1) & (1608, 135, 1997, t2=t1+(0, 4)) & (1997, 4, 1332, t3=t2+(0, 5)) -> (1957, 84, 1608, t4=t3+(1, 3))	3	66
(3834, 159, 4133, t1) & (3229, 126, 2408, t2=t1+(0, 2)) & (2408, 99, 4133, t3=t2+(0, 4)) -> (3834, 159, 4133, t4=t3+(1, 6))	3	67
(1818, 131, 2071, t1) & (1531, 80, 3297, t2=t1+(0, 7)) & (2071, 72, 3297, t3=t2+(0, 11)) -> (2071, 80, 1818, t4=t3+(1, 4))	3	68
(3286, 25, 152, t1) & (3770, 135, 4959, t2=t1+(0, 6)) & (3286, 133, 4959, t3=t2+(0, 8)) -> (4959, 135, 3286, t4=t3+(1, 3))	3	69
(1567, 54, 3647, t1) & (300, 109, 4187, t2=t1+(0, 6)) & (1567, 133, 300, t3=t2+(0, 13)) -> (1567, 133, 3647, t4=t3+(1, 2))	3	70
(4184, 163, 4850, t1) & (460, 179, 2082, t2=t1+(0, 1)) & (4184, 142, 2082, t3=t2+(0, 4)) -> (4184, 179, 4184, t4=t3+(1, 7))	3	71
(48, 162, 103, t1) & (3946, 155, 2124, t2=t1+(0, 4)) & (48, 61, 2124, t3=t2+(0, 6)) -> (2124, 162, 103, t4=t3+(1, 3))	3	72
(279, 46, 4807, t1) & (1530, 111, 3220, t2=t1+(0, 8)) & (279, 109, 1530, t3=t2+(0, 3)) -> (279, 111, 3220, t4=t3+(1, 7))	3	73
(391, 37, 1152, t1) & (3218, 41, 3094, t2=t1+(0, 3)) & (3094, 30, 1152, t3=t2+(0, 5)) -> (1152, 41, 3094, t4=t3+(1, 4))	3	74
(4893, 79, 4772, t1) & (1132, 99, 4446, t2=t1+(0, 3)) & (4893, 44, 1132, t3=t2+(0, 5)) -> (4893, 99, 4893, t4=t3+(1, 3))	3	75
(3421, 79, 3920, t1) & (1604, 160, 1290, t2=t1+(0, 3)) & (1290, 38, 3421, t3=t2+(0, 5)) -> (3421, 79, 1604, t4=t3+(1, 7))	3	76
(1844, 40, 3838, t1) & (283, 75, 839, t2=t1+(0, 7)) & (283, 159, 3838, t3=t2+(0, 4)) -> (3838, 40, 283, t4=t3+(1, 4))	3	77
(3881, 181, 3612, t1) & (3788, 25, 1218, t2=t1+(0, 9)) & (3612, 165, 1218, t3=t2+(0, 8)) -> (3612, 25, 3881, t4=t3+(1, 6))	3	78
(3773, 193, 1516, t1) & (4628, 67, 3416, t2=t1+(0, 5)) & (3416, 14, 3773, t3=t2+(0, 5)) -> (3416, 14, 3416, t4=t3+(1, 4))	3	79
(1038, 3, 1323, t1) & (3318, 94, 1864, t2=t1+(0, 8)) & (3318, 17, 1038, t3=t2+(0, 5)) -> (1038, 17, 3318, t4=t3+(1, 5))	3	80
(1539, 113, 2627, t1) & (2518, 199, 347, t2=t1+(0, 3)) & (1539, 85, 2518, t3=t2+(0, 2)) -> (347, 85, 347, t4=t3+(1, 6))	3	81
(2016, 150, 45, t1) & (2529, 188, 3702, t2=t1+(0, 7)) & (3702, 106, 2016, t3=t2+(0, 6)) -> (45, 106, 45, t4=t3+(1, 7))	3	82
(2798, 185, 2992, t1) & (653, 80, 4522, t2=t1+(0, 4)) & (2798, 190, 4522, t3=t2+(0, 11)) -> (2798, 185, 4522, t4=t3+(1, 4))	3	83
(4469, 138, 3443, t1) & (1768, 130, 4814, t2=t1+(0, 7)) & (3443, 8, 1768, t3=t2+(0, 4)) -> (4469, 8, 4814, t4=t3+(1, 4))	3	84
(1182, 75, 4725, t1) & (2624, 17, 1382, t2=t1+(0, 5)) & (2624, 31, 1182, t3=t2+(0, 3)) -> (1382, 75, 1182, t4=t3+(1, 4))	3	85
(4382, 128, 2665, t1) & (167, 151, 1662, t2=t1+(0, 4)) & (1662, 119, 4382, t3=t2+(0, 2)) -> (4382, 151, 4382, t4=t3+(1, 2))	3	86
(2855, 19, 4087, t1) & (3721, 131, 1751, t2=t1+(0, 1)) & (3721, 16, 4087, t3=t2+(0, 3)) -> (4087, 19, 3721, t4=t3+(1, 6))	3	87
(1773, 142, 3959, t1) & (2227, 197, 1601, t2=t1+(0, 5)) & (2227, 194, 3959, t3=t2+(0, 7)) -> (2227, 142, 1773, t4=t3+(1, 6))	3	88
(3489, 146, 4857, t1) & (3889, 138, 1007, t2=t1+(0, 4)) & (4857, 112, 1007, t3=t2+(0, 7)) -> (3489, 146, 3889, t4=t3+(1, 5))	3	89
(3902, 6, 4301, t1) & (1238, 93, 4118, t2=t1+(0, 2)) & (4118, 78, 3902, t3=t2+(0, 3)) -> (4301, 93, 3902, t4=t3+(1, 3))	3	90
(2953, 26, 958, t1) & (3014, 191, 1858, t2=t1+(0, 5)) & (2953, 83, 1858, t3=t2+(0, 7)) -> (2953, 83, 2953, t4=t3+(1, 3))	3	91
(856, 39, 4483, t1) & (1972, 114, 95, t2=t1+(0, 4)) & (95, 121, 856, t3=t2+(0, 8)) -> (1972, 114, 95, t4=t3+(1, 9))	3	92
(4756, 170, 235, t1) & (2365, 108, 3697, t2=t1+(0, 4)) & (235, 91, 2365, t3=t2+(0, 7)) -> (2365, 91, 2365, t4=t3+(1, 6))	3	93
(1014, 70, 2339, t1) & (81, 176, 4317, t2=t1+(0, 4)) & (1014, 159, 81, t3=t2+(0, 7)) -> (4317, 176, 81, t4=t3+(1, 1))	3	94
(3033, 38, 141, t1) & (3263, 14, 2068, t2=t1+(0, 8)) & (141, 118, 3263, t3=t2+(0, 7)) -> (141, 14, 3033, t4=t3+(1, 3))	3	95
(2457, 56, 3360, t1) & (2957, 183, 3471, t2=t1+(0, 12)) & (2457, 152, 3471, t3=t2+(0, 2)) -> (2457, 152, 2457, t4=t3+(1, 6))	3	96
(1504, 89, 1255, t1) & (2786, 110, 4420, t2=t1+(0, 6)) & (4420, 0, 1504, t3=t2+(0, 4)) -> (4420, 110, 4420, t4=t3+(1, 9))	3	97
(295, 148, 4726, t1) & (2934, 115, 2997, t2=t1+(0, 3)) & (2934, 140, 295, t3=t2+(0, 3)) -> (4726, 148, 295, t4=t3+(1, 9))	3	98
(273, 18, 1053, t1) & (3968, 55, 4858, t2=t1+(0, 5)) & (273, 93, 4858, t3=t2+(0, 4)) -> (4858, 55, 4858, t4=t3+(1, 10))	3	99
(3441, 24, 782, t1) & (782, 67, 782, t2=t1+(0, 3)) -> (782, 24, 782, t3=t2+(1, 3))	2	100
(2763, 45, 1360, t1) & (2763, 130, 1360, t2=t1+(0, 1)) -> (2763, 45, 2763, t3=t2+(1, 6))	2	101
(321, 108, 3583, t1) & (321, 118, 499, t2=t1+(0, 5)) -> (499, 108, 321, t3=t2+(1, 4))	2	102
(2811, 196, 233, t1) & (233, 13, 233, t2=t1+(0, 6)) -> (233, 13, 233, t3=t2+(1, 3))	2	103
(130, 77, 45, t1) & (328, 161, 130, t2=t1+(0, 3)) -> (130, 161, 130, t3=t2+(1, 1))	2	104
(4464, 62, 18, t1) & (18, 104, 2527, t2=t1+(0, 7)) -> (18, 104, 4464, t3=t2+(1, 9))	2	105
(2596, 90, 3379, t1) & (2596, 29, 4599, t2=t1+(0, 4)) -> (4599, 90, 3379, t3=t2+(1, 5))	2	106
(3358, 71, 2098, t1) & (2098, 192, 4401, t2=t1+(0, 9)) -> (2098, 192, 4401, t3=t2+(1, 5))	2	107
(2682, 34, 4939, t1) & (1563, 146, 4939, t2=t1+(0, 4)) -> (4939, 34, 2682, t3=t2+(1, 5))	2	108
(912, 70, 1752, t1) & (1752, 100, 76, t2=t1+(0, 4)) -> (912, 70, 1752, t3=t2+(1, 4))	2	109
(3795, 40, 4771, t1) & (3795, 44, 3690, t2=t1+(0, 3)) -> (3690, 44, 4771, t3=t2+(1, 3))	2	110
(2274, 164, 3540, t1) & (816, 134, 2274, t2=t1+(0, 8)) -> (3540, 164, 2274, t3=t2+(1, 2))	2	111
(2579, 6, 2190, t1) & (2579, 80, 2579, t2=t1+(0, 4)) -> (2190, 6, 2190, t3=t2+(1, 13))	2	112
(4442, 107, 1238, t1) & (1075, 81, 1238, t2=t1+(0, 2)) -> (1238, 81, 1238, t3=t2+(1, 5))	2	113
(3044, 181, 4132, t1) & (3044, 48, 556, t2=t1+(0, 6)) -> (556, 181, 4132, t3=t2+(1, 1))	2	114
(2698, 144, 1371, t1) & (2698, 71, 289, t2=t1+(0, 9)) -> (1371, 71, 2698, t3=t2+(1, 2))	2	115
(4560, 146, 552, t1) & (552, 78, 4560, t2=t1+(0, 5)) -> (552, 146, 4560, t3=t2+(1, 1))	2	116
(4403, 75, 4891, t1) & (4891, 144, 1269, t2=t1+(0, 9)) -> (4403, 75, 4891, t3=t2+(1, 3))	2	117
(1663, 81, 1042, t1) & (2031, 59, 1042, t2=t1+(0, 5)) -> (1663, 59, 2031, t3=t2+(1, 5))	2	118
(2763, 112, 81, t1) & (3644, 188, 81, t2=t1+(0, 5)) -> (3644, 188, 81, t3=t2+(1, 6))	2	119
(4782, 108, 967, t1) & (706, 28, 4782, t2=t1+(0, 5)) -> (4782, 28, 967, t3=t2+(1, 5))	2	120
(4618, 18, 3077, t1) & (4618, 8, 4618, t2=t1+(0, 6)) -> (4618, 8, 4618, t3=t2+(1, 6))	2	121
(3125, 140, 2414, t1) & (3125, 82, 3001, t2=t1+(0, 4)) -> (3125, 82, 2414, t3=t2+(1, 3))	2	122
(3046, 60, 1237, t1) & (1237, 192, 1827, t2=t1+(0, 2)) -> (1237, 192, 1237, t3=t2+(1, 3))	2	123
(1869, 95, 4990, t1) & (4930, 116, 1869, t2=t1+(0, 1)) -> (1869, 95, 1869, t3=t2+(1, 7))	2	124
(3204, 99, 4627, t1) & (4627, 110, 4627, t2=t1+(0, 5)) -> (4627, 99, 4627, t3=t2+(1, 4))	2	125
(4649, 29, 1904, t1) & (4649, 60, 1888, t2=t1+(0, 4)) -> (1904, 60, 4649, t3=t2+(1, 10))	2	126
(1613, 75, 4867, t1) & (1551, 51, 1613, t2=t1+(0, 3)) -> (4867, 51, 1551, t3=t2+(1, 3))	2	127
(3033, 56, 913, t1) & (3033, 22, 3574, t2=t1+(0, 6)) -> (3574, 56, 3033, t3=t2+(1, 7))	2	128
(2611, 109, 4853, t1) & (371, 184, 2611, t2=t1+(0, 4)) -> (371, 109, 2611, t3=t2+(1, 8))	2	129
(3611, 190, 2084, t1) & (2084, 155, 2469, t2=t1+(0, 5)) -> (2084, 190, 2084, t3=t2+(1, 3))	2	130
(4697, 198, 2594, t1) & (2594, 56, 2594, t2=t1+(0, 8)) -> (4697, 198, 2594, t3=t2+(1, 6))	2	131
(3827, 59, 1710, t1) & (4268, 133, 1710, t2=t1+(0, 4)) -> (1710, 133, 1710, t3=t2+(1, 8))	2	132
(1791, 71, 610, t1) & (4183, 39, 610, t2=t1+(0, 5)) -> (610, 71, 610, t3=t2+(1, 9))	2	133
(3623, 197, 1683, t1) & (1683, 193, 3623, t2=t1+(0, 5)) -> (1683, 197, 3623, t3=t2+(1, 4))	2	134
(420, 193, 1696, t1) & (1696, 55, 2721, t2=t1+(0, 2)) -> (2721, 193, 420, t3=t2+(1, 6))	2	135
(3386, 149, 1347, t1) & (1347, 190, 1655, t2=t1+(0, 6)) -> (1347, 190, 1347, t3=t2+(1, 3))	2	136
(1240, 96, 1239, t1) & (1240, 37, 2851, t2=t1+(0, 4)) -> (2851, 96, 1239, t3=t2+(1, 6))	2	137
(3675, 16, 1511, t1) & (3675, 154, 1080, t2=t1+(0, 2)) -> (3675, 16, 3675, t3=t2+(1, 1))	2	138
(3552, 25, 1775, t1) & (1775, 52, 1775, t2=t1+(0, 6)) -> (3552, 52, 1775, t3=t2+(1, 1))	2	139
(1736, 119, 4874, t1) & (592, 186, 1736, t2=t1+(0, 2)) -> (4874, 119, 1736, t3=t2+(1, 10))	2	140
(664, 93, 399, t1) & (399, 69, 399, t2=t1+(0, 5)) -> (399, 69, 664, t3=t2+(1, 7))	2	141
(1514, 156, 3306, t1) & (4146, 24, 1514, t2=t1+(0, 4)) -> (1514, 24, 1514, t3=t2+(1, 6))	2	142
(1733, 129, 768, t1) & (768, 182, 3840, t2=t1+(0, 8)) -> (768, 182, 3840, t3=t2+(1, 3))	2	143
(3534, 94, 660, t1) & (4020, 1, 3534, t2=t1+(0, 10)) -> (660, 94, 3534, t3=t2+(1, 7))	2	144
(4811, 79, 2086, t1) & (3493, 192, 4811, t2=t1+(0, 3)) -> (4811, 79, 4811, t3=t2+(1, 4))	2	145
(1530, 116, 1198, t1) & (1530, 148, 1530, t2=t1+(0, 6)) -> (1530, 116, 1198, t3=t2+(1, 6))	2	146
(1447, 136, 721, t1) & (1370, 60, 721, t2=t1+(0, 8)) -> (1370, 60, 721, t3=t2+(1, 5))	2	147
(2925, 115, 2790, t1) & (2402, 117, 2925, t2=t1+(0, 6)) -> (2925, 115, 2402, t3=t2+(1, 5))	2	148
(4245, 95, 3958, t1) & (4245, 103, 2335, t2=t1+(0, 4)) -> (3958, 103, 2335, t3=t2+(1, 1))	2	149
(4167, 133, 2940, t1) & (4645, 127, 4167, t2=t1+(0, 4)) -> (2940, 127, 4645, t3=t2+(1, 4))	2	150
(3527, 190, 1966, t1) & (1966, 91, 2925, t2=t1+(0, 2)) -> (3527, 190, 1966, t3=t2+(1, 5))	2	151
(437, 49, 4445, t1) & (437, 53, 4445, t2=t1+(0, 9)) -> (4445, 53, 437, t3=t2+(1, 8))	2	152
(1822, 132, 1351, t1) & (2075, 89, 1822, t2=t1+(0, 3)) -> (1351, 89, 2075, t3=t2+(1, 6))	2	153
(3194, 137, 2104, t1) & (3194, 152, 644, t2=t1+(0, 6)) -> (644, 152, 3194, t3=t2+(1, 3))	2	154
(4667, 156, 1102, t1) & (1054, 154, 4667, t2=t1+(0, 6)) -> (1054, 156, 4667, t3=t2+(1, 1))	2	155
(4787, 159, 3438, t1) & (2472, 178, 3438, t2=t1+(0, 4)) -> (3438, 178, 3438, t3=t2+(1, 7))	2	156
(1177, 118, 92, t1) & (92, 61, 1859, t2=t1+(0, 2)) -> (92, 118, 1859, t3=t2+(1, 6))	2	157
(2785, 38, 2155, t1) & (2155, 198, 2155, t2=t1+(0, 7)) -> (2155, 198, 2155, t3=t2+(1, 6))	2	158
(4631, 140, 2681, t1) & (2681, 163, 4389, t2=t1+(0, 4)) -> (4631, 163, 2681, t3=t2+(1, 3))	2	159
(2116, 20, 3161, t1) & (3388, 63, 3161, t2=t1+(0, 5)) -> (3388, 63, 2116, t3=t2+(1, 3))	2	160
(4194, 56, 3966, t1) & (4005, 29, 3966, t2=t1+(0, 4)) -> (3966, 29, 3966, t3=t2+(1, 4))	2	161
(2820, 104, 4934, t1) & (4893, 133, 2820, t2=t1+(0, 4)) -> (4934, 104, 2820, t3=t2+(1, 3))	2	162
(484, 15, 3788, t1) & (475, 46, 3788, t2=t1+(0, 3)) -> (3788, 46, 475, t3=t2+(1, 5))	2	163
(4013, 68, 2549, t1) & (4013, 58, 2235, t2=t1+(0, 4)) -> (2235, 58, 2235, t3=t2+(1, 3))	2	164
(2274, 136, 1834, t1) & (1834, 21, 1834, t2=t1+(0, 7)) -> (1834, 21, 2274, t3=t2+(1, 5))	2	165
(26, 123, 56, t1) & (56, 130, 26, t2=t1+(0, 2)) -> (26, 123, 56, t3=t2+(1, 3))	2	166
(2225, 80, 1537, t1) & (1537, 131, 2830, t2=t1+(0, 5)) -> (1537, 80, 2830, t3=t2+(1, 6))	2	167
(4553, 177, 1149, t1) & (1149, 168, 1922, t2=t1+(0, 6)) -> (1149, 168, 1922, t3=t2+(1, 5))	2	168
(4494, 165, 3292, t1) & (3292, 128, 1185, t2=t1+(0, 2)) -> (3292, 165, 1185, t3=t2+(1, 4))	2	169
(2956, 136, 2611, t1) & (2611, 197, 2975, t2=t1+(0, 9)) -> (2611, 136, 2956, t3=t2+(1, 3))	2	170
(2213, 183, 4228, t1) & (4228, 74, 4228, t2=t1+(0, 9)) -> (4228, 74, 4228, t3=t2+(1, 4))	2	171
(3255, 169, 4694, t1) & (487, 45, 4694, t2=t1+(0, 2)) -> (4694, 169, 487, t3=t2+(1, 4))	2	172
(1891, 165, 4522, t1) & (4522, 143, 1891, t2=t1+(0, 5)) -> (4522, 143, 4522, t3=t2+(1, 3))	2	173
(2869, 79, 1008, t1) & (2869, 198, 1184, t2=t1+(0, 7)) -> (2869, 198, 1008, t3=t2+(1, 5))	2	174
(2660, 1, 3930, t1) & (2660, 35, 826, t2=t1+(0, 6)) -> (826, 1, 826, t3=t2+(1, 7))	2	175
(4567, 54, 659, t1) & (978, 184, 659, t2=t1+(0, 7)) -> (4567, 54, 4567, t3=t2+(1, 4))	2	176
(3835, 116, 2247, t1) & (4604, 189, 2247, t2=t1+(0, 7)) -> (2247, 189, 2247, t3=t2+(1, 2))	2	177
(2230, 79, 4984, t1) & (2230, 14, 4984, t2=t1+(0, 5)) -> (2230, 14, 2230, t3=t2+(1, 3))	2	178
(4069, 148, 1100, t1) & (572, 168, 1100, t2=t1+(0, 10)) -> (4069, 148, 1100, t3=t2+(1, 3))	2	179
(439, 30, 4668, t1) & (4668, 42, 4668, t2=t1+(0, 7)) -> (4668, 42, 439, t3=t2+(1, 5))	2	180
(3712, 29, 3000, t1) & (3000, 69, 4958, t2=t1+(0, 3)) -> (3000, 69, 4958, t3=t2+(1, 7))	2	181
(4902, 59, 1625, t1) & (1018, 179, 1625, t2=t1+(0, 7)) -> (4902, 59, 1625, t3=t2+(1, 6))	2	182
(3661, 78, 2418, t1) & (3661, 2, 3710, t2=t1+(0, 7)) -> (3661, 2, 3661, t3=t2+(1, 5))	2	183
(3091, 158, 2778, t1) & (3091, 113, 3956, t2=t1+(0, 4)) -> (3091, 113, 3956, t3=t2+(1, 7))	2	184
(4653, 14, 2956, t1) & (4653, 38, 2956, t2=t1+(0, 4)) -> (4653, 38, 4653, t3=t2+(1, 6))	2	185
(2292, 95, 750, t1) & (2292, 130, 2292, t2=t1+(0, 4)) -> (2292, 95, 2292, t3=t2+(1, 6))	2	186
(4198, 72, 3842, t1) & (4198, 171, 4198, t2=t1+(0, 2)) -> (4198, 171, 3842, t3=t2+(1, 6))	2	187
(869, 110, 3184, t1) & (4348, 171, 869, t2=t1+(0, 5)) -> (4348, 171, 4348, t3=t2+(1, 5))	2	188
(2912, 141, 1998, t1) & (2805, 136, 1998, t2=t1+(0, 5)) -> (1998, 136, 1998, t3=t2+(1, 4))	2	189
(881, 182, 734, t1) & (3939, 28, 881, t2=t1+(0, 3)) -> (881, 28, 881, t3=t2+(1, 4))	2	190
(2281, 37, 687, t1) & (687, 34, 2281, t2=t1+(0, 5)) -> (687, 34, 2281, t3=t2+(1, 10))	2	191
(4267, 68, 2735, t1) & (4410, 120, 4267, t2=t1+(0, 5)) -> (4410, 68, 4267, t3=t2+(1, 6))	2	192
(4530, 93, 336, t1) & (4244, 94, 336, t2=t1+(0, 1)) -> (4530, 94, 4244, t3=t2+(1, 2))	2	193
(869, 26, 2930, t1) & (2930, 158, 869, t2=t1+(0, 4)) -> (869, 26, 2930, t3=t2+(1, 3))	2	194
(3523, 131, 2955, t1) & (1774, 71, 2955, t2=t1+(0, 1)) -> (2955, 71, 1774, t3=t2+(1, 4))	2	195
(827, 142, 4110, t1) & (4110, 171, 4021, t2=t1+(0, 9)) -> (4110, 142, 827, t3=t2+(1, 4))	2	196
(2286, 89, 745, t1) & (745, 16, 4652, t2=t1+(0, 4)) -> (745, 89, 745, t3=t2+(1, 5))	2	197
(2828, 150, 1568, t1) & (2609, 139, 2828, t2=t1+(0, 9)) -> (2828, 150, 2609, t3=t2+(1, 5))	2	198
(469, 66, 4836, t1) & (469, 150, 4836, t2=t1+(0, 7)) -> (469, 66, 469, t3=t2+(1, 2))	2	199
(4152, 175, 2521, t1) -> (4152, 175, 2521, t2=t1+(1, 3))	1	200
(1040, 166, 1914, t1) -> (1914, 166, 1040, t2=t1+(1, 7))	1	201
(3798, 195, 1688, t1) -> (1688, 195, 3798, t2=t1+(1, 6))	1	202
(2158, 82, 4583, t1) -> (2158, 82, 4583, t2=t1+(1, 6))	1	203
(2304, 50, 270, t1) -> (2304, 50, 2304, t2=t1+(1, 4))	1	204
(2853, 130, 647, t1) -> (647, 130, 647, t2=t1+(1, 6))	1	205
(4726, 177, 2925, t1) -> (2925, 177, 4726, t2=t1+(1, 4))	1	206
(3087, 54, 1912, t1) -> (3087, 54, 1912, t2=t1+(1, 6))	1	207
(4121, 148, 3572, t1) -> (4121, 148, 3572, t2=t1+(1, 7))	1	208
(1567, 198, 2454, t1) -> (2454, 198, 1567, t2=t1+(1, 6))	1	209
(1326, 151, 3144, t1) -> (3144, 151, 1326, t2=t1+(1, 8))	1	210
(1550, 59, 3827, t1) -> (3827, 59, 1550, t2=t1+(1, 7))	1	211
(1672, 51, 4874, t1) -> (1672, 51, 1672, t2=t1+(1, 6))	1	212
(499, 152, 1619, t1) -> (499, 152, 1619, t2=t1+(1, 3))	1	213
(80, 63, 1397, t1) -> (1397, 63, 80, t2=t1+(1, 5))	1	214
(1377, 99, 577, t1) -> (1377, 99, 1377, t2=t1+(1, 4))	1	215
(4924, 134, 26, t1) -> (26, 134, 26, t2=t1+(1, 7))	1	216
(798, 34, 1997, t1) -> (798, 34, 1997, t2=t1+(1, 6))	1	217
(1217, 182, 4739, t1) -> (4739, 182, 4739, t2=t1+(1, 6))	1	218
(352, 93, 1648, t1) -> (1648, 93, 1648, t2=t1+(1, 7))	1	219
(157, 152, 653, t1) -> (157, 152, 157, t2=t1+(1, 11))	1	220
(4737, 123, 3111, t1) -> (4737, 123, 4737, t2=t1+(1, 4))	1	221
(786, 101, 3108, t1) -> (786, 101, 786, t2=t1+(1, 1))	1	222
(2809, 135, 2802, t1) -> (2802, 135, 2802, t2=t1+(1, 7))	1	223
(2152, 58, 2353, t1) -> (2353, 58, 2152, t2=t1+(1, 7))	1	224
(2668, 103, 2343, t1) -> (2668, 103, 2343, t2=t1+(1, 9))	1	225
(248, 23, 4435, t1) -> (4435, 23, 4435, t2=t1+(1, 5))	1	226
(4980, 109, 4787, t1) -> (4980, 109, 4980, t2=t1+(1, 4))	1	227
(1641, 65, 4538, t1) -> (1641, 65, 4538, t2=t1+(1, 7))	1	228
(1650, 3, 244, t1) -> (1650, 3, 244, t2=t1+(1, 4))	1	229
(971, 168, 3512, t1) -> (3512, 168, 971, t2=t1+(1, 6))	1	230
(693, 129, 4272, t1) -> (693, 129, 4272, t2=t1+(1, 2))	1	231
(1880, 144, 2391, t1) -> (2391, 144, 1880, t2=t1+(1, 3))	1	232
(1812, 143, 1860, t1) -> (1860, 143, 1860, t2=t1+(1, 4))	1	233
(314, 131, 1917, t1) -> (314, 131, 1917, t2=t1+(1, 3))	1	234
(2698, 170, 4108, t1) -> (4108, 170, 2698, t2=t1+(1, 3))	1	235
(687, 134, 2283, t1) -> (687, 134, 687, t2=t1+(1, 4))	1	236
(2943, 36, 3149, t1) -> (3149, 36, 2943, t2=t1+(1, 6))	1	237
(3687, 7, 2290, t1) -> (2290, 7, 3687, t2=t1+(1, 7))	1	238
(977, 41, 1809, t1) -> (1809, 41, 1809, t2=t1+(1, 7))	1	239
(3603, 185, 4805, t1) -> (4805, 185, 4805, t2=t1+(1, 5))	1	240
(3208, 121, 3785, t1) -> (3785, 121, 3208, t2=t1+(1, 1))	1	241
(2663, 67, 330, t1) -> (330, 67, 330, t2=t1+(1, 6))	1	242
(4863, 152, 1908, t1) -> (4863, 152, 4863, t2=t1+(1, 3))	1	243
(3765, 51, 2947, t1) -> (2947, 51, 3765, t2=t1+(1, 7))	1	244
(76, 103, 950, t1) -> (950, 103, 76, t2=t1+(1, 6))	1	245
(3561, 4, 1292, t1) -> (1292, 4, 1292, t2=t1+(1, 1))	1	246
(4631, 80, 1108, t1) -> (4631, 80, 1108, t2=t1+(1, 5))	1	247
(892, 110, 2661, t1) -> (2661, 110, 892, t2=t1+(1, 5))	1	248
(4770, 112, 3662, t1) -> (4770, 112, 4770, t2=t1+(1, 9))	1	249
(2061, 37, 3769, t1) -> (2061, 37, 3769, t2=t1+(1, 7))	1	250
(448, 38, 4663, t1) -> (4663, 38, 448, t2=t1+(1, 6))	1	251
(4737, 152, 659, t1) -> (4737, 152, 4737, t2=t1+(1, 2))	1	252
(4913, 44, 42, t1) -> (42, 44, 42, t2=t1+(1, 3))	1	253
(425, 151, 4034, t1) -> (4034, 151, 425, t2=t1+(1, 7))	1	254
(3858, 67, 951, t1) -> (3858, 67, 3858, t2=t1+(1, 3))	1	255
(460, 62, 2379, t1) -> (2379, 62, 460, t2=t1+(1, 3))	1	256
(259, 184, 755, t1) -> (259, 184, 259, t2=t1+(1, 4))	1	257
(1372, 156, 1467, t1) -> (1467, 156, 1467, t2=t1+(1, 5))	1	258
(3469, 44, 4358, t1) -> (3469, 44, 3469, t2=t1+(1, 7))	1	259
(3776, 197, 4666, t1) -> (3776, 197, 3776, t2=t1+(1, 4))	1	260
(3880, 69, 3881, t1) -> (3881, 69, 3880, t2=t1+(1, 5))	1	261
(3806, 92, 1027, t1) -> (1027, 92, 1027, t2=t1+(1, 4))	1	262
(4452, 99, 2029, t1) -> (2029, 99, 4452, t2=t1+(1, 7))	1	263
(4120, 49, 3988, t1) -> (3988, 49, 4120, t2=t1+(1, 7))	1	264
(3012, 82, 4660, t1) -> (4660, 82, 4660, t2=t1+(1, 1))	1	265
(155, 125, 3236, t1) -> (155, 125, 155, t2=t1+(1, 4))	1	266
(1972, 138, 4076, t1) -> (4076, 138, 4076, t2=t1+(1, 7))	1	267
(3198, 197, 1959, t1) -> (1959, 197, 1959, t2=t1+(1, 6))	1	268
(1080, 175, 1699, t1) -> (1699, 175, 1080, t2=t1+(1, 7))	1	269
(3814, 28, 1778, t1) -> (3814, 28, 3814, t2=t1+(1, 9))	1	270
(32, 193, 2163, t1) -> (2163, 193, 32, t2=t1+(1, 4))	1	271
(2103, 121, 4046, t1) -> (4046, 121, 2103, t2=t1+(1, 2))	1	272
(3397, 46, 1383, t1) -> (3397, 46, 1383, t2=t1+(1, 5))	1	273
(4892, 79, 2608, t1) -> (2608, 79, 4892, t2=t1+(1, 6))	1	274
(3907, 28, 4926, t1) -> (4926, 28, 3907, t2=t1+(1, 2))	1	275
(1750, 194, 2772, t1) -> (1750, 194, 2772, t2=t1+(1, 7))	1	276
(4978, 23, 1579, t1) -> (1579, 23, 4978, t2=t1+(1, 5))	1	277
(107, 157, 509, t1) -> (509, 157, 107, t2=t1+(1, 5))	1	278
(256, 58, 4320, t1) -> (4320, 58, 256, t2=t1+(1, 3))	1	279
(3443, 159, 2777, t1) -> (3443, 159, 3443, t2=t1+(1, 3))	1	280
(103, 70, 666, t1) -> (103, 70, 103, t2=t1+(1, 8))	1	281
(4441, 142, 2587, t1) -> (4441, 142, 2587, t2=t1+(1, 5))	1	282
(1850, 31, 762, t1) -> (762, 31, 762, t2=t1+(1, 6))	1	283
(3396, 17, 36, t1) -> (3396, 17, 3396, t2=t1+(1, 2))	1	284
(3696, 199, 1615, t1) -> (3696, 199, 3696, t2=t1+(1, 5))	1	285
(3655, 6, 2393, t1) -> (2393, 6, 3655, t2=t1+(1, 4))	1	286
(804, 195, 4773, t1) -> (4773, 195, 804, t2=t1+(1, 5))	1	287
(1381, 124, 2686, t1) -> (2686, 124, 1381, t2=t1+(1, 5))	1	288
(4441, 140, 3622, t1) -> (4441, 140, 4441, t2=t1+(1, 2))	1	289
(160, 112, 1978, t1) -> (1978, 112, 1978, t2=t1+(1, 10))	1	290
(3122, 31, 1152, t1) -> (1152, 31, 1152, t2=t1+(1, 6))	1	291
(3764, 41, 1178, t1) -> (3764, 41, 3764, t2=t1+(1, 12))	1	292
(2541, 69, 3821, t1) -> (2541, 69, 2541, t2=t1+(1, 5))	1	293
(1206, 15, 3092, t1) -> (1206, 15, 1206, t2=t1+(1, 2))	1	294
(2978, 160, 1730, t1) -> (2978, 160, 2978, t2=t1+(1, 5))	1	295
(3693, 137, 4027, t1) -> (3693, 137, 3693, t2=t1+(1, 9))	1	296
(156, 194, 3596, t1) -> (156, 194, 3596, t2=t1+(1, 4))	1	297
(647, 164, 2781, t1) -> (647, 164, 2781, t2=t1+(1, 6))	1	298
(115, 94, 2260, t1) -> (2260, 94, 2260, t2=t1+(1, 12))	1	299
