(4028, 67, 633, t1) & (1690, 72, 3091, t2=t1+(0, 5)) & (3091, 75, 633, t3=t2+(0, 7)) -> (633, 72, 1690, t4=t3+(1, 3))	3	0
(2027, 45, 2502, t1) & (1049, 177, 4242, t2=t1+(0, 4)) & (1049, 81, 2502, t3=t2+(0, 6)) -> (2502, 177, 2502, t4=t3+(1, 2))	3	1
(1615, 43, 759, t1) & (330, 109, 3433, t2=t1+(0, 2)) & (3433, 189, 1615, t3=t2+(0, 3)) -> (1615, 109, 3433, t4=t3+(1, 5))	3	2
(3497, 81, 2993, t1) & (482, 76, 1087, t2=t1+(0, 7)) & (2993, 1, 1087, t3=t2+(0, 4)) -> (3497, 1, 3497, t4=t3+(1, 5))	3	3
(1214, 77, 1398, t1) & (317, 186, 139, t2=t1+(0, 1)) & (1214, 127, 317, t3=t2+(0, 0)) -> (317, 127, 317, t4=t3+(1, 2))	3	4
(3139, 119, 1202, t1) & (3063, 138, 883, t2=t1+(0, 6)) & (1202, 127, 3063, t3=t2+(0, 5)) -> (883, 127, 1202, t4=t3+(1, 4))	3	5
(701, 40, 3820, t1) & (2260, 76, 402, t2=t1+(0, 13)) & (701, 125, 2260, t3=t2+(0, 7)) -> (2260, 76, 2260, t4=t3+(1, 5))	3	6
(788, 6, 3611, t1) & (267, 135, 3759, t2=t1+(0, 4)) & (788, 6, 267, t3=t2+(0, 11)) -> (788, 135, 267, t4=t3+(1, 1))	3	7
(4151, 114, 1214, t1) & (430, 98, 170, t2=t1+(0, 5)) & (4151, 188, 170, t3=t2+(0, 5)) -> (1214, 114, 170, t4=t3+(1, 4))	3	8
(514, 105, 2222, t1) & (4511, 6, 377, t2=t1+(0, 7)) & (2222, 43, 4511, t3=t2+(0, 8)) -> (514, 105, 2222, t4=t3+(1, 5))	3	9
(1703, 67, 31, t1) & (2027, 44, 3946, t2=t1+(0, 4)) & (1703, 129, 2027, t3=t2+(0, 3)) -> (3946, 44, 3946, t4=t3+(1, 4))	3	10
(1386, 111, 220, t1) & (598, 133, 4537, t2=t1+(0, 9)) & (4537, 99, 220, t3=t2+(0, 5)) -> (220, 133, 220, t4=t3+(1, 4))	3	11
(4092, 75, 3227, t1) & (3941, 185, 4560, t2=t1+(0, 6)) & (4560, 30, 3227, t3=t2+(0, 6)) -> (4560, 185, 4560, t4=t3+(1, 2))	3	12
(2040, 135, 3198, t1) & (422, 113, 1690, t2=t1+(0, 4)) & (422, 6, 3198, t3=t2+(0, 2)) -> (1690, 6, 422, t4=t3+(1, 6))	3	13
(2733, 67, 3321, t1) & (570, 81, 3420, t2=t1+(0, 4)) & (3321, 175, 3420, t3=t2+(0, 7)) -> (3420, 175, 3420, t4=t3+(1, 9))	3	14
(2200, 161, 1468, t1) & (607, 41, 2993, t2=t1+(0, 5)) & (607, 9, 2200, t3=t2+(0, 4)) -> (607, 9, 607, t4=t3+(1, 6))	3	15
(4511, 105, 1815, t1) & (1828, 40, 3604, t2=t1+(0, 5)) & (3604, 158, 1815, t3=t2+(0, 7)) -> (4511, 158, 4511, t4=t3+(1, 3))	3	16
(2678, 107, 2928, t1) & (3254, 99, 883, t2=t1+(0, 5)) & (2678, 77, 3254, t3=t2+(0, 5)) -> (3254, 77, 883, t4=t3+(1, 5))	3	17
(4285, 173, 1121, t1) & (3715, 85, 2052, t2=t1+(0, 2)) & (4285, 145, 2052, t3=t2+(0, 4)) -> (4285, 85, 2052, t4=t3+(1, 2))	3	18
(3268, 175, 1335, t1) & (2678, 44, 2502, t2=t1+(0, 6)) & (2502, 186, 1335, t3=t2+(0, 6)) -> (3268, 44, 2502, t4=t3+(1, 6))	3	19
(4235, 48, 1690, t1) & (451, 112, 226, t2=t1+(0, 3)) & (4235, 100, 451, t3=t2+(0, 6)) -> (226, 112, 226, t4=t3+(1, 3))	3	20
(2936, 177, 4343, t1) & (4097, 167, 3352, t2=t1+(0, 11)) & (4097, 49, 2936, t3=t2+(0, 3)) -> (4343, 177, 2936, t4=t3+(1, 5))	3	21
(2637, 99, 3565, t1) & (4768, 68, 1918, t2=t1+(0, 1)) & (2637, 186, 4768, t3=t2+(0, 3)) -> (1918, 186, 2637, t4=t3+(1, 5))	3	22
(4880, 176, 2810, t1) & (2616, 145, 465, t2=t1+(0, 5)) & (2616, 151, 4880, t3=t2+(0, 5)) -> (4880, 176, 2616, t4=t3+(1, 2))	3	23
(4260, 30, 1164, t1) & (1625, 18, 4819, t2=t1+(0, 2)) & (1625, 140, 4260, t3=t2+(0, 2)) -> (1625, 30, 4260, t4=t3+(1, 5))	3	24
(3131, 189, 3941, t1) & (3260, 170, 3341, t2=t1+(0, 8)) & (3260, 81, 3941, t3=t2+(0, 5)) -> (3941, 81, 3260, t4=t3+(1, 2))	3	25
(2747, 6, 704, t1) & (2895, 123, 1815, t2=t1+(0, 9)) & (2895, 61, 704, t3=t2+(0, 4)) -> (704, 123, 2895, t4=t3+(1, 4))	3	26
(2678, 28, 4513, t1) & (4331, 46, 4336, t2=t1+(0, 8)) & (4331, 38, 2678, t3=t2+(0, 3)) -> (4513, 28, 4331, t4=t3+(1, 6))	3	27
(330, 16, 3042, t1) & (1974, 118, 883, t2=t1+(0, 5)) & (1974, 2, 330, t3=t2+(0, 4)) -> (1974, 16, 330, t4=t3+(1, 3))	3	28
(2040, 99, 220, t1) & (4882, 1, 4589, t2=t1+(0, 0)) & (4589, 104, 220, t3=t2+(0, 5)) -> (220, 99, 2040, t4=t3+(1, 10))	3	29
(2563, 173, 2992, t1) & (4683, 97, 2157, t2=t1+(0, 4)) & (2563, 76, 2157, t3=t2+(0, 2)) -> (4683, 97, 4683, t4=t3+(1, 1))	3	30
(4055, 127, 829, t1) & (2966, 99, 282, t2=t1+(0, 3)) & (2966, 177, 4055, t3=t2+(0, 6)) -> (829, 127, 829, t4=t3+(1, 7))	3	31
(279, 38, 792, t1) & (3388, 186, 811, t2=t1+(0, 6)) & (811, 18, 792, t3=t2+(0, 5)) -> (792, 38, 811, t4=t3+(1, 9))	3	32
(836, 181, 2688, t1) & (2993, 81, 3706, t2=t1+(0, 8)) & (2688, 32, 2993, t3=t2+(0, 4)) -> (2993, 181, 2993, t4=t3+(1, 5))	3	33
(4819, 184, 3941, t1) & (3941, 51, 4031, t2=t1+(0, 4)) & (3941, 49, 3941, t3=t2+(0, 2)) -> (4031, 51, 3941, t4=t3+(1, 6))	3	34
(2183, 77, 4596, t1) & (2678, 6, 99, t2=t1+(0, 5)) & (2678, 87, 4596, t3=t2+(0, 3)) -> (2678, 77, 4596, t4=t3+(1, 3))	3	35
(3339, 45, 1909, t1) & (3094, 36, 1167, t2=t1+(0, 3)) & (3339, 77, 1167, t3=t2+(0, 10)) -> (3339, 45, 1167, t4=t3+(1, 2))	3	36
(2556, 186, 377, t1) & (3820, 157, 4850, t2=t1+(0, 4)) & (377, 35, 4850, t3=t2+(0, 4)) -> (377, 186, 4850, t4=t3+(1, 6))	3	37
(133, 164, 4421, t1) & (2107, 27, 4943, t2=t1+(0, 2)) & (4943, 131, 4421, t3=t2+(0, 5)) -> (4943, 27, 4943, t4=t3+(1, 5))	3	38
(829, 123, 514, t1) & (1386, 75, 4518, t2=t1+(0, 3)) & (514, 120, 4518, t3=t2+(0, 6)) -> (4518, 123, 514, t4=t3+(1, 9))	3	39
(2183, 22, 1731, t1) & (329, 185, 1080, t2=t1+(0, 6)) & (2183, 163, 329, t3=t2+(0, 1)) -> (1080, 163, 1080, t4=t3+(1, 5))	3	40
(4235, 192, 1179, t1) & (4057, 145, 3941, t2=t1+(0, 6)) & (4057, 125, 1179, t3=t2+(0, 6)) -> (4235, 125, 4057, t4=t3+(1, 7))	3	41
(1750, 189, 4311, t1) & (841, 186, 3840, t2=t1+(0, 11)) & (841, 175, 4311, t3=t2+(0, 8)) -> (4311, 175, 841, t4=t3+(1, 4))	3	42
(4311, 188, 2470, t1) & (2404, 38, 4079, t2=t1+(0, 5)) & (4311, 17, 2404, t3=t2+(0, 3)) -> (4311, 188, 4311, t4=t3+(1, 2))	3	43
(1700, 11, 4925, t1) & (4649, 186, 598, t2=t1+(0, 6)) & (4925, 26, 598, t3=t2+(0, 4)) -> (4925, 11, 598, t4=t3+(1, 5))	3	44
(99, 144, 1276, t1) & (3085, 184, 1015, t2=t1+(0, 4)) & (3085, 36, 1276, t3=t2+(0, 7)) -> (3085, 36, 3085, t4=t3+(1, 5))	3	45
(829, 17, 3900, t1) & (4812, 30, 1974, t2=t1+(0, 4)) & (3900, 35, 1974, t3=t2+(0, 5)) -> (1974, 30, 1974, t4=t3+(1, 5))	3	46
(4371, 20, 4957, t1) & (1514, 64, 3518, t2=t1+(0, 3)) & (4371, 185, 3518, t3=t2+(0, 8)) -> (1514, 20, 4957, t4=t3+(1, 8))	3	47
(836, 62, 497, t1) & (549, 100, 1206, t2=t1+(0, 2)) & (549, 69, 497, t3=t2+(0, 4)) -> (836, 100, 497, t4=t3+(1, 7))	3	48
(2426, 180, 2190, t1) & (4407, 1, 4192, t2=t1+(0, 8)) & (2426, 77, 4192, t3=t2+(0, 2)) -> (4192, 77, 2426, t4=t3+(1, 5))	3	49
(402, 81, 3497, t1) & (1619, 188, 3151, t2=t1+(0, 5)) & (1619, 108, 3497, t3=t2+(0, 4)) -> (3497, 108, 1619, t4=t3+(1, 2))	3	50
(3321, 185, 4363, t1) & (4687, 132, 257, t2=t1+(0, 2)) & (4687, 156, 3321, t3=t2+(0, 5)) -> (4687, 132, 3321, t4=t3+(1, 7))	3	51
(3420, 37, 3543, t1) & (1815, 57, 2361, t2=t1+(0, 8)) & (1815, 62, 3420, t3=t2+(0, 3)) -> (1815, 62, 1815, t4=t3+(1, 8))	3	52
(691, 35, 2989, t1) & (4092, 141, 4880, t2=t1+(0, 4)) & (4092, 51, 2989, t3=t2+(0, 6)) -> (4880, 141, 2989, t4=t3+(1, 5))	3	53
(3540, 173, 2536, t1) & (4057, 45, 2285, t2=t1+(0, 13)) & (4057, 154, 2536, t3=t2+(0, 9)) -> (4057, 154, 2536, t4=t3+(1, 8))	3	54
(4296, 90, 3326, t1) & (510, 180, 1681, t2=t1+(0, 5)) & (1681, 40, 4296, t3=t2+(0, 8)) -> (4296, 90, 3326, t4=t3+(1, 5))	3	55
(3256, 67, 2796, t1) & (2363, 143, 3598, t2=t1+(0, 5)) & (2363, 28, 3256, t3=t2+(0, 8)) -> (3598, 28, 2363, t4=t3+(1, 3))	3	56
(2563, 140, 3857, t1) & (428, 195, 1858, t2=t1+(0, 8)) & (428, 113, 2563, t3=t2+(0, 3)) -> (3857, 140, 428, t4=t3+(1, 3))	3	57
(1490, 140, 4823, t1) & (2563, 127, 4242, t2=t1+(0, 0)) & (4823, 188, 2563, t3=t2+(0, 9)) -> (4242, 188, 2563, t4=t3+(1, 9))	3	58
(2688, 12, 3091, t1) & (759, 77, 3941, t2=t1+(0, 6)) & (759, 197, 2688, t3=t2+(0, 2)) -> (3091, 77, 2688, t4=t3+(1, 6))	3	59
(3881, 116, 3227, t1) & (3775, 175, 191, t2=t1+(0, 4)) & (3775, 39, 3227, t3=t2+(0, 5)) -> (3227, 39, 3775, t4=t3+(1, 5))	3	60
(3540, 161, 1355, t1) & (2157, 11, 3604, t2=t1+(0, 6)) & (3540, 141, 3604, t3=t2+(0, 4)) -> (2157, 161, 3604, t4=t3+(1, 6))	3	61
(4776, 187, 4899, t1) & (4955, 195, 2763, t2=t1+(0, 2)) & (4955, 114, 4899, t3=t2+(0, 8)) -> (4776, 195, 4955, t4=t3+(1, 1))	3	62
(2880, 71, 3941, t1) & (2616, 100, 4233, t2=t1+(0, 5)) & (2880, 39, 4233, t3=t2+(0, 3)) -> (2880, 100, 2880, t4=t3+(1, 3))	3	63
(1067, 145, 3254, t1) & (1603, 196, 2955, t2=t1+(0, 5)) & (3254, 98, 2955, t3=t2+(0, 4)) -> (3254, 98, 3254, t4=t3+(1, 6))	3	64
(2923, 90, 2826, t1) & (4840, 0, 2821, t2=t1+(0, 8)) & (4840, 170, 2923, t3=t2+(0, 3)) -> (4840, 0, 2923, t4=t3+(1, 4))	3	65
(3820, 1, 1063, t1) & (1950, 100, 1545, t2=t1+(0, 2)) & (1950, 76, 1063, t3=t2+(0, 2)) -> (1063, 100, 1950, t4=t3+(1, 4))	3	66
(4308, 145, 2839, t1) & (4925, 6, 740, t2=t1+(0, 5)) & (740, 195, 4308, t3=t2+(0, 5)) -> (4925, 6, 740, t4=t3+(1, 4))	3	67
(2450, 145, 1468, t1) & (1918, 45, 4474, t2=t1+(0, 4)) & (1468, 49, 1918, t3=t2+(0, 6)) -> (2450, 145, 1918, t4=t3+(1, 1))	3	68
(1095, 149, 1123, t1) & (4988, 170, 1356, t2=t1+(0, 3)) & (4988, 112, 1095, t3=t2+(0, 2)) -> (1356, 112, 4988, t4=t3+(1, 9))	3	69
(31, 106, 1101, t1) & (4776, 41, 4664, t2=t1+(0, 1)) & (4664, 77, 31, t3=t2+(0, 6)) -> (4776, 41, 4664, t4=t3+(1, 2))	3	70
(3545, 77, 2966, t1) & (3198, 144, 1610, t2=t1+(0, 3)) & (3198, 175, 3545, t3=t2+(0, 5)) -> (1610, 175, 3198, t4=t3+(1, 10))	3	71
(4004, 186, 2897, t1) & (4192, 51, 3198, t2=t1+(0, 1)) & (4192, 133, 2897, t3=t2+(0, 0)) -> (2897, 51, 4192, t4=t3+(1, 5))	3	72
(614, 189, 4664, t1) & (3941, 37, 3881, t2=t1+(0, 9)) & (3941, 189, 614, t3=t2+(0, 7)) -> (3941, 37, 3881, t4=t3+(1, 5))	3	73
(1828, 40, 3227, t1) & (2796, 177, 3017, t2=t1+(0, 3)) & (3017, 127, 3227, t3=t2+(0, 2)) -> (3017, 127, 2796, t4=t3+(1, 4))	3	74
(1095, 49, 2222, t1) & (1018, 36, 1876, t2=t1+(0, 4)) & (1018, 168, 1095, t3=t2+(0, 4)) -> (1095, 36, 2222, t4=t3+(1, 5))	3	75
(53, 63, 3227, t1) & (1206, 193, 139, t2=t1+(0, 6)) & (139, 108, 53, t3=t2+(0, 4)) -> (3227, 108, 139, t4=t3+(1, 2))	3	76
(1030, 54, 3306, t1) & (3336, 137, 4854, t2=t1+(0, 10)) & (1030, 113, 3336, t3=t2+(0, 9)) -> (1030, 113, 4854, t4=t3+(1, 9))	3	77
(1944, 23, 2879, t1) & (317, 146, 1952, t2=t1+(0, 3)) & (2879, 193, 1952, t3=t2+(0, 5)) -> (1944, 193, 2879, t4=t3+(1, 3))	3	78
(430, 32, 3205, t1) & (3227, 112, 1711, t2=t1+(0, 2)) & (430, 135, 1711, t3=t2+(0, 2)) -> (1711, 112, 3227, t4=t3+(1, 5))	3	79
(1615, 114, 4789, t1) & (1355, 189, 2826, t2=t1+(0, 1)) & (1355, 76, 4789, t3=t2+(0, 5)) -> (1355, 189, 4789, t4=t3+(1, 5))	3	80
(4511, 32, 1589, t1) & (861, 76, 2763, t2=t1+(0, 5)) & (2763, 162, 4511, t3=t2+(0, 5)) -> (861, 162, 1589, t4=t3+(1, 5))	3	81
(1566, 105, 227, t1) & (1681, 38, 4471, t2=t1+(0, 6)) & (1681, 40, 227, t3=t2+(0, 5)) -> (227, 38, 1566, t4=t3+(1, 2))	3	82
(3151, 81, 3615, t1) & (3091, 6, 1940, t2=t1+(0, 5)) & (3091, 148, 3615, t3=t2+(0, 6)) -> (3091, 6, 1940, t4=t3+(1, 2))	3	83
(1360, 10, 1974, t1) & (3343, 6, 2480, t2=t1+(0, 8)) & (1360, 183, 2480, t3=t2+(0, 2)) -> (2480, 183, 2480, t4=t3+(1, 7))	3	84
(3244, 22, 1132, t1) & (3456, 47, 2497, t2=t1+(0, 4)) & (3244, 189, 2497, t3=t2+(0, 9)) -> (2497, 189, 2497, t4=t3+(1, 3))	3	85
(4518, 39, 1955, t1) & (2258, 189, 3941, t2=t1+(0, 5)) & (2258, 16, 4518, t3=t2+(0, 3)) -> (4518, 16, 2258, t4=t3+(1, 1))	3	86
(1784, 51, 3566, t1) & (945, 184, 2328, t2=t1+(0, 4)) & (3566, 65, 2328, t3=t2+(0, 3)) -> (2328, 51, 2328, t4=t3+(1, 7))	3	87
(2314, 81, 3598, t1) & (3861, 6, 3343, t2=t1+(0, 2)) & (3343, 186, 3598, t3=t2+(0, 3)) -> (3343, 6, 3343, t4=t3+(1, 6))	3	88
(3648, 106, 151, t1) & (1566, 99, 1487, t2=t1+(0, 4)) & (1487, 38, 3648, t3=t2+(0, 6)) -> (1566, 38, 3648, t4=t3+(1, 7))	3	89
(1384, 161, 2426, t1) & (4471, 157, 2721, t2=t1+(0, 7)) & (2721, 198, 1384, t3=t2+(0, 5)) -> (1384, 161, 4471, t4=t3+(1, 5))	3	90
(253, 1, 2157, t1) & (1841, 156, 3456, t2=t1+(0, 4)) & (1841, 168, 2157, t3=t2+(0, 4)) -> (2157, 168, 253, t4=t3+(1, 5))	3	91
(2866, 79, 883, t1) & (3776, 87, 4215, t2=t1+(0, 5)) & (2866, 92, 3776, t3=t2+(0, 4)) -> (4215, 87, 2866, t4=t3+(1, 2))	3	92
(282, 67, 3941, t1) & (836, 114, 1468, t2=t1+(0, 4)) & (282, 32, 836, t3=t2+(0, 3)) -> (836, 67, 836, t4=t3+(1, 4))	3	93
(2183, 159, 4349, t1) & (1841, 57, 2357, t2=t1+(0, 3)) & (1841, 104, 4349, t3=t2+(0, 4)) -> (2183, 104, 4349, t4=t3+(1, 7))	3	94
(2895, 183, 1337, t1) & (4228, 188, 3265, t2=t1+(0, 3)) & (4228, 38, 2895, t3=t2+(0, 5)) -> (4228, 183, 4228, t4=t3+(1, 6))	3	95
(1841, 13, 377, t1) & (873, 185, 607, t2=t1+(0, 8)) & (377, 144, 873, t3=t2+(0, 6)) -> (377, 185, 1841, t4=t3+(1, 4))	3	96
(4812, 40, 802, t1) & (2730, 69, 740, t2=t1+(0, 2)) & (4812, 24, 740, t3=t2+(0, 8)) -> (740, 24, 802, t4=t3+(1, 3))	3	97
(3172, 119, 1681, t1) & (877, 183, 1403, t2=t1+(0, 8)) & (877, 58, 1681, t3=t2+(0, 5)) -> (877, 119, 877, t4=t3+(1, 3))	3	98
(3706, 75, 2628, t1) & (4055, 169, 4505, t2=t1+(0, 4)) & (3706, 124, 4505, t3=t2+(0, 4)) -> (4505, 169, 2628, t4=t3+(1, 4))	3	99
(2070, 138, 4257, t1) & (2070, 45, 4257, t2=t1+(0, 8)) -> (2070, 45, 4257, t3=t2+(1, 5))	2	100
(3798, 41, 279, t1) & (279, 51, 279, t2=t1+(0, 7)) -> (279, 51, 279, t3=t2+(1, 4))	2	101
(3388, 197, 3820, t1) & (3388, 185, 3820, t2=t1+(0, 7)) -> (3388, 185, 3388, t3=t2+(1, 6))	2	102
(4232, 195, 1224, t1) & (1224, 88, 1690, t2=t1+(0, 3)) -> (1224, 88, 1690, t3=t2+(1, 5))	2	103
(2328, 28, 1177, t1) & (1177, 26, 4097, t2=t1+(0, 2)) -> (1177, 26, 2328, t3=t2+(1, 2))	2	104
(4407, 19, 3260, t1) & (4407, 112, 3260, t2=t1+(0, 2)) -> (4407, 19, 3260, t3=t2+(1, 1))	2	105
(2328, 51, 4437, t1) & (2328, 81, 3456, t2=t1+(0, 0)) -> (3456, 51, 2328, t3=t2+(1, 6))	2	106
(4192, 162, 3722, t1) & (3722, 37, 2973, t2=t1+(0, 5)) -> (4192, 37, 3722, t3=t2+(1, 5))	2	107
(1202, 30, 3941, t1) & (1202, 180, 153, t2=t1+(0, 5)) -> (1202, 30, 3941, t3=t2+(1, 2))	2	108
(1115, 195, 1532, t1) & (1115, 127, 4232, t2=t1+(0, 6)) -> (1532, 195, 4232, t3=t2+(1, 3))	2	109
(340, 1, 3090, t1) & (3090, 185, 1858, t2=t1+(0, 2)) -> (3090, 185, 340, t3=t2+(1, 6))	2	110
(2480, 108, 115, t1) & (549, 99, 2480, t2=t1+(0, 5)) -> (2480, 108, 549, t3=t2+(1, 7))	2	111
(2443, 189, 2240, t1) & (2240, 185, 2240, t2=t1+(0, 11)) -> (2240, 189, 2443, t3=t2+(1, 4))	2	112
(2060, 144, 2700, t1) & (2060, 43, 1615, t2=t1+(0, 4)) -> (2700, 43, 2060, t3=t2+(1, 6))	2	113
(1681, 7, 4257, t1) & (4257, 9, 549, t2=t1+(0, 6)) -> (4257, 9, 4257, t3=t2+(1, 2))	2	114
(3451, 106, 2142, t1) & (2142, 75, 3451, t2=t1+(0, 5)) -> (3451, 75, 2142, t3=t2+(1, 4))	2	115
(2135, 100, 1335, t1) & (2135, 6, 3091, t2=t1+(0, 7)) -> (2135, 6, 2135, t3=t2+(1, 7))	2	116
(434, 149, 4927, t1) & (740, 67, 4927, t2=t1+(0, 10)) -> (4927, 67, 740, t3=t2+(1, 2))	2	117
(3046, 8, 3164, t1) & (704, 85, 3164, t2=t1+(0, 2)) -> (3164, 8, 3164, t3=t2+(1, 8))	2	118
(3456, 41, 4550, t1) & (3343, 63, 3456, t2=t1+(0, 4)) -> (3456, 63, 3343, t3=t2+(1, 4))	2	119
(1755, 121, 381, t1) & (3566, 162, 1755, t2=t1+(0, 5)) -> (1755, 121, 381, t3=t2+(1, 2))	2	120
(3711, 7, 3343, t1) & (3711, 64, 3343, t2=t1+(0, 4)) -> (3711, 64, 3343, t3=t2+(1, 4))	2	121
(4518, 67, 817, t1) & (4518, 162, 4819, t2=t1+(0, 7)) -> (4819, 162, 4819, t3=t2+(1, 6))	2	122
(4461, 1, 2037, t1) & (2037, 67, 4461, t2=t1+(0, 8)) -> (2037, 1, 2037, t3=t2+(1, 3))	2	123
(1883, 187, 4596, t1) & (3884, 195, 4596, t2=t1+(0, 3)) -> (4596, 195, 4596, t3=t2+(1, 5))	2	124
(624, 126, 1905, t1) & (1681, 192, 1905, t2=t1+(0, 6)) -> (1681, 192, 1905, t3=t2+(1, 6))	2	125
(1628, 140, 2521, t1) & (2521, 116, 2521, t2=t1+(0, 2)) -> (2521, 116, 2521, t3=t2+(1, 8))	2	126
(3027, 77, 3776, t1) & (2264, 45, 3776, t2=t1+(0, 4)) -> (3776, 77, 3776, t3=t2+(1, 3))	2	127
(1087, 181, 2628, t1) & (1087, 43, 2628, t2=t1+(0, 6)) -> (2628, 181, 2628, t3=t2+(1, 6))	2	128
(3692, 135, 829, t1) & (3692, 183, 3053, t2=t1+(0, 2)) -> (829, 183, 829, t3=t2+(1, 4))	2	129
(2828, 90, 2249, t1) & (2828, 49, 817, t2=t1+(0, 5)) -> (2828, 90, 2828, t3=t2+(1, 1))	2	130
(2629, 38, 3820, t1) & (3706, 196, 3820, t2=t1+(0, 5)) -> (3820, 38, 2629, t3=t2+(1, 2))	2	131
(4397, 40, 3456, t1) & (3456, 98, 3041, t2=t1+(0, 4)) -> (3456, 98, 3456, t3=t2+(1, 5))	2	132
(3256, 127, 1356, t1) & (1356, 131, 3256, t2=t1+(0, 7)) -> (3256, 131, 3256, t3=t2+(1, 3))	2	133
(4946, 195, 4776, t1) & (2686, 75, 4946, t2=t1+(0, 2)) -> (2686, 195, 4946, t3=t2+(1, 5))	2	134
(4474, 113, 3608, t1) & (3608, 40, 3608, t2=t1+(0, 4)) -> (4474, 40, 3608, t3=t2+(1, 4))	2	135
(2895, 112, 811, t1) & (811, 76, 2895, t2=t1+(0, 9)) -> (811, 76, 2895, t3=t2+(1, 7))	2	136
(2730, 137, 817, t1) & (817, 157, 193, t2=t1+(0, 4)) -> (193, 157, 2730, t3=t2+(1, 6))	2	137
(2708, 28, 17, t1) & (17, 185, 2708, t2=t1+(0, 6)) -> (2708, 28, 2708, t3=t2+(1, 5))	2	138
(3198, 180, 3220, t1) & (3220, 143, 2801, t2=t1+(0, 4)) -> (3220, 143, 2801, t3=t2+(1, 9))	2	139
(4490, 111, 3448, t1) & (4490, 197, 1056, t2=t1+(0, 3)) -> (1056, 111, 4490, t3=t2+(1, 4))	2	140
(142, 108, 2553, t1) & (1499, 49, 142, t2=t1+(0, 6)) -> (2553, 49, 1499, t3=t2+(1, 3))	2	141
(260, 199, 3941, t1) & (260, 150, 3545, t2=t1+(0, 4)) -> (3941, 199, 260, t3=t2+(1, 2))	2	142
(4546, 125, 3566, t1) & (3566, 185, 4546, t2=t1+(0, 5)) -> (4546, 185, 3566, t3=t2+(1, 10))	2	143
(4228, 157, 3497, t1) & (4228, 185, 3497, t2=t1+(0, 7)) -> (3497, 157, 3497, t3=t2+(1, 6))	2	144
(3820, 143, 782, t1) & (3820, 101, 782, t2=t1+(0, 5)) -> (782, 101, 782, t3=t2+(1, 3))	2	145
(4917, 144, 1132, t1) & (1132, 49, 2106, t2=t1+(0, 5)) -> (2106, 49, 4917, t3=t2+(1, 6))	2	146
(461, 36, 3624, t1) & (758, 26, 461, t2=t1+(0, 3)) -> (461, 26, 3624, t3=t2+(1, 3))	2	147
(3094, 63, 1390, t1) & (3094, 164, 3256, t2=t1+(0, 7)) -> (3094, 164, 3256, t3=t2+(1, 4))	2	148
(3570, 20, 2442, t1) & (2442, 1, 3570, t2=t1+(0, 3)) -> (2442, 20, 3570, t3=t2+(1, 2))	2	149
(2536, 186, 1940, t1) & (1940, 180, 1179, t2=t1+(0, 6)) -> (1940, 180, 2536, t3=t2+(1, 4))	2	150
(783, 185, 220, t1) & (220, 145, 220, t2=t1+(0, 2)) -> (220, 145, 783, t3=t2+(1, 1))	2	151
(2068, 186, 787, t1) & (787, 76, 2068, t2=t1+(0, 4)) -> (2068, 186, 787, t3=t2+(1, 2))	2	152
(2733, 24, 2157, t1) & (2157, 45, 2157, t2=t1+(0, 7)) -> (2157, 24, 2733, t3=t2+(1, 7))	2	153
(1486, 185, 1356, t1) & (2258, 192, 1486, t2=t1+(0, 3)) -> (1356, 185, 1356, t3=t2+(1, 6))	2	154
(2157, 38, 287, t1) & (2475, 188, 287, t2=t1+(0, 2)) -> (2157, 38, 2157, t3=t2+(1, 4))	2	155
(2993, 176, 2106, t1) & (2106, 145, 1277, t2=t1+(0, 5)) -> (1277, 176, 2993, t3=t2+(1, 8))	2	156
(1610, 11, 2110, t1) & (4369, 30, 1610, t2=t1+(0, 5)) -> (4369, 30, 2110, t3=t2+(1, 8))	2	157
(1815, 105, 3030, t1) & (1815, 114, 3776, t2=t1+(0, 3)) -> (1815, 114, 3776, t3=t2+(1, 10))	2	158
(2183, 40, 2563, t1) & (2183, 2, 2563, t2=t1+(0, 4)) -> (2183, 2, 2183, t3=t2+(1, 6))	2	159
(2691, 166, 4256, t1) & (4256, 134, 2691, t2=t1+(0, 6)) -> (4256, 166, 2691, t3=t2+(1, 4))	2	160
(3811, 105, 2908, t1) & (4256, 81, 3811, t2=t1+(0, 6)) -> (3811, 105, 3811, t3=t2+(1, 7))	2	161
(4466, 32, 362, t1) & (4466, 10, 4466, t2=t1+(0, 2)) -> (4466, 32, 4466, t3=t2+(1, 5))	2	162
(1940, 164, 4776, t1) & (4776, 24, 4024, t2=t1+(0, 7)) -> (4776, 164, 4776, t3=t2+(1, 5))	2	163
(4393, 76, 3949, t1) & (3949, 20, 4371, t2=t1+(0, 3)) -> (4393, 20, 3949, t3=t2+(1, 2))	2	164
(1615, 45, 2183, t1) & (2183, 77, 362, t2=t1+(0, 8)) -> (2183, 77, 362, t3=t2+(1, 5))	2	165
(4131, 36, 1818, t1) & (1205, 185, 1818, t2=t1+(0, 3)) -> (1818, 36, 1205, t3=t2+(1, 5))	2	166
(883, 170, 2037, t1) & (2037, 185, 883, t2=t1+(0, 6)) -> (2037, 185, 883, t3=t2+(1, 5))	2	167
(3543, 184, 1865, t1) & (3301, 131, 3543, t2=t1+(0, 6)) -> (3543, 184, 3301, t3=t2+(1, 6))	2	168
(3497, 100, 2721, t1) & (3497, 106, 3497, t2=t1+(0, 5)) -> (2721, 100, 3497, t3=t2+(1, 5))	2	169
(1089, 198, 267, t1) & (267, 54, 267, t2=t1+(0, 6)) -> (267, 198, 267, t3=t2+(1, 6))	2	170
(205, 112, 510, t1) & (510, 7, 3159, t2=t1+(0, 4)) -> (3159, 7, 3159, t3=t2+(1, 2))	2	171
(3254, 28, 4340, t1) & (3254, 71, 2081, t2=t1+(0, 4)) -> (3254, 71, 3254, t3=t2+(1, 10))	2	172
(2070, 49, 4812, t1) & (4812, 187, 1615, t2=t1+(0, 5)) -> (4812, 187, 4812, t3=t2+(1, 4))	2	173
(3909, 99, 3861, t1) & (3861, 109, 3861, t2=t1+(0, 4)) -> (3861, 99, 3861, t3=t2+(1, 5))	2	174
(1177, 51, 1755, t1) & (1851, 185, 1177, t2=t1+(0, 5)) -> (1177, 51, 1755, t3=t2+(1, 2))	2	175
(2417, 98, 829, t1) & (4560, 28, 2417, t2=t1+(0, 9)) -> (4560, 28, 2417, t3=t2+(1, 9))	2	176
(4311, 39, 1490, t1) & (1490, 1, 4311, t2=t1+(0, 3)) -> (4311, 39, 1490, t3=t2+(1, 1))	2	177
(4620, 146, 2426, t1) & (802, 189, 2426, t2=t1+(0, 1)) -> (4620, 146, 4620, t3=t2+(1, 8))	2	178
(3982, 143, 3587, t1) & (3648, 145, 3587, t2=t1+(0, 5)) -> (3982, 145, 3982, t3=t2+(1, 3))	2	179
(2908, 76, 3886, t1) & (3886, 125, 2293, t2=t1+(0, 3)) -> (2293, 125, 3886, t3=t2+(1, 5))	2	180
(1173, 37, 4386, t1) & (2942, 54, 1173, t2=t1+(0, 4)) -> (4386, 54, 1173, t3=t2+(1, 7))	2	181
(1132, 167, 1815, t1) & (2060, 104, 1815, t2=t1+(0, 4)) -> (1815, 167, 2060, t3=t2+(1, 4))	2	182
(1909, 170, 3750, t1) & (3091, 38, 3750, t2=t1+(0, 7)) -> (3091, 38, 3750, t3=t2+(1, 3))	2	183
(2137, 76, 4164, t1) & (1700, 185, 2137, t2=t1+(0, 6)) -> (4164, 185, 1700, t3=t2+(1, 8))	2	184
(1974, 185, 2213, t1) & (1974, 67, 600, t2=t1+(0, 6)) -> (1974, 185, 1974, t3=t2+(1, 7))	2	185
(2424, 45, 1628, t1) & (2424, 49, 3569, t2=t1+(0, 2)) -> (3569, 45, 1628, t3=t2+(1, 6))	2	186
(4055, 6, 3566, t1) & (4055, 76, 3566, t2=t1+(0, 6)) -> (4055, 76, 3566, t3=t2+(1, 7))	2	187
(2942, 72, 381, t1) & (2942, 143, 381, t2=t1+(0, 10)) -> (2942, 143, 2942, t3=t2+(1, 5))	2	188
(4755, 1, 4228, t1) & (4755, 67, 3737, t2=t1+(0, 7)) -> (3737, 67, 4755, t3=t2+(1, 5))	2	189
(1386, 19, 4933, t1) & (1386, 40, 4933, t2=t1+(0, 4)) -> (1386, 40, 1386, t3=t2+(1, 3))	2	190
(3598, 76, 1101, t1) & (4819, 1, 1101, t2=t1+(0, 9)) -> (3598, 1, 1101, t3=t2+(1, 5))	2	191
(817, 90, 3260, t1) & (4217, 64, 817, t2=t1+(0, 6)) -> (817, 64, 817, t3=t2+(1, 4))	2	192
(4471, 125, 1468, t1) & (1560, 123, 4471, t2=t1+(0, 3)) -> (1468, 125, 4471, t3=t2+(1, 2))	2	193
(2826, 43, 2721, t1) & (133, 7, 2826, t2=t1+(0, 4)) -> (2826, 7, 133, t3=t2+(1, 7))	2	194
(1536, 40, 3460, t1) & (2700, 145, 3460, t2=t1+(0, 3)) -> (1536, 40, 3460, t3=t2+(1, 6))	2	195
(2171, 45, 3239, t1) & (175, 16, 2171, t2=t1+(0, 5)) -> (2171, 45, 175, t3=t2+(1, 2))	2	196
(1615, 84, 4925, t1) & (710, 173, 4925, t2=t1+(0, 3)) -> (1615, 173, 1615, t3=t2+(1, 3))	2	197
(3439, 195, 2628, t1) & (3439, 145, 142, t2=t1+(0, 2)) -> (142, 195, 3439, t3=t2+(1, 4))	2	198
(1883, 189, 3977, t1) & (1883, 1, 1858, t2=t1+(0, 8)) -> (1858, 189, 1858, t3=t2+(1, 7))	2	199
(2676, 59, 4164, t1) -> (2676, 59, 4164, t2=t1+(1, 3))	1	200
(2079, 49, 3798, t1) -> (2079, 49, 3798, t2=t1+(1, 1))	1	201
(2293, 167, 841, t1) -> (841, 167, 2293, t2=t1+(1, 6))	1	202
(2053, 7, 2908, t1) -> (2053, 7, 2053, t2=t1+(1, 3))	1	203
(879, 186, 783, t1) -> (783, 186, 783, t2=t1+(1, 3))	1	204
(4623, 100, 0, t1) -> (4623, 100, 4623, t2=t1+(1, 3))	1	205
(2247, 118, 1360, t1) -> (1360, 118, 2247, t2=t1+(1, 5))	1	206
(1087, 65, 1615, t1) -> (1615, 65, 1615, t2=t1+(1, 3))	1	207
(3646, 30, 3343, t1) -> (3343, 30, 3646, t2=t1+(1, 4))	1	208
(2450, 64, 266, t1) -> (266, 64, 2450, t2=t1+(1, 5))	1	209
(1169, 13, 267, t1) -> (267, 13, 1169, t2=t1+(1, 5))	1	210
(1389, 67, 1318, t1) -> (1318, 67, 1318, t2=t1+(1, 4))	1	211
(3615, 81, 617, t1) -> (3615, 81, 617, t2=t1+(1, 5))	1	212
(1610, 162, 4812, t1) -> (4812, 162, 1610, t2=t1+(1, 3))	1	213
(4031, 90, 4371, t1) -> (4371, 90, 4371, t2=t1+(1, 5))	1	214
(3889, 184, 740, t1) -> (3889, 184, 740, t2=t1+(1, 7))	1	215
(2942, 27, 783, t1) -> (2942, 27, 2942, t2=t1+(1, 3))	1	216
(534, 188, 3723, t1) -> (3723, 188, 534, t2=t1+(1, 1))	1	217
(2480, 175, 3776, t1) -> (3776, 175, 3776, t2=t1+(1, 8))	1	218
(4092, 41, 1769, t1) -> (4092, 41, 4092, t2=t1+(1, 2))	1	219
(4819, 41, 1858, t1) -> (1858, 41, 4819, t2=t1+(1, 5))	1	220
(3545, 81, 4389, t1) -> (4389, 81, 4389, t2=t1+(1, 4))	1	221
(2777, 67, 2992, t1) -> (2992, 67, 2992, t2=t1+(1, 5))	1	222
(759, 185, 2536, t1) -> (2536, 185, 759, t2=t1+(1, 4))	1	223
(3953, 79, 1532, t1) -> (1532, 79, 1532, t2=t1+(1, 1))	1	224
(2708, 9, 1005, t1) -> (2708, 9, 1005, t2=t1+(1, 3))	1	225
(955, 196, 1700, t1) -> (955, 196, 955, t2=t1+(1, 8))	1	226
(1655, 77, 607, t1) -> (1655, 77, 607, t2=t1+(1, 3))	1	227
(1179, 189, 3157, t1) -> (3157, 189, 1179, t2=t1+(1, 2))	1	228
(2236, 120, 4105, t1) -> (2236, 120, 2236, t2=t1+(1, 3))	1	229
(4776, 124, 3759, t1) -> (3759, 124, 3759, t2=t1+(1, 4))	1	230
(1812, 67, 1224, t1) -> (1812, 67, 1812, t2=t1+(1, 12))	1	231
(1089, 35, 3336, t1) -> (1089, 35, 1089, t2=t1+(1, 8))	1	232
(1063, 173, 4511, t1) -> (1063, 173, 4511, t2=t1+(1, 5))	1	233
(473, 7, 2563, t1) -> (2563, 7, 473, t2=t1+(1, 3))	1	234
(139, 51, 4079, t1) -> (139, 51, 4079, t2=t1+(1, 1))	1	235
(2730, 75, 2908, t1) -> (2908, 75, 2908, t2=t1+(1, 6))	1	236
(607, 107, 28, t1) -> (607, 107, 607, t2=t1+(1, 3))	1	237
(1615, 186, 601, t1) -> (1615, 186, 601, t2=t1+(1, 8))	1	238
(2521, 68, 4812, t1) -> (4812, 68, 4812, t2=t1+(1, 4))	1	239
(2828, 77, 4819, t1) -> (2828, 77, 2828, t2=t1+(1, 4))	1	240
(4164, 13, 2340, t1) -> (2340, 13, 2340, t2=t1+(1, 5))	1	241
(2730, 67, 1132, t1) -> (1132, 67, 2730, t2=t1+(1, 4))	1	242
(3884, 77, 1101, t1) -> (3884, 77, 3884, t2=t1+(1, 6))	1	243
(1615, 183, 978, t1) -> (1615, 183, 978, t2=t1+(1, 8))	1	244
(3886, 101, 2665, t1) -> (2665, 101, 3886, t2=t1+(1, 7))	1	245
(4735, 186, 2314, t1) -> (2314, 186, 2314, t2=t1+(1, 6))	1	246
(3227, 28, 1757, t1) -> (3227, 28, 3227, t2=t1+(1, 6))	1	247
(1214, 140, 1101, t1) -> (1101, 140, 1214, t2=t1+(1, 6))	1	248
(263, 36, 3819, t1) -> (3819, 36, 3819, t2=t1+(1, 8))	1	249
(4818, 47, 260, t1) -> (260, 47, 4818, t2=t1+(1, 8))	1	250
(2611, 170, 570, t1) -> (570, 170, 2611, t2=t1+(1, 4))	1	251
(2157, 141, 4537, t1) -> (4537, 141, 2157, t2=t1+(1, 6))	1	252
(3696, 26, 253, t1) -> (253, 26, 3696, t2=t1+(1, 4))	1	253
(2299, 1, 422, t1) -> (422, 1, 2299, t2=t1+(1, 7))	1	254
(4776, 28, 3352, t1) -> (3352, 28, 4776, t2=t1+(1, 3))	1	255
(778, 43, 3633, t1) -> (778, 43, 3633, t2=t1+(1, 7))	1	256
(3811, 113, 4302, t1) -> (4302, 113, 4302, t2=t1+(1, 4))	1	257
(817, 45, 1615, t1) -> (1615, 45, 1615, t2=t1+(1, 4))	1	258
(748, 165, 226, t1) -> (748, 165, 226, t2=t1+(1, 6))	1	259
(1815, 170, 4363, t1) -> (4363, 170, 1815, t2=t1+(1, 5))	1	260
(3017, 112, 1815, t1) -> (3017, 112, 3017, t2=t1+(1, 5))	1	261
(114, 67, 2883, t1) -> (2883, 67, 114, t2=t1+(1, 2))	1	262
(3260, 67, 1209, t1) -> (1209, 67, 1209, t2=t1+(1, 10))	1	263
(1349, 6, 2962, t1) -> (2962, 6, 1349, t2=t1+(1, 4))	1	264
(787, 131, 1554, t1) -> (787, 131, 787, t2=t1+(1, 3))	1	265
(2039, 141, 4349, t1) -> (2039, 141, 4349, t2=t1+(1, 2))	1	266
(3692, 16, 2866, t1) -> (2866, 16, 2866, t2=t1+(1, 5))	1	267
(1788, 79, 4873, t1) -> (1788, 79, 1788, t2=t1+(1, 2))	1	268
(2318, 150, 4521, t1) -> (4521, 150, 2318, t2=t1+(1, 4))	1	269
(2106, 18, 4232, t1) -> (4232, 18, 2106, t2=t1+(1, 1))	1	270
(3661, 143, 3053, t1) -> (3053, 143, 3053, t2=t1+(1, 2))	1	271
(3941, 157, 4341, t1) -> (3941, 157, 4341, t2=t1+(1, 2))	1	272
(4045, 158, 3254, t1) -> (3254, 158, 4045, t2=t1+(1, 7))	1	273
(3220, 26, 3094, t1) -> (3094, 26, 3094, t2=t1+(1, 5))	1	274
(263, 72, 1132, t1) -> (263, 72, 1132, t2=t1+(1, 2))	1	275
(2213, 122, 428, t1) -> (428, 122, 2213, t2=t1+(1, 3))	1	276
(4471, 12, 1096, t1) -> (4471, 12, 1096, t2=t1+(1, 9))	1	277
(2858, 188, 2736, t1) -> (2858, 188, 2736, t2=t1+(1, 8))	1	278
(1461, 177, 2242, t1) -> (2242, 177, 2242, t2=t1+(1, 6))	1	279
(4569, 100, 2869, t1) -> (4569, 100, 2869, t2=t1+(1, 7))	1	280
(153, 195, 2563, t1) -> (2563, 195, 153, t2=t1+(1, 4))	1	281
(704, 12, 642, t1) -> (704, 12, 704, t2=t1+(1, 5))	1	282
(3151, 74, 1276, t1) -> (3151, 74, 1276, t2=t1+(1, 8))	1	283
(3543, 114, 4117, t1) -> (4117, 114, 4117, t2=t1+(1, 5))	1	284
(1101, 63, 1049, t1) -> (1101, 63, 1049, t2=t1+(1, 3))	1	285
(4819, 158, 390, t1) -> (390, 158, 4819, t2=t1+(1, 2))	1	286
(377, 65, 4007, t1) -> (4007, 65, 4007, t2=t1+(1, 2))	1	287
(879, 51, 2171, t1) -> (2171, 51, 879, t2=t1+(1, 3))	1	288
(3051, 140, 267, t1) -> (267, 140, 3051, t2=t1+(1, 5))	1	289
(607, 118, 2633, t1) -> (607, 118, 607, t2=t1+(1, 11))	1	290
(2908, 197, 601, t1) -> (601, 197, 601, t2=t1+(1, 6))	1	291
(206, 122, 362, t1) -> (362, 122, 206, t2=t1+(1, 6))	1	292
(4311, 98, 463, t1) -> (4311, 98, 4311, t2=t1+(1, 3))	1	293
(1937, 185, 3706, t1) -> (1937, 185, 3706, t2=t1+(1, 8))	1	294
(3820, 189, 883, t1) -> (3820, 189, 883, t2=t1+(1, 9))	1	295
(1554, 147, 2708, t1) -> (2708, 147, 1554, t2=t1+(1, 3))	1	296
(1318, 84, 3598, t1) -> (3598, 84, 1318, t2=t1+(1, 3))	1	297
(3945, 156, 4511, t1) -> (3945, 156, 4511, t2=t1+(1, 1))	1	298
(2942, 19, 340, t1) -> (2942, 19, 340, t2=t1+(1, 8))	1	299
