(3697, 160, 2740, t1) & (2905, 161, 752, t2=t1+(0, 4)) & (2740, 167, 2905, t3=t2+(0, 6)) -> (2740, 160, 2905, t4=t3+(1, 4))	3	0
(4356, 76, 1090, t1) & (3661, 110, 1810, t2=t1+(0, 8)) & (1090, 64, 1810, t3=t2+(0, 6)) -> (4356, 64, 3661, t4=t3+(1, 9))	3	1
(3163, 76, 2793, t1) & (1974, 52, 159, t2=t1+(0, 6)) & (159, 14, 2793, t3=t2+(0, 4)) -> (159, 52, 1974, t4=t3+(1, 6))	3	2
(1858, 30, 2537, t1) & (1918, 103, 390, t2=t1+(0, 3)) & (390, 61, 2537, t3=t2+(0, 3)) -> (1858, 61, 1858, t4=t3+(1, 7))	3	3
(641, 89, 2923, t1) & (2319, 35, 4033, t2=t1+(0, 3)) & (641, 179, 2319, t3=t2+(0, 4)) -> (641, 89, 641, t4=t3+(1, 7))	3	4
(4991, 54, 4677, t1) & (3121, 119, 545, t2=t1+(0, 2)) & (4991, 146, 3121, t3=t2+(0, 7)) -> (4991, 146, 545, t4=t3+(1, 4))	3	5
(619, 113, 4046, t1) & (4803, 185, 4716, t2=t1+(0, 4)) & (4803, 9, 4046, t3=t2+(0, 7)) -> (4046, 185, 4046, t4=t3+(1, 4))	3	6
(4167, 139, 4477, t1) & (1441, 188, 4606, t2=t1+(0, 3)) & (1441, 172, 4167, t3=t2+(0, 4)) -> (1441, 172, 4477, t4=t3+(1, 6))	3	7
(526, 41, 588, t1) & (884, 71, 3166, t2=t1+(0, 5)) & (526, 12, 3166, t3=t2+(0, 7)) -> (526, 71, 588, t4=t3+(1, 5))	3	8
(3425, 0, 3899, t1) & (1703, 137, 3255, t2=t1+(0, 4)) & (1703, 4, 3899, t3=t2+(0, 4)) -> (3425, 0, 3255, t4=t3+(1, 5))	3	9
(1353, 80, 1884, t1) & (2786, 171, 2348, t2=t1+(0, 5)) & (2786, 26, 1353, t3=t2+(0, 7)) -> (2786, 80, 2786, t4=t3+(1, 6))	3	10
(1305, 65, 4555, t1) & (3304, 43, 3288, t2=t1+(0, 4)) & (3304, 63, 4555, t3=t2+(0, 5)) -> (4555, 63, 3288, t4=t3+(1, 1))	3	11
(1089, 127, 1796, t1) & (1024, 104, 272, t2=t1+(0, 4)) & (272, 53, 1796, t3=t2+(0, 8)) -> (272, 127, 1089, t4=t3+(1, 4))	3	12
(2573, 107, 2455, t1) & (3036, 16, 776, t2=t1+(0, 8)) & (776, 72, 2455, t3=t2+(0, 7)) -> (3036, 72, 2455, t4=t3+(1, 7))	3	13
(248, 93, 3583, t1) & (2880, 140, 320, t2=t1+(0, 2)) & (3583, 97, 320, t3=t2+(0, 5)) -> (3583, 140, 2880, t4=t3+(1, 6))	3	14
(968, 22, 2791, t1) & (3125, 141, 2372, t2=t1+(0, 2)) & (968, 136, 2372, t3=t2+(0, 5)) -> (3125, 136, 2372, t4=t3+(1, 4))	3	15
(84, 147, 2368, t1) & (3133, 93, 4458, t2=t1+(0, 11)) & (3133, 41, 2368, t3=t2+(0, 3)) -> (3133, 147, 2368, t4=t3+(1, 6))	3	16
(132, 5, 3589, t1) & (760, 180, 2454, t2=t1+(0, 4)) & (132, 118, 760, t3=t2+(0, 9)) -> (132, 118, 760, t4=t3+(1, 5))	3	17
(2326, 87, 3352, t1) & (2432, 177, 4162, t2=t1+(0, 6)) & (3352, 84, 2432, t3=t2+(0, 7)) -> (3352, 84, 2432, t4=t3+(1, 3))	3	18
(694, 36, 624, t1) & (4001, 73, 179, t2=t1+(0, 4)) & (694, 145, 4001, t3=t2+(0, 7)) -> (694, 145, 4001, t4=t3+(1, 6))	3	19
(1227, 186, 3477, t1) & (2928, 102, 3862, t2=t1+(0, 6)) & (2928, 47, 1227, t3=t2+(0, 7)) -> (1227, 47, 1227, t4=t3+(1, 4))	3	20
(404, 142, 4725, t1) & (3439, 163, 1972, t2=t1+(0, 7)) & (404, 173, 1972, t3=t2+(0, 5)) -> (3439, 173, 1972, t4=t3+(1, 7))	3	21
(3405, 57, 4541, t1) & (3962, 47, 958, t2=t1+(0, 4)) & (3962, 105, 4541, t3=t2+(0, 10)) -> (3962, 47, 3962, t4=t3+(1, 6))	3	22
(256, 156, 2659, t1) & (4411, 99, 2606, t2=t1+(0, 4)) & (2606, 190, 256, t3=t2+(0, 7)) -> (256, 190, 2606, t4=t3+(1, 1))	3	23
(3711, 110, 1688, t1) & (3832, 66, 3037, t2=t1+(0, 3)) & (1688, 43, 3037, t3=t2+(0, 4)) -> (1688, 66, 1688, t4=t3+(1, 7))	3	24
(4746, 20, 1915, t1) & (1915, 144, 1915, t2=t1+(0, 10)) -> (1915, 20, 1915, t3=t2+(1, 5))	2	25
(3587, 15, 1715, t1) & (3587, 121, 3587, t2=t1+(0, 5)) -> (3587, 15, 3587, t3=t2+(1, 6))	2	26
(2974, 123, 4438, t1) & (2974, 145, 4438, t2=t1+(0, 4)) -> (2974, 145, 2974, t3=t2+(1, 9))	2	27
(3293, 13, 3429, t1) & (3429, 125, 3293, t2=t1+(0, 4)) -> (3293, 13, 3293, t3=t2+(1, 2))	2	28
(1879, 192, 217, t1) & (217, 89, 1105, t2=t1+(0, 2)) -> (217, 89, 217, t3=t2+(1, 5))	2	29
(1706, 44, 2579, t1) & (2579, 8, 1747, t2=t1+(0, 4)) -> (1747, 44, 1706, t3=t2+(1, 5))	2	30
(1068, 89, 3610, t1) & (2453, 166, 3610, t2=t1+(0, 4)) -> (3610, 89, 3610, t3=t2+(1, 8))	2	31
(4924, 26, 4300, t1) & (4300, 21, 714, t2=t1+(0, 2)) -> (4300, 21, 4300, t3=t2+(1, 2))	2	32
(3122, 120, 2102, t1) & (2102, 67, 2102, t2=t1+(0, 5)) -> (2102, 67, 2102, t3=t2+(1, 7))	2	33
(158, 50, 901, t1) & (3899, 30, 158, t2=t1+(0, 7)) -> (158, 50, 158, t3=t2+(1, 2))	2	34
(1409, 115, 2302, t1) & (1409, 166, 1409, t2=t1+(0, 5)) -> (1409, 166, 1409, t3=t2+(1, 6))	2	35
(1678, 129, 140, t1) & (4705, 108, 1678, t2=t1+(0, 6)) -> (1678, 129, 4705, t3=t2+(1, 4))	2	36
(1590, 48, 1855, t1) & (1855, 4, 1855, t2=t1+(0, 3)) -> (1855, 48, 1855, t3=t2+(1, 4))	2	37
(478, 151, 2930, t1) & (2930, 45, 4654, t2=t1+(0, 4)) -> (478, 45, 2930, t3=t2+(1, 4))	2	38
(4087, 127, 771, t1) & (4087, 141, 771, t2=t1+(0, 4)) -> (4087, 127, 771, t3=t2+(1, 5))	2	39
(3339, 186, 68, t1) & (68, 124, 4444, t2=t1+(0, 5)) -> (4444, 124, 68, t3=t2+(1, 6))	2	40
(2930, 0, 4173, t1) & (2930, 191, 2930, t2=t1+(0, 2)) -> (4173, 191, 4173, t3=t2+(1, 3))	2	41
(3986, 118, 1446, t1) & (4133, 178, 3986, t2=t1+(0, 6)) -> (3986, 118, 1446, t3=t2+(1, 4))	2	42
(1214, 73, 1474, t1) & (1214, 158, 4465, t2=t1+(0, 1)) -> (4465, 158, 1214, t3=t2+(1, 3))	2	43
(4137, 29, 4561, t1) & (3122, 188, 4561, t2=t1+(0, 11)) -> (3122, 188, 4137, t3=t2+(1, 2))	2	44
(2852, 188, 82, t1) & (82, 35, 2182, t2=t1+(0, 4)) -> (82, 188, 82, t3=t2+(1, 2))	2	45
(3499, 7, 2799, t1) & (359, 167, 3499, t2=t1+(0, 5)) -> (359, 7, 3499, t3=t2+(1, 3))	2	46
(2928, 172, 4798, t1) & (4040, 115, 2928, t2=t1+(0, 4)) -> (2928, 115, 4040, t3=t2+(1, 6))	2	47
(2614, 199, 2231, t1) & (2231, 13, 2614, t2=t1+(0, 4)) -> (2231, 199, 2231, t3=t2+(1, 7))	2	48
(348, 2, 2554, t1) & (3349, 164, 348, t2=t1+(0, 4)) -> (348, 164, 348, t3=t2+(1, 7))	2	49
(716, 55, 1016, t1) & (1016, 132, 2363, t2=t1+(0, 8)) -> (2363, 55, 1016, t3=t2+(1, 7))	2	50
(3701, 94, 4464, t1) & (3701, 172, 4559, t2=t1+(0, 4)) -> (3701, 94, 3701, t3=t2+(1, 7))	2	51
(2685, 110, 4704, t1) & (2685, 43, 4704, t2=t1+(0, 6)) -> (2685, 110, 2685, t3=t2+(1, 9))	2	52
(2888, 124, 4239, t1) & (4239, 40, 4239, t2=t1+(0, 3)) -> (2888, 124, 4239, t3=t2+(1, 2))	2	53
(2099, 21, 4659, t1) & (324, 168, 2099, t2=t1+(0, 7)) -> (4659, 21, 4659, t3=t2+(1, 7))	2	54
(4047, 95, 2443, t1) & (1057, 183, 2443, t2=t1+(0, 3)) -> (2443, 183, 2443, t3=t2+(1, 5))	2	55
(651, 177, 1809, t1) & (4098, 31, 651, t2=t1+(0, 9)) -> (651, 177, 1809, t3=t2+(1, 9))	2	56
(4582, 112, 1150, t1) & (4696, 199, 1150, t2=t1+(0, 6)) -> (4696, 199, 4696, t3=t2+(1, 6))	2	57
(376, 69, 4425, t1) & (3550, 51, 4425, t2=t1+(0, 4)) -> (4425, 69, 4425, t3=t2+(1, 8))	2	58
(2042, 67, 3842, t1) & (3842, 127, 4429, t2=t1+(0, 6)) -> (4429, 67, 4429, t3=t2+(1, 3))	2	59
(1348, 87, 4730, t1) & (4730, 180, 2955, t2=t1+(0, 6)) -> (1348, 87, 4730, t3=t2+(1, 5))	2	60
(489, 64, 283, t1) & (3812, 152, 283, t2=t1+(0, 8)) -> (283, 152, 3812, t3=t2+(1, 4))	2	61
(3162, 107, 2258, t1) & (2258, 83, 4422, t2=t1+(0, 3)) -> (4422, 83, 4422, t3=t2+(1, 3))	2	62
(1110, 87, 2082, t1) & (1110, 162, 2082, t2=t1+(0, 3)) -> (1110, 162, 1110, t3=t2+(1, 5))	2	63
(2184, 44, 1910, t1) & (1910, 18, 1599, t2=t1+(0, 7)) -> (1599, 44, 1599, t3=t2+(1, 5))	2	64
(1054, 86, 1828, t1) & (1054, 181, 1828, t2=t1+(0, 4)) -> (1054, 86, 1054, t3=t2+(1, 4))	2	65
(3963, 104, 3238, t1) & (3238, 153, 3634, t2=t1+(0, 7)) -> (3963, 104, 3634, t3=t2+(1, 7))	2	66
(4434, 153, 3185, t1) & (4434, 24, 3185, t2=t1+(0, 3)) -> (3185, 153, 3185, t3=t2+(1, 4))	2	67
(1053, 130, 129, t1) & (129, 10, 748, t2=t1+(0, 5)) -> (129, 130, 129, t3=t2+(1, 5))	2	68
(3597, 2, 835, t1) & (4309, 50, 835, t2=t1+(0, 4)) -> (835, 50, 835, t3=t2+(1, 1))	2	69
(652, 68, 1990, t1) & (652, 4, 3655, t2=t1+(0, 5)) -> (652, 68, 3655, t3=t2+(1, 4))	2	70
(3955, 50, 3470, t1) & (3470, 46, 1555, t2=t1+(0, 6)) -> (1555, 50, 3470, t3=t2+(1, 4))	2	71
(3327, 74, 4979, t1) & (4433, 67, 3327, t2=t1+(0, 4)) -> (3327, 74, 3327, t3=t2+(1, 3))	2	72
(96, 41, 4184, t1) & (4184, 60, 777, t2=t1+(0, 8)) -> (4184, 60, 777, t3=t2+(1, 3))	2	73
(3924, 169, 2284, t1) & (3924, 184, 3924, t2=t1+(0, 8)) -> (3924, 184, 2284, t3=t2+(1, 5))	2	74
(2859, 47, 1212, t1) & (536, 163, 2859, t2=t1+(0, 6)) -> (1212, 163, 536, t3=t2+(1, 7))	2	75
(3644, 9, 1231, t1) & (1231, 180, 2472, t2=t1+(0, 6)) -> (1231, 180, 2472, t3=t2+(1, 6))	2	76
(9, 15, 1453, t1) & (3240, 86, 1453, t2=t1+(0, 7)) -> (1453, 15, 9, t3=t2+(1, 3))	2	77
(1251, 70, 1360, t1) & (57, 182, 1251, t2=t1+(0, 6)) -> (57, 70, 57, t3=t2+(1, 3))	2	78
(1661, 70, 2665, t1) & (2665, 96, 2665, t2=t1+(0, 6)) -> (1661, 70, 1661, t3=t2+(1, 5))	2	79
(3832, 2, 4433, t1) & (3832, 42, 1378, t2=t1+(0, 3)) -> (4433, 2, 1378, t3=t2+(1, 9))	2	80
(847, 150, 4691, t1) & (1851, 74, 847, t2=t1+(0, 8)) -> (4691, 74, 4691, t3=t2+(1, 9))	2	81
(2108, 163, 2570, t1) & (2570, 39, 2108, t2=t1+(0, 1)) -> (2108, 39, 2108, t3=t2+(1, 6))	2	82
(1894, 55, 2059, t1) & (1894, 191, 927, t2=t1+(0, 4)) -> (927, 191, 1894, t3=t2+(1, 4))	2	83
(2267, 158, 2882, t1) & (2882, 199, 2267, t2=t1+(0, 6)) -> (2267, 199, 2267, t3=t2+(1, 7))	2	84
(3318, 85, 3922, t1) & (3922, 185, 3443, t2=t1+(0, 5)) -> (3922, 185, 3318, t3=t2+(1, 6))	2	85
(4358, 72, 2430, t1) & (4358, 95, 3208, t2=t1+(0, 1)) -> (4358, 95, 4358, t3=t2+(1, 3))	2	86
(4103, 171, 2416, t1) & (2416, 165, 4103, t2=t1+(0, 3)) -> (2416, 171, 4103, t3=t2+(1, 6))	2	87
(3389, 175, 628, t1) & (3389, 89, 644, t2=t1+(0, 11)) -> (628, 89, 628, t3=t2+(1, 5))	2	88
(4313, 159, 370, t1) & (3390, 169, 4313, t2=t1+(0, 1)) -> (3390, 169, 3390, t3=t2+(1, 4))	2	89
(2513, 161, 889, t1) & (889, 186, 193, t2=t1+(0, 5)) -> (889, 161, 2513, t3=t2+(1, 5))	2	90
(4116, 89, 2362, t1) & (4116, 161, 2362, t2=t1+(0, 4)) -> (4116, 161, 2362, t3=t2+(1, 9))	2	91
(2255, 68, 1991, t1) & (2255, 77, 2661, t2=t1+(0, 5)) -> (1991, 77, 1991, t3=t2+(1, 8))	2	92
(3345, 67, 3331, t1) & (430, 130, 3345, t2=t1+(0, 4)) -> (430, 130, 430, t3=t2+(1, 9))	2	93
(2634, 150, 3180, t1) & (2634, 148, 2069, t2=t1+(0, 9)) -> (2634, 148, 3180, t3=t2+(1, 3))	2	94
(4099, 112, 1826, t1) & (4099, 107, 4099, t2=t1+(0, 9)) -> (4099, 112, 1826, t3=t2+(1, 3))	2	95
(3320, 127, 3708, t1) & (3708, 53, 1069, t2=t1+(0, 5)) -> (3708, 127, 1069, t3=t2+(1, 4))	2	96
(4985, 124, 2723, t1) & (2723, 91, 1897, t2=t1+(0, 3)) -> (4985, 124, 4985, t3=t2+(1, 5))	2	97
(4704, 88, 329, t1) & (3686, 38, 4704, t2=t1+(0, 9)) -> (4704, 38, 3686, t3=t2+(1, 5))	2	98
(4647, 76, 2872, t1) & (2872, 65, 2872, t2=t1+(0, 4)) -> (2872, 76, 2872, t3=t2+(1, 4))	2	99
(3564, 179, 3408, t1) & (3904, 85, 3564, t2=t1+(0, 7)) -> (3564, 179, 3564, t3=t2+(1, 2))	2	100
(2694, 1, 4515, t1) & (2722, 73, 4515, t2=t1+(0, 3)) -> (4515, 1, 4515, t3=t2+(1, 6))	2	101
(4221, 125, 3191, t1) & (4221, 72, 699, t2=t1+(0, 3)) -> (699, 72, 4221, t3=t2+(1, 8))	2	102
(1496, 122, 4775, t1) & (1496, 58, 925, t2=t1+(0, 3)) -> (4775, 122, 1496, t3=t2+(1, 8))	2	103
(4056, 33, 2859, t1) & (2859, 172, 1254, t2=t1+(0, 2)) -> (2859, 33, 2859, t3=t2+(1, 4))	2	104
(4638, 131, 2175, t1) & (1662, 139, 2175, t2=t1+(0, 6)) -> (4638, 139, 2175, t3=t2+(1, 6))	2	105
(4663, 84, 2732, t1) & (4663, 190, 815, t2=t1+(0, 4)) -> (4663, 190, 4663, t3=t2+(1, 5))	2	106
(3550, 54, 3837, t1) & (3837, 147, 2894, t2=t1+(0, 4)) -> (3550, 147, 3837, t3=t2+(1, 4))	2	107
(2023, 46, 1468, t1) & (2023, 58, 1468, t2=t1+(0, 7)) -> (2023, 58, 1468, t3=t2+(1, 3))	2	108
(2877, 181, 2109, t1) & (2877, 148, 2877, t2=t1+(0, 6)) -> (2109, 181, 2877, t3=t2+(1, 4))	2	109
(396, 155, 4084, t1) & (396, 163, 1713, t2=t1+(0, 3)) -> (4084, 155, 396, t3=t2+(1, 4))	2	110
(4609, 180, 4601, t1) & (4601, 76, 2009, t2=t1+(0, 5)) -> (2009, 76, 4601, t3=t2+(1, 5))	2	111
(4475, 191, 745, t1) & (4475, 34, 4760, t2=t1+(0, 7)) -> (4760, 34, 4760, t3=t2+(1, 5))	2	112
(3238, 47, 1730, t1) & (3238, 67, 899, t2=t1+(0, 4)) -> (899, 67, 3238, t3=t2+(1, 3))	2	113
(41, 21, 4857, t1) & (41, 167, 4995, t2=t1+(0, 2)) -> (4857, 21, 4857, t3=t2+(1, 4))	2	114
(389, 140, 3262, t1) & (2511, 30, 389, t2=t1+(0, 3)) -> (389, 30, 3262, t3=t2+(1, 3))	2	115
(190, 16, 4215, t1) & (4215, 37, 2202, t2=t1+(0, 7)) -> (190, 16, 190, t3=t2+(1, 5))	2	116
(1095, 13, 3467, t1) & (3467, 45, 2271, t2=t1+(0, 6)) -> (1095, 13, 3467, t3=t2+(1, 9))	2	117
(501, 150, 4050, t1) & (4050, 22, 4041, t2=t1+(0, 5)) -> (4041, 150, 4050, t3=t2+(1, 7))	2	118
(4898, 133, 2730, t1) & (4898, 126, 4898, t2=t1+(0, 3)) -> (4898, 133, 4898, t3=t2+(1, 3))	2	119
(1049, 84, 2978, t1) & (1859, 61, 1049, t2=t1+(0, 5)) -> (1049, 61, 1859, t3=t2+(1, 6))	2	120
(3535, 40, 4842, t1) & (3535, 134, 2837, t2=t1+(0, 8)) -> (3535, 40, 3535, t3=t2+(1, 5))	2	121
(388, 46, 1220, t1) & (3741, 97, 388, t2=t1+(0, 6)) -> (388, 97, 3741, t3=t2+(1, 3))	2	122
(1963, 102, 4499, t1) & (4499, 62, 3194, t2=t1+(0, 2)) -> (3194, 102, 3194, t3=t2+(1, 6))	2	123
(1321, 38, 4037, t1) & (4091, 7, 1321, t2=t1+(0, 6)) -> (1321, 7, 4037, t3=t2+(1, 3))	2	124
(1232, 19, 2584, t1) -> (2584, 19, 1232, t2=t1+(1, 1))	1	125
(4653, 37, 4937, t1) -> (4937, 37, 4653, t2=t1+(1, 10))	1	126
(3815, 131, 4431, t1) -> (4431, 131, 3815, t2=t1+(1, 9))	1	127
(2889, 128, 4277, t1) -> (2889, 128, 4277, t2=t1+(1, 2))	1	128
(1735, 59, 1107, t1) -> (1107, 59, 1735, t2=t1+(1, 4))	1	129
(1377, 45, 698, t1) -> (698, 45, 1377, t2=t1+(1, 5))	1	130
(4739, 30, 2619, t1) -> (4739, 30, 2619, t2=t1+(1, 7))	1	131
(3644, 6, 1615, t1) -> (3644, 6, 1615, t2=t1+(1, 6))	1	132
(2164, 28, 2350, t1) -> (2164, 28, 2350, t2=t1+(1, 8))	1	133
(2657, 44, 403, t1) -> (2657, 44, 2657, t2=t1+(1, 9))	1	134
(3369, 99, 2446, t1) -> (2446, 99, 2446, t2=t1+(1, 6))	1	135
(2860, 186, 509, t1) -> (509, 186, 2860, t2=t1+(1, 4))	1	136
(2078, 61, 2960, t1) -> (2078, 61, 2960, t2=t1+(1, 3))	1	137
(867, 57, 1921, t1) -> (867, 57, 867, t2=t1+(1, 5))	1	138
(2212, 128, 3596, t1) -> (3596, 128, 2212, t2=t1+(1, 5))	1	139
(4724, 6, 2190, t1) -> (4724, 6, 2190, t2=t1+(1, 5))	1	140
(4704, 100, 2451, t1) -> (2451, 100, 4704, t2=t1+(1, 5))	1	141
(1034, 88, 993, t1) -> (1034, 88, 1034, t2=t1+(1, 9))	1	142
(2381, 108, 3806, t1) -> (2381, 108, 3806, t2=t1+(1, 4))	1	143
(4771, 63, 2864, t1) -> (2864, 63, 2864, t2=t1+(1, 6))	1	144
(3787, 121, 3177, t1) -> (3177, 121, 3177, t2=t1+(1, 3))	1	145
(4971, 94, 3905, t1) -> (3905, 94, 4971, t2=t1+(1, 8))	1	146
(3372, 49, 325, t1) -> (3372, 49, 3372, t2=t1+(1, 7))	1	147
(1812, 37, 3251, t1) -> (1812, 37, 1812, t2=t1+(1, 6))	1	148
(4413, 127, 3015, t1) -> (3015, 127, 3015, t2=t1+(1, 6))	1	149
(4342, 119, 1684, t1) -> (4342, 119, 1684, t2=t1+(1, 4))	1	150
(1739, 71, 1100, t1) -> (1739, 71, 1739, t2=t1+(1, 8))	1	151
(3175, 44, 9, t1) -> (3175, 44, 9, t2=t1+(1, 7))	1	152
(4584, 184, 1532, t1) -> (1532, 184, 4584, t2=t1+(1, 2))	1	153
(2279, 52, 1521, t1) -> (1521, 52, 2279, t2=t1+(1, 5))	1	154
(3609, 91, 1367, t1) -> (1367, 91, 3609, t2=t1+(1, 2))	1	155
(1852, 147, 4127, t1) -> (4127, 147, 4127, t2=t1+(1, 2))	1	156
(4182, 182, 4173, t1) -> (4182, 182, 4173, t2=t1+(1, 6))	1	157
(4867, 73, 2435, t1) -> (4867, 73, 2435, t2=t1+(1, 5))	1	158
(305, 157, 1501, t1) -> (305, 157, 1501, t2=t1+(1, 7))	1	159
(4919, 110, 4930, t1) -> (4930, 110, 4919, t2=t1+(1, 6))	1	160
(2694, 44, 1581, t1) -> (2694, 44, 1581, t2=t1+(1, 4))	1	161
(3901, 43, 3842, t1) -> (3901, 43, 3901, t2=t1+(1, 9))	1	162
(235, 6, 3922, t1) -> (3922, 6, 3922, t2=t1+(1, 4))	1	163
(1198, 186, 1921, t1) -> (1198, 186, 1198, t2=t1+(1, 8))	1	164
(2512, 139, 1109, t1) -> (2512, 139, 2512, t2=t1+(1, 4))	1	165
(696, 8, 4680, t1) -> (4680, 8, 696, t2=t1+(1, 7))	1	166
(524, 43, 2399, t1) -> (524, 43, 2399, t2=t1+(1, 3))	1	167
(3186, 145, 1537, t1) -> (1537, 145, 3186, t2=t1+(1, 9))	1	168
(4481, 85, 3199, t1) -> (4481, 85, 4481, t2=t1+(1, 12))	1	169
(85, 94, 3315, t1) -> (3315, 94, 85, t2=t1+(1, 7))	1	170
(3281, 44, 1718, t1) -> (3281, 44, 3281, t2=t1+(1, 4))	1	171
(3349, 142, 259, t1) -> (259, 142, 259, t2=t1+(1, 2))	1	172
(970, 42, 715, t1) -> (970, 42, 715, t2=t1+(1, 5))	1	173
(3221, 166, 2300, t1) -> (2300, 166, 2300, t2=t1+(1, 9))	1	174
(78, 94, 2703, t1) -> (78, 94, 78, t2=t1+(1, 3))	1	175
(1139, 62, 4973, t1) -> (4973, 62, 1139, t2=t1+(1, 3))	1	176
(280, 52, 1144, t1) -> (1144, 52, 1144, t2=t1+(1, 6))	1	177
(2460, 132, 659, t1) -> (659, 132, 2460, t2=t1+(1, 2))	1	178
(4547, 66, 4046, t1) -> (4547, 66, 4547, t2=t1+(1, 7))	1	179
(1484, 81, 2370, t1) -> (1484, 81, 1484, t2=t1+(1, 3))	1	180
(3158, 146, 557, t1) -> (557, 146, 557, t2=t1+(1, 3))	1	181
(1704, 161, 1606, t1) -> (1606, 161, 1704, t2=t1+(1, 7))	1	182
(4033, 5, 4706, t1) -> (4706, 5, 4706, t2=t1+(1, 3))	1	183
(2097, 146, 738, t1) -> (738, 146, 2097, t2=t1+(1, 7))	1	184
(205, 6, 278, t1) -> (205, 6, 278, t2=t1+(1, 6))	1	185
(2578, 104, 4925, t1) -> (2578, 104, 4925, t2=t1+(1, 9))	1	186
(3923, 128, 948, t1) -> (948, 128, 948, t2=t1+(1, 7))	1	187
(980, 161, 878, t1) -> (878, 161, 878, t2=t1+(1, 5))	1	188
(3120, 56, 2825, t1) -> (3120, 56, 3120, t2=t1+(1, 1))	1	189
(1177, 152, 2780, t1) -> (1177, 152, 1177, t2=t1+(1, 5))	1	190
(1100, 176, 569, t1) -> (1100, 176, 569, t2=t1+(1, 5))	1	191
(2791, 132, 923, t1) -> (923, 132, 923, t2=t1+(1, 5))	1	192
(3710, 108, 1312, t1) -> (3710, 108, 1312, t2=t1+(1, 7))	1	193
(2585, 12, 4883, t1) -> (4883, 12, 2585, t2=t1+(1, 6))	1	194
(917, 117, 1753, t1) -> (917, 117, 1753, t2=t1+(1, 5))	1	195
(414, 27, 3055, t1) -> (414, 27, 3055, t2=t1+(1, 4))	1	196
(1651, 40, 1690, t1) -> (1690, 40, 1651, t2=t1+(1, 1))	1	197
(4826, 183, 4529, t1) -> (4529, 183, 4529, t2=t1+(1, 7))	1	198
(1089, 44, 2552, t1) -> (1089, 44, 1089, t2=t1+(1, 4))	1	199
(477, 41, 476, t1) -> (477, 41, 476, t2=t1+(1, 1))	1	200
(3088, 175, 1741, t1) -> (1741, 175, 1741, t2=t1+(1, 6))	1	201
(4722, 183, 4165, t1) -> (4165, 183, 4165, t2=t1+(1, 6))	1	202
(4532, 149, 4091, t1) -> (4532, 149, 4091, t2=t1+(1, 9))	1	203
(2415, 50, 3386, t1) -> (2415, 50, 2415, t2=t1+(1, 8))	1	204
(3865, 97, 249, t1) -> (249, 97, 249, t2=t1+(1, 4))	1	205
(1454, 188, 4305, t1) -> (4305, 188, 1454, t2=t1+(1, 4))	1	206
(1096, 70, 146, t1) -> (1096, 70, 1096, t2=t1+(1, 3))	1	207
(2722, 7, 2567, t1) -> (2567, 7, 2722, t2=t1+(1, 3))	1	208
(582, 67, 1592, t1) -> (582, 67, 582, t2=t1+(1, 1))	1	209
(2159, 35, 3642, t1) -> (3642, 35, 3642, t2=t1+(1, 6))	1	210
(1952, 38, 1127, t1) -> (1127, 38, 1952, t2=t1+(1, 3))	1	211
(2673, 29, 3583, t1) -> (2673, 29, 2673, t2=t1+(1, 4))	1	212
(4654, 192, 4212, t1) -> (4654, 192, 4212, t2=t1+(1, 1))	1	213
(33, 47, 3775, t1) -> (33, 47, 3775, t2=t1+(1, 6))	1	214
(3034, 102, 4994, t1) -> (4994, 102, 3034, t2=t1+(1, 2))	1	215
(4011, 28, 3329, t1) -> (4011, 28, 4011, t2=t1+(1, 4))	1	216
(3194, 130, 1084, t1) -> (3194, 130, 3194, t2=t1+(1, 3))	1	217
(3219, 196, 1266, t1) -> (3219, 196, 3219, t2=t1+(1, 7))	1	218
(4311, 130, 1305, t1) -> (4311, 130, 1305, t2=t1+(1, 8))	1	219
(4473, 128, 2937, t1) -> (4473, 128, 4473, t2=t1+(1, 6))	1	220
(4749, 192, 1542, t1) -> (1542, 192, 4749, t2=t1+(1, 7))	1	221
(2005, 83, 4116, t1) -> (4116, 83, 4116, t2=t1+(1, 1))	1	222
(1905, 196, 4710, t1) -> (1905, 196, 4710, t2=t1+(1, 6))	1	223
(626, 152, 3007, t1) -> (626, 152, 626, t2=t1+(1, 4))	1	224
(4633, 196, 1158, t1) -> (4633, 196, 4633, t2=t1+(1, 4))	1	225
(2516, 13, 583, t1) -> (2516, 13, 583, t2=t1+(1, 7))	1	226
(2268, 105, 461, t1) -> (461, 105, 461, t2=t1+(1, 6))	1	227
(4307, 36, 1294, t1) -> (1294, 36, 1294, t2=t1+(1, 5))	1	228
(4750, 93, 4719, t1) -> (4750, 93, 4719, t2=t1+(1, 3))	1	229
(263, 127, 78, t1) -> (78, 127, 263, t2=t1+(1, 3))	1	230
(3662, 68, 1661, t1) -> (3662, 68, 3662, t2=t1+(1, 2))	1	231
(2856, 80, 4403, t1) -> (2856, 80, 2856, t2=t1+(1, 4))	1	232
(3548, 46, 3795, t1) -> (3795, 46, 3548, t2=t1+(1, 4))	1	233
(3761, 71, 1946, t1) -> (1946, 71, 3761, t2=t1+(1, 4))	1	234
(2171, 97, 4862, t1) -> (2171, 97, 4862, t2=t1+(1, 2))	1	235
(1853, 95, 1219, t1) -> (1853, 95, 1853, t2=t1+(1, 7))	1	236
(4637, 52, 1621, t1) -> (1621, 52, 4637, t2=t1+(1, 7))	1	237
(306, 156, 3065, t1) -> (3065, 156, 3065, t2=t1+(1, 9))	1	238
(4244, 104, 348, t1) -> (348, 104, 348, t2=t1+(1, 2))	1	239
(3744, 53, 2216, t1) -> (2216, 53, 3744, t2=t1+(1, 6))	1	240
(1880, 1, 2499, t1) -> (2499, 1, 1880, t2=t1+(1, 2))	1	241
(552, 178, 4276, t1) -> (552, 178, 4276, t2=t1+(1, 4))	1	242
(3160, 108, 4054, t1) -> (3160, 108, 4054, t2=t1+(1, 5))	1	243
(1687, 187, 134, t1) -> (1687, 187, 1687, t2=t1+(1, 6))	1	244
(2910, 34, 1598, t1) -> (1598, 34, 2910, t2=t1+(1, 5))	1	245
(486, 152, 1926, t1) -> (486, 152, 1926, t2=t1+(1, 4))	1	246
(1555, 188, 3631, t1) -> (3631, 188, 1555, t2=t1+(1, 8))	1	247
(4619, 72, 3092, t1) -> (4619, 72, 3092, t2=t1+(1, 5))	1	248
(115, 117, 4496, t1) -> (115, 117, 4496, t2=t1+(1, 3))	1	249
(257, 45, 1488, t1) -> (257, 45, 1488, t2=t1+(1, 4))	1	250
(573, 44, 4561, t1) -> (573, 44, 4561, t2=t1+(1, 5))	1	251
(2774, 181, 4431, t1) -> (4431, 181, 2774, t2=t1+(1, 9))	1	252
(3772, 18, 4644, t1) -> (4644, 18, 4644, t2=t1+(1, 3))	1	253
(4651, 95, 1998, t1) -> (1998, 95, 1998, t2=t1+(1, 2))	1	254
(1181, 148, 1618, t1) -> (1181, 148, 1618, t2=t1+(1, 4))	1	255
(3012, 138, 4488, t1) -> (3012, 138, 4488, t2=t1+(1, 4))	1	256
(2707, 89, 4894, t1) -> (2707, 89, 4894, t2=t1+(1, 6))	1	257
(2857, 53, 4105, t1) -> (4105, 53, 4105, t2=t1+(1, 7))	1	258
(1258, 70, 201, t1) -> (1258, 70, 201, t2=t1+(1, 10))	1	259
(4157, 17, 4855, t1) -> (4855, 17, 4157, t2=t1+(1, 6))	1	260
(538, 19, 960, t1) -> (538, 19, 960, t2=t1+(1, 4))	1	261
(4769, 55, 2436, t1) -> (2436, 55, 2436, t2=t1+(1, 7))	1	262
(4011, 129, 1942, t1) -> (1942, 129, 4011, t2=t1+(1, 6))	1	263
(2770, 33, 4392, t1) -> (2770, 33, 4392, t2=t1+(1, 2))	1	264
(4268, 126, 1571, t1) -> (1571, 126, 4268, t2=t1+(1, 6))	1	265
(1167, 113, 4466, t1) -> (1167, 113, 1167, t2=t1+(1, 4))	1	266
(224, 160, 3367, t1) -> (3367, 160, 3367, t2=t1+(1, 2))	1	267
(2942, 144, 2287, t1) -> (2942, 144, 2942, t2=t1+(1, 7))	1	268
(3938, 56, 45, t1) -> (45, 56, 45, t2=t1+(1, 7))	1	269
(1982, 72, 2514, t1) -> (1982, 72, 2514, t2=t1+(1, 3))	1	270
(1273, 68, 603, t1) -> (1273, 68, 603, t2=t1+(1, 6))	1	271
(616, 54, 2556, t1) -> (616, 54, 2556, t2=t1+(1, 2))	1	272
(3970, 142, 3449, t1) -> (3970, 142, 3449, t2=t1+(1, 4))	1	273
(2727, 31, 777, t1) -> (777, 31, 777, t2=t1+(1, 2))	1	274
(1516, 117, 3841, t1) -> (1516, 117, 1516, t2=t1+(1, 8))	1	275
(3046, 29, 3105, t1) -> (3046, 29, 3046, t2=t1+(1, 6))	1	276
(3432, 86, 3114, t1) -> (3114, 86, 3114, t2=t1+(1, 2))	1	277
(3256, 112, 208, t1) -> (208, 112, 208, t2=t1+(1, 2))	1	278
(3890, 17, 572, t1) -> (3890, 17, 572, t2=t1+(1, 9))	1	279
(4936, 1, 48, t1) -> (48, 1, 4936, t2=t1+(1, 7))	1	280
(4940, 144, 2977, t1) -> (2977, 144, 4940, t2=t1+(1, 3))	1	281
(1631, 121, 968, t1) -> (1631, 121, 968, t2=t1+(1, 5))	1	282
(1869, 38, 3997, t1) -> (1869, 38, 1869, t2=t1+(1, 7))	1	283
(1694, 115, 4428, t1) -> (1694, 115, 4428, t2=t1+(1, 6))	1	284
(977, 109, 4211, t1) -> (4211, 109, 977, t2=t1+(1, 4))	1	285
(2605, 142, 92, t1) -> (2605, 142, 2605, t2=t1+(1, 5))	1	286
(2328, 96, 3139, t1) -> (2328, 96, 2328, t2=t1+(1, 8))	1	287
(1857, 66, 662, t1) -> (1857, 66, 662, t2=t1+(1, 4))	1	288
(641, 120, 4409, t1) -> (641, 120, 4409, t2=t1+(1, 6))	1	289
(3566, 149, 2094, t1) -> (2094, 149, 2094, t2=t1+(1, 4))	1	290
(1813, 71, 56, t1) -> (56, 71, 56, t2=t1+(1, 3))	1	291
(3568, 81, 533, t1) -> (3568, 81, 533, t2=t1+(1, 8))	1	292
(571, 54, 532, t1) -> (571, 54, 571, t2=t1+(1, 4))	1	293
(3100, 108, 3113, t1) -> (3100, 108, 3113, t2=t1+(1, 4))	1	294
(4940, 185, 1562, t1) -> (4940, 185, 4940, t2=t1+(1, 3))	1	295
(2715, 31, 901, t1) -> (2715, 31, 2715, t2=t1+(1, 2))	1	296
(1340, 131, 1821, t1) -> (1340, 131, 1821, t2=t1+(1, 2))	1	297
(3891, 164, 3789, t1) -> (3891, 164, 3891, t2=t1+(1, 3))	1	298
(481, 35, 1081, t1) -> (481, 35, 481, t2=t1+(1, 4))	1	299
(2317, 119, 668, t1) -> (2317, 119, 668, t2=t1+(1, 4))	1	300
(4518, 7, 2919, t1) -> (4518, 7, 2919, t2=t1+(1, 3))	1	301
(2872, 152, 4098, t1) -> (4098, 152, 4098, t2=t1+(1, 3))	1	302
(70, 56, 922, t1) -> (922, 56, 922, t2=t1+(1, 7))	1	303
(3870, 53, 4563, t1) -> (3870, 53, 3870, t2=t1+(1, 7))	1	304
(1028, 110, 4709, t1) -> (4709, 110, 4709, t2=t1+(1, 8))	1	305
(1619, 33, 1987, t1) -> (1987, 33, 1987, t2=t1+(1, 5))	1	306
(4250, 108, 4403, t1) -> (4250, 108, 4403, t2=t1+(1, 6))	1	307
(4338, 156, 997, t1) -> (4338, 156, 4338, t2=t1+(1, 7))	1	308
(3587, 73, 4583, t1) -> (3587, 73, 3587, t2=t1+(1, 3))	1	309
(185, 120, 3251, t1) -> (3251, 120, 3251, t2=t1+(1, 2))	1	310
(629, 188, 2038, t1) -> (629, 188, 2038, t2=t1+(1, 3))	1	311
(2995, 62, 1302, t1) -> (1302, 62, 1302, t2=t1+(1, 9))	1	312
(4889, 8, 3136, t1) -> (4889, 8, 4889, t2=t1+(1, 3))	1	313
(2237, 58, 2557, t1) -> (2237, 58, 2557, t2=t1+(1, 6))	1	314
(2638, 52, 112, t1) -> (112, 52, 112, t2=t1+(1, 3))	1	315
(3561, 36, 2846, t1) -> (2846, 36, 3561, t2=t1+(1, 6))	1	316
(4734, 105, 3891, t1) -> (4734, 105, 3891, t2=t1+(1, 4))	1	317
(3487, 146, 1351, t1) -> (1351, 146, 1351, t2=t1+(1, 5))	1	318
(2553, 130, 4300, t1) -> (4300, 130, 2553, t2=t1+(1, 5))	1	319
(379, 188, 4448, t1) -> (379, 188, 4448, t2=t1+(1, 1))	1	320
(3339, 38, 3750, t1) -> (3339, 38, 3750, t2=t1+(1, 2))	1	321
(178, 142, 228, t1) -> (178, 142, 178, t2=t1+(1, 5))	1	322
(4496, 175, 592, t1) -> (4496, 175, 592, t2=t1+(1, 6))	1	323
(2371, 35, 778, t1) -> (2371, 35, 778, t2=t1+(1, 4))	1	324
(1972, 39, 2414, t1) -> (1972, 39, 1972, t2=t1+(1, 3))	1	325
(1221, 140, 4551, t1) -> (4551, 140, 4551, t2=t1+(1, 3))	1	326
(583, 53, 3720, t1) -> (583, 53, 3720, t2=t1+(1, 2))	1	327
(213, 152, 1808, t1) -> (213, 152, 1808, t2=t1+(1, 7))	1	328
(2297, 59, 2592, t1) -> (2297, 59, 2592, t2=t1+(1, 2))	1	329
(4587, 136, 721, t1) -> (721, 136, 4587, t2=t1+(1, 3))	1	330
(1490, 150, 3443, t1) -> (3443, 150, 3443, t2=t1+(1, 12))	1	331
(2657, 190, 4513, t1) -> (2657, 190, 4513, t2=t1+(1, 4))	1	332
(1527, 164, 1635, t1) -> (1527, 164, 1527, t2=t1+(1, 3))	1	333
(2400, 22, 1675, t1) -> (2400, 22, 2400, t2=t1+(1, 6))	1	334
(27, 172, 1246, t1) -> (1246, 172, 27, t2=t1+(1, 10))	1	335
(1367, 143, 905, t1) -> (1367, 143, 1367, t2=t1+(1, 8))	1	336
(2808, 107, 3267, t1) -> (3267, 107, 2808, t2=t1+(1, 3))	1	337
(513, 43, 3455, t1) -> (513, 43, 3455, t2=t1+(1, 6))	1	338
(185, 83, 1494, t1) -> (1494, 83, 1494, t2=t1+(1, 5))	1	339
(2105, 5, 120, t1) -> (120, 5, 120, t2=t1+(1, 4))	1	340
(2886, 177, 821, t1) -> (821, 177, 2886, t2=t1+(1, 6))	1	341
(188, 173, 1790, t1) -> (1790, 173, 1790, t2=t1+(1, 4))	1	342
(4647, 163, 3205, t1) -> (4647, 163, 3205, t2=t1+(1, 4))	1	343
(4738, 112, 2349, t1) -> (2349, 112, 2349, t2=t1+(1, 3))	1	344
(1609, 84, 1763, t1) -> (1609, 84, 1763, t2=t1+(1, 9))	1	345
(536, 158, 183, t1) -> (536, 158, 183, t2=t1+(1, 4))	1	346
(2928, 191, 2997, t1) -> (2928, 191, 2997, t2=t1+(1, 7))	1	347
(4758, 148, 807, t1) -> (807, 148, 807, t2=t1+(1, 6))	1	348
(3780, 161, 1638, t1) -> (3780, 161, 3780, t2=t1+(1, 7))	1	349
(3641, 118, 4561, t1) -> (3641, 118, 3641, t2=t1+(1, 7))	1	350
(856, 176, 292, t1) -> (292, 176, 856, t2=t1+(1, 2))	1	351
(2476, 24, 4038, t1) -> (4038, 24, 2476, t2=t1+(1, 6))	1	352
(1745, 148, 2319, t1) -> (1745, 148, 1745, t2=t1+(1, 7))	1	353
(110, 10, 4286, t1) -> (110, 10, 4286, t2=t1+(1, 3))	1	354
(4752, 85, 1617, t1) -> (1617, 85, 1617, t2=t1+(1, 6))	1	355
(2403, 172, 948, t1) -> (2403, 172, 948, t2=t1+(1, 5))	1	356
(1795, 82, 3878, t1) -> (3878, 82, 3878, t2=t1+(1, 1))	1	357
(981, 13, 989, t1) -> (989, 13, 981, t2=t1+(1, 4))	1	358
(1184, 54, 781, t1) -> (781, 54, 1184, t2=t1+(1, 8))	1	359
(2691, 64, 2509, t1) -> (2691, 64, 2509, t2=t1+(1, 4))	1	360
(415, 41, 2762, t1) -> (415, 41, 2762, t2=t1+(1, 2))	1	361
(4371, 7, 614, t1) -> (4371, 7, 614, t2=t1+(1, 6))	1	362
(4340, 96, 3296, t1) -> (3296, 96, 4340, t2=t1+(1, 4))	1	363
(665, 87, 3533, t1) -> (665, 87, 665, t2=t1+(1, 5))	1	364
(2118, 14, 145, t1) -> (2118, 14, 145, t2=t1+(1, 4))	1	365
(773, 100, 2614, t1) -> (2614, 100, 2614, t2=t1+(1, 4))	1	366
(4611, 44, 964, t1) -> (964, 44, 4611, t2=t1+(1, 5))	1	367
(2786, 148, 1697, t1) -> (2786, 148, 1697, t2=t1+(1, 7))	1	368
(3567, 50, 4323, t1) -> (3567, 50, 4323, t2=t1+(1, 4))	1	369
(3549, 145, 279, t1) -> (3549, 145, 279, t2=t1+(1, 4))	1	370
(841, 121, 573, t1) -> (573, 121, 841, t2=t1+(1, 5))	1	371
(2330, 4, 3828, t1) -> (3828, 4, 3828, t2=t1+(1, 8))	1	372
(2572, 20, 4247, t1) -> (4247, 20, 2572, t2=t1+(1, 5))	1	373
(545, 120, 3909, t1) -> (545, 120, 3909, t2=t1+(1, 5))	1	374
(4096, 142, 572, t1) -> (4096, 142, 4096, t2=t1+(1, 10))	1	375
(663, 23, 4557, t1) -> (4557, 23, 4557, t2=t1+(1, 12))	1	376
(1049, 102, 1142, t1) -> (1049, 102, 1049, t2=t1+(1, 5))	1	377
(559, 63, 3700, t1) -> (3700, 63, 559, t2=t1+(1, 3))	1	378
(1357, 89, 2614, t1) -> (2614, 89, 2614, t2=t1+(1, 7))	1	379
(2065, 72, 3980, t1) -> (2065, 72, 3980, t2=t1+(1, 4))	1	380
(742, 130, 3506, t1) -> (3506, 130, 742, t2=t1+(1, 9))	1	381
(1033, 28, 1456, t1) -> (1456, 28, 1033, t2=t1+(1, 3))	1	382
(284, 71, 2085, t1) -> (284, 71, 2085, t2=t1+(1, 8))	1	383
(2485, 135, 291, t1) -> (2485, 135, 2485, t2=t1+(1, 2))	1	384
(4847, 48, 826, t1) -> (826, 48, 4847, t2=t1+(1, 1))	1	385
(4198, 112, 2504, t1) -> (4198, 112, 4198, t2=t1+(1, 5))	1	386
(642, 110, 4437, t1) -> (642, 110, 4437, t2=t1+(1, 2))	1	387
(4017, 40, 2243, t1) -> (2243, 40, 4017, t2=t1+(1, 1))	1	388
(715, 129, 3651, t1) -> (715, 129, 3651, t2=t1+(1, 6))	1	389
(4949, 155, 1205, t1) -> (1205, 155, 4949, t2=t1+(1, 3))	1	390
(1731, 163, 3685, t1) -> (3685, 163, 1731, t2=t1+(1, 6))	1	391
(2213, 5, 710, t1) -> (710, 5, 710, t2=t1+(1, 9))	1	392
(4559, 1, 607, t1) -> (4559, 1, 4559, t2=t1+(1, 4))	1	393
(4778, 166, 317, t1) -> (317, 166, 4778, t2=t1+(1, 5))	1	394
(304, 11, 4006, t1) -> (304, 11, 4006, t2=t1+(1, 6))	1	395
(1165, 92, 3611, t1) -> (3611, 92, 1165, t2=t1+(1, 6))	1	396
(2379, 146, 529, t1) -> (2379, 146, 529, t2=t1+(1, 5))	1	397
(1370, 134, 2176, t1) -> (1370, 134, 1370, t2=t1+(1, 5))	1	398
(4749, 66, 1534, t1) -> (1534, 66, 1534, t2=t1+(1, 7))	1	399
(4513, 14, 2638, t1) -> (4513, 14, 4513, t2=t1+(1, 5))	1	400
(812, 43, 3101, t1) -> (3101, 43, 3101, t2=t1+(1, 7))	1	401
(183, 20, 2348, t1) -> (2348, 20, 2348, t2=t1+(1, 8))	1	402
(4199, 85, 2112, t1) -> (2112, 85, 4199, t2=t1+(1, 7))	1	403
(372, 106, 428, t1) -> (428, 106, 372, t2=t1+(1, 1))	1	404
(1444, 140, 3051, t1) -> (3051, 140, 1444, t2=t1+(1, 3))	1	405
(1099, 139, 979, t1) -> (979, 139, 979, t2=t1+(1, 6))	1	406
(848, 103, 3974, t1) -> (848, 103, 3974, t2=t1+(1, 3))	1	407
(672, 2, 4202, t1) -> (4202, 2, 672, t2=t1+(1, 6))	1	408
(1582, 19, 3207, t1) -> (1582, 19, 1582, t2=t1+(1, 5))	1	409
(4259, 184, 4213, t1) -> (4259, 184, 4259, t2=t1+(1, 2))	1	410
(104, 185, 2479, t1) -> (104, 185, 104, t2=t1+(1, 4))	1	411
(2178, 129, 1016, t1) -> (1016, 129, 1016, t2=t1+(1, 5))	1	412
(1254, 58, 1176, t1) -> (1254, 58, 1176, t2=t1+(1, 5))	1	413
(875, 15, 2790, t1) -> (875, 15, 875, t2=t1+(1, 2))	1	414
(3516, 191, 4641, t1) -> (3516, 191, 3516, t2=t1+(1, 4))	1	415
(499, 87, 2047, t1) -> (499, 87, 499, t2=t1+(1, 7))	1	416
(3647, 185, 2111, t1) -> (3647, 185, 3647, t2=t1+(1, 7))	1	417
(1151, 185, 362, t1) -> (1151, 185, 362, t2=t1+(1, 6))	1	418
(4100, 116, 698, t1) -> (698, 116, 4100, t2=t1+(1, 4))	1	419
(4344, 111, 2679, t1) -> (2679, 111, 2679, t2=t1+(1, 6))	1	420
(4166, 154, 3676, t1) -> (4166, 154, 3676, t2=t1+(1, 6))	1	421
(4479, 168, 4971, t1) -> (4479, 168, 4479, t2=t1+(1, 7))	1	422
(2655, 128, 2084, t1) -> (2655, 128, 2084, t2=t1+(1, 1))	1	423
(480, 110, 3318, t1) -> (480, 110, 480, t2=t1+(1, 5))	1	424
(2796, 109, 653, t1) -> (653, 109, 653, t2=t1+(1, 8))	1	425
(1092, 48, 2407, t1) -> (1092, 48, 2407, t2=t1+(1, 6))	1	426
(2561, 72, 2564, t1) -> (2564, 72, 2564, t2=t1+(1, 5))	1	427
(345, 146, 3895, t1) -> (345, 146, 345, t2=t1+(1, 3))	1	428
(3054, 146, 1954, t1) -> (1954, 146, 1954, t2=t1+(1, 8))	1	429
(3878, 85, 2951, t1) -> (2951, 85, 3878, t2=t1+(1, 4))	1	430
(3985, 34, 4378, t1) -> (3985, 34, 3985, t2=t1+(1, 6))	1	431
(1300, 151, 1844, t1) -> (1844, 151, 1300, t2=t1+(1, 4))	1	432
(613, 88, 326, t1) -> (613, 88, 613, t2=t1+(1, 4))	1	433
(1996, 184, 4023, t1) -> (4023, 184, 4023, t2=t1+(1, 5))	1	434
(4917, 1, 991, t1) -> (991, 1, 991, t2=t1+(1, 6))	1	435
(370, 144, 2733, t1) -> (2733, 144, 370, t2=t1+(1, 3))	1	436
(4749, 58, 4756, t1) -> (4756, 58, 4756, t2=t1+(1, 3))	1	437
(4104, 107, 667, t1) -> (667, 107, 667, t2=t1+(1, 4))	1	438
(655, 38, 59, t1) -> (655, 38, 655, t2=t1+(1, 3))	1	439
(2449, 129, 2756, t1) -> (2756, 129, 2449, t2=t1+(1, 7))	1	440
(710, 198, 3575, t1) -> (710, 198, 3575, t2=t1+(1, 6))	1	441
(1954, 127, 3976, t1) -> (1954, 127, 1954, t2=t1+(1, 2))	1	442
(585, 32, 3544, t1) -> (3544, 32, 585, t2=t1+(1, 5))	1	443
(2147, 31, 1656, t1) -> (2147, 31, 2147, t2=t1+(1, 7))	1	444
(3332, 191, 4049, t1) -> (3332, 191, 3332, t2=t1+(1, 3))	1	445
(532, 88, 4162, t1) -> (4162, 88, 4162, t2=t1+(1, 6))	1	446
(3765, 146, 4953, t1) -> (3765, 146, 3765, t2=t1+(1, 5))	1	447
(1130, 103, 2499, t1) -> (2499, 103, 2499, t2=t1+(1, 6))	1	448
(2711, 81, 1591, t1) -> (1591, 81, 1591, t2=t1+(1, 3))	1	449
(3823, 56, 3054, t1) -> (3054, 56, 3054, t2=t1+(1, 3))	1	450
(3959, 96, 3318, t1) -> (3959, 96, 3318, t2=t1+(1, 5))	1	451
(2781, 10, 4791, t1) -> (2781, 10, 2781, t2=t1+(1, 3))	1	452
(4313, 194, 1464, t1) -> (4313, 194, 1464, t2=t1+(1, 7))	1	453
(4991, 91, 3063, t1) -> (3063, 91, 3063, t2=t1+(1, 6))	1	454
(442, 70, 3353, t1) -> (442, 70, 3353, t2=t1+(1, 7))	1	455
(2118, 102, 2229, t1) -> (2118, 102, 2118, t2=t1+(1, 2))	1	456
(3347, 45, 150, t1) -> (150, 45, 150, t2=t1+(1, 6))	1	457
(2801, 56, 3441, t1) -> (2801, 56, 3441, t2=t1+(1, 7))	1	458
(1964, 194, 50, t1) -> (50, 194, 1964, t2=t1+(1, 9))	1	459
(3904, 14, 3979, t1) -> (3979, 14, 3979, t2=t1+(1, 5))	1	460
(569, 146, 1573, t1) -> (1573, 146, 569, t2=t1+(1, 4))	1	461
(2773, 59, 4162, t1) -> (4162, 59, 4162, t2=t1+(1, 8))	1	462
(4906, 71, 94, t1) -> (94, 71, 94, t2=t1+(1, 7))	1	463
(4050, 119, 2625, t1) -> (4050, 119, 2625, t2=t1+(1, 6))	1	464
(419, 121, 3927, t1) -> (419, 121, 419, t2=t1+(1, 3))	1	465
(2841, 105, 1610, t1) -> (2841, 105, 1610, t2=t1+(1, 3))	1	466
(693, 38, 2625, t1) -> (2625, 38, 693, t2=t1+(1, 7))	1	467
(103, 176, 1650, t1) -> (1650, 176, 1650, t2=t1+(1, 3))	1	468
(2681, 67, 785, t1) -> (785, 67, 785, t2=t1+(1, 3))	1	469
(3728, 160, 2572, t1) -> (3728, 160, 3728, t2=t1+(1, 1))	1	470
(4069, 18, 1187, t1) -> (1187, 18, 1187, t2=t1+(1, 2))	1	471
(4495, 193, 2101, t1) -> (4495, 193, 4495, t2=t1+(1, 9))	1	472
(3121, 169, 4444, t1) -> (4444, 169, 3121, t2=t1+(1, 5))	1	473
(4039, 117, 1432, t1) -> (1432, 117, 4039, t2=t1+(1, 7))	1	474
(2840, 160, 2683, t1) -> (2840, 160, 2683, t2=t1+(1, 3))	1	475
(266, 48, 809, t1) -> (809, 48, 809, t2=t1+(1, 6))	1	476
(151, 47, 3710, t1) -> (3710, 47, 3710, t2=t1+(1, 5))	1	477
(4407, 72, 1436, t1) -> (1436, 72, 1436, t2=t1+(1, 4))	1	478
(2976, 174, 3212, t1) -> (3212, 174, 2976, t2=t1+(1, 7))	1	479
(2558, 123, 2573, t1) -> (2558, 123, 2573, t2=t1+(1, 3))	1	480
(3230, 50, 937, t1) -> (3230, 50, 937, t2=t1+(1, 4))	1	481
(4851, 37, 1767, t1) -> (1767, 37, 1767, t2=t1+(1, 2))	1	482
(1036, 156, 497, t1) -> (497, 156, 1036, t2=t1+(1, 5))	1	483
(4347, 104, 2903, t1) -> (4347, 104, 4347, t2=t1+(1, 3))	1	484
(3410, 112, 1906, t1) -> (3410, 112, 3410, t2=t1+(1, 3))	1	485
(4552, 34, 3541, t1) -> (4552, 34, 4552, t2=t1+(1, 8))	1	486
(848, 171, 1204, t1) -> (848, 171, 1204, t2=t1+(1, 6))	1	487
(1594, 118, 2070, t1) -> (2070, 118, 2070, t2=t1+(1, 7))	1	488
(650, 32, 4167, t1) -> (650, 32, 4167, t2=t1+(1, 5))	1	489
(894, 131, 2122, t1) -> (2122, 131, 2122, t2=t1+(1, 2))	1	490
(3668, 27, 2265, t1) -> (2265, 27, 2265, t2=t1+(1, 4))	1	491
(3168, 168, 578, t1) -> (3168, 168, 3168, t2=t1+(1, 1))	1	492
(4423, 195, 3263, t1) -> (4423, 195, 4423, t2=t1+(1, 7))	1	493
(3138, 85, 129, t1) -> (3138, 85, 129, t2=t1+(1, 1))	1	494
(3374, 81, 2430, t1) -> (2430, 81, 2430, t2=t1+(1, 7))	1	495
(1079, 134, 1803, t1) -> (1803, 134, 1803, t2=t1+(1, 2))	1	496
(3740, 148, 335, t1) -> (335, 148, 335, t2=t1+(1, 12))	1	497
(1751, 107, 3481, t1) -> (1751, 107, 1751, t2=t1+(1, 4))	1	498
(4609, 165, 2434, t1) -> (4609, 165, 2434, t2=t1+(1, 4))	1	499
(2478, 106, 3962, t1) -> (2478, 106, 3962, t2=t1+(1, 6))	1	500
(4344, 97, 2871, t1) -> (2871, 97, 4344, t2=t1+(1, 5))	1	501
(2705, 84, 872, t1) -> (2705, 84, 872, t2=t1+(1, 3))	1	502
(133, 77, 4673, t1) -> (133, 77, 133, t2=t1+(1, 8))	1	503
(984, 182, 2826, t1) -> (984, 182, 984, t2=t1+(1, 7))	1	504
(2685, 55, 523, t1) -> (2685, 55, 523, t2=t1+(1, 7))	1	505
(4832, 94, 2607, t1) -> (2607, 94, 4832, t2=t1+(1, 5))	1	506
(265, 48, 1641, t1) -> (1641, 48, 265, t2=t1+(1, 3))	1	507
(4780, 13, 4557, t1) -> (4780, 13, 4780, t2=t1+(1, 4))	1	508
(2755, 22, 1480, t1) -> (2755, 22, 2755, t2=t1+(1, 7))	1	509
(2726, 23, 1901, t1) -> (1901, 23, 2726, t2=t1+(1, 8))	1	510
(4208, 2, 2891, t1) -> (4208, 2, 2891, t2=t1+(1, 9))	1	511
(4057, 44, 3818, t1) -> (3818, 44, 3818, t2=t1+(1, 8))	1	512
(3328, 155, 4306, t1) -> (4306, 155, 4306, t2=t1+(1, 4))	1	513
(248, 39, 3507, t1) -> (248, 39, 248, t2=t1+(1, 5))	1	514
(3756, 85, 1246, t1) -> (1246, 85, 1246, t2=t1+(1, 5))	1	515
(4551, 196, 1384, t1) -> (4551, 196, 1384, t2=t1+(1, 3))	1	516
(4228, 160, 4103, t1) -> (4103, 160, 4228, t2=t1+(1, 2))	1	517
(454, 163, 3474, t1) -> (3474, 163, 3474, t2=t1+(1, 4))	1	518
(1373, 81, 1459, t1) -> (1373, 81, 1459, t2=t1+(1, 3))	1	519
(1294, 89, 1851, t1) -> (1851, 89, 1294, t2=t1+(1, 9))	1	520
(3695, 73, 1023, t1) -> (1023, 73, 3695, t2=t1+(1, 6))	1	521
(2822, 132, 1747, t1) -> (1747, 132, 2822, t2=t1+(1, 3))	1	522
(1906, 176, 124, t1) -> (1906, 176, 124, t2=t1+(1, 8))	1	523
(4727, 100, 1395, t1) -> (4727, 100, 1395, t2=t1+(1, 2))	1	524
