(2774, 154, 2525, t1) & (4386, 36, 1281, t2=t1+(0, 7)) & (4386, 45, 2774, t3=t2+(0, 2)) -> (2774, 36, 1281, t4=t3+(1, 3))	3	0
(815, 43, 3479, t1) & (4209, 131, 1813, t2=t1+(0, 6)) & (1813, 85, 3479, t3=t2+(0, 3)) -> (3479, 131, 815, t4=t3+(1, 5))	3	1
(192, 31, 1120, t1) & (3515, 46, 3390, t2=t1+(0, 4)) & (3390, 190, 1120, t3=t2+(0, 7)) -> (3515, 190, 3390, t4=t3+(1, 4))	3	2
(2134, 89, 1793, t1) & (3078, 99, 4947, t2=t1+(0, 3)) & (4947, 55, 1793, t3=t2+(0, 5)) -> (2134, 55, 4947, t4=t3+(1, 5))	3	3
(2566, 25, 3484, t1) & (3721, 20, 2523, t2=t1+(0, 4)) & (3484, 78, 3721, t3=t2+(0, 3)) -> (2523, 25, 3721, t4=t3+(1, 4))	3	4
(4825, 188, 3031, t1) & (3578, 182, 4313, t2=t1+(0, 4)) & (3031, 118, 3578, t3=t2+(0, 6)) -> (3578, 182, 4825, t4=t3+(1, 5))	3	5
(2175, 145, 2864, t1) & (3166, 135, 1034, t2=t1+(0, 4)) & (1034, 95, 2175, t3=t2+(0, 2)) -> (1034, 95, 2175, t4=t3+(1, 10))	3	6
(4025, 150, 778, t1) & (346, 8, 4700, t2=t1+(0, 3)) & (4700, 186, 4025, t3=t2+(0, 7)) -> (346, 150, 4025, t4=t3+(1, 7))	3	7
(3501, 122, 2099, t1) & (2303, 72, 4045, t2=t1+(0, 7)) & (2099, 121, 4045, t3=t2+(0, 6)) -> (4045, 72, 3501, t4=t3+(1, 2))	3	8
(4115, 69, 20, t1) & (901, 139, 1108, t2=t1+(0, 6)) & (901, 194, 20, t3=t2+(0, 5)) -> (1108, 69, 1108, t4=t3+(1, 8))	3	9
(932, 75, 3396, t1) & (1789, 14, 1615, t2=t1+(0, 4)) & (1615, 112, 3396, t3=t2+(0, 8)) -> (1789, 14, 1615, t4=t3+(1, 3))	3	10
(2202, 33, 3781, t1) & (4760, 143, 3847, t2=t1+(0, 6)) & (4760, 22, 2202, t3=t2+(0, 7)) -> (2202, 33, 4760, t4=t3+(1, 6))	3	11
(290, 2, 2185, t1) & (4255, 111, 4761, t2=t1+(0, 6)) & (4255, 170, 2185, t3=t2+(0, 1)) -> (4255, 111, 4255, t4=t3+(1, 4))	3	12
(3708, 187, 4454, t1) & (18, 22, 2690, t2=t1+(0, 4)) & (3708, 117, 18, t3=t2+(0, 5)) -> (4454, 187, 18, t4=t3+(1, 3))	3	13
(947, 149, 3839, t1) & (3999, 52, 3602, t2=t1+(0, 6)) & (3839, 19, 3602, t3=t2+(0, 6)) -> (3602, 19, 3602, t4=t3+(1, 3))	3	14
(3481, 161, 4117, t1) & (1987, 49, 4333, t2=t1+(0, 8)) & (4117, 170, 1987, t3=t2+(0, 8)) -> (4117, 49, 1987, t4=t3+(1, 4))	3	15
(4603, 1, 3232, t1) & (2103, 69, 3951, t2=t1+(0, 3)) & (3951, 117, 4603, t3=t2+(0, 5)) -> (3232, 117, 3951, t4=t3+(1, 4))	3	16
(4927, 171, 2330, t1) & (1269, 103, 3996, t2=t1+(0, 2)) & (4927, 183, 3996, t3=t2+(0, 6)) -> (3996, 183, 3996, t4=t3+(1, 2))	3	17
(2207, 194, 3338, t1) & (1004, 41, 215, t2=t1+(0, 3)) & (2207, 112, 215, t3=t2+(0, 8)) -> (215, 112, 1004, t4=t3+(1, 1))	3	18
(419, 71, 3647, t1) & (1670, 19, 3799, t2=t1+(0, 11)) & (1670, 128, 3647, t3=t2+(0, 5)) -> (1670, 19, 1670, t4=t3+(1, 9))	3	19
(737, 152, 2355, t1) & (1450, 141, 1957, t2=t1+(0, 7)) & (1450, 76, 2355, t3=t2+(0, 9)) -> (1957, 152, 2355, t4=t3+(1, 8))	3	20
(1029, 148, 1433, t1) & (2233, 112, 1326, t2=t1+(0, 2)) & (1433, 3, 1326, t3=t2+(0, 4)) -> (2233, 148, 1433, t4=t3+(1, 8))	3	21
(3216, 133, 1419, t1) & (94, 179, 2463, t2=t1+(0, 5)) & (2463, 101, 1419, t3=t2+(0, 9)) -> (2463, 179, 94, t4=t3+(1, 3))	3	22
(3762, 14, 3184, t1) & (245, 129, 3271, t2=t1+(0, 5)) & (3762, 7, 245, t3=t2+(0, 6)) -> (3762, 14, 245, t4=t3+(1, 4))	3	23
(1829, 111, 846, t1) & (4924, 178, 3996, t2=t1+(0, 4)) & (4924, 69, 1829, t3=t2+(0, 3)) -> (3996, 69, 4924, t4=t3+(1, 3))	3	24
(3121, 141, 4172, t1) & (1916, 194, 2621, t2=t1+(0, 8)) & (4172, 78, 2621, t3=t2+(0, 6)) -> (3121, 194, 1916, t4=t3+(1, 5))	3	25
(2065, 160, 4924, t1) & (3485, 128, 1795, t2=t1+(0, 7)) & (3485, 25, 2065, t3=t2+(0, 3)) -> (4924, 160, 3485, t4=t3+(1, 6))	3	26
(3067, 195, 2786, t1) & (2661, 43, 1205, t2=t1+(0, 6)) & (2661, 189, 3067, t3=t2+(0, 6)) -> (2661, 195, 3067, t4=t3+(1, 4))	3	27
(2841, 59, 4296, t1) & (1241, 26, 492, t2=t1+(0, 2)) & (4296, 98, 1241, t3=t2+(0, 3)) -> (492, 98, 4296, t4=t3+(1, 7))	3	28
(233, 111, 3799, t1) & (4333, 23, 1911, t2=t1+(0, 5)) & (1911, 186, 3799, t3=t2+(0, 4)) -> (4333, 186, 233, t4=t3+(1, 9))	3	29
(1382, 36, 2295, t1) & (467, 95, 1748, t2=t1+(0, 3)) & (1382, 138, 467, t3=t2+(0, 9)) -> (467, 36, 467, t4=t3+(1, 4))	3	30
(736, 101, 1758, t1) & (3120, 104, 1840, t2=t1+(0, 5)) & (1840, 191, 736, t3=t2+(0, 10)) -> (736, 104, 736, t4=t3+(1, 6))	3	31
(1571, 143, 977, t1) & (1227, 115, 2224, t2=t1+(0, 6)) & (2224, 169, 1571, t3=t2+(0, 3)) -> (2224, 115, 2224, t4=t3+(1, 5))	3	32
(1428, 173, 3714, t1) & (0, 90, 3869, t2=t1+(0, 6)) & (0, 85, 1428, t3=t2+(0, 5)) -> (0, 90, 0, t4=t3+(1, 4))	3	33
(2420, 150, 517, t1) & (2004, 39, 4519, t2=t1+(0, 3)) & (2004, 164, 2420, t3=t2+(0, 4)) -> (2004, 39, 4519, t4=t3+(1, 6))	3	34
(2252, 40, 1180, t1) & (4413, 97, 3135, t2=t1+(0, 9)) & (1180, 51, 3135, t3=t2+(0, 5)) -> (3135, 51, 1180, t4=t3+(1, 5))	3	35
(4452, 128, 1475, t1) & (1270, 64, 2372, t2=t1+(0, 7)) & (1270, 122, 1475, t3=t2+(0, 4)) -> (1475, 64, 1270, t4=t3+(1, 7))	3	36
(2503, 82, 1102, t1) & (763, 6, 4413, t2=t1+(0, 3)) & (763, 154, 1102, t3=t2+(0, 8)) -> (763, 154, 1102, t4=t3+(1, 2))	3	37
(2051, 126, 1511, t1) & (3243, 146, 1769, t2=t1+(0, 6)) & (1511, 9, 3243, t3=t2+(0, 3)) -> (1511, 126, 1511, t4=t3+(1, 4))	3	38
(2418, 28, 1774, t1) & (1043, 72, 3767, t2=t1+(0, 4)) & (3767, 139, 1774, t3=t2+(0, 9)) -> (3767, 72, 1774, t4=t3+(1, 9))	3	39
(2932, 4, 4478, t1) & (3582, 36, 2195, t2=t1+(0, 5)) & (2195, 0, 2932, t3=t2+(0, 1)) -> (4478, 0, 4478, t4=t3+(1, 5))	3	40
(4332, 31, 2416, t1) & (2329, 14, 176, t2=t1+(0, 6)) & (176, 167, 4332, t3=t2+(0, 8)) -> (4332, 31, 4332, t4=t3+(1, 8))	3	41
(3525, 9, 3461, t1) & (449, 64, 3322, t2=t1+(0, 2)) & (3525, 45, 3322, t3=t2+(0, 6)) -> (3322, 45, 3322, t4=t3+(1, 4))	3	42
(3182, 72, 2852, t1) & (4435, 73, 4327, t2=t1+(0, 6)) & (4327, 166, 2852, t3=t2+(0, 8)) -> (2852, 72, 2852, t4=t3+(1, 4))	3	43
(563, 118, 3827, t1) & (4697, 129, 4536, t2=t1+(0, 1)) & (3827, 155, 4697, t3=t2+(0, 2)) -> (4536, 118, 563, t4=t3+(1, 6))	3	44
(3969, 83, 1256, t1) & (2540, 104, 4997, t2=t1+(0, 4)) & (3969, 49, 4997, t3=t2+(0, 6)) -> (4997, 83, 2540, t4=t3+(1, 1))	3	45
(1554, 80, 4402, t1) & (1599, 176, 235, t2=t1+(0, 5)) & (1599, 178, 1554, t3=t2+(0, 2)) -> (1554, 178, 235, t4=t3+(1, 5))	3	46
(730, 94, 2034, t1) & (2402, 72, 2206, t2=t1+(0, 3)) & (730, 90, 2402, t3=t2+(0, 9)) -> (2034, 94, 2402, t4=t3+(1, 4))	3	47
(1377, 91, 2100, t1) & (4316, 6, 1912, t2=t1+(0, 7)) & (2100, 152, 1912, t3=t2+(0, 3)) -> (1377, 152, 1912, t4=t3+(1, 2))	3	48
(2450, 4, 47, t1) & (3209, 12, 1838, t2=t1+(0, 4)) & (1838, 78, 47, t3=t2+(0, 4)) -> (1838, 78, 47, t4=t3+(1, 2))	3	49
(2564, 178, 3016, t1) & (2880, 55, 2279, t2=t1+(0, 6)) & (2880, 188, 2564, t3=t2+(0, 3)) -> (2564, 55, 2279, t4=t3+(1, 3))	3	50
(3053, 192, 1573, t1) & (657, 199, 3521, t2=t1+(0, 9)) & (1573, 190, 3521, t3=t2+(0, 5)) -> (3053, 199, 3521, t4=t3+(1, 4))	3	51
(1611, 31, 2026, t1) & (4513, 64, 4491, t2=t1+(0, 3)) & (1611, 39, 4491, t3=t2+(0, 4)) -> (2026, 64, 2026, t4=t3+(1, 5))	3	52
(3666, 135, 2529, t1) & (2565, 75, 4474, t2=t1+(0, 6)) & (4474, 156, 2529, t3=t2+(0, 3)) -> (3666, 135, 2529, t4=t3+(1, 1))	3	53
(1858, 130, 3579, t1) & (821, 141, 1413, t2=t1+(0, 5)) & (1858, 172, 821, t3=t2+(0, 4)) -> (1858, 141, 821, t4=t3+(1, 11))	3	54
(4254, 82, 508, t1) & (4529, 91, 531, t2=t1+(0, 5)) & (531, 128, 508, t3=t2+(0, 9)) -> (531, 128, 531, t4=t3+(1, 2))	3	55
(3467, 68, 1879, t1) & (4840, 16, 1645, t2=t1+(0, 6)) & (4840, 21, 1879, t3=t2+(0, 4)) -> (3467, 21, 1645, t4=t3+(1, 6))	3	56
(4353, 123, 4268, t1) & (4575, 44, 672, t2=t1+(0, 5)) & (4575, 185, 4268, t3=t2+(0, 4)) -> (4353, 123, 672, t4=t3+(1, 7))	3	57
(3426, 69, 4945, t1) & (1357, 124, 992, t2=t1+(0, 1)) & (4945, 33, 992, t3=t2+(0, 5)) -> (992, 69, 4945, t4=t3+(1, 1))	3	58
(2933, 78, 3895, t1) & (1297, 30, 254, t2=t1+(0, 8)) & (1297, 11, 3895, t3=t2+(0, 3)) -> (1297, 78, 3895, t4=t3+(1, 4))	3	59
(176, 2, 383, t1) & (4689, 140, 1877, t2=t1+(0, 7)) & (176, 192, 1877, t3=t2+(0, 2)) -> (4689, 2, 1877, t4=t3+(1, 5))	3	60
(1412, 195, 4115, t1) & (4870, 66, 1973, t2=t1+(0, 7)) & (4870, 141, 1412, t3=t2+(0, 4)) -> (4870, 66, 4870, t4=t3+(1, 1))	3	61
(4083, 22, 206, t1) & (854, 94, 1299, t2=t1+(0, 5)) & (4083, 72, 1299, t3=t2+(0, 7)) -> (206, 22, 1299, t4=t3+(1, 3))	3	62
(3924, 21, 2754, t1) & (4952, 189, 971, t2=t1+(0, 7)) & (2754, 82, 971, t3=t2+(0, 7)) -> (4952, 21, 4952, t4=t3+(1, 4))	3	63
(263, 109, 1911, t1) & (1724, 35, 3830, t2=t1+(0, 4)) & (263, 61, 3830, t3=t2+(0, 7)) -> (263, 35, 263, t4=t3+(1, 5))	3	64
(3189, 154, 1848, t1) & (1357, 163, 554, t2=t1+(0, 6)) & (1848, 116, 554, t3=t2+(0, 5)) -> (1848, 163, 1848, t4=t3+(1, 2))	3	65
(3400, 2, 920, t1) & (2040, 151, 59, t2=t1+(0, 5)) & (3400, 137, 59, t3=t2+(0, 4)) -> (2040, 2, 59, t4=t3+(1, 6))	3	66
(1529, 32, 1708, t1) & (570, 19, 4502, t2=t1+(0, 5)) & (570, 132, 1708, t3=t2+(0, 9)) -> (1708, 32, 570, t4=t3+(1, 10))	3	67
(2280, 30, 2875, t1) & (2953, 87, 3605, t2=t1+(0, 6)) & (2953, 95, 2875, t3=t2+(0, 5)) -> (2280, 30, 3605, t4=t3+(1, 4))	3	68
(3815, 177, 1365, t1) & (1162, 94, 2326, t2=t1+(0, 7)) & (1162, 199, 1365, t3=t2+(0, 6)) -> (1365, 177, 1365, t4=t3+(1, 3))	3	69
(3797, 11, 3511, t1) & (2320, 14, 4226, t2=t1+(0, 8)) & (3797, 96, 4226, t3=t2+(0, 3)) -> (4226, 96, 3797, t4=t3+(1, 3))	3	70
(1709, 20, 2414, t1) & (1144, 173, 4621, t2=t1+(0, 3)) & (4621, 162, 2414, t3=t2+(0, 4)) -> (2414, 20, 2414, t4=t3+(1, 2))	3	71
(1023, 158, 337, t1) & (3730, 37, 3872, t2=t1+(0, 3)) & (1023, 104, 3730, t3=t2+(0, 6)) -> (1023, 37, 337, t4=t3+(1, 7))	3	72
(2345, 162, 339, t1) & (4790, 126, 2787, t2=t1+(0, 3)) & (2345, 102, 2787, t3=t2+(0, 3)) -> (4790, 162, 2787, t4=t3+(1, 5))	3	73
(4273, 109, 4985, t1) & (2897, 121, 4158, t2=t1+(0, 8)) & (4985, 183, 4158, t3=t2+(0, 3)) -> (4273, 183, 4273, t4=t3+(1, 5))	3	74
(227, 173, 2119, t1) & (4572, 152, 370, t2=t1+(0, 4)) & (370, 88, 227, t3=t2+(0, 5)) -> (4572, 88, 4572, t4=t3+(1, 4))	3	75
(1985, 181, 2904, t1) & (2050, 26, 141, t2=t1+(0, 2)) & (141, 197, 2904, t3=t2+(0, 10)) -> (2050, 26, 141, t4=t3+(1, 6))	3	76
(3874, 178, 2074, t1) & (2165, 126, 3665, t2=t1+(0, 8)) & (2165, 13, 3874, t3=t2+(0, 6)) -> (2165, 178, 3665, t4=t3+(1, 9))	3	77
(2657, 52, 2147, t1) & (373, 103, 4989, t2=t1+(0, 3)) & (2147, 75, 373, t3=t2+(0, 6)) -> (4989, 52, 4989, t4=t3+(1, 6))	3	78
(134, 0, 4382, t1) & (971, 16, 3145, t2=t1+(0, 4)) & (3145, 38, 134, t3=t2+(0, 5)) -> (4382, 38, 3145, t4=t3+(1, 4))	3	79
(3544, 198, 3258, t1) & (4255, 96, 2448, t2=t1+(0, 9)) & (3258, 136, 2448, t3=t2+(0, 5)) -> (4255, 136, 2448, t4=t3+(1, 6))	3	80
(3451, 117, 3047, t1) & (4755, 90, 4477, t2=t1+(0, 6)) & (4477, 95, 3451, t3=t2+(0, 3)) -> (3451, 90, 3047, t4=t3+(1, 3))	3	81
(4150, 166, 4143, t1) & (4408, 195, 3356, t2=t1+(0, 4)) & (4150, 117, 3356, t3=t2+(0, 5)) -> (3356, 166, 4143, t4=t3+(1, 10))	3	82
(4587, 47, 417, t1) & (4989, 194, 2702, t2=t1+(0, 2)) & (2702, 73, 417, t3=t2+(0, 4)) -> (417, 194, 417, t4=t3+(1, 5))	3	83
(4404, 184, 2095, t1) & (1971, 177, 4660, t2=t1+(0, 4)) & (4404, 119, 4660, t3=t2+(0, 8)) -> (4404, 177, 4404, t4=t3+(1, 6))	3	84
(4162, 53, 3413, t1) & (2645, 176, 3824, t2=t1+(0, 4)) & (4162, 155, 3824, t3=t2+(0, 3)) -> (4162, 176, 3413, t4=t3+(1, 1))	3	85
(3855, 80, 647, t1) & (3051, 133, 427, t2=t1+(0, 4)) & (647, 199, 3051, t3=t2+(0, 6)) -> (647, 80, 427, t4=t3+(1, 10))	3	86
(2041, 73, 2072, t1) & (347, 46, 1020, t2=t1+(0, 6)) & (2041, 125, 1020, t3=t2+(0, 1)) -> (1020, 73, 2072, t4=t3+(1, 7))	3	87
(4203, 5, 743, t1) & (1109, 147, 2865, t2=t1+(0, 4)) & (4203, 168, 1109, t3=t2+(0, 10)) -> (2865, 5, 1109, t4=t3+(1, 3))	3	88
(1766, 81, 2607, t1) & (2998, 53, 3544, t2=t1+(0, 6)) & (2607, 47, 3544, t3=t2+(0, 9)) -> (1766, 53, 2607, t4=t3+(1, 7))	3	89
(702, 160, 1121, t1) & (779, 76, 382, t2=t1+(0, 7)) & (702, 108, 779, t3=t2+(0, 5)) -> (779, 160, 779, t4=t3+(1, 1))	3	90
(2943, 46, 185, t1) & (4984, 149, 1009, t2=t1+(0, 7)) & (2943, 169, 1009, t3=t2+(0, 8)) -> (1009, 169, 1009, t4=t3+(1, 11))	3	91
(3272, 141, 3903, t1) & (2918, 102, 4022, t2=t1+(0, 8)) & (3272, 50, 4022, t3=t2+(0, 1)) -> (3272, 102, 3272, t4=t3+(1, 1))	3	92
(1411, 136, 573, t1) & (146, 154, 2061, t2=t1+(0, 7)) & (146, 196, 1411, t3=t2+(0, 6)) -> (1411, 196, 146, t4=t3+(1, 4))	3	93
(3026, 73, 4503, t1) & (1863, 188, 1731, t2=t1+(0, 4)) & (1731, 113, 4503, t3=t2+(0, 4)) -> (1863, 73, 4503, t4=t3+(1, 2))	3	94
(2490, 54, 3789, t1) & (2383, 16, 3442, t2=t1+(0, 7)) & (3442, 15, 2490, t3=t2+(0, 5)) -> (3442, 54, 2383, t4=t3+(1, 9))	3	95
(1458, 34, 3152, t1) & (1071, 142, 4085, t2=t1+(0, 5)) & (1458, 127, 1071, t3=t2+(0, 7)) -> (1458, 127, 1071, t4=t3+(1, 6))	3	96
(296, 54, 4137, t1) & (3465, 4, 361, t2=t1+(0, 5)) & (4137, 43, 3465, t3=t2+(0, 5)) -> (361, 54, 3465, t4=t3+(1, 6))	3	97
(3114, 76, 3262, t1) & (655, 151, 1693, t2=t1+(0, 11)) & (655, 117, 3262, t3=t2+(0, 3)) -> (655, 117, 655, t4=t3+(1, 4))	3	98
(3515, 153, 3420, t1) & (488, 106, 181, t2=t1+(0, 7)) & (3515, 143, 488, t3=t2+(0, 5)) -> (3515, 106, 488, t4=t3+(1, 9))	3	99
(2635, 104, 2413, t1) & (2413, 166, 1371, t2=t1+(0, 9)) -> (1371, 104, 2413, t3=t2+(1, 4))	2	100
(1067, 176, 2687, t1) & (2687, 79, 1067, t2=t1+(0, 6)) -> (1067, 79, 1067, t3=t2+(1, 4))	2	101
(4631, 43, 194, t1) & (4631, 45, 2118, t2=t1+(0, 3)) -> (194, 43, 4631, t3=t2+(1, 12))	2	102
(4362, 16, 4483, t1) & (2946, 191, 4483, t2=t1+(0, 7)) -> (4362, 191, 2946, t3=t2+(1, 7))	2	103
(3248, 91, 1337, t1) & (885, 87, 1337, t2=t1+(0, 7)) -> (3248, 87, 1337, t3=t2+(1, 4))	2	104
(2143, 155, 2350, t1) & (2558, 177, 2143, t2=t1+(0, 3)) -> (2143, 155, 2350, t3=t2+(1, 1))	2	105
(684, 131, 2958, t1) & (684, 109, 2958, t2=t1+(0, 7)) -> (2958, 109, 2958, t3=t2+(1, 7))	2	106
(1554, 171, 3130, t1) & (1554, 32, 3130, t2=t1+(0, 2)) -> (3130, 32, 1554, t3=t2+(1, 8))	2	107
(1790, 141, 2152, t1) & (2152, 24, 3847, t2=t1+(0, 3)) -> (2152, 141, 1790, t3=t2+(1, 7))	2	108
(508, 23, 780, t1) & (780, 187, 1510, t2=t1+(0, 3)) -> (780, 187, 780, t3=t2+(1, 9))	2	109
(4168, 182, 3888, t1) & (391, 73, 3888, t2=t1+(0, 2)) -> (391, 73, 3888, t3=t2+(1, 6))	2	110
(1891, 115, 3696, t1) & (3696, 94, 68, t2=t1+(0, 5)) -> (3696, 115, 1891, t3=t2+(1, 5))	2	111
(3582, 104, 2259, t1) & (2063, 41, 2259, t2=t1+(0, 4)) -> (2259, 104, 2259, t3=t2+(1, 6))	2	112
(2832, 196, 3732, t1) & (2832, 145, 138, t2=t1+(0, 7)) -> (138, 196, 3732, t3=t2+(1, 5))	2	113
(1042, 168, 1316, t1) & (1316, 18, 1042, t2=t1+(0, 8)) -> (1316, 168, 1042, t3=t2+(1, 5))	2	114
(947, 45, 3119, t1) & (1063, 79, 3119, t2=t1+(0, 8)) -> (3119, 45, 3119, t3=t2+(1, 2))	2	115
(3295, 128, 3761, t1) & (3761, 31, 2374, t2=t1+(0, 1)) -> (3761, 31, 3761, t3=t2+(1, 4))	2	116
(3622, 57, 738, t1) & (555, 118, 3622, t2=t1+(0, 6)) -> (555, 57, 3622, t3=t2+(1, 3))	2	117
(915, 108, 3225, t1) & (4678, 45, 915, t2=t1+(0, 6)) -> (915, 45, 915, t3=t2+(1, 3))	2	118
(958, 151, 4218, t1) & (4218, 90, 958, t2=t1+(0, 7)) -> (958, 90, 4218, t3=t2+(1, 10))	2	119
(4612, 182, 4923, t1) & (4926, 0, 4612, t2=t1+(0, 3)) -> (4612, 0, 4612, t3=t2+(1, 4))	2	120
(4314, 182, 1450, t1) & (4314, 116, 4314, t2=t1+(0, 5)) -> (4314, 182, 1450, t3=t2+(1, 7))	2	121
(790, 93, 4021, t1) & (2760, 110, 4021, t2=t1+(0, 1)) -> (2760, 110, 4021, t3=t2+(1, 6))	2	122
(148, 41, 3014, t1) & (148, 170, 4036, t2=t1+(0, 11)) -> (3014, 41, 148, t3=t2+(1, 4))	2	123
(1121, 59, 414, t1) & (3426, 9, 1121, t2=t1+(0, 5)) -> (1121, 9, 1121, t3=t2+(1, 5))	2	124
(3777, 180, 3821, t1) & (3821, 36, 4391, t2=t1+(0, 3)) -> (3821, 36, 4391, t3=t2+(1, 7))	2	125
(410, 33, 1594, t1) & (145, 188, 410, t2=t1+(0, 4)) -> (1594, 188, 145, t3=t2+(1, 2))	2	126
(2089, 160, 3848, t1) & (2089, 83, 2605, t2=t1+(0, 8)) -> (2605, 83, 3848, t3=t2+(1, 7))	2	127
(4141, 197, 3657, t1) & (4141, 22, 4141, t2=t1+(0, 3)) -> (4141, 197, 4141, t3=t2+(1, 2))	2	128
(2831, 36, 1610, t1) & (2831, 125, 2831, t2=t1+(0, 6)) -> (2831, 36, 1610, t3=t2+(1, 3))	2	129
(1827, 171, 4482, t1) & (4482, 109, 390, t2=t1+(0, 3)) -> (4482, 109, 1827, t3=t2+(1, 4))	2	130
(3283, 49, 2942, t1) & (4224, 62, 2942, t2=t1+(0, 5)) -> (2942, 49, 3283, t3=t2+(1, 2))	2	131
(482, 170, 3046, t1) & (482, 27, 3046, t2=t1+(0, 6)) -> (3046, 27, 3046, t3=t2+(1, 6))	2	132
(2671, 185, 4759, t1) & (2671, 161, 2671, t2=t1+(0, 7)) -> (2671, 185, 4759, t3=t2+(1, 6))	2	133
(3099, 155, 3750, t1) & (3750, 26, 3750, t2=t1+(0, 5)) -> (3750, 155, 3099, t3=t2+(1, 2))	2	134
(1648, 120, 4190, t1) & (1648, 164, 4190, t2=t1+(0, 4)) -> (1648, 120, 1648, t3=t2+(1, 4))	2	135
(1320, 97, 2847, t1) & (1320, 196, 2532, t2=t1+(0, 7)) -> (2847, 97, 1320, t3=t2+(1, 8))	2	136
(3481, 1, 2486, t1) & (3481, 137, 2096, t2=t1+(0, 7)) -> (3481, 1, 2096, t3=t2+(1, 7))	2	137
(491, 96, 1761, t1) & (233, 65, 1761, t2=t1+(0, 4)) -> (491, 65, 1761, t3=t2+(1, 1))	2	138
(2809, 126, 1517, t1) & (2418, 19, 2809, t2=t1+(0, 7)) -> (2809, 19, 2809, t3=t2+(1, 7))	2	139
(4213, 89, 4256, t1) & (4256, 69, 4213, t2=t1+(0, 3)) -> (4213, 69, 4213, t3=t2+(1, 5))	2	140
(1383, 59, 225, t1) & (225, 4, 2558, t2=t1+(0, 4)) -> (1383, 59, 225, t3=t2+(1, 5))	2	141
(3880, 170, 1095, t1) & (3880, 75, 1095, t2=t1+(0, 4)) -> (3880, 170, 3880, t3=t2+(1, 7))	2	142
(171, 69, 4559, t1) & (171, 138, 4559, t2=t1+(0, 3)) -> (171, 138, 171, t3=t2+(1, 8))	2	143
(713, 12, 3288, t1) & (3288, 147, 713, t2=t1+(0, 5)) -> (3288, 12, 713, t3=t2+(1, 8))	2	144
(608, 171, 244, t1) & (608, 107, 3521, t2=t1+(0, 6)) -> (608, 107, 244, t3=t2+(1, 6))	2	145
(2562, 175, 3179, t1) & (2562, 161, 294, t2=t1+(0, 4)) -> (3179, 175, 294, t3=t2+(1, 7))	2	146
(660, 32, 3155, t1) & (1239, 34, 660, t2=t1+(0, 10)) -> (3155, 34, 660, t3=t2+(1, 4))	2	147
(4628, 145, 4840, t1) & (4628, 151, 1121, t2=t1+(0, 3)) -> (4840, 151, 4628, t3=t2+(1, 7))	2	148
(1069, 71, 4554, t1) & (4554, 23, 4554, t2=t1+(0, 6)) -> (4554, 23, 4554, t3=t2+(1, 7))	2	149
(3206, 36, 4485, t1) & (4912, 193, 4485, t2=t1+(0, 6)) -> (4912, 36, 3206, t3=t2+(1, 5))	2	150
(2192, 133, 2288, t1) & (1198, 86, 2192, t2=t1+(0, 4)) -> (2288, 86, 2288, t3=t2+(1, 7))	2	151
(1485, 129, 1134, t1) & (3373, 76, 1485, t2=t1+(0, 9)) -> (1134, 129, 3373, t3=t2+(1, 9))	2	152
(1336, 198, 1085, t1) & (1336, 100, 1336, t2=t1+(0, 7)) -> (1336, 198, 1085, t3=t2+(1, 4))	2	153
(105, 176, 270, t1) & (270, 149, 270, t2=t1+(0, 12)) -> (270, 149, 105, t3=t2+(1, 2))	2	154
(4073, 35, 705, t1) & (705, 63, 2809, t2=t1+(0, 5)) -> (2809, 63, 705, t3=t2+(1, 1))	2	155
(1865, 28, 3464, t1) & (4452, 52, 3464, t2=t1+(0, 9)) -> (4452, 28, 4452, t3=t2+(1, 7))	2	156
(3099, 14, 655, t1) & (655, 158, 655, t2=t1+(0, 5)) -> (655, 158, 655, t3=t2+(1, 4))	2	157
(4840, 73, 8, t1) & (240, 101, 8, t2=t1+(0, 3)) -> (4840, 73, 8, t3=t2+(1, 6))	2	158
(4172, 170, 406, t1) & (4172, 16, 406, t2=t1+(0, 2)) -> (406, 16, 406, t3=t2+(1, 2))	2	159
(3755, 25, 921, t1) & (338, 49, 3755, t2=t1+(0, 10)) -> (3755, 25, 3755, t3=t2+(1, 4))	2	160
(2302, 71, 909, t1) & (909, 110, 909, t2=t1+(0, 3)) -> (909, 71, 909, t3=t2+(1, 6))	2	161
(1075, 82, 3235, t1) & (841, 99, 1075, t2=t1+(0, 5)) -> (3235, 99, 841, t3=t2+(1, 2))	2	162
(4936, 38, 518, t1) & (518, 89, 1471, t2=t1+(0, 7)) -> (1471, 89, 1471, t3=t2+(1, 5))	2	163
(4908, 113, 4322, t1) & (2461, 178, 4322, t2=t1+(0, 2)) -> (4908, 178, 2461, t3=t2+(1, 2))	2	164
(193, 134, 1186, t1) & (193, 14, 1186, t2=t1+(0, 5)) -> (1186, 14, 1186, t3=t2+(1, 2))	2	165
(2810, 54, 4296, t1) & (4296, 168, 4296, t2=t1+(0, 1)) -> (2810, 54, 4296, t3=t2+(1, 5))	2	166
(412, 156, 3496, t1) & (3496, 41, 3496, t2=t1+(0, 5)) -> (3496, 156, 412, t3=t2+(1, 6))	2	167
(1785, 109, 825, t1) & (825, 7, 503, t2=t1+(0, 7)) -> (503, 7, 825, t3=t2+(1, 3))	2	168
(184, 59, 4964, t1) & (184, 110, 4344, t2=t1+(0, 3)) -> (4344, 110, 4964, t3=t2+(1, 3))	2	169
(3311, 101, 4114, t1) & (3311, 90, 4114, t2=t1+(0, 7)) -> (4114, 90, 4114, t3=t2+(1, 3))	2	170
(645, 52, 877, t1) & (877, 144, 645, t2=t1+(0, 3)) -> (645, 144, 645, t3=t2+(1, 4))	2	171
(310, 115, 859, t1) & (3435, 5, 310, t2=t1+(0, 3)) -> (310, 5, 310, t3=t2+(1, 6))	2	172
(3205, 52, 2269, t1) & (3205, 186, 1087, t2=t1+(0, 2)) -> (3205, 52, 1087, t3=t2+(1, 1))	2	173
(3833, 46, 4557, t1) & (3833, 151, 4557, t2=t1+(0, 3)) -> (3833, 151, 4557, t3=t2+(1, 4))	2	174
(3984, 181, 1655, t1) & (1655, 181, 2612, t2=t1+(0, 6)) -> (1655, 181, 3984, t3=t2+(1, 2))	2	175
(2226, 193, 949, t1) & (949, 70, 2226, t2=t1+(0, 4)) -> (949, 193, 949, t3=t2+(1, 1))	2	176
(1998, 154, 1806, t1) & (1998, 25, 1021, t2=t1+(0, 3)) -> (1998, 154, 1021, t3=t2+(1, 7))	2	177
(4834, 20, 1938, t1) & (1938, 163, 4834, t2=t1+(0, 5)) -> (1938, 20, 1938, t3=t2+(1, 8))	2	178
(7, 98, 4925, t1) & (4925, 1, 1401, t2=t1+(0, 5)) -> (1401, 98, 4925, t3=t2+(1, 5))	2	179
(1035, 80, 3224, t1) & (4312, 118, 3224, t2=t1+(0, 2)) -> (3224, 80, 3224, t3=t2+(1, 8))	2	180
(697, 96, 3712, t1) & (697, 80, 4034, t2=t1+(0, 8)) -> (4034, 80, 697, t3=t2+(1, 5))	2	181
(1267, 156, 1635, t1) & (3695, 184, 1635, t2=t1+(0, 9)) -> (1635, 184, 1635, t3=t2+(1, 6))	2	182
(4657, 116, 851, t1) & (4657, 170, 851, t2=t1+(0, 3)) -> (851, 116, 4657, t3=t2+(1, 3))	2	183
(2112, 179, 4840, t1) & (2112, 112, 1276, t2=t1+(0, 4)) -> (2112, 112, 2112, t3=t2+(1, 6))	2	184
(1583, 183, 2885, t1) & (1583, 74, 1630, t2=t1+(0, 6)) -> (1583, 74, 1583, t3=t2+(1, 4))	2	185
(482, 82, 291, t1) & (482, 157, 3553, t2=t1+(0, 8)) -> (291, 82, 291, t3=t2+(1, 5))	2	186
(663, 45, 3435, t1) & (663, 173, 2831, t2=t1+(0, 4)) -> (2831, 45, 663, t3=t2+(1, 6))	2	187
(1106, 73, 2153, t1) & (1106, 71, 1106, t2=t1+(0, 3)) -> (1106, 71, 1106, t3=t2+(1, 2))	2	188
(3733, 127, 2842, t1) & (3733, 49, 3733, t2=t1+(0, 3)) -> (3733, 49, 3733, t3=t2+(1, 2))	2	189
(4243, 55, 1586, t1) & (2793, 148, 1586, t2=t1+(0, 4)) -> (1586, 148, 4243, t3=t2+(1, 8))	2	190
(393, 116, 3938, t1) & (393, 95, 2209, t2=t1+(0, 9)) -> (2209, 116, 2209, t3=t2+(1, 2))	2	191
(2514, 101, 1913, t1) & (1913, 151, 2514, t2=t1+(0, 5)) -> (1913, 151, 2514, t3=t2+(1, 4))	2	192
(342, 116, 2821, t1) & (2821, 183, 342, t2=t1+(0, 8)) -> (2821, 183, 2821, t3=t2+(1, 2))	2	193
(2046, 53, 339, t1) & (339, 197, 339, t2=t1+(0, 5)) -> (339, 53, 339, t3=t2+(1, 3))	2	194
(3366, 136, 4783, t1) & (3366, 28, 426, t2=t1+(0, 10)) -> (4783, 136, 426, t3=t2+(1, 4))	2	195
(1215, 108, 2234, t1) & (1215, 142, 1626, t2=t1+(0, 4)) -> (1626, 108, 1215, t3=t2+(1, 8))	2	196
(406, 17, 2825, t1) & (406, 79, 4375, t2=t1+(0, 4)) -> (406, 79, 406, t3=t2+(1, 3))	2	197
(615, 71, 4187, t1) & (615, 113, 4187, t2=t1+(0, 3)) -> (4187, 71, 615, t3=t2+(1, 4))	2	198
(1050, 86, 1177, t1) & (1997, 183, 1050, t2=t1+(0, 2)) -> (1177, 86, 1050, t3=t2+(1, 8))	2	199
(1297, 168, 4718, t1) -> (1297, 168, 1297, t2=t1+(1, 4))	1	200
(2035, 69, 2203, t1) -> (2035, 69, 2203, t2=t1+(1, 3))	1	201
(4275, 115, 2870, t1) -> (4275, 115, 4275, t2=t1+(1, 5))	1	202
(2119, 14, 3374, t1) -> (3374, 14, 3374, t2=t1+(1, 11))	1	203
(3554, 25, 1792, t1) -> (1792, 25, 3554, t2=t1+(1, 3))	1	204
(2774, 73, 2892, t1) -> (2774, 73, 2774, t2=t1+(1, 6))	1	205
(1593, 176, 1029, t1) -> (1029, 176, 1029, t2=t1+(1, 5))	1	206
(4298, 68, 2860, t1) -> (2860, 68, 4298, t2=t1+(1, 3))	1	207
(2024, 127, 3121, t1) -> (2024, 127, 2024, t2=t1+(1, 1))	1	208
(1314, 156, 4612, t1) -> (1314, 156, 1314, t2=t1+(1, 7))	1	209
(29, 179, 3502, t1) -> (29, 179, 29, t2=t1+(1, 7))	1	210
(546, 115, 4600, t1) -> (546, 115, 546, t2=t1+(1, 2))	1	211
(3047, 59, 2967, t1) -> (2967, 59, 2967, t2=t1+(1, 6))	1	212
(1939, 63, 4775, t1) -> (4775, 63, 4775, t2=t1+(1, 3))	1	213
(2093, 176, 3591, t1) -> (2093, 176, 2093, t2=t1+(1, 3))	1	214
(2639, 82, 1952, t1) -> (2639, 82, 1952, t2=t1+(1, 1))	1	215
(1781, 182, 3760, t1) -> (3760, 182, 1781, t2=t1+(1, 6))	1	216
(4017, 44, 3239, t1) -> (3239, 44, 4017, t2=t1+(1, 5))	1	217
(4502, 148, 2024, t1) -> (2024, 148, 2024, t2=t1+(1, 5))	1	218
(1949, 126, 3100, t1) -> (1949, 126, 3100, t2=t1+(1, 6))	1	219
(4801, 17, 2848, t1) -> (2848, 17, 2848, t2=t1+(1, 6))	1	220
(1937, 5, 3216, t1) -> (1937, 5, 3216, t2=t1+(1, 5))	1	221
(1502, 147, 3545, t1) -> (3545, 147, 1502, t2=t1+(1, 4))	1	222
(4491, 103, 3665, t1) -> (4491, 103, 4491, t2=t1+(1, 2))	1	223
(1155, 193, 3043, t1) -> (1155, 193, 3043, t2=t1+(1, 8))	1	224
(3105, 181, 447, t1) -> (447, 181, 447, t2=t1+(1, 8))	1	225
(1067, 65, 3559, t1) -> (3559, 65, 1067, t2=t1+(1, 5))	1	226
(3931, 84, 1747, t1) -> (3931, 84, 1747, t2=t1+(1, 7))	1	227
(3020, 82, 4666, t1) -> (3020, 82, 4666, t2=t1+(1, 3))	1	228
(844, 46, 4080, t1) -> (4080, 46, 844, t2=t1+(1, 3))	1	229
(1831, 112, 1237, t1) -> (1237, 112, 1237, t2=t1+(1, 3))	1	230
(2171, 129, 1589, t1) -> (2171, 129, 1589, t2=t1+(1, 4))	1	231
(3785, 67, 354, t1) -> (354, 67, 3785, t2=t1+(1, 4))	1	232
(880, 140, 2296, t1) -> (880, 140, 2296, t2=t1+(1, 5))	1	233
(1641, 138, 3415, t1) -> (1641, 138, 1641, t2=t1+(1, 4))	1	234
(698, 122, 609, t1) -> (698, 122, 609, t2=t1+(1, 5))	1	235
(4013, 118, 4580, t1) -> (4580, 118, 4580, t2=t1+(1, 5))	1	236
(3748, 176, 2257, t1) -> (3748, 176, 2257, t2=t1+(1, 5))	1	237
(4797, 186, 2380, t1) -> (2380, 186, 2380, t2=t1+(1, 6))	1	238
(1772, 153, 1685, t1) -> (1772, 153, 1772, t2=t1+(1, 7))	1	239
(1405, 101, 4859, t1) -> (1405, 101, 1405, t2=t1+(1, 8))	1	240
(1334, 187, 470, t1) -> (470, 187, 1334, t2=t1+(1, 7))	1	241
(4971, 159, 1246, t1) -> (1246, 159, 4971, t2=t1+(1, 2))	1	242
(1630, 194, 1295, t1) -> (1295, 194, 1295, t2=t1+(1, 3))	1	243
(4395, 115, 1817, t1) -> (4395, 115, 1817, t2=t1+(1, 4))	1	244
(1285, 124, 3527, t1) -> (1285, 124, 1285, t2=t1+(1, 7))	1	245
(3488, 156, 3154, t1) -> (3488, 156, 3154, t2=t1+(1, 6))	1	246
(2048, 123, 917, t1) -> (2048, 123, 2048, t2=t1+(1, 5))	1	247
(1631, 124, 3401, t1) -> (3401, 124, 3401, t2=t1+(1, 6))	1	248
(4024, 193, 2348, t1) -> (4024, 193, 4024, t2=t1+(1, 3))	1	249
(3580, 106, 880, t1) -> (3580, 106, 880, t2=t1+(1, 5))	1	250
(4745, 5, 2861, t1) -> (2861, 5, 4745, t2=t1+(1, 3))	1	251
(1296, 114, 2702, t1) -> (2702, 114, 1296, t2=t1+(1, 8))	1	252
(3899, 182, 3256, t1) -> (3899, 182, 3256, t2=t1+(1, 5))	1	253
(2274, 184, 2856, t1) -> (2856, 184, 2856, t2=t1+(1, 3))	1	254
(3845, 118, 4519, t1) -> (4519, 118, 4519, t2=t1+(1, 2))	1	255
(2754, 109, 320, t1) -> (320, 109, 320, t2=t1+(1, 6))	1	256
(3828, 63, 4966, t1) -> (3828, 63, 3828, t2=t1+(1, 6))	1	257
(718, 155, 671, t1) -> (718, 155, 671, t2=t1+(1, 3))	1	258
(211, 137, 481, t1) -> (481, 137, 481, t2=t1+(1, 1))	1	259
(2119, 128, 4721, t1) -> (2119, 128, 2119, t2=t1+(1, 9))	1	260
(2606, 149, 1820, t1) -> (2606, 149, 2606, t2=t1+(1, 4))	1	261
(1050, 71, 4372, t1) -> (4372, 71, 1050, t2=t1+(1, 5))	1	262
(4124, 192, 1386, t1) -> (4124, 192, 1386, t2=t1+(1, 4))	1	263
(694, 177, 397, t1) -> (397, 177, 694, t2=t1+(1, 10))	1	264
(4777, 25, 3923, t1) -> (4777, 25, 3923, t2=t1+(1, 4))	1	265
(2639, 24, 2032, t1) -> (2639, 24, 2032, t2=t1+(1, 10))	1	266
(175, 157, 919, t1) -> (175, 157, 919, t2=t1+(1, 4))	1	267
(2128, 39, 4463, t1) -> (4463, 39, 4463, t2=t1+(1, 2))	1	268
(1869, 15, 541, t1) -> (541, 15, 1869, t2=t1+(1, 3))	1	269
(185, 33, 1854, t1) -> (185, 33, 1854, t2=t1+(1, 8))	1	270
(2249, 21, 1560, t1) -> (2249, 21, 1560, t2=t1+(1, 7))	1	271
(4283, 156, 193, t1) -> (4283, 156, 193, t2=t1+(1, 4))	1	272
(50, 150, 1812, t1) -> (50, 150, 1812, t2=t1+(1, 3))	1	273
(3894, 189, 4552, t1) -> (3894, 189, 4552, t2=t1+(1, 2))	1	274
(2946, 135, 3647, t1) -> (3647, 135, 2946, t2=t1+(1, 6))	1	275
(4486, 119, 2336, t1) -> (4486, 119, 4486, t2=t1+(1, 6))	1	276
(522, 33, 3178, t1) -> (522, 33, 3178, t2=t1+(1, 3))	1	277
(1173, 134, 490, t1) -> (1173, 134, 1173, t2=t1+(1, 7))	1	278
(3942, 26, 234, t1) -> (234, 26, 234, t2=t1+(1, 6))	1	279
(911, 108, 2319, t1) -> (2319, 108, 2319, t2=t1+(1, 6))	1	280
(1086, 139, 455, t1) -> (1086, 139, 1086, t2=t1+(1, 3))	1	281
(1226, 138, 4054, t1) -> (1226, 138, 4054, t2=t1+(1, 4))	1	282
(3525, 37, 2224, t1) -> (3525, 37, 3525, t2=t1+(1, 5))	1	283
(2133, 126, 4493, t1) -> (2133, 126, 4493, t2=t1+(1, 6))	1	284
(418, 118, 284, t1) -> (418, 118, 418, t2=t1+(1, 7))	1	285
(3675, 10, 3208, t1) -> (3208, 10, 3675, t2=t1+(1, 3))	1	286
(1191, 186, 3486, t1) -> (3486, 186, 3486, t2=t1+(1, 8))	1	287
(2955, 97, 687, t1) -> (2955, 97, 2955, t2=t1+(1, 6))	1	288
(3639, 180, 2743, t1) -> (2743, 180, 3639, t2=t1+(1, 4))	1	289
(1377, 192, 2366, t1) -> (2366, 192, 2366, t2=t1+(1, 2))	1	290
(4052, 120, 3641, t1) -> (3641, 120, 3641, t2=t1+(1, 7))	1	291
(1253, 143, 3994, t1) -> (1253, 143, 1253, t2=t1+(1, 6))	1	292
(2119, 31, 544, t1) -> (2119, 31, 2119, t2=t1+(1, 4))	1	293
(2924, 171, 2407, t1) -> (2407, 171, 2407, t2=t1+(1, 5))	1	294
(3133, 122, 1455, t1) -> (3133, 122, 3133, t2=t1+(1, 6))	1	295
(4453, 140, 753, t1) -> (753, 140, 753, t2=t1+(1, 9))	1	296
(3577, 9, 3352, t1) -> (3577, 9, 3352, t2=t1+(1, 4))	1	297
(3192, 49, 4726, t1) -> (4726, 49, 4726, t2=t1+(1, 5))	1	298
(4761, 33, 3214, t1) -> (4761, 33, 3214, t2=t1+(1, 6))	1	299
