(2667, 115, 3548, t1) & (3516, 172, 4380, t2=t1+(0, 4)) & (3548, 43, 3516, t3=t2+(0, 3)) -> (3516, 115, 4380, t4=t3+(1, 7))	3	0
(34, 41, 4780, t1) & (2113, 65, 2020, t2=t1+(0, 2)) & (2020, 181, 34, t3=t2+(0, 7)) -> (2020, 41, 4780, t4=t3+(1, 7))	3	1
(4356, 50, 1996, t1) & (4939, 74, 4146, t2=t1+(0, 9)) & (4939, 135, 1996, t3=t2+(0, 8)) -> (4146, 74, 4939, t4=t3+(1, 3))	3	2
(4602, 147, 2265, t1) & (2796, 1, 1142, t2=t1+(0, 4)) & (2265, 183, 2796, t3=t2+(0, 5)) -> (4602, 1, 2796, t4=t3+(1, 5))	3	3
(3563, 176, 2346, t1) & (615, 58, 1797, t2=t1+(0, 6)) & (3563, 150, 1797, t3=t2+(0, 9)) -> (1797, 176, 1797, t4=t3+(1, 4))	3	4
(3924, 153, 4152, t1) & (3186, 40, 1478, t2=t1+(0, 4)) & (4152, 30, 1478, t3=t2+(0, 7)) -> (4152, 40, 3186, t4=t3+(1, 4))	3	5
(4101, 139, 1156, t1) & (1082, 193, 483, t2=t1+(0, 4)) & (483, 199, 1156, t3=t2+(0, 2)) -> (1156, 139, 4101, t4=t3+(1, 3))	3	6
(4589, 107, 292, t1) & (2957, 77, 2449, t2=t1+(0, 2)) & (2957, 115, 4589, t3=t2+(0, 7)) -> (4589, 115, 4589, t4=t3+(1, 6))	3	7
(2671, 14, 3826, t1) & (3982, 138, 1058, t2=t1+(0, 6)) & (3982, 184, 3826, t3=t2+(0, 6)) -> (2671, 184, 1058, t4=t3+(1, 5))	3	8
(821, 66, 3216, t1) & (2851, 146, 4500, t2=t1+(0, 1)) & (3216, 181, 4500, t3=t2+(0, 6)) -> (821, 146, 3216, t4=t3+(1, 5))	3	9
(1940, 149, 3951, t1) & (3539, 133, 2017, t2=t1+(0, 0)) & (2017, 139, 1940, t3=t2+(0, 6)) -> (2017, 149, 3539, t4=t3+(1, 2))	3	10
(3997, 100, 1713, t1) & (4761, 74, 537, t2=t1+(0, 4)) & (3997, 101, 537, t3=t2+(0, 8)) -> (537, 74, 4761, t4=t3+(1, 5))	3	11
(875, 111, 1399, t1) & (1293, 180, 4610, t2=t1+(0, 4)) & (875, 37, 4610, t3=t2+(0, 4)) -> (4610, 37, 1293, t4=t3+(1, 2))	3	12
(4629, 149, 1158, t1) & (4172, 64, 3581, t2=t1+(0, 2)) & (4629, 93, 3581, t3=t2+(0, 11)) -> (3581, 93, 3581, t4=t3+(1, 5))	3	13
(2680, 37, 4004, t1) & (4808, 179, 1062, t2=t1+(0, 6)) & (4808, 110, 4004, t3=t2+(0, 5)) -> (1062, 179, 4004, t4=t3+(1, 6))	3	14
(3761, 102, 3843, t1) & (1774, 75, 2283, t2=t1+(0, 6)) & (2283, 166, 3843, t3=t2+(0, 4)) -> (1774, 75, 2283, t4=t3+(1, 11))	3	15
(2575, 113, 3839, t1) & (4139, 88, 4260, t2=t1+(0, 6)) & (2575, 144, 4260, t3=t2+(0, 5)) -> (4260, 88, 2575, t4=t3+(1, 8))	3	16
(424, 20, 4350, t1) & (2676, 23, 3193, t2=t1+(0, 5)) & (424, 164, 2676, t3=t2+(0, 5)) -> (424, 23, 2676, t4=t3+(1, 4))	3	17
(4685, 12, 1494, t1) & (1094, 58, 3253, t2=t1+(0, 4)) & (1094, 64, 1494, t3=t2+(0, 6)) -> (1494, 64, 3253, t4=t3+(1, 6))	3	18
(4360, 56, 2327, t1) & (124, 40, 980, t2=t1+(0, 7)) & (124, 37, 2327, t3=t2+(0, 6)) -> (124, 37, 980, t4=t3+(1, 6))	3	19
(3792, 86, 1016, t1) & (2107, 181, 3596, t2=t1+(0, 3)) & (2107, 24, 1016, t3=t2+(0, 4)) -> (2107, 86, 2107, t4=t3+(1, 4))	3	20
(4509, 154, 3081, t1) & (1641, 31, 277, t2=t1+(0, 4)) & (3081, 144, 1641, t3=t2+(0, 3)) -> (277, 144, 1641, t4=t3+(1, 4))	3	21
(3437, 101, 3310, t1) & (286, 4, 476, t2=t1+(0, 4)) & (286, 142, 3310, t3=t2+(0, 4)) -> (286, 142, 286, t4=t3+(1, 2))	3	22
(4337, 126, 2973, t1) & (1321, 130, 4439, t2=t1+(0, 8)) & (1321, 68, 4337, t3=t2+(0, 4)) -> (4439, 68, 1321, t4=t3+(1, 2))	3	23
(4139, 186, 4872, t1) & (1035, 194, 2938, t2=t1+(0, 5)) & (1035, 66, 4139, t3=t2+(0, 6)) -> (4139, 186, 4139, t4=t3+(1, 4))	3	24
(2810, 42, 600, t1) & (3392, 37, 2825, t2=t1+(0, 2)) & (2825, 16, 600, t3=t2+(0, 2)) -> (3392, 37, 600, t4=t3+(1, 8))	3	25
(1400, 75, 2757, t1) & (1552, 40, 2895, t2=t1+(0, 4)) & (1552, 51, 2757, t3=t2+(0, 7)) -> (1552, 40, 2757, t4=t3+(1, 4))	3	26
(5, 96, 661, t1) & (1167, 92, 2855, t2=t1+(0, 5)) & (2855, 92, 5, t3=t2+(0, 6)) -> (661, 92, 5, t4=t3+(1, 3))	3	27
(4899, 138, 3666, t1) & (3610, 169, 3042, t2=t1+(0, 7)) & (3666, 76, 3610, t3=t2+(0, 3)) -> (4899, 138, 3042, t4=t3+(1, 5))	3	28
(1307, 50, 3386, t1) & (772, 171, 3030, t2=t1+(0, 4)) & (3030, 190, 3386, t3=t2+(0, 6)) -> (772, 171, 772, t4=t3+(1, 14))	3	29
(4949, 167, 3341, t1) & (217, 18, 4075, t2=t1+(0, 8)) & (3341, 10, 217, t3=t2+(0, 2)) -> (217, 167, 217, t4=t3+(1, 9))	3	30
(2105, 12, 939, t1) & (1855, 51, 315, t2=t1+(0, 2)) & (1855, 44, 939, t3=t2+(0, 9)) -> (315, 51, 1855, t4=t3+(1, 1))	3	31
(4128, 191, 2262, t1) & (2146, 139, 3333, t2=t1+(0, 8)) & (2146, 19, 4128, t3=t2+(0, 3)) -> (2146, 139, 3333, t4=t3+(1, 1))	3	32
(627, 45, 3985, t1) & (1137, 90, 420, t2=t1+(0, 7)) & (627, 12, 420, t3=t2+(0, 5)) -> (1137, 45, 420, t4=t3+(1, 6))	3	33
(1239, 54, 4789, t1) & (4318, 89, 674, t2=t1+(0, 3)) & (4318, 155, 4789, t3=t2+(0, 2)) -> (674, 155, 4318, t4=t3+(1, 7))	3	34
(1953, 165, 4708, t1) & (662, 103, 3133, t2=t1+(0, 7)) & (4708, 119, 3133, t3=t2+(0, 3)) -> (4708, 165, 4708, t4=t3+(1, 8))	3	35
(2212, 129, 3198, t1) & (3120, 26, 1222, t2=t1+(0, 6)) & (3120, 179, 3198, t3=t2+(0, 5)) -> (1222, 129, 3120, t4=t3+(1, 4))	3	36
(2600, 176, 4632, t1) & (3932, 169, 1071, t2=t1+(0, 6)) & (2600, 83, 1071, t3=t2+(0, 4)) -> (1071, 169, 1071, t4=t3+(1, 8))	3	37
(999, 20, 2596, t1) & (464, 50, 1499, t2=t1+(0, 3)) & (1499, 30, 2596, t3=t2+(0, 7)) -> (1499, 30, 2596, t4=t3+(1, 3))	3	38
(3201, 49, 3181, t1) & (418, 167, 4380, t2=t1+(0, 6)) & (418, 16, 3181, t3=t2+(0, 9)) -> (3181, 16, 4380, t4=t3+(1, 2))	3	39
(3457, 179, 1820, t1) & (3541, 175, 2918, t2=t1+(0, 6)) & (3457, 99, 2918, t3=t2+(0, 1)) -> (3541, 99, 2918, t4=t3+(1, 7))	3	40
(2068, 72, 4736, t1) & (3916, 150, 1946, t2=t1+(0, 3)) & (1946, 46, 4736, t3=t2+(0, 4)) -> (4736, 150, 2068, t4=t3+(1, 3))	3	41
(4669, 111, 283, t1) & (4618, 186, 1239, t2=t1+(0, 7)) & (4618, 113, 283, t3=t2+(0, 6)) -> (283, 113, 4618, t4=t3+(1, 7))	3	42
(2723, 82, 3739, t1) & (2208, 72, 2408, t2=t1+(0, 7)) & (3739, 158, 2408, t3=t2+(0, 7)) -> (2408, 82, 2723, t4=t3+(1, 1))	3	43
(2603, 180, 495, t1) & (2712, 152, 3950, t2=t1+(0, 3)) & (2712, 135, 2603, t3=t2+(0, 5)) -> (2603, 180, 495, t4=t3+(1, 5))	3	44
(2673, 178, 2615, t1) & (3432, 188, 2300, t2=t1+(0, 11)) & (3432, 77, 2673, t3=t2+(0, 3)) -> (2615, 188, 3432, t4=t3+(1, 4))	3	45
(4734, 32, 2326, t1) & (3082, 17, 128, t2=t1+(0, 6)) & (4734, 39, 3082, t3=t2+(0, 6)) -> (3082, 39, 3082, t4=t3+(1, 12))	3	46
(174, 120, 2339, t1) & (1082, 191, 297, t2=t1+(0, 3)) & (297, 0, 174, t3=t2+(0, 4)) -> (2339, 191, 1082, t4=t3+(1, 4))	3	47
(3573, 27, 3673, t1) & (2893, 42, 2718, t2=t1+(0, 5)) & (2718, 126, 3673, t3=t2+(0, 6)) -> (3573, 27, 2718, t4=t3+(1, 6))	3	48
(4802, 167, 3089, t1) & (121, 154, 1237, t2=t1+(0, 5)) & (1237, 191, 4802, t3=t2+(0, 8)) -> (4802, 154, 121, t4=t3+(1, 9))	3	49
(2585, 66, 1748, t1) & (569, 97, 1205, t2=t1+(0, 7)) & (1748, 154, 569, t3=t2+(0, 4)) -> (2585, 66, 1748, t4=t3+(1, 5))	3	50
(3908, 160, 2033, t1) & (1321, 153, 3263, t2=t1+(0, 8)) & (1321, 82, 2033, t3=t2+(0, 6)) -> (1321, 82, 2033, t4=t3+(1, 7))	3	51
(4110, 197, 1705, t1) & (948, 196, 3693, t2=t1+(0, 7)) & (948, 8, 1705, t3=t2+(0, 6)) -> (948, 196, 1705, t4=t3+(1, 4))	3	52
(4629, 55, 953, t1) & (710, 76, 141, t2=t1+(0, 6)) & (953, 24, 710, t3=t2+(0, 5)) -> (4629, 24, 710, t4=t3+(1, 3))	3	53
(1685, 121, 3591, t1) & (4422, 135, 1987, t2=t1+(0, 7)) & (1987, 45, 1685, t3=t2+(0, 5)) -> (1987, 135, 3591, t4=t3+(1, 5))	3	54
(1445, 113, 1186, t1) & (3367, 5, 1668, t2=t1+(0, 7)) & (1445, 191, 1668, t3=t2+(0, 8)) -> (1445, 5, 3367, t4=t3+(1, 7))	3	55
(2258, 132, 943, t1) & (2866, 131, 3453, t2=t1+(0, 4)) & (2258, 15, 3453, t3=t2+(0, 4)) -> (943, 131, 943, t4=t3+(1, 6))	3	56
(1044, 192, 3058, t1) & (1485, 81, 1413, t2=t1+(0, 5)) & (1413, 99, 3058, t3=t2+(0, 4)) -> (1413, 99, 1413, t4=t3+(1, 7))	3	57
(1729, 190, 828, t1) & (4415, 0, 808, t2=t1+(0, 5)) & (828, 174, 4415, t3=t2+(0, 7)) -> (4415, 190, 4415, t4=t3+(1, 2))	3	58
(176, 77, 1892, t1) & (247, 176, 1161, t2=t1+(0, 5)) & (1161, 127, 1892, t3=t2+(0, 7)) -> (1892, 127, 247, t4=t3+(1, 3))	3	59
(2802, 28, 315, t1) & (2702, 50, 1494, t2=t1+(0, 1)) & (2702, 86, 2802, t3=t2+(0, 4)) -> (2802, 28, 315, t4=t3+(1, 4))	3	60
(3728, 165, 4781, t1) & (3823, 112, 3001, t2=t1+(0, 7)) & (3728, 192, 3001, t3=t2+(0, 8)) -> (3728, 192, 3823, t4=t3+(1, 7))	3	61
(509, 129, 2297, t1) & (3535, 42, 4616, t2=t1+(0, 2)) & (3535, 116, 509, t3=t2+(0, 4)) -> (3535, 129, 2297, t4=t3+(1, 4))	3	62
(2379, 12, 3039, t1) & (2021, 158, 1629, t2=t1+(0, 6)) & (1629, 102, 2379, t3=t2+(0, 7)) -> (2379, 158, 2021, t4=t3+(1, 2))	3	63
(3152, 65, 512, t1) & (4271, 133, 4655, t2=t1+(0, 4)) & (512, 21, 4271, t3=t2+(0, 5)) -> (512, 65, 4655, t4=t3+(1, 9))	3	64
(1458, 191, 2213, t1) & (732, 64, 751, t2=t1+(0, 7)) & (2213, 146, 751, t3=t2+(0, 4)) -> (2213, 146, 1458, t4=t3+(1, 2))	3	65
(1874, 162, 1263, t1) & (3386, 179, 4473, t2=t1+(0, 6)) & (3386, 73, 1874, t3=t2+(0, 3)) -> (3386, 162, 3386, t4=t3+(1, 1))	3	66
(3420, 60, 228, t1) & (4119, 122, 4302, t2=t1+(0, 9)) & (3420, 186, 4119, t3=t2+(0, 4)) -> (3420, 60, 228, t4=t3+(1, 7))	3	67
(4792, 45, 205, t1) & (3424, 16, 1319, t2=t1+(0, 6)) & (205, 67, 3424, t3=t2+(0, 4)) -> (3424, 67, 3424, t4=t3+(1, 5))	3	68
(2101, 81, 660, t1) & (1313, 68, 3103, t2=t1+(0, 4)) & (660, 91, 1313, t3=t2+(0, 6)) -> (2101, 81, 1313, t4=t3+(1, 7))	3	69
(1417, 184, 3413, t1) & (3419, 11, 4306, t2=t1+(0, 8)) & (1417, 155, 3419, t3=t2+(0, 1)) -> (3413, 11, 4306, t4=t3+(1, 9))	3	70
(2267, 92, 3300, t1) & (1177, 1, 4320, t2=t1+(0, 5)) & (1177, 58, 2267, t3=t2+(0, 3)) -> (2267, 1, 1177, t4=t3+(1, 5))	3	71
(4460, 27, 4513, t1) & (1172, 173, 3321, t2=t1+(0, 8)) & (4460, 23, 3321, t3=t2+(0, 4)) -> (3321, 173, 4513, t4=t3+(1, 10))	3	72
(1308, 8, 3525, t1) & (2011, 127, 283, t2=t1+(0, 7)) & (1308, 81, 2011, t3=t2+(0, 8)) -> (2011, 81, 283, t4=t3+(1, 5))	3	73
(1702, 106, 2404, t1) & (2563, 181, 1775, t2=t1+(0, 6)) & (2563, 39, 1702, t3=t2+(0, 5)) -> (2404, 181, 1702, t4=t3+(1, 6))	3	74
(1663, 165, 1827, t1) & (1477, 196, 666, t2=t1+(0, 8)) & (1663, 121, 1477, t3=t2+(0, 4)) -> (1477, 165, 1477, t4=t3+(1, 8))	3	75
(2855, 77, 1718, t1) & (433, 36, 4451, t2=t1+(0, 7)) & (1718, 60, 4451, t3=t2+(0, 6)) -> (433, 36, 1718, t4=t3+(1, 5))	3	76
(230, 169, 2727, t1) & (4866, 109, 2537, t2=t1+(0, 3)) & (2727, 159, 4866, t3=t2+(0, 4)) -> (230, 159, 4866, t4=t3+(1, 3))	3	77
(948, 113, 2976, t1) & (2506, 40, 3787, t2=t1+(0, 4)) & (2976, 175, 3787, t3=t2+(0, 3)) -> (3787, 40, 3787, t4=t3+(1, 3))	3	78
(4270, 46, 1370, t1) & (3881, 110, 840, t2=t1+(0, 9)) & (3881, 12, 1370, t3=t2+(0, 5)) -> (1370, 46, 4270, t4=t3+(1, 1))	3	79
(3967, 144, 344, t1) & (250, 189, 3592, t2=t1+(0, 3)) & (250, 189, 3967, t3=t2+(0, 8)) -> (250, 144, 3967, t4=t3+(1, 5))	3	80
(1430, 106, 2779, t1) & (4134, 92, 2240, t2=t1+(0, 7)) & (2240, 25, 2779, t3=t2+(0, 6)) -> (1430, 25, 2779, t4=t3+(1, 4))	3	81
(1945, 15, 3966, t1) & (634, 27, 4247, t2=t1+(0, 3)) & (1945, 7, 634, t3=t2+(0, 6)) -> (4247, 15, 634, t4=t3+(1, 3))	3	82
(4241, 83, 4853, t1) & (3797, 149, 3342, t2=t1+(0, 11)) & (4853, 170, 3342, t3=t2+(0, 4)) -> (3342, 149, 4853, t4=t3+(1, 3))	3	83
(4053, 103, 4682, t1) & (719, 78, 1901, t2=t1+(0, 4)) & (4682, 53, 719, t3=t2+(0, 12)) -> (4682, 78, 4682, t4=t3+(1, 1))	3	84
(2462, 78, 4339, t1) & (4898, 84, 1780, t2=t1+(0, 5)) & (4339, 66, 1780, t3=t2+(0, 3)) -> (1780, 84, 1780, t4=t3+(1, 4))	3	85
(3717, 156, 1649, t1) & (4375, 154, 178, t2=t1+(0, 2)) & (4375, 26, 1649, t3=t2+(0, 3)) -> (3717, 156, 4375, t4=t3+(1, 4))	3	86
(937, 46, 2607, t1) & (3861, 60, 4197, t2=t1+(0, 6)) & (937, 111, 3861, t3=t2+(0, 5)) -> (937, 60, 937, t4=t3+(1, 8))	3	87
(1673, 102, 108, t1) & (1313, 170, 1712, t2=t1+(0, 4)) & (1313, 146, 108, t3=t2+(0, 5)) -> (108, 146, 108, t4=t3+(1, 6))	3	88
(3847, 191, 835, t1) & (4121, 88, 495, t2=t1+(0, 2)) & (3847, 137, 4121, t3=t2+(0, 4)) -> (3847, 88, 3847, t4=t3+(1, 5))	3	89
(2213, 1, 2532, t1) & (4204, 21, 4736, t2=t1+(0, 3)) & (2213, 152, 4204, t3=t2+(0, 3)) -> (2213, 152, 2213, t4=t3+(1, 5))	3	90
(1190, 137, 2383, t1) & (4923, 121, 2957, t2=t1+(0, 2)) & (1190, 131, 2957, t3=t2+(0, 8)) -> (1190, 121, 1190, t4=t3+(1, 5))	3	91
(1827, 82, 169, t1) & (4506, 145, 1036, t2=t1+(0, 11)) & (4506, 26, 169, t3=t2+(0, 6)) -> (1827, 145, 4506, t4=t3+(1, 6))	3	92
(2247, 88, 3968, t1) & (1063, 7, 3290, t2=t1+(0, 8)) & (3968, 170, 3290, t3=t2+(0, 2)) -> (3968, 88, 2247, t4=t3+(1, 8))	3	93
(368, 83, 3426, t1) & (1804, 71, 3540, t2=t1+(0, 8)) & (3540, 136, 3426, t3=t2+(0, 4)) -> (3426, 71, 1804, t4=t3+(1, 5))	3	94
(1066, 54, 3904, t1) & (3028, 7, 2095, t2=t1+(0, 6)) & (1066, 94, 3028, t3=t2+(0, 3)) -> (2095, 7, 2095, t4=t3+(1, 3))	3	95
(3404, 58, 2696, t1) & (2685, 170, 4066, t2=t1+(0, 8)) & (2696, 90, 2685, t3=t2+(0, 4)) -> (3404, 90, 2696, t4=t3+(1, 4))	3	96
(2311, 57, 3268, t1) & (534, 90, 3978, t2=t1+(0, 4)) & (3978, 89, 3268, t3=t2+(0, 6)) -> (534, 90, 2311, t4=t3+(1, 3))	3	97
(4006, 94, 3516, t1) & (185, 72, 1246, t2=t1+(0, 5)) & (3516, 53, 185, t3=t2+(0, 7)) -> (3516, 94, 3516, t4=t3+(1, 7))	3	98
(4253, 24, 2939, t1) & (3666, 146, 4332, t2=t1+(0, 1)) & (3666, 157, 4253, t3=t2+(0, 2)) -> (4253, 24, 3666, t4=t3+(1, 2))	3	99
(1157, 14, 545, t1) & (4647, 56, 22, t2=t1+(0, 9)) & (4647, 164, 545, t3=t2+(0, 4)) -> (545, 14, 1157, t4=t3+(1, 6))	3	100
(3684, 99, 4404, t1) & (111, 143, 3158, t2=t1+(0, 7)) & (3158, 133, 3684, t3=t2+(0, 6)) -> (4404, 99, 3158, t4=t3+(1, 4))	3	101
(3098, 104, 1218, t1) & (1831, 173, 2064, t2=t1+(0, 8)) & (2064, 110, 1218, t3=t2+(0, 5)) -> (1218, 173, 1831, t4=t3+(1, 4))	3	102
(1202, 168, 4452, t1) & (3396, 50, 893, t2=t1+(0, 2)) & (893, 177, 4452, t3=t2+(0, 6)) -> (4452, 177, 893, t4=t3+(1, 10))	3	103
(3674, 38, 1814, t1) & (234, 31, 2398, t2=t1+(0, 6)) & (1814, 78, 234, t3=t2+(0, 2)) -> (1814, 38, 234, t4=t3+(1, 5))	3	104
(4505, 149, 2329, t1) & (2548, 15, 638, t2=t1+(0, 7)) & (2548, 55, 4505, t3=t2+(0, 2)) -> (2329, 15, 4505, t4=t3+(1, 2))	3	105
(400, 192, 2291, t1) & (1503, 178, 1424, t2=t1+(0, 4)) & (1424, 115, 2291, t3=t2+(0, 7)) -> (1424, 178, 2291, t4=t3+(1, 5))	3	106
(4378, 78, 1553, t1) & (2042, 120, 38, t2=t1+(0, 5)) & (1553, 171, 38, t3=t2+(0, 2)) -> (38, 171, 38, t4=t3+(1, 4))	3	107
(2129, 115, 2656, t1) & (159, 99, 2070, t2=t1+(0, 6)) & (159, 1, 2656, t3=t2+(0, 3)) -> (2656, 115, 2656, t4=t3+(1, 4))	3	108
(2688, 46, 1867, t1) & (4721, 107, 4316, t2=t1+(0, 5)) & (4721, 195, 2688, t3=t2+(0, 0)) -> (1867, 46, 1867, t4=t3+(1, 6))	3	109
(1164, 190, 2507, t1) & (2816, 119, 4489, t2=t1+(0, 7)) & (2507, 128, 2816, t3=t2+(0, 11)) -> (2507, 128, 2816, t4=t3+(1, 6))	3	110
(781, 59, 2214, t1) & (188, 175, 937, t2=t1+(0, 3)) & (2214, 12, 937, t3=t2+(0, 4)) -> (937, 12, 2214, t4=t3+(1, 1))	3	111
(2802, 56, 1305, t1) & (2130, 199, 1369, t2=t1+(0, 3)) & (2130, 94, 1305, t3=t2+(0, 4)) -> (2802, 94, 2802, t4=t3+(1, 6))	3	112
(2146, 110, 3700, t1) & (4722, 47, 226, t2=t1+(0, 5)) & (3700, 133, 226, t3=t2+(0, 4)) -> (2146, 110, 226, t4=t3+(1, 8))	3	113
(2879, 111, 4942, t1) & (1020, 70, 4292, t2=t1+(0, 7)) & (1020, 70, 4942, t3=t2+(0, 7)) -> (1020, 70, 4942, t4=t3+(1, 5))	3	114
(1044, 145, 1321, t1) & (757, 37, 1656, t2=t1+(0, 6)) & (1044, 104, 757, t3=t2+(0, 4)) -> (1321, 145, 1656, t4=t3+(1, 2))	3	115
(2012, 79, 2883, t1) & (1852, 84, 1073, t2=t1+(0, 3)) & (2012, 145, 1852, t3=t2+(0, 6)) -> (2012, 84, 2012, t4=t3+(1, 8))	3	116
(2224, 104, 2224, t1) & (4782, 78, 1751, t2=t1+(0, 6)) & (2224, 79, 4782, t3=t2+(0, 6)) -> (2224, 104, 4782, t4=t3+(1, 3))	3	117
(3972, 157, 1266, t1) & (2623, 182, 2915, t2=t1+(0, 2)) & (2623, 2, 3972, t3=t2+(0, 5)) -> (3972, 157, 1266, t4=t3+(1, 10))	3	118
(1045, 31, 2313, t1) & (4906, 28, 2702, t2=t1+(0, 5)) & (2702, 12, 2313, t3=t2+(0, 3)) -> (2702, 28, 4906, t4=t3+(1, 11))	3	119
(508, 120, 4663, t1) & (3504, 185, 4872, t2=t1+(0, 6)) & (508, 25, 4872, t3=t2+(0, 3)) -> (4872, 185, 508, t4=t3+(1, 7))	3	120
(1755, 123, 4104, t1) & (2358, 52, 4772, t2=t1+(0, 3)) & (2358, 184, 4104, t3=t2+(0, 5)) -> (4104, 52, 2358, t4=t3+(1, 4))	3	121
(1785, 50, 4910, t1) & (4325, 163, 325, t2=t1+(0, 5)) & (4910, 21, 4325, t3=t2+(0, 8)) -> (1785, 163, 4325, t4=t3+(1, 3))	3	122
(2670, 79, 3707, t1) & (4346, 31, 519, t2=t1+(0, 7)) & (2670, 75, 519, t3=t2+(0, 5)) -> (2670, 75, 519, t4=t3+(1, 8))	3	123
(4284, 169, 1708, t1) & (3917, 175, 1833, t2=t1+(0, 6)) & (3917, 173, 4284, t3=t2+(0, 10)) -> (4284, 169, 3917, t4=t3+(1, 3))	3	124
(2157, 54, 3401, t1) & (3375, 98, 1996, t2=t1+(0, 1)) & (3401, 176, 3375, t3=t2+(0, 2)) -> (3375, 54, 3401, t4=t3+(1, 11))	3	125
(3189, 78, 1649, t1) & (299, 70, 4114, t2=t1+(0, 4)) & (4114, 48, 1649, t3=t2+(0, 3)) -> (1649, 48, 1649, t4=t3+(1, 3))	3	126
(3455, 132, 4302, t1) & (2801, 13, 1111, t2=t1+(0, 7)) & (2801, 102, 3455, t3=t2+(0, 7)) -> (4302, 102, 4302, t4=t3+(1, 2))	3	127
(2589, 91, 2447, t1) & (1825, 28, 2778, t2=t1+(0, 5)) & (2589, 38, 2778, t3=t2+(0, 4)) -> (2778, 28, 2778, t4=t3+(1, 4))	3	128
(4160, 27, 2172, t1) & (2398, 199, 2947, t2=t1+(0, 3)) & (2947, 87, 2172, t3=t2+(0, 2)) -> (4160, 27, 2947, t4=t3+(1, 5))	3	129
(3035, 110, 3178, t1) & (4772, 128, 2759, t2=t1+(0, 4)) & (3035, 55, 2759, t3=t2+(0, 6)) -> (4772, 110, 2759, t4=t3+(1, 7))	3	130
(2399, 125, 2504, t1) & (2910, 82, 4053, t2=t1+(0, 4)) & (2399, 137, 2910, t3=t2+(0, 6)) -> (2504, 82, 2399, t4=t3+(1, 4))	3	131
(4388, 10, 4243, t1) & (2999, 144, 4112, t2=t1+(0, 3)) & (4243, 180, 2999, t3=t2+(0, 5)) -> (2999, 10, 4243, t4=t3+(1, 5))	3	132
(4890, 114, 3896, t1) & (751, 146, 4675, t2=t1+(0, 1)) & (4890, 160, 4675, t3=t2+(0, 7)) -> (3896, 114, 4890, t4=t3+(1, 5))	3	133
(4523, 149, 22, t1) & (1235, 40, 828, t2=t1+(0, 4)) & (828, 52, 22, t3=t2+(0, 2)) -> (828, 52, 1235, t4=t3+(1, 3))	3	134
(46, 153, 825, t1) & (2632, 15, 4237, t2=t1+(0, 8)) & (825, 22, 2632, t3=t2+(0, 3)) -> (46, 153, 46, t4=t3+(1, 6))	3	135
(2159, 24, 3924, t1) & (2172, 185, 2612, t2=t1+(0, 8)) & (2159, 106, 2172, t3=t2+(0, 7)) -> (2172, 106, 2159, t4=t3+(1, 5))	3	136
(391, 124, 2608, t1) & (4704, 164, 2776, t2=t1+(0, 3)) & (2776, 176, 2608, t3=t2+(0, 4)) -> (4704, 164, 391, t4=t3+(1, 7))	3	137
(772, 199, 1496, t1) & (3503, 128, 1815, t2=t1+(0, 6)) & (1815, 4, 772, t3=t2+(0, 5)) -> (772, 199, 1815, t4=t3+(1, 5))	3	138
(3359, 54, 2116, t1) & (2548, 0, 3200, t2=t1+(0, 2)) & (3359, 21, 2548, t3=t2+(0, 4)) -> (2548, 21, 3200, t4=t3+(1, 8))	3	139
(297, 155, 1345, t1) & (2075, 180, 1860, t2=t1+(0, 3)) & (1345, 78, 2075, t3=t2+(0, 3)) -> (2075, 180, 297, t4=t3+(1, 3))	3	140
(3225, 36, 2896, t1) & (2092, 5, 646, t2=t1+(0, 6)) & (2896, 123, 646, t3=t2+(0, 0)) -> (2896, 5, 646, t4=t3+(1, 4))	3	141
(2068, 100, 1533, t1) & (3581, 121, 2783, t2=t1+(0, 3)) & (2783, 198, 2068, t3=t2+(0, 4)) -> (2783, 100, 2783, t4=t3+(1, 6))	3	142
(28, 24, 4427, t1) & (3327, 110, 46, t2=t1+(0, 7)) & (46, 110, 28, t3=t2+(0, 8)) -> (28, 110, 46, t4=t3+(1, 5))	3	143
(3206, 156, 2656, t1) & (1223, 70, 4378, t2=t1+(0, 8)) & (3206, 128, 4378, t3=t2+(0, 5)) -> (2656, 156, 4378, t4=t3+(1, 2))	3	144
(858, 144, 1656, t1) & (3602, 76, 4912, t2=t1+(0, 2)) & (4912, 195, 1656, t3=t2+(0, 3)) -> (858, 76, 1656, t4=t3+(1, 11))	3	145
(842, 106, 2174, t1) & (1325, 178, 3734, t2=t1+(0, 1)) & (3734, 86, 842, t3=t2+(0, 7)) -> (3734, 86, 3734, t4=t3+(1, 2))	3	146
(4767, 64, 1256, t1) & (1033, 62, 394, t2=t1+(0, 8)) & (1256, 197, 394, t3=t2+(0, 4)) -> (1256, 62, 394, t4=t3+(1, 4))	3	147
(2069, 164, 3302, t1) & (2839, 31, 4551, t2=t1+(0, 5)) & (2839, 125, 3302, t3=t2+(0, 5)) -> (2069, 31, 3302, t4=t3+(1, 7))	3	148
(2535, 195, 2823, t1) & (623, 9, 1467, t2=t1+(0, 1)) & (2823, 118, 1467, t3=t2+(0, 5)) -> (2823, 9, 623, t4=t3+(1, 5))	3	149
(4138, 117, 1498, t1) & (3634, 171, 791, t2=t1+(0, 6)) & (791, 43, 4138, t3=t2+(0, 3)) -> (4138, 117, 791, t4=t3+(1, 5))	3	150
(4040, 66, 2698, t1) & (4196, 152, 644, t2=t1+(0, 8)) & (2698, 199, 4196, t3=t2+(0, 4)) -> (644, 199, 2698, t4=t3+(1, 4))	3	151
(2877, 166, 4131, t1) & (32, 55, 2474, t2=t1+(0, 3)) & (2474, 122, 2877, t3=t2+(0, 10)) -> (32, 166, 4131, t4=t3+(1, 2))	3	152
(4950, 81, 1092, t1) & (1383, 80, 3663, t2=t1+(0, 6)) & (1383, 61, 4950, t3=t2+(0, 8)) -> (4950, 80, 4950, t4=t3+(1, 3))	3	153
(123, 157, 1131, t1) & (873, 37, 3463, t2=t1+(0, 5)) & (873, 112, 1131, t3=t2+(0, 3)) -> (873, 157, 3463, t4=t3+(1, 9))	3	154
(3206, 48, 4960, t1) & (2992, 182, 2232, t2=t1+(0, 10)) & (3206, 189, 2232, t3=t2+(0, 8)) -> (3206, 48, 3206, t4=t3+(1, 2))	3	155
(346, 118, 297, t1) & (2754, 26, 1719, t2=t1+(0, 2)) & (1719, 110, 346, t3=t2+(0, 7)) -> (1719, 26, 1719, t4=t3+(1, 7))	3	156
(3907, 12, 3291, t1) & (1603, 187, 4831, t2=t1+(0, 4)) & (3291, 64, 1603, t3=t2+(0, 6)) -> (3291, 187, 4831, t4=t3+(1, 2))	3	157
(2063, 14, 245, t1) & (1732, 111, 637, t2=t1+(0, 5)) & (2063, 153, 1732, t3=t2+(0, 3)) -> (2063, 111, 1732, t4=t3+(1, 5))	3	158
(871, 103, 1961, t1) & (323, 42, 4002, t2=t1+(0, 8)) & (4002, 109, 1961, t3=t2+(0, 10)) -> (323, 103, 4002, t4=t3+(1, 6))	3	159
(2403, 112, 2387, t1) & (549, 125, 2159, t2=t1+(0, 4)) & (2159, 157, 2403, t3=t2+(0, 9)) -> (549, 112, 2403, t4=t3+(1, 7))	3	160
(2594, 69, 2190, t1) & (2204, 28, 3265, t2=t1+(0, 14)) & (2594, 8, 2204, t3=t2+(0, 7)) -> (2594, 8, 2204, t4=t3+(1, 1))	3	161
(3342, 115, 2835, t1) & (2509, 94, 2044, t2=t1+(0, 7)) & (2509, 154, 2835, t3=t2+(0, 12)) -> (2835, 94, 2044, t4=t3+(1, 3))	3	162
(368, 106, 2950, t1) & (2340, 49, 3431, t2=t1+(0, 3)) & (2340, 22, 2950, t3=t2+(0, 9)) -> (368, 49, 2950, t4=t3+(1, 6))	3	163
(3825, 63, 3123, t1) & (2915, 138, 3120, t2=t1+(0, 3)) & (3825, 165, 3120, t3=t2+(0, 6)) -> (3825, 165, 3120, t4=t3+(1, 3))	3	164
(3902, 69, 2797, t1) & (1519, 83, 1876, t2=t1+(0, 5)) & (1519, 2, 3902, t3=t2+(0, 4)) -> (1519, 2, 2797, t4=t3+(1, 4))	3	165
(4721, 187, 4711, t1) & (2126, 86, 2811, t2=t1+(0, 3)) & (2811, 75, 4711, t3=t2+(0, 3)) -> (4721, 187, 4711, t4=t3+(1, 3))	3	166
(2025, 194, 2818, t1) & (1766, 121, 3823, t2=t1+(0, 4)) & (2025, 15, 1766, t3=t2+(0, 6)) -> (2025, 121, 1766, t4=t3+(1, 1))	3	167
(3568, 140, 4963, t1) & (3023, 75, 3892, t2=t1+(0, 5)) & (3568, 124, 3023, t3=t2+(0, 0)) -> (3892, 75, 3892, t4=t3+(1, 2))	3	168
(4170, 153, 720, t1) & (2349, 126, 4908, t2=t1+(0, 6)) & (2349, 3, 4170, t3=t2+(0, 7)) -> (4908, 153, 4908, t4=t3+(1, 5))	3	169
(2770, 36, 2979, t1) & (908, 123, 3355, t2=t1+(0, 8)) & (3355, 69, 2770, t3=t2+(0, 8)) -> (2770, 36, 908, t4=t3+(1, 6))	3	170
(4736, 133, 1097, t1) & (1439, 68, 4233, t2=t1+(0, 5)) & (4233, 157, 4736, t3=t2+(0, 4)) -> (4233, 68, 4736, t4=t3+(1, 3))	3	171
(1399, 143, 688, t1) & (2922, 166, 2971, t2=t1+(0, 8)) & (1399, 41, 2971, t3=t2+(0, 3)) -> (1399, 41, 1399, t4=t3+(1, 4))	3	172
(3056, 160, 3812, t1) & (2197, 79, 2183, t2=t1+(0, 7)) & (3056, 120, 2183, t3=t2+(0, 4)) -> (3056, 120, 3056, t4=t3+(1, 6))	3	173
(2753, 95, 2286, t1) & (2113, 115, 502, t2=t1+(0, 4)) & (2286, 69, 502, t3=t2+(0, 8)) -> (502, 95, 2286, t4=t3+(1, 4))	3	174
(4168, 96, 2321, t1) & (2187, 105, 479, t2=t1+(0, 7)) & (479, 25, 4168, t3=t2+(0, 6)) -> (4168, 96, 2321, t4=t3+(1, 6))	3	175
(1080, 54, 1950, t1) & (1912, 4, 4405, t2=t1+(0, 3)) & (4405, 139, 1080, t3=t2+(0, 3)) -> (4405, 54, 4405, t4=t3+(1, 7))	3	176
(2617, 182, 1417, t1) & (723, 65, 3924, t2=t1+(0, 1)) & (3924, 3, 2617, t3=t2+(0, 3)) -> (723, 65, 2617, t4=t3+(1, 5))	3	177
(2677, 43, 3768, t1) & (1727, 187, 1637, t2=t1+(0, 2)) & (2677, 88, 1727, t3=t2+(0, 2)) -> (1727, 43, 2677, t4=t3+(1, 7))	3	178
(910, 16, 229, t1) & (1174, 101, 373, t2=t1+(0, 2)) & (229, 42, 373, t3=t2+(0, 5)) -> (1174, 42, 1174, t4=t3+(1, 4))	3	179
(373, 58, 4772, t1) & (1442, 190, 2191, t2=t1+(0, 8)) & (4772, 81, 2191, t3=t2+(0, 6)) -> (373, 58, 373, t4=t3+(1, 6))	3	180
(1735, 39, 1734, t1) & (1036, 85, 1355, t2=t1+(0, 6)) & (1735, 70, 1036, t3=t2+(0, 1)) -> (1734, 39, 1036, t4=t3+(1, 5))	3	181
(4170, 43, 157, t1) & (1108, 171, 615, t2=t1+(0, 5)) & (615, 17, 157, t3=t2+(0, 2)) -> (615, 17, 1108, t4=t3+(1, 4))	3	182
(254, 122, 3207, t1) & (128, 60, 998, t2=t1+(0, 3)) & (254, 90, 998, t3=t2+(0, 6)) -> (254, 122, 3207, t4=t3+(1, 5))	3	183
(2439, 164, 1926, t1) & (4156, 66, 1175, t2=t1+(0, 7)) & (2439, 186, 1175, t3=t2+(0, 6)) -> (1175, 66, 4156, t4=t3+(1, 3))	3	184
(2985, 135, 2058, t1) & (3153, 55, 4628, t2=t1+(0, 6)) & (4628, 110, 2985, t3=t2+(0, 2)) -> (2985, 135, 3153, t4=t3+(1, 4))	3	185
(3092, 123, 641, t1) & (4833, 56, 2599, t2=t1+(0, 3)) & (3092, 87, 2599, t3=t2+(0, 6)) -> (641, 123, 2599, t4=t3+(1, 3))	3	186
(1943, 155, 374, t1) & (919, 45, 819, t2=t1+(0, 5)) & (919, 21, 1943, t3=t2+(0, 6)) -> (1943, 45, 819, t4=t3+(1, 8))	3	187
(1142, 155, 3523, t1) & (799, 30, 2436, t2=t1+(0, 4)) & (3523, 60, 2436, t3=t2+(0, 6)) -> (2436, 155, 3523, t4=t3+(1, 6))	3	188
(3839, 47, 2011, t1) & (405, 188, 3803, t2=t1+(0, 2)) & (2011, 61, 405, t3=t2+(0, 2)) -> (3803, 61, 405, t4=t3+(1, 6))	3	189
(585, 26, 1118, t1) & (2169, 117, 1129, t2=t1+(0, 4)) & (585, 160, 2169, t3=t2+(0, 2)) -> (1129, 117, 585, t4=t3+(1, 2))	3	190
(3442, 41, 1341, t1) & (1897, 118, 895, t2=t1+(0, 5)) & (1341, 102, 1897, t3=t2+(0, 2)) -> (1897, 118, 1341, t4=t3+(1, 7))	3	191
(668, 86, 765, t1) & (3495, 14, 4937, t2=t1+(0, 8)) & (4937, 159, 765, t3=t2+(0, 4)) -> (765, 86, 4937, t4=t3+(1, 8))	3	192
(4668, 153, 356, t1) & (1595, 143, 944, t2=t1+(0, 12)) & (1595, 115, 4668, t3=t2+(0, 5)) -> (4668, 153, 1595, t4=t3+(1, 5))	3	193
(4561, 181, 1275, t1) & (119, 116, 73, t2=t1+(0, 5)) & (4561, 132, 73, t3=t2+(0, 4)) -> (119, 132, 4561, t4=t3+(1, 2))	3	194
(3899, 145, 2351, t1) & (4191, 101, 3218, t2=t1+(0, 6)) & (3218, 130, 3899, t3=t2+(0, 6)) -> (3218, 101, 3218, t4=t3+(1, 6))	3	195
(3474, 143, 2366, t1) & (2017, 31, 2187, t2=t1+(0, 7)) & (3474, 79, 2187, t3=t2+(0, 5)) -> (3474, 79, 2366, t4=t3+(1, 5))	3	196
(850, 117, 4966, t1) & (1501, 132, 3996, t2=t1+(0, 4)) & (4966, 114, 1501, t3=t2+(0, 8)) -> (850, 114, 3996, t4=t3+(1, 5))	3	197
(1487, 115, 3107, t1) & (3310, 151, 4637, t2=t1+(0, 2)) & (3310, 184, 1487, t3=t2+(0, 5)) -> (1487, 184, 3107, t4=t3+(1, 5))	3	198
(925, 189, 409, t1) & (1267, 22, 3831, t2=t1+(0, 8)) & (925, 122, 1267, t3=t2+(0, 4)) -> (1267, 122, 925, t4=t3+(1, 6))	3	199
(3312, 167, 4786, t1) & (3749, 196, 4786, t2=t1+(0, 3)) -> (3312, 196, 3312, t3=t2+(1, 6))	2	200
(2978, 183, 4590, t1) & (3916, 113, 4590, t2=t1+(0, 4)) -> (2978, 113, 4590, t3=t2+(1, 6))	2	201
(3020, 191, 481, t1) & (2761, 14, 481, t2=t1+(0, 4)) -> (3020, 191, 3020, t3=t2+(1, 5))	2	202
(3931, 35, 3015, t1) & (3015, 70, 4446, t2=t1+(0, 4)) -> (3931, 70, 3931, t3=t2+(1, 3))	2	203
(3665, 102, 269, t1) & (88, 100, 269, t2=t1+(0, 3)) -> (269, 100, 269, t3=t2+(1, 4))	2	204
(1728, 43, 1605, t1) & (2487, 89, 1728, t2=t1+(0, 6)) -> (1728, 89, 2487, t3=t2+(1, 7))	2	205
(1874, 129, 3388, t1) & (492, 95, 3388, t2=t1+(0, 7)) -> (3388, 129, 1874, t3=t2+(1, 3))	2	206
(772, 66, 2457, t1) & (772, 108, 605, t2=t1+(0, 9)) -> (605, 108, 772, t3=t2+(1, 4))	2	207
(3062, 160, 3590, t1) & (1966, 104, 3590, t2=t1+(0, 6)) -> (3590, 160, 3590, t3=t2+(1, 5))	2	208
(4047, 1, 3182, t1) & (4047, 118, 4047, t2=t1+(0, 8)) -> (4047, 118, 4047, t3=t2+(1, 4))	2	209
(4109, 80, 1524, t1) & (1524, 143, 4728, t2=t1+(0, 6)) -> (4728, 80, 1524, t3=t2+(1, 9))	2	210
(4641, 196, 2552, t1) & (4641, 43, 655, t2=t1+(0, 4)) -> (4641, 196, 655, t3=t2+(1, 6))	2	211
(707, 77, 4390, t1) & (4390, 96, 1346, t2=t1+(0, 6)) -> (4390, 77, 4390, t3=t2+(1, 4))	2	212
(3693, 81, 2572, t1) & (2572, 131, 3642, t2=t1+(0, 6)) -> (3693, 81, 2572, t3=t2+(1, 4))	2	213
(3899, 46, 1192, t1) & (268, 137, 1192, t2=t1+(0, 9)) -> (3899, 137, 3899, t3=t2+(1, 4))	2	214
(1149, 106, 2526, t1) & (2526, 3, 2526, t2=t1+(0, 7)) -> (1149, 3, 2526, t3=t2+(1, 9))	2	215
(4681, 121, 2930, t1) & (2930, 70, 2930, t2=t1+(0, 6)) -> (4681, 70, 4681, t3=t2+(1, 5))	2	216
(4940, 94, 3958, t1) & (4940, 73, 1092, t2=t1+(0, 7)) -> (4940, 94, 4940, t3=t2+(1, 8))	2	217
(3052, 160, 34, t1) & (49, 161, 34, t2=t1+(0, 8)) -> (34, 161, 49, t3=t2+(1, 3))	2	218
(3784, 157, 123, t1) & (3784, 127, 123, t2=t1+(0, 9)) -> (123, 127, 123, t3=t2+(1, 2))	2	219
(1414, 116, 2538, t1) & (2538, 128, 2731, t2=t1+(0, 2)) -> (2538, 116, 2731, t3=t2+(1, 7))	2	220
(3514, 66, 269, t1) & (269, 114, 73, t2=t1+(0, 5)) -> (73, 66, 269, t3=t2+(1, 3))	2	221
(2433, 67, 1891, t1) & (1891, 9, 2433, t2=t1+(0, 5)) -> (1891, 9, 1891, t3=t2+(1, 6))	2	222
(2650, 188, 936, t1) & (936, 53, 2650, t2=t1+(0, 6)) -> (936, 53, 2650, t3=t2+(1, 3))	2	223
(612, 56, 3943, t1) & (3943, 34, 4866, t2=t1+(0, 5)) -> (612, 56, 3943, t3=t2+(1, 7))	2	224
(4107, 155, 1084, t1) & (1084, 35, 4107, t2=t1+(0, 5)) -> (4107, 35, 1084, t3=t2+(1, 2))	2	225
(2921, 49, 2493, t1) & (2493, 181, 2921, t2=t1+(0, 2)) -> (2921, 49, 2921, t3=t2+(1, 3))	2	226
(185, 171, 2265, t1) & (3207, 156, 185, t2=t1+(0, 12)) -> (185, 156, 185, t3=t2+(1, 5))	2	227
(1333, 101, 1823, t1) & (1823, 76, 1333, t2=t1+(0, 10)) -> (1823, 76, 1333, t3=t2+(1, 13))	2	228
(3400, 175, 3740, t1) & (646, 16, 3740, t2=t1+(0, 5)) -> (3740, 16, 3400, t3=t2+(1, 7))	2	229
(4657, 154, 1514, t1) & (14, 17, 4657, t2=t1+(0, 6)) -> (14, 17, 4657, t3=t2+(1, 2))	2	230
(848, 81, 4667, t1) & (953, 138, 848, t2=t1+(0, 5)) -> (848, 81, 953, t3=t2+(1, 3))	2	231
(4291, 27, 3542, t1) & (3542, 192, 3659, t2=t1+(0, 9)) -> (4291, 27, 4291, t3=t2+(1, 8))	2	232
(1306, 64, 1733, t1) & (1306, 185, 2490, t2=t1+(0, 2)) -> (1306, 185, 1733, t3=t2+(1, 4))	2	233
(1806, 75, 1999, t1) & (1806, 150, 3011, t2=t1+(0, 6)) -> (1806, 75, 1806, t3=t2+(1, 5))	2	234
(1142, 57, 3049, t1) & (1142, 137, 1297, t2=t1+(0, 4)) -> (1297, 137, 1142, t3=t2+(1, 5))	2	235
(3507, 126, 1223, t1) & (2098, 69, 1223, t2=t1+(0, 6)) -> (1223, 69, 3507, t3=t2+(1, 6))	2	236
(1284, 11, 2232, t1) & (1775, 80, 1284, t2=t1+(0, 5)) -> (2232, 80, 1284, t3=t2+(1, 2))	2	237
(4909, 42, 3812, t1) & (4909, 155, 3939, t2=t1+(0, 5)) -> (4909, 155, 4909, t3=t2+(1, 8))	2	238
(2019, 141, 2953, t1) & (2953, 115, 2953, t2=t1+(0, 7)) -> (2953, 141, 2953, t3=t2+(1, 9))	2	239
(2161, 174, 2880, t1) & (2880, 111, 2588, t2=t1+(0, 4)) -> (2161, 174, 2880, t3=t2+(1, 3))	2	240
(4035, 120, 2747, t1) & (4035, 57, 4035, t2=t1+(0, 1)) -> (4035, 120, 4035, t3=t2+(1, 7))	2	241
(1240, 153, 3304, t1) & (3304, 21, 1464, t2=t1+(0, 4)) -> (1464, 153, 3304, t3=t2+(1, 2))	2	242
(1377, 92, 174, t1) & (1569, 161, 1377, t2=t1+(0, 12)) -> (1569, 92, 1377, t3=t2+(1, 8))	2	243
(812, 17, 4297, t1) & (812, 172, 2147, t2=t1+(0, 3)) -> (2147, 17, 4297, t3=t2+(1, 4))	2	244
(3783, 190, 3829, t1) & (3829, 105, 1675, t2=t1+(0, 5)) -> (3829, 190, 3829, t3=t2+(1, 4))	2	245
(4805, 61, 1870, t1) & (1870, 56, 1870, t2=t1+(0, 4)) -> (1870, 61, 1870, t3=t2+(1, 3))	2	246
(4260, 96, 635, t1) & (635, 22, 1400, t2=t1+(0, 7)) -> (4260, 96, 635, t3=t2+(1, 4))	2	247
(4915, 18, 3524, t1) & (4915, 116, 3524, t2=t1+(0, 5)) -> (3524, 18, 3524, t3=t2+(1, 3))	2	248
(973, 168, 4700, t1) & (604, 34, 4700, t2=t1+(0, 5)) -> (4700, 168, 4700, t3=t2+(1, 4))	2	249
(2505, 151, 4247, t1) & (1751, 118, 4247, t2=t1+(0, 12)) -> (2505, 118, 2505, t3=t2+(1, 5))	2	250
(2963, 91, 335, t1) & (335, 144, 2963, t2=t1+(0, 7)) -> (335, 91, 2963, t3=t2+(1, 3))	2	251
(3789, 93, 806, t1) & (3820, 15, 806, t2=t1+(0, 3)) -> (3820, 15, 806, t3=t2+(1, 6))	2	252
(1284, 167, 1264, t1) & (786, 124, 1264, t2=t1+(0, 9)) -> (1264, 167, 1264, t3=t2+(1, 10))	2	253
(2109, 33, 393, t1) & (2109, 47, 2109, t2=t1+(0, 2)) -> (2109, 33, 2109, t3=t2+(1, 2))	2	254
(20, 76, 2860, t1) & (3361, 119, 2860, t2=t1+(0, 7)) -> (2860, 119, 2860, t3=t2+(1, 4))	2	255
(4398, 143, 1780, t1) & (4398, 119, 3021, t2=t1+(0, 1)) -> (1780, 143, 1780, t3=t2+(1, 6))	2	256
(1374, 193, 4447, t1) & (92, 145, 1374, t2=t1+(0, 4)) -> (1374, 145, 1374, t3=t2+(1, 3))	2	257
(4449, 175, 2784, t1) & (2784, 33, 1367, t2=t1+(0, 3)) -> (2784, 175, 1367, t3=t2+(1, 7))	2	258
(3797, 156, 1417, t1) & (2668, 145, 3797, t2=t1+(0, 8)) -> (1417, 145, 2668, t3=t2+(1, 2))	2	259
(1471, 196, 2051, t1) & (2051, 186, 2144, t2=t1+(0, 2)) -> (2144, 186, 2144, t3=t2+(1, 5))	2	260
(2223, 101, 3325, t1) & (3325, 23, 1779, t2=t1+(0, 1)) -> (2223, 101, 2223, t3=t2+(1, 3))	2	261
(4181, 20, 1797, t1) & (3641, 78, 4181, t2=t1+(0, 6)) -> (4181, 78, 1797, t3=t2+(1, 3))	2	262
(1891, 163, 1824, t1) & (1824, 80, 491, t2=t1+(0, 8)) -> (491, 163, 1824, t3=t2+(1, 4))	2	263
(4467, 21, 2367, t1) & (4467, 35, 875, t2=t1+(0, 4)) -> (875, 35, 2367, t3=t2+(1, 2))	2	264
(881, 198, 1009, t1) & (1009, 96, 2580, t2=t1+(0, 7)) -> (2580, 198, 1009, t3=t2+(1, 5))	2	265
(3416, 111, 4820, t1) & (4820, 65, 186, t2=t1+(0, 3)) -> (4820, 111, 4820, t3=t2+(1, 9))	2	266
(350, 86, 3613, t1) & (350, 160, 3613, t2=t1+(0, 8)) -> (350, 160, 3613, t3=t2+(1, 4))	2	267
(3870, 11, 3962, t1) & (1300, 40, 3962, t2=t1+(0, 3)) -> (3870, 40, 1300, t3=t2+(1, 5))	2	268
(943, 148, 4241, t1) & (4241, 96, 2533, t2=t1+(0, 4)) -> (4241, 148, 943, t3=t2+(1, 9))	2	269
(1283, 83, 98, t1) & (98, 90, 1283, t2=t1+(0, 7)) -> (98, 83, 98, t3=t2+(1, 4))	2	270
(2286, 187, 3125, t1) & (3125, 85, 393, t2=t1+(0, 4)) -> (2286, 85, 2286, t3=t2+(1, 3))	2	271
(4637, 122, 3285, t1) & (4637, 34, 4637, t2=t1+(0, 4)) -> (4637, 34, 4637, t3=t2+(1, 8))	2	272
(4679, 192, 1969, t1) & (4679, 141, 3391, t2=t1+(0, 4)) -> (1969, 141, 1969, t3=t2+(1, 6))	2	273
(3403, 43, 4588, t1) & (4588, 49, 1635, t2=t1+(0, 6)) -> (3403, 43, 3403, t3=t2+(1, 5))	2	274
(578, 124, 1824, t1) & (3260, 67, 1824, t2=t1+(0, 5)) -> (578, 67, 1824, t3=t2+(1, 8))	2	275
(996, 91, 2644, t1) & (2407, 109, 2644, t2=t1+(0, 3)) -> (2644, 109, 2644, t3=t2+(1, 5))	2	276
(4417, 15, 2748, t1) & (2748, 163, 2748, t2=t1+(0, 2)) -> (4417, 163, 2748, t3=t2+(1, 2))	2	277
(3016, 59, 4278, t1) & (1790, 33, 3016, t2=t1+(0, 4)) -> (3016, 59, 3016, t3=t2+(1, 6))	2	278
(2356, 55, 4096, t1) & (2356, 25, 3542, t2=t1+(0, 6)) -> (2356, 25, 4096, t3=t2+(1, 8))	2	279
(2006, 114, 692, t1) & (2006, 138, 2747, t2=t1+(0, 5)) -> (2006, 114, 2006, t3=t2+(1, 4))	2	280
(372, 157, 4920, t1) & (3952, 19, 4920, t2=t1+(0, 4)) -> (372, 19, 4920, t3=t2+(1, 5))	2	281
(206, 31, 2267, t1) & (206, 115, 1895, t2=t1+(0, 4)) -> (1895, 115, 2267, t3=t2+(1, 6))	2	282
(41, 4, 4194, t1) & (3633, 133, 41, t2=t1+(0, 4)) -> (41, 4, 41, t3=t2+(1, 5))	2	283
(4622, 161, 2189, t1) & (2494, 59, 2189, t2=t1+(0, 2)) -> (2189, 161, 2189, t3=t2+(1, 9))	2	284
(2506, 117, 2290, t1) & (2506, 21, 4507, t2=t1+(0, 7)) -> (2290, 117, 4507, t3=t2+(1, 2))	2	285
(307, 62, 3561, t1) & (3561, 23, 3561, t2=t1+(0, 4)) -> (307, 23, 307, t3=t2+(1, 3))	2	286
(3177, 122, 3554, t1) & (2961, 182, 3177, t2=t1+(0, 5)) -> (3177, 182, 3177, t3=t2+(1, 6))	2	287
(2448, 157, 542, t1) & (2448, 77, 1189, t2=t1+(0, 5)) -> (1189, 77, 2448, t3=t2+(1, 7))	2	288
(1654, 197, 4236, t1) & (1713, 30, 1654, t2=t1+(0, 5)) -> (1654, 30, 4236, t3=t2+(1, 6))	2	289
(4235, 129, 240, t1) & (240, 16, 4235, t2=t1+(0, 5)) -> (4235, 129, 4235, t3=t2+(1, 6))	2	290
(2178, 149, 1414, t1) & (1414, 36, 1414, t2=t1+(0, 5)) -> (2178, 36, 1414, t3=t2+(1, 7))	2	291
(3476, 82, 4934, t1) & (3476, 83, 4929, t2=t1+(0, 5)) -> (3476, 83, 3476, t3=t2+(1, 5))	2	292
(939, 74, 1858, t1) & (939, 59, 1858, t2=t1+(0, 4)) -> (1858, 59, 1858, t3=t2+(1, 3))	2	293
(450, 83, 2016, t1) & (450, 156, 1584, t2=t1+(0, 4)) -> (1584, 156, 450, t3=t2+(1, 7))	2	294
(568, 26, 3648, t1) & (3648, 90, 568, t2=t1+(0, 3)) -> (3648, 26, 3648, t3=t2+(1, 3))	2	295
(4124, 131, 2711, t1) & (3884, 130, 2711, t2=t1+(0, 4)) -> (4124, 130, 2711, t3=t2+(1, 6))	2	296
(2914, 54, 2036, t1) & (2914, 31, 2036, t2=t1+(0, 5)) -> (2914, 54, 2914, t3=t2+(1, 4))	2	297
(3718, 135, 1871, t1) & (3718, 141, 1871, t2=t1+(0, 8)) -> (1871, 135, 3718, t3=t2+(1, 6))	2	298
(4437, 152, 174, t1) & (174, 187, 72, t2=t1+(0, 5)) -> (174, 187, 174, t3=t2+(1, 6))	2	299
(2876, 74, 3005, t1) -> (2876, 74, 3005, t2=t1+(1, 4))	1	300
(4811, 111, 4239, t1) -> (4239, 111, 4811, t2=t1+(1, 5))	1	301
(1857, 35, 2556, t1) -> (2556, 35, 1857, t2=t1+(1, 4))	1	302
(4709, 157, 479, t1) -> (479, 157, 479, t2=t1+(1, 4))	1	303
(1623, 85, 2411, t1) -> (2411, 85, 2411, t2=t1+(1, 6))	1	304
(1448, 67, 2559, t1) -> (2559, 67, 2559, t2=t1+(1, 4))	1	305
(164, 166, 286, t1) -> (164, 166, 286, t2=t1+(1, 6))	1	306
(1656, 191, 4174, t1) -> (1656, 191, 1656, t2=t1+(1, 4))	1	307
(2879, 23, 4717, t1) -> (2879, 23, 4717, t2=t1+(1, 7))	1	308
(4123, 119, 4333, t1) -> (4333, 119, 4123, t2=t1+(1, 9))	1	309
(3097, 194, 3874, t1) -> (3097, 194, 3097, t2=t1+(1, 6))	1	310
(2635, 55, 3282, t1) -> (2635, 55, 3282, t2=t1+(1, 4))	1	311
(956, 131, 2895, t1) -> (956, 131, 2895, t2=t1+(1, 5))	1	312
(1698, 161, 2258, t1) -> (1698, 161, 2258, t2=t1+(1, 5))	1	313
(2876, 148, 561, t1) -> (561, 148, 2876, t2=t1+(1, 8))	1	314
(1753, 186, 3044, t1) -> (1753, 186, 3044, t2=t1+(1, 4))	1	315
(3677, 196, 1282, t1) -> (3677, 196, 3677, t2=t1+(1, 8))	1	316
(1914, 65, 3546, t1) -> (3546, 65, 3546, t2=t1+(1, 6))	1	317
(510, 42, 1065, t1) -> (510, 42, 1065, t2=t1+(1, 2))	1	318
(4568, 11, 4768, t1) -> (4568, 11, 4768, t2=t1+(1, 6))	1	319
(1262, 51, 2737, t1) -> (2737, 51, 1262, t2=t1+(1, 2))	1	320
(4784, 153, 2020, t1) -> (2020, 153, 4784, t2=t1+(1, 3))	1	321
(623, 81, 4937, t1) -> (4937, 81, 4937, t2=t1+(1, 3))	1	322
(504, 1, 2902, t1) -> (504, 1, 2902, t2=t1+(1, 4))	1	323
(121, 19, 662, t1) -> (121, 19, 121, t2=t1+(1, 4))	1	324
(1749, 150, 1636, t1) -> (1749, 150, 1749, t2=t1+(1, 7))	1	325
(4402, 65, 1753, t1) -> (4402, 65, 4402, t2=t1+(1, 10))	1	326
(2266, 1, 1211, t1) -> (2266, 1, 2266, t2=t1+(1, 5))	1	327
(230, 42, 2269, t1) -> (2269, 42, 2269, t2=t1+(1, 5))	1	328
(2226, 144, 4679, t1) -> (4679, 144, 4679, t2=t1+(1, 2))	1	329
(2383, 99, 4750, t1) -> (4750, 99, 4750, t2=t1+(1, 5))	1	330
(2362, 83, 4803, t1) -> (2362, 83, 2362, t2=t1+(1, 9))	1	331
(1745, 114, 3593, t1) -> (1745, 114, 1745, t2=t1+(1, 4))	1	332
(1634, 139, 2402, t1) -> (1634, 139, 1634, t2=t1+(1, 5))	1	333
(2412, 47, 4908, t1) -> (4908, 47, 2412, t2=t1+(1, 2))	1	334
(4339, 104, 2258, t1) -> (2258, 104, 2258, t2=t1+(1, 9))	1	335
(3441, 194, 1911, t1) -> (1911, 194, 1911, t2=t1+(1, 6))	1	336
(542, 133, 3370, t1) -> (3370, 133, 3370, t2=t1+(1, 8))	1	337
(3895, 38, 1350, t1) -> (1350, 38, 1350, t2=t1+(1, 3))	1	338
(4649, 98, 494, t1) -> (494, 98, 4649, t2=t1+(1, 5))	1	339
(445, 45, 1115, t1) -> (445, 45, 445, t2=t1+(1, 3))	1	340
(4395, 136, 636, t1) -> (4395, 136, 4395, t2=t1+(1, 1))	1	341
(695, 27, 1773, t1) -> (695, 27, 695, t2=t1+(1, 7))	1	342
(1541, 117, 676, t1) -> (676, 117, 1541, t2=t1+(1, 3))	1	343
(3946, 38, 2652, t1) -> (3946, 38, 2652, t2=t1+(1, 7))	1	344
(2031, 22, 3016, t1) -> (2031, 22, 3016, t2=t1+(1, 4))	1	345
(4954, 106, 1471, t1) -> (1471, 106, 4954, t2=t1+(1, 1))	1	346
(308, 118, 396, t1) -> (396, 118, 308, t2=t1+(1, 5))	1	347
(3416, 90, 1852, t1) -> (3416, 90, 3416, t2=t1+(1, 2))	1	348
(2236, 8, 4127, t1) -> (2236, 8, 2236, t2=t1+(1, 6))	1	349
