(2310, 113, 4972, t1) & (4974, 54, 661, t2=t1+(0, 4)) & (2310, 138, 4974, t3=t2+(0, 6)) -> (4974, 113, 2310, t4=t3+(1, 4))	3	0
(2090, 59, 3081, t1) & (198, 64, 3368, t2=t1+(0, 5)) & (198, 4, 2090, t3=t2+(0, 5)) -> (198, 4, 3081, t4=t3+(1, 3))	3	1
(1814, 6, 1971, t1) & (872, 172, 2847, t2=t1+(0, 9)) & (2847, 59, 1814, t3=t2+(0, 13)) -> (2847, 172, 872, t4=t3+(1, 6))	3	2
(4896, 187, 2302, t1) & (1674, 95, 4863, t2=t1+(0, 5)) & (4896, 77, 1674, t3=t2+(0, 6)) -> (4863, 77, 4863, t4=t3+(1, 6))	3	3
(130, 16, 3861, t1) & (1133, 29, 3157, t2=t1+(0, 5)) & (130, 129, 3157, t3=t2+(0, 5)) -> (3861, 29, 3861, t4=t3+(1, 5))	3	4
(4760, 5, 3700, t1) & (2810, 41, 2193, t2=t1+(0, 4)) & (2810, 184, 3700, t3=t2+(0, 5)) -> (2810, 41, 3700, t4=t3+(1, 6))	3	5
(2558, 161, 1454, t1) & (3698, 80, 3235, t2=t1+(0, 11)) & (3698, 101, 2558, t3=t2+(0, 4)) -> (2558, 80, 3698, t4=t3+(1, 9))	3	6
(1806, 102, 2939, t1) & (3909, 133, 4147, t2=t1+(0, 5)) & (3909, 179, 2939, t3=t2+(0, 4)) -> (3909, 133, 3909, t4=t3+(1, 6))	3	7
(1063, 114, 4666, t1) & (2857, 50, 1610, t2=t1+(0, 7)) & (1610, 95, 4666, t3=t2+(0, 1)) -> (4666, 50, 2857, t4=t3+(1, 4))	3	8
(3073, 10, 4425, t1) & (4516, 40, 246, t2=t1+(0, 2)) & (4516, 142, 4425, t3=t2+(0, 2)) -> (3073, 142, 246, t4=t3+(1, 6))	3	9
(415, 171, 1017, t1) & (1480, 169, 535, t2=t1+(0, 3)) & (535, 107, 415, t3=t2+(0, 4)) -> (1480, 171, 415, t4=t3+(1, 6))	3	10
(3687, 148, 1975, t1) & (4387, 38, 1141, t2=t1+(0, 5)) & (1141, 138, 3687, t3=t2+(0, 7)) -> (1141, 148, 4387, t4=t3+(1, 5))	3	11
(4541, 176, 1066, t1) & (4837, 5, 973, t2=t1+(0, 1)) & (1066, 89, 4837, t3=t2+(0, 3)) -> (1066, 89, 973, t4=t3+(1, 6))	3	12
(1386, 49, 1155, t1) & (159, 71, 2188, t2=t1+(0, 8)) & (159, 110, 1155, t3=t2+(0, 5)) -> (159, 110, 1155, t4=t3+(1, 1))	3	13
(153, 107, 645, t1) & (4619, 187, 4538, t2=t1+(0, 2)) & (645, 119, 4538, t3=t2+(0, 5)) -> (645, 187, 645, t4=t3+(1, 6))	3	14
(2784, 16, 923, t1) & (271, 73, 3498, t2=t1+(0, 4)) & (271, 175, 923, t3=t2+(0, 9)) -> (3498, 175, 271, t4=t3+(1, 2))	3	15
(4535, 181, 4657, t1) & (4921, 43, 4178, t2=t1+(0, 4)) & (4921, 20, 4657, t3=t2+(0, 6)) -> (4535, 181, 4535, t4=t3+(1, 5))	3	16
(24, 44, 119, t1) & (469, 59, 1466, t2=t1+(0, 6)) & (24, 190, 469, t3=t2+(0, 4)) -> (1466, 59, 469, t4=t3+(1, 2))	3	17
(498, 85, 837, t1) & (2095, 3, 520, t2=t1+(0, 4)) & (520, 159, 498, t3=t2+(0, 2)) -> (498, 3, 520, t4=t3+(1, 4))	3	18
(768, 32, 64, t1) & (40, 121, 1920, t2=t1+(0, 3)) & (64, 143, 1920, t3=t2+(0, 6)) -> (64, 32, 768, t4=t3+(1, 6))	3	19
(1755, 114, 66, t1) & (1958, 172, 3395, t2=t1+(0, 4)) & (1755, 22, 1958, t3=t2+(0, 6)) -> (66, 114, 1958, t4=t3+(1, 6))	3	20
(2442, 190, 464, t1) & (4408, 163, 243, t2=t1+(0, 4)) & (464, 3, 243, t3=t2+(0, 5)) -> (2442, 163, 464, t4=t3+(1, 5))	3	21
(82, 148, 984, t1) & (4385, 117, 4790, t2=t1+(0, 6)) & (984, 93, 4790, t3=t2+(0, 3)) -> (4790, 93, 984, t4=t3+(1, 5))	3	22
(2302, 183, 3527, t1) & (4291, 187, 1516, t2=t1+(0, 2)) & (4291, 14, 3527, t3=t2+(0, 5)) -> (4291, 187, 2302, t4=t3+(1, 3))	3	23
(2444, 113, 1533, t1) & (949, 136, 2776, t2=t1+(0, 3)) & (2776, 81, 1533, t3=t2+(0, 5)) -> (1533, 136, 2776, t4=t3+(1, 6))	3	24
(3265, 1, 3358, t1) & (227, 74, 1540, t2=t1+(0, 4)) & (3265, 158, 227, t3=t2+(0, 9)) -> (3358, 158, 227, t4=t3+(1, 6))	3	25
(4073, 91, 3769, t1) & (3040, 90, 1160, t2=t1+(0, 5)) & (3040, 89, 4073, t3=t2+(0, 5)) -> (3769, 90, 3769, t4=t3+(1, 5))	3	26
(2924, 114, 2516, t1) & (976, 44, 423, t2=t1+(0, 9)) & (2924, 60, 423, t3=t2+(0, 4)) -> (2924, 44, 2924, t4=t3+(1, 8))	3	27
(1663, 4, 2214, t1) & (3843, 80, 3838, t2=t1+(0, 5)) & (3843, 106, 2214, t3=t2+(0, 4)) -> (3838, 80, 2214, t4=t3+(1, 5))	3	28
(3836, 111, 2281, t1) & (2468, 136, 3225, t2=t1+(0, 4)) & (3836, 186, 3225, t3=t2+(0, 3)) -> (2468, 111, 3836, t4=t3+(1, 7))	3	29
(2114, 33, 1235, t1) & (3808, 20, 4371, t2=t1+(0, 3)) & (2114, 68, 3808, t3=t2+(0, 6)) -> (4371, 20, 3808, t4=t3+(1, 13))	3	30
(2881, 33, 4467, t1) & (1700, 188, 1863, t2=t1+(0, 9)) & (1863, 105, 2881, t3=t2+(0, 3)) -> (2881, 105, 1863, t4=t3+(1, 5))	3	31
(3729, 173, 2392, t1) & (4597, 73, 1235, t2=t1+(0, 3)) & (1235, 26, 3729, t3=t2+(0, 10)) -> (1235, 173, 4597, t4=t3+(1, 5))	3	32
(2115, 145, 2881, t1) & (3159, 167, 4753, t2=t1+(0, 3)) & (2115, 92, 4753, t3=t2+(0, 7)) -> (3159, 145, 3159, t4=t3+(1, 10))	3	33
(4207, 21, 2050, t1) & (1058, 195, 3220, t2=t1+(0, 5)) & (3220, 55, 2050, t3=t2+(0, 7)) -> (3220, 21, 3220, t4=t3+(1, 5))	3	34
(3080, 147, 738, t1) & (2172, 190, 582, t2=t1+(0, 2)) & (2172, 150, 738, t3=t2+(0, 4)) -> (2172, 150, 3080, t4=t3+(1, 4))	3	35
(2044, 82, 3969, t1) & (618, 95, 2923, t2=t1+(0, 5)) & (2923, 177, 3969, t3=t2+(0, 1)) -> (3969, 82, 2044, t4=t3+(1, 6))	3	36
(4685, 172, 3968, t1) & (4173, 199, 673, t2=t1+(0, 2)) & (673, 152, 3968, t3=t2+(0, 4)) -> (3968, 172, 3968, t4=t3+(1, 3))	3	37
(2663, 73, 2770, t1) & (4030, 109, 1489, t2=t1+(0, 3)) & (4030, 89, 2663, t3=t2+(0, 3)) -> (1489, 73, 2663, t4=t3+(1, 4))	3	38
(2617, 32, 134, t1) & (900, 101, 4535, t2=t1+(0, 4)) & (2617, 43, 900, t3=t2+(0, 8)) -> (900, 43, 4535, t4=t3+(1, 7))	3	39
(888, 47, 4569, t1) & (2227, 52, 1755, t2=t1+(0, 5)) & (888, 153, 1755, t3=t2+(0, 3)) -> (4569, 47, 1755, t4=t3+(1, 5))	3	40
(4470, 103, 1152, t1) & (136, 96, 1219, t2=t1+(0, 5)) & (1219, 164, 1152, t3=t2+(0, 2)) -> (136, 103, 136, t4=t3+(1, 5))	3	41
(4208, 134, 4578, t1) & (4621, 194, 1401, t2=t1+(0, 4)) & (4621, 80, 4208, t3=t2+(0, 3)) -> (4621, 80, 1401, t4=t3+(1, 8))	3	42
(597, 72, 4643, t1) & (1506, 169, 4541, t2=t1+(0, 5)) & (1506, 11, 4643, t3=t2+(0, 6)) -> (4541, 11, 4643, t4=t3+(1, 6))	3	43
(386, 138, 55, t1) & (4655, 95, 3123, t2=t1+(0, 6)) & (386, 33, 4655, t3=t2+(0, 7)) -> (386, 138, 4655, t4=t3+(1, 6))	3	44
(3003, 196, 1841, t1) & (3208, 39, 4270, t2=t1+(0, 4)) & (3208, 8, 3003, t3=t2+(0, 2)) -> (1841, 8, 3003, t4=t3+(1, 4))	3	45
(304, 38, 4935, t1) & (2322, 162, 4264, t2=t1+(0, 3)) & (4935, 60, 2322, t3=t2+(0, 7)) -> (4935, 60, 4264, t4=t3+(1, 5))	3	46
(1328, 54, 592, t1) & (2215, 23, 18, t2=t1+(0, 3)) & (1328, 91, 2215, t3=t2+(0, 5)) -> (2215, 23, 2215, t4=t3+(1, 8))	3	47
(4541, 149, 353, t1) & (655, 113, 2863, t2=t1+(0, 1)) & (655, 127, 353, t3=t2+(0, 5)) -> (2863, 149, 655, t4=t3+(1, 6))	3	48
(3316, 76, 4096, t1) & (1052, 164, 3039, t2=t1+(0, 4)) & (1052, 182, 3316, t3=t2+(0, 5)) -> (4096, 182, 3316, t4=t3+(1, 8))	3	49
(2506, 178, 707, t1) & (4760, 159, 3628, t2=t1+(0, 6)) & (2506, 4, 4760, t3=t2+(0, 1)) -> (2506, 159, 2506, t4=t3+(1, 7))	3	50
(3438, 2, 2054, t1) & (2452, 193, 2717, t2=t1+(0, 4)) & (3438, 183, 2717, t3=t2+(0, 2)) -> (2054, 2, 3438, t4=t3+(1, 2))	3	51
(1564, 44, 1292, t1) & (983, 182, 3447, t2=t1+(0, 4)) & (1564, 27, 3447, t3=t2+(0, 8)) -> (3447, 182, 1564, t4=t3+(1, 5))	3	52
(2700, 196, 3051, t1) & (1564, 56, 3831, t2=t1+(0, 3)) & (3831, 25, 2700, t3=t2+(0, 2)) -> (3831, 196, 1564, t4=t3+(1, 5))	3	53
(1162, 186, 1904, t1) & (115, 188, 3376, t2=t1+(0, 8)) & (1162, 160, 115, t3=t2+(0, 7)) -> (1162, 160, 115, t4=t3+(1, 4))	3	54
(1227, 71, 565, t1) & (305, 125, 1155, t2=t1+(0, 2)) & (565, 133, 1155, t3=t2+(0, 4)) -> (305, 133, 1155, t4=t3+(1, 5))	3	55
(1004, 178, 4166, t1) & (4938, 181, 3274, t2=t1+(0, 5)) & (4166, 36, 4938, t3=t2+(0, 6)) -> (4166, 181, 4938, t4=t3+(1, 12))	3	56
(3797, 186, 2790, t1) & (2896, 157, 2913, t2=t1+(0, 7)) & (2913, 96, 3797, t3=t2+(0, 6)) -> (2913, 157, 3797, t4=t3+(1, 3))	3	57
(3289, 169, 4764, t1) & (2123, 192, 457, t2=t1+(0, 4)) & (3289, 63, 457, t3=t2+(0, 6)) -> (4764, 63, 3289, t4=t3+(1, 11))	3	58
(2681, 135, 224, t1) & (239, 175, 1085, t2=t1+(0, 6)) & (239, 57, 2681, t3=t2+(0, 4)) -> (2681, 57, 1085, t4=t3+(1, 4))	3	59
(3401, 88, 3326, t1) & (2050, 154, 4777, t2=t1+(0, 5)) & (3401, 131, 2050, t3=t2+(0, 6)) -> (3401, 131, 2050, t4=t3+(1, 5))	3	60
(2091, 10, 4496, t1) & (3281, 159, 1968, t2=t1+(0, 2)) & (3281, 111, 4496, t3=t2+(0, 5)) -> (3281, 159, 1968, t4=t3+(1, 2))	3	61
(292, 91, 4159, t1) & (1978, 148, 3431, t2=t1+(0, 2)) & (3431, 77, 4159, t3=t2+(0, 7)) -> (3431, 148, 4159, t4=t3+(1, 4))	3	62
(4852, 52, 872, t1) & (1054, 112, 3657, t2=t1+(0, 10)) & (4852, 6, 3657, t3=t2+(0, 12)) -> (4852, 6, 4852, t4=t3+(1, 5))	3	63
(765, 33, 2382, t1) & (4958, 140, 435, t2=t1+(0, 2)) & (765, 42, 435, t3=t2+(0, 7)) -> (435, 42, 765, t4=t3+(1, 9))	3	64
(1531, 198, 4449, t1) & (1021, 150, 4986, t2=t1+(0, 6)) & (4449, 93, 4986, t3=t2+(0, 8)) -> (4986, 198, 1021, t4=t3+(1, 4))	3	65
(4794, 154, 3569, t1) & (2868, 80, 4820, t2=t1+(0, 10)) & (4820, 49, 3569, t3=t2+(0, 5)) -> (4820, 49, 4820, t4=t3+(1, 5))	3	66
(2629, 108, 1531, t1) & (4946, 187, 2591, t2=t1+(0, 1)) & (2629, 147, 2591, t3=t2+(0, 6)) -> (2629, 187, 2591, t4=t3+(1, 5))	3	67
(3856, 78, 1127, t1) & (3768, 12, 4947, t2=t1+(0, 3)) & (4947, 92, 1127, t3=t2+(0, 2)) -> (4947, 92, 4947, t4=t3+(1, 6))	3	68
(523, 195, 3945, t1) & (575, 66, 4845, t2=t1+(0, 5)) & (575, 166, 3945, t3=t2+(0, 7)) -> (575, 66, 3945, t4=t3+(1, 1))	3	69
(6, 127, 4659, t1) & (12, 192, 4761, t2=t1+(0, 6)) & (6, 40, 12, t3=t2+(0, 2)) -> (12, 192, 6, t4=t3+(1, 7))	3	70
(4596, 30, 1567, t1) & (728, 190, 4218, t2=t1+(0, 8)) & (4218, 117, 4596, t3=t2+(0, 5)) -> (4596, 30, 4218, t4=t3+(1, 5))	3	71
(4540, 166, 3978, t1) & (287, 144, 4408, t2=t1+(0, 4)) & (4408, 162, 3978, t3=t2+(0, 6)) -> (4408, 144, 287, t4=t3+(1, 3))	3	72
(2747, 177, 2404, t1) & (1186, 52, 953, t2=t1+(0, 10)) & (1186, 122, 2747, t3=t2+(0, 2)) -> (1186, 122, 2747, t4=t3+(1, 4))	3	73
(3741, 78, 4890, t1) & (2517, 162, 1835, t2=t1+(0, 6)) & (1835, 72, 4890, t3=t2+(0, 6)) -> (4890, 78, 1835, t4=t3+(1, 8))	3	74
(2074, 95, 3280, t1) & (2991, 180, 4581, t2=t1+(0, 6)) & (4581, 182, 3280, t3=t2+(0, 3)) -> (4581, 180, 3280, t4=t3+(1, 5))	3	75
(139, 171, 1886, t1) & (2068, 76, 2025, t2=t1+(0, 12)) & (1886, 186, 2025, t3=t2+(0, 4)) -> (1886, 76, 139, t4=t3+(1, 5))	3	76
(2574, 39, 1538, t1) & (4847, 103, 1862, t2=t1+(0, 5)) & (1538, 139, 4847, t3=t2+(0, 10)) -> (4847, 139, 4847, t4=t3+(1, 3))	3	77
(4934, 129, 1048, t1) & (534, 97, 3600, t2=t1+(0, 6)) & (1048, 113, 3600, t3=t2+(0, 4)) -> (3600, 129, 534, t4=t3+(1, 7))	3	78
(1987, 82, 4724, t1) & (3028, 80, 3654, t2=t1+(0, 2)) & (3654, 130, 4724, t3=t2+(0, 8)) -> (4724, 130, 3654, t4=t3+(1, 4))	3	79
(3324, 20, 3406, t1) & (4390, 110, 4317, t2=t1+(0, 1)) & (4317, 116, 3324, t3=t2+(0, 2)) -> (3406, 20, 3324, t4=t3+(1, 5))	3	80
(3859, 152, 2747, t1) & (625, 171, 1855, t2=t1+(0, 5)) & (3859, 59, 1855, t3=t2+(0, 5)) -> (1855, 59, 625, t4=t3+(1, 5))	3	81
(3422, 186, 724, t1) & (1132, 115, 427, t2=t1+(0, 6)) & (1132, 139, 724, t3=t2+(0, 5)) -> (1132, 186, 3422, t4=t3+(1, 6))	3	82
(3602, 116, 4093, t1) & (4638, 26, 2682, t2=t1+(0, 5)) & (3602, 20, 4638, t3=t2+(0, 2)) -> (4638, 26, 3602, t4=t3+(1, 5))	3	83
(1731, 69, 3027, t1) & (2257, 59, 1019, t2=t1+(0, 5)) & (3027, 152, 1019, t3=t2+(0, 6)) -> (2257, 152, 1019, t4=t3+(1, 5))	3	84
(3658, 50, 4092, t1) & (4121, 61, 4002, t2=t1+(0, 2)) & (4002, 43, 4092, t3=t2+(0, 1)) -> (3658, 61, 4002, t4=t3+(1, 4))	3	85
(3202, 77, 1846, t1) & (2613, 6, 932, t2=t1+(0, 7)) & (2613, 153, 3202, t3=t2+(0, 4)) -> (3202, 77, 1846, t4=t3+(1, 3))	3	86
(3160, 141, 2311, t1) & (1201, 199, 729, t2=t1+(0, 5)) & (3160, 184, 1201, t3=t2+(0, 4)) -> (729, 199, 1201, t4=t3+(1, 2))	3	87
(333, 97, 3608, t1) & (930, 103, 3795, t2=t1+(0, 6)) & (333, 115, 3795, t3=t2+(0, 10)) -> (333, 103, 333, t4=t3+(1, 2))	3	88
(2364, 47, 762, t1) & (4828, 114, 2108, t2=t1+(0, 4)) & (2108, 193, 762, t3=t2+(0, 2)) -> (2108, 114, 4828, t4=t3+(1, 12))	3	89
(1923, 122, 1235, t1) & (4944, 99, 2620, t2=t1+(0, 4)) & (1235, 137, 4944, t3=t2+(0, 4)) -> (1923, 99, 1235, t4=t3+(1, 4))	3	90
(2405, 189, 4353, t1) & (758, 196, 1444, t2=t1+(0, 8)) & (758, 103, 2405, t3=t2+(0, 3)) -> (2405, 196, 758, t4=t3+(1, 9))	3	91
(2837, 150, 1274, t1) & (1369, 112, 3739, t2=t1+(0, 4)) & (2837, 172, 3739, t3=t2+(0, 7)) -> (3739, 172, 2837, t4=t3+(1, 8))	3	92
(683, 82, 4492, t1) & (1987, 39, 1586, t2=t1+(0, 3)) & (4492, 177, 1987, t3=t2+(0, 3)) -> (1987, 177, 4492, t4=t3+(1, 7))	3	93
(4360, 130, 4169, t1) & (76, 113, 1390, t2=t1+(0, 3)) & (1390, 67, 4360, t3=t2+(0, 7)) -> (4169, 67, 76, t4=t3+(1, 4))	3	94
(1197, 108, 2050, t1) & (3107, 104, 3107, t2=t1+(0, 2)) & (3107, 37, 1197, t3=t2+(0, 5)) -> (3107, 104, 2050, t4=t3+(1, 6))	3	95
(3533, 83, 4118, t1) & (1720, 42, 1178, t2=t1+(0, 4)) & (4118, 197, 1720, t3=t2+(0, 6)) -> (4118, 197, 4118, t4=t3+(1, 9))	3	96
(4930, 198, 3225, t1) & (1685, 140, 1409, t2=t1+(0, 2)) & (3225, 166, 1409, t3=t2+(0, 6)) -> (4930, 166, 1685, t4=t3+(1, 2))	3	97
(2610, 171, 4689, t1) & (3086, 170, 1543, t2=t1+(0, 5)) & (1543, 166, 4689, t3=t2+(0, 6)) -> (4689, 170, 3086, t4=t3+(1, 7))	3	98
(2874, 149, 910, t1) & (1558, 20, 3311, t2=t1+(0, 4)) & (910, 104, 1558, t3=t2+(0, 3)) -> (1558, 149, 3311, t4=t3+(1, 6))	3	99
(1180, 62, 4055, t1) & (2353, 11, 2666, t2=t1+(0, 4)) & (2666, 117, 4055, t3=t2+(0, 6)) -> (2666, 11, 2353, t4=t3+(1, 3))	3	100
(13, 197, 4556, t1) & (3508, 88, 2326, t2=t1+(0, 4)) & (2326, 191, 13, t3=t2+(0, 7)) -> (2326, 88, 4556, t4=t3+(1, 1))	3	101
(760, 147, 760, t1) & (3738, 82, 1426, t2=t1+(0, 4)) & (1426, 59, 760, t3=t2+(0, 9)) -> (3738, 59, 760, t4=t3+(1, 4))	3	102
(3816, 31, 1741, t1) & (4020, 164, 23, t2=t1+(0, 3)) & (23, 54, 3816, t3=t2+(0, 3)) -> (3816, 31, 23, t4=t3+(1, 2))	3	103
(3821, 77, 2815, t1) & (3225, 14, 3636, t2=t1+(0, 5)) & (3821, 0, 3225, t3=t2+(0, 11)) -> (3821, 0, 3636, t4=t3+(1, 4))	3	104
(590, 149, 4923, t1) & (520, 166, 1333, t2=t1+(0, 10)) & (1333, 103, 590, t3=t2+(0, 2)) -> (520, 103, 1333, t4=t3+(1, 5))	3	105
(914, 173, 44, t1) & (2240, 36, 3232, t2=t1+(0, 8)) & (44, 134, 3232, t3=t2+(0, 2)) -> (3232, 173, 2240, t4=t3+(1, 5))	3	106
(4788, 135, 2422, t1) & (3039, 26, 3362, t2=t1+(0, 1)) & (4788, 20, 3039, t3=t2+(0, 5)) -> (4788, 26, 2422, t4=t3+(1, 7))	3	107
(3288, 60, 2642, t1) & (4400, 184, 3873, t2=t1+(0, 2)) & (3873, 14, 3288, t3=t2+(0, 4)) -> (3873, 14, 4400, t4=t3+(1, 5))	3	108
(989, 8, 4262, t1) & (4419, 176, 2896, t2=t1+(0, 9)) & (989, 14, 2896, t3=t2+(0, 3)) -> (4262, 14, 989, t4=t3+(1, 4))	3	109
(4350, 132, 4262, t1) & (4602, 170, 1465, t2=t1+(0, 3)) & (1465, 93, 4262, t3=t2+(0, 4)) -> (1465, 93, 4602, t4=t3+(1, 7))	3	110
(3910, 3, 414, t1) & (4847, 20, 603, t2=t1+(0, 10)) & (603, 29, 3910, t3=t2+(0, 5)) -> (3910, 3, 3910, t4=t3+(1, 2))	3	111
(508, 88, 2711, t1) & (760, 36, 1810, t2=t1+(0, 8)) & (508, 138, 760, t3=t2+(0, 5)) -> (508, 36, 2711, t4=t3+(1, 5))	3	112
(3703, 186, 1705, t1) & (3704, 8, 2600, t2=t1+(0, 2)) & (3704, 106, 1705, t3=t2+(0, 9)) -> (1705, 106, 2600, t4=t3+(1, 6))	3	113
(2651, 136, 2060, t1) & (1089, 99, 1220, t2=t1+(0, 4)) & (1220, 95, 2651, t3=t2+(0, 5)) -> (2060, 99, 2060, t4=t3+(1, 6))	3	114
(806, 147, 2277, t1) & (1624, 126, 4233, t2=t1+(0, 4)) & (2277, 57, 1624, t3=t2+(0, 7)) -> (1624, 147, 1624, t4=t3+(1, 3))	3	115
(4039, 138, 1965, t1) & (4288, 184, 2494, t2=t1+(0, 3)) & (4039, 173, 4288, t3=t2+(0, 4)) -> (4288, 173, 1965, t4=t3+(1, 5))	3	116
(1803, 103, 4531, t1) & (3254, 189, 4841, t2=t1+(0, 6)) & (1803, 86, 3254, t3=t2+(0, 4)) -> (4531, 103, 4531, t4=t3+(1, 1))	3	117
(586, 163, 4282, t1) & (2471, 90, 145, t2=t1+(0, 5)) & (586, 34, 145, t3=t2+(0, 5)) -> (4282, 90, 4282, t4=t3+(1, 5))	3	118
(66, 192, 333, t1) & (3948, 178, 1132, t2=t1+(0, 4)) & (333, 104, 1132, t3=t2+(0, 7)) -> (1132, 178, 1132, t4=t3+(1, 1))	3	119
(1882, 114, 3974, t1) & (3559, 168, 4663, t2=t1+(0, 5)) & (3559, 11, 1882, t3=t2+(0, 7)) -> (3559, 114, 4663, t4=t3+(1, 5))	3	120
(2398, 27, 4807, t1) & (2596, 97, 4250, t2=t1+(0, 3)) & (4807, 116, 2596, t3=t2+(0, 5)) -> (4807, 27, 4250, t4=t3+(1, 4))	3	121
(3838, 71, 2478, t1) & (3843, 101, 556, t2=t1+(0, 5)) & (2478, 68, 3843, t3=t2+(0, 9)) -> (2478, 68, 2478, t4=t3+(1, 9))	3	122
(1371, 116, 1627, t1) & (591, 141, 1849, t2=t1+(0, 4)) & (591, 43, 1371, t3=t2+(0, 2)) -> (591, 116, 591, t4=t3+(1, 8))	3	123
(672, 60, 184, t1) & (1921, 91, 4535, t2=t1+(0, 4)) & (1921, 163, 184, t3=t2+(0, 5)) -> (672, 60, 184, t4=t3+(1, 3))	3	124
(4896, 61, 2551, t1) & (194, 179, 3246, t2=t1+(0, 4)) & (194, 81, 4896, t3=t2+(0, 6)) -> (194, 61, 3246, t4=t3+(1, 9))	3	125
(3699, 170, 4011, t1) & (3913, 103, 3572, t2=t1+(0, 5)) & (3913, 196, 3699, t3=t2+(0, 4)) -> (3699, 103, 3699, t4=t3+(1, 2))	3	126
(853, 98, 1625, t1) & (4110, 53, 1830, t2=t1+(0, 4)) & (853, 98, 4110, t3=t2+(0, 5)) -> (853, 98, 853, t4=t3+(1, 2))	3	127
(1829, 103, 38, t1) & (1998, 102, 1532, t2=t1+(0, 7)) & (1829, 61, 1532, t3=t2+(0, 4)) -> (1532, 61, 1532, t4=t3+(1, 3))	3	128
(4629, 198, 3984, t1) & (3658, 164, 3050, t2=t1+(0, 6)) & (4629, 176, 3050, t3=t2+(0, 5)) -> (4629, 198, 3050, t4=t3+(1, 2))	3	129
(2460, 196, 2655, t1) & (3670, 131, 2314, t2=t1+(0, 6)) & (3670, 62, 2655, t3=t2+(0, 2)) -> (3670, 131, 3670, t4=t3+(1, 10))	3	130
(1860, 114, 3876, t1) & (2799, 158, 1941, t2=t1+(0, 7)) & (1941, 102, 3876, t3=t2+(0, 8)) -> (2799, 114, 3876, t4=t3+(1, 6))	3	131
(2242, 171, 1108, t1) & (2473, 172, 2942, t2=t1+(0, 5)) & (2942, 167, 1108, t3=t2+(0, 7)) -> (2473, 172, 1108, t4=t3+(1, 5))	3	132
(673, 118, 1706, t1) & (4412, 25, 2854, t2=t1+(0, 9)) & (1706, 11, 4412, t3=t2+(0, 3)) -> (4412, 11, 1706, t4=t3+(1, 4))	3	133
(536, 142, 1561, t1) & (4571, 50, 2430, t2=t1+(0, 3)) & (4571, 194, 1561, t3=t2+(0, 9)) -> (2430, 194, 536, t4=t3+(1, 8))	3	134
(4465, 74, 2252, t1) & (3607, 94, 1070, t2=t1+(0, 8)) & (2252, 51, 3607, t3=t2+(0, 8)) -> (3607, 74, 2252, t4=t3+(1, 7))	3	135
(2606, 95, 3312, t1) & (1103, 132, 154, t2=t1+(0, 8)) & (154, 92, 2606, t3=t2+(0, 4)) -> (2606, 132, 154, t4=t3+(1, 1))	3	136
(110, 29, 2196, t1) & (4789, 152, 3679, t2=t1+(0, 3)) & (110, 139, 3679, t3=t2+(0, 1)) -> (110, 152, 4789, t4=t3+(1, 10))	3	137
(4054, 66, 1473, t1) & (2145, 80, 161, t2=t1+(0, 4)) & (161, 11, 4054, t3=t2+(0, 5)) -> (161, 11, 1473, t4=t3+(1, 3))	3	138
(528, 179, 3617, t1) & (4488, 133, 4110, t2=t1+(0, 5)) & (4110, 18, 528, t3=t2+(0, 6)) -> (4488, 18, 528, t4=t3+(1, 8))	3	139
(3647, 58, 158, t1) & (4261, 72, 2420, t2=t1+(0, 3)) & (3647, 71, 2420, t3=t2+(0, 4)) -> (3647, 71, 3647, t4=t3+(1, 5))	3	140
(3069, 164, 1181, t1) & (2789, 151, 4060, t2=t1+(0, 6)) & (4060, 75, 3069, t3=t2+(0, 8)) -> (3069, 151, 2789, t4=t3+(1, 1))	3	141
(920, 65, 3208, t1) & (46, 99, 2528, t2=t1+(0, 6)) & (2528, 185, 920, t3=t2+(0, 3)) -> (2528, 99, 3208, t4=t3+(1, 3))	3	142
(916, 178, 2570, t1) & (2182, 14, 2553, t2=t1+(0, 4)) & (2553, 186, 2570, t3=t2+(0, 6)) -> (2553, 178, 2570, t4=t3+(1, 6))	3	143
(4354, 50, 4042, t1) & (4244, 40, 2753, t2=t1+(0, 3)) & (4042, 3, 4244, t3=t2+(0, 7)) -> (2753, 40, 2753, t4=t3+(1, 6))	3	144
(4487, 160, 3905, t1) & (3991, 102, 2597, t2=t1+(0, 7)) & (3905, 186, 3991, t3=t2+(0, 5)) -> (4487, 186, 2597, t4=t3+(1, 2))	3	145
(738, 165, 2196, t1) & (715, 185, 9, t2=t1+(0, 2)) & (715, 12, 2196, t3=t2+(0, 2)) -> (2196, 12, 715, t4=t3+(1, 4))	3	146
(2209, 184, 407, t1) & (3018, 6, 2708, t2=t1+(0, 6)) & (407, 169, 2708, t3=t2+(0, 5)) -> (2708, 6, 2708, t4=t3+(1, 5))	3	147
(176, 125, 931, t1) & (2857, 37, 221, t2=t1+(0, 5)) & (176, 9, 221, t3=t2+(0, 5)) -> (931, 9, 176, t4=t3+(1, 7))	3	148
(3931, 78, 2528, t1) & (246, 125, 4264, t2=t1+(0, 7)) & (2528, 43, 4264, t3=t2+(0, 4)) -> (2528, 125, 2528, t4=t3+(1, 5))	3	149
(4636, 178, 3930, t1) & (4778, 52, 3881, t2=t1+(0, 6)) & (3930, 50, 3881, t3=t2+(0, 3)) -> (3930, 50, 3930, t4=t3+(1, 4))	3	150
(1548, 101, 1104, t1) & (3214, 42, 2216, t2=t1+(0, 13)) & (3214, 148, 1548, t3=t2+(0, 4)) -> (3214, 101, 1104, t4=t3+(1, 6))	3	151
(1138, 157, 4545, t1) & (3827, 30, 3266, t2=t1+(0, 4)) & (3266, 81, 4545, t3=t2+(0, 3)) -> (3266, 81, 3827, t4=t3+(1, 7))	3	152
(2769, 194, 3378, t1) & (4195, 172, 4029, t2=t1+(0, 3)) & (3378, 106, 4195, t3=t2+(0, 4)) -> (4195, 106, 3378, t4=t3+(1, 2))	3	153
(303, 142, 4235, t1) & (184, 78, 1631, t2=t1+(0, 4)) & (4235, 118, 1631, t3=t2+(0, 6)) -> (184, 142, 303, t4=t3+(1, 9))	3	154
(2424, 39, 2250, t1) & (1669, 169, 3002, t2=t1+(0, 2)) & (1669, 99, 2424, t3=t2+(0, 2)) -> (2250, 169, 2424, t4=t3+(1, 6))	3	155
(4249, 3, 3038, t1) & (1669, 175, 2139, t2=t1+(0, 5)) & (4249, 196, 1669, t3=t2+(0, 8)) -> (4249, 175, 4249, t4=t3+(1, 6))	3	156
(28, 37, 156, t1) & (3944, 50, 676, t2=t1+(0, 6)) & (3944, 197, 28, t3=t2+(0, 5)) -> (28, 50, 156, t4=t3+(1, 5))	3	157
(3604, 29, 3217, t1) & (4447, 141, 3216, t2=t1+(0, 7)) & (4447, 88, 3217, t3=t2+(0, 3)) -> (3604, 29, 4447, t4=t3+(1, 6))	3	158
(2685, 83, 1566, t1) & (4222, 20, 4955, t2=t1+(0, 9)) & (4955, 11, 2685, t3=t2+(0, 5)) -> (4955, 11, 4222, t4=t3+(1, 5))	3	159
(3905, 148, 570, t1) & (1362, 32, 4364, t2=t1+(0, 6)) & (3905, 130, 1362, t3=t2+(0, 8)) -> (570, 32, 3905, t4=t3+(1, 1))	3	160
(708, 62, 3978, t1) & (4178, 146, 2523, t2=t1+(0, 5)) & (708, 157, 4178, t3=t2+(0, 2)) -> (2523, 157, 2523, t4=t3+(1, 2))	3	161
(1243, 22, 4320, t1) & (615, 169, 3432, t2=t1+(0, 5)) & (1243, 1, 3432, t3=t2+(0, 6)) -> (3432, 169, 1243, t4=t3+(1, 5))	3	162
(3881, 159, 3253, t1) & (3918, 23, 3591, t2=t1+(0, 8)) & (3591, 3, 3253, t3=t2+(0, 3)) -> (3253, 159, 3881, t4=t3+(1, 7))	3	163
(346, 181, 4906, t1) & (460, 68, 1218, t2=t1+(0, 2)) & (460, 167, 346, t3=t2+(0, 3)) -> (1218, 167, 4906, t4=t3+(1, 5))	3	164
(942, 70, 1309, t1) & (4839, 11, 60, t2=t1+(0, 1)) & (60, 159, 1309, t3=t2+(0, 8)) -> (4839, 11, 1309, t4=t3+(1, 5))	3	165
(635, 67, 3505, t1) & (2696, 62, 4956, t2=t1+(0, 2)) & (2696, 72, 3505, t3=t2+(0, 4)) -> (2696, 72, 635, t4=t3+(1, 3))	3	166
(750, 31, 3984, t1) & (2007, 139, 2145, t2=t1+(0, 10)) & (2007, 198, 750, t3=t2+(0, 5)) -> (3984, 31, 2007, t4=t3+(1, 5))	3	167
(1770, 162, 556, t1) & (3986, 95, 203, t2=t1+(0, 3)) & (3986, 19, 1770, t3=t2+(0, 4)) -> (556, 162, 203, t4=t3+(1, 3))	3	168
(3774, 23, 47, t1) & (1862, 28, 1843, t2=t1+(0, 9)) & (47, 127, 1843, t3=t2+(0, 6)) -> (47, 23, 1843, t4=t3+(1, 6))	3	169
(387, 84, 2108, t1) & (4952, 178, 876, t2=t1+(0, 4)) & (876, 62, 2108, t3=t2+(0, 3)) -> (387, 178, 2108, t4=t3+(1, 7))	3	170
(4395, 170, 3697, t1) & (578, 190, 2268, t2=t1+(0, 2)) & (3697, 136, 578, t3=t2+(0, 7)) -> (3697, 170, 578, t4=t3+(1, 5))	3	171
(4314, 50, 4441, t1) & (4970, 106, 4851, t2=t1+(0, 3)) & (4314, 156, 4851, t3=t2+(0, 4)) -> (4314, 106, 4441, t4=t3+(1, 4))	3	172
(4929, 6, 1844, t1) & (1951, 97, 1912, t2=t1+(0, 1)) & (1912, 192, 4929, t3=t2+(0, 3)) -> (4929, 6, 1912, t4=t3+(1, 3))	3	173
(1416, 20, 4724, t1) & (1696, 1, 300, t2=t1+(0, 9)) & (1696, 6, 1416, t3=t2+(0, 5)) -> (1696, 6, 1416, t4=t3+(1, 3))	3	174
(1293, 103, 4941, t1) & (4583, 155, 4815, t2=t1+(0, 8)) & (1293, 171, 4583, t3=t2+(0, 6)) -> (1293, 171, 4815, t4=t3+(1, 8))	3	175
(4052, 9, 3460, t1) & (3838, 192, 4636, t2=t1+(0, 5)) & (4052, 65, 3838, t3=t2+(0, 5)) -> (4636, 192, 3838, t4=t3+(1, 2))	3	176
(3012, 192, 4038, t1) & (2332, 15, 518, t2=t1+(0, 4)) & (2332, 112, 3012, t3=t2+(0, 10)) -> (3012, 112, 4038, t4=t3+(1, 4))	3	177
(1212, 100, 3962, t1) & (1720, 188, 1593, t2=t1+(0, 1)) & (1593, 149, 3962, t3=t2+(0, 3)) -> (1593, 149, 3962, t4=t3+(1, 8))	3	178
(1012, 153, 925, t1) & (27, 196, 823, t2=t1+(0, 6)) & (925, 16, 27, t3=t2+(0, 4)) -> (925, 153, 1012, t4=t3+(1, 6))	3	179
(4752, 197, 2540, t1) & (1647, 140, 3623, t2=t1+(0, 6)) & (2540, 47, 3623, t3=t2+(0, 7)) -> (2540, 197, 2540, t4=t3+(1, 5))	3	180
(3617, 196, 1206, t1) & (250, 98, 2055, t2=t1+(0, 6)) & (3617, 169, 2055, t3=t2+(0, 7)) -> (2055, 169, 3617, t4=t3+(1, 8))	3	181
(1771, 59, 3920, t1) & (3428, 72, 1480, t2=t1+(0, 6)) & (1771, 54, 3428, t3=t2+(0, 4)) -> (3428, 59, 1771, t4=t3+(1, 6))	3	182
(1520, 38, 2662, t1) & (4216, 14, 536, t2=t1+(0, 6)) & (4216, 120, 1520, t3=t2+(0, 1)) -> (536, 120, 4216, t4=t3+(1, 8))	3	183
(2402, 107, 4542, t1) & (361, 9, 2670, t2=t1+(0, 4)) & (2402, 189, 361, t3=t2+(0, 10)) -> (4542, 9, 2402, t4=t3+(1, 2))	3	184
(1295, 165, 1281, t1) & (3503, 183, 1209, t2=t1+(0, 4)) & (3503, 139, 1281, t3=t2+(0, 7)) -> (1281, 165, 1295, t4=t3+(1, 1))	3	185
(1030, 110, 1717, t1) & (1006, 188, 1296, t2=t1+(0, 8)) & (1006, 132, 1030, t3=t2+(0, 4)) -> (1006, 132, 1030, t4=t3+(1, 6))	3	186
(2979, 152, 3050, t1) & (432, 117, 3542, t2=t1+(0, 6)) & (432, 157, 3050, t3=t2+(0, 7)) -> (3050, 157, 432, t4=t3+(1, 7))	3	187
(3482, 48, 3788, t1) & (2279, 150, 4329, t2=t1+(0, 4)) & (2279, 48, 3788, t3=t2+(0, 3)) -> (2279, 48, 2279, t4=t3+(1, 3))	3	188
(2574, 9, 4331, t1) & (1491, 82, 920, t2=t1+(0, 8)) & (1491, 187, 2574, t3=t2+(0, 3)) -> (2574, 9, 2574, t4=t3+(1, 5))	3	189
(3274, 113, 1121, t1) & (417, 34, 858, t2=t1+(0, 5)) & (3274, 58, 417, t3=t2+(0, 7)) -> (858, 34, 858, t4=t3+(1, 4))	3	190
(4969, 188, 4321, t1) & (1262, 76, 1935, t2=t1+(0, 4)) & (1262, 174, 4321, t3=t2+(0, 5)) -> (1262, 188, 1262, t4=t3+(1, 10))	3	191
(3381, 53, 3106, t1) & (4735, 3, 4368, t2=t1+(0, 6)) & (4735, 132, 3106, t3=t2+(0, 3)) -> (4368, 3, 4735, t4=t3+(1, 7))	3	192
(4040, 170, 2397, t1) & (1251, 11, 1969, t2=t1+(0, 7)) & (4040, 118, 1969, t3=t2+(0, 5)) -> (1969, 170, 1969, t4=t3+(1, 2))	3	193
(2406, 41, 3124, t1) & (1853, 65, 4113, t2=t1+(0, 5)) & (3124, 159, 4113, t3=t2+(0, 6)) -> (3124, 159, 4113, t4=t3+(1, 2))	3	194
(3426, 188, 4952, t1) & (1425, 48, 962, t2=t1+(0, 2)) & (962, 162, 3426, t3=t2+(0, 5)) -> (962, 188, 962, t4=t3+(1, 6))	3	195
(2764, 30, 3805, t1) & (3083, 162, 3170, t2=t1+(0, 7)) & (3083, 171, 2764, t3=t2+(0, 7)) -> (3805, 30, 3805, t4=t3+(1, 5))	3	196
(802, 59, 1561, t1) & (421, 45, 4712, t2=t1+(0, 4)) & (1561, 84, 4712, t3=t2+(0, 6)) -> (1561, 45, 421, t4=t3+(1, 1))	3	197
(2212, 28, 4919, t1) & (2866, 191, 4438, t2=t1+(0, 3)) & (2866, 43, 2212, t3=t2+(0, 2)) -> (4438, 191, 2212, t4=t3+(1, 4))	3	198
(3389, 32, 719, t1) & (980, 0, 4415, t2=t1+(0, 4)) & (3389, 29, 4415, t3=t2+(0, 3)) -> (4415, 29, 3389, t4=t3+(1, 4))	3	199
(4448, 47, 1469, t1) & (1391, 18, 4448, t2=t1+(0, 9)) -> (4448, 47, 1469, t3=t2+(1, 2))	2	200
(724, 40, 963, t1) & (2233, 67, 963, t2=t1+(0, 6)) -> (2233, 40, 724, t3=t2+(1, 1))	2	201
(3972, 164, 1966, t1) & (3972, 176, 3972, t2=t1+(0, 2)) -> (3972, 176, 1966, t3=t2+(1, 3))	2	202
(149, 81, 3644, t1) & (512, 90, 149, t2=t1+(0, 4)) -> (3644, 90, 149, t3=t2+(1, 4))	2	203
(3951, 56, 314, t1) & (3951, 97, 1283, t2=t1+(0, 6)) -> (1283, 56, 3951, t3=t2+(1, 2))	2	204
(4528, 11, 1772, t1) & (4528, 45, 4528, t2=t1+(0, 6)) -> (4528, 45, 4528, t3=t2+(1, 4))	2	205
(3262, 20, 2276, t1) & (2276, 121, 3183, t2=t1+(0, 6)) -> (2276, 121, 3262, t3=t2+(1, 2))	2	206
(2008, 41, 1159, t1) & (1159, 169, 1693, t2=t1+(0, 5)) -> (1693, 169, 1159, t3=t2+(1, 5))	2	207
(2458, 61, 4629, t1) & (4629, 180, 4629, t2=t1+(0, 7)) -> (4629, 61, 4629, t3=t2+(1, 6))	2	208
(1223, 90, 418, t1) & (4515, 88, 418, t2=t1+(0, 2)) -> (418, 90, 418, t3=t2+(1, 3))	2	209
(2661, 105, 849, t1) & (849, 164, 2661, t2=t1+(0, 9)) -> (2661, 105, 2661, t3=t2+(1, 11))	2	210
(2367, 199, 2728, t1) & (2367, 19, 4533, t2=t1+(0, 4)) -> (2367, 19, 2367, t3=t2+(1, 6))	2	211
(762, 51, 2633, t1) & (2633, 7, 762, t2=t1+(0, 2)) -> (762, 7, 2633, t3=t2+(1, 4))	2	212
(1880, 118, 3828, t1) & (464, 36, 3828, t2=t1+(0, 6)) -> (3828, 118, 3828, t3=t2+(1, 3))	2	213
(1174, 140, 3128, t1) & (3128, 188, 1497, t2=t1+(0, 9)) -> (3128, 188, 3128, t3=t2+(1, 2))	2	214
(3054, 154, 4793, t1) & (4793, 107, 2776, t2=t1+(0, 7)) -> (2776, 107, 4793, t3=t2+(1, 2))	2	215
(3030, 158, 4184, t1) & (2846, 86, 4184, t2=t1+(0, 3)) -> (4184, 158, 4184, t3=t2+(1, 5))	2	216
(2231, 48, 1788, t1) & (2231, 88, 1788, t2=t1+(0, 8)) -> (1788, 88, 1788, t3=t2+(1, 9))	2	217
(1382, 120, 519, t1) & (2896, 114, 1382, t2=t1+(0, 5)) -> (1382, 114, 1382, t3=t2+(1, 12))	2	218
(1589, 168, 3548, t1) & (3548, 33, 4606, t2=t1+(0, 2)) -> (4606, 168, 4606, t3=t2+(1, 6))	2	219
(2290, 138, 4955, t1) & (2290, 134, 4955, t2=t1+(0, 4)) -> (4955, 138, 4955, t3=t2+(1, 3))	2	220
(2907, 104, 1173, t1) & (1173, 37, 2521, t2=t1+(0, 3)) -> (1173, 104, 2521, t3=t2+(1, 4))	2	221
(884, 95, 431, t1) & (431, 49, 2025, t2=t1+(0, 2)) -> (431, 49, 2025, t3=t2+(1, 5))	2	222
(953, 141, 3407, t1) & (1208, 88, 953, t2=t1+(0, 5)) -> (953, 141, 953, t3=t2+(1, 5))	2	223
(2328, 23, 4332, t1) & (2328, 105, 1445, t2=t1+(0, 3)) -> (1445, 105, 2328, t3=t2+(1, 5))	2	224
(2258, 148, 4843, t1) & (4843, 111, 2258, t2=t1+(0, 8)) -> (4843, 148, 4843, t3=t2+(1, 3))	2	225
(3847, 99, 3212, t1) & (3847, 104, 1936, t2=t1+(0, 5)) -> (1936, 104, 3847, t3=t2+(1, 1))	2	226
(4799, 171, 2630, t1) & (4799, 78, 2630, t2=t1+(0, 8)) -> (4799, 78, 4799, t3=t2+(1, 7))	2	227
(776, 165, 1860, t1) & (1860, 58, 781, t2=t1+(0, 6)) -> (776, 58, 1860, t3=t2+(1, 4))	2	228
(1381, 120, 74, t1) & (4023, 146, 1381, t2=t1+(0, 6)) -> (1381, 146, 1381, t3=t2+(1, 5))	2	229
(4949, 5, 4474, t1) & (4474, 182, 2673, t2=t1+(0, 6)) -> (4949, 182, 2673, t3=t2+(1, 6))	2	230
(3537, 91, 803, t1) & (3347, 37, 803, t2=t1+(0, 4)) -> (803, 37, 803, t3=t2+(1, 11))	2	231
(623, 14, 4546, t1) & (623, 199, 623, t2=t1+(0, 2)) -> (623, 14, 4546, t3=t2+(1, 4))	2	232
(2236, 186, 1938, t1) & (4474, 37, 2236, t2=t1+(0, 4)) -> (2236, 186, 2236, t3=t2+(1, 2))	2	233
(1395, 125, 4160, t1) & (236, 78, 1395, t2=t1+(0, 3)) -> (4160, 78, 4160, t3=t2+(1, 5))	2	234
(2644, 126, 3119, t1) & (2644, 140, 205, t2=t1+(0, 6)) -> (3119, 140, 2644, t3=t2+(1, 2))	2	235
(2980, 140, 68, t1) & (1137, 105, 68, t2=t1+(0, 2)) -> (68, 140, 1137, t3=t2+(1, 6))	2	236
(350, 192, 3047, t1) & (3047, 172, 350, t2=t1+(0, 6)) -> (3047, 192, 3047, t3=t2+(1, 3))	2	237
(3108, 1, 1812, t1) & (4497, 40, 3108, t2=t1+(0, 6)) -> (3108, 1, 1812, t3=t2+(1, 7))	2	238
(2932, 127, 3994, t1) & (579, 14, 3994, t2=t1+(0, 5)) -> (3994, 14, 579, t3=t2+(1, 5))	2	239
(4173, 180, 1458, t1) & (1458, 113, 4663, t2=t1+(0, 9)) -> (1458, 113, 1458, t3=t2+(1, 7))	2	240
(17, 83, 4502, t1) & (3513, 140, 17, t2=t1+(0, 4)) -> (17, 83, 4502, t3=t2+(1, 4))	2	241
(3517, 124, 2374, t1) & (2374, 107, 4702, t2=t1+(0, 4)) -> (4702, 124, 2374, t3=t2+(1, 6))	2	242
(2589, 150, 3949, t1) & (2589, 30, 1018, t2=t1+(0, 4)) -> (1018, 30, 2589, t3=t2+(1, 3))	2	243
(3639, 109, 806, t1) & (806, 28, 806, t2=t1+(0, 3)) -> (806, 28, 3639, t3=t2+(1, 2))	2	244
(55, 168, 4499, t1) & (4499, 12, 4852, t2=t1+(0, 7)) -> (4499, 12, 4499, t3=t2+(1, 2))	2	245
(4523, 145, 3292, t1) & (4523, 94, 4523, t2=t1+(0, 9)) -> (4523, 94, 4523, t3=t2+(1, 4))	2	246
(2138, 40, 1281, t1) & (2138, 34, 1021, t2=t1+(0, 4)) -> (1281, 40, 2138, t3=t2+(1, 3))	2	247
(4245, 133, 4619, t1) & (4619, 58, 4619, t2=t1+(0, 5)) -> (4619, 58, 4245, t3=t2+(1, 4))	2	248
(2171, 59, 1600, t1) & (2171, 103, 1600, t2=t1+(0, 5)) -> (1600, 103, 1600, t3=t2+(1, 2))	2	249
(3402, 2, 3475, t1) & (998, 187, 3402, t2=t1+(0, 2)) -> (3402, 2, 998, t3=t2+(1, 6))	2	250
(4348, 59, 1057, t1) & (4348, 187, 1057, t2=t1+(0, 4)) -> (1057, 187, 4348, t3=t2+(1, 5))	2	251
(4636, 137, 4637, t1) & (4785, 95, 4637, t2=t1+(0, 5)) -> (4637, 137, 4636, t3=t2+(1, 2))	2	252
(3054, 131, 4581, t1) & (976, 198, 3054, t2=t1+(0, 2)) -> (3054, 131, 976, t3=t2+(1, 10))	2	253
(940, 4, 4473, t1) & (2104, 192, 940, t2=t1+(0, 3)) -> (940, 4, 2104, t3=t2+(1, 4))	2	254
(4048, 11, 3333, t1) & (4188, 87, 3333, t2=t1+(0, 3)) -> (3333, 11, 3333, t3=t2+(1, 3))	2	255
(4722, 188, 2603, t1) & (4370, 148, 4722, t2=t1+(0, 4)) -> (4722, 188, 4722, t3=t2+(1, 4))	2	256
(864, 68, 4631, t1) & (864, 188, 864, t2=t1+(0, 5)) -> (864, 68, 864, t3=t2+(1, 3))	2	257
(4672, 104, 943, t1) & (604, 122, 4672, t2=t1+(0, 4)) -> (4672, 104, 943, t3=t2+(1, 3))	2	258
(3247, 28, 4941, t1) & (2063, 47, 3247, t2=t1+(0, 7)) -> (2063, 28, 3247, t3=t2+(1, 4))	2	259
(2701, 189, 4350, t1) & (4350, 132, 4403, t2=t1+(0, 3)) -> (4403, 189, 4403, t3=t2+(1, 4))	2	260
(675, 90, 2954, t1) & (675, 127, 1178, t2=t1+(0, 9)) -> (675, 90, 675, t3=t2+(1, 6))	2	261
(293, 19, 3883, t1) & (293, 128, 1117, t2=t1+(0, 6)) -> (293, 128, 293, t3=t2+(1, 8))	2	262
(1981, 151, 4650, t1) & (1981, 38, 987, t2=t1+(0, 7)) -> (1981, 38, 1981, t3=t2+(1, 3))	2	263
(367, 182, 2079, t1) & (1293, 141, 2079, t2=t1+(0, 6)) -> (2079, 141, 1293, t3=t2+(1, 11))	2	264
(1481, 59, 3669, t1) & (1851, 44, 1481, t2=t1+(0, 5)) -> (3669, 59, 1481, t3=t2+(1, 5))	2	265
(1772, 54, 3719, t1) & (3719, 54, 1772, t2=t1+(0, 6)) -> (1772, 54, 1772, t3=t2+(1, 4))	2	266
(4071, 78, 1260, t1) & (1266, 112, 1260, t2=t1+(0, 6)) -> (1266, 78, 1266, t3=t2+(1, 5))	2	267
(3452, 152, 1067, t1) & (1067, 118, 1067, t2=t1+(0, 6)) -> (1067, 152, 3452, t3=t2+(1, 8))	2	268
(1506, 100, 603, t1) & (2308, 114, 1506, t2=t1+(0, 4)) -> (1506, 114, 1506, t3=t2+(1, 3))	2	269
(2594, 141, 1524, t1) & (2434, 26, 2594, t2=t1+(0, 4)) -> (1524, 141, 2594, t3=t2+(1, 5))	2	270
(2127, 151, 1398, t1) & (1398, 137, 2110, t2=t1+(0, 4)) -> (2110, 137, 1398, t3=t2+(1, 5))	2	271
(3774, 114, 622, t1) & (3774, 26, 4907, t2=t1+(0, 5)) -> (3774, 114, 622, t3=t2+(1, 7))	2	272
(2075, 38, 1790, t1) & (2978, 195, 1790, t2=t1+(0, 5)) -> (1790, 195, 2978, t3=t2+(1, 4))	2	273
(1969, 87, 1811, t1) & (1811, 160, 1811, t2=t1+(0, 3)) -> (1969, 87, 1811, t3=t2+(1, 10))	2	274
(4831, 41, 2151, t1) & (4831, 4, 4831, t2=t1+(0, 4)) -> (4831, 41, 4831, t3=t2+(1, 6))	2	275
(3267, 159, 4576, t1) & (3267, 63, 1594, t2=t1+(0, 8)) -> (1594, 159, 3267, t3=t2+(1, 5))	2	276
(4208, 72, 1748, t1) & (4208, 58, 1748, t2=t1+(0, 2)) -> (1748, 72, 1748, t3=t2+(1, 7))	2	277
(3882, 173, 618, t1) & (3882, 106, 3882, t2=t1+(0, 5)) -> (3882, 173, 3882, t3=t2+(1, 2))	2	278
(717, 188, 4826, t1) & (888, 114, 717, t2=t1+(0, 6)) -> (717, 114, 717, t3=t2+(1, 3))	2	279
(3505, 155, 98, t1) & (98, 14, 3505, t2=t1+(0, 6)) -> (3505, 14, 3505, t3=t2+(1, 9))	2	280
(3411, 85, 2187, t1) & (2187, 55, 2381, t2=t1+(0, 7)) -> (2381, 55, 2187, t3=t2+(1, 8))	2	281
(2154, 163, 4152, t1) & (4765, 105, 2154, t2=t1+(0, 2)) -> (2154, 163, 4765, t3=t2+(1, 1))	2	282
(3204, 78, 2936, t1) & (3435, 12, 2936, t2=t1+(0, 12)) -> (3204, 12, 3435, t3=t2+(1, 1))	2	283
(2155, 115, 1772, t1) & (1772, 82, 53, t2=t1+(0, 5)) -> (1772, 115, 53, t3=t2+(1, 7))	2	284
(112, 73, 98, t1) & (4042, 116, 112, t2=t1+(0, 6)) -> (4042, 116, 4042, t3=t2+(1, 5))	2	285
(3325, 157, 3324, t1) & (3493, 115, 3325, t2=t1+(0, 4)) -> (3324, 115, 3324, t3=t2+(1, 2))	2	286
(2364, 145, 3821, t1) & (2364, 182, 2364, t2=t1+(0, 7)) -> (3821, 145, 2364, t3=t2+(1, 4))	2	287
(3223, 94, 2771, t1) & (2771, 143, 1389, t2=t1+(0, 4)) -> (2771, 94, 2771, t3=t2+(1, 5))	2	288
(1464, 94, 2749, t1) & (4003, 119, 2749, t2=t1+(0, 6)) -> (1464, 94, 1464, t3=t2+(1, 3))	2	289
(2093, 102, 3928, t1) & (2093, 10, 1723, t2=t1+(0, 5)) -> (1723, 102, 1723, t3=t2+(1, 6))	2	290
(4112, 128, 2879, t1) & (2879, 132, 3107, t2=t1+(0, 6)) -> (4112, 128, 2879, t3=t2+(1, 5))	2	291
(1352, 16, 985, t1) & (1352, 64, 252, t2=t1+(0, 4)) -> (252, 64, 1352, t3=t2+(1, 5))	2	292
(24, 75, 1827, t1) & (1827, 198, 1827, t2=t1+(0, 3)) -> (24, 198, 1827, t3=t2+(1, 6))	2	293
(2970, 13, 3992, t1) & (3992, 22, 2681, t2=t1+(0, 2)) -> (2681, 13, 2970, t3=t2+(1, 2))	2	294
(63, 133, 2528, t1) & (63, 67, 2528, t2=t1+(0, 3)) -> (63, 67, 63, t3=t2+(1, 2))	2	295
(2091, 123, 2202, t1) & (1005, 63, 2202, t2=t1+(0, 6)) -> (2091, 63, 2091, t3=t2+(1, 5))	2	296
(4237, 132, 459, t1) & (4237, 159, 459, t2=t1+(0, 7)) -> (4237, 132, 4237, t3=t2+(1, 5))	2	297
(2459, 109, 4748, t1) & (886, 18, 2459, t2=t1+(0, 10)) -> (2459, 18, 886, t3=t2+(1, 10))	2	298
(249, 153, 2165, t1) & (249, 174, 2855, t2=t1+(0, 5)) -> (249, 153, 249, t3=t2+(1, 4))	2	299
(4771, 115, 2817, t1) -> (4771, 115, 4771, t2=t1+(1, 3))	1	300
(3889, 184, 4810, t1) -> (4810, 184, 4810, t2=t1+(1, 10))	1	301
(653, 135, 1342, t1) -> (1342, 135, 1342, t2=t1+(1, 8))	1	302
(1324, 73, 1345, t1) -> (1345, 73, 1345, t2=t1+(1, 5))	1	303
(3237, 168, 96, t1) -> (3237, 168, 96, t2=t1+(1, 5))	1	304
(4111, 40, 2797, t1) -> (4111, 40, 4111, t2=t1+(1, 10))	1	305
(2047, 143, 4897, t1) -> (2047, 143, 4897, t2=t1+(1, 2))	1	306
(3040, 28, 443, t1) -> (443, 28, 443, t2=t1+(1, 4))	1	307
(2116, 88, 2912, t1) -> (2912, 88, 2116, t2=t1+(1, 6))	1	308
(1210, 167, 193, t1) -> (193, 167, 193, t2=t1+(1, 7))	1	309
(2892, 44, 1530, t1) -> (1530, 44, 2892, t2=t1+(1, 5))	1	310
(732, 178, 4523, t1) -> (732, 178, 732, t2=t1+(1, 6))	1	311
(2483, 79, 3404, t1) -> (3404, 79, 2483, t2=t1+(1, 5))	1	312
(3935, 21, 4140, t1) -> (3935, 21, 3935, t2=t1+(1, 4))	1	313
(4756, 39, 2360, t1) -> (4756, 39, 4756, t2=t1+(1, 4))	1	314
(2936, 85, 4100, t1) -> (4100, 85, 2936, t2=t1+(1, 5))	1	315
(4626, 18, 224, t1) -> (4626, 18, 224, t2=t1+(1, 4))	1	316
(2961, 69, 2626, t1) -> (2626, 69, 2961, t2=t1+(1, 4))	1	317
(1208, 41, 804, t1) -> (804, 41, 804, t2=t1+(1, 3))	1	318
(4458, 20, 3657, t1) -> (4458, 20, 3657, t2=t1+(1, 4))	1	319
(3993, 167, 2502, t1) -> (2502, 167, 3993, t2=t1+(1, 3))	1	320
(4790, 6, 2010, t1) -> (2010, 6, 4790, t2=t1+(1, 8))	1	321
(3657, 85, 1138, t1) -> (3657, 85, 3657, t2=t1+(1, 2))	1	322
(1191, 155, 883, t1) -> (1191, 155, 1191, t2=t1+(1, 4))	1	323
(1907, 64, 260, t1) -> (1907, 64, 260, t2=t1+(1, 1))	1	324
(4850, 155, 1077, t1) -> (4850, 155, 4850, t2=t1+(1, 3))	1	325
(1056, 18, 4071, t1) -> (1056, 18, 1056, t2=t1+(1, 7))	1	326
(966, 100, 2017, t1) -> (2017, 100, 2017, t2=t1+(1, 2))	1	327
(344, 101, 4835, t1) -> (344, 101, 344, t2=t1+(1, 3))	1	328
(3923, 160, 3608, t1) -> (3608, 160, 3608, t2=t1+(1, 3))	1	329
(2618, 80, 3932, t1) -> (3932, 80, 3932, t2=t1+(1, 6))	1	330
(2591, 161, 2108, t1) -> (2108, 161, 2591, t2=t1+(1, 6))	1	331
(396, 195, 1760, t1) -> (1760, 195, 396, t2=t1+(1, 7))	1	332
(4428, 142, 2536, t1) -> (2536, 142, 4428, t2=t1+(1, 6))	1	333
(956, 24, 2195, t1) -> (2195, 24, 956, t2=t1+(1, 5))	1	334
(1274, 39, 577, t1) -> (1274, 39, 577, t2=t1+(1, 7))	1	335
(3121, 111, 4432, t1) -> (3121, 111, 3121, t2=t1+(1, 5))	1	336
(2862, 182, 3687, t1) -> (2862, 182, 2862, t2=t1+(1, 8))	1	337
(1431, 37, 835, t1) -> (1431, 37, 835, t2=t1+(1, 5))	1	338
(1520, 46, 2356, t1) -> (1520, 46, 1520, t2=t1+(1, 3))	1	339
(822, 26, 431, t1) -> (431, 26, 431, t2=t1+(1, 4))	1	340
(3431, 194, 2391, t1) -> (2391, 194, 2391, t2=t1+(1, 6))	1	341
(4829, 107, 2795, t1) -> (4829, 107, 2795, t2=t1+(1, 2))	1	342
(4775, 184, 1433, t1) -> (4775, 184, 1433, t2=t1+(1, 8))	1	343
(3286, 71, 3860, t1) -> (3286, 71, 3860, t2=t1+(1, 6))	1	344
(1227, 17, 142, t1) -> (142, 17, 1227, t2=t1+(1, 7))	1	345
(270, 91, 1530, t1) -> (1530, 91, 270, t2=t1+(1, 5))	1	346
(2754, 34, 4617, t1) -> (2754, 34, 2754, t2=t1+(1, 2))	1	347
(4657, 44, 2241, t1) -> (4657, 44, 2241, t2=t1+(1, 6))	1	348
(2022, 14, 975, t1) -> (975, 14, 975, t2=t1+(1, 3))	1	349
