(1486, 24, 3827, t1) & (4234, 77, 4901, t2=t1+(0, 4)) & (3827, 137, 4234, t3=t2+(0, 7)) -> (3827, 24, 4234, t4=t3+(1, 5))	3	0
(4905, 151, 73, t1) & (4367, 56, 4159, t2=t1+(0, 4)) & (4367, 107, 73, t3=t2+(0, 2)) -> (4159, 56, 73, t4=t3+(1, 7))	3	1
(1939, 130, 4974, t1) & (29, 164, 1325, t2=t1+(0, 4)) & (1325, 55, 4974, t3=t2+(0, 4)) -> (1325, 55, 4974, t4=t3+(1, 3))	3	2
(2237, 116, 4363, t1) & (307, 4, 1662, t2=t1+(0, 4)) & (1662, 76, 2237, t3=t2+(0, 3)) -> (1662, 116, 1662, t4=t3+(1, 5))	3	3
(3195, 59, 1050, t1) & (1285, 104, 47, t2=t1+(0, 5)) & (1050, 160, 47, t3=t2+(0, 9)) -> (1050, 160, 3195, t4=t3+(1, 2))	3	4
(2810, 161, 285, t1) & (4967, 104, 1941, t2=t1+(0, 4)) & (285, 81, 1941, t3=t2+(0, 6)) -> (1941, 104, 4967, t4=t3+(1, 4))	3	5
(2260, 92, 386, t1) & (4236, 117, 152, t2=t1+(0, 5)) & (152, 52, 386, t3=t2+(0, 6)) -> (4236, 117, 152, t4=t3+(1, 5))	3	6
(4342, 98, 3535, t1) & (81, 164, 1060, t2=t1+(0, 1)) & (81, 8, 4342, t3=t2+(0, 6)) -> (1060, 164, 3535, t4=t3+(1, 6))	3	7
(4811, 170, 4066, t1) & (1608, 27, 648, t2=t1+(0, 4)) & (1608, 155, 4811, t3=t2+(0, 8)) -> (1608, 27, 4811, t4=t3+(1, 1))	3	8
(2952, 79, 1442, t1) & (4001, 68, 3966, t2=t1+(0, 8)) & (1442, 65, 4001, t3=t2+(0, 7)) -> (2952, 79, 4001, t4=t3+(1, 5))	3	9
(1812, 157, 4089, t1) & (3618, 195, 1015, t2=t1+(0, 2)) & (1015, 117, 1812, t3=t2+(0, 4)) -> (1015, 117, 1015, t4=t3+(1, 4))	3	10
(3114, 15, 2727, t1) & (3507, 135, 2437, t2=t1+(0, 7)) & (3507, 97, 3114, t3=t2+(0, 7)) -> (3114, 15, 3507, t4=t3+(1, 2))	3	11
(2948, 142, 3743, t1) & (2615, 75, 3232, t2=t1+(0, 7)) & (2948, 25, 3232, t3=t2+(0, 5)) -> (3232, 25, 2948, t4=t3+(1, 1))	3	12
(744, 9, 2930, t1) & (1572, 122, 2255, t2=t1+(0, 9)) & (1572, 184, 2930, t3=t2+(0, 4)) -> (1572, 122, 2255, t4=t3+(1, 2))	3	13
(2054, 59, 2508, t1) & (3627, 9, 4283, t2=t1+(0, 1)) & (4283, 126, 2508, t3=t2+(0, 6)) -> (4283, 126, 2508, t4=t3+(1, 2))	3	14
(3423, 108, 3321, t1) & (3817, 151, 4238, t2=t1+(0, 6)) & (4238, 146, 3321, t3=t2+(0, 3)) -> (3321, 146, 3423, t4=t3+(1, 4))	3	15
(4490, 76, 4135, t1) & (4993, 194, 4719, t2=t1+(0, 3)) & (4993, 81, 4490, t3=t2+(0, 3)) -> (4993, 194, 4490, t4=t3+(1, 6))	3	16
(395, 35, 2190, t1) & (225, 119, 3491, t2=t1+(0, 4)) & (3491, 49, 395, t3=t2+(0, 7)) -> (2190, 35, 2190, t4=t3+(1, 6))	3	17
(2660, 106, 1215, t1) & (2657, 187, 4635, t2=t1+(0, 2)) & (2660, 9, 2657, t3=t2+(0, 3)) -> (2660, 187, 2660, t4=t3+(1, 7))	3	18
(1134, 10, 282, t1) & (2327, 60, 1157, t2=t1+(0, 6)) & (282, 155, 1157, t3=t2+(0, 8)) -> (1157, 155, 282, t4=t3+(1, 7))	3	19
(3628, 123, 3788, t1) & (4980, 168, 4445, t2=t1+(0, 5)) & (3628, 122, 4980, t3=t2+(0, 9)) -> (3628, 168, 4980, t4=t3+(1, 2))	3	20
(786, 181, 2661, t1) & (1069, 112, 4816, t2=t1+(0, 4)) & (2661, 85, 4816, t3=t2+(0, 5)) -> (2661, 85, 2661, t4=t3+(1, 7))	3	21
(2766, 19, 685, t1) & (962, 95, 3980, t2=t1+(0, 7)) & (685, 69, 3980, t3=t2+(0, 3)) -> (685, 69, 962, t4=t3+(1, 3))	3	22
(1205, 79, 1865, t1) & (859, 156, 3661, t2=t1+(0, 3)) & (1865, 175, 859, t3=t2+(0, 4)) -> (1205, 175, 1865, t4=t3+(1, 5))	3	23
(3998, 194, 2223, t1) & (3370, 187, 4091, t2=t1+(0, 5)) & (3998, 8, 3370, t3=t2+(0, 5)) -> (3370, 187, 2223, t4=t3+(1, 4))	3	24
(1738, 89, 4620, t1) & (4731, 133, 2708, t2=t1+(0, 4)) & (4731, 125, 1738, t3=t2+(0, 10)) -> (4731, 125, 2708, t4=t3+(1, 4))	3	25
(1076, 156, 1928, t1) & (736, 136, 2391, t2=t1+(0, 2)) & (1928, 46, 736, t3=t2+(0, 4)) -> (736, 46, 736, t4=t3+(1, 6))	3	26
(2931, 16, 1989, t1) & (538, 92, 782, t2=t1+(0, 6)) & (782, 21, 1989, t3=t2+(0, 2)) -> (1989, 16, 538, t4=t3+(1, 6))	3	27
(3090, 57, 2276, t1) & (683, 29, 4147, t2=t1+(0, 4)) & (4147, 151, 3090, t3=t2+(0, 5)) -> (3090, 57, 2276, t4=t3+(1, 2))	3	28
(1532, 43, 2107, t1) & (2402, 174, 3585, t2=t1+(0, 2)) & (2107, 166, 2402, t3=t2+(0, 8)) -> (2107, 166, 2402, t4=t3+(1, 7))	3	29
(2270, 36, 2066, t1) & (1847, 1, 1646, t2=t1+(0, 2)) & (1847, 99, 2270, t3=t2+(0, 6)) -> (2270, 36, 2270, t4=t3+(1, 4))	3	30
(910, 112, 2779, t1) & (4437, 136, 2189, t2=t1+(0, 5)) & (2189, 123, 2779, t3=t2+(0, 4)) -> (2189, 123, 4437, t4=t3+(1, 5))	3	31
(1320, 164, 1000, t1) & (1733, 44, 3965, t2=t1+(0, 5)) & (1000, 110, 1733, t3=t2+(0, 7)) -> (1733, 110, 1320, t4=t3+(1, 9))	3	32
(116, 154, 2439, t1) & (1924, 67, 35, t2=t1+(0, 4)) & (2439, 34, 1924, t3=t2+(0, 6)) -> (2439, 154, 116, t4=t3+(1, 7))	3	33
(3406, 158, 3218, t1) & (513, 87, 3622, t2=t1+(0, 2)) & (3622, 114, 3218, t3=t2+(0, 6)) -> (3622, 87, 3218, t4=t3+(1, 7))	3	34
(4027, 181, 3277, t1) & (2017, 150, 2138, t2=t1+(0, 1)) & (2017, 180, 3277, t3=t2+(0, 4)) -> (2138, 181, 2017, t4=t3+(1, 3))	3	35
(4419, 48, 3810, t1) & (3026, 196, 4875, t2=t1+(0, 5)) & (4875, 94, 3810, t3=t2+(0, 8)) -> (4875, 94, 4419, t4=t3+(1, 4))	3	36
(520, 130, 2739, t1) & (4513, 47, 2899, t2=t1+(0, 6)) & (4513, 114, 520, t3=t2+(0, 3)) -> (4513, 47, 520, t4=t3+(1, 4))	3	37
(63, 167, 3029, t1) & (1753, 53, 3402, t2=t1+(0, 6)) & (3029, 6, 1753, t3=t2+(0, 6)) -> (63, 167, 3029, t4=t3+(1, 7))	3	38
(760, 163, 3712, t1) & (1196, 67, 4482, t2=t1+(0, 6)) & (4482, 45, 760, t3=t2+(0, 0)) -> (760, 67, 4482, t4=t3+(1, 7))	3	39
(3097, 24, 2436, t1) & (834, 52, 2422, t2=t1+(0, 6)) & (2436, 151, 2422, t3=t2+(0, 3)) -> (834, 151, 2436, t4=t3+(1, 5))	3	40
(1212, 74, 331, t1) & (508, 16, 2656, t2=t1+(0, 3)) & (1212, 113, 508, t3=t2+(0, 7)) -> (508, 74, 508, t4=t3+(1, 8))	3	41
(1879, 140, 637, t1) & (1800, 38, 3971, t2=t1+(0, 6)) & (637, 60, 3971, t3=t2+(0, 7)) -> (1879, 38, 637, t4=t3+(1, 6))	3	42
(1095, 108, 3721, t1) & (4939, 177, 3660, t2=t1+(0, 9)) & (3721, 63, 3660, t3=t2+(0, 1)) -> (1095, 177, 3721, t4=t3+(1, 7))	3	43
(253, 173, 746, t1) & (3265, 96, 3386, t2=t1+(0, 6)) & (253, 80, 3265, t3=t2+(0, 6)) -> (3386, 173, 253, t4=t3+(1, 3))	3	44
(646, 9, 870, t1) & (119, 104, 3328, t2=t1+(0, 3)) & (870, 43, 3328, t3=t2+(0, 7)) -> (119, 9, 646, t4=t3+(1, 4))	3	45
(418, 4, 2579, t1) & (823, 157, 4673, t2=t1+(0, 9)) & (2579, 42, 4673, t3=t2+(0, 4)) -> (2579, 157, 2579, t4=t3+(1, 5))	3	46
(3039, 156, 69, t1) & (1416, 36, 4870, t2=t1+(0, 2)) & (4870, 118, 3039, t3=t2+(0, 6)) -> (1416, 118, 1416, t4=t3+(1, 3))	3	47
(2020, 15, 976, t1) & (1795, 139, 1626, t2=t1+(0, 7)) & (1626, 116, 2020, t3=t2+(0, 0)) -> (1626, 139, 1795, t4=t3+(1, 11))	3	48
(1275, 0, 2608, t1) & (2118, 74, 1900, t2=t1+(0, 4)) & (2118, 23, 2608, t3=t2+(0, 5)) -> (2608, 74, 2608, t4=t3+(1, 6))	3	49
(921, 166, 1467, t1) & (1217, 171, 921, t2=t1+(0, 5)) -> (921, 166, 1467, t3=t2+(1, 9))	2	50
(2018, 126, 1459, t1) & (2968, 192, 1459, t2=t1+(0, 3)) -> (2018, 192, 2968, t3=t2+(1, 7))	2	51
(2955, 32, 144, t1) & (2955, 47, 144, t2=t1+(0, 10)) -> (2955, 32, 144, t3=t2+(1, 5))	2	52
(3023, 183, 619, t1) & (619, 166, 3023, t2=t1+(0, 11)) -> (619, 166, 619, t3=t2+(1, 6))	2	53
(1098, 99, 3030, t1) & (3030, 168, 1823, t2=t1+(0, 5)) -> (1098, 99, 3030, t3=t2+(1, 7))	2	54
(100, 144, 2448, t1) & (1024, 150, 100, t2=t1+(0, 5)) -> (100, 150, 100, t3=t2+(1, 4))	2	55
(1070, 50, 4395, t1) & (2970, 27, 1070, t2=t1+(0, 8)) -> (1070, 50, 1070, t3=t2+(1, 9))	2	56
(2818, 92, 3502, t1) & (428, 119, 2818, t2=t1+(0, 6)) -> (3502, 92, 3502, t3=t2+(1, 4))	2	57
(380, 21, 430, t1) & (4493, 182, 430, t2=t1+(0, 4)) -> (380, 21, 380, t3=t2+(1, 3))	2	58
(1719, 165, 3254, t1) & (120, 104, 3254, t2=t1+(0, 6)) -> (1719, 104, 3254, t3=t2+(1, 8))	2	59
(4276, 84, 562, t1) & (562, 156, 940, t2=t1+(0, 7)) -> (940, 156, 562, t3=t2+(1, 5))	2	60
(1799, 170, 2330, t1) & (2088, 165, 2330, t2=t1+(0, 6)) -> (2088, 165, 2330, t3=t2+(1, 5))	2	61
(2751, 24, 463, t1) & (626, 147, 2751, t2=t1+(0, 6)) -> (463, 24, 2751, t3=t2+(1, 3))	2	62
(4893, 46, 1840, t1) & (1840, 152, 3107, t2=t1+(0, 7)) -> (1840, 152, 1840, t3=t2+(1, 4))	2	63
(3140, 155, 4451, t1) & (4451, 64, 3140, t2=t1+(0, 3)) -> (4451, 155, 3140, t3=t2+(1, 5))	2	64
(3244, 155, 2413, t1) & (2413, 175, 2815, t2=t1+(0, 6)) -> (2413, 175, 3244, t3=t2+(1, 6))	2	65
(97, 177, 539, t1) & (539, 119, 1867, t2=t1+(0, 4)) -> (539, 177, 539, t3=t2+(1, 7))	2	66
(1909, 92, 2810, t1) & (1909, 58, 1909, t2=t1+(0, 5)) -> (1909, 58, 1909, t3=t2+(1, 5))	2	67
(4714, 162, 3105, t1) & (3105, 98, 4714, t2=t1+(0, 4)) -> (3105, 98, 3105, t3=t2+(1, 7))	2	68
(725, 123, 2203, t1) & (2203, 166, 2203, t2=t1+(0, 5)) -> (2203, 123, 725, t3=t2+(1, 6))	2	69
(2284, 176, 987, t1) & (840, 16, 987, t2=t1+(0, 3)) -> (2284, 176, 2284, t3=t2+(1, 6))	2	70
(3371, 197, 3405, t1) & (3405, 124, 3405, t2=t1+(0, 5)) -> (3405, 124, 3405, t3=t2+(1, 5))	2	71
(1560, 144, 2856, t1) & (2856, 19, 1560, t2=t1+(0, 6)) -> (1560, 19, 1560, t3=t2+(1, 2))	2	72
(242, 198, 1288, t1) & (1288, 20, 242, t2=t1+(0, 6)) -> (1288, 198, 1288, t3=t2+(1, 6))	2	73
(3864, 80, 2497, t1) & (3864, 83, 2230, t2=t1+(0, 4)) -> (3864, 80, 3864, t3=t2+(1, 3))	2	74
(112, 28, 3875, t1) & (112, 177, 4718, t2=t1+(0, 2)) -> (3875, 177, 112, t3=t2+(1, 7))	2	75
(2849, 66, 2271, t1) & (2271, 156, 2271, t2=t1+(0, 4)) -> (2271, 66, 2271, t3=t2+(1, 1))	2	76
(2128, 37, 3521, t1) & (3521, 101, 4831, t2=t1+(0, 5)) -> (4831, 101, 4831, t3=t2+(1, 8))	2	77
(4002, 48, 2078, t1) & (2078, 60, 4002, t2=t1+(0, 3)) -> (2078, 48, 4002, t3=t2+(1, 6))	2	78
(4628, 52, 518, t1) & (4628, 149, 575, t2=t1+(0, 4)) -> (4628, 149, 4628, t3=t2+(1, 6))	2	79
(4380, 61, 417, t1) & (4380, 115, 417, t2=t1+(0, 2)) -> (417, 61, 417, t3=t2+(1, 6))	2	80
(3752, 196, 670, t1) & (1766, 60, 3752, t2=t1+(0, 11)) -> (1766, 196, 3752, t3=t2+(1, 4))	2	81
(1707, 193, 1255, t1) & (1707, 163, 1452, t2=t1+(0, 2)) -> (1707, 193, 1255, t3=t2+(1, 6))	2	82
(4465, 183, 1351, t1) & (1351, 199, 3236, t2=t1+(0, 9)) -> (1351, 199, 3236, t3=t2+(1, 9))	2	83
(299, 158, 3820, t1) & (1254, 137, 3820, t2=t1+(0, 3)) -> (1254, 158, 1254, t3=t2+(1, 4))	2	84
(1767, 60, 3176, t1) & (4158, 174, 1767, t2=t1+(0, 1)) -> (1767, 174, 1767, t3=t2+(1, 5))	2	85
(1440, 115, 2625, t1) & (2625, 161, 1440, t2=t1+(0, 4)) -> (2625, 161, 1440, t3=t2+(1, 4))	2	86
(2390, 81, 2137, t1) & (2390, 180, 4109, t2=t1+(0, 5)) -> (4109, 81, 4109, t3=t2+(1, 6))	2	87
(2644, 173, 332, t1) & (2644, 37, 4826, t2=t1+(0, 0)) -> (332, 173, 4826, t3=t2+(1, 3))	2	88
(3243, 147, 1248, t1) & (1465, 129, 3243, t2=t1+(0, 6)) -> (1465, 147, 1465, t3=t2+(1, 6))	2	89
(3750, 185, 3437, t1) & (3437, 24, 2944, t2=t1+(0, 8)) -> (2944, 24, 3437, t3=t2+(1, 4))	2	90
(1317, 156, 4926, t1) & (1061, 47, 4926, t2=t1+(0, 4)) -> (4926, 156, 1061, t3=t2+(1, 3))	2	91
(246, 7, 3952, t1) & (3952, 25, 3231, t2=t1+(0, 11)) -> (3952, 25, 3231, t3=t2+(1, 7))	2	92
(1343, 163, 17, t1) & (791, 81, 1343, t2=t1+(0, 6)) -> (1343, 163, 17, t3=t2+(1, 3))	2	93
(4109, 103, 2555, t1) & (4109, 108, 1820, t2=t1+(0, 3)) -> (1820, 103, 4109, t3=t2+(1, 6))	2	94
(965, 126, 2503, t1) & (2503, 172, 2503, t2=t1+(0, 2)) -> (2503, 126, 2503, t3=t2+(1, 4))	2	95
(106, 137, 2949, t1) & (2949, 176, 4999, t2=t1+(0, 3)) -> (2949, 137, 4999, t3=t2+(1, 5))	2	96
(2488, 189, 848, t1) & (190, 59, 848, t2=t1+(0, 5)) -> (848, 189, 848, t3=t2+(1, 2))	2	97
(2141, 173, 2023, t1) & (2141, 56, 4037, t2=t1+(0, 7)) -> (2141, 56, 2141, t3=t2+(1, 4))	2	98
(3564, 5, 855, t1) & (855, 174, 3564, t2=t1+(0, 6)) -> (3564, 5, 855, t3=t2+(1, 6))	2	99
(1619, 18, 3512, t1) & (1619, 37, 3512, t2=t1+(0, 6)) -> (1619, 37, 1619, t3=t2+(1, 2))	2	100
(1312, 133, 835, t1) & (835, 57, 2864, t2=t1+(0, 6)) -> (835, 57, 1312, t3=t2+(1, 7))	2	101
(3729, 102, 858, t1) & (858, 6, 452, t2=t1+(0, 4)) -> (3729, 6, 858, t3=t2+(1, 4))	2	102
(870, 121, 1212, t1) & (870, 134, 2811, t2=t1+(0, 9)) -> (2811, 134, 2811, t3=t2+(1, 2))	2	103
(4891, 111, 3973, t1) & (3973, 20, 3340, t2=t1+(0, 5)) -> (3973, 20, 3340, t3=t2+(1, 6))	2	104
(2084, 49, 392, t1) & (3907, 45, 2084, t2=t1+(0, 3)) -> (2084, 49, 2084, t3=t2+(1, 9))	2	105
(3668, 178, 4072, t1) & (1271, 104, 3668, t2=t1+(0, 5)) -> (4072, 104, 4072, t3=t2+(1, 3))	2	106
(4850, 47, 4271, t1) & (4271, 195, 1230, t2=t1+(0, 2)) -> (1230, 195, 1230, t3=t2+(1, 1))	2	107
(483, 32, 2899, t1) & (3138, 122, 483, t2=t1+(0, 6)) -> (2899, 122, 483, t3=t2+(1, 7))	2	108
(1110, 129, 87, t1) & (87, 89, 87, t2=t1+(0, 3)) -> (1110, 129, 87, t3=t2+(1, 5))	2	109
(4013, 147, 300, t1) & (2650, 46, 4013, t2=t1+(0, 3)) -> (4013, 147, 2650, t3=t2+(1, 1))	2	110
(2994, 135, 892, t1) & (2994, 191, 2994, t2=t1+(0, 3)) -> (2994, 191, 2994, t3=t2+(1, 9))	2	111
(2323, 194, 230, t1) & (230, 50, 230, t2=t1+(0, 4)) -> (230, 50, 2323, t3=t2+(1, 2))	2	112
(4986, 127, 3983, t1) & (4986, 167, 4986, t2=t1+(0, 4)) -> (4986, 127, 4986, t3=t2+(1, 3))	2	113
(378, 90, 3647, t1) & (378, 108, 3647, t2=t1+(0, 2)) -> (378, 108, 378, t3=t2+(1, 2))	2	114
(2073, 199, 1049, t1) & (2073, 6, 3739, t2=t1+(0, 4)) -> (2073, 6, 2073, t3=t2+(1, 5))	2	115
(4247, 61, 2077, t1) & (4247, 149, 2077, t2=t1+(0, 4)) -> (2077, 61, 2077, t3=t2+(1, 4))	2	116
(4226, 66, 3179, t1) & (3179, 163, 4131, t2=t1+(0, 3)) -> (4226, 163, 3179, t3=t2+(1, 4))	2	117
(1572, 135, 2771, t1) & (2771, 15, 3949, t2=t1+(0, 4)) -> (2771, 135, 2771, t3=t2+(1, 7))	2	118
(853, 35, 4702, t1) & (2447, 51, 853, t2=t1+(0, 4)) -> (4702, 51, 853, t3=t2+(1, 4))	2	119
(901, 120, 2761, t1) & (901, 164, 3210, t2=t1+(0, 3)) -> (901, 164, 901, t3=t2+(1, 8))	2	120
(3330, 65, 298, t1) & (3330, 160, 298, t2=t1+(0, 9)) -> (298, 160, 3330, t3=t2+(1, 5))	2	121
(3165, 168, 1402, t1) & (1402, 11, 2782, t2=t1+(0, 7)) -> (1402, 168, 1402, t3=t2+(1, 5))	2	122
(1750, 158, 587, t1) & (1027, 109, 587, t2=t1+(0, 6)) -> (587, 158, 587, t3=t2+(1, 5))	2	123
(2635, 135, 4637, t1) & (2635, 117, 3500, t2=t1+(0, 4)) -> (3500, 117, 2635, t3=t2+(1, 2))	2	124
(2602, 27, 1337, t1) & (1337, 44, 584, t2=t1+(0, 3)) -> (1337, 27, 1337, t3=t2+(1, 8))	2	125
(2619, 47, 1114, t1) & (2619, 81, 4276, t2=t1+(0, 1)) -> (2619, 47, 2619, t3=t2+(1, 6))	2	126
(4007, 85, 834, t1) & (834, 14, 760, t2=t1+(0, 3)) -> (4007, 14, 760, t3=t2+(1, 4))	2	127
(3146, 35, 3862, t1) & (3146, 183, 3862, t2=t1+(0, 5)) -> (3146, 183, 3146, t3=t2+(1, 9))	2	128
(662, 155, 979, t1) & (979, 88, 662, t2=t1+(0, 2)) -> (979, 155, 979, t3=t2+(1, 4))	2	129
(3037, 147, 1442, t1) & (1442, 120, 3037, t2=t1+(0, 4)) -> (3037, 147, 3037, t3=t2+(1, 5))	2	130
(3631, 129, 3089, t1) & (1694, 147, 3631, t2=t1+(0, 6)) -> (3089, 129, 1694, t3=t2+(1, 5))	2	131
(3588, 36, 426, t1) & (4511, 122, 3588, t2=t1+(0, 1)) -> (426, 36, 4511, t3=t2+(1, 4))	2	132
(3455, 178, 1497, t1) & (3427, 104, 1497, t2=t1+(0, 7)) -> (1497, 104, 1497, t3=t2+(1, 5))	2	133
(2857, 100, 4872, t1) & (2430, 79, 4872, t2=t1+(0, 5)) -> (2857, 100, 4872, t3=t2+(1, 3))	2	134
(3744, 141, 45, t1) & (3744, 95, 4650, t2=t1+(0, 6)) -> (45, 141, 3744, t3=t2+(1, 4))	2	135
(909, 56, 518, t1) & (518, 57, 503, t2=t1+(0, 3)) -> (518, 56, 518, t3=t2+(1, 4))	2	136
(3477, 120, 2569, t1) & (3477, 21, 1968, t2=t1+(0, 9)) -> (2569, 21, 1968, t3=t2+(1, 6))	2	137
(1547, 133, 2903, t1) & (2903, 154, 3476, t2=t1+(0, 6)) -> (2903, 133, 2903, t3=t2+(1, 1))	2	138
(1693, 163, 1375, t1) & (4912, 40, 1693, t2=t1+(0, 6)) -> (1375, 40, 1375, t3=t2+(1, 3))	2	139
(3123, 18, 3253, t1) & (3253, 8, 3884, t2=t1+(0, 3)) -> (3253, 18, 3123, t3=t2+(1, 3))	2	140
(2501, 185, 4873, t1) & (4873, 138, 2501, t2=t1+(0, 3)) -> (4873, 138, 2501, t3=t2+(1, 8))	2	141
(4658, 82, 1653, t1) & (1653, 56, 1653, t2=t1+(0, 6)) -> (1653, 82, 1653, t3=t2+(1, 5))	2	142
(959, 99, 1122, t1) & (1122, 79, 4661, t2=t1+(0, 7)) -> (959, 79, 1122, t3=t2+(1, 4))	2	143
(766, 2, 3204, t1) & (3204, 6, 3204, t2=t1+(0, 5)) -> (3204, 6, 3204, t3=t2+(1, 7))	2	144
(88, 88, 488, t1) & (488, 99, 88, t2=t1+(0, 5)) -> (88, 88, 488, t3=t2+(1, 2))	2	145
(730, 99, 3285, t1) & (730, 68, 730, t2=t1+(0, 5)) -> (730, 68, 3285, t3=t2+(1, 3))	2	146
(448, 91, 3868, t1) & (3868, 163, 1816, t2=t1+(0, 5)) -> (3868, 91, 1816, t3=t2+(1, 6))	2	147
(869, 199, 2264, t1) & (2264, 103, 2264, t2=t1+(0, 6)) -> (2264, 103, 869, t3=t2+(1, 4))	2	148
(1679, 107, 329, t1) & (1679, 39, 1679, t2=t1+(0, 4)) -> (1679, 39, 1679, t3=t2+(1, 6))	2	149
(3307, 58, 2587, t1) -> (3307, 58, 2587, t2=t1+(1, 6))	1	150
(2145, 146, 106, t1) -> (2145, 146, 106, t2=t1+(1, 4))	1	151
(2924, 198, 2236, t1) -> (2924, 198, 2236, t2=t1+(1, 6))	1	152
(1975, 18, 2040, t1) -> (1975, 18, 1975, t2=t1+(1, 6))	1	153
(2184, 57, 1398, t1) -> (1398, 57, 1398, t2=t1+(1, 3))	1	154
(2393, 65, 4912, t1) -> (4912, 65, 2393, t2=t1+(1, 10))	1	155
(342, 191, 2883, t1) -> (342, 191, 342, t2=t1+(1, 2))	1	156
(621, 8, 4690, t1) -> (4690, 8, 621, t2=t1+(1, 9))	1	157
(427, 181, 3779, t1) -> (3779, 181, 427, t2=t1+(1, 5))	1	158
(3408, 31, 4400, t1) -> (4400, 31, 3408, t2=t1+(1, 4))	1	159
(1154, 71, 2376, t1) -> (2376, 71, 2376, t2=t1+(1, 5))	1	160
(540, 108, 1768, t1) -> (540, 108, 540, t2=t1+(1, 3))	1	161
(773, 7, 1560, t1) -> (773, 7, 1560, t2=t1+(1, 9))	1	162
(3311, 177, 4785, t1) -> (3311, 177, 4785, t2=t1+(1, 11))	1	163
(4001, 156, 3815, t1) -> (4001, 156, 3815, t2=t1+(1, 3))	1	164
(3372, 139, 2777, t1) -> (3372, 139, 3372, t2=t1+(1, 5))	1	165
(4596, 161, 1016, t1) -> (4596, 161, 4596, t2=t1+(1, 4))	1	166
(435, 179, 2833, t1) -> (435, 179, 435, t2=t1+(1, 3))	1	167
(3242, 5, 3427, t1) -> (3242, 5, 3427, t2=t1+(1, 1))	1	168
(2657, 129, 709, t1) -> (2657, 129, 2657, t2=t1+(1, 2))	1	169
(2163, 64, 2782, t1) -> (2782, 64, 2163, t2=t1+(1, 4))	1	170
(3232, 113, 4740, t1) -> (4740, 113, 4740, t2=t1+(1, 2))	1	171
(2016, 181, 3044, t1) -> (2016, 181, 3044, t2=t1+(1, 5))	1	172
(3836, 176, 213, t1) -> (3836, 176, 213, t2=t1+(1, 1))	1	173
(2385, 68, 1268, t1) -> (1268, 68, 2385, t2=t1+(1, 6))	1	174
(4543, 26, 3590, t1) -> (4543, 26, 4543, t2=t1+(1, 4))	1	175
(3651, 72, 3656, t1) -> (3656, 72, 3656, t2=t1+(1, 9))	1	176
(2722, 103, 2433, t1) -> (2722, 103, 2433, t2=t1+(1, 4))	1	177
(1095, 34, 533, t1) -> (1095, 34, 1095, t2=t1+(1, 6))	1	178
(2831, 149, 960, t1) -> (960, 149, 2831, t2=t1+(1, 5))	1	179
(3478, 74, 3511, t1) -> (3511, 74, 3511, t2=t1+(1, 4))	1	180
(4598, 130, 2264, t1) -> (2264, 130, 4598, t2=t1+(1, 6))	1	181
(3585, 86, 567, t1) -> (567, 86, 3585, t2=t1+(1, 1))	1	182
(1182, 136, 297, t1) -> (1182, 136, 297, t2=t1+(1, 1))	1	183
(983, 144, 786, t1) -> (786, 144, 983, t2=t1+(1, 1))	1	184
(2593, 192, 1846, t1) -> (1846, 192, 2593, t2=t1+(1, 4))	1	185
(2586, 128, 3281, t1) -> (2586, 128, 2586, t2=t1+(1, 2))	1	186
(4783, 26, 4718, t1) -> (4783, 26, 4783, t2=t1+(1, 6))	1	187
(734, 180, 2211, t1) -> (2211, 180, 2211, t2=t1+(1, 5))	1	188
(3478, 155, 3141, t1) -> (3141, 155, 3141, t2=t1+(1, 6))	1	189
(4445, 160, 836, t1) -> (4445, 160, 836, t2=t1+(1, 6))	1	190
(1945, 13, 2548, t1) -> (1945, 13, 1945, t2=t1+(1, 2))	1	191
(4758, 16, 2218, t1) -> (4758, 16, 4758, t2=t1+(1, 6))	1	192
(3752, 93, 2297, t1) -> (2297, 93, 2297, t2=t1+(1, 3))	1	193
(3950, 3, 265, t1) -> (3950, 3, 265, t2=t1+(1, 7))	1	194
(3604, 149, 1388, t1) -> (1388, 149, 3604, t2=t1+(1, 6))	1	195
(1358, 42, 2155, t1) -> (1358, 42, 2155, t2=t1+(1, 7))	1	196
(1352, 15, 1073, t1) -> (1352, 15, 1352, t2=t1+(1, 5))	1	197
(1752, 91, 1753, t1) -> (1752, 91, 1753, t2=t1+(1, 7))	1	198
(4146, 132, 280, t1) -> (280, 132, 4146, t2=t1+(1, 3))	1	199
(602, 4, 1118, t1) -> (602, 4, 1118, t2=t1+(1, 4))	1	200
(342, 20, 4990, t1) -> (4990, 20, 4990, t2=t1+(1, 6))	1	201
(1590, 126, 1451, t1) -> (1451, 126, 1590, t2=t1+(1, 2))	1	202
(3189, 11, 1246, t1) -> (1246, 11, 3189, t2=t1+(1, 9))	1	203
(728, 168, 482, t1) -> (728, 168, 482, t2=t1+(1, 5))	1	204
(4199, 54, 4249, t1) -> (4249, 54, 4199, t2=t1+(1, 6))	1	205
(3551, 47, 1975, t1) -> (1975, 47, 1975, t2=t1+(1, 9))	1	206
(3947, 159, 2345, t1) -> (2345, 159, 3947, t2=t1+(1, 5))	1	207
(1781, 122, 2192, t1) -> (2192, 122, 1781, t2=t1+(1, 8))	1	208
(3358, 93, 4983, t1) -> (3358, 93, 3358, t2=t1+(1, 5))	1	209
(1648, 81, 1653, t1) -> (1653, 81, 1648, t2=t1+(1, 5))	1	210
(2450, 20, 1057, t1) -> (2450, 20, 2450, t2=t1+(1, 6))	1	211
(2931, 167, 2830, t1) -> (2830, 167, 2931, t2=t1+(1, 7))	1	212
(3287, 125, 3852, t1) -> (3287, 125, 3852, t2=t1+(1, 2))	1	213
(1106, 122, 455, t1) -> (1106, 122, 455, t2=t1+(1, 6))	1	214
(2114, 153, 2280, t1) -> (2280, 153, 2114, t2=t1+(1, 9))	1	215
(3306, 94, 2728, t1) -> (3306, 94, 2728, t2=t1+(1, 5))	1	216
(3815, 160, 3613, t1) -> (3815, 160, 3815, t2=t1+(1, 7))	1	217
(3652, 69, 3754, t1) -> (3754, 69, 3652, t2=t1+(1, 5))	1	218
(807, 33, 849, t1) -> (807, 33, 849, t2=t1+(1, 2))	1	219
(1294, 73, 1517, t1) -> (1517, 73, 1294, t2=t1+(1, 8))	1	220
(2286, 118, 3319, t1) -> (3319, 118, 3319, t2=t1+(1, 2))	1	221
(1781, 118, 752, t1) -> (752, 118, 752, t2=t1+(1, 2))	1	222
(4744, 119, 189, t1) -> (189, 119, 189, t2=t1+(1, 5))	1	223
(709, 57, 354, t1) -> (709, 57, 354, t2=t1+(1, 4))	1	224
(594, 171, 872, t1) -> (872, 171, 872, t2=t1+(1, 1))	1	225
(2358, 182, 952, t1) -> (2358, 182, 2358, t2=t1+(1, 4))	1	226
(1526, 74, 3569, t1) -> (1526, 74, 1526, t2=t1+(1, 9))	1	227
(2905, 170, 3584, t1) -> (2905, 170, 3584, t2=t1+(1, 5))	1	228
(3968, 16, 3165, t1) -> (3968, 16, 3968, t2=t1+(1, 8))	1	229
(1651, 153, 1144, t1) -> (1651, 153, 1144, t2=t1+(1, 5))	1	230
(236, 129, 1171, t1) -> (236, 129, 1171, t2=t1+(1, 3))	1	231
(4249, 133, 843, t1) -> (4249, 133, 4249, t2=t1+(1, 8))	1	232
(4739, 31, 3225, t1) -> (4739, 31, 3225, t2=t1+(1, 3))	1	233
(2223, 31, 4943, t1) -> (2223, 31, 4943, t2=t1+(1, 10))	1	234
(3756, 45, 1433, t1) -> (1433, 45, 1433, t2=t1+(1, 2))	1	235
(752, 127, 1553, t1) -> (1553, 127, 752, t2=t1+(1, 8))	1	236
(2844, 154, 1081, t1) -> (1081, 154, 2844, t2=t1+(1, 4))	1	237
(4034, 113, 1182, t1) -> (1182, 113, 1182, t2=t1+(1, 9))	1	238
(901, 166, 2853, t1) -> (901, 166, 901, t2=t1+(1, 8))	1	239
(3184, 48, 4630, t1) -> (4630, 48, 4630, t2=t1+(1, 5))	1	240
(4948, 2, 4597, t1) -> (4948, 2, 4948, t2=t1+(1, 5))	1	241
(3501, 50, 3849, t1) -> (3849, 50, 3501, t2=t1+(1, 4))	1	242
(1680, 97, 682, t1) -> (1680, 97, 682, t2=t1+(1, 6))	1	243
(1984, 19, 2356, t1) -> (2356, 19, 1984, t2=t1+(1, 5))	1	244
(2533, 83, 1901, t1) -> (2533, 83, 1901, t2=t1+(1, 2))	1	245
(2441, 143, 2920, t1) -> (2920, 143, 2441, t2=t1+(1, 3))	1	246
(3528, 192, 1008, t1) -> (1008, 192, 3528, t2=t1+(1, 6))	1	247
(1991, 80, 3214, t1) -> (1991, 80, 3214, t2=t1+(1, 4))	1	248
(4805, 138, 1618, t1) -> (4805, 138, 1618, t2=t1+(1, 4))	1	249
(162, 107, 1774, t1) -> (162, 107, 162, t2=t1+(1, 6))	1	250
(4665, 26, 1878, t1) -> (1878, 26, 4665, t2=t1+(1, 5))	1	251
(834, 167, 4019, t1) -> (834, 167, 4019, t2=t1+(1, 4))	1	252
(4298, 139, 200, t1) -> (4298, 139, 4298, t2=t1+(1, 7))	1	253
(4407, 189, 1639, t1) -> (4407, 189, 4407, t2=t1+(1, 3))	1	254
(2599, 125, 2285, t1) -> (2599, 125, 2599, t2=t1+(1, 1))	1	255
(4308, 109, 474, t1) -> (4308, 109, 474, t2=t1+(1, 8))	1	256
(970, 49, 3524, t1) -> (970, 49, 970, t2=t1+(1, 5))	1	257
(2766, 185, 2111, t1) -> (2766, 185, 2111, t2=t1+(1, 5))	1	258
(1762, 13, 1475, t1) -> (1762, 13, 1762, t2=t1+(1, 6))	1	259
(3044, 21, 1052, t1) -> (1052, 21, 1052, t2=t1+(1, 3))	1	260
(1385, 110, 3911, t1) -> (3911, 110, 3911, t2=t1+(1, 4))	1	261
(1467, 37, 1254, t1) -> (1254, 37, 1254, t2=t1+(1, 7))	1	262
(4734, 7, 4875, t1) -> (4875, 7, 4734, t2=t1+(1, 3))	1	263
(1213, 32, 2463, t1) -> (1213, 32, 2463, t2=t1+(1, 4))	1	264
(3309, 44, 1544, t1) -> (3309, 44, 1544, t2=t1+(1, 3))	1	265
(3127, 4, 3559, t1) -> (3559, 4, 3127, t2=t1+(1, 5))	1	266
(1254, 156, 4454, t1) -> (4454, 156, 4454, t2=t1+(1, 4))	1	267
(1778, 55, 2723, t1) -> (2723, 55, 2723, t2=t1+(1, 2))	1	268
(4992, 69, 1048, t1) -> (4992, 69, 4992, t2=t1+(1, 3))	1	269
(1345, 2, 4628, t1) -> (4628, 2, 4628, t2=t1+(1, 8))	1	270
(3526, 33, 1140, t1) -> (3526, 33, 3526, t2=t1+(1, 4))	1	271
(1043, 21, 3501, t1) -> (3501, 21, 3501, t2=t1+(1, 5))	1	272
(4487, 114, 4071, t1) -> (4071, 114, 4071, t2=t1+(1, 11))	1	273
(4532, 116, 3653, t1) -> (3653, 116, 4532, t2=t1+(1, 2))	1	274
(1108, 54, 1326, t1) -> (1326, 54, 1326, t2=t1+(1, 6))	1	275
(4595, 45, 1951, t1) -> (1951, 45, 4595, t2=t1+(1, 4))	1	276
(3032, 40, 1780, t1) -> (1780, 40, 1780, t2=t1+(1, 8))	1	277
(1331, 166, 278, t1) -> (278, 166, 1331, t2=t1+(1, 7))	1	278
(417, 156, 2939, t1) -> (2939, 156, 2939, t2=t1+(1, 4))	1	279
(3534, 61, 3483, t1) -> (3534, 61, 3483, t2=t1+(1, 3))	1	280
(918, 109, 269, t1) -> (918, 109, 918, t2=t1+(1, 6))	1	281
(1534, 18, 923, t1) -> (923, 18, 923, t2=t1+(1, 5))	1	282
(691, 59, 216, t1) -> (216, 59, 216, t2=t1+(1, 2))	1	283
(3199, 127, 4766, t1) -> (3199, 127, 4766, t2=t1+(1, 10))	1	284
(2842, 137, 1696, t1) -> (1696, 137, 2842, t2=t1+(1, 2))	1	285
(1164, 71, 3247, t1) -> (3247, 71, 1164, t2=t1+(1, 4))	1	286
(4735, 95, 741, t1) -> (4735, 95, 4735, t2=t1+(1, 10))	1	287
(4443, 187, 4808, t1) -> (4443, 187, 4808, t2=t1+(1, 9))	1	288
(2123, 139, 2012, t1) -> (2012, 139, 2012, t2=t1+(1, 9))	1	289
(1045, 52, 3202, t1) -> (1045, 52, 1045, t2=t1+(1, 3))	1	290
(2429, 112, 3870, t1) -> (2429, 112, 2429, t2=t1+(1, 3))	1	291
(3251, 196, 4252, t1) -> (3251, 196, 3251, t2=t1+(1, 8))	1	292
(2489, 176, 24, t1) -> (24, 176, 24, t2=t1+(1, 2))	1	293
(3856, 63, 1710, t1) -> (3856, 63, 1710, t2=t1+(1, 4))	1	294
(928, 50, 4018, t1) -> (928, 50, 4018, t2=t1+(1, 4))	1	295
(259, 20, 3410, t1) -> (259, 20, 259, t2=t1+(1, 3))	1	296
(3661, 64, 992, t1) -> (992, 64, 992, t2=t1+(1, 4))	1	297
(1652, 95, 47, t1) -> (1652, 95, 1652, t2=t1+(1, 4))	1	298
(2352, 61, 4423, t1) -> (4423, 61, 4423, t2=t1+(1, 7))	1	299
(4013, 87, 1940, t1) -> (1940, 87, 1940, t2=t1+(1, 7))	1	300
(2683, 8, 3792, t1) -> (2683, 8, 2683, t2=t1+(1, 7))	1	301
(4186, 114, 1141, t1) -> (1141, 114, 4186, t2=t1+(1, 2))	1	302
(4241, 179, 447, t1) -> (4241, 179, 447, t2=t1+(1, 8))	1	303
(173, 13, 2767, t1) -> (2767, 13, 2767, t2=t1+(1, 9))	1	304
(599, 17, 3184, t1) -> (599, 17, 3184, t2=t1+(1, 5))	1	305
(4254, 81, 789, t1) -> (4254, 81, 789, t2=t1+(1, 2))	1	306
(3117, 47, 134, t1) -> (134, 47, 134, t2=t1+(1, 3))	1	307
(2186, 42, 4152, t1) -> (2186, 42, 2186, t2=t1+(1, 9))	1	308
(2463, 167, 4880, t1) -> (4880, 167, 2463, t2=t1+(1, 8))	1	309
(316, 8, 3498, t1) -> (316, 8, 316, t2=t1+(1, 7))	1	310
(2577, 104, 2785, t1) -> (2577, 104, 2577, t2=t1+(1, 5))	1	311
(4963, 19, 3733, t1) -> (3733, 19, 4963, t2=t1+(1, 6))	1	312
(2690, 162, 112, t1) -> (2690, 162, 2690, t2=t1+(1, 2))	1	313
(1235, 169, 3900, t1) -> (1235, 169, 3900, t2=t1+(1, 7))	1	314
(1513, 77, 1222, t1) -> (1513, 77, 1222, t2=t1+(1, 4))	1	315
(914, 98, 176, t1) -> (176, 98, 176, t2=t1+(1, 3))	1	316
(1817, 105, 1693, t1) -> (1817, 105, 1817, t2=t1+(1, 10))	1	317
(3817, 19, 3069, t1) -> (3817, 19, 3817, t2=t1+(1, 5))	1	318
(3919, 59, 3519, t1) -> (3519, 59, 3919, t2=t1+(1, 2))	1	319
(3624, 82, 4313, t1) -> (3624, 82, 4313, t2=t1+(1, 8))	1	320
(3643, 183, 963, t1) -> (963, 183, 963, t2=t1+(1, 8))	1	321
(2413, 107, 935, t1) -> (2413, 107, 935, t2=t1+(1, 1))	1	322
(712, 124, 4574, t1) -> (4574, 124, 4574, t2=t1+(1, 2))	1	323
(578, 3, 2842, t1) -> (2842, 3, 578, t2=t1+(1, 5))	1	324
(1352, 197, 2741, t1) -> (2741, 197, 2741, t2=t1+(1, 7))	1	325
(4661, 9, 2596, t1) -> (4661, 9, 4661, t2=t1+(1, 4))	1	326
(3984, 50, 1957, t1) -> (1957, 50, 3984, t2=t1+(1, 5))	1	327
(3765, 55, 3247, t1) -> (3765, 55, 3765, t2=t1+(1, 3))	1	328
(677, 180, 1251, t1) -> (677, 180, 1251, t2=t1+(1, 1))	1	329
(2427, 172, 3524, t1) -> (2427, 172, 3524, t2=t1+(1, 4))	1	330
(387, 126, 2482, t1) -> (2482, 126, 2482, t2=t1+(1, 2))	1	331
(3492, 55, 4619, t1) -> (3492, 55, 4619, t2=t1+(1, 6))	1	332
(4502, 67, 2012, t1) -> (4502, 67, 2012, t2=t1+(1, 5))	1	333
(2067, 0, 1789, t1) -> (2067, 0, 2067, t2=t1+(1, 1))	1	334
(4062, 85, 4214, t1) -> (4062, 85, 4214, t2=t1+(1, 4))	1	335
(1594, 127, 4607, t1) -> (1594, 127, 4607, t2=t1+(1, 6))	1	336
(3220, 116, 528, t1) -> (3220, 116, 528, t2=t1+(1, 4))	1	337
(3107, 91, 1707, t1) -> (3107, 91, 1707, t2=t1+(1, 4))	1	338
(4502, 47, 4694, t1) -> (4502, 47, 4694, t2=t1+(1, 2))	1	339
(2268, 47, 2814, t1) -> (2268, 47, 2268, t2=t1+(1, 5))	1	340
(1103, 30, 3904, t1) -> (1103, 30, 1103, t2=t1+(1, 8))	1	341
(643, 153, 3657, t1) -> (3657, 153, 643, t2=t1+(1, 4))	1	342
(4026, 30, 1339, t1) -> (1339, 30, 4026, t2=t1+(1, 4))	1	343
(2665, 62, 2710, t1) -> (2665, 62, 2710, t2=t1+(1, 3))	1	344
(3029, 118, 2002, t1) -> (2002, 118, 3029, t2=t1+(1, 4))	1	345
(1380, 103, 1282, t1) -> (1380, 103, 1282, t2=t1+(1, 6))	1	346
(710, 67, 1367, t1) -> (710, 67, 1367, t2=t1+(1, 5))	1	347
(4883, 136, 1441, t1) -> (4883, 136, 1441, t2=t1+(1, 5))	1	348
(4857, 124, 2795, t1) -> (4857, 124, 4857, t2=t1+(1, 4))	1	349
