(10, 80, 4416, t1) & (4214, 130, 2582, t2=t1+(0, 4)) & (2582, 111, 10, t3=t2+(0, 5)) -> (4214, 80, 4214, t4=t3+(1, 5))	3	0
(540, 95, 4093, t1) & (4384, 24, 1836, t2=t1+(0, 5)) & (4093, 37, 4384, t3=t2+(0, 2)) -> (1836, 24, 4384, t4=t3+(1, 7))	3	1
(378, 189, 348, t1) & (4992, 22, 4698, t2=t1+(0, 1)) & (378, 150, 4992, t3=t2+(0, 2)) -> (378, 150, 378, t4=t3+(1, 7))	3	2
(4806, 84, 4008, t1) & (3437, 190, 3490, t2=t1+(0, 4)) & (4008, 96, 3437, t3=t2+(0, 2)) -> (4806, 84, 3437, t4=t3+(1, 5))	3	3
(2867, 38, 546, t1) & (3119, 83, 2525, t2=t1+(0, 0)) & (2525, 21, 2867, t3=t2+(0, 3)) -> (2525, 83, 2525, t4=t3+(1, 5))	3	4
(2584, 24, 3569, t1) & (2633, 20, 910, t2=t1+(0, 5)) & (910, 80, 2584, t3=t2+(0, 3)) -> (2633, 20, 2633, t4=t3+(1, 6))	3	5
(693, 171, 4129, t1) & (2152, 58, 901, t2=t1+(0, 4)) & (901, 194, 4129, t3=t2+(0, 2)) -> (2152, 58, 4129, t4=t3+(1, 3))	3	6
(3428, 87, 3470, t1) & (3800, 134, 3265, t2=t1+(0, 5)) & (3800, 13, 3428, t3=t2+(0, 6)) -> (3470, 134, 3800, t4=t3+(1, 8))	3	7
(313, 1, 1327, t1) & (4653, 195, 1761, t2=t1+(0, 11)) & (4653, 134, 313, t3=t2+(0, 6)) -> (1761, 1, 313, t4=t3+(1, 6))	3	8
(3158, 55, 1473, t1) & (4281, 31, 3377, t2=t1+(0, 4)) & (3377, 118, 1473, t3=t2+(0, 7)) -> (3377, 31, 3377, t4=t3+(1, 9))	3	9
(603, 17, 1856, t1) & (4466, 69, 2837, t2=t1+(0, 5)) & (2837, 95, 1856, t3=t2+(0, 11)) -> (2837, 69, 2837, t4=t3+(1, 7))	3	10
(2557, 77, 4689, t1) & (235, 191, 462, t2=t1+(0, 4)) & (2557, 175, 462, t3=t2+(0, 2)) -> (4689, 191, 4689, t4=t3+(1, 9))	3	11
(3624, 45, 4963, t1) & (1808, 174, 2260, t2=t1+(0, 5)) & (1808, 41, 4963, t3=t2+(0, 8)) -> (1808, 45, 1808, t4=t3+(1, 4))	3	12
(757, 196, 4114, t1) & (2759, 52, 668, t2=t1+(0, 4)) & (4114, 181, 668, t3=t2+(0, 3)) -> (2759, 52, 4114, t4=t3+(1, 3))	3	13
(503, 122, 4664, t1) & (3059, 7, 1906, t2=t1+(0, 8)) & (503, 145, 1906, t3=t2+(0, 9)) -> (1906, 122, 503, t4=t3+(1, 5))	3	14
(854, 89, 212, t1) & (4248, 148, 113, t2=t1+(0, 7)) & (113, 93, 212, t3=t2+(0, 6)) -> (854, 89, 4248, t4=t3+(1, 6))	3	15
(2721, 8, 4845, t1) & (1913, 177, 372, t2=t1+(0, 5)) & (1913, 99, 2721, t3=t2+(0, 8)) -> (1913, 8, 372, t4=t3+(1, 4))	3	16
(3604, 16, 1547, t1) & (4999, 187, 1058, t2=t1+(0, 1)) & (4999, 61, 3604, t3=t2+(0, 7)) -> (1058, 61, 4999, t4=t3+(1, 2))	3	17
(2838, 70, 4861, t1) & (657, 14, 604, t2=t1+(0, 3)) & (657, 128, 4861, t3=t2+(0, 8)) -> (604, 70, 657, t4=t3+(1, 9))	3	18
(158, 118, 3548, t1) & (2800, 74, 1723, t2=t1+(0, 4)) & (1723, 26, 158, t3=t2+(0, 1)) -> (158, 74, 3548, t4=t3+(1, 7))	3	19
(3259, 160, 2305, t1) & (1994, 114, 2800, t2=t1+(0, 10)) & (3259, 130, 2800, t3=t2+(0, 6)) -> (2800, 160, 1994, t4=t3+(1, 7))	3	20
(3115, 189, 543, t1) & (1335, 32, 404, t2=t1+(0, 2)) & (404, 18, 3115, t3=t2+(0, 3)) -> (3115, 32, 3115, t4=t3+(1, 7))	3	21
(788, 63, 3654, t1) & (2598, 43, 3731, t2=t1+(0, 5)) & (788, 66, 3731, t3=t2+(0, 5)) -> (3731, 63, 3654, t4=t3+(1, 8))	3	22
(1025, 91, 570, t1) & (3943, 137, 2017, t2=t1+(0, 4)) & (570, 102, 3943, t3=t2+(0, 8)) -> (570, 102, 3943, t4=t3+(1, 6))	3	23
(3018, 70, 2979, t1) & (199, 104, 3297, t2=t1+(0, 3)) & (2979, 139, 3297, t3=t2+(0, 7)) -> (199, 70, 199, t4=t3+(1, 5))	3	24
(4478, 173, 3180, t1) & (3180, 47, 3180, t2=t1+(0, 4)) -> (4478, 47, 3180, t3=t2+(1, 3))	2	25
(2740, 159, 2784, t1) & (4960, 130, 2740, t2=t1+(0, 7)) -> (2784, 159, 2740, t3=t2+(1, 3))	2	26
(1952, 177, 1111, t1) & (1952, 56, 1952, t2=t1+(0, 2)) -> (1952, 177, 1952, t3=t2+(1, 6))	2	27
(4475, 52, 539, t1) & (1314, 33, 4475, t2=t1+(0, 9)) -> (1314, 52, 4475, t3=t2+(1, 7))	2	28
(394, 128, 926, t1) & (394, 189, 2441, t2=t1+(0, 2)) -> (394, 189, 394, t3=t2+(1, 6))	2	29
(186, 109, 4067, t1) & (2367, 166, 4067, t2=t1+(0, 11)) -> (4067, 109, 4067, t3=t2+(1, 3))	2	30
(1016, 72, 2324, t1) & (2183, 107, 2324, t2=t1+(0, 2)) -> (2324, 72, 1016, t3=t2+(1, 4))	2	31
(3900, 139, 613, t1) & (613, 124, 3900, t2=t1+(0, 7)) -> (3900, 139, 3900, t3=t2+(1, 6))	2	32
(4998, 24, 2620, t1) & (4998, 79, 4998, t2=t1+(0, 5)) -> (2620, 79, 4998, t3=t2+(1, 6))	2	33
(3672, 146, 1447, t1) & (1447, 149, 3138, t2=t1+(0, 5)) -> (3138, 149, 3138, t3=t2+(1, 6))	2	34
(2980, 101, 705, t1) & (2958, 67, 705, t2=t1+(0, 4)) -> (705, 101, 2958, t3=t2+(1, 1))	2	35
(160, 40, 4124, t1) & (160, 93, 160, t2=t1+(0, 4)) -> (4124, 93, 160, t3=t2+(1, 3))	2	36
(2641, 186, 2398, t1) & (823, 81, 2641, t2=t1+(0, 6)) -> (2641, 81, 2641, t3=t2+(1, 6))	2	37
(3854, 135, 1347, t1) & (1347, 42, 1824, t2=t1+(0, 5)) -> (1347, 42, 3854, t3=t2+(1, 5))	2	38
(4650, 189, 1290, t1) & (3707, 103, 1290, t2=t1+(0, 6)) -> (1290, 103, 1290, t3=t2+(1, 5))	2	39
(4736, 58, 3690, t1) & (4736, 61, 2041, t2=t1+(0, 3)) -> (4736, 61, 3690, t3=t2+(1, 5))	2	40
(706, 115, 4071, t1) & (706, 99, 4071, t2=t1+(0, 5)) -> (4071, 99, 706, t3=t2+(1, 3))	2	41
(1476, 120, 1689, t1) & (1476, 24, 1066, t2=t1+(0, 4)) -> (1476, 120, 1066, t3=t2+(1, 2))	2	42
(3064, 11, 151, t1) & (3064, 95, 3064, t2=t1+(0, 2)) -> (3064, 95, 3064, t3=t2+(1, 5))	2	43
(635, 74, 1584, t1) & (1117, 107, 635, t2=t1+(0, 4)) -> (635, 74, 635, t3=t2+(1, 6))	2	44
(1633, 136, 3447, t1) & (3447, 145, 1633, t2=t1+(0, 3)) -> (1633, 136, 3447, t3=t2+(1, 5))	2	45
(1583, 5, 4424, t1) & (4424, 68, 1583, t2=t1+(0, 8)) -> (1583, 68, 1583, t3=t2+(1, 4))	2	46
(1034, 126, 549, t1) & (549, 161, 1611, t2=t1+(0, 5)) -> (1034, 126, 549, t3=t2+(1, 6))	2	47
(805, 144, 3398, t1) & (2283, 133, 3398, t2=t1+(0, 7)) -> (805, 144, 805, t3=t2+(1, 2))	2	48
(212, 86, 4267, t1) & (4267, 6, 4492, t2=t1+(0, 4)) -> (212, 86, 4267, t3=t2+(1, 10))	2	49
(3573, 186, 3947, t1) & (2195, 23, 3947, t2=t1+(0, 3)) -> (3947, 23, 3573, t3=t2+(1, 5))	2	50
(824, 65, 3527, t1) & (3527, 197, 2613, t2=t1+(0, 4)) -> (3527, 65, 3527, t3=t2+(1, 6))	2	51
(1705, 3, 3964, t1) & (3964, 38, 1705, t2=t1+(0, 2)) -> (1705, 3, 1705, t3=t2+(1, 8))	2	52
(4681, 26, 4278, t1) & (4278, 134, 4681, t2=t1+(0, 3)) -> (4278, 26, 4681, t3=t2+(1, 4))	2	53
(2291, 121, 3235, t1) & (3235, 193, 3235, t2=t1+(0, 4)) -> (2291, 193, 2291, t3=t2+(1, 4))	2	54
(3928, 146, 4352, t1) & (3928, 164, 905, t2=t1+(0, 4)) -> (4352, 146, 4352, t3=t2+(1, 6))	2	55
(4692, 150, 2649, t1) & (4692, 87, 2649, t2=t1+(0, 8)) -> (2649, 150, 2649, t3=t2+(1, 5))	2	56
(4997, 185, 4153, t1) & (4153, 194, 4153, t2=t1+(0, 3)) -> (4153, 194, 4153, t3=t2+(1, 5))	2	57
(372, 137, 3860, t1) & (3586, 135, 372, t2=t1+(0, 5)) -> (372, 137, 372, t3=t2+(1, 5))	2	58
(1435, 58, 1478, t1) & (1435, 49, 3554, t2=t1+(0, 5)) -> (3554, 49, 3554, t3=t2+(1, 4))	2	59
(1711, 132, 1627, t1) & (2366, 100, 1711, t2=t1+(0, 7)) -> (1711, 132, 1627, t3=t2+(1, 5))	2	60
(161, 12, 858, t1) & (858, 8, 161, t2=t1+(0, 7)) -> (858, 8, 161, t3=t2+(1, 8))	2	61
(1613, 10, 3429, t1) & (1613, 114, 3429, t2=t1+(0, 1)) -> (3429, 10, 3429, t3=t2+(1, 2))	2	62
(3069, 29, 2719, t1) & (3069, 153, 3069, t2=t1+(0, 7)) -> (3069, 153, 3069, t3=t2+(1, 5))	2	63
(4687, 173, 3727, t1) & (3727, 1, 1748, t2=t1+(0, 6)) -> (3727, 1, 1748, t3=t2+(1, 4))	2	64
(4079, 49, 2251, t1) & (2251, 58, 2251, t2=t1+(0, 9)) -> (2251, 49, 2251, t3=t2+(1, 4))	2	65
(595, 2, 4254, t1) & (4254, 130, 4254, t2=t1+(0, 4)) -> (4254, 130, 595, t3=t2+(1, 5))	2	66
(4096, 186, 4568, t1) & (4568, 117, 3551, t2=t1+(0, 8)) -> (4568, 186, 3551, t3=t2+(1, 4))	2	67
(2449, 58, 3247, t1) & (3247, 188, 2449, t2=t1+(0, 4)) -> (3247, 188, 2449, t3=t2+(1, 4))	2	68
(3337, 72, 3453, t1) & (3337, 136, 3337, t2=t1+(0, 4)) -> (3337, 136, 3453, t3=t2+(1, 11))	2	69
(219, 54, 1452, t1) & (1452, 8, 219, t2=t1+(0, 7)) -> (1452, 8, 219, t3=t2+(1, 4))	2	70
(4087, 57, 169, t1) & (1324, 4, 4087, t2=t1+(0, 0)) -> (1324, 4, 1324, t3=t2+(1, 5))	2	71
(4045, 94, 173, t1) & (4045, 44, 908, t2=t1+(0, 7)) -> (4045, 94, 908, t3=t2+(1, 7))	2	72
(259, 193, 1690, t1) & (259, 128, 4102, t2=t1+(0, 2)) -> (4102, 128, 259, t3=t2+(1, 3))	2	73
(1388, 148, 13, t1) & (468, 179, 1388, t2=t1+(0, 6)) -> (1388, 179, 13, t3=t2+(1, 5))	2	74
(2391, 46, 3571, t1) & (2259, 70, 2391, t2=t1+(0, 6)) -> (2259, 46, 2391, t3=t2+(1, 9))	2	75
(440, 30, 2168, t1) & (1077, 165, 440, t2=t1+(0, 5)) -> (440, 30, 1077, t3=t2+(1, 3))	2	76
(1901, 21, 3298, t1) & (3298, 36, 3298, t2=t1+(0, 7)) -> (1901, 21, 1901, t3=t2+(1, 5))	2	77
(4766, 39, 4135, t1) & (4135, 4, 84, t2=t1+(0, 4)) -> (4135, 39, 4135, t3=t2+(1, 10))	2	78
(4248, 109, 4944, t1) & (1348, 5, 4944, t2=t1+(0, 9)) -> (4248, 5, 4944, t3=t2+(1, 6))	2	79
(3517, 120, 2525, t1) & (4274, 157, 2525, t2=t1+(0, 3)) -> (2525, 157, 3517, t3=t2+(1, 3))	2	80
(3006, 56, 2336, t1) & (2336, 49, 3006, t2=t1+(0, 2)) -> (3006, 56, 2336, t3=t2+(1, 5))	2	81
(1014, 71, 80, t1) & (80, 193, 80, t2=t1+(0, 11)) -> (80, 193, 80, t3=t2+(1, 7))	2	82
(926, 78, 1119, t1) & (926, 11, 213, t2=t1+(0, 5)) -> (926, 78, 926, t3=t2+(1, 9))	2	83
(2836, 35, 1770, t1) & (2836, 98, 1770, t2=t1+(0, 4)) -> (1770, 35, 2836, t3=t2+(1, 10))	2	84
(292, 165, 3682, t1) & (292, 64, 3682, t2=t1+(0, 7)) -> (3682, 165, 3682, t3=t2+(1, 7))	2	85
(2801, 5, 3236, t1) & (2801, 161, 3236, t2=t1+(0, 6)) -> (3236, 161, 3236, t3=t2+(1, 6))	2	86
(2185, 98, 4582, t1) & (4582, 113, 742, t2=t1+(0, 5)) -> (4582, 98, 742, t3=t2+(1, 5))	2	87
(444, 44, 1402, t1) & (1402, 5, 298, t2=t1+(0, 6)) -> (444, 5, 298, t3=t2+(1, 4))	2	88
(1473, 152, 33, t1) & (1473, 173, 1473, t2=t1+(0, 5)) -> (1473, 152, 1473, t3=t2+(1, 4))	2	89
(2652, 161, 2488, t1) & (2935, 21, 2652, t2=t1+(0, 5)) -> (2652, 161, 2488, t3=t2+(1, 4))	2	90
(1572, 26, 3349, t1) & (1572, 143, 3349, t2=t1+(0, 5)) -> (1572, 26, 1572, t3=t2+(1, 2))	2	91
(1373, 12, 242, t1) & (242, 187, 629, t2=t1+(0, 2)) -> (242, 187, 242, t3=t2+(1, 3))	2	92
(1718, 130, 4543, t1) & (1718, 66, 4543, t2=t1+(0, 5)) -> (4543, 130, 1718, t3=t2+(1, 8))	2	93
(3804, 135, 3388, t1) & (3388, 123, 2962, t2=t1+(0, 5)) -> (3388, 123, 3804, t3=t2+(1, 6))	2	94
(2700, 183, 2653, t1) & (2700, 125, 4880, t2=t1+(0, 7)) -> (2653, 125, 2700, t3=t2+(1, 4))	2	95
(1231, 143, 2048, t1) & (2048, 86, 662, t2=t1+(0, 3)) -> (662, 86, 662, t3=t2+(1, 5))	2	96
(3116, 43, 2605, t1) & (3878, 142, 3116, t2=t1+(0, 7)) -> (2605, 142, 3116, t3=t2+(1, 5))	2	97
(3218, 92, 3721, t1) & (3867, 95, 3721, t2=t1+(0, 2)) -> (3721, 92, 3218, t3=t2+(1, 5))	2	98
(3933, 128, 3671, t1) & (3671, 9, 2071, t2=t1+(0, 5)) -> (3933, 9, 3933, t3=t2+(1, 10))	2	99
(901, 59, 4642, t1) & (1750, 143, 901, t2=t1+(0, 7)) -> (4642, 143, 901, t3=t2+(1, 5))	2	100
(1848, 88, 3898, t1) & (3898, 6, 339, t2=t1+(0, 5)) -> (1848, 6, 339, t3=t2+(1, 6))	2	101
(1612, 184, 3052, t1) & (1612, 35, 2757, t2=t1+(0, 2)) -> (3052, 184, 1612, t3=t2+(1, 4))	2	102
(1004, 102, 269, t1) & (269, 31, 269, t2=t1+(0, 7)) -> (269, 31, 269, t3=t2+(1, 3))	2	103
(3390, 118, 1334, t1) & (2875, 85, 3390, t2=t1+(0, 2)) -> (3390, 85, 3390, t3=t2+(1, 3))	2	104
(3120, 37, 4763, t1) & (4152, 178, 4763, t2=t1+(0, 2)) -> (3120, 37, 4763, t3=t2+(1, 7))	2	105
(2623, 4, 1974, t1) & (1974, 169, 1583, t2=t1+(0, 2)) -> (1583, 4, 1974, t3=t2+(1, 7))	2	106
(2197, 55, 3709, t1) & (4770, 76, 3709, t2=t1+(0, 2)) -> (3709, 76, 2197, t3=t2+(1, 6))	2	107
(4927, 104, 969, t1) & (3877, 50, 969, t2=t1+(0, 1)) -> (969, 50, 969, t3=t2+(1, 6))	2	108
(3412, 0, 3306, t1) & (3412, 172, 4986, t2=t1+(0, 6)) -> (4986, 172, 3306, t3=t2+(1, 5))	2	109
(1251, 93, 1791, t1) & (1791, 58, 1251, t2=t1+(0, 4)) -> (1791, 93, 1251, t3=t2+(1, 3))	2	110
(666, 155, 2893, t1) & (666, 131, 3654, t2=t1+(0, 6)) -> (666, 155, 3654, t3=t2+(1, 4))	2	111
(139, 39, 1779, t1) & (1779, 155, 3553, t2=t1+(0, 6)) -> (3553, 39, 3553, t3=t2+(1, 2))	2	112
(2465, 67, 3753, t1) & (2465, 73, 4344, t2=t1+(0, 9)) -> (2465, 73, 2465, t3=t2+(1, 8))	2	113
(773, 0, 1518, t1) & (773, 81, 1809, t2=t1+(0, 9)) -> (1518, 0, 773, t3=t2+(1, 9))	2	114
(1116, 130, 4991, t1) & (4991, 98, 1116, t2=t1+(0, 3)) -> (4991, 130, 1116, t3=t2+(1, 4))	2	115
(715, 16, 946, t1) & (715, 84, 715, t2=t1+(0, 5)) -> (715, 16, 946, t3=t2+(1, 7))	2	116
(931, 102, 1391, t1) & (1391, 76, 1294, t2=t1+(0, 9)) -> (1294, 102, 1391, t3=t2+(1, 3))	2	117
(3899, 68, 1131, t1) & (1131, 199, 1131, t2=t1+(0, 4)) -> (1131, 68, 1131, t3=t2+(1, 6))	2	118
(3643, 152, 1292, t1) & (1292, 21, 1969, t2=t1+(0, 5)) -> (1969, 152, 1292, t3=t2+(1, 5))	2	119
(1579, 98, 714, t1) & (1579, 45, 1579, t2=t1+(0, 6)) -> (1579, 45, 1579, t3=t2+(1, 2))	2	120
(1717, 171, 2023, t1) & (1712, 151, 2023, t2=t1+(0, 4)) -> (1712, 171, 1712, t3=t2+(1, 4))	2	121
(3981, 25, 2037, t1) & (2548, 94, 3981, t2=t1+(0, 3)) -> (3981, 94, 2548, t3=t2+(1, 4))	2	122
(703, 50, 2227, t1) & (4675, 152, 2227, t2=t1+(0, 4)) -> (2227, 152, 703, t3=t2+(1, 4))	2	123
(4958, 90, 755, t1) & (4958, 135, 1998, t2=t1+(0, 2)) -> (1998, 135, 1998, t3=t2+(1, 4))	2	124
(4899, 28, 664, t1) -> (4899, 28, 4899, t2=t1+(1, 8))	1	125
(4596, 39, 4189, t1) -> (4189, 39, 4596, t2=t1+(1, 7))	1	126
(3208, 107, 4963, t1) -> (4963, 107, 4963, t2=t1+(1, 4))	1	127
(3939, 36, 1653, t1) -> (3939, 36, 3939, t2=t1+(1, 4))	1	128
(3959, 144, 3734, t1) -> (3959, 144, 3734, t2=t1+(1, 5))	1	129
(4606, 152, 2717, t1) -> (2717, 152, 4606, t2=t1+(1, 9))	1	130
(3000, 92, 3264, t1) -> (3000, 92, 3000, t2=t1+(1, 3))	1	131
(2090, 184, 3459, t1) -> (2090, 184, 3459, t2=t1+(1, 4))	1	132
(1138, 14, 4517, t1) -> (4517, 14, 1138, t2=t1+(1, 2))	1	133
(4113, 21, 326, t1) -> (326, 21, 326, t2=t1+(1, 4))	1	134
(4999, 101, 3970, t1) -> (3970, 101, 4999, t2=t1+(1, 4))	1	135
(99, 94, 340, t1) -> (340, 94, 340, t2=t1+(1, 5))	1	136
(3556, 12, 1368, t1) -> (3556, 12, 3556, t2=t1+(1, 1))	1	137
(707, 117, 2817, t1) -> (2817, 117, 707, t2=t1+(1, 6))	1	138
(3379, 12, 3391, t1) -> (3391, 12, 3379, t2=t1+(1, 4))	1	139
(2946, 180, 1466, t1) -> (2946, 180, 1466, t2=t1+(1, 6))	1	140
(4541, 186, 1090, t1) -> (4541, 186, 1090, t2=t1+(1, 1))	1	141
(1085, 121, 1213, t1) -> (1085, 121, 1085, t2=t1+(1, 5))	1	142
(4666, 140, 3453, t1) -> (4666, 140, 4666, t2=t1+(1, 8))	1	143
(1193, 86, 4160, t1) -> (1193, 86, 4160, t2=t1+(1, 5))	1	144
(241, 119, 4372, t1) -> (241, 119, 4372, t2=t1+(1, 5))	1	145
(4839, 45, 1593, t1) -> (4839, 45, 1593, t2=t1+(1, 8))	1	146
(3404, 63, 2644, t1) -> (2644, 63, 2644, t2=t1+(1, 7))	1	147
(4275, 190, 3717, t1) -> (3717, 190, 3717, t2=t1+(1, 7))	1	148
(4820, 63, 4909, t1) -> (4820, 63, 4909, t2=t1+(1, 7))	1	149
(894, 68, 3677, t1) -> (3677, 68, 894, t2=t1+(1, 8))	1	150
(3082, 134, 2594, t1) -> (3082, 134, 3082, t2=t1+(1, 6))	1	151
(2529, 79, 4747, t1) -> (2529, 79, 4747, t2=t1+(1, 9))	1	152
(3824, 97, 511, t1) -> (511, 97, 3824, t2=t1+(1, 4))	1	153
(2008, 119, 2187, t1) -> (2187, 119, 2187, t2=t1+(1, 5))	1	154
(222, 83, 4061, t1) -> (222, 83, 222, t2=t1+(1, 4))	1	155
(3538, 1, 825, t1) -> (825, 1, 825, t2=t1+(1, 5))	1	156
(4848, 160, 3704, t1) -> (4848, 160, 4848, t2=t1+(1, 9))	1	157
(1946, 25, 4560, t1) -> (4560, 25, 4560, t2=t1+(1, 4))	1	158
(4380, 43, 1630, t1) -> (1630, 43, 4380, t2=t1+(1, 9))	1	159
(2972, 62, 3518, t1) -> (2972, 62, 2972, t2=t1+(1, 10))	1	160
(1806, 26, 2392, t1) -> (1806, 26, 1806, t2=t1+(1, 6))	1	161
(3740, 150, 2387, t1) -> (2387, 150, 2387, t2=t1+(1, 1))	1	162
(4164, 61, 4987, t1) -> (4164, 61, 4987, t2=t1+(1, 5))	1	163
(4125, 68, 1035, t1) -> (1035, 68, 1035, t2=t1+(1, 5))	1	164
(440, 62, 1827, t1) -> (440, 62, 1827, t2=t1+(1, 3))	1	165
(1029, 187, 4182, t1) -> (4182, 187, 4182, t2=t1+(1, 7))	1	166
(3526, 80, 4081, t1) -> (4081, 80, 4081, t2=t1+(1, 4))	1	167
(2567, 33, 4833, t1) -> (2567, 33, 2567, t2=t1+(1, 3))	1	168
(2859, 150, 965, t1) -> (965, 150, 2859, t2=t1+(1, 6))	1	169
(4041, 71, 183, t1) -> (183, 71, 4041, t2=t1+(1, 3))	1	170
(1940, 49, 3191, t1) -> (1940, 49, 3191, t2=t1+(1, 6))	1	171
(2543, 75, 3142, t1) -> (2543, 75, 2543, t2=t1+(1, 7))	1	172
(700, 56, 4294, t1) -> (700, 56, 4294, t2=t1+(1, 5))	1	173
(690, 104, 2639, t1) -> (2639, 104, 2639, t2=t1+(1, 5))	1	174
(2631, 132, 3180, t1) -> (3180, 132, 2631, t2=t1+(1, 1))	1	175
(891, 8, 1040, t1) -> (1040, 8, 891, t2=t1+(1, 2))	1	176
(2669, 39, 2429, t1) -> (2669, 39, 2669, t2=t1+(1, 7))	1	177
(2828, 166, 4794, t1) -> (4794, 166, 2828, t2=t1+(1, 6))	1	178
(1041, 17, 1500, t1) -> (1500, 17, 1500, t2=t1+(1, 5))	1	179
(43, 167, 3638, t1) -> (43, 167, 43, t2=t1+(1, 6))	1	180
(3100, 161, 564, t1) -> (564, 161, 564, t2=t1+(1, 3))	1	181
(970, 43, 1596, t1) -> (970, 43, 1596, t2=t1+(1, 6))	1	182
(2912, 181, 2318, t1) -> (2912, 181, 2318, t2=t1+(1, 3))	1	183
(1716, 191, 2953, t1) -> (2953, 191, 1716, t2=t1+(1, 6))	1	184
(4821, 44, 4644, t1) -> (4821, 44, 4821, t2=t1+(1, 4))	1	185
(1895, 89, 407, t1) -> (407, 89, 1895, t2=t1+(1, 2))	1	186
(1190, 190, 982, t1) -> (982, 190, 1190, t2=t1+(1, 3))	1	187
(2686, 101, 0, t1) -> (2686, 101, 2686, t2=t1+(1, 2))	1	188
(3782, 98, 3764, t1) -> (3764, 98, 3782, t2=t1+(1, 5))	1	189
(4471, 20, 1726, t1) -> (4471, 20, 4471, t2=t1+(1, 2))	1	190
(2799, 110, 2739, t1) -> (2799, 110, 2739, t2=t1+(1, 5))	1	191
(3070, 194, 2421, t1) -> (3070, 194, 2421, t2=t1+(1, 3))	1	192
(95, 91, 209, t1) -> (95, 91, 95, t2=t1+(1, 8))	1	193
(2525, 165, 1866, t1) -> (1866, 165, 2525, t2=t1+(1, 4))	1	194
(1597, 132, 1224, t1) -> (1597, 132, 1597, t2=t1+(1, 5))	1	195
(106, 42, 2365, t1) -> (106, 42, 106, t2=t1+(1, 7))	1	196
(3830, 178, 2192, t1) -> (2192, 178, 3830, t2=t1+(1, 3))	1	197
(4836, 54, 2790, t1) -> (2790, 54, 4836, t2=t1+(1, 2))	1	198
(4807, 193, 2151, t1) -> (2151, 193, 4807, t2=t1+(1, 4))	1	199
(26, 132, 4640, t1) -> (4640, 132, 4640, t2=t1+(1, 6))	1	200
(3974, 54, 249, t1) -> (3974, 54, 3974, t2=t1+(1, 8))	1	201
(1246, 142, 4501, t1) -> (1246, 142, 1246, t2=t1+(1, 3))	1	202
(4847, 60, 1138, t1) -> (4847, 60, 1138, t2=t1+(1, 9))	1	203
(3162, 84, 707, t1) -> (3162, 84, 707, t2=t1+(1, 5))	1	204
(3222, 112, 935, t1) -> (3222, 112, 935, t2=t1+(1, 6))	1	205
(784, 109, 1669, t1) -> (1669, 109, 1669, t2=t1+(1, 6))	1	206
(2299, 144, 4402, t1) -> (4402, 144, 2299, t2=t1+(1, 7))	1	207
(1142, 85, 4354, t1) -> (1142, 85, 4354, t2=t1+(1, 7))	1	208
(1743, 79, 1025, t1) -> (1025, 79, 1743, t2=t1+(1, 4))	1	209
(4243, 9, 2083, t1) -> (4243, 9, 2083, t2=t1+(1, 2))	1	210
(4615, 190, 4461, t1) -> (4615, 190, 4615, t2=t1+(1, 4))	1	211
(1649, 184, 596, t1) -> (596, 184, 596, t2=t1+(1, 11))	1	212
(2364, 165, 1851, t1) -> (2364, 165, 2364, t2=t1+(1, 6))	1	213
(3105, 89, 2117, t1) -> (3105, 89, 2117, t2=t1+(1, 2))	1	214
(500, 31, 3259, t1) -> (500, 31, 500, t2=t1+(1, 5))	1	215
(2636, 161, 3332, t1) -> (2636, 161, 2636, t2=t1+(1, 6))	1	216
(2972, 140, 1992, t1) -> (2972, 140, 2972, t2=t1+(1, 11))	1	217
(442, 123, 605, t1) -> (442, 123, 442, t2=t1+(1, 1))	1	218
(2131, 56, 3512, t1) -> (3512, 56, 2131, t2=t1+(1, 1))	1	219
(4222, 59, 1729, t1) -> (1729, 59, 1729, t2=t1+(1, 8))	1	220
(856, 35, 1552, t1) -> (856, 35, 1552, t2=t1+(1, 6))	1	221
(4194, 188, 2892, t1) -> (4194, 188, 4194, t2=t1+(1, 4))	1	222
(1916, 16, 3914, t1) -> (3914, 16, 1916, t2=t1+(1, 3))	1	223
(1925, 27, 4655, t1) -> (4655, 27, 1925, t2=t1+(1, 5))	1	224
(3749, 58, 1390, t1) -> (1390, 58, 3749, t2=t1+(1, 7))	1	225
(3743, 84, 623, t1) -> (3743, 84, 623, t2=t1+(1, 4))	1	226
(304, 184, 2080, t1) -> (2080, 184, 2080, t2=t1+(1, 10))	1	227
(349, 136, 1804, t1) -> (1804, 136, 1804, t2=t1+(1, 12))	1	228
(2175, 78, 4329, t1) -> (4329, 78, 2175, t2=t1+(1, 1))	1	229
(1450, 189, 4155, t1) -> (4155, 189, 1450, t2=t1+(1, 5))	1	230
(2274, 190, 2557, t1) -> (2274, 190, 2274, t2=t1+(1, 8))	1	231
(3788, 159, 26, t1) -> (26, 159, 26, t2=t1+(1, 7))	1	232
(2031, 15, 1452, t1) -> (1452, 15, 2031, t2=t1+(1, 4))	1	233
(1482, 138, 641, t1) -> (641, 138, 1482, t2=t1+(1, 6))	1	234
(3292, 16, 3555, t1) -> (3292, 16, 3555, t2=t1+(1, 3))	1	235
(2331, 191, 783, t1) -> (2331, 191, 783, t2=t1+(1, 2))	1	236
(3870, 183, 3559, t1) -> (3870, 183, 3870, t2=t1+(1, 2))	1	237
(1037, 6, 4861, t1) -> (4861, 6, 4861, t2=t1+(1, 3))	1	238
(2949, 147, 3544, t1) -> (3544, 147, 2949, t2=t1+(1, 3))	1	239
(4904, 61, 2075, t1) -> (2075, 61, 2075, t2=t1+(1, 5))	1	240
(4993, 169, 2963, t1) -> (2963, 169, 4993, t2=t1+(1, 4))	1	241
(1557, 127, 2377, t1) -> (1557, 127, 2377, t2=t1+(1, 8))	1	242
(3247, 168, 2812, t1) -> (3247, 168, 3247, t2=t1+(1, 2))	1	243
(4611, 165, 2106, t1) -> (4611, 165, 4611, t2=t1+(1, 3))	1	244
(3989, 19, 1922, t1) -> (3989, 19, 3989, t2=t1+(1, 6))	1	245
(2996, 9, 4747, t1) -> (4747, 9, 4747, t2=t1+(1, 2))	1	246
(3527, 117, 1825, t1) -> (1825, 117, 3527, t2=t1+(1, 5))	1	247
(2481, 98, 3491, t1) -> (2481, 98, 3491, t2=t1+(1, 4))	1	248
(302, 157, 231, t1) -> (302, 157, 231, t2=t1+(1, 2))	1	249
(2884, 196, 2476, t1) -> (2476, 196, 2476, t2=t1+(1, 9))	1	250
(3358, 195, 4722, t1) -> (3358, 195, 3358, t2=t1+(1, 4))	1	251
(1260, 172, 1084, t1) -> (1084, 172, 1084, t2=t1+(1, 9))	1	252
(1559, 128, 1816, t1) -> (1559, 128, 1816, t2=t1+(1, 1))	1	253
(119, 85, 2958, t1) -> (119, 85, 2958, t2=t1+(1, 7))	1	254
(1649, 8, 1327, t1) -> (1327, 8, 1327, t2=t1+(1, 8))	1	255
(1463, 105, 571, t1) -> (571, 105, 571, t2=t1+(1, 6))	1	256
(794, 187, 3285, t1) -> (794, 187, 794, t2=t1+(1, 5))	1	257
(4222, 194, 4322, t1) -> (4222, 194, 4222, t2=t1+(1, 6))	1	258
(2107, 98, 4368, t1) -> (4368, 98, 2107, t2=t1+(1, 5))	1	259
(4599, 117, 2802, t1) -> (4599, 117, 4599, t2=t1+(1, 4))	1	260
(1216, 109, 3393, t1) -> (1216, 109, 1216, t2=t1+(1, 8))	1	261
(640, 186, 799, t1) -> (799, 186, 640, t2=t1+(1, 4))	1	262
(4776, 99, 4261, t1) -> (4776, 99, 4776, t2=t1+(1, 7))	1	263
(578, 155, 1551, t1) -> (1551, 155, 1551, t2=t1+(1, 3))	1	264
(162, 70, 15, t1) -> (162, 70, 162, t2=t1+(1, 10))	1	265
(239, 31, 3749, t1) -> (239, 31, 239, t2=t1+(1, 5))	1	266
(2644, 8, 2033, t1) -> (2033, 8, 2644, t2=t1+(1, 3))	1	267
(4158, 40, 1663, t1) -> (4158, 40, 1663, t2=t1+(1, 4))	1	268
(2167, 98, 3887, t1) -> (3887, 98, 3887, t2=t1+(1, 7))	1	269
(890, 177, 4117, t1) -> (890, 177, 4117, t2=t1+(1, 3))	1	270
(4296, 88, 3876, t1) -> (3876, 88, 3876, t2=t1+(1, 7))	1	271
(4669, 88, 2453, t1) -> (2453, 88, 4669, t2=t1+(1, 10))	1	272
(335, 42, 1555, t1) -> (335, 42, 1555, t2=t1+(1, 6))	1	273
(4642, 108, 603, t1) -> (4642, 108, 4642, t2=t1+(1, 6))	1	274
(4392, 186, 479, t1) -> (479, 186, 479, t2=t1+(1, 4))	1	275
(2814, 137, 1094, t1) -> (2814, 137, 2814, t2=t1+(1, 2))	1	276
(2024, 130, 2492, t1) -> (2024, 130, 2492, t2=t1+(1, 3))	1	277
(346, 151, 3899, t1) -> (346, 151, 3899, t2=t1+(1, 3))	1	278
(2746, 35, 1905, t1) -> (2746, 35, 2746, t2=t1+(1, 3))	1	279
(2748, 182, 1042, t1) -> (1042, 182, 2748, t2=t1+(1, 8))	1	280
(3612, 156, 403, t1) -> (403, 156, 3612, t2=t1+(1, 7))	1	281
(4776, 6, 131, t1) -> (131, 6, 4776, t2=t1+(1, 4))	1	282
(1485, 97, 1444, t1) -> (1485, 97, 1485, t2=t1+(1, 6))	1	283
(1793, 42, 3261, t1) -> (1793, 42, 3261, t2=t1+(1, 4))	1	284
(2338, 9, 261, t1) -> (2338, 9, 261, t2=t1+(1, 4))	1	285
(3455, 86, 142, t1) -> (142, 86, 3455, t2=t1+(1, 2))	1	286
(1842, 81, 4233, t1) -> (4233, 81, 1842, t2=t1+(1, 3))	1	287
(3793, 105, 3486, t1) -> (3486, 105, 3486, t2=t1+(1, 2))	1	288
(2254, 89, 2141, t1) -> (2254, 89, 2254, t2=t1+(1, 5))	1	289
(723, 153, 2928, t1) -> (723, 153, 723, t2=t1+(1, 8))	1	290
(3244, 80, 249, t1) -> (3244, 80, 3244, t2=t1+(1, 4))	1	291
(3204, 18, 595, t1) -> (595, 18, 595, t2=t1+(1, 1))	1	292
(1108, 73, 923, t1) -> (1108, 73, 1108, t2=t1+(1, 9))	1	293
(2831, 60, 349, t1) -> (349, 60, 349, t2=t1+(1, 3))	1	294
(4906, 198, 2863, t1) -> (4906, 198, 2863, t2=t1+(1, 5))	1	295
(277, 59, 1606, t1) -> (277, 59, 1606, t2=t1+(1, 1))	1	296
(2176, 25, 3773, t1) -> (3773, 25, 3773, t2=t1+(1, 5))	1	297
(4594, 61, 3627, t1) -> (4594, 61, 4594, t2=t1+(1, 3))	1	298
(4310, 127, 4509, t1) -> (4509, 127, 4310, t2=t1+(1, 4))	1	299
(3620, 122, 2561, t1) -> (3620, 122, 2561, t2=t1+(1, 5))	1	300
(2202, 83, 511, t1) -> (2202, 83, 511, t2=t1+(1, 4))	1	301
(3421, 198, 3718, t1) -> (3421, 198, 3718, t2=t1+(1, 5))	1	302
(2963, 164, 1355, t1) -> (1355, 164, 1355, t2=t1+(1, 6))	1	303
(1024, 184, 4347, t1) -> (4347, 184, 1024, t2=t1+(1, 8))	1	304
(1480, 8, 2053, t1) -> (1480, 8, 1480, t2=t1+(1, 5))	1	305
(1508, 0, 1311, t1) -> (1508, 0, 1508, t2=t1+(1, 6))	1	306
(2676, 30, 287, t1) -> (287, 30, 2676, t2=t1+(1, 4))	1	307
(2154, 178, 1396, t1) -> (2154, 178, 1396, t2=t1+(1, 3))	1	308
(623, 92, 4978, t1) -> (623, 92, 623, t2=t1+(1, 8))	1	309
(3856, 6, 4531, t1) -> (4531, 6, 4531, t2=t1+(1, 1))	1	310
(1316, 107, 600, t1) -> (1316, 107, 600, t2=t1+(1, 4))	1	311
(4594, 179, 4888, t1) -> (4888, 179, 4594, t2=t1+(1, 3))	1	312
(4706, 112, 598, t1) -> (598, 112, 598, t2=t1+(1, 3))	1	313
(131, 172, 4712, t1) -> (4712, 172, 4712, t2=t1+(1, 6))	1	314
(1318, 167, 3981, t1) -> (3981, 167, 3981, t2=t1+(1, 4))	1	315
(1572, 31, 3121, t1) -> (1572, 31, 3121, t2=t1+(1, 10))	1	316
(2750, 129, 600, t1) -> (600, 129, 600, t2=t1+(1, 4))	1	317
(968, 169, 2363, t1) -> (2363, 169, 968, t2=t1+(1, 3))	1	318
(1455, 174, 2492, t1) -> (2492, 174, 2492, t2=t1+(1, 3))	1	319
(2910, 8, 4111, t1) -> (2910, 8, 4111, t2=t1+(1, 9))	1	320
(15, 119, 4033, t1) -> (15, 119, 15, t2=t1+(1, 6))	1	321
(4932, 26, 3185, t1) -> (3185, 26, 4932, t2=t1+(1, 5))	1	322
(2493, 3, 1885, t1) -> (1885, 3, 1885, t2=t1+(1, 4))	1	323
(1763, 115, 1811, t1) -> (1763, 115, 1763, t2=t1+(1, 5))	1	324
(885, 193, 1159, t1) -> (1159, 193, 1159, t2=t1+(1, 4))	1	325
(1291, 15, 864, t1) -> (1291, 15, 864, t2=t1+(1, 3))	1	326
(34, 198, 3460, t1) -> (3460, 198, 34, t2=t1+(1, 4))	1	327
(965, 193, 586, t1) -> (586, 193, 586, t2=t1+(1, 5))	1	328
(981, 16, 1827, t1) -> (1827, 16, 1827, t2=t1+(1, 5))	1	329
(3171, 33, 3255, t1) -> (3255, 33, 3171, t2=t1+(1, 4))	1	330
(1100, 10, 4759, t1) -> (4759, 10, 1100, t2=t1+(1, 3))	1	331
(1270, 78, 2504, t1) -> (2504, 78, 1270, t2=t1+(1, 4))	1	332
(3142, 55, 1742, t1) -> (1742, 55, 3142, t2=t1+(1, 5))	1	333
(2018, 77, 1498, t1) -> (1498, 77, 2018, t2=t1+(1, 6))	1	334
(1953, 176, 4699, t1) -> (4699, 176, 4699, t2=t1+(1, 5))	1	335
(2221, 35, 998, t1) -> (998, 35, 2221, t2=t1+(1, 4))	1	336
(3256, 91, 4412, t1) -> (3256, 91, 3256, t2=t1+(1, 6))	1	337
(4022, 76, 4806, t1) -> (4806, 76, 4806, t2=t1+(1, 4))	1	338
(4099, 78, 3072, t1) -> (4099, 78, 3072, t2=t1+(1, 5))	1	339
(654, 193, 2571, t1) -> (2571, 193, 654, t2=t1+(1, 5))	1	340
(1203, 64, 4067, t1) -> (1203, 64, 1203, t2=t1+(1, 4))	1	341
(3099, 95, 2387, t1) -> (3099, 95, 2387, t2=t1+(1, 6))	1	342
(2035, 56, 2323, t1) -> (2035, 56, 2323, t2=t1+(1, 6))	1	343
(3508, 138, 3762, t1) -> (3508, 138, 3762, t2=t1+(1, 4))	1	344
(4234, 108, 4679, t1) -> (4234, 108, 4234, t2=t1+(1, 10))	1	345
(5, 90, 2371, t1) -> (2371, 90, 5, t2=t1+(1, 5))	1	346
(4054, 181, 192, t1) -> (192, 181, 4054, t2=t1+(1, 4))	1	347
(2245, 123, 1981, t1) -> (1981, 123, 2245, t2=t1+(1, 5))	1	348
(3251, 95, 4791, t1) -> (3251, 95, 4791, t2=t1+(1, 5))	1	349
(1327, 123, 4577, t1) -> (1327, 123, 1327, t2=t1+(1, 4))	1	350
(417, 197, 605, t1) -> (417, 197, 605, t2=t1+(1, 5))	1	351
(1444, 21, 453, t1) -> (1444, 21, 1444, t2=t1+(1, 1))	1	352
(2568, 72, 4724, t1) -> (4724, 72, 4724, t2=t1+(1, 6))	1	353
(1580, 160, 2718, t1) -> (1580, 160, 2718, t2=t1+(1, 4))	1	354
(2701, 146, 4521, t1) -> (2701, 146, 4521, t2=t1+(1, 2))	1	355
(2468, 122, 2845, t1) -> (2468, 122, 2468, t2=t1+(1, 2))	1	356
(1907, 141, 1503, t1) -> (1503, 141, 1907, t2=t1+(1, 6))	1	357
(1748, 183, 592, t1) -> (592, 183, 592, t2=t1+(1, 5))	1	358
(2158, 70, 3114, t1) -> (3114, 70, 2158, t2=t1+(1, 4))	1	359
(2743, 32, 28, t1) -> (28, 32, 2743, t2=t1+(1, 4))	1	360
(1567, 154, 4451, t1) -> (4451, 154, 1567, t2=t1+(1, 9))	1	361
(3756, 96, 3822, t1) -> (3822, 96, 3756, t2=t1+(1, 4))	1	362
(950, 53, 4623, t1) -> (4623, 53, 950, t2=t1+(1, 6))	1	363
(161, 3, 2589, t1) -> (2589, 3, 161, t2=t1+(1, 10))	1	364
(1008, 124, 1367, t1) -> (1008, 124, 1008, t2=t1+(1, 1))	1	365
(3469, 136, 3171, t1) -> (3171, 136, 3469, t2=t1+(1, 3))	1	366
(844, 111, 176, t1) -> (844, 111, 844, t2=t1+(1, 2))	1	367
(4871, 199, 344, t1) -> (4871, 199, 4871, t2=t1+(1, 4))	1	368
(1602, 47, 1079, t1) -> (1602, 47, 1079, t2=t1+(1, 5))	1	369
(1877, 28, 1342, t1) -> (1342, 28, 1342, t2=t1+(1, 4))	1	370
(494, 65, 4713, t1) -> (4713, 65, 4713, t2=t1+(1, 6))	1	371
(2128, 181, 3995, t1) -> (2128, 181, 2128, t2=t1+(1, 8))	1	372
(3283, 78, 1022, t1) -> (3283, 78, 1022, t2=t1+(1, 4))	1	373
(486, 78, 4199, t1) -> (4199, 78, 4199, t2=t1+(1, 9))	1	374
(271, 82, 3444, t1) -> (3444, 82, 3444, t2=t1+(1, 6))	1	375
(1759, 15, 4696, t1) -> (4696, 15, 4696, t2=t1+(1, 4))	1	376
(638, 48, 1290, t1) -> (638, 48, 638, t2=t1+(1, 7))	1	377
(2289, 35, 1657, t1) -> (2289, 35, 1657, t2=t1+(1, 8))	1	378
(4897, 17, 2079, t1) -> (4897, 17, 4897, t2=t1+(1, 6))	1	379
(2931, 140, 4133, t1) -> (2931, 140, 4133, t2=t1+(1, 4))	1	380
(2749, 91, 1063, t1) -> (2749, 91, 1063, t2=t1+(1, 5))	1	381
(4864, 125, 3774, t1) -> (4864, 125, 3774, t2=t1+(1, 7))	1	382
(4565, 172, 2078, t1) -> (2078, 172, 4565, t2=t1+(1, 1))	1	383
(4183, 147, 4873, t1) -> (4183, 147, 4183, t2=t1+(1, 3))	1	384
(4072, 185, 4226, t1) -> (4226, 185, 4226, t2=t1+(1, 5))	1	385
(3309, 100, 4634, t1) -> (3309, 100, 4634, t2=t1+(1, 5))	1	386
(4038, 29, 3100, t1) -> (3100, 29, 3100, t2=t1+(1, 10))	1	387
(3407, 77, 4479, t1) -> (4479, 77, 3407, t2=t1+(1, 9))	1	388
(2534, 8, 359, t1) -> (359, 8, 2534, t2=t1+(1, 6))	1	389
(1516, 173, 3738, t1) -> (1516, 173, 1516, t2=t1+(1, 5))	1	390
(3471, 135, 2717, t1) -> (2717, 135, 3471, t2=t1+(1, 3))	1	391
(1773, 37, 4583, t1) -> (4583, 37, 4583, t2=t1+(1, 5))	1	392
(114, 38, 2828, t1) -> (114, 38, 2828, t2=t1+(1, 7))	1	393
(1248, 31, 763, t1) -> (763, 31, 763, t2=t1+(1, 5))	1	394
(3982, 57, 4494, t1) -> (4494, 57, 3982, t2=t1+(1, 3))	1	395
(1740, 35, 4018, t1) -> (4018, 35, 4018, t2=t1+(1, 4))	1	396
(1822, 26, 3872, t1) -> (1822, 26, 3872, t2=t1+(1, 3))	1	397
(2825, 8, 2423, t1) -> (2423, 8, 2825, t2=t1+(1, 3))	1	398
(2640, 12, 2105, t1) -> (2640, 12, 2105, t2=t1+(1, 7))	1	399
(4030, 146, 878, t1) -> (4030, 146, 4030, t2=t1+(1, 4))	1	400
(751, 27, 28, t1) -> (751, 27, 28, t2=t1+(1, 8))	1	401
(3130, 6, 3282, t1) -> (3130, 6, 3282, t2=t1+(1, 5))	1	402
(154, 146, 973, t1) -> (973, 146, 154, t2=t1+(1, 6))	1	403
(4887, 134, 4317, t1) -> (4317, 134, 4317, t2=t1+(1, 5))	1	404
(1053, 173, 3592, t1) -> (1053, 173, 3592, t2=t1+(1, 4))	1	405
(3673, 48, 1267, t1) -> (3673, 48, 1267, t2=t1+(1, 3))	1	406
(76, 89, 3357, t1) -> (76, 89, 3357, t2=t1+(1, 6))	1	407
(313, 55, 4978, t1) -> (313, 55, 4978, t2=t1+(1, 4))	1	408
(4655, 122, 777, t1) -> (4655, 122, 4655, t2=t1+(1, 6))	1	409
(3589, 25, 3202, t1) -> (3589, 25, 3589, t2=t1+(1, 6))	1	410
(1332, 84, 967, t1) -> (1332, 84, 967, t2=t1+(1, 5))	1	411
(2118, 74, 2826, t1) -> (2826, 74, 2118, t2=t1+(1, 4))	1	412
(4665, 186, 4085, t1) -> (4665, 186, 4085, t2=t1+(1, 3))	1	413
(959, 79, 1636, t1) -> (1636, 79, 959, t2=t1+(1, 2))	1	414
(1878, 41, 4668, t1) -> (1878, 41, 1878, t2=t1+(1, 4))	1	415
(3342, 139, 3594, t1) -> (3342, 139, 3594, t2=t1+(1, 8))	1	416
(2572, 11, 204, t1) -> (204, 11, 2572, t2=t1+(1, 6))	1	417
(506, 170, 2027, t1) -> (506, 170, 2027, t2=t1+(1, 3))	1	418
(1099, 151, 3372, t1) -> (1099, 151, 1099, t2=t1+(1, 3))	1	419
(1466, 18, 3544, t1) -> (3544, 18, 1466, t2=t1+(1, 7))	1	420
(4022, 60, 2561, t1) -> (4022, 60, 4022, t2=t1+(1, 2))	1	421
(914, 182, 2861, t1) -> (914, 182, 914, t2=t1+(1, 7))	1	422
(315, 157, 4690, t1) -> (315, 157, 315, t2=t1+(1, 3))	1	423
(3185, 131, 1421, t1) -> (3185, 131, 3185, t2=t1+(1, 1))	1	424
(4828, 71, 118, t1) -> (4828, 71, 118, t2=t1+(1, 5))	1	425
(1098, 92, 3361, t1) -> (1098, 92, 1098, t2=t1+(1, 5))	1	426
(3123, 149, 4583, t1) -> (3123, 149, 3123, t2=t1+(1, 8))	1	427
(3561, 195, 4391, t1) -> (4391, 195, 3561, t2=t1+(1, 8))	1	428
(1283, 89, 1935, t1) -> (1283, 89, 1283, t2=t1+(1, 6))	1	429
(873, 9, 3224, t1) -> (3224, 9, 3224, t2=t1+(1, 1))	1	430
(1029, 26, 2368, t1) -> (2368, 26, 2368, t2=t1+(1, 6))	1	431
(3217, 155, 3964, t1) -> (3964, 155, 3217, t2=t1+(1, 2))	1	432
(846, 181, 4535, t1) -> (846, 181, 4535, t2=t1+(1, 5))	1	433
(4777, 6, 97, t1) -> (4777, 6, 4777, t2=t1+(1, 4))	1	434
(4363, 171, 1396, t1) -> (4363, 171, 4363, t2=t1+(1, 4))	1	435
(3398, 132, 4257, t1) -> (4257, 132, 4257, t2=t1+(1, 3))	1	436
(2630, 182, 2516, t1) -> (2516, 182, 2630, t2=t1+(1, 6))	1	437
(1279, 59, 145, t1) -> (145, 59, 1279, t2=t1+(1, 2))	1	438
(4852, 125, 3312, t1) -> (3312, 125, 4852, t2=t1+(1, 6))	1	439
(3806, 52, 1525, t1) -> (3806, 52, 1525, t2=t1+(1, 6))	1	440
(4802, 52, 1844, t1) -> (4802, 52, 4802, t2=t1+(1, 6))	1	441
(1009, 123, 3376, t1) -> (3376, 123, 3376, t2=t1+(1, 7))	1	442
(3334, 19, 3300, t1) -> (3334, 19, 3300, t2=t1+(1, 2))	1	443
(4458, 196, 1695, t1) -> (4458, 196, 4458, t2=t1+(1, 6))	1	444
(3537, 77, 503, t1) -> (503, 77, 503, t2=t1+(1, 6))	1	445
(4843, 75, 3914, t1) -> (3914, 75, 4843, t2=t1+(1, 5))	1	446
(1921, 85, 2708, t1) -> (2708, 85, 1921, t2=t1+(1, 7))	1	447
(3429, 178, 1345, t1) -> (3429, 178, 3429, t2=t1+(1, 5))	1	448
(336, 74, 3417, t1) -> (3417, 74, 336, t2=t1+(1, 3))	1	449
(3709, 123, 1999, t1) -> (3709, 123, 1999, t2=t1+(1, 8))	1	450
(2640, 6, 925, t1) -> (925, 6, 925, t2=t1+(1, 3))	1	451
(3601, 155, 1769, t1) -> (1769, 155, 1769, t2=t1+(1, 7))	1	452
(1762, 154, 3660, t1) -> (1762, 154, 3660, t2=t1+(1, 1))	1	453
(2933, 5, 3550, t1) -> (3550, 5, 2933, t2=t1+(1, 4))	1	454
(4230, 70, 1465, t1) -> (4230, 70, 1465, t2=t1+(1, 3))	1	455
(2794, 73, 2384, t1) -> (2384, 73, 2794, t2=t1+(1, 4))	1	456
(3689, 15, 4766, t1) -> (4766, 15, 3689, t2=t1+(1, 9))	1	457
(4380, 83, 1143, t1) -> (4380, 83, 1143, t2=t1+(1, 5))	1	458
(4892, 190, 3103, t1) -> (3103, 190, 4892, t2=t1+(1, 4))	1	459
(4733, 85, 1251, t1) -> (4733, 85, 1251, t2=t1+(1, 6))	1	460
(148, 102, 1765, t1) -> (148, 102, 148, t2=t1+(1, 1))	1	461
(788, 84, 3421, t1) -> (788, 84, 3421, t2=t1+(1, 3))	1	462
(4815, 178, 834, t1) -> (4815, 178, 4815, t2=t1+(1, 4))	1	463
(2203, 69, 3925, t1) -> (2203, 69, 2203, t2=t1+(1, 6))	1	464
(4641, 58, 4785, t1) -> (4785, 58, 4785, t2=t1+(1, 8))	1	465
(1671, 92, 346, t1) -> (1671, 92, 1671, t2=t1+(1, 5))	1	466
(2165, 62, 527, t1) -> (527, 62, 527, t2=t1+(1, 5))	1	467
(3557, 73, 4732, t1) -> (4732, 73, 3557, t2=t1+(1, 3))	1	468
(438, 119, 3351, t1) -> (438, 119, 3351, t2=t1+(1, 11))	1	469
(1021, 95, 3188, t1) -> (3188, 95, 1021, t2=t1+(1, 5))	1	470
(4067, 96, 101, t1) -> (101, 96, 4067, t2=t1+(1, 6))	1	471
(4195, 114, 518, t1) -> (518, 114, 518, t2=t1+(1, 5))	1	472
(3257, 52, 1572, t1) -> (3257, 52, 1572, t2=t1+(1, 6))	1	473
(3812, 98, 3739, t1) -> (3812, 98, 3812, t2=t1+(1, 7))	1	474
(2686, 16, 1352, t1) -> (1352, 16, 1352, t2=t1+(1, 3))	1	475
(1590, 79, 4324, t1) -> (4324, 79, 1590, t2=t1+(1, 4))	1	476
(4940, 199, 4001, t1) -> (4940, 199, 4001, t2=t1+(1, 6))	1	477
(1096, 164, 2851, t1) -> (1096, 164, 1096, t2=t1+(1, 1))	1	478
(1180, 1, 2221, t1) -> (2221, 1, 1180, t2=t1+(1, 6))	1	479
(4922, 188, 4634, t1) -> (4922, 188, 4634, t2=t1+(1, 4))	1	480
(2686, 122, 4178, t1) -> (2686, 122, 4178, t2=t1+(1, 4))	1	481
(2527, 106, 1129, t1) -> (2527, 106, 1129, t2=t1+(1, 1))	1	482
(3887, 0, 2873, t1) -> (3887, 0, 2873, t2=t1+(1, 3))	1	483
(2820, 183, 2488, t1) -> (2820, 183, 2820, t2=t1+(1, 3))	1	484
(1529, 0, 1207, t1) -> (1207, 0, 1207, t2=t1+(1, 1))	1	485
(754, 57, 3781, t1) -> (754, 57, 754, t2=t1+(1, 8))	1	486
(4742, 46, 3109, t1) -> (4742, 46, 4742, t2=t1+(1, 3))	1	487
(2609, 117, 2846, t1) -> (2846, 117, 2846, t2=t1+(1, 6))	1	488
(2234, 170, 3493, t1) -> (2234, 170, 3493, t2=t1+(1, 5))	1	489
(4282, 179, 3715, t1) -> (4282, 179, 3715, t2=t1+(1, 7))	1	490
(4846, 26, 2916, t1) -> (4846, 26, 4846, t2=t1+(1, 5))	1	491
(693, 51, 3875, t1) -> (693, 51, 3875, t2=t1+(1, 6))	1	492
(1019, 161, 286, t1) -> (1019, 161, 1019, t2=t1+(1, 6))	1	493
(42, 131, 2278, t1) -> (2278, 131, 42, t2=t1+(1, 6))	1	494
(2574, 163, 2370, t1) -> (2370, 163, 2370, t2=t1+(1, 6))	1	495
(839, 149, 2657, t1) -> (839, 149, 839, t2=t1+(1, 3))	1	496
(4811, 40, 3630, t1) -> (4811, 40, 4811, t2=t1+(1, 9))	1	497
(3623, 24, 2431, t1) -> (3623, 24, 3623, t2=t1+(1, 3))	1	498
(4433, 2, 1457, t1) -> (4433, 2, 1457, t2=t1+(1, 6))	1	499
(4608, 60, 2, t1) -> (2, 60, 2, t2=t1+(1, 4))	1	500
(4693, 2, 1962, t1) -> (4693, 2, 1962, t2=t1+(1, 6))	1	501
(1207, 99, 884, t1) -> (884, 99, 1207, t2=t1+(1, 4))	1	502
(3892, 18, 2506, t1) -> (2506, 18, 2506, t2=t1+(1, 3))	1	503
(597, 140, 3337, t1) -> (597, 140, 3337, t2=t1+(1, 4))	1	504
(1029, 161, 1473, t1) -> (1029, 161, 1473, t2=t1+(1, 6))	1	505
(2925, 74, 282, t1) -> (2925, 74, 282, t2=t1+(1, 6))	1	506
(610, 160, 1138, t1) -> (1138, 160, 610, t2=t1+(1, 7))	1	507
(4092, 171, 3341, t1) -> (3341, 171, 3341, t2=t1+(1, 3))	1	508
(2135, 181, 3875, t1) -> (3875, 181, 3875, t2=t1+(1, 4))	1	509
(1035, 92, 4828, t1) -> (4828, 92, 1035, t2=t1+(1, 6))	1	510
(3255, 137, 1464, t1) -> (3255, 137, 1464, t2=t1+(1, 1))	1	511
(2169, 172, 4952, t1) -> (4952, 172, 4952, t2=t1+(1, 7))	1	512
(2739, 130, 1632, t1) -> (2739, 130, 2739, t2=t1+(1, 5))	1	513
(1457, 80, 686, t1) -> (1457, 80, 686, t2=t1+(1, 5))	1	514
(3619, 116, 1422, t1) -> (3619, 116, 1422, t2=t1+(1, 3))	1	515
(4380, 109, 4844, t1) -> (4380, 109, 4380, t2=t1+(1, 5))	1	516
(4601, 133, 3264, t1) -> (3264, 133, 3264, t2=t1+(1, 6))	1	517
(218, 160, 4276, t1) -> (4276, 160, 218, t2=t1+(1, 7))	1	518
(4588, 176, 1695, t1) -> (4588, 176, 1695, t2=t1+(1, 7))	1	519
(1277, 64, 3013, t1) -> (1277, 64, 3013, t2=t1+(1, 9))	1	520
(337, 175, 283, t1) -> (283, 175, 337, t2=t1+(1, 4))	1	521
(374, 87, 3106, t1) -> (374, 87, 374, t2=t1+(1, 5))	1	522
(1861, 128, 1699, t1) -> (1699, 128, 1699, t2=t1+(1, 5))	1	523
(157, 17, 3949, t1) -> (157, 17, 157, t2=t1+(1, 6))	1	524
