(422, 56, 4936, t1) & (3030, 8, 2680, t2=t1+(0, 2)) & (422, 17, 2680, t3=t2+(0, 5)) -> (2680, 8, 422, t4=t3+(1, 5))	3	0
(151, 22, 4423, t1) & (277, 165, 3646, t2=t1+(0, 7)) & (277, 128, 151, t3=t2+(0, 3)) -> (277, 128, 277, t4=t3+(1, 3))	3	1
(1082, 150, 377, t1) & (4553, 189, 3189, t2=t1+(0, 1)) & (4553, 102, 377, t3=t2+(0, 5)) -> (4553, 189, 1082, t4=t3+(1, 7))	3	2
(27, 180, 478, t1) & (329, 106, 3471, t2=t1+(0, 4)) & (3471, 158, 27, t3=t2+(0, 4)) -> (478, 180, 27, t4=t3+(1, 2))	3	3
(2838, 168, 855, t1) & (1742, 64, 1737, t2=t1+(0, 4)) & (1737, 172, 2838, t3=t2+(0, 2)) -> (1737, 168, 1737, t4=t3+(1, 2))	3	4
(1389, 183, 1760, t1) & (581, 78, 4689, t2=t1+(0, 7)) & (1760, 183, 4689, t3=t2+(0, 7)) -> (581, 183, 1760, t4=t3+(1, 2))	3	5
(3747, 9, 2377, t1) & (4515, 90, 2586, t2=t1+(0, 3)) & (3747, 32, 4515, t3=t2+(0, 4)) -> (3747, 90, 3747, t4=t3+(1, 6))	3	6
(1149, 60, 1435, t1) & (1018, 1, 4005, t2=t1+(0, 7)) & (1435, 144, 1018, t3=t2+(0, 7)) -> (1435, 144, 1435, t4=t3+(1, 7))	3	7
(3908, 92, 3991, t1) & (4009, 116, 4436, t2=t1+(0, 6)) & (3991, 114, 4009, t3=t2+(0, 5)) -> (4009, 114, 4009, t4=t3+(1, 6))	3	8
(4602, 168, 349, t1) & (753, 41, 1109, t2=t1+(0, 8)) & (4602, 24, 753, t3=t2+(0, 11)) -> (4602, 24, 753, t4=t3+(1, 11))	3	9
(2753, 166, 1226, t1) & (1778, 11, 4463, t2=t1+(0, 1)) & (2753, 148, 1778, t3=t2+(0, 4)) -> (1226, 148, 1778, t4=t3+(1, 3))	3	10
(1061, 108, 499, t1) & (2296, 90, 4814, t2=t1+(0, 8)) & (499, 181, 4814, t3=t2+(0, 3)) -> (2296, 181, 2296, t4=t3+(1, 2))	3	11
(559, 162, 1567, t1) & (3282, 63, 385, t2=t1+(0, 3)) & (559, 79, 385, t3=t2+(0, 5)) -> (3282, 79, 385, t4=t3+(1, 3))	3	12
(3668, 180, 871, t1) & (125, 11, 3940, t2=t1+(0, 3)) & (871, 62, 125, t3=t2+(0, 5)) -> (3940, 180, 3668, t4=t3+(1, 5))	3	13
(191, 48, 3235, t1) & (3261, 92, 2289, t2=t1+(0, 5)) & (3235, 146, 3261, t3=t2+(0, 3)) -> (191, 92, 3261, t4=t3+(1, 4))	3	14
(564, 156, 1645, t1) & (1346, 108, 774, t2=t1+(0, 3)) & (564, 138, 774, t3=t2+(0, 3)) -> (564, 108, 1346, t4=t3+(1, 3))	3	15
(1277, 18, 2439, t1) & (1179, 166, 888, t2=t1+(0, 7)) & (1179, 79, 1277, t3=t2+(0, 3)) -> (1277, 18, 1179, t4=t3+(1, 10))	3	16
(2282, 94, 2542, t1) & (3393, 125, 1957, t2=t1+(0, 5)) & (2282, 122, 3393, t3=t2+(0, 5)) -> (1957, 94, 2282, t4=t3+(1, 7))	3	17
(3636, 30, 106, t1) & (1363, 24, 2436, t2=t1+(0, 6)) & (3636, 104, 1363, t3=t2+(0, 1)) -> (2436, 104, 2436, t4=t3+(1, 4))	3	18
(2050, 97, 784, t1) & (90, 91, 2230, t2=t1+(0, 4)) & (90, 161, 784, t3=t2+(0, 4)) -> (2230, 161, 2050, t4=t3+(1, 4))	3	19
(354, 144, 3244, t1) & (229, 32, 4735, t2=t1+(0, 7)) & (229, 189, 354, t3=t2+(0, 8)) -> (229, 144, 354, t4=t3+(1, 4))	3	20
(4434, 115, 4460, t1) & (692, 90, 2702, t2=t1+(0, 3)) & (4434, 123, 2702, t3=t2+(0, 5)) -> (4460, 123, 4460, t4=t3+(1, 7))	3	21
(3425, 15, 4740, t1) & (3271, 104, 4353, t2=t1+(0, 4)) & (4740, 131, 4353, t3=t2+(0, 4)) -> (4353, 15, 3425, t4=t3+(1, 9))	3	22
(1867, 86, 2254, t1) & (4133, 53, 2231, t2=t1+(0, 5)) & (2231, 144, 2254, t3=t2+(0, 6)) -> (2254, 86, 2231, t4=t3+(1, 3))	3	23
(4501, 3, 2545, t1) & (3035, 86, 300, t2=t1+(0, 8)) & (3035, 153, 2545, t3=t2+(0, 3)) -> (2545, 3, 300, t4=t3+(1, 1))	3	24
(3899, 16, 904, t1) & (1498, 7, 4693, t2=t1+(0, 4)) & (1498, 60, 904, t3=t2+(0, 7)) -> (1498, 7, 904, t4=t3+(1, 4))	3	25
(3833, 48, 4074, t1) & (2680, 0, 3247, t2=t1+(0, 6)) & (2680, 38, 3833, t3=t2+(0, 5)) -> (3833, 38, 4074, t4=t3+(1, 8))	3	26
(379, 15, 3896, t1) & (4701, 84, 2484, t2=t1+(0, 3)) & (4701, 80, 379, t3=t2+(0, 6)) -> (3896, 84, 4701, t4=t3+(1, 2))	3	27
(1185, 112, 2186, t1) & (3176, 13, 4143, t2=t1+(0, 11)) & (4143, 177, 1185, t3=t2+(0, 5)) -> (4143, 13, 4143, t4=t3+(1, 11))	3	28
(3260, 91, 4404, t1) & (3575, 146, 1454, t2=t1+(0, 4)) & (4404, 112, 3575, t3=t2+(0, 9)) -> (4404, 112, 3575, t4=t3+(1, 6))	3	29
(80, 152, 847, t1) & (1300, 4, 2517, t2=t1+(0, 6)) & (80, 90, 1300, t3=t2+(0, 7)) -> (847, 152, 847, t4=t3+(1, 5))	3	30
(1486, 78, 3299, t1) & (3484, 61, 1557, t2=t1+(0, 7)) & (3299, 22, 1557, t3=t2+(0, 7)) -> (1557, 78, 3299, t4=t3+(1, 3))	3	31
(304, 170, 3625, t1) & (1851, 67, 2318, t2=t1+(0, 8)) & (304, 134, 1851, t3=t2+(0, 5)) -> (304, 170, 304, t4=t3+(1, 5))	3	32
(2135, 60, 3886, t1) & (4896, 46, 2341, t2=t1+(0, 6)) & (2135, 6, 4896, t3=t2+(0, 4)) -> (3886, 60, 4896, t4=t3+(1, 8))	3	33
(2131, 19, 3594, t1) & (537, 113, 957, t2=t1+(0, 8)) & (537, 86, 3594, t3=t2+(0, 4)) -> (3594, 113, 537, t4=t3+(1, 4))	3	34
(3029, 147, 3278, t1) & (2442, 135, 4220, t2=t1+(0, 3)) & (2442, 135, 3278, t3=t2+(0, 4)) -> (3278, 135, 3278, t4=t3+(1, 5))	3	35
(157, 197, 4979, t1) & (4702, 15, 91, t2=t1+(0, 8)) & (157, 39, 91, t3=t2+(0, 2)) -> (4979, 39, 91, t4=t3+(1, 4))	3	36
(2818, 167, 2967, t1) & (1894, 103, 1869, t2=t1+(0, 4)) & (1869, 84, 2818, t3=t2+(0, 7)) -> (2818, 103, 1894, t4=t3+(1, 2))	3	37
(4209, 122, 2583, t1) & (3354, 23, 3002, t2=t1+(0, 8)) & (2583, 167, 3002, t3=t2+(0, 3)) -> (2583, 23, 2583, t4=t3+(1, 3))	3	38
(151, 182, 4373, t1) & (506, 37, 3644, t2=t1+(0, 4)) & (4373, 64, 3644, t3=t2+(0, 4)) -> (506, 37, 151, t4=t3+(1, 2))	3	39
(313, 50, 423, t1) & (2924, 15, 4950, t2=t1+(0, 8)) & (2924, 164, 423, t3=t2+(0, 1)) -> (2924, 164, 423, t4=t3+(1, 8))	3	40
(3451, 36, 940, t1) & (415, 158, 792, t2=t1+(0, 4)) & (415, 25, 940, t3=t2+(0, 4)) -> (3451, 36, 940, t4=t3+(1, 6))	3	41
(948, 26, 729, t1) & (2069, 136, 1540, t2=t1+(0, 7)) & (1540, 5, 729, t3=t2+(0, 2)) -> (729, 136, 729, t4=t3+(1, 6))	3	42
(1813, 182, 482, t1) & (1327, 140, 3958, t2=t1+(0, 1)) & (482, 147, 1327, t3=t2+(0, 3)) -> (1813, 182, 3958, t4=t3+(1, 4))	3	43
(1040, 49, 3269, t1) & (4275, 134, 3884, t2=t1+(0, 4)) & (1040, 29, 4275, t3=t2+(0, 5)) -> (4275, 49, 3884, t4=t3+(1, 5))	3	44
(3805, 37, 2191, t1) & (4761, 23, 3065, t2=t1+(0, 3)) & (3805, 170, 3065, t3=t2+(0, 4)) -> (2191, 37, 3065, t4=t3+(1, 4))	3	45
(4968, 95, 952, t1) & (3475, 196, 2371, t2=t1+(0, 6)) & (952, 14, 2371, t3=t2+(0, 8)) -> (952, 196, 952, t4=t3+(1, 5))	3	46
(1412, 145, 550, t1) & (4190, 192, 4577, t2=t1+(0, 5)) & (4190, 198, 1412, t3=t2+(0, 4)) -> (4190, 198, 1412, t4=t3+(1, 9))	3	47
(809, 176, 2433, t1) & (1635, 61, 73, t2=t1+(0, 3)) & (1635, 171, 809, t3=t2+(0, 4)) -> (1635, 176, 73, t4=t3+(1, 11))	3	48
(3827, 3, 1772, t1) & (3506, 159, 2830, t2=t1+(0, 5)) & (3506, 149, 1772, t3=t2+(0, 6)) -> (1772, 3, 2830, t4=t3+(1, 10))	3	49
(3673, 127, 2693, t1) & (4108, 76, 1907, t2=t1+(0, 5)) & (2693, 195, 4108, t3=t2+(0, 5)) -> (3673, 76, 4108, t4=t3+(1, 7))	3	50
(685, 23, 4610, t1) & (2470, 68, 2614, t2=t1+(0, 5)) & (2470, 105, 685, t3=t2+(0, 6)) -> (2470, 23, 4610, t4=t3+(1, 5))	3	51
(2536, 163, 72, t1) & (1080, 167, 1097, t2=t1+(0, 5)) & (1080, 167, 72, t3=t2+(0, 3)) -> (1080, 167, 1080, t4=t3+(1, 4))	3	52
(2706, 82, 3759, t1) & (2048, 144, 2522, t2=t1+(0, 5)) & (2048, 45, 3759, t3=t2+(0, 7)) -> (2048, 82, 2048, t4=t3+(1, 3))	3	53
(4858, 2, 1864, t1) & (1836, 34, 4380, t2=t1+(0, 2)) & (1836, 86, 4858, t3=t2+(0, 7)) -> (4858, 2, 4858, t4=t3+(1, 7))	3	54
(2577, 5, 3370, t1) & (4442, 78, 32, t2=t1+(0, 1)) & (2577, 182, 4442, t3=t2+(0, 3)) -> (4442, 182, 2577, t4=t3+(1, 4))	3	55
(1917, 56, 354, t1) & (4902, 150, 1724, t2=t1+(0, 5)) & (1724, 62, 1917, t3=t2+(0, 3)) -> (1724, 62, 1724, t4=t3+(1, 7))	3	56
(3532, 7, 4225, t1) & (101, 188, 866, t2=t1+(0, 6)) & (101, 160, 4225, t3=t2+(0, 6)) -> (866, 188, 866, t4=t3+(1, 3))	3	57
(2575, 178, 1110, t1) & (57, 170, 3622, t2=t1+(0, 4)) & (1110, 136, 57, t3=t2+(0, 6)) -> (1110, 170, 3622, t4=t3+(1, 2))	3	58
(473, 160, 758, t1) & (98, 103, 1492, t2=t1+(0, 6)) & (473, 152, 98, t3=t2+(0, 2)) -> (1492, 103, 98, t4=t3+(1, 4))	3	59
(320, 157, 2068, t1) & (4436, 54, 2825, t2=t1+(0, 4)) & (320, 33, 4436, t3=t2+(0, 3)) -> (4436, 157, 4436, t4=t3+(1, 8))	3	60
(2323, 20, 3402, t1) & (1704, 161, 3790, t2=t1+(0, 5)) & (3402, 123, 1704, t3=t2+(0, 4)) -> (1704, 161, 3402, t4=t3+(1, 5))	3	61
(449, 71, 1264, t1) & (542, 83, 1019, t2=t1+(0, 3)) & (542, 10, 449, t3=t2+(0, 8)) -> (542, 71, 542, t4=t3+(1, 8))	3	62
(4964, 94, 2273, t1) & (3477, 189, 3392, t2=t1+(0, 5)) & (3477, 131, 4964, t3=t2+(0, 5)) -> (3477, 94, 2273, t4=t3+(1, 8))	3	63
(4251, 153, 1961, t1) & (142, 65, 1870, t2=t1+(0, 3)) & (1961, 185, 142, t3=t2+(0, 3)) -> (4251, 185, 1961, t4=t3+(1, 6))	3	64
(2196, 127, 3470, t1) & (349, 8, 3312, t2=t1+(0, 9)) & (2196, 182, 3312, t3=t2+(0, 5)) -> (2196, 127, 3312, t4=t3+(1, 7))	3	65
(1958, 136, 3595, t1) & (2102, 76, 2707, t2=t1+(0, 2)) & (2102, 114, 3595, t3=t2+(0, 9)) -> (2707, 114, 2102, t4=t3+(1, 4))	3	66
(4304, 147, 1135, t1) & (252, 190, 523, t2=t1+(0, 5)) & (1135, 29, 523, t3=t2+(0, 3)) -> (1135, 29, 1135, t4=t3+(1, 7))	3	67
(2065, 147, 3032, t1) & (4564, 159, 1049, t2=t1+(0, 7)) & (2065, 38, 4564, t3=t2+(0, 6)) -> (2065, 38, 2065, t4=t3+(1, 7))	3	68
(2691, 25, 2137, t1) & (4362, 28, 1146, t2=t1+(0, 2)) & (2691, 120, 4362, t3=t2+(0, 1)) -> (2691, 25, 1146, t4=t3+(1, 4))	3	69
(3333, 151, 4186, t1) & (4918, 45, 1259, t2=t1+(0, 1)) & (4186, 46, 4918, t3=t2+(0, 3)) -> (1259, 151, 3333, t4=t3+(1, 3))	3	70
(742, 14, 4194, t1) & (2296, 38, 4493, t2=t1+(0, 6)) & (2296, 60, 4194, t3=t2+(0, 5)) -> (2296, 14, 4194, t4=t3+(1, 8))	3	71
(3993, 173, 2155, t1) & (2507, 180, 292, t2=t1+(0, 3)) & (3993, 173, 2507, t3=t2+(0, 3)) -> (3993, 180, 3993, t4=t3+(1, 6))	3	72
(1992, 57, 4152, t1) & (4370, 43, 194, t2=t1+(0, 4)) & (194, 34, 4152, t3=t2+(0, 11)) -> (4152, 57, 194, t4=t3+(1, 2))	3	73
(4161, 180, 4592, t1) & (845, 89, 3147, t2=t1+(0, 10)) & (4161, 103, 845, t3=t2+(0, 6)) -> (4161, 103, 845, t4=t3+(1, 5))	3	74
(4994, 159, 3141, t1) & (2134, 160, 3627, t2=t1+(0, 6)) & (2134, 156, 4994, t3=t2+(0, 4)) -> (3141, 160, 4994, t4=t3+(1, 7))	3	75
(160, 64, 3461, t1) & (4973, 128, 2529, t2=t1+(0, 8)) & (4973, 156, 3461, t3=t2+(0, 2)) -> (160, 156, 2529, t4=t3+(1, 5))	3	76
(2688, 126, 3067, t1) & (4576, 61, 790, t2=t1+(0, 3)) & (2688, 72, 4576, t3=t2+(0, 4)) -> (4576, 72, 3067, t4=t3+(1, 8))	3	77
(4512, 49, 3792, t1) & (3017, 186, 250, t2=t1+(0, 3)) & (3017, 107, 4512, t3=t2+(0, 5)) -> (4512, 186, 4512, t4=t3+(1, 5))	3	78
(2371, 164, 4765, t1) & (2121, 114, 1154, t2=t1+(0, 7)) & (4765, 175, 2121, t3=t2+(0, 2)) -> (1154, 164, 2371, t4=t3+(1, 4))	3	79
(504, 30, 4101, t1) & (1863, 19, 1386, t2=t1+(0, 5)) & (504, 177, 1863, t3=t2+(0, 3)) -> (1863, 30, 4101, t4=t3+(1, 3))	3	80
(754, 72, 3315, t1) & (4427, 86, 1142, t2=t1+(0, 4)) & (1142, 145, 3315, t3=t2+(0, 1)) -> (3315, 145, 3315, t4=t3+(1, 3))	3	81
(1677, 64, 3614, t1) & (382, 112, 2362, t2=t1+(0, 4)) & (382, 66, 3614, t3=t2+(0, 6)) -> (3614, 112, 3614, t4=t3+(1, 2))	3	82
(2395, 32, 4985, t1) & (4664, 146, 3213, t2=t1+(0, 5)) & (4664, 83, 2395, t3=t2+(0, 5)) -> (4664, 83, 2395, t4=t3+(1, 8))	3	83
(4118, 197, 1381, t1) & (3288, 101, 2967, t2=t1+(0, 8)) & (2967, 197, 1381, t3=t2+(0, 3)) -> (2967, 197, 4118, t4=t3+(1, 3))	3	84
(3552, 196, 1845, t1) & (101, 8, 1117, t2=t1+(0, 8)) & (1117, 74, 1845, t3=t2+(0, 5)) -> (3552, 74, 1117, t4=t3+(1, 6))	3	85
(3973, 129, 2205, t1) & (546, 25, 2757, t2=t1+(0, 5)) & (546, 137, 3973, t3=t2+(0, 5)) -> (2757, 129, 546, t4=t3+(1, 5))	3	86
(209, 131, 2981, t1) & (4531, 127, 3221, t2=t1+(0, 3)) & (209, 125, 3221, t3=t2+(0, 2)) -> (3221, 127, 3221, t4=t3+(1, 5))	3	87
(4479, 53, 2717, t1) & (4362, 77, 1602, t2=t1+(0, 2)) & (2717, 94, 4362, t3=t2+(0, 4)) -> (4362, 77, 1602, t4=t3+(1, 1))	3	88
(2988, 137, 573, t1) & (1834, 100, 681, t2=t1+(0, 5)) & (1834, 67, 573, t3=t2+(0, 2)) -> (681, 67, 573, t4=t3+(1, 4))	3	89
(3732, 22, 1948, t1) & (3173, 95, 1724, t2=t1+(0, 3)) & (3173, 44, 3732, t3=t2+(0, 3)) -> (3173, 95, 1948, t4=t3+(1, 4))	3	90
(1122, 52, 3936, t1) & (1194, 68, 3919, t2=t1+(0, 6)) & (1122, 145, 3919, t3=t2+(0, 4)) -> (3936, 68, 1122, t4=t3+(1, 2))	3	91
(3081, 54, 3319, t1) & (962, 102, 3339, t2=t1+(0, 6)) & (962, 37, 3081, t3=t2+(0, 6)) -> (962, 102, 3339, t4=t3+(1, 5))	3	92
(3682, 150, 2184, t1) & (2446, 35, 3991, t2=t1+(0, 8)) & (2446, 30, 3682, t3=t2+(0, 4)) -> (3991, 30, 2446, t4=t3+(1, 6))	3	93
(2627, 173, 4621, t1) & (1377, 80, 4798, t2=t1+(0, 5)) & (2627, 10, 1377, t3=t2+(0, 4)) -> (2627, 80, 4621, t4=t3+(1, 5))	3	94
(1949, 114, 4358, t1) & (2215, 168, 1542, t2=t1+(0, 6)) & (1949, 161, 2215, t3=t2+(0, 4)) -> (1542, 161, 1949, t4=t3+(1, 4))	3	95
(1524, 107, 359, t1) & (3112, 140, 4699, t2=t1+(0, 2)) & (359, 90, 4699, t3=t2+(0, 7)) -> (4699, 90, 1524, t4=t3+(1, 6))	3	96
(1908, 141, 2970, t1) & (3568, 31, 2682, t2=t1+(0, 9)) & (2682, 144, 1908, t3=t2+(0, 3)) -> (2682, 144, 1908, t4=t3+(1, 2))	3	97
(1729, 139, 2134, t1) & (3855, 95, 827, t2=t1+(0, 4)) & (3855, 4, 1729, t3=t2+(0, 6)) -> (1729, 139, 1729, t4=t3+(1, 7))	3	98
(4726, 177, 4077, t1) & (4828, 144, 556, t2=t1+(0, 5)) & (4077, 90, 556, t3=t2+(0, 6)) -> (4077, 177, 4828, t4=t3+(1, 2))	3	99
(4364, 117, 3515, t1) & (3515, 115, 2795, t2=t1+(0, 5)) -> (2795, 115, 2795, t3=t2+(1, 3))	2	100
(1417, 60, 2384, t1) & (4030, 49, 2384, t2=t1+(0, 5)) -> (2384, 49, 4030, t3=t2+(1, 6))	2	101
(4015, 84, 177, t1) & (97, 198, 177, t2=t1+(0, 2)) -> (177, 84, 97, t3=t2+(1, 2))	2	102
(2302, 67, 4750, t1) & (4750, 137, 2642, t2=t1+(0, 2)) -> (4750, 137, 2302, t3=t2+(1, 4))	2	103
(3637, 171, 2765, t1) & (3637, 85, 304, t2=t1+(0, 2)) -> (304, 171, 3637, t3=t2+(1, 5))	2	104
(1910, 15, 2539, t1) & (4753, 140, 2539, t2=t1+(0, 4)) -> (4753, 15, 4753, t3=t2+(1, 9))	2	105
(3166, 77, 4661, t1) & (4661, 71, 4661, t2=t1+(0, 7)) -> (3166, 77, 4661, t3=t2+(1, 5))	2	106
(1687, 101, 3316, t1) & (4123, 157, 1687, t2=t1+(0, 2)) -> (3316, 101, 1687, t3=t2+(1, 1))	2	107
(3031, 67, 4925, t1) & (4925, 96, 4925, t2=t1+(0, 2)) -> (3031, 96, 4925, t3=t2+(1, 6))	2	108
(4227, 54, 3688, t1) & (1415, 28, 3688, t2=t1+(0, 5)) -> (3688, 28, 1415, t3=t2+(1, 3))	2	109
(4177, 88, 597, t1) & (4177, 176, 597, t2=t1+(0, 4)) -> (4177, 176, 597, t3=t2+(1, 6))	2	110
(1678, 10, 4905, t1) & (1678, 81, 1274, t2=t1+(0, 11)) -> (1678, 81, 1678, t3=t2+(1, 3))	2	111
(4119, 23, 273, t1) & (4119, 113, 4119, t2=t1+(0, 6)) -> (4119, 23, 4119, t3=t2+(1, 1))	2	112
(4410, 127, 2838, t1) & (4410, 89, 2838, t2=t1+(0, 6)) -> (2838, 89, 2838, t3=t2+(1, 5))	2	113
(4960, 1, 2973, t1) & (2973, 195, 2973, t2=t1+(0, 10)) -> (4960, 195, 2973, t3=t2+(1, 5))	2	114
(2753, 17, 3550, t1) & (3550, 199, 3550, t2=t1+(0, 6)) -> (3550, 17, 3550, t3=t2+(1, 4))	2	115
(1929, 189, 915, t1) & (1060, 58, 915, t2=t1+(0, 5)) -> (1060, 58, 915, t3=t2+(1, 8))	2	116
(803, 54, 2348, t1) & (2348, 51, 2348, t2=t1+(0, 7)) -> (2348, 51, 2348, t3=t2+(1, 6))	2	117
(3479, 180, 826, t1) & (826, 134, 3818, t2=t1+(0, 4)) -> (826, 180, 826, t3=t2+(1, 8))	2	118
(874, 148, 1722, t1) & (874, 37, 2892, t2=t1+(0, 6)) -> (1722, 148, 874, t3=t2+(1, 8))	2	119
(4678, 169, 1070, t1) & (4678, 4, 2580, t2=t1+(0, 4)) -> (2580, 4, 4678, t3=t2+(1, 6))	2	120
(656, 71, 2138, t1) & (656, 79, 656, t2=t1+(0, 7)) -> (2138, 79, 656, t3=t2+(1, 2))	2	121
(695, 199, 3726, t1) & (4824, 13, 695, t2=t1+(0, 2)) -> (695, 13, 695, t3=t2+(1, 4))	2	122
(3549, 22, 4591, t1) & (3549, 47, 1324, t2=t1+(0, 6)) -> (3549, 22, 3549, t3=t2+(1, 5))	2	123
(1788, 36, 3064, t1) & (290, 99, 1788, t2=t1+(0, 7)) -> (3064, 99, 1788, t3=t2+(1, 3))	2	124
(3171, 141, 1615, t1) & (3171, 126, 896, t2=t1+(0, 11)) -> (3171, 126, 896, t3=t2+(1, 8))	2	125
(2325, 191, 4588, t1) & (2325, 57, 4588, t2=t1+(0, 7)) -> (2325, 191, 4588, t3=t2+(1, 7))	2	126
(3378, 182, 1673, t1) & (2726, 60, 1673, t2=t1+(0, 3)) -> (1673, 60, 1673, t3=t2+(1, 3))	2	127
(3176, 91, 1751, t1) & (801, 27, 1751, t2=t1+(0, 5)) -> (3176, 91, 1751, t3=t2+(1, 6))	2	128
(650, 125, 439, t1) & (650, 52, 1003, t2=t1+(0, 1)) -> (439, 125, 650, t3=t2+(1, 3))	2	129
(3152, 175, 4719, t1) & (4719, 113, 181, t2=t1+(0, 4)) -> (3152, 113, 3152, t3=t2+(1, 9))	2	130
(1565, 138, 1808, t1) & (1808, 12, 1565, t2=t1+(0, 6)) -> (1565, 138, 1808, t3=t2+(1, 5))	2	131
(1411, 107, 4135, t1) & (1366, 20, 1411, t2=t1+(0, 0)) -> (1411, 20, 1411, t3=t2+(1, 4))	2	132
(999, 106, 1751, t1) & (999, 168, 2766, t2=t1+(0, 4)) -> (2766, 168, 2766, t3=t2+(1, 5))	2	133
(722, 181, 4404, t1) & (722, 57, 552, t2=t1+(0, 10)) -> (722, 57, 722, t3=t2+(1, 4))	2	134
(2794, 14, 3230, t1) & (2794, 54, 608, t2=t1+(0, 5)) -> (2794, 14, 2794, t3=t2+(1, 9))	2	135
(4073, 72, 2167, t1) & (4073, 35, 4073, t2=t1+(0, 4)) -> (2167, 72, 4073, t3=t2+(1, 4))	2	136
(110, 100, 2124, t1) & (3194, 70, 110, t2=t1+(0, 5)) -> (110, 100, 2124, t3=t2+(1, 6))	2	137
(4657, 195, 1146, t1) & (1376, 131, 4657, t2=t1+(0, 7)) -> (1146, 131, 4657, t3=t2+(1, 5))	2	138
(1114, 23, 777, t1) & (1114, 47, 1114, t2=t1+(0, 7)) -> (1114, 47, 1114, t3=t2+(1, 7))	2	139
(3420, 13, 4881, t1) & (1707, 109, 3420, t2=t1+(0, 6)) -> (3420, 13, 3420, t3=t2+(1, 3))	2	140
(1527, 106, 4128, t1) & (1527, 53, 1527, t2=t1+(0, 5)) -> (1527, 53, 4128, t3=t2+(1, 5))	2	141
(2582, 149, 2130, t1) & (2582, 25, 2582, t2=t1+(0, 7)) -> (2582, 25, 2130, t3=t2+(1, 6))	2	142
(2815, 33, 4136, t1) & (4136, 47, 3294, t2=t1+(0, 3)) -> (4136, 47, 4136, t3=t2+(1, 4))	2	143
(4973, 43, 1457, t1) & (674, 0, 4973, t2=t1+(0, 5)) -> (4973, 0, 4973, t3=t2+(1, 3))	2	144
(4794, 198, 443, t1) & (1018, 30, 443, t2=t1+(0, 5)) -> (443, 198, 443, t3=t2+(1, 4))	2	145
(1386, 164, 332, t1) & (1386, 72, 1386, t2=t1+(0, 4)) -> (1386, 164, 1386, t3=t2+(1, 5))	2	146
(1076, 94, 4657, t1) & (1076, 68, 4480, t2=t1+(0, 5)) -> (4657, 68, 1076, t3=t2+(1, 5))	2	147
(2730, 40, 3798, t1) & (3798, 124, 2730, t2=t1+(0, 4)) -> (2730, 40, 2730, t3=t2+(1, 2))	2	148
(2866, 0, 133, t1) & (1075, 149, 2866, t2=t1+(0, 4)) -> (1075, 149, 1075, t3=t2+(1, 10))	2	149
(2608, 44, 4633, t1) & (4633, 78, 3452, t2=t1+(0, 8)) -> (4633, 44, 2608, t3=t2+(1, 4))	2	150
(2968, 99, 3672, t1) & (3672, 13, 868, t2=t1+(0, 10)) -> (3672, 99, 3672, t3=t2+(1, 2))	2	151
(45, 3, 2293, t1) & (45, 49, 3604, t2=t1+(0, 3)) -> (3604, 49, 3604, t3=t2+(1, 4))	2	152
(3588, 95, 2013, t1) & (3726, 13, 3588, t2=t1+(0, 6)) -> (3588, 13, 3588, t3=t2+(1, 5))	2	153
(388, 145, 2847, t1) & (2847, 176, 2432, t2=t1+(0, 4)) -> (2432, 176, 2432, t3=t2+(1, 10))	2	154
(1914, 108, 755, t1) & (755, 97, 755, t2=t1+(0, 8)) -> (755, 97, 755, t3=t2+(1, 8))	2	155
(2443, 3, 2974, t1) & (2974, 166, 2443, t2=t1+(0, 4)) -> (2443, 3, 2974, t3=t2+(1, 3))	2	156
(1348, 37, 4177, t1) & (4177, 32, 1128, t2=t1+(0, 3)) -> (1128, 32, 4177, t3=t2+(1, 5))	2	157
(4127, 174, 75, t1) & (75, 174, 2855, t2=t1+(0, 6)) -> (2855, 174, 4127, t3=t2+(1, 7))	2	158
(2110, 147, 2345, t1) & (3546, 49, 2110, t2=t1+(0, 6)) -> (2110, 147, 3546, t3=t2+(1, 4))	2	159
(1014, 64, 3548, t1) & (1014, 4, 1014, t2=t1+(0, 5)) -> (1014, 4, 1014, t3=t2+(1, 10))	2	160
(2163, 59, 3225, t1) & (3225, 31, 2163, t2=t1+(0, 5)) -> (3225, 31, 2163, t3=t2+(1, 6))	2	161
(871, 73, 3519, t1) & (871, 188, 3519, t2=t1+(0, 4)) -> (871, 188, 3519, t3=t2+(1, 1))	2	162
(657, 95, 4618, t1) & (657, 179, 4618, t2=t1+(0, 4)) -> (657, 95, 657, t3=t2+(1, 8))	2	163
(2373, 0, 4583, t1) & (2373, 2, 2373, t2=t1+(0, 9)) -> (2373, 0, 4583, t3=t2+(1, 7))	2	164
(3273, 126, 1802, t1) & (3273, 153, 3273, t2=t1+(0, 9)) -> (3273, 153, 3273, t3=t2+(1, 5))	2	165
(2828, 132, 1309, t1) & (1206, 13, 1309, t2=t1+(0, 3)) -> (1206, 132, 1206, t3=t2+(1, 4))	2	166
(533, 127, 955, t1) & (955, 86, 93, t2=t1+(0, 5)) -> (533, 86, 955, t3=t2+(1, 9))	2	167
(3951, 191, 603, t1) & (78, 137, 3951, t2=t1+(0, 7)) -> (603, 137, 78, t3=t2+(1, 4))	2	168
(3674, 123, 346, t1) & (3674, 176, 346, t2=t1+(0, 4)) -> (3674, 123, 3674, t3=t2+(1, 3))	2	169
(162, 5, 2960, t1) & (2960, 111, 3963, t2=t1+(0, 2)) -> (3963, 5, 2960, t3=t2+(1, 2))	2	170
(3186, 129, 2339, t1) & (3186, 163, 1619, t2=t1+(0, 4)) -> (2339, 129, 3186, t3=t2+(1, 4))	2	171
(2334, 119, 4198, t1) & (2334, 134, 1743, t2=t1+(0, 4)) -> (2334, 134, 2334, t3=t2+(1, 4))	2	172
(2116, 72, 1830, t1) & (2116, 5, 961, t2=t1+(0, 6)) -> (2116, 72, 2116, t3=t2+(1, 6))	2	173
(212, 115, 2574, t1) & (2574, 124, 212, t2=t1+(0, 9)) -> (2574, 124, 212, t3=t2+(1, 2))	2	174
(2775, 16, 4442, t1) & (4442, 98, 4442, t2=t1+(0, 4)) -> (4442, 98, 4442, t3=t2+(1, 5))	2	175
(2605, 192, 3393, t1) & (792, 110, 3393, t2=t1+(0, 7)) -> (3393, 192, 3393, t3=t2+(1, 4))	2	176
(2507, 93, 1289, t1) & (1289, 105, 2507, t2=t1+(0, 1)) -> (2507, 105, 2507, t3=t2+(1, 5))	2	177
(4025, 87, 4832, t1) & (4025, 91, 4832, t2=t1+(0, 5)) -> (4025, 87, 4832, t3=t2+(1, 7))	2	178
(1717, 135, 2483, t1) & (2483, 106, 1717, t2=t1+(0, 4)) -> (1717, 135, 1717, t3=t2+(1, 4))	2	179
(185, 197, 2824, t1) & (185, 126, 185, t2=t1+(0, 2)) -> (185, 197, 185, t3=t2+(1, 3))	2	180
(1582, 82, 1714, t1) & (2060, 2, 1714, t2=t1+(0, 8)) -> (1714, 2, 2060, t3=t2+(1, 5))	2	181
(3702, 74, 3482, t1) & (3702, 54, 2922, t2=t1+(0, 4)) -> (2922, 74, 2922, t3=t2+(1, 4))	2	182
(3624, 114, 3229, t1) & (3904, 191, 3229, t2=t1+(0, 2)) -> (3229, 191, 3624, t3=t2+(1, 3))	2	183
(2300, 15, 4781, t1) & (3584, 12, 2300, t2=t1+(0, 8)) -> (3584, 15, 2300, t3=t2+(1, 6))	2	184
(2721, 85, 3161, t1) & (2721, 95, 3161, t2=t1+(0, 4)) -> (3161, 85, 3161, t3=t2+(1, 2))	2	185
(325, 135, 2158, t1) & (2158, 131, 2158, t2=t1+(0, 4)) -> (325, 131, 2158, t3=t2+(1, 3))	2	186
(211, 134, 3225, t1) & (1998, 151, 3225, t2=t1+(0, 7)) -> (3225, 151, 3225, t3=t2+(1, 5))	2	187
(1335, 62, 4368, t1) & (4368, 0, 2134, t2=t1+(0, 6)) -> (2134, 0, 2134, t3=t2+(1, 3))	2	188
(938, 103, 2253, t1) & (2253, 132, 629, t2=t1+(0, 5)) -> (938, 132, 629, t3=t2+(1, 4))	2	189
(1011, 145, 894, t1) & (1011, 126, 4919, t2=t1+(0, 5)) -> (894, 145, 894, t3=t2+(1, 9))	2	190
(2096, 39, 3994, t1) & (865, 183, 2096, t2=t1+(0, 8)) -> (2096, 183, 3994, t3=t2+(1, 8))	2	191
(2883, 176, 1412, t1) & (1412, 103, 4565, t2=t1+(0, 4)) -> (2883, 176, 1412, t3=t2+(1, 5))	2	192
(643, 124, 4484, t1) & (3210, 196, 643, t2=t1+(0, 5)) -> (643, 196, 3210, t3=t2+(1, 3))	2	193
(4652, 16, 4474, t1) & (4474, 49, 784, t2=t1+(0, 2)) -> (4652, 16, 4474, t3=t2+(1, 5))	2	194
(4571, 194, 858, t1) & (4571, 90, 3631, t2=t1+(0, 7)) -> (4571, 194, 4571, t3=t2+(1, 1))	2	195
(3678, 93, 1474, t1) & (1474, 36, 1474, t2=t1+(0, 7)) -> (1474, 93, 1474, t3=t2+(1, 5))	2	196
(637, 89, 3896, t1) & (3435, 108, 3896, t2=t1+(0, 8)) -> (3435, 108, 3435, t3=t2+(1, 2))	2	197
(4049, 179, 1815, t1) & (3721, 135, 4049, t2=t1+(0, 6)) -> (4049, 135, 1815, t3=t2+(1, 3))	2	198
(4739, 151, 3386, t1) & (4739, 125, 3386, t2=t1+(0, 5)) -> (4739, 151, 3386, t3=t2+(1, 5))	2	199
(521, 50, 2785, t1) -> (521, 50, 2785, t2=t1+(1, 3))	1	200
(530, 100, 4450, t1) -> (530, 100, 530, t2=t1+(1, 6))	1	201
(1471, 130, 3683, t1) -> (3683, 130, 3683, t2=t1+(1, 4))	1	202
(3282, 15, 141, t1) -> (141, 15, 141, t2=t1+(1, 6))	1	203
(2622, 181, 4868, t1) -> (4868, 181, 4868, t2=t1+(1, 4))	1	204
(213, 69, 4651, t1) -> (4651, 69, 4651, t2=t1+(1, 8))	1	205
(445, 181, 4529, t1) -> (4529, 181, 4529, t2=t1+(1, 7))	1	206
(961, 31, 4461, t1) -> (961, 31, 4461, t2=t1+(1, 3))	1	207
(4329, 24, 1727, t1) -> (4329, 24, 1727, t2=t1+(1, 4))	1	208
(1132, 115, 4880, t1) -> (1132, 115, 4880, t2=t1+(1, 5))	1	209
(4353, 192, 1903, t1) -> (4353, 192, 4353, t2=t1+(1, 6))	1	210
(286, 195, 3598, t1) -> (286, 195, 286, t2=t1+(1, 5))	1	211
(1314, 115, 533, t1) -> (1314, 115, 1314, t2=t1+(1, 7))	1	212
(1177, 108, 3836, t1) -> (3836, 108, 3836, t2=t1+(1, 5))	1	213
(780, 74, 4490, t1) -> (4490, 74, 780, t2=t1+(1, 2))	1	214
(3448, 127, 761, t1) -> (3448, 127, 761, t2=t1+(1, 7))	1	215
(437, 182, 1579, t1) -> (437, 182, 437, t2=t1+(1, 4))	1	216
(1842, 23, 3950, t1) -> (3950, 23, 3950, t2=t1+(1, 9))	1	217
(4830, 133, 2974, t1) -> (4830, 133, 4830, t2=t1+(1, 4))	1	218
(884, 164, 3186, t1) -> (3186, 164, 3186, t2=t1+(1, 6))	1	219
(1097, 45, 2400, t1) -> (1097, 45, 2400, t2=t1+(1, 2))	1	220
(1335, 26, 1693, t1) -> (1693, 26, 1335, t2=t1+(1, 8))	1	221
(1866, 135, 1938, t1) -> (1938, 135, 1938, t2=t1+(1, 2))	1	222
(574, 21, 3194, t1) -> (3194, 21, 574, t2=t1+(1, 9))	1	223
(868, 139, 1675, t1) -> (1675, 139, 1675, t2=t1+(1, 7))	1	224
(2639, 91, 2315, t1) -> (2639, 91, 2315, t2=t1+(1, 3))	1	225
(810, 93, 42, t1) -> (42, 93, 42, t2=t1+(1, 9))	1	226
(2997, 82, 3669, t1) -> (2997, 82, 3669, t2=t1+(1, 9))	1	227
(2492, 12, 1834, t1) -> (2492, 12, 2492, t2=t1+(1, 9))	1	228
(1850, 84, 887, t1) -> (1850, 84, 887, t2=t1+(1, 4))	1	229
(1983, 33, 3416, t1) -> (1983, 33, 1983, t2=t1+(1, 6))	1	230
(3981, 187, 4448, t1) -> (3981, 187, 4448, t2=t1+(1, 7))	1	231
(4693, 41, 1092, t1) -> (4693, 41, 1092, t2=t1+(1, 9))	1	232
(3131, 147, 1059, t1) -> (3131, 147, 3131, t2=t1+(1, 3))	1	233
(902, 162, 635, t1) -> (902, 162, 902, t2=t1+(1, 6))	1	234
(4723, 138, 4426, t1) -> (4426, 138, 4426, t2=t1+(1, 7))	1	235
(2980, 162, 4375, t1) -> (2980, 162, 4375, t2=t1+(1, 4))	1	236
(880, 107, 4181, t1) -> (4181, 107, 4181, t2=t1+(1, 4))	1	237
(1542, 158, 2465, t1) -> (1542, 158, 2465, t2=t1+(1, 5))	1	238
(4057, 21, 2015, t1) -> (2015, 21, 4057, t2=t1+(1, 7))	1	239
(4260, 120, 1867, t1) -> (1867, 120, 4260, t2=t1+(1, 3))	1	240
(3405, 168, 1247, t1) -> (3405, 168, 3405, t2=t1+(1, 3))	1	241
(3721, 43, 4473, t1) -> (4473, 43, 3721, t2=t1+(1, 7))	1	242
(1005, 146, 2443, t1) -> (2443, 146, 2443, t2=t1+(1, 4))	1	243
(2927, 140, 2436, t1) -> (2927, 140, 2436, t2=t1+(1, 2))	1	244
(415, 92, 2716, t1) -> (2716, 92, 2716, t2=t1+(1, 2))	1	245
(1706, 113, 2625, t1) -> (2625, 113, 1706, t2=t1+(1, 3))	1	246
(524, 158, 2276, t1) -> (2276, 158, 524, t2=t1+(1, 4))	1	247
(695, 148, 2636, t1) -> (695, 148, 695, t2=t1+(1, 8))	1	248
(3954, 154, 3786, t1) -> (3786, 154, 3954, t2=t1+(1, 6))	1	249
(3150, 22, 4191, t1) -> (4191, 22, 4191, t2=t1+(1, 6))	1	250
(4161, 65, 641, t1) -> (4161, 65, 641, t2=t1+(1, 9))	1	251
(3272, 172, 4864, t1) -> (4864, 172, 4864, t2=t1+(1, 5))	1	252
(4012, 144, 4530, t1) -> (4012, 144, 4530, t2=t1+(1, 4))	1	253
(2621, 43, 1484, t1) -> (1484, 43, 2621, t2=t1+(1, 3))	1	254
(163, 99, 4130, t1) -> (4130, 99, 163, t2=t1+(1, 5))	1	255
(445, 183, 2030, t1) -> (445, 183, 2030, t2=t1+(1, 2))	1	256
(3215, 137, 1602, t1) -> (3215, 137, 1602, t2=t1+(1, 4))	1	257
(2516, 27, 1219, t1) -> (1219, 27, 2516, t2=t1+(1, 7))	1	258
(204, 17, 4192, t1) -> (204, 17, 204, t2=t1+(1, 5))	1	259
(2546, 193, 240, t1) -> (240, 193, 240, t2=t1+(1, 5))	1	260
(341, 131, 3204, t1) -> (3204, 131, 3204, t2=t1+(1, 4))	1	261
(611, 143, 1179, t1) -> (1179, 143, 1179, t2=t1+(1, 5))	1	262
(4087, 80, 3507, t1) -> (3507, 80, 3507, t2=t1+(1, 5))	1	263
(1121, 71, 1502, t1) -> (1121, 71, 1121, t2=t1+(1, 4))	1	264
(711, 155, 4705, t1) -> (4705, 155, 4705, t2=t1+(1, 4))	1	265
(4400, 39, 386, t1) -> (386, 39, 4400, t2=t1+(1, 3))	1	266
(2182, 90, 891, t1) -> (2182, 90, 891, t2=t1+(1, 8))	1	267
(3858, 121, 4542, t1) -> (4542, 121, 3858, t2=t1+(1, 6))	1	268
(2903, 193, 1865, t1) -> (2903, 193, 2903, t2=t1+(1, 9))	1	269
(4430, 192, 4959, t1) -> (4430, 192, 4959, t2=t1+(1, 4))	1	270
(3730, 67, 4775, t1) -> (3730, 67, 3730, t2=t1+(1, 4))	1	271
(3112, 172, 3306, t1) -> (3306, 172, 3306, t2=t1+(1, 4))	1	272
(2276, 45, 2693, t1) -> (2276, 45, 2693, t2=t1+(1, 6))	1	273
(3267, 197, 2553, t1) -> (3267, 197, 2553, t2=t1+(1, 4))	1	274
(3351, 154, 2751, t1) -> (3351, 154, 3351, t2=t1+(1, 2))	1	275
(669, 41, 4504, t1) -> (4504, 41, 4504, t2=t1+(1, 4))	1	276
(4965, 83, 3731, t1) -> (4965, 83, 3731, t2=t1+(1, 6))	1	277
(3422, 74, 4989, t1) -> (3422, 74, 4989, t2=t1+(1, 10))	1	278
(3967, 137, 3819, t1) -> (3819, 137, 3967, t2=t1+(1, 5))	1	279
(4316, 186, 4355, t1) -> (4316, 186, 4355, t2=t1+(1, 6))	1	280
(4162, 193, 39, t1) -> (39, 193, 39, t2=t1+(1, 2))	1	281
(4931, 63, 2878, t1) -> (2878, 63, 4931, t2=t1+(1, 3))	1	282
(1035, 184, 511, t1) -> (511, 184, 1035, t2=t1+(1, 5))	1	283
(2724, 107, 3441, t1) -> (3441, 107, 2724, t2=t1+(1, 6))	1	284
(1939, 75, 1226, t1) -> (1226, 75, 1939, t2=t1+(1, 1))	1	285
(4509, 44, 3257, t1) -> (3257, 44, 3257, t2=t1+(1, 2))	1	286
(3519, 10, 630, t1) -> (630, 10, 3519, t2=t1+(1, 8))	1	287
(1410, 79, 784, t1) -> (1410, 79, 1410, t2=t1+(1, 8))	1	288
(1976, 65, 120, t1) -> (120, 65, 1976, t2=t1+(1, 3))	1	289
(2515, 97, 3114, t1) -> (2515, 97, 3114, t2=t1+(1, 3))	1	290
(2327, 94, 2163, t1) -> (2327, 94, 2327, t2=t1+(1, 1))	1	291
(893, 93, 4759, t1) -> (893, 93, 4759, t2=t1+(1, 5))	1	292
(2309, 167, 2146, t1) -> (2309, 167, 2309, t2=t1+(1, 7))	1	293
(4136, 50, 4715, t1) -> (4136, 50, 4136, t2=t1+(1, 4))	1	294
(3189, 34, 3994, t1) -> (3189, 34, 3189, t2=t1+(1, 5))	1	295
(2701, 76, 4787, t1) -> (4787, 76, 4787, t2=t1+(1, 7))	1	296
(4205, 149, 4437, t1) -> (4437, 149, 4205, t2=t1+(1, 7))	1	297
(1058, 135, 333, t1) -> (333, 135, 333, t2=t1+(1, 11))	1	298
(2330, 41, 1349, t1) -> (1349, 41, 1349, t2=t1+(1, 6))	1	299
