(3313, 41, 2478, t1) & (1413, 71, 4588, t2=t1+(0, 5)) & (3313, 89, 4588, t3=t2+(0, 1)) -> (4588, 71, 4588, t4=t3+(1, 7))	3	0
(453, 117, 2764, t1) & (435, 142, 4551, t2=t1+(0, 4)) & (2764, 9, 4551, t3=t2+(0, 9)) -> (453, 9, 453, t4=t3+(1, 5))	3	1
(2165, 80, 2052, t1) & (2521, 33, 4447, t2=t1+(0, 3)) & (2521, 173, 2052, t3=t2+(0, 6)) -> (2052, 33, 2521, t4=t3+(1, 3))	3	2
(1890, 35, 3123, t1) & (1422, 165, 3886, t2=t1+(0, 6)) & (1422, 8, 1890, t3=t2+(0, 6)) -> (1422, 165, 1422, t4=t3+(1, 8))	3	3
(4363, 174, 3058, t1) & (1325, 69, 534, t2=t1+(0, 4)) & (1325, 25, 4363, t3=t2+(0, 4)) -> (1325, 25, 4363, t4=t3+(1, 6))	3	4
(3181, 69, 3522, t1) & (3929, 35, 3928, t2=t1+(0, 5)) & (3181, 125, 3928, t3=t2+(0, 4)) -> (3522, 69, 3928, t4=t3+(1, 3))	3	5
(2836, 21, 3137, t1) & (519, 134, 2958, t2=t1+(0, 3)) & (2958, 137, 2836, t3=t2+(0, 8)) -> (2958, 134, 2836, t4=t3+(1, 1))	3	6
(4564, 162, 3135, t1) & (2285, 51, 3692, t2=t1+(0, 7)) & (3692, 136, 4564, t3=t2+(0, 7)) -> (4564, 162, 3692, t4=t3+(1, 2))	3	7
(1552, 6, 4913, t1) & (913, 31, 1980, t2=t1+(0, 2)) & (913, 2, 4913, t3=t2+(0, 6)) -> (4913, 2, 1980, t4=t3+(1, 4))	3	8
(380, 193, 161, t1) & (4503, 52, 4735, t2=t1+(0, 4)) & (4735, 137, 161, t3=t2+(0, 4)) -> (161, 137, 4735, t4=t3+(1, 5))	3	9
(2166, 74, 746, t1) & (3092, 183, 3170, t2=t1+(0, 2)) & (3092, 123, 2166, t3=t2+(0, 7)) -> (3170, 183, 3170, t4=t3+(1, 4))	3	10
(1843, 156, 935, t1) & (4459, 153, 1668, t2=t1+(0, 5)) & (1843, 187, 1668, t3=t2+(0, 6)) -> (1843, 156, 1843, t4=t3+(1, 4))	3	11
(373, 165, 3056, t1) & (3527, 137, 3798, t2=t1+(0, 6)) & (373, 99, 3527, t3=t2+(0, 6)) -> (3056, 137, 3527, t4=t3+(1, 9))	3	12
(2986, 175, 683, t1) & (916, 116, 413, t2=t1+(0, 3)) & (916, 130, 683, t3=t2+(0, 7)) -> (413, 175, 916, t4=t3+(1, 4))	3	13
(3328, 51, 1635, t1) & (4527, 116, 3925, t2=t1+(0, 5)) & (4527, 95, 1635, t3=t2+(0, 6)) -> (1635, 95, 4527, t4=t3+(1, 6))	3	14
(2537, 63, 4119, t1) & (700, 131, 2521, t2=t1+(0, 6)) & (4119, 91, 2521, t3=t2+(0, 7)) -> (4119, 91, 4119, t4=t3+(1, 5))	3	15
(3202, 93, 1699, t1) & (4157, 133, 719, t2=t1+(0, 6)) & (1699, 21, 719, t3=t2+(0, 5)) -> (1699, 133, 719, t4=t3+(1, 3))	3	16
(3501, 127, 1805, t1) & (1232, 192, 1198, t2=t1+(0, 7)) & (1198, 151, 1805, t3=t2+(0, 5)) -> (1805, 192, 1232, t4=t3+(1, 4))	3	17
(1276, 185, 3176, t1) & (2383, 188, 4272, t2=t1+(0, 7)) & (2383, 128, 1276, t3=t2+(0, 1)) -> (4272, 185, 4272, t4=t3+(1, 3))	3	18
(2567, 34, 2864, t1) & (234, 111, 3931, t2=t1+(0, 4)) & (2567, 142, 234, t3=t2+(0, 10)) -> (3931, 34, 3931, t4=t3+(1, 3))	3	19
(3575, 180, 835, t1) & (333, 38, 3019, t2=t1+(0, 9)) & (3019, 30, 3575, t3=t2+(0, 8)) -> (3575, 180, 3575, t4=t3+(1, 7))	3	20
(3072, 151, 1744, t1) & (2055, 125, 2702, t2=t1+(0, 2)) & (2055, 69, 1744, t3=t2+(0, 8)) -> (2055, 125, 2702, t4=t3+(1, 6))	3	21
(820, 107, 4945, t1) & (215, 41, 76, t2=t1+(0, 9)) & (215, 142, 820, t3=t2+(0, 9)) -> (76, 41, 215, t4=t3+(1, 4))	3	22
(4466, 42, 4724, t1) & (314, 162, 4181, t2=t1+(0, 6)) & (4181, 11, 4466, t3=t2+(0, 2)) -> (4181, 162, 4181, t4=t3+(1, 5))	3	23
(1574, 100, 1253, t1) & (591, 59, 2321, t2=t1+(0, 5)) & (1574, 91, 591, t3=t2+(0, 8)) -> (591, 100, 1574, t4=t3+(1, 6))	3	24
(4698, 118, 3568, t1) & (1340, 36, 2330, t2=t1+(0, 8)) & (3568, 20, 2330, t3=t2+(0, 5)) -> (3568, 36, 1340, t4=t3+(1, 3))	3	25
(2915, 110, 3206, t1) & (2911, 31, 222, t2=t1+(0, 4)) & (3206, 92, 2911, t3=t2+(0, 9)) -> (2915, 92, 2911, t4=t3+(1, 6))	3	26
(844, 56, 314, t1) & (541, 94, 8, t2=t1+(0, 4)) & (844, 67, 541, t3=t2+(0, 7)) -> (844, 56, 8, t4=t3+(1, 3))	3	27
(1197, 106, 3998, t1) & (3102, 164, 4526, t2=t1+(0, 4)) & (3102, 165, 3998, t3=t2+(0, 3)) -> (3998, 106, 3102, t4=t3+(1, 4))	3	28
(1151, 142, 1642, t1) & (1749, 30, 2748, t2=t1+(0, 8)) & (1151, 11, 2748, t3=t2+(0, 6)) -> (2748, 11, 1151, t4=t3+(1, 6))	3	29
(223, 14, 3265, t1) & (2683, 151, 4276, t2=t1+(0, 8)) & (2683, 146, 223, t3=t2+(0, 2)) -> (2683, 151, 2683, t4=t3+(1, 8))	3	30
(3151, 114, 740, t1) & (789, 25, 2024, t2=t1+(0, 7)) & (3151, 136, 789, t3=t2+(0, 4)) -> (3151, 136, 3151, t4=t3+(1, 6))	3	31
(420, 185, 4778, t1) & (4300, 32, 4883, t2=t1+(0, 7)) & (4883, 106, 4778, t3=t2+(0, 1)) -> (420, 106, 4300, t4=t3+(1, 6))	3	32
(4435, 93, 1327, t1) & (3494, 112, 4918, t2=t1+(0, 2)) & (1327, 47, 3494, t3=t2+(0, 6)) -> (4918, 93, 1327, t4=t3+(1, 4))	3	33
(2035, 12, 2179, t1) & (4386, 61, 4911, t2=t1+(0, 8)) & (2035, 81, 4386, t3=t2+(0, 3)) -> (4911, 81, 4911, t4=t3+(1, 5))	3	34
(4472, 68, 2037, t1) & (794, 138, 2893, t2=t1+(0, 6)) & (4472, 28, 2893, t3=t2+(0, 2)) -> (794, 28, 4472, t4=t3+(1, 5))	3	35
(4293, 163, 592, t1) & (674, 71, 3141, t2=t1+(0, 2)) & (674, 19, 4293, t3=t2+(0, 3)) -> (674, 163, 3141, t4=t3+(1, 7))	3	36
(4456, 32, 3126, t1) & (1269, 183, 3954, t2=t1+(0, 3)) & (1269, 59, 4456, t3=t2+(0, 6)) -> (1269, 32, 1269, t4=t3+(1, 4))	3	37
(4581, 190, 3985, t1) & (3347, 139, 1275, t2=t1+(0, 5)) & (4581, 69, 1275, t3=t2+(0, 5)) -> (1275, 139, 4581, t4=t3+(1, 1))	3	38
(558, 47, 1772, t1) & (786, 128, 65, t2=t1+(0, 2)) & (558, 84, 65, t3=t2+(0, 3)) -> (65, 47, 65, t4=t3+(1, 3))	3	39
(3013, 148, 2622, t1) & (457, 31, 4156, t2=t1+(0, 7)) & (4156, 42, 3013, t3=t2+(0, 6)) -> (2622, 42, 3013, t4=t3+(1, 5))	3	40
(4013, 19, 1273, t1) & (4789, 15, 1292, t2=t1+(0, 4)) & (4013, 91, 1292, t3=t2+(0, 6)) -> (4789, 15, 1292, t4=t3+(1, 9))	3	41
(1744, 197, 872, t1) & (286, 53, 4399, t2=t1+(0, 8)) & (4399, 23, 1744, t3=t2+(0, 3)) -> (872, 197, 4399, t4=t3+(1, 4))	3	42
(1705, 125, 4016, t1) & (4595, 185, 2101, t2=t1+(0, 7)) & (4595, 135, 1705, t3=t2+(0, 4)) -> (1705, 135, 1705, t4=t3+(1, 5))	3	43
(4611, 134, 1544, t1) & (646, 96, 2344, t2=t1+(0, 6)) & (2344, 8, 4611, t3=t2+(0, 1)) -> (2344, 134, 646, t4=t3+(1, 5))	3	44
(4232, 16, 551, t1) & (4166, 55, 3856, t2=t1+(0, 7)) & (3856, 49, 551, t3=t2+(0, 9)) -> (3856, 49, 3856, t4=t3+(1, 5))	3	45
(882, 75, 3250, t1) & (3088, 182, 2003, t2=t1+(0, 4)) & (3088, 150, 3250, t3=t2+(0, 7)) -> (2003, 150, 3088, t4=t3+(1, 7))	3	46
(3665, 85, 2775, t1) & (874, 8, 2594, t2=t1+(0, 7)) & (874, 57, 2775, t3=t2+(0, 4)) -> (2594, 8, 874, t4=t3+(1, 2))	3	47
(2972, 86, 4599, t1) & (4859, 131, 1183, t2=t1+(0, 3)) & (4859, 117, 2972, t3=t2+(0, 5)) -> (2972, 86, 2972, t4=t3+(1, 2))	3	48
(3185, 79, 3971, t1) & (2729, 27, 3009, t2=t1+(0, 3)) & (3185, 122, 2729, t3=t2+(0, 3)) -> (3185, 79, 2729, t4=t3+(1, 4))	3	49
(2189, 42, 2903, t1) & (2038, 7, 3318, t2=t1+(0, 5)) & (2189, 125, 3318, t3=t2+(0, 3)) -> (2903, 42, 3318, t4=t3+(1, 5))	3	50
(2305, 88, 1838, t1) & (2810, 15, 1004, t2=t1+(0, 2)) & (2305, 22, 1004, t3=t2+(0, 6)) -> (1004, 15, 1838, t4=t3+(1, 2))	3	51
(3496, 166, 992, t1) & (1674, 64, 1217, t2=t1+(0, 4)) & (1674, 145, 992, t3=t2+(0, 4)) -> (1674, 166, 1674, t4=t3+(1, 6))	3	52
(3794, 138, 4776, t1) & (3113, 101, 1230, t2=t1+(0, 8)) & (3113, 165, 3794, t3=t2+(0, 9)) -> (3794, 165, 3113, t4=t3+(1, 5))	3	53
(3307, 91, 4768, t1) & (4063, 124, 2308, t2=t1+(0, 4)) & (4063, 63, 3307, t3=t2+(0, 3)) -> (4768, 124, 3307, t4=t3+(1, 8))	3	54
(3187, 153, 3741, t1) & (2573, 168, 2273, t2=t1+(0, 6)) & (2573, 95, 3741, t3=t2+(0, 3)) -> (2273, 168, 3741, t4=t3+(1, 3))	3	55
(4585, 10, 2188, t1) & (2766, 36, 413, t2=t1+(0, 5)) & (2766, 31, 4585, t3=t2+(0, 2)) -> (2766, 36, 2766, t4=t3+(1, 6))	3	56
(1645, 114, 323, t1) & (4016, 147, 4542, t2=t1+(0, 6)) & (4542, 148, 323, t3=t2+(0, 5)) -> (4542, 148, 4016, t4=t3+(1, 8))	3	57
(639, 162, 2298, t1) & (1929, 108, 3781, t2=t1+(0, 6)) & (2298, 130, 3781, t3=t2+(0, 2)) -> (3781, 130, 3781, t4=t3+(1, 10))	3	58
(2477, 152, 2555, t1) & (4828, 186, 2585, t2=t1+(0, 8)) & (2555, 26, 2585, t3=t2+(0, 8)) -> (2585, 26, 2555, t4=t3+(1, 2))	3	59
(497, 193, 1700, t1) & (4176, 91, 2980, t2=t1+(0, 7)) & (497, 103, 2980, t3=t2+(0, 6)) -> (4176, 91, 4176, t4=t3+(1, 5))	3	60
(3287, 114, 1399, t1) & (3426, 116, 1388, t2=t1+(0, 4)) & (1399, 165, 3426, t3=t2+(0, 5)) -> (1399, 114, 3426, t4=t3+(1, 7))	3	61
(3957, 45, 1233, t1) & (1136, 6, 1605, t2=t1+(0, 3)) & (1605, 34, 3957, t3=t2+(0, 5)) -> (1605, 6, 1605, t4=t3+(1, 4))	3	62
(1273, 132, 2728, t1) & (1125, 104, 3446, t2=t1+(0, 3)) & (3446, 59, 2728, t3=t2+(0, 7)) -> (3446, 132, 1273, t4=t3+(1, 7))	3	63
(2801, 60, 2270, t1) & (2198, 17, 3449, t2=t1+(0, 7)) & (2198, 86, 2801, t3=t2+(0, 4)) -> (2801, 86, 2801, t4=t3+(1, 7))	3	64
(4378, 45, 876, t1) & (4832, 97, 1919, t2=t1+(0, 3)) & (4832, 24, 4378, t3=t2+(0, 6)) -> (4378, 97, 4378, t4=t3+(1, 3))	3	65
(4957, 197, 457, t1) & (4930, 132, 2257, t2=t1+(0, 6)) & (4930, 124, 4957, t3=t2+(0, 6)) -> (457, 197, 457, t4=t3+(1, 3))	3	66
(1339, 42, 3212, t1) & (292, 107, 4967, t2=t1+(0, 4)) & (3212, 139, 4967, t3=t2+(0, 7)) -> (4967, 107, 292, t4=t3+(1, 7))	3	67
(914, 163, 4280, t1) & (508, 111, 3574, t2=t1+(0, 5)) & (508, 114, 914, t3=t2+(0, 6)) -> (4280, 163, 914, t4=t3+(1, 3))	3	68
(3023, 31, 471, t1) & (1042, 149, 2591, t2=t1+(0, 9)) & (2591, 151, 3023, t3=t2+(0, 5)) -> (471, 149, 3023, t4=t3+(1, 6))	3	69
(74, 151, 779, t1) & (594, 41, 2602, t2=t1+(0, 4)) & (779, 53, 2602, t3=t2+(0, 1)) -> (594, 151, 74, t4=t3+(1, 3))	3	70
(3377, 195, 393, t1) & (1761, 89, 674, t2=t1+(0, 7)) & (674, 126, 393, t3=t2+(0, 8)) -> (393, 195, 393, t4=t3+(1, 3))	3	71
(4661, 192, 3112, t1) & (2002, 31, 4006, t2=t1+(0, 6)) & (4661, 141, 4006, t3=t2+(0, 5)) -> (2002, 31, 4661, t4=t3+(1, 3))	3	72
(2647, 152, 4082, t1) & (4933, 168, 2523, t2=t1+(0, 4)) & (2523, 186, 2647, t3=t2+(0, 6)) -> (4933, 152, 2523, t4=t3+(1, 5))	3	73
(4498, 156, 3595, t1) & (1509, 191, 3605, t2=t1+(0, 4)) & (1509, 67, 4498, t3=t2+(0, 7)) -> (4498, 156, 1509, t4=t3+(1, 5))	3	74
(3042, 181, 3091, t1) & (4352, 32, 2220, t2=t1+(0, 7)) & (4352, 169, 3042, t3=t2+(0, 3)) -> (4352, 181, 3091, t4=t3+(1, 7))	3	75
(2787, 24, 3957, t1) & (1697, 5, 1825, t2=t1+(0, 4)) & (1697, 188, 2787, t3=t2+(0, 4)) -> (1697, 24, 2787, t4=t3+(1, 3))	3	76
(2170, 97, 417, t1) & (2125, 106, 4219, t2=t1+(0, 8)) & (2125, 52, 2170, t3=t2+(0, 5)) -> (2170, 52, 417, t4=t3+(1, 8))	3	77
(4109, 48, 4949, t1) & (4919, 35, 3347, t2=t1+(0, 3)) & (3347, 160, 4109, t3=t2+(0, 5)) -> (4109, 35, 3347, t4=t3+(1, 6))	3	78
(3284, 57, 3537, t1) & (735, 25, 2579, t2=t1+(0, 4)) & (735, 192, 3537, t3=t2+(0, 0)) -> (3284, 25, 2579, t4=t3+(1, 6))	3	79
(4055, 87, 1661, t1) & (944, 110, 0, t2=t1+(0, 4)) & (4055, 3, 0, t3=t2+(0, 4)) -> (944, 3, 944, t4=t3+(1, 6))	3	80
(2603, 80, 3409, t1) & (2596, 168, 1740, t2=t1+(0, 4)) & (1740, 84, 2603, t3=t2+(0, 2)) -> (2596, 84, 2603, t4=t3+(1, 1))	3	81
(1929, 131, 2231, t1) & (3133, 17, 2101, t2=t1+(0, 0)) & (3133, 184, 2231, t3=t2+(0, 4)) -> (3133, 184, 2101, t4=t3+(1, 3))	3	82
(4120, 86, 2986, t1) & (909, 189, 1622, t2=t1+(0, 4)) & (4120, 18, 1622, t3=t2+(0, 9)) -> (1622, 86, 4120, t4=t3+(1, 7))	3	83
(4615, 178, 282, t1) & (2238, 198, 858, t2=t1+(0, 3)) & (858, 39, 282, t3=t2+(0, 6)) -> (2238, 198, 858, t4=t3+(1, 4))	3	84
(3060, 109, 2066, t1) & (1014, 77, 4406, t2=t1+(0, 5)) & (3060, 83, 1014, t3=t2+(0, 5)) -> (2066, 77, 1014, t4=t3+(1, 7))	3	85
(4104, 111, 4119, t1) & (645, 157, 4687, t2=t1+(0, 6)) & (4119, 148, 645, t3=t2+(0, 4)) -> (4104, 148, 645, t4=t3+(1, 4))	3	86
(990, 75, 887, t1) & (4344, 101, 1063, t2=t1+(0, 8)) & (1063, 37, 990, t3=t2+(0, 6)) -> (887, 101, 4344, t4=t3+(1, 5))	3	87
(4477, 1, 2895, t1) & (2727, 74, 2001, t2=t1+(0, 6)) & (2001, 37, 2895, t3=t2+(0, 3)) -> (2727, 1, 2001, t4=t3+(1, 6))	3	88
(4661, 133, 1053, t1) & (942, 50, 2222, t2=t1+(0, 4)) & (4661, 131, 942, t3=t2+(0, 7)) -> (942, 131, 4661, t4=t3+(1, 7))	3	89
(283, 35, 3499, t1) & (981, 13, 1622, t2=t1+(0, 3)) & (1622, 143, 3499, t3=t2+(0, 6)) -> (981, 143, 283, t4=t3+(1, 5))	3	90
(1132, 108, 868, t1) & (1204, 190, 2904, t2=t1+(0, 4)) & (1132, 41, 1204, t3=t2+(0, 2)) -> (1132, 190, 1204, t4=t3+(1, 1))	3	91
(2073, 4, 4671, t1) & (3313, 188, 2252, t2=t1+(0, 5)) & (3313, 75, 2073, t3=t2+(0, 4)) -> (2252, 4, 4671, t4=t3+(1, 1))	3	92
(1849, 30, 1234, t1) & (4469, 51, 1906, t2=t1+(0, 3)) & (1234, 28, 4469, t3=t2+(0, 7)) -> (1849, 30, 4469, t4=t3+(1, 2))	3	93
(3192, 62, 3479, t1) & (677, 181, 203, t2=t1+(0, 10)) & (203, 185, 3192, t3=t2+(0, 7)) -> (3192, 181, 3192, t4=t3+(1, 7))	3	94
(1097, 25, 2233, t1) & (959, 157, 909, t2=t1+(0, 5)) & (1097, 95, 909, t3=t2+(0, 3)) -> (959, 25, 959, t4=t3+(1, 8))	3	95
(4186, 69, 1940, t1) & (4465, 174, 1435, t2=t1+(0, 13)) & (1940, 168, 4465, t3=t2+(0, 2)) -> (1940, 174, 4186, t4=t3+(1, 4))	3	96
(2152, 181, 4829, t1) & (4339, 40, 4975, t2=t1+(0, 2)) & (2152, 2, 4975, t3=t2+(0, 5)) -> (4829, 40, 2152, t4=t3+(1, 6))	3	97
(1831, 137, 2839, t1) & (1292, 168, 4821, t2=t1+(0, 3)) & (2839, 20, 1292, t3=t2+(0, 3)) -> (1292, 137, 4821, t4=t3+(1, 4))	3	98
(4848, 39, 962, t1) & (2461, 50, 4997, t2=t1+(0, 4)) & (4848, 4, 2461, t3=t2+(0, 6)) -> (4848, 4, 4848, t4=t3+(1, 5))	3	99
(505, 120, 2672, t1) & (505, 48, 4675, t2=t1+(0, 2)) -> (2672, 120, 505, t3=t2+(1, 6))	2	100
(457, 102, 382, t1) & (457, 125, 1341, t2=t1+(0, 8)) -> (382, 125, 382, t3=t2+(1, 11))	2	101
(928, 187, 4888, t1) & (4888, 195, 928, t2=t1+(0, 3)) -> (4888, 187, 928, t3=t2+(1, 4))	2	102
(135, 139, 4753, t1) & (135, 11, 4753, t2=t1+(0, 6)) -> (4753, 11, 4753, t3=t2+(1, 3))	2	103
(844, 176, 1783, t1) & (46, 196, 844, t2=t1+(0, 4)) -> (844, 196, 46, t3=t2+(1, 8))	2	104
(1131, 72, 746, t1) & (3654, 95, 1131, t2=t1+(0, 5)) -> (746, 72, 1131, t3=t2+(1, 2))	2	105
(752, 83, 1421, t1) & (3624, 25, 752, t2=t1+(0, 5)) -> (752, 83, 752, t3=t2+(1, 6))	2	106
(1689, 67, 2244, t1) & (1689, 13, 2358, t2=t1+(0, 7)) -> (1689, 67, 2244, t3=t2+(1, 3))	2	107
(1409, 158, 848, t1) & (1409, 0, 2151, t2=t1+(0, 3)) -> (1409, 0, 1409, t3=t2+(1, 3))	2	108
(1333, 53, 4488, t1) & (812, 119, 4488, t2=t1+(0, 7)) -> (4488, 119, 4488, t3=t2+(1, 4))	2	109
(3108, 121, 1736, t1) & (4852, 6, 1736, t2=t1+(0, 6)) -> (1736, 6, 1736, t3=t2+(1, 2))	2	110
(2566, 122, 411, t1) & (2566, 85, 172, t2=t1+(0, 2)) -> (411, 122, 172, t3=t2+(1, 3))	2	111
(1862, 72, 350, t1) & (1862, 194, 1172, t2=t1+(0, 7)) -> (1862, 72, 1172, t3=t2+(1, 5))	2	112
(944, 72, 1853, t1) & (3472, 166, 1853, t2=t1+(0, 2)) -> (3472, 72, 944, t3=t2+(1, 6))	2	113
(828, 191, 2451, t1) & (2965, 180, 828, t2=t1+(0, 5)) -> (2451, 180, 828, t3=t2+(1, 4))	2	114
(1077, 120, 1783, t1) & (4331, 138, 1783, t2=t1+(0, 5)) -> (1783, 138, 1783, t3=t2+(1, 4))	2	115
(4438, 54, 2776, t1) & (924, 99, 4438, t2=t1+(0, 5)) -> (4438, 99, 924, t3=t2+(1, 6))	2	116
(4442, 199, 2558, t1) & (2042, 167, 2558, t2=t1+(0, 7)) -> (2558, 167, 2558, t3=t2+(1, 2))	2	117
(1605, 110, 929, t1) & (1605, 17, 1605, t2=t1+(0, 6)) -> (1605, 110, 929, t3=t2+(1, 3))	2	118
(539, 168, 2002, t1) & (838, 42, 539, t2=t1+(0, 6)) -> (539, 42, 2002, t3=t2+(1, 2))	2	119
(2046, 130, 1547, t1) & (1377, 8, 2046, t2=t1+(0, 12)) -> (2046, 130, 2046, t3=t2+(1, 10))	2	120
(3610, 63, 3341, t1) & (3341, 173, 1535, t2=t1+(0, 5)) -> (1535, 63, 3610, t3=t2+(1, 5))	2	121
(4651, 100, 949, t1) & (4651, 40, 949, t2=t1+(0, 1)) -> (4651, 100, 949, t3=t2+(1, 5))	2	122
(3193, 199, 2096, t1) & (4038, 101, 3193, t2=t1+(0, 5)) -> (2096, 199, 2096, t3=t2+(1, 7))	2	123
(4210, 187, 1077, t1) & (1077, 122, 4210, t2=t1+(0, 7)) -> (4210, 122, 1077, t3=t2+(1, 2))	2	124
(1084, 108, 4165, t1) & (1084, 65, 1084, t2=t1+(0, 6)) -> (1084, 65, 4165, t3=t2+(1, 3))	2	125
(4798, 72, 2269, t1) & (2269, 146, 168, t2=t1+(0, 5)) -> (2269, 146, 2269, t3=t2+(1, 1))	2	126
(1633, 135, 1101, t1) & (1101, 175, 4818, t2=t1+(0, 4)) -> (1101, 175, 1101, t3=t2+(1, 6))	2	127
(1392, 13, 3542, t1) & (3542, 56, 3542, t2=t1+(0, 6)) -> (3542, 56, 1392, t3=t2+(1, 6))	2	128
(88, 36, 2338, t1) & (2338, 82, 1934, t2=t1+(0, 3)) -> (2338, 36, 2338, t3=t2+(1, 6))	2	129
(4234, 1, 1599, t1) & (4481, 164, 1599, t2=t1+(0, 6)) -> (4234, 1, 1599, t3=t2+(1, 6))	2	130
(1716, 16, 3096, t1) & (3096, 185, 3096, t2=t1+(0, 2)) -> (3096, 185, 1716, t3=t2+(1, 7))	2	131
(3083, 138, 2489, t1) & (2489, 162, 711, t2=t1+(0, 4)) -> (711, 138, 2489, t3=t2+(1, 4))	2	132
(3358, 106, 3823, t1) & (3358, 195, 3823, t2=t1+(0, 2)) -> (3823, 195, 3358, t3=t2+(1, 6))	2	133
(468, 54, 876, t1) & (2854, 84, 876, t2=t1+(0, 4)) -> (876, 54, 468, t3=t2+(1, 4))	2	134
(4458, 158, 4623, t1) & (1645, 21, 4623, t2=t1+(0, 2)) -> (1645, 158, 4623, t3=t2+(1, 4))	2	135
(2486, 71, 1584, t1) & (1584, 106, 52, t2=t1+(0, 4)) -> (52, 71, 2486, t3=t2+(1, 3))	2	136
(807, 87, 4102, t1) & (4102, 2, 4102, t2=t1+(0, 7)) -> (4102, 2, 807, t3=t2+(1, 9))	2	137
(1181, 178, 1843, t1) & (1181, 130, 3984, t2=t1+(0, 7)) -> (3984, 178, 1181, t3=t2+(1, 6))	2	138
(2175, 142, 1536, t1) & (2175, 50, 4926, t2=t1+(0, 5)) -> (4926, 50, 2175, t3=t2+(1, 6))	2	139
(2131, 10, 73, t1) & (73, 156, 2131, t2=t1+(0, 3)) -> (73, 156, 73, t3=t2+(1, 8))	2	140
(347, 54, 4447, t1) & (4447, 169, 1767, t2=t1+(0, 7)) -> (1767, 169, 1767, t3=t2+(1, 7))	2	141
(4161, 191, 4052, t1) & (666, 174, 4161, t2=t1+(0, 5)) -> (4161, 191, 666, t3=t2+(1, 6))	2	142
(2924, 177, 2756, t1) & (2924, 68, 2756, t2=t1+(0, 7)) -> (2924, 68, 2924, t3=t2+(1, 2))	2	143
(2959, 23, 4450, t1) & (12, 15, 4450, t2=t1+(0, 5)) -> (4450, 15, 4450, t3=t2+(1, 1))	2	144
(3957, 116, 3341, t1) & (1724, 174, 3957, t2=t1+(0, 5)) -> (1724, 174, 3957, t3=t2+(1, 6))	2	145
(3641, 44, 535, t1) & (535, 174, 2448, t2=t1+(0, 5)) -> (3641, 44, 2448, t3=t2+(1, 3))	2	146
(87, 62, 1940, t1) & (87, 100, 1177, t2=t1+(0, 4)) -> (87, 100, 1177, t3=t2+(1, 4))	2	147
(4045, 139, 228, t1) & (228, 8, 228, t2=t1+(0, 6)) -> (228, 8, 228, t3=t2+(1, 5))	2	148
(278, 9, 3818, t1) & (3818, 128, 965, t2=t1+(0, 6)) -> (278, 128, 278, t3=t2+(1, 8))	2	149
(3714, 87, 2931, t1) & (6, 32, 2931, t2=t1+(0, 5)) -> (6, 87, 2931, t3=t2+(1, 5))	2	150
(1147, 171, 1600, t1) & (3922, 171, 1600, t2=t1+(0, 5)) -> (3922, 171, 1600, t3=t2+(1, 8))	2	151
(1558, 67, 789, t1) & (1831, 71, 789, t2=t1+(0, 3)) -> (789, 71, 1831, t3=t2+(1, 7))	2	152
(4871, 146, 656, t1) & (656, 160, 656, t2=t1+(0, 5)) -> (4871, 146, 656, t3=t2+(1, 3))	2	153
(380, 143, 797, t1) & (797, 181, 380, t2=t1+(0, 6)) -> (380, 181, 380, t3=t2+(1, 3))	2	154
(2994, 60, 4622, t1) & (2994, 139, 2260, t2=t1+(0, 8)) -> (2994, 139, 2994, t3=t2+(1, 3))	2	155
(3319, 137, 2196, t1) & (3319, 157, 588, t2=t1+(0, 5)) -> (2196, 157, 3319, t3=t2+(1, 5))	2	156
(1673, 148, 4098, t1) & (1673, 98, 4431, t2=t1+(0, 4)) -> (1673, 98, 4098, t3=t2+(1, 4))	2	157
(3809, 158, 1999, t1) & (3809, 58, 3809, t2=t1+(0, 4)) -> (3809, 58, 3809, t3=t2+(1, 6))	2	158
(4168, 44, 4463, t1) & (4463, 46, 1010, t2=t1+(0, 7)) -> (1010, 46, 4463, t3=t2+(1, 2))	2	159
(3376, 114, 370, t1) & (370, 156, 3376, t2=t1+(0, 5)) -> (3376, 156, 3376, t3=t2+(1, 3))	2	160
(1653, 32, 2173, t1) & (1653, 183, 448, t2=t1+(0, 7)) -> (448, 32, 1653, t3=t2+(1, 4))	2	161
(2307, 4, 766, t1) & (766, 146, 2307, t2=t1+(0, 6)) -> (2307, 146, 766, t3=t2+(1, 7))	2	162
(4262, 75, 4661, t1) & (557, 84, 4661, t2=t1+(0, 6)) -> (4661, 75, 4262, t3=t2+(1, 5))	2	163
(2418, 167, 3391, t1) & (3391, 192, 692, t2=t1+(0, 9)) -> (3391, 192, 3391, t3=t2+(1, 8))	2	164
(3971, 37, 1543, t1) & (1543, 56, 124, t2=t1+(0, 6)) -> (1543, 37, 1543, t3=t2+(1, 4))	2	165
(4012, 154, 779, t1) & (779, 102, 4012, t2=t1+(0, 8)) -> (779, 102, 4012, t3=t2+(1, 5))	2	166
(4019, 54, 4660, t1) & (621, 24, 4660, t2=t1+(0, 1)) -> (4660, 54, 621, t3=t2+(1, 5))	2	167
(862, 149, 3704, t1) & (862, 70, 3399, t2=t1+(0, 3)) -> (3704, 149, 862, t3=t2+(1, 3))	2	168
(3724, 177, 2799, t1) & (2799, 121, 3202, t2=t1+(0, 4)) -> (3724, 121, 3202, t3=t2+(1, 9))	2	169
(4559, 160, 4122, t1) & (4389, 111, 4559, t2=t1+(0, 5)) -> (4122, 160, 4559, t3=t2+(1, 5))	2	170
(2352, 164, 924, t1) & (2538, 33, 2352, t2=t1+(0, 5)) -> (2538, 164, 2538, t3=t2+(1, 5))	2	171
(4155, 115, 3938, t1) & (1814, 108, 3938, t2=t1+(0, 4)) -> (3938, 115, 1814, t3=t2+(1, 4))	2	172
(4357, 35, 2179, t1) & (1580, 38, 2179, t2=t1+(0, 6)) -> (1580, 38, 2179, t3=t2+(1, 4))	2	173
(3390, 185, 3176, t1) & (3176, 39, 3390, t2=t1+(0, 2)) -> (3390, 39, 3176, t3=t2+(1, 8))	2	174
(3957, 143, 2583, t1) & (3065, 83, 2583, t2=t1+(0, 2)) -> (2583, 143, 2583, t3=t2+(1, 2))	2	175
(1814, 78, 4963, t1) & (1814, 125, 1814, t2=t1+(0, 6)) -> (1814, 125, 1814, t3=t2+(1, 4))	2	176
(4299, 11, 2068, t1) & (2068, 162, 2107, t2=t1+(0, 6)) -> (2068, 11, 2107, t3=t2+(1, 3))	2	177
(2506, 81, 1652, t1) & (3128, 56, 1652, t2=t1+(0, 5)) -> (3128, 81, 3128, t3=t2+(1, 3))	2	178
(4615, 10, 4562, t1) & (4615, 151, 4562, t2=t1+(0, 3)) -> (4615, 10, 4562, t3=t2+(1, 4))	2	179
(819, 18, 851, t1) & (819, 141, 851, t2=t1+(0, 7)) -> (851, 141, 819, t3=t2+(1, 4))	2	180
(3357, 112, 3060, t1) & (3060, 59, 2781, t2=t1+(0, 7)) -> (3060, 112, 3357, t3=t2+(1, 7))	2	181
(555, 35, 3559, t1) & (3559, 152, 3642, t2=t1+(0, 5)) -> (555, 152, 555, t3=t2+(1, 5))	2	182
(2610, 107, 739, t1) & (739, 87, 2592, t2=t1+(0, 3)) -> (2592, 87, 739, t3=t2+(1, 2))	2	183
(4431, 156, 2964, t1) & (3442, 161, 4431, t2=t1+(0, 6)) -> (4431, 156, 4431, t3=t2+(1, 7))	2	184
(2705, 175, 3016, t1) & (2705, 48, 2033, t2=t1+(0, 9)) -> (2705, 175, 2705, t3=t2+(1, 5))	2	185
(1050, 7, 1122, t1) & (1050, 50, 1122, t2=t1+(0, 3)) -> (1122, 50, 1050, t3=t2+(1, 4))	2	186
(1890, 181, 3451, t1) & (3451, 129, 3451, t2=t1+(0, 8)) -> (3451, 181, 3451, t3=t2+(1, 3))	2	187
(1808, 109, 3775, t1) & (3950, 101, 3775, t2=t1+(0, 4)) -> (3775, 101, 3775, t3=t2+(1, 5))	2	188
(1158, 77, 1780, t1) & (1158, 53, 4651, t2=t1+(0, 6)) -> (4651, 77, 1158, t3=t2+(1, 7))	2	189
(1981, 181, 1741, t1) & (1741, 5, 2440, t2=t1+(0, 13)) -> (1741, 181, 1741, t3=t2+(1, 3))	2	190
(814, 60, 3917, t1) & (3917, 59, 3917, t2=t1+(0, 5)) -> (3917, 60, 3917, t3=t2+(1, 6))	2	191
(3439, 98, 3160, t1) & (3891, 124, 3439, t2=t1+(0, 1)) -> (3439, 98, 3439, t3=t2+(1, 3))	2	192
(4972, 177, 3504, t1) & (3504, 131, 4972, t2=t1+(0, 5)) -> (3504, 131, 3504, t3=t2+(1, 6))	2	193
(1923, 177, 375, t1) & (2361, 87, 1923, t2=t1+(0, 10)) -> (2361, 87, 375, t3=t2+(1, 5))	2	194
(1518, 120, 3639, t1) & (1518, 31, 4873, t2=t1+(0, 4)) -> (1518, 31, 4873, t3=t2+(1, 4))	2	195
(1749, 102, 870, t1) & (767, 198, 1749, t2=t1+(0, 6)) -> (767, 198, 767, t3=t2+(1, 2))	2	196
(3311, 121, 1579, t1) & (3311, 187, 4625, t2=t1+(0, 7)) -> (4625, 121, 4625, t3=t2+(1, 5))	2	197
(3241, 167, 461, t1) & (461, 21, 3241, t2=t1+(0, 5)) -> (461, 167, 3241, t3=t2+(1, 3))	2	198
(422, 131, 4848, t1) & (422, 36, 4848, t2=t1+(0, 4)) -> (422, 131, 4848, t3=t2+(1, 4))	2	199
(56, 119, 3133, t1) -> (56, 119, 56, t2=t1+(1, 4))	1	200
(3786, 121, 3754, t1) -> (3786, 121, 3786, t2=t1+(1, 1))	1	201
(2760, 47, 3385, t1) -> (2760, 47, 3385, t2=t1+(1, 5))	1	202
(4779, 20, 4892, t1) -> (4779, 20, 4892, t2=t1+(1, 4))	1	203
(4762, 72, 2837, t1) -> (4762, 72, 2837, t2=t1+(1, 3))	1	204
(230, 195, 854, t1) -> (230, 195, 230, t2=t1+(1, 5))	1	205
(4415, 36, 4783, t1) -> (4783, 36, 4783, t2=t1+(1, 4))	1	206
(3196, 0, 4326, t1) -> (3196, 0, 3196, t2=t1+(1, 6))	1	207
(1079, 117, 934, t1) -> (934, 117, 934, t2=t1+(1, 2))	1	208
(3834, 182, 807, t1) -> (3834, 182, 3834, t2=t1+(1, 4))	1	209
(1932, 139, 3134, t1) -> (1932, 139, 1932, t2=t1+(1, 9))	1	210
(4440, 177, 1244, t1) -> (1244, 177, 4440, t2=t1+(1, 5))	1	211
(3956, 66, 3474, t1) -> (3956, 66, 3956, t2=t1+(1, 5))	1	212
(2453, 151, 1658, t1) -> (2453, 151, 1658, t2=t1+(1, 7))	1	213
(4856, 88, 413, t1) -> (413, 88, 413, t2=t1+(1, 6))	1	214
(281, 197, 2662, t1) -> (281, 197, 2662, t2=t1+(1, 4))	1	215
(4338, 181, 795, t1) -> (795, 181, 795, t2=t1+(1, 2))	1	216
(627, 2, 4199, t1) -> (4199, 2, 4199, t2=t1+(1, 4))	1	217
(510, 127, 3876, t1) -> (510, 127, 3876, t2=t1+(1, 2))	1	218
(4982, 180, 1217, t1) -> (1217, 180, 1217, t2=t1+(1, 4))	1	219
(1588, 24, 4822, t1) -> (1588, 24, 1588, t2=t1+(1, 9))	1	220
(919, 68, 3320, t1) -> (3320, 68, 919, t2=t1+(1, 2))	1	221
(173, 152, 969, t1) -> (969, 152, 969, t2=t1+(1, 3))	1	222
(435, 164, 2429, t1) -> (435, 164, 2429, t2=t1+(1, 6))	1	223
(12, 4, 3856, t1) -> (3856, 4, 3856, t2=t1+(1, 11))	1	224
(1064, 15, 1295, t1) -> (1295, 15, 1295, t2=t1+(1, 1))	1	225
(303, 140, 3128, t1) -> (3128, 140, 303, t2=t1+(1, 3))	1	226
(4309, 28, 1340, t1) -> (4309, 28, 1340, t2=t1+(1, 8))	1	227
(1045, 47, 962, t1) -> (962, 47, 962, t2=t1+(1, 4))	1	228
(3115, 136, 3100, t1) -> (3100, 136, 3100, t2=t1+(1, 3))	1	229
(2002, 39, 3041, t1) -> (3041, 39, 3041, t2=t1+(1, 3))	1	230
(3152, 24, 3412, t1) -> (3412, 24, 3412, t2=t1+(1, 3))	1	231
(3141, 65, 2872, t1) -> (2872, 65, 2872, t2=t1+(1, 4))	1	232
(2048, 107, 1537, t1) -> (1537, 107, 1537, t2=t1+(1, 7))	1	233
(247, 110, 1498, t1) -> (247, 110, 247, t2=t1+(1, 1))	1	234
(2234, 184, 2470, t1) -> (2234, 184, 2234, t2=t1+(1, 5))	1	235
(1476, 75, 3243, t1) -> (3243, 75, 3243, t2=t1+(1, 3))	1	236
(3169, 14, 812, t1) -> (3169, 14, 812, t2=t1+(1, 6))	1	237
(266, 123, 2594, t1) -> (266, 123, 2594, t2=t1+(1, 6))	1	238
(3474, 100, 1012, t1) -> (3474, 100, 3474, t2=t1+(1, 2))	1	239
(2215, 88, 4210, t1) -> (4210, 88, 2215, t2=t1+(1, 5))	1	240
(4749, 173, 1694, t1) -> (4749, 173, 1694, t2=t1+(1, 5))	1	241
(4350, 15, 150, t1) -> (4350, 15, 4350, t2=t1+(1, 5))	1	242
(3530, 171, 1195, t1) -> (3530, 171, 3530, t2=t1+(1, 5))	1	243
(4721, 40, 274, t1) -> (4721, 40, 274, t2=t1+(1, 6))	1	244
(44, 44, 1619, t1) -> (44, 44, 1619, t2=t1+(1, 2))	1	245
(4737, 21, 4880, t1) -> (4737, 21, 4880, t2=t1+(1, 8))	1	246
(3392, 61, 2927, t1) -> (2927, 61, 2927, t2=t1+(1, 7))	1	247
(2445, 20, 3450, t1) -> (2445, 20, 3450, t2=t1+(1, 8))	1	248
(4848, 93, 1841, t1) -> (4848, 93, 4848, t2=t1+(1, 3))	1	249
(3184, 24, 3036, t1) -> (3036, 24, 3036, t2=t1+(1, 3))	1	250
(2721, 67, 4558, t1) -> (2721, 67, 4558, t2=t1+(1, 6))	1	251
(4044, 118, 3025, t1) -> (3025, 118, 3025, t2=t1+(1, 6))	1	252
(3817, 71, 2202, t1) -> (2202, 71, 3817, t2=t1+(1, 3))	1	253
(4107, 114, 3487, t1) -> (3487, 114, 4107, t2=t1+(1, 3))	1	254
(2079, 100, 468, t1) -> (468, 100, 2079, t2=t1+(1, 6))	1	255
(1380, 157, 1408, t1) -> (1408, 157, 1380, t2=t1+(1, 3))	1	256
(1789, 64, 143, t1) -> (1789, 64, 143, t2=t1+(1, 4))	1	257
(3230, 151, 3923, t1) -> (3230, 151, 3230, t2=t1+(1, 6))	1	258
(3664, 53, 3021, t1) -> (3021, 53, 3021, t2=t1+(1, 8))	1	259
(2992, 163, 4361, t1) -> (4361, 163, 2992, t2=t1+(1, 4))	1	260
(2074, 132, 1211, t1) -> (2074, 132, 1211, t2=t1+(1, 4))	1	261
(970, 96, 3425, t1) -> (970, 96, 970, t2=t1+(1, 5))	1	262
(1592, 199, 535, t1) -> (1592, 199, 535, t2=t1+(1, 5))	1	263
(759, 186, 552, t1) -> (552, 186, 552, t2=t1+(1, 8))	1	264
(1342, 156, 422, t1) -> (1342, 156, 422, t2=t1+(1, 7))	1	265
(693, 188, 4049, t1) -> (693, 188, 4049, t2=t1+(1, 7))	1	266
(4273, 183, 291, t1) -> (4273, 183, 291, t2=t1+(1, 3))	1	267
(1519, 58, 2006, t1) -> (1519, 58, 1519, t2=t1+(1, 4))	1	268
(1821, 77, 4315, t1) -> (1821, 77, 4315, t2=t1+(1, 1))	1	269
(1310, 159, 4013, t1) -> (4013, 159, 4013, t2=t1+(1, 5))	1	270
(2154, 193, 2617, t1) -> (2154, 193, 2154, t2=t1+(1, 6))	1	271
(1090, 8, 3936, t1) -> (1090, 8, 1090, t2=t1+(1, 4))	1	272
(1234, 139, 3074, t1) -> (3074, 139, 1234, t2=t1+(1, 3))	1	273
(3416, 18, 792, t1) -> (792, 18, 3416, t2=t1+(1, 4))	1	274
(182, 83, 208, t1) -> (208, 83, 182, t2=t1+(1, 4))	1	275
(3357, 92, 886, t1) -> (886, 92, 886, t2=t1+(1, 7))	1	276
(2415, 72, 3122, t1) -> (2415, 72, 3122, t2=t1+(1, 8))	1	277
(4952, 137, 2208, t1) -> (4952, 137, 2208, t2=t1+(1, 6))	1	278
(425, 121, 502, t1) -> (425, 121, 425, t2=t1+(1, 7))	1	279
(2113, 71, 897, t1) -> (897, 71, 897, t2=t1+(1, 2))	1	280
(3496, 130, 4656, t1) -> (4656, 130, 4656, t2=t1+(1, 6))	1	281
(3703, 146, 185, t1) -> (185, 146, 185, t2=t1+(1, 6))	1	282
(2291, 166, 4892, t1) -> (4892, 166, 2291, t2=t1+(1, 6))	1	283
(4216, 57, 4394, t1) -> (4216, 57, 4216, t2=t1+(1, 5))	1	284
(3064, 110, 487, t1) -> (3064, 110, 3064, t2=t1+(1, 2))	1	285
(3622, 37, 3246, t1) -> (3246, 37, 3246, t2=t1+(1, 8))	1	286
(2404, 61, 798, t1) -> (798, 61, 2404, t2=t1+(1, 5))	1	287
(4900, 62, 1020, t1) -> (1020, 62, 4900, t2=t1+(1, 6))	1	288
(335, 65, 297, t1) -> (335, 65, 297, t2=t1+(1, 2))	1	289
(3976, 52, 3066, t1) -> (3976, 52, 3976, t2=t1+(1, 3))	1	290
(1293, 157, 4144, t1) -> (1293, 157, 4144, t2=t1+(1, 1))	1	291
(4780, 19, 51, t1) -> (51, 19, 4780, t2=t1+(1, 5))	1	292
(1316, 188, 482, t1) -> (1316, 188, 482, t2=t1+(1, 1))	1	293
(2935, 20, 4807, t1) -> (4807, 20, 4807, t2=t1+(1, 8))	1	294
(1645, 6, 0, t1) -> (0, 6, 0, t2=t1+(1, 8))	1	295
(3387, 165, 1215, t1) -> (1215, 165, 1215, t2=t1+(1, 8))	1	296
(2205, 23, 3728, t1) -> (2205, 23, 2205, t2=t1+(1, 5))	1	297
(4062, 174, 1246, t1) -> (4062, 174, 1246, t2=t1+(1, 6))	1	298
(4693, 96, 2893, t1) -> (4693, 96, 4693, t2=t1+(1, 4))	1	299
