(418, 18, 2375, t1) & (2462, 122, 2258, t2=t1+(0, 5)) & (418, 85, 2462, t3=t2+(0, 7)) -> (2462, 122, 2462, t4=t3+(1, 5))	3	0
(2308, 126, 1106, t1) & (694, 70, 2895, t2=t1+(0, 1)) & (2895, 71, 1106, t3=t2+(0, 5)) -> (1106, 70, 1106, t4=t3+(1, 2))	3	1
(1299, 11, 2102, t1) & (1987, 70, 2212, t2=t1+(0, 3)) & (2102, 80, 1987, t3=t2+(0, 3)) -> (1987, 11, 2212, t4=t3+(1, 3))	3	2
(355, 70, 4830, t1) & (174, 89, 2681, t2=t1+(0, 3)) & (4830, 78, 174, t3=t2+(0, 5)) -> (174, 78, 2681, t4=t3+(1, 5))	3	3
(427, 186, 4332, t1) & (1277, 79, 3394, t2=t1+(0, 1)) & (1277, 174, 4332, t3=t2+(0, 2)) -> (4332, 79, 4332, t4=t3+(1, 5))	3	4
(3137, 190, 161, t1) & (1713, 48, 4145, t2=t1+(0, 4)) & (161, 153, 4145, t3=t2+(0, 5)) -> (161, 153, 161, t4=t3+(1, 8))	3	5
(4601, 40, 3222, t1) & (2755, 198, 1760, t2=t1+(0, 1)) & (1760, 116, 3222, t3=t2+(0, 6)) -> (1760, 40, 3222, t4=t3+(1, 4))	3	6
(3597, 133, 2857, t1) & (3822, 121, 2434, t2=t1+(0, 4)) & (2857, 18, 3822, t3=t2+(0, 6)) -> (2434, 133, 2434, t4=t3+(1, 7))	3	7
(2577, 173, 4142, t1) & (2970, 114, 3579, t2=t1+(0, 3)) & (4142, 109, 2970, t3=t2+(0, 4)) -> (4142, 114, 3579, t4=t3+(1, 6))	3	8
(4532, 128, 3418, t1) & (4054, 4, 3623, t2=t1+(0, 6)) & (4054, 17, 3418, t3=t2+(0, 3)) -> (3418, 128, 4054, t4=t3+(1, 4))	3	9
(350, 131, 3726, t1) & (2277, 145, 3484, t2=t1+(0, 6)) & (2277, 101, 3726, t3=t2+(0, 6)) -> (3726, 145, 2277, t4=t3+(1, 1))	3	10
(3739, 60, 2633, t1) & (4959, 99, 4779, t2=t1+(0, 5)) & (2633, 112, 4959, t3=t2+(0, 8)) -> (2633, 60, 2633, t4=t3+(1, 4))	3	11
(4963, 24, 3568, t1) & (1985, 52, 204, t2=t1+(0, 2)) & (204, 71, 4963, t3=t2+(0, 7)) -> (1985, 52, 3568, t4=t3+(1, 5))	3	12
(4433, 100, 1917, t1) & (3211, 79, 333, t2=t1+(0, 4)) & (4433, 37, 333, t3=t2+(0, 6)) -> (4433, 79, 4433, t4=t3+(1, 4))	3	13
(4524, 145, 3197, t1) & (1139, 171, 1317, t2=t1+(0, 6)) & (1139, 135, 4524, t3=t2+(0, 3)) -> (1139, 171, 3197, t4=t3+(1, 5))	3	14
(2391, 126, 4598, t1) & (4111, 83, 4831, t2=t1+(0, 3)) & (4831, 181, 2391, t3=t2+(0, 4)) -> (4831, 181, 4831, t4=t3+(1, 1))	3	15
(4151, 185, 298, t1) & (490, 174, 1288, t2=t1+(0, 5)) & (1288, 143, 298, t3=t2+(0, 9)) -> (1288, 185, 298, t4=t3+(1, 4))	3	16
(3020, 79, 174, t1) & (1221, 71, 4694, t2=t1+(0, 6)) & (1221, 159, 174, t3=t2+(0, 3)) -> (174, 159, 1221, t4=t3+(1, 2))	3	17
(2995, 44, 2426, t1) & (486, 8, 4861, t2=t1+(0, 8)) & (2995, 109, 486, t3=t2+(0, 8)) -> (486, 44, 486, t4=t3+(1, 1))	3	18
(3101, 72, 2296, t1) & (3554, 81, 987, t2=t1+(0, 7)) & (3101, 140, 987, t3=t2+(0, 5)) -> (987, 140, 2296, t4=t3+(1, 13))	3	19
(428, 79, 3028, t1) & (3086, 98, 3666, t2=t1+(0, 1)) & (3028, 57, 3666, t3=t2+(0, 3)) -> (428, 57, 3666, t4=t3+(1, 3))	3	20
(2414, 89, 4003, t1) & (555, 111, 3693, t2=t1+(0, 4)) & (555, 181, 4003, t3=t2+(0, 3)) -> (555, 181, 555, t4=t3+(1, 3))	3	21
(4869, 85, 1972, t1) & (2300, 71, 1225, t2=t1+(0, 2)) & (4869, 79, 1225, t3=t2+(0, 1)) -> (2300, 71, 4869, t4=t3+(1, 6))	3	22
(3173, 17, 1577, t1) & (1806, 70, 2268, t2=t1+(0, 3)) & (3173, 57, 1806, t3=t2+(0, 6)) -> (1577, 57, 1806, t4=t3+(1, 9))	3	23
(4723, 99, 1362, t1) & (3947, 102, 3575, t2=t1+(0, 7)) & (3947, 79, 1362, t3=t2+(0, 12)) -> (3947, 102, 3947, t4=t3+(1, 5))	3	24
(371, 52, 2783, t1) & (419, 37, 35, t2=t1+(0, 6)) & (419, 81, 2783, t3=t2+(0, 3)) -> (419, 81, 2783, t4=t3+(1, 2))	3	25
(2035, 99, 2948, t1) & (1406, 102, 436, t2=t1+(0, 7)) & (1406, 145, 2948, t3=t2+(0, 1)) -> (436, 145, 1406, t4=t3+(1, 2))	3	26
(2868, 5, 4488, t1) & (4136, 79, 4772, t2=t1+(0, 4)) & (4772, 90, 2868, t3=t2+(0, 4)) -> (4772, 5, 4488, t4=t3+(1, 3))	3	27
(4835, 101, 35, t1) & (642, 62, 4738, t2=t1+(0, 5)) & (4738, 109, 4835, t3=t2+(0, 2)) -> (4835, 101, 642, t4=t3+(1, 7))	3	28
(4066, 85, 2332, t1) & (3124, 87, 857, t2=t1+(0, 5)) & (3124, 153, 4066, t3=t2+(0, 5)) -> (857, 153, 3124, t4=t3+(1, 3))	3	29
(584, 93, 4029, t1) & (2289, 148, 2835, t2=t1+(0, 5)) & (584, 175, 2289, t3=t2+(0, 1)) -> (584, 93, 4029, t4=t3+(1, 8))	3	30
(3095, 154, 1265, t1) & (2532, 167, 2737, t2=t1+(0, 4)) & (1265, 107, 2532, t3=t2+(0, 6)) -> (1265, 167, 1265, t4=t3+(1, 7))	3	31
(4808, 151, 2361, t1) & (950, 37, 4666, t2=t1+(0, 3)) & (950, 81, 2361, t3=t2+(0, 3)) -> (4666, 37, 4666, t4=t3+(1, 4))	3	32
(3233, 116, 2967, t1) & (4822, 70, 336, t2=t1+(0, 8)) & (4822, 185, 2967, t3=t2+(0, 7)) -> (4822, 185, 3233, t4=t3+(1, 10))	3	33
(3914, 199, 4978, t1) & (4901, 129, 1202, t2=t1+(0, 7)) & (1202, 87, 3914, t3=t2+(0, 3)) -> (3914, 87, 4978, t4=t3+(1, 5))	3	34
(1226, 114, 4747, t1) & (843, 185, 1390, t2=t1+(0, 5)) & (1390, 117, 4747, t3=t2+(0, 8)) -> (1390, 185, 4747, t4=t3+(1, 3))	3	35
(1780, 83, 835, t1) & (2176, 85, 3228, t2=t1+(0, 3)) & (835, 8, 3228, t3=t2+(0, 4)) -> (3228, 8, 1780, t4=t3+(1, 2))	3	36
(949, 25, 2284, t1) & (2845, 49, 4509, t2=t1+(0, 4)) & (2284, 182, 4509, t3=t2+(0, 3)) -> (4509, 49, 4509, t4=t3+(1, 6))	3	37
(3501, 154, 2517, t1) & (3590, 7, 3458, t2=t1+(0, 7)) & (3590, 57, 2517, t3=t2+(0, 3)) -> (2517, 7, 3590, t4=t3+(1, 7))	3	38
(545, 154, 4693, t1) & (3397, 7, 4150, t2=t1+(0, 6)) & (4150, 154, 545, t3=t2+(0, 7)) -> (3397, 154, 4150, t4=t3+(1, 5))	3	39
(2187, 116, 1486, t1) & (2911, 40, 563, t2=t1+(0, 4)) & (1486, 70, 2911, t3=t2+(0, 6)) -> (1486, 116, 1486, t4=t3+(1, 4))	3	40
(4013, 66, 2499, t1) & (3604, 51, 658, t2=t1+(0, 5)) & (4013, 167, 658, t3=t2+(0, 6)) -> (658, 66, 3604, t4=t3+(1, 4))	3	41
(4040, 70, 4708, t1) & (2108, 85, 3813, t2=t1+(0, 6)) & (2108, 53, 4708, t3=t2+(0, 10)) -> (2108, 70, 2108, t4=t3+(1, 5))	3	42
(1693, 128, 3629, t1) & (742, 187, 707, t2=t1+(0, 3)) & (742, 157, 1693, t3=t2+(0, 2)) -> (1693, 157, 1693, t4=t3+(1, 4))	3	43
(1163, 112, 1756, t1) & (1394, 76, 1073, t2=t1+(0, 7)) & (1073, 145, 1163, t3=t2+(0, 6)) -> (1394, 76, 1163, t4=t3+(1, 5))	3	44
(2252, 93, 1004, t1) & (2339, 141, 770, t2=t1+(0, 4)) & (1004, 54, 770, t3=t2+(0, 7)) -> (770, 54, 1004, t4=t3+(1, 6))	3	45
(1945, 131, 3408, t1) & (1825, 118, 3121, t2=t1+(0, 4)) & (1945, 70, 3121, t3=t2+(0, 7)) -> (1945, 131, 1825, t4=t3+(1, 4))	3	46
(3767, 75, 2296, t1) & (4098, 167, 4281, t2=t1+(0, 5)) & (4098, 175, 2296, t3=t2+(0, 7)) -> (2296, 167, 3767, t4=t3+(1, 3))	3	47
(2193, 79, 1106, t1) & (4636, 187, 360, t2=t1+(0, 5)) & (1106, 8, 360, t3=t2+(0, 6)) -> (360, 8, 2193, t4=t3+(1, 6))	3	48
(2765, 53, 496, t1) & (3847, 18, 4252, t2=t1+(0, 5)) & (2765, 126, 3847, t3=t2+(0, 5)) -> (3847, 18, 496, t4=t3+(1, 6))	3	49
(3716, 57, 1046, t1) & (4047, 27, 437, t2=t1+(0, 3)) & (4047, 53, 3716, t3=t2+(0, 6)) -> (4047, 57, 437, t4=t3+(1, 4))	3	50
(3170, 87, 1839, t1) & (2821, 30, 1464, t2=t1+(0, 2)) & (2821, 104, 3170, t3=t2+(0, 4)) -> (2821, 87, 2821, t4=t3+(1, 5))	3	51
(858, 30, 3682, t1) & (3479, 172, 3291, t2=t1+(0, 6)) & (3479, 148, 3682, t3=t2+(0, 1)) -> (3479, 172, 3291, t4=t3+(1, 3))	3	52
(3819, 40, 2645, t1) & (2914, 5, 4008, t2=t1+(0, 5)) & (2914, 148, 2645, t3=t2+(0, 5)) -> (3819, 5, 2645, t4=t3+(1, 1))	3	53
(4531, 98, 2758, t1) & (1704, 84, 3457, t2=t1+(0, 4)) & (2758, 173, 3457, t3=t2+(0, 3)) -> (2758, 98, 1704, t4=t3+(1, 1))	3	54
(4469, 161, 3836, t1) & (4566, 40, 750, t2=t1+(0, 6)) & (4566, 122, 4469, t3=t2+(0, 2)) -> (4566, 161, 4566, t4=t3+(1, 5))	3	55
(2450, 158, 2059, t1) & (4103, 175, 2198, t2=t1+(0, 8)) & (2450, 187, 2198, t3=t2+(0, 14)) -> (2450, 187, 2450, t4=t3+(1, 3))	3	56
(3946, 77, 3358, t1) & (3916, 116, 144, t2=t1+(0, 6)) & (3358, 91, 144, t3=t2+(0, 3)) -> (3916, 77, 3916, t4=t3+(1, 6))	3	57
(1949, 91, 1250, t1) & (4178, 131, 3552, t2=t1+(0, 7)) & (1250, 85, 3552, t3=t2+(0, 7)) -> (3552, 91, 3552, t4=t3+(1, 4))	3	58
(1116, 80, 4184, t1) & (334, 6, 484, t2=t1+(0, 7)) & (334, 70, 1116, t3=t2+(0, 6)) -> (1116, 80, 334, t4=t3+(1, 5))	3	59
(2986, 112, 91, t1) & (1761, 100, 3295, t2=t1+(0, 3)) & (2986, 180, 1761, t3=t2+(0, 6)) -> (3295, 112, 1761, t4=t3+(1, 3))	3	60
(3397, 53, 4599, t1) & (3937, 79, 1368, t2=t1+(0, 1)) & (3397, 100, 3937, t3=t2+(0, 4)) -> (3397, 53, 1368, t4=t3+(1, 3))	3	61
(1897, 81, 4357, t1) & (59, 116, 280, t2=t1+(0, 7)) & (1897, 5, 59, t3=t2+(0, 9)) -> (280, 81, 4357, t4=t3+(1, 1))	3	62
(1283, 40, 529, t1) & (2671, 18, 2172, t2=t1+(0, 2)) & (529, 173, 2172, t3=t2+(0, 3)) -> (2172, 173, 2671, t4=t3+(1, 11))	3	63
(3777, 66, 3, t1) & (2923, 113, 2638, t2=t1+(0, 7)) & (3777, 125, 2923, t3=t2+(0, 7)) -> (3, 113, 3777, t4=t3+(1, 3))	3	64
(2885, 85, 1093, t1) & (1458, 102, 2721, t2=t1+(0, 10)) & (1093, 163, 1458, t3=t2+(0, 6)) -> (2721, 102, 2721, t4=t3+(1, 3))	3	65
(3703, 104, 4389, t1) & (4155, 34, 3594, t2=t1+(0, 5)) & (4155, 116, 4389, t3=t2+(0, 5)) -> (3703, 104, 4155, t4=t3+(1, 6))	3	66
(609, 71, 2513, t1) & (4426, 95, 2944, t2=t1+(0, 5)) & (2513, 188, 2944, t3=t2+(0, 7)) -> (609, 95, 2944, t4=t3+(1, 7))	3	67
(391, 85, 3887, t1) & (3833, 153, 3750, t2=t1+(0, 4)) & (3750, 189, 3887, t3=t2+(0, 8)) -> (3887, 189, 3887, t4=t3+(1, 2))	3	68
(2646, 185, 2442, t1) & (1058, 106, 4681, t2=t1+(0, 10)) & (2442, 40, 1058, t3=t2+(0, 7)) -> (1058, 106, 1058, t4=t3+(1, 3))	3	69
(940, 56, 3730, t1) & (1990, 42, 3526, t2=t1+(0, 4)) & (3526, 81, 3730, t3=t2+(0, 1)) -> (3730, 42, 3526, t4=t3+(1, 2))	3	70
(2793, 142, 2580, t1) & (2999, 100, 928, t2=t1+(0, 5)) & (928, 109, 2580, t3=t2+(0, 3)) -> (2999, 109, 2580, t4=t3+(1, 2))	3	71
(1282, 82, 2993, t1) & (3962, 171, 2975, t2=t1+(0, 9)) & (2975, 6, 2993, t3=t2+(0, 2)) -> (3962, 82, 1282, t4=t3+(1, 7))	3	72
(4100, 93, 3463, t1) & (3424, 139, 1886, t2=t1+(0, 5)) & (4100, 161, 3424, t3=t2+(0, 6)) -> (3424, 139, 3463, t4=t3+(1, 6))	3	73
(977, 24, 4214, t1) & (2539, 72, 1116, t2=t1+(0, 8)) & (2539, 70, 977, t3=t2+(0, 4)) -> (977, 24, 977, t4=t3+(1, 1))	3	74
(3714, 148, 1817, t1) & (3770, 99, 4963, t2=t1+(0, 3)) & (3714, 174, 4963, t3=t2+(0, 7)) -> (4963, 99, 3714, t4=t3+(1, 7))	3	75
(434, 71, 756, t1) & (4986, 125, 4053, t2=t1+(0, 9)) & (4053, 141, 756, t3=t2+(0, 4)) -> (4986, 125, 4053, t4=t3+(1, 5))	3	76
(1229, 85, 3596, t1) & (4819, 8, 4078, t2=t1+(0, 4)) & (1229, 115, 4819, t3=t2+(0, 3)) -> (4819, 115, 4078, t4=t3+(1, 4))	3	77
(612, 182, 3384, t1) & (4432, 81, 2370, t2=t1+(0, 5)) & (2370, 171, 3384, t3=t2+(0, 5)) -> (2370, 81, 3384, t4=t3+(1, 4))	3	78
(101, 19, 4006, t1) & (3705, 190, 4569, t2=t1+(0, 4)) & (4569, 53, 101, t3=t2+(0, 3)) -> (4569, 53, 3705, t4=t3+(1, 7))	3	79
(4175, 127, 3078, t1) & (357, 81, 1301, t2=t1+(0, 7)) & (3078, 30, 1301, t3=t2+(0, 7)) -> (1301, 127, 1301, t4=t3+(1, 1))	3	80
(3721, 104, 3786, t1) & (1395, 154, 3433, t2=t1+(0, 5)) & (3433, 141, 3786, t3=t2+(0, 3)) -> (3433, 141, 3786, t4=t3+(1, 10))	3	81
(451, 122, 707, t1) & (1203, 174, 3426, t2=t1+(0, 13)) & (707, 72, 3426, t3=t2+(0, 5)) -> (1203, 122, 707, t4=t3+(1, 7))	3	82
(4680, 53, 2306, t1) & (2574, 114, 413, t2=t1+(0, 8)) & (2306, 153, 413, t3=t2+(0, 4)) -> (2306, 53, 2574, t4=t3+(1, 4))	3	83
(1585, 51, 2532, t1) & (2610, 54, 2096, t2=t1+(0, 2)) & (2532, 116, 2096, t3=t2+(0, 4)) -> (1585, 54, 2532, t4=t3+(1, 5))	3	84
(722, 89, 3209, t1) & (3867, 71, 4387, t2=t1+(0, 4)) & (3209, 81, 3867, t3=t2+(0, 4)) -> (3209, 71, 4387, t4=t3+(1, 5))	3	85
(520, 182, 4504, t1) & (384, 151, 507, t2=t1+(0, 5)) & (520, 55, 384, t3=t2+(0, 1)) -> (507, 55, 384, t4=t3+(1, 5))	3	86
(2923, 87, 2443, t1) & (2735, 19, 3097, t2=t1+(0, 5)) & (2735, 67, 2923, t3=t2+(0, 3)) -> (2923, 19, 3097, t4=t3+(1, 3))	3	87
(2672, 112, 4932, t1) & (2166, 121, 528, t2=t1+(0, 6)) & (4932, 99, 2166, t3=t2+(0, 6)) -> (2166, 121, 2166, t4=t3+(1, 8))	3	88
(2110, 109, 3092, t1) & (4714, 173, 258, t2=t1+(0, 4)) & (3092, 30, 4714, t3=t2+(0, 3)) -> (2110, 173, 2110, t4=t3+(1, 9))	3	89
(4917, 34, 3387, t1) & (3264, 187, 4252, t2=t1+(0, 2)) & (3387, 47, 3264, t3=t2+(0, 10)) -> (3387, 47, 4252, t4=t3+(1, 8))	3	90
(3208, 190, 4723, t1) & (4461, 52, 1997, t2=t1+(0, 8)) & (1997, 98, 3208, t3=t2+(0, 5)) -> (1997, 98, 1997, t4=t3+(1, 2))	3	91
(4047, 55, 41, t1) & (571, 189, 2723, t2=t1+(0, 3)) & (2723, 40, 4047, t3=t2+(0, 4)) -> (4047, 55, 41, t4=t3+(1, 1))	3	92
(930, 131, 3522, t1) & (4545, 125, 2379, t2=t1+(0, 10)) & (930, 185, 4545, t3=t2+(0, 4)) -> (930, 185, 4545, t4=t3+(1, 5))	3	93
(3732, 196, 866, t1) & (4771, 27, 395, t2=t1+(0, 9)) & (866, 112, 4771, t3=t2+(0, 4)) -> (395, 112, 3732, t4=t3+(1, 5))	3	94
(2810, 8, 2845, t1) & (2722, 81, 3840, t2=t1+(0, 6)) & (2810, 148, 3840, t3=t2+(0, 10)) -> (2722, 148, 2810, t4=t3+(1, 5))	3	95
(3423, 4, 4322, t1) & (82, 30, 2566, t2=t1+(0, 7)) & (3423, 181, 82, t3=t2+(0, 6)) -> (3423, 30, 4322, t4=t3+(1, 3))	3	96
(486, 135, 1836, t1) & (4591, 158, 2782, t2=t1+(0, 3)) & (486, 70, 2782, t3=t2+(0, 4)) -> (2782, 158, 2782, t4=t3+(1, 8))	3	97
(4122, 199, 1241, t1) & (2851, 4, 4723, t2=t1+(0, 5)) & (4122, 57, 4723, t3=t2+(0, 5)) -> (4122, 57, 4723, t4=t3+(1, 7))	3	98
(2117, 3, 1877, t1) & (2939, 112, 3215, t2=t1+(0, 7)) & (1877, 121, 3215, t3=t2+(0, 6)) -> (2939, 112, 3215, t4=t3+(1, 8))	3	99
(2816, 113, 3712, t1) & (3029, 99, 3712, t2=t1+(0, 5)) -> (3712, 99, 2816, t3=t2+(1, 5))	2	100
(1986, 117, 3370, t1) & (1986, 164, 2190, t2=t1+(0, 8)) -> (3370, 164, 1986, t3=t2+(1, 1))	2	101
(4533, 17, 2296, t1) & (2296, 183, 4756, t2=t1+(0, 5)) -> (4533, 183, 2296, t3=t2+(1, 4))	2	102
(2665, 18, 3041, t1) & (883, 16, 3041, t2=t1+(0, 4)) -> (3041, 18, 883, t3=t2+(1, 1))	2	103
(241, 114, 1969, t1) & (241, 148, 241, t2=t1+(0, 5)) -> (1969, 148, 241, t3=t2+(1, 5))	2	104
(3347, 167, 3696, t1) & (3696, 102, 895, t2=t1+(0, 6)) -> (3696, 102, 3696, t3=t2+(1, 5))	2	105
(2758, 145, 2061, t1) & (3270, 17, 2758, t2=t1+(0, 3)) -> (2061, 17, 2758, t3=t2+(1, 2))	2	106
(2811, 167, 3464, t1) & (2358, 117, 3464, t2=t1+(0, 5)) -> (3464, 117, 2358, t3=t2+(1, 6))	2	107
(4371, 187, 3961, t1) & (2911, 180, 4371, t2=t1+(0, 8)) -> (2911, 187, 3961, t3=t2+(1, 7))	2	108
(3808, 97, 4318, t1) & (2199, 164, 4318, t2=t1+(0, 11)) -> (4318, 164, 3808, t3=t2+(1, 5))	2	109
(2681, 180, 3218, t1) & (3218, 85, 3218, t2=t1+(0, 6)) -> (3218, 85, 3218, t3=t2+(1, 3))	2	110
(4430, 83, 4266, t1) & (4616, 80, 4430, t2=t1+(0, 6)) -> (4616, 80, 4616, t3=t2+(1, 7))	2	111
(1881, 30, 2757, t1) & (4190, 122, 2757, t2=t1+(0, 5)) -> (1881, 122, 2757, t3=t2+(1, 7))	2	112
(4294, 16, 2862, t1) & (2802, 149, 2862, t2=t1+(0, 5)) -> (2862, 149, 2802, t3=t2+(1, 5))	2	113
(1516, 187, 3260, t1) & (1516, 4, 1516, t2=t1+(0, 4)) -> (1516, 4, 1516, t3=t2+(1, 8))	2	114
(4963, 70, 1865, t1) & (4963, 0, 1865, t2=t1+(0, 6)) -> (1865, 0, 4963, t3=t2+(1, 3))	2	115
(1867, 87, 1265, t1) & (2581, 18, 1867, t2=t1+(0, 2)) -> (2581, 87, 1867, t3=t2+(1, 6))	2	116
(1772, 171, 4204, t1) & (3548, 187, 4204, t2=t1+(0, 9)) -> (3548, 187, 1772, t3=t2+(1, 5))	2	117
(3503, 25, 716, t1) & (1153, 187, 3503, t2=t1+(0, 5)) -> (716, 187, 3503, t3=t2+(1, 9))	2	118
(1464, 99, 683, t1) & (576, 167, 1464, t2=t1+(0, 6)) -> (683, 99, 1464, t3=t2+(1, 7))	2	119
(3505, 70, 2056, t1) & (810, 151, 3505, t2=t1+(0, 8)) -> (810, 70, 2056, t3=t2+(1, 4))	2	120
(2361, 154, 42, t1) & (42, 148, 2703, t2=t1+(0, 8)) -> (2703, 154, 2361, t3=t2+(1, 3))	2	121
(3214, 24, 1726, t1) & (1726, 11, 4070, t2=t1+(0, 5)) -> (3214, 11, 3214, t3=t2+(1, 2))	2	122
(1765, 79, 3012, t1) & (3962, 4, 3012, t2=t1+(0, 5)) -> (3962, 79, 3962, t3=t2+(1, 9))	2	123
(1539, 168, 3342, t1) & (1277, 117, 3342, t2=t1+(0, 4)) -> (1277, 168, 1277, t3=t2+(1, 4))	2	124
(358, 175, 4620, t1) & (4620, 119, 4620, t2=t1+(0, 8)) -> (358, 175, 4620, t3=t2+(1, 5))	2	125
(1143, 70, 2125, t1) & (1143, 79, 2598, t2=t1+(0, 4)) -> (2125, 70, 2125, t3=t2+(1, 4))	2	126
(4213, 186, 4183, t1) & (4213, 87, 4213, t2=t1+(0, 3)) -> (4183, 186, 4183, t3=t2+(1, 7))	2	127
(3993, 100, 1431, t1) & (3993, 143, 3993, t2=t1+(0, 7)) -> (1431, 143, 3993, t3=t2+(1, 2))	2	128
(3390, 82, 666, t1) & (2037, 199, 3390, t2=t1+(0, 3)) -> (666, 199, 666, t3=t2+(1, 2))	2	129
(101, 153, 2735, t1) & (2735, 7, 1634, t2=t1+(0, 3)) -> (2735, 7, 101, t3=t2+(1, 4))	2	130
(2571, 94, 3200, t1) & (3200, 175, 1484, t2=t1+(0, 6)) -> (1484, 175, 3200, t3=t2+(1, 1))	2	131
(1946, 164, 4078, t1) & (4463, 116, 4078, t2=t1+(0, 2)) -> (1946, 116, 4463, t3=t2+(1, 4))	2	132
(3091, 113, 1194, t1) & (1194, 30, 1952, t2=t1+(0, 7)) -> (1952, 30, 3091, t3=t2+(1, 2))	2	133
(4177, 4, 3185, t1) & (3185, 57, 4177, t2=t1+(0, 7)) -> (3185, 57, 3185, t3=t2+(1, 4))	2	134
(4473, 159, 142, t1) & (4473, 145, 4473, t2=t1+(0, 7)) -> (4473, 159, 4473, t3=t2+(1, 6))	2	135
(278, 7, 2488, t1) & (278, 161, 2488, t2=t1+(0, 4)) -> (278, 161, 2488, t3=t2+(1, 4))	2	136
(3035, 189, 4463, t1) & (294, 70, 4463, t2=t1+(0, 3)) -> (4463, 189, 3035, t3=t2+(1, 1))	2	137
(1981, 70, 4501, t1) & (1588, 187, 4501, t2=t1+(0, 5)) -> (1588, 70, 4501, t3=t2+(1, 2))	2	138
(526, 175, 4313, t1) & (526, 112, 600, t2=t1+(0, 6)) -> (526, 175, 526, t3=t2+(1, 3))	2	139
(557, 47, 87, t1) & (557, 175, 87, t2=t1+(0, 3)) -> (87, 47, 87, t3=t2+(1, 2))	2	140
(4761, 185, 1264, t1) & (4761, 154, 1988, t2=t1+(0, 5)) -> (4761, 185, 4761, t3=t2+(1, 5))	2	141
(2248, 154, 1440, t1) & (1440, 30, 2730, t2=t1+(0, 5)) -> (2730, 30, 2248, t3=t2+(1, 4))	2	142
(4158, 112, 1436, t1) & (1436, 73, 1436, t2=t1+(0, 3)) -> (1436, 112, 1436, t3=t2+(1, 3))	2	143
(3477, 174, 2794, t1) & (3432, 180, 2794, t2=t1+(0, 5)) -> (3432, 174, 2794, t3=t2+(1, 6))	2	144
(4840, 181, 3383, t1) & (3383, 147, 385, t2=t1+(0, 6)) -> (3383, 147, 3383, t3=t2+(1, 4))	2	145
(3074, 65, 4437, t1) & (587, 99, 4437, t2=t1+(0, 9)) -> (4437, 65, 3074, t3=t2+(1, 11))	2	146
(4579, 26, 253, t1) & (4579, 111, 614, t2=t1+(0, 3)) -> (4579, 26, 614, t3=t2+(1, 7))	2	147
(2707, 56, 4469, t1) & (2220, 154, 2707, t2=t1+(0, 6)) -> (2220, 56, 2220, t3=t2+(1, 5))	2	148
(3524, 60, 1963, t1) & (1286, 52, 3524, t2=t1+(0, 3)) -> (1963, 60, 1286, t3=t2+(1, 4))	2	149
(1490, 81, 3279, t1) & (3279, 180, 3279, t2=t1+(0, 1)) -> (3279, 180, 3279, t3=t2+(1, 5))	2	150
(4776, 17, 1447, t1) & (584, 153, 1447, t2=t1+(0, 4)) -> (1447, 17, 584, t3=t2+(1, 3))	2	151
(1418, 97, 1321, t1) & (3603, 112, 1321, t2=t1+(0, 3)) -> (3603, 112, 1418, t3=t2+(1, 5))	2	152
(2936, 121, 2014, t1) & (2646, 151, 2014, t2=t1+(0, 7)) -> (2646, 121, 2014, t3=t2+(1, 4))	2	153
(4978, 85, 2018, t1) & (4978, 109, 3977, t2=t1+(0, 5)) -> (4978, 109, 4978, t3=t2+(1, 7))	2	154
(266, 28, 2707, t1) & (266, 171, 3151, t2=t1+(0, 6)) -> (266, 28, 2707, t3=t2+(1, 3))	2	155
(4407, 26, 659, t1) & (382, 152, 4407, t2=t1+(0, 4)) -> (382, 152, 659, t3=t2+(1, 3))	2	156
(3934, 148, 2516, t1) & (3727, 162, 2516, t2=t1+(0, 4)) -> (3727, 148, 2516, t3=t2+(1, 2))	2	157
(807, 131, 3322, t1) & (3322, 185, 2043, t2=t1+(0, 5)) -> (3322, 185, 3322, t3=t2+(1, 10))	2	158
(697, 182, 1123, t1) & (1246, 190, 1123, t2=t1+(0, 5)) -> (1123, 182, 1246, t3=t2+(1, 6))	2	159
(3597, 176, 2214, t1) & (970, 171, 2214, t2=t1+(0, 2)) -> (2214, 176, 970, t3=t2+(1, 5))	2	160
(923, 148, 3362, t1) & (3362, 173, 3362, t2=t1+(0, 7)) -> (3362, 173, 923, t3=t2+(1, 3))	2	161
(1126, 174, 4906, t1) & (4906, 187, 3663, t2=t1+(0, 4)) -> (1126, 187, 4906, t3=t2+(1, 3))	2	162
(4275, 134, 4602, t1) & (4602, 199, 4275, t2=t1+(0, 5)) -> (4602, 199, 4275, t3=t2+(1, 4))	2	163
(2160, 171, 1724, t1) & (2553, 125, 1724, t2=t1+(0, 9)) -> (2553, 125, 2160, t3=t2+(1, 6))	2	164
(1578, 17, 4825, t1) & (4825, 81, 357, t2=t1+(0, 4)) -> (357, 17, 4825, t3=t2+(1, 3))	2	165
(1308, 175, 3532, t1) & (1308, 39, 3340, t2=t1+(0, 5)) -> (3532, 175, 1308, t3=t2+(1, 7))	2	166
(3601, 187, 1498, t1) & (1498, 99, 1143, t2=t1+(0, 0)) -> (1143, 187, 3601, t3=t2+(1, 6))	2	167
(893, 112, 3596, t1) & (848, 25, 3596, t2=t1+(0, 8)) -> (893, 25, 3596, t3=t2+(1, 3))	2	168
(4026, 104, 768, t1) & (768, 53, 1397, t2=t1+(0, 3)) -> (1397, 53, 768, t3=t2+(1, 7))	2	169
(1782, 152, 4895, t1) & (4895, 85, 4895, t2=t1+(0, 7)) -> (4895, 85, 1782, t3=t2+(1, 4))	2	170
(3314, 131, 526, t1) & (3314, 7, 4357, t2=t1+(0, 1)) -> (4357, 7, 4357, t3=t2+(1, 7))	2	171
(693, 71, 1504, t1) & (1504, 187, 3963, t2=t1+(0, 4)) -> (693, 71, 3963, t3=t2+(1, 7))	2	172
(1174, 90, 148, t1) & (1174, 167, 3462, t2=t1+(0, 3)) -> (1174, 90, 148, t3=t2+(1, 7))	2	173
(62, 31, 521, t1) & (279, 148, 62, t2=t1+(0, 3)) -> (62, 148, 521, t3=t2+(1, 5))	2	174
(4952, 22, 3184, t1) & (4952, 142, 3773, t2=t1+(0, 6)) -> (3773, 142, 4952, t3=t2+(1, 7))	2	175
(4851, 66, 3628, t1) & (3871, 18, 4851, t2=t1+(0, 5)) -> (3628, 18, 3871, t3=t2+(1, 4))	2	176
(2050, 104, 604, t1) & (2050, 81, 2050, t2=t1+(0, 5)) -> (2050, 104, 604, t3=t2+(1, 3))	2	177
(4709, 187, 3703, t1) & (3703, 17, 210, t2=t1+(0, 4)) -> (4709, 17, 3703, t3=t2+(1, 2))	2	178
(4086, 114, 3755, t1) & (3755, 153, 4086, t2=t1+(0, 3)) -> (3755, 114, 3755, t3=t2+(1, 4))	2	179
(3427, 154, 650, t1) & (2697, 187, 650, t2=t1+(0, 3)) -> (650, 154, 650, t3=t2+(1, 7))	2	180
(3643, 77, 877, t1) & (3643, 175, 877, t2=t1+(0, 5)) -> (877, 77, 877, t3=t2+(1, 7))	2	181
(1236, 181, 4156, t1) & (4156, 17, 4156, t2=t1+(0, 2)) -> (1236, 181, 4156, t3=t2+(1, 3))	2	182
(1051, 17, 4927, t1) & (4927, 7, 4927, t2=t1+(0, 2)) -> (4927, 7, 1051, t3=t2+(1, 6))	2	183
(325, 18, 1699, t1) & (3232, 18, 325, t2=t1+(0, 5)) -> (3232, 18, 1699, t3=t2+(1, 3))	2	184
(3337, 119, 4984, t1) & (3894, 114, 4984, t2=t1+(0, 3)) -> (4984, 114, 4984, t3=t2+(1, 4))	2	185
(994, 116, 1552, t1) & (994, 79, 549, t2=t1+(0, 5)) -> (1552, 79, 549, t3=t2+(1, 6))	2	186
(4702, 67, 1639, t1) & (1639, 187, 3955, t2=t1+(0, 5)) -> (1639, 67, 4702, t3=t2+(1, 9))	2	187
(3208, 99, 966, t1) & (3208, 94, 2769, t2=t1+(0, 9)) -> (2769, 99, 966, t3=t2+(1, 3))	2	188
(1286, 171, 650, t1) & (1286, 55, 3574, t2=t1+(0, 5)) -> (1286, 171, 1286, t3=t2+(1, 4))	2	189
(138, 81, 4469, t1) & (4469, 187, 3041, t2=t1+(0, 3)) -> (4469, 81, 4469, t3=t2+(1, 6))	2	190
(4234, 33, 1275, t1) & (1275, 103, 1275, t2=t1+(0, 5)) -> (1275, 103, 4234, t3=t2+(1, 6))	2	191
(252, 187, 890, t1) & (890, 77, 3214, t2=t1+(0, 6)) -> (890, 77, 3214, t3=t2+(1, 7))	2	192
(2225, 66, 3852, t1) & (2225, 85, 2225, t2=t1+(0, 2)) -> (2225, 85, 2225, t3=t2+(1, 6))	2	193
(3901, 26, 1975, t1) & (3901, 53, 1746, t2=t1+(0, 3)) -> (3901, 53, 1746, t3=t2+(1, 6))	2	194
(4066, 154, 2944, t1) & (1440, 65, 2944, t2=t1+(0, 5)) -> (4066, 154, 4066, t3=t2+(1, 8))	2	195
(28, 114, 1230, t1) & (28, 109, 4756, t2=t1+(0, 5)) -> (1230, 114, 28, t3=t2+(1, 2))	2	196
(4887, 28, 1109, t1) & (2047, 37, 1109, t2=t1+(0, 4)) -> (2047, 37, 4887, t3=t2+(1, 2))	2	197
(2029, 125, 809, t1) & (809, 26, 2060, t2=t1+(0, 6)) -> (809, 125, 809, t3=t2+(1, 1))	2	198
(4306, 131, 3552, t1) & (3552, 123, 4306, t2=t1+(0, 4)) -> (4306, 123, 3552, t3=t2+(1, 5))	2	199
(368, 130, 4255, t1) -> (4255, 130, 4255, t2=t1+(1, 5))	1	200
(2700, 83, 3657, t1) -> (3657, 83, 2700, t2=t1+(1, 7))	1	201
(2751, 188, 4387, t1) -> (4387, 188, 4387, t2=t1+(1, 7))	1	202
(4052, 25, 1563, t1) -> (4052, 25, 1563, t2=t1+(1, 5))	1	203
(1637, 157, 4688, t1) -> (1637, 157, 1637, t2=t1+(1, 5))	1	204
(3596, 112, 2745, t1) -> (2745, 112, 3596, t2=t1+(1, 5))	1	205
(374, 57, 3802, t1) -> (3802, 57, 3802, t2=t1+(1, 10))	1	206
(1727, 126, 892, t1) -> (892, 126, 1727, t2=t1+(1, 7))	1	207
(4164, 104, 2078, t1) -> (4164, 104, 4164, t2=t1+(1, 9))	1	208
(2067, 153, 1862, t1) -> (2067, 153, 2067, t2=t1+(1, 2))	1	209
(3645, 188, 437, t1) -> (3645, 188, 437, t2=t1+(1, 7))	1	210
(3533, 128, 77, t1) -> (3533, 128, 3533, t2=t1+(1, 10))	1	211
(1258, 81, 4953, t1) -> (1258, 81, 4953, t2=t1+(1, 5))	1	212
(1572, 7, 2749, t1) -> (1572, 7, 1572, t2=t1+(1, 8))	1	213
(846, 125, 3076, t1) -> (846, 125, 846, t2=t1+(1, 7))	1	214
(4432, 78, 3820, t1) -> (3820, 78, 3820, t2=t1+(1, 4))	1	215
(3930, 188, 1435, t1) -> (1435, 188, 1435, t2=t1+(1, 6))	1	216
(584, 166, 1048, t1) -> (1048, 166, 584, t2=t1+(1, 3))	1	217
(3313, 44, 1063, t1) -> (1063, 44, 1063, t2=t1+(1, 5))	1	218
(1717, 89, 2991, t1) -> (2991, 89, 2991, t2=t1+(1, 3))	1	219
(432, 57, 3285, t1) -> (432, 57, 432, t2=t1+(1, 6))	1	220
(1543, 81, 715, t1) -> (715, 81, 715, t2=t1+(1, 7))	1	221
(4315, 44, 3264, t1) -> (3264, 44, 4315, t2=t1+(1, 3))	1	222
(2967, 171, 3207, t1) -> (3207, 171, 3207, t2=t1+(1, 2))	1	223
(1967, 180, 1358, t1) -> (1967, 180, 1967, t2=t1+(1, 6))	1	224
(2733, 125, 9, t1) -> (9, 125, 2733, t2=t1+(1, 11))	1	225
(465, 8, 4976, t1) -> (465, 8, 465, t2=t1+(1, 2))	1	226
(3324, 115, 220, t1) -> (3324, 115, 220, t2=t1+(1, 3))	1	227
(2613, 18, 880, t1) -> (880, 18, 880, t2=t1+(1, 4))	1	228
(1815, 19, 194, t1) -> (1815, 19, 194, t2=t1+(1, 4))	1	229
(1, 125, 4793, t1) -> (4793, 125, 1, t2=t1+(1, 4))	1	230
(2891, 187, 3380, t1) -> (2891, 187, 3380, t2=t1+(1, 2))	1	231
(4255, 100, 4286, t1) -> (4255, 100, 4286, t2=t1+(1, 3))	1	232
(3992, 84, 3799, t1) -> (3799, 84, 3799, t2=t1+(1, 6))	1	233
(4165, 98, 1855, t1) -> (4165, 98, 4165, t2=t1+(1, 6))	1	234
(1557, 131, 3854, t1) -> (3854, 131, 1557, t2=t1+(1, 3))	1	235
(4220, 81, 4336, t1) -> (4220, 81, 4336, t2=t1+(1, 3))	1	236
(3528, 18, 4560, t1) -> (3528, 18, 3528, t2=t1+(1, 4))	1	237
(3933, 184, 4670, t1) -> (3933, 184, 3933, t2=t1+(1, 2))	1	238
(141, 81, 4270, t1) -> (141, 81, 4270, t2=t1+(1, 5))	1	239
(1757, 126, 4067, t1) -> (4067, 126, 4067, t2=t1+(1, 8))	1	240
(2060, 119, 1583, t1) -> (1583, 119, 1583, t2=t1+(1, 3))	1	241
(1571, 30, 1372, t1) -> (1571, 30, 1372, t2=t1+(1, 4))	1	242
(1901, 174, 3819, t1) -> (1901, 174, 3819, t2=t1+(1, 4))	1	243
(1694, 182, 4142, t1) -> (1694, 182, 4142, t2=t1+(1, 5))	1	244
(3000, 124, 361, t1) -> (3000, 124, 3000, t2=t1+(1, 4))	1	245
(3332, 148, 1603, t1) -> (3332, 148, 1603, t2=t1+(1, 2))	1	246
(3966, 187, 1274, t1) -> (1274, 187, 1274, t2=t1+(1, 8))	1	247
(4349, 40, 787, t1) -> (4349, 40, 4349, t2=t1+(1, 6))	1	248
(2826, 167, 3513, t1) -> (2826, 167, 3513, t2=t1+(1, 3))	1	249
(2419, 187, 1681, t1) -> (2419, 187, 2419, t2=t1+(1, 5))	1	250
(974, 181, 441, t1) -> (974, 181, 441, t2=t1+(1, 6))	1	251
(3368, 183, 2547, t1) -> (3368, 183, 3368, t2=t1+(1, 5))	1	252
(2679, 167, 3776, t1) -> (2679, 167, 3776, t2=t1+(1, 3))	1	253
(4810, 190, 3649, t1) -> (3649, 190, 3649, t2=t1+(1, 3))	1	254
(34, 145, 4601, t1) -> (34, 145, 4601, t2=t1+(1, 5))	1	255
(3884, 18, 3043, t1) -> (3884, 18, 3884, t2=t1+(1, 7))	1	256
(2190, 40, 1002, t1) -> (2190, 40, 2190, t2=t1+(1, 8))	1	257
(112, 33, 1597, t1) -> (112, 33, 112, t2=t1+(1, 8))	1	258
(4284, 151, 774, t1) -> (4284, 151, 774, t2=t1+(1, 4))	1	259
(579, 128, 2347, t1) -> (579, 128, 579, t2=t1+(1, 8))	1	260
(338, 144, 1731, t1) -> (338, 144, 1731, t2=t1+(1, 6))	1	261
(3356, 99, 2860, t1) -> (2860, 99, 3356, t2=t1+(1, 9))	1	262
(944, 162, 2739, t1) -> (944, 162, 944, t2=t1+(1, 6))	1	263
(4161, 26, 2187, t1) -> (4161, 26, 2187, t2=t1+(1, 8))	1	264
(3264, 148, 4843, t1) -> (4843, 148, 4843, t2=t1+(1, 2))	1	265
(3402, 17, 1723, t1) -> (1723, 17, 3402, t2=t1+(1, 4))	1	266
(744, 83, 1835, t1) -> (744, 83, 1835, t2=t1+(1, 9))	1	267
(3073, 191, 2972, t1) -> (3073, 191, 2972, t2=t1+(1, 5))	1	268
(2886, 167, 3701, t1) -> (2886, 167, 2886, t2=t1+(1, 4))	1	269
(577, 122, 1396, t1) -> (1396, 122, 577, t2=t1+(1, 7))	1	270
(2805, 43, 4512, t1) -> (2805, 43, 4512, t2=t1+(1, 6))	1	271
(562, 85, 3850, t1) -> (3850, 85, 3850, t2=t1+(1, 6))	1	272
(67, 131, 2870, t1) -> (67, 131, 67, t2=t1+(1, 6))	1	273
(3770, 153, 1722, t1) -> (3770, 153, 1722, t2=t1+(1, 5))	1	274
(2760, 103, 2245, t1) -> (2760, 103, 2245, t2=t1+(1, 5))	1	275
(4428, 75, 2505, t1) -> (4428, 75, 2505, t2=t1+(1, 4))	1	276
(952, 83, 1801, t1) -> (952, 83, 952, t2=t1+(1, 10))	1	277
(1635, 104, 377, t1) -> (1635, 104, 1635, t2=t1+(1, 3))	1	278
(2469, 65, 539, t1) -> (2469, 65, 2469, t2=t1+(1, 1))	1	279
(2156, 81, 1032, t1) -> (2156, 81, 1032, t2=t1+(1, 5))	1	280
(21, 179, 2019, t1) -> (21, 179, 21, t2=t1+(1, 6))	1	281
(2431, 14, 2058, t1) -> (2058, 14, 2431, t2=t1+(1, 5))	1	282
(508, 84, 736, t1) -> (508, 84, 508, t2=t1+(1, 10))	1	283
(622, 53, 4906, t1) -> (4906, 53, 4906, t2=t1+(1, 5))	1	284
(4313, 199, 882, t1) -> (4313, 199, 882, t2=t1+(1, 2))	1	285
(453, 145, 3314, t1) -> (453, 145, 453, t2=t1+(1, 7))	1	286
(2485, 174, 4193, t1) -> (2485, 174, 2485, t2=t1+(1, 7))	1	287
(1575, 175, 4627, t1) -> (1575, 175, 4627, t2=t1+(1, 7))	1	288
(3454, 65, 3199, t1) -> (3199, 65, 3199, t2=t1+(1, 6))	1	289
(1785, 109, 1917, t1) -> (1917, 109, 1917, t2=t1+(1, 6))	1	290
(4545, 180, 3537, t1) -> (3537, 180, 3537, t2=t1+(1, 4))	1	291
(3856, 187, 4537, t1) -> (4537, 187, 4537, t2=t1+(1, 3))	1	292
(3381, 113, 455, t1) -> (3381, 113, 3381, t2=t1+(1, 3))	1	293
(1163, 40, 1423, t1) -> (1163, 40, 1423, t2=t1+(1, 5))	1	294
(4643, 157, 4392, t1) -> (4392, 157, 4643, t2=t1+(1, 6))	1	295
(4739, 107, 862, t1) -> (862, 107, 4739, t2=t1+(1, 4))	1	296
(2979, 47, 3877, t1) -> (3877, 47, 3877, t2=t1+(1, 5))	1	297
(4085, 89, 2711, t1) -> (2711, 89, 2711, t2=t1+(1, 4))	1	298
(1251, 51, 2709, t1) -> (2709, 51, 2709, t2=t1+(1, 5))	1	299
