(1132, 145, 2311, t1) & (2512, 73, 936, t2=t1+(0, 4)) & (2311, 114, 936, t3=t2+(0, 4)) -> (936, 145, 2311, t4=t3+(1, 9))	3	0
(2863, 53, 4016, t1) & (1964, 24, 1473, t2=t1+(0, 3)) & (2863, 177, 1964, t3=t2+(0, 3)) -> (2863, 177, 4016, t4=t3+(1, 8))	3	1
(2314, 195, 4366, t1) & (1163, 101, 3556, t2=t1+(0, 2)) & (1163, 34, 2314, t3=t2+(0, 10)) -> (1163, 101, 2314, t4=t3+(1, 6))	3	2
(4876, 57, 4269, t1) & (3316, 49, 2869, t2=t1+(0, 2)) & (3316, 119, 4269, t3=t2+(0, 1)) -> (4269, 57, 4269, t4=t3+(1, 5))	3	3
(2418, 169, 866, t1) & (1866, 9, 1590, t2=t1+(0, 7)) & (866, 94, 1866, t3=t2+(0, 3)) -> (2418, 94, 866, t4=t3+(1, 7))	3	4
(1579, 157, 3639, t1) & (3670, 55, 549, t2=t1+(0, 1)) & (3639, 127, 549, t3=t2+(0, 6)) -> (3670, 55, 3670, t4=t3+(1, 9))	3	5
(4720, 86, 196, t1) & (3098, 111, 2511, t2=t1+(0, 7)) & (4720, 149, 2511, t3=t2+(0, 8)) -> (196, 149, 4720, t4=t3+(1, 6))	3	6
(3881, 63, 3776, t1) & (1953, 82, 1194, t2=t1+(0, 3)) & (1194, 115, 3881, t3=t2+(0, 7)) -> (3881, 63, 3776, t4=t3+(1, 7))	3	7
(1452, 134, 3308, t1) & (1346, 39, 2351, t2=t1+(0, 5)) & (1346, 146, 3308, t3=t2+(0, 5)) -> (2351, 39, 2351, t4=t3+(1, 8))	3	8
(3064, 147, 251, t1) & (2764, 94, 2377, t2=t1+(0, 8)) & (3064, 183, 2764, t3=t2+(0, 7)) -> (3064, 147, 2764, t4=t3+(1, 4))	3	9
(3633, 149, 4389, t1) & (2181, 148, 4455, t2=t1+(0, 4)) & (4455, 78, 4389, t3=t2+(0, 2)) -> (4389, 78, 3633, t4=t3+(1, 7))	3	10
(2869, 84, 1556, t1) & (2247, 115, 1384, t2=t1+(0, 2)) & (1384, 135, 2869, t3=t2+(0, 6)) -> (1384, 84, 2247, t4=t3+(1, 6))	3	11
(1529, 76, 2684, t1) & (4100, 148, 4660, t2=t1+(0, 1)) & (1529, 6, 4660, t3=t2+(0, 7)) -> (2684, 6, 4660, t4=t3+(1, 7))	3	12
(4676, 134, 49, t1) & (2724, 180, 2243, t2=t1+(0, 6)) & (2724, 11, 49, t3=t2+(0, 3)) -> (49, 180, 2724, t4=t3+(1, 3))	3	13
(1161, 1, 3191, t1) & (1798, 77, 3110, t2=t1+(0, 5)) & (3110, 112, 1161, t3=t2+(0, 1)) -> (3110, 77, 1161, t4=t3+(1, 5))	3	14
(4266, 195, 709, t1) & (13, 67, 3568, t2=t1+(0, 7)) & (4266, 26, 3568, t3=t2+(0, 3)) -> (709, 67, 3568, t4=t3+(1, 9))	3	15
(2649, 70, 1926, t1) & (4849, 54, 2231, t2=t1+(0, 7)) & (2649, 10, 2231, t3=t2+(0, 4)) -> (2231, 10, 2231, t4=t3+(1, 4))	3	16
(2052, 56, 3750, t1) & (2908, 65, 1144, t2=t1+(0, 2)) & (3750, 33, 1144, t3=t2+(0, 7)) -> (1144, 33, 1144, t4=t3+(1, 3))	3	17
(1203, 130, 1009, t1) & (4947, 87, 1384, t2=t1+(0, 6)) & (1384, 112, 1203, t3=t2+(0, 7)) -> (1384, 130, 1384, t4=t3+(1, 7))	3	18
(953, 146, 1447, t1) & (3698, 188, 2451, t2=t1+(0, 2)) & (1447, 56, 2451, t3=t2+(0, 5)) -> (3698, 56, 2451, t4=t3+(1, 2))	3	19
(3415, 54, 2594, t1) & (2958, 181, 62, t2=t1+(0, 3)) & (2958, 135, 2594, t3=t2+(0, 5)) -> (2958, 181, 62, t4=t3+(1, 6))	3	20
(2963, 84, 1887, t1) & (3460, 115, 4181, t2=t1+(0, 3)) & (3460, 14, 1887, t3=t2+(0, 3)) -> (2963, 115, 1887, t4=t3+(1, 6))	3	21
(2114, 100, 4773, t1) & (3986, 58, 1538, t2=t1+(0, 4)) & (3986, 179, 4773, t3=t2+(0, 3)) -> (3986, 179, 2114, t4=t3+(1, 5))	3	22
(287, 101, 4708, t1) & (3765, 154, 1188, t2=t1+(0, 5)) & (3765, 162, 287, t3=t2+(0, 5)) -> (1188, 101, 4708, t4=t3+(1, 2))	3	23
(1051, 183, 323, t1) & (2470, 158, 4828, t2=t1+(0, 2)) & (1051, 118, 2470, t3=t2+(0, 4)) -> (2470, 158, 1051, t4=t3+(1, 5))	3	24
(3558, 10, 870, t1) & (3959, 6, 270, t2=t1+(0, 4)) & (270, 146, 870, t3=t2+(0, 7)) -> (870, 6, 270, t4=t3+(1, 3))	3	25
(2013, 119, 4477, t1) & (2064, 54, 1737, t2=t1+(0, 5)) & (2064, 10, 4477, t3=t2+(0, 4)) -> (2013, 119, 1737, t4=t3+(1, 8))	3	26
(4579, 114, 3606, t1) & (1057, 86, 3625, t2=t1+(0, 2)) & (3625, 10, 4579, t3=t2+(0, 6)) -> (3625, 10, 3625, t4=t3+(1, 9))	3	27
(81, 71, 1045, t1) & (570, 5, 4719, t2=t1+(0, 2)) & (570, 134, 81, t3=t2+(0, 3)) -> (570, 71, 81, t4=t3+(1, 6))	3	28
(586, 28, 3474, t1) & (3892, 61, 109, t2=t1+(0, 7)) & (586, 26, 3892, t3=t2+(0, 6)) -> (586, 26, 3892, t4=t3+(1, 8))	3	29
(3298, 11, 2281, t1) & (2774, 196, 4717, t2=t1+(0, 11)) & (2281, 177, 4717, t3=t2+(0, 5)) -> (3298, 11, 3298, t4=t3+(1, 8))	3	30
(2632, 33, 3142, t1) & (1433, 88, 2711, t2=t1+(0, 1)) & (2632, 86, 2711, t3=t2+(0, 2)) -> (2632, 88, 2632, t4=t3+(1, 8))	3	31
(1161, 76, 1696, t1) & (1994, 109, 809, t2=t1+(0, 6)) & (1994, 179, 1696, t3=t2+(0, 10)) -> (1696, 109, 1696, t4=t3+(1, 9))	3	32
(3475, 86, 3410, t1) & (141, 190, 3108, t2=t1+(0, 3)) & (3475, 189, 3108, t3=t2+(0, 3)) -> (3108, 189, 3475, t4=t3+(1, 4))	3	33
(2099, 121, 2066, t1) & (4415, 0, 644, t2=t1+(0, 4)) & (4415, 147, 2099, t3=t2+(0, 3)) -> (4415, 147, 2099, t4=t3+(1, 5))	3	34
(669, 108, 3898, t1) & (1005, 78, 2048, t2=t1+(0, 6)) & (1005, 187, 3898, t3=t2+(0, 10)) -> (3898, 108, 1005, t4=t3+(1, 6))	3	35
(2097, 43, 4722, t1) & (1120, 10, 4381, t2=t1+(0, 3)) & (4722, 5, 4381, t3=t2+(0, 4)) -> (4722, 43, 1120, t4=t3+(1, 7))	3	36
(4415, 45, 518, t1) & (717, 158, 3877, t2=t1+(0, 8)) & (4415, 199, 3877, t3=t2+(0, 7)) -> (717, 45, 717, t4=t3+(1, 5))	3	37
(235, 128, 4334, t1) & (720, 86, 4607, t2=t1+(0, 1)) & (4607, 114, 235, t3=t2+(0, 4)) -> (235, 128, 720, t4=t3+(1, 4))	3	38
(2865, 54, 2350, t1) & (4793, 111, 1016, t2=t1+(0, 5)) & (4793, 25, 2350, t3=t2+(0, 6)) -> (2350, 54, 2865, t4=t3+(1, 6))	3	39
(2961, 154, 3436, t1) & (915, 115, 1428, t2=t1+(0, 2)) & (3436, 120, 915, t3=t2+(0, 2)) -> (1428, 115, 915, t4=t3+(1, 6))	3	40
(2951, 176, 2624, t1) & (4259, 145, 3965, t2=t1+(0, 11)) & (4259, 15, 2951, t3=t2+(0, 4)) -> (4259, 176, 2951, t4=t3+(1, 8))	3	41
(88, 180, 2380, t1) & (142, 109, 2899, t2=t1+(0, 2)) & (2899, 123, 2380, t3=t2+(0, 5)) -> (88, 180, 2380, t4=t3+(1, 7))	3	42
(2798, 147, 1283, t1) & (4436, 148, 525, t2=t1+(0, 0)) & (1283, 23, 4436, t3=t2+(0, 2)) -> (525, 147, 4436, t4=t3+(1, 2))	3	43
(1180, 194, 821, t1) & (946, 78, 647, t2=t1+(0, 11)) & (1180, 75, 946, t3=t2+(0, 7)) -> (1180, 78, 946, t4=t3+(1, 7))	3	44
(1645, 84, 2489, t1) & (3064, 15, 2369, t2=t1+(0, 5)) & (3064, 62, 2489, t3=t2+(0, 4)) -> (3064, 62, 2489, t4=t3+(1, 6))	3	45
(2494, 99, 4268, t1) & (1061, 185, 879, t2=t1+(0, 3)) & (2494, 81, 879, t3=t2+(0, 1)) -> (1061, 99, 879, t4=t3+(1, 4))	3	46
(2254, 4, 4065, t1) & (2866, 54, 3103, t2=t1+(0, 6)) & (4065, 148, 3103, t3=t2+(0, 9)) -> (3103, 4, 4065, t4=t3+(1, 6))	3	47
(4387, 145, 3247, t1) & (548, 134, 2313, t2=t1+(0, 2)) & (548, 118, 4387, t3=t2+(0, 2)) -> (4387, 145, 4387, t4=t3+(1, 5))	3	48
(718, 87, 1430, t1) & (4235, 85, 1187, t2=t1+(0, 4)) & (4235, 24, 718, t3=t2+(0, 6)) -> (1187, 85, 1187, t4=t3+(1, 5))	3	49
(1321, 34, 425, t1) & (3630, 45, 279, t2=t1+(0, 7)) & (425, 49, 279, t3=t2+(0, 6)) -> (1321, 45, 425, t4=t3+(1, 6))	3	50
(1695, 32, 3499, t1) & (1303, 149, 2275, t2=t1+(0, 9)) & (3499, 179, 2275, t3=t2+(0, 1)) -> (2275, 149, 2275, t4=t3+(1, 4))	3	51
(2158, 45, 3982, t1) & (1811, 84, 4165, t2=t1+(0, 4)) & (4165, 3, 3982, t3=t2+(0, 9)) -> (1811, 3, 4165, t4=t3+(1, 6))	3	52
(3174, 97, 2875, t1) & (947, 81, 174, t2=t1+(0, 7)) & (3174, 54, 174, t3=t2+(0, 1)) -> (3174, 81, 3174, t4=t3+(1, 1))	3	53
(2832, 45, 1158, t1) & (76, 57, 2731, t2=t1+(0, 10)) & (2832, 29, 2731, t3=t2+(0, 5)) -> (2731, 57, 2731, t4=t3+(1, 4))	3	54
(806, 37, 1899, t1) & (493, 65, 3749, t2=t1+(0, 5)) & (1899, 48, 3749, t3=t2+(0, 2)) -> (493, 48, 1899, t4=t3+(1, 5))	3	55
(4654, 146, 4793, t1) & (4169, 127, 2789, t2=t1+(0, 2)) & (4793, 2, 2789, t3=t2+(0, 4)) -> (4654, 146, 2789, t4=t3+(1, 6))	3	56
(2587, 10, 3943, t1) & (3014, 135, 1152, t2=t1+(0, 6)) & (3014, 179, 3943, t3=t2+(0, 4)) -> (3943, 179, 1152, t4=t3+(1, 7))	3	57
(1504, 88, 1287, t1) & (3307, 31, 4177, t2=t1+(0, 6)) & (1504, 145, 3307, t3=t2+(0, 9)) -> (3307, 88, 3307, t4=t3+(1, 10))	3	58
(2844, 151, 1053, t1) & (4011, 163, 4133, t2=t1+(0, 5)) & (4011, 91, 2844, t3=t2+(0, 5)) -> (1053, 91, 4133, t4=t3+(1, 3))	3	59
(3878, 24, 4306, t1) & (4530, 115, 3975, t2=t1+(0, 4)) & (3878, 198, 4530, t3=t2+(0, 5)) -> (3878, 24, 3878, t4=t3+(1, 12))	3	60
(78, 44, 1697, t1) & (1704, 57, 2746, t2=t1+(0, 8)) & (78, 11, 2746, t3=t2+(0, 5)) -> (1704, 57, 2746, t4=t3+(1, 5))	3	61
(542, 27, 4, t1) & (4932, 53, 3192, t2=t1+(0, 3)) & (4932, 61, 542, t3=t2+(0, 7)) -> (4, 53, 542, t4=t3+(1, 3))	3	62
(2134, 33, 1893, t1) & (4187, 24, 3746, t2=t1+(0, 7)) & (4187, 118, 2134, t3=t2+(0, 1)) -> (4187, 33, 4187, t4=t3+(1, 10))	3	63
(3082, 108, 4302, t1) & (13, 177, 4638, t2=t1+(0, 7)) & (4638, 127, 3082, t3=t2+(0, 3)) -> (4302, 177, 3082, t4=t3+(1, 5))	3	64
(1926, 189, 4708, t1) & (3875, 71, 677, t2=t1+(0, 4)) & (1926, 23, 677, t3=t2+(0, 2)) -> (3875, 71, 677, t4=t3+(1, 4))	3	65
(3060, 180, 1857, t1) & (3821, 146, 737, t2=t1+(0, 2)) & (1857, 133, 737, t3=t2+(0, 3)) -> (737, 133, 3821, t4=t3+(1, 3))	3	66
(3679, 130, 3769, t1) & (3205, 101, 1276, t2=t1+(0, 5)) & (3769, 45, 1276, t3=t2+(0, 4)) -> (1276, 130, 1276, t4=t3+(1, 4))	3	67
(1304, 115, 273, t1) & (619, 10, 3282, t2=t1+(0, 3)) & (3282, 49, 1304, t3=t2+(0, 3)) -> (3282, 49, 1304, t4=t3+(1, 6))	3	68
(585, 54, 4945, t1) & (4707, 71, 2842, t2=t1+(0, 2)) & (2842, 73, 4945, t3=t2+(0, 8)) -> (2842, 73, 585, t4=t3+(1, 5))	3	69
(542, 86, 729, t1) & (77, 113, 1412, t2=t1+(0, 4)) & (542, 87, 1412, t3=t2+(0, 7)) -> (542, 87, 1412, t4=t3+(1, 12))	3	70
(2283, 185, 1228, t1) & (920, 22, 1655, t2=t1+(0, 9)) & (1228, 154, 920, t3=t2+(0, 7)) -> (1655, 22, 920, t4=t3+(1, 3))	3	71
(431, 19, 3859, t1) & (3281, 112, 2771, t2=t1+(0, 5)) & (3281, 73, 3859, t3=t2+(0, 5)) -> (3859, 112, 3859, t4=t3+(1, 2))	3	72
(3580, 59, 4858, t1) & (4766, 158, 4471, t2=t1+(0, 3)) & (3580, 183, 4766, t3=t2+(0, 8)) -> (4471, 183, 3580, t4=t3+(1, 5))	3	73
(1149, 88, 2602, t1) & (1096, 105, 2319, t2=t1+(0, 5)) & (2602, 199, 1096, t3=t2+(0, 6)) -> (1096, 105, 2602, t4=t3+(1, 4))	3	74
(4394, 41, 531, t1) & (4530, 41, 807, t2=t1+(0, 4)) & (4530, 39, 531, t3=t2+(0, 5)) -> (4530, 41, 4530, t4=t3+(1, 3))	3	75
(4432, 56, 1656, t1) & (1721, 152, 738, t2=t1+(0, 4)) & (1656, 94, 1721, t3=t2+(0, 3)) -> (1721, 56, 738, t4=t3+(1, 7))	3	76
(3452, 35, 4795, t1) & (4132, 175, 823, t2=t1+(0, 7)) & (3452, 70, 823, t3=t2+(0, 3)) -> (3452, 35, 3452, t4=t3+(1, 8))	3	77
(1274, 187, 2511, t1) & (2893, 71, 256, t2=t1+(0, 3)) & (1274, 175, 256, t3=t2+(0, 6)) -> (256, 187, 256, t4=t3+(1, 7))	3	78
(378, 164, 1494, t1) & (250, 78, 4722, t2=t1+(0, 4)) & (250, 70, 378, t3=t2+(0, 7)) -> (250, 78, 250, t4=t3+(1, 3))	3	79
(3582, 182, 1563, t1) & (322, 26, 2778, t2=t1+(0, 4)) & (322, 159, 3582, t3=t2+(0, 9)) -> (3582, 159, 3582, t4=t3+(1, 5))	3	80
(3578, 26, 2180, t1) & (13, 24, 1233, t2=t1+(0, 3)) & (3578, 41, 1233, t3=t2+(0, 6)) -> (2180, 26, 1233, t4=t3+(1, 3))	3	81
(653, 181, 1256, t1) & (370, 33, 448, t2=t1+(0, 5)) & (653, 154, 370, t3=t2+(0, 4)) -> (653, 181, 653, t4=t3+(1, 6))	3	82
(54, 101, 2557, t1) & (316, 86, 2926, t2=t1+(0, 2)) & (2557, 45, 316, t3=t2+(0, 1)) -> (54, 101, 2557, t4=t3+(1, 4))	3	83
(2027, 84, 4790, t1) & (2007, 57, 2644, t2=t1+(0, 2)) & (2027, 34, 2644, t3=t2+(0, 7)) -> (2007, 34, 2027, t4=t3+(1, 6))	3	84
(4252, 179, 4393, t1) & (3550, 45, 3570, t2=t1+(0, 3)) & (4252, 35, 3550, t3=t2+(0, 3)) -> (3550, 179, 3550, t4=t3+(1, 6))	3	85
(2575, 171, 1181, t1) & (297, 45, 4949, t2=t1+(0, 5)) & (2575, 23, 297, t3=t2+(0, 3)) -> (4949, 171, 2575, t4=t3+(1, 2))	3	86
(1304, 181, 1166, t1) & (3554, 77, 2820, t2=t1+(0, 4)) & (1304, 150, 2820, t3=t2+(0, 6)) -> (1304, 150, 1304, t4=t3+(1, 3))	3	87
(1318, 183, 2589, t1) & (205, 160, 4564, t2=t1+(0, 5)) & (1318, 61, 4564, t3=t2+(0, 2)) -> (2589, 183, 1318, t4=t3+(1, 3))	3	88
(4334, 11, 4851, t1) & (4825, 160, 4766, t2=t1+(0, 4)) & (4851, 102, 4766, t3=t2+(0, 6)) -> (4766, 11, 4334, t4=t3+(1, 3))	3	89
(3658, 179, 3462, t1) & (1639, 119, 2916, t2=t1+(0, 3)) & (2916, 59, 3658, t3=t2+(0, 5)) -> (2916, 119, 3658, t4=t3+(1, 3))	3	90
(2289, 100, 4012, t1) & (3208, 58, 4906, t2=t1+(0, 8)) & (2289, 154, 3208, t3=t2+(0, 3)) -> (3208, 154, 2289, t4=t3+(1, 9))	3	91
(851, 148, 3888, t1) & (1707, 89, 4375, t2=t1+(0, 4)) & (851, 128, 4375, t3=t2+(0, 5)) -> (851, 89, 4375, t4=t3+(1, 7))	3	92
(1906, 34, 2441, t1) & (1988, 147, 3326, t2=t1+(0, 1)) & (1988, 10, 2441, t3=t2+(0, 5)) -> (1906, 10, 3326, t4=t3+(1, 2))	3	93
(2768, 179, 3386, t1) & (1836, 11, 473, t2=t1+(0, 2)) & (3386, 196, 473, t3=t2+(0, 11)) -> (473, 196, 1836, t4=t3+(1, 5))	3	94
(4987, 107, 1118, t1) & (1757, 41, 4288, t2=t1+(0, 8)) & (4987, 132, 1757, t3=t2+(0, 3)) -> (1757, 132, 1757, t4=t3+(1, 8))	3	95
(2276, 10, 4727, t1) & (4981, 10, 3207, t2=t1+(0, 5)) & (2276, 77, 3207, t3=t2+(0, 2)) -> (4727, 10, 3207, t4=t3+(1, 8))	3	96
(2757, 39, 4793, t1) & (257, 41, 937, t2=t1+(0, 8)) & (937, 101, 2757, t3=t2+(0, 7)) -> (4793, 39, 2757, t4=t3+(1, 4))	3	97
(554, 162, 2047, t1) & (4083, 71, 1598, t2=t1+(0, 4)) & (2047, 168, 1598, t3=t2+(0, 4)) -> (2047, 71, 1598, t4=t3+(1, 6))	3	98
(4198, 57, 1052, t1) & (4307, 58, 64, t2=t1+(0, 5)) & (4198, 14, 64, t3=t2+(0, 4)) -> (1052, 57, 4307, t4=t3+(1, 10))	3	99
(3704, 145, 323, t1) & (3704, 146, 3704, t2=t1+(0, 3)) -> (3704, 145, 3704, t3=t2+(1, 4))	2	100
(830, 169, 3698, t1) & (3698, 171, 3175, t2=t1+(0, 4)) -> (3698, 171, 830, t3=t2+(1, 3))	2	101
(2614, 87, 1088, t1) & (2614, 106, 2111, t2=t1+(0, 4)) -> (1088, 106, 2614, t3=t2+(1, 3))	2	102
(2302, 78, 174, t1) & (2221, 161, 174, t2=t1+(0, 5)) -> (174, 78, 2302, t3=t2+(1, 5))	2	103
(2058, 23, 700, t1) & (3499, 185, 700, t2=t1+(0, 5)) -> (2058, 23, 3499, t3=t2+(1, 6))	2	104
(4538, 148, 547, t1) & (4818, 41, 4538, t2=t1+(0, 5)) -> (547, 41, 547, t3=t2+(1, 8))	2	105
(4560, 34, 2225, t1) & (1, 57, 4560, t2=t1+(0, 5)) -> (4560, 57, 2225, t3=t2+(1, 4))	2	106
(811, 45, 4901, t1) & (811, 99, 2640, t2=t1+(0, 4)) -> (811, 45, 811, t3=t2+(1, 4))	2	107
(2820, 181, 1486, t1) & (1486, 189, 1486, t2=t1+(0, 5)) -> (2820, 181, 1486, t3=t2+(1, 7))	2	108
(1473, 33, 406, t1) & (406, 92, 406, t2=t1+(0, 6)) -> (406, 92, 1473, t3=t2+(1, 6))	2	109
(1785, 34, 3913, t1) & (1785, 26, 3913, t2=t1+(0, 5)) -> (3913, 34, 1785, t3=t2+(1, 7))	2	110
(2737, 15, 3437, t1) & (1031, 118, 3437, t2=t1+(0, 5)) -> (2737, 15, 1031, t3=t2+(1, 3))	2	111
(4162, 177, 3943, t1) & (2490, 192, 3943, t2=t1+(0, 4)) -> (3943, 177, 3943, t3=t2+(1, 3))	2	112
(1540, 60, 4391, t1) & (4391, 11, 317, t2=t1+(0, 10)) -> (4391, 60, 4391, t3=t2+(1, 3))	2	113
(1822, 91, 2420, t1) & (96, 54, 2420, t2=t1+(0, 5)) -> (96, 54, 96, t3=t2+(1, 3))	2	114
(856, 58, 2667, t1) & (4912, 129, 856, t2=t1+(0, 5)) -> (2667, 129, 856, t3=t2+(1, 8))	2	115
(1890, 99, 1303, t1) & (1303, 39, 1890, t2=t1+(0, 2)) -> (1890, 99, 1303, t3=t2+(1, 2))	2	116
(2364, 123, 207, t1) & (700, 115, 2364, t2=t1+(0, 7)) -> (2364, 115, 2364, t3=t2+(1, 11))	2	117
(1814, 9, 1473, t1) & (1814, 158, 4217, t2=t1+(0, 4)) -> (1814, 158, 4217, t3=t2+(1, 5))	2	118
(3260, 189, 3241, t1) & (1636, 134, 3260, t2=t1+(0, 6)) -> (1636, 134, 3260, t3=t2+(1, 4))	2	119
(897, 93, 2323, t1) & (897, 45, 4465, t2=t1+(0, 4)) -> (897, 45, 2323, t3=t2+(1, 5))	2	120
(3505, 187, 1466, t1) & (3609, 183, 1466, t2=t1+(0, 5)) -> (3609, 183, 3609, t3=t2+(1, 4))	2	121
(534, 61, 2492, t1) & (3755, 162, 534, t2=t1+(0, 5)) -> (534, 162, 534, t3=t2+(1, 9))	2	122
(4345, 183, 550, t1) & (4345, 164, 483, t2=t1+(0, 8)) -> (483, 183, 483, t3=t2+(1, 5))	2	123
(615, 1, 1861, t1) & (2387, 45, 1861, t2=t1+(0, 0)) -> (615, 45, 1861, t3=t2+(1, 2))	2	124
(283, 138, 2590, t1) & (283, 57, 3695, t2=t1+(0, 4)) -> (283, 57, 283, t3=t2+(1, 7))	2	125
(773, 136, 207, t1) & (773, 171, 207, t2=t1+(0, 6)) -> (207, 136, 773, t3=t2+(1, 5))	2	126
(4869, 10, 57, t1) & (4869, 75, 4869, t2=t1+(0, 8)) -> (4869, 10, 4869, t3=t2+(1, 5))	2	127
(3261, 57, 1690, t1) & (1127, 99, 3261, t2=t1+(0, 9)) -> (3261, 99, 3261, t3=t2+(1, 6))	2	128
(4075, 54, 2495, t1) & (4404, 34, 4075, t2=t1+(0, 6)) -> (4075, 54, 4404, t3=t2+(1, 3))	2	129
(2702, 75, 4733, t1) & (2702, 71, 2702, t2=t1+(0, 4)) -> (2702, 75, 2702, t3=t2+(1, 4))	2	130
(2344, 189, 2437, t1) & (2344, 183, 4625, t2=t1+(0, 7)) -> (2344, 183, 4625, t3=t2+(1, 5))	2	131
(4528, 71, 3841, t1) & (206, 55, 3841, t2=t1+(0, 3)) -> (3841, 55, 206, t3=t2+(1, 2))	2	132
(1687, 71, 4422, t1) & (4422, 10, 4469, t2=t1+(0, 5)) -> (1687, 10, 4422, t3=t2+(1, 10))	2	133
(2857, 23, 3993, t1) & (2857, 35, 931, t2=t1+(0, 4)) -> (2857, 23, 2857, t3=t2+(1, 6))	2	134
(681, 199, 956, t1) & (681, 143, 1818, t2=t1+(0, 10)) -> (1818, 143, 681, t3=t2+(1, 7))	2	135
(2118, 123, 3247, t1) & (3247, 195, 1528, t2=t1+(0, 7)) -> (3247, 123, 2118, t3=t2+(1, 7))	2	136
(2580, 41, 3076, t1) & (3076, 147, 1420, t2=t1+(0, 4)) -> (3076, 41, 2580, t3=t2+(1, 6))	2	137
(3632, 34, 341, t1) & (341, 198, 2486, t2=t1+(0, 2)) -> (341, 34, 3632, t3=t2+(1, 12))	2	138
(4262, 149, 4389, t1) & (855, 34, 4389, t2=t1+(0, 7)) -> (4262, 34, 855, t3=t2+(1, 5))	2	139
(402, 194, 3298, t1) & (3298, 18, 1758, t2=t1+(0, 5)) -> (3298, 18, 3298, t3=t2+(1, 9))	2	140
(1683, 195, 2858, t1) & (1683, 146, 2858, t2=t1+(0, 2)) -> (1683, 146, 2858, t3=t2+(1, 5))	2	141
(2825, 102, 348, t1) & (2825, 71, 348, t2=t1+(0, 6)) -> (348, 71, 2825, t3=t2+(1, 5))	2	142
(4177, 146, 1405, t1) & (1414, 133, 4177, t2=t1+(0, 6)) -> (4177, 133, 4177, t3=t2+(1, 7))	2	143
(1574, 82, 3406, t1) & (1574, 119, 1574, t2=t1+(0, 4)) -> (1574, 119, 1574, t3=t2+(1, 3))	2	144
(3106, 134, 4782, t1) & (3106, 61, 3106, t2=t1+(0, 7)) -> (3106, 61, 3106, t3=t2+(1, 8))	2	145
(1450, 175, 4794, t1) & (2162, 26, 4794, t2=t1+(0, 3)) -> (4794, 175, 1450, t3=t2+(1, 2))	2	146
(1517, 119, 486, t1) & (1683, 74, 1517, t2=t1+(0, 3)) -> (1517, 74, 1517, t3=t2+(1, 2))	2	147
(4140, 176, 1900, t1) & (4934, 147, 4140, t2=t1+(0, 10)) -> (4934, 147, 4140, t3=t2+(1, 9))	2	148
(3744, 87, 1953, t1) & (3744, 57, 3744, t2=t1+(0, 4)) -> (3744, 87, 3744, t3=t2+(1, 4))	2	149
(3191, 181, 2201, t1) & (4419, 120, 2201, t2=t1+(0, 3)) -> (4419, 120, 4419, t3=t2+(1, 3))	2	150
(4253, 56, 4306, t1) & (1006, 57, 4306, t2=t1+(0, 7)) -> (4253, 57, 1006, t3=t2+(1, 2))	2	151
(3498, 148, 2068, t1) & (499, 3, 2068, t2=t1+(0, 4)) -> (3498, 3, 2068, t3=t2+(1, 3))	2	152
(4364, 77, 33, t1) & (1484, 103, 33, t2=t1+(0, 4)) -> (33, 103, 33, t3=t2+(1, 7))	2	153
(4061, 112, 2259, t1) & (2659, 58, 2259, t2=t1+(0, 4)) -> (2659, 112, 2259, t3=t2+(1, 9))	2	154
(470, 134, 2084, t1) & (2084, 18, 2084, t2=t1+(0, 2)) -> (470, 18, 2084, t3=t2+(1, 1))	2	155
(2903, 145, 3331, t1) & (3331, 18, 2653, t2=t1+(0, 9)) -> (2903, 145, 2653, t3=t2+(1, 3))	2	156
(3621, 77, 4447, t1) & (3621, 179, 4666, t2=t1+(0, 5)) -> (3621, 77, 3621, t3=t2+(1, 4))	2	157
(2778, 89, 1859, t1) & (2778, 120, 1859, t2=t1+(0, 3)) -> (1859, 89, 1859, t3=t2+(1, 1))	2	158
(1414, 73, 4197, t1) & (1414, 114, 2777, t2=t1+(0, 4)) -> (1414, 114, 1414, t3=t2+(1, 3))	2	159
(1047, 34, 1591, t1) & (1047, 103, 825, t2=t1+(0, 7)) -> (1591, 34, 1047, t3=t2+(1, 4))	2	160
(1566, 19, 430, t1) & (430, 11, 1829, t2=t1+(0, 5)) -> (430, 11, 1829, t3=t2+(1, 2))	2	161
(2159, 58, 4158, t1) & (4561, 10, 2159, t2=t1+(0, 5)) -> (4158, 58, 2159, t3=t2+(1, 4))	2	162
(2520, 57, 1338, t1) & (807, 71, 2520, t2=t1+(0, 5)) -> (2520, 57, 2520, t3=t2+(1, 6))	2	163
(1473, 145, 3739, t1) & (3739, 154, 1961, t2=t1+(0, 6)) -> (1961, 145, 1473, t3=t2+(1, 6))	2	164
(2903, 173, 3013, t1) & (3202, 24, 3013, t2=t1+(0, 5)) -> (3013, 24, 3202, t3=t2+(1, 4))	2	165
(3933, 183, 4520, t1) & (1933, 140, 3933, t2=t1+(0, 7)) -> (3933, 183, 4520, t3=t2+(1, 5))	2	166
(4187, 39, 1922, t1) & (1922, 123, 891, t2=t1+(0, 4)) -> (891, 39, 4187, t3=t2+(1, 8))	2	167
(1531, 26, 4200, t1) & (4200, 82, 3442, t2=t1+(0, 3)) -> (3442, 82, 1531, t3=t2+(1, 5))	2	168
(3955, 88, 1941, t1) & (4728, 49, 1941, t2=t1+(0, 3)) -> (3955, 88, 3955, t3=t2+(1, 4))	2	169
(690, 191, 774, t1) & (774, 45, 1334, t2=t1+(0, 3)) -> (774, 45, 1334, t3=t2+(1, 6))	2	170
(1428, 87, 2146, t1) & (1428, 140, 1428, t2=t1+(0, 4)) -> (1428, 140, 1428, t3=t2+(1, 3))	2	171
(4461, 179, 1800, t1) & (4505, 10, 4461, t2=t1+(0, 10)) -> (4461, 179, 4461, t3=t2+(1, 3))	2	172
(3692, 83, 3534, t1) & (4610, 34, 3534, t2=t1+(0, 6)) -> (4610, 83, 3534, t3=t2+(1, 5))	2	173
(823, 148, 244, t1) & (2631, 24, 244, t2=t1+(0, 3)) -> (823, 148, 823, t3=t2+(1, 6))	2	174
(1122, 6, 2804, t1) & (1122, 47, 2804, t2=t1+(0, 3)) -> (1122, 47, 2804, t3=t2+(1, 6))	2	175
(2947, 164, 2704, t1) & (2704, 17, 2704, t2=t1+(0, 8)) -> (2704, 17, 2704, t3=t2+(1, 3))	2	176
(1591, 194, 2203, t1) & (3903, 81, 2203, t2=t1+(0, 4)) -> (3903, 194, 1591, t3=t2+(1, 8))	2	177
(924, 77, 1933, t1) & (4424, 55, 1933, t2=t1+(0, 7)) -> (1933, 77, 1933, t3=t2+(1, 5))	2	178
(861, 48, 3618, t1) & (3618, 26, 861, t2=t1+(0, 7)) -> (3618, 48, 861, t3=t2+(1, 5))	2	179
(1562, 91, 4016, t1) & (1562, 162, 4016, t2=t1+(0, 6)) -> (4016, 162, 4016, t3=t2+(1, 7))	2	180
(3196, 174, 2301, t1) & (3196, 147, 3196, t2=t1+(0, 2)) -> (3196, 174, 2301, t3=t2+(1, 8))	2	181
(693, 34, 1852, t1) & (1852, 120, 3310, t2=t1+(0, 5)) -> (1852, 34, 3310, t3=t2+(1, 4))	2	182
(4722, 170, 3949, t1) & (4722, 133, 4255, t2=t1+(0, 6)) -> (4722, 133, 4722, t3=t2+(1, 7))	2	183
(2977, 9, 754, t1) & (933, 45, 754, t2=t1+(0, 5)) -> (754, 9, 754, t3=t2+(1, 6))	2	184
(1576, 34, 1888, t1) & (1576, 1, 1576, t2=t1+(0, 4)) -> (1576, 1, 1888, t3=t2+(1, 9))	2	185
(2091, 150, 4651, t1) & (264, 58, 4651, t2=t1+(0, 5)) -> (4651, 58, 2091, t3=t2+(1, 6))	2	186
(4833, 58, 3895, t1) & (3895, 94, 1341, t2=t1+(0, 5)) -> (3895, 94, 1341, t3=t2+(1, 6))	2	187
(1747, 82, 2737, t1) & (492, 77, 1747, t2=t1+(0, 9)) -> (2737, 82, 1747, t3=t2+(1, 6))	2	188
(4816, 10, 1818, t1) & (1818, 27, 1818, t2=t1+(0, 2)) -> (1818, 27, 1818, t3=t2+(1, 7))	2	189
(3219, 171, 1513, t1) & (1513, 19, 3219, t2=t1+(0, 1)) -> (1513, 171, 3219, t3=t2+(1, 2))	2	190
(4280, 57, 4515, t1) & (4515, 179, 3087, t2=t1+(0, 6)) -> (3087, 179, 4280, t3=t2+(1, 6))	2	191
(4767, 119, 1701, t1) & (1701, 187, 4404, t2=t1+(0, 5)) -> (4404, 119, 1701, t3=t2+(1, 7))	2	192
(3084, 35, 706, t1) & (706, 189, 3084, t2=t1+(0, 7)) -> (706, 35, 3084, t3=t2+(1, 7))	2	193
(2479, 135, 3339, t1) & (2479, 59, 3339, t2=t1+(0, 5)) -> (3339, 59, 2479, t3=t2+(1, 3))	2	194
(45, 17, 4154, t1) & (4154, 162, 4154, t2=t1+(0, 3)) -> (4154, 17, 45, t3=t2+(1, 3))	2	195
(759, 114, 3648, t1) & (3648, 190, 759, t2=t1+(0, 5)) -> (759, 114, 3648, t3=t2+(1, 6))	2	196
(4232, 34, 4046, t1) & (4046, 183, 4232, t2=t1+(0, 4)) -> (4232, 34, 4232, t3=t2+(1, 2))	2	197
(196, 155, 1195, t1) & (1195, 180, 2616, t2=t1+(0, 4)) -> (2616, 180, 196, t3=t2+(1, 3))	2	198
(3605, 49, 494, t1) & (4794, 57, 494, t2=t1+(0, 12)) -> (3605, 57, 4794, t3=t2+(1, 4))	2	199
(342, 159, 1540, t1) -> (1540, 159, 1540, t2=t1+(1, 9))	1	200
(3419, 106, 3454, t1) -> (3419, 106, 3454, t2=t1+(1, 4))	1	201
(1762, 35, 985, t1) -> (985, 35, 1762, t2=t1+(1, 6))	1	202
(3643, 168, 821, t1) -> (3643, 168, 821, t2=t1+(1, 4))	1	203
(62, 87, 3598, t1) -> (62, 87, 62, t2=t1+(1, 10))	1	204
(1847, 58, 1771, t1) -> (1847, 58, 1847, t2=t1+(1, 4))	1	205
(374, 129, 1473, t1) -> (374, 129, 1473, t2=t1+(1, 4))	1	206
(3688, 175, 1095, t1) -> (1095, 175, 3688, t2=t1+(1, 4))	1	207
(4253, 10, 3086, t1) -> (3086, 10, 4253, t2=t1+(1, 8))	1	208
(1742, 67, 4630, t1) -> (4630, 67, 4630, t2=t1+(1, 7))	1	209
(2501, 48, 2772, t1) -> (2501, 48, 2501, t2=t1+(1, 11))	1	210
(2015, 135, 2545, t1) -> (2545, 135, 2015, t2=t1+(1, 8))	1	211
(3576, 14, 3512, t1) -> (3512, 14, 3576, t2=t1+(1, 3))	1	212
(1252, 81, 220, t1) -> (220, 81, 220, t2=t1+(1, 12))	1	213
(1419, 196, 1388, t1) -> (1388, 196, 1419, t2=t1+(1, 4))	1	214
(4213, 101, 4704, t1) -> (4704, 101, 4213, t2=t1+(1, 3))	1	215
(540, 175, 555, t1) -> (555, 175, 540, t2=t1+(1, 5))	1	216
(4582, 49, 1117, t1) -> (4582, 49, 1117, t2=t1+(1, 2))	1	217
(868, 58, 987, t1) -> (868, 58, 987, t2=t1+(1, 5))	1	218
(3058, 4, 3665, t1) -> (3058, 4, 3058, t2=t1+(1, 3))	1	219
(2922, 185, 1874, t1) -> (2922, 185, 2922, t2=t1+(1, 3))	1	220
(4185, 137, 2316, t1) -> (4185, 137, 4185, t2=t1+(1, 6))	1	221
(1821, 166, 4243, t1) -> (1821, 166, 1821, t2=t1+(1, 3))	1	222
(3862, 115, 244, t1) -> (244, 115, 244, t2=t1+(1, 2))	1	223
(3115, 73, 4040, t1) -> (3115, 73, 3115, t2=t1+(1, 8))	1	224
(4565, 72, 3349, t1) -> (4565, 72, 4565, t2=t1+(1, 5))	1	225
(10, 190, 2811, t1) -> (10, 190, 2811, t2=t1+(1, 3))	1	226
(3271, 23, 907, t1) -> (907, 23, 3271, t2=t1+(1, 8))	1	227
(277, 71, 3454, t1) -> (3454, 71, 277, t2=t1+(1, 5))	1	228
(3024, 163, 2573, t1) -> (2573, 163, 3024, t2=t1+(1, 6))	1	229
(3334, 131, 3028, t1) -> (3334, 131, 3028, t2=t1+(1, 3))	1	230
(1795, 174, 4340, t1) -> (1795, 174, 4340, t2=t1+(1, 5))	1	231
(1909, 47, 191, t1) -> (191, 47, 1909, t2=t1+(1, 5))	1	232
(2996, 52, 3712, t1) -> (2996, 52, 2996, t2=t1+(1, 4))	1	233
(410, 186, 4848, t1) -> (410, 186, 4848, t2=t1+(1, 5))	1	234
(3116, 47, 2369, t1) -> (3116, 47, 3116, t2=t1+(1, 7))	1	235
(2965, 65, 2736, t1) -> (2736, 65, 2965, t2=t1+(1, 2))	1	236
(2613, 35, 56, t1) -> (2613, 35, 56, t2=t1+(1, 5))	1	237
(1703, 57, 1386, t1) -> (1703, 57, 1386, t2=t1+(1, 1))	1	238
(287, 120, 1367, t1) -> (1367, 120, 1367, t2=t1+(1, 5))	1	239
(3419, 147, 3614, t1) -> (3419, 147, 3614, t2=t1+(1, 4))	1	240
(4320, 175, 3136, t1) -> (3136, 175, 4320, t2=t1+(1, 1))	1	241
(1912, 154, 2606, t1) -> (2606, 154, 2606, t2=t1+(1, 5))	1	242
(3838, 127, 1827, t1) -> (1827, 127, 1827, t2=t1+(1, 1))	1	243
(3684, 14, 739, t1) -> (3684, 14, 739, t2=t1+(1, 7))	1	244
(4749, 159, 1250, t1) -> (4749, 159, 4749, t2=t1+(1, 6))	1	245
(3504, 145, 3421, t1) -> (3421, 145, 3504, t2=t1+(1, 4))	1	246
(2321, 10, 1596, t1) -> (2321, 10, 2321, t2=t1+(1, 2))	1	247
(1208, 106, 3852, t1) -> (3852, 106, 1208, t2=t1+(1, 3))	1	248
(1479, 54, 438, t1) -> (438, 54, 1479, t2=t1+(1, 6))	1	249
(291, 154, 2183, t1) -> (291, 154, 2183, t2=t1+(1, 7))	1	250
(2007, 91, 3625, t1) -> (3625, 91, 3625, t2=t1+(1, 3))	1	251
(117, 134, 4395, t1) -> (4395, 134, 117, t2=t1+(1, 6))	1	252
(1665, 148, 4809, t1) -> (1665, 148, 1665, t2=t1+(1, 2))	1	253
(1916, 103, 2672, t1) -> (1916, 103, 2672, t2=t1+(1, 3))	1	254
(1323, 135, 876, t1) -> (1323, 135, 876, t2=t1+(1, 3))	1	255
(4411, 145, 4398, t1) -> (4398, 145, 4398, t2=t1+(1, 3))	1	256
(2523, 126, 4389, t1) -> (4389, 126, 4389, t2=t1+(1, 6))	1	257
(1238, 65, 1614, t1) -> (1238, 65, 1614, t2=t1+(1, 8))	1	258
(4777, 15, 3107, t1) -> (3107, 15, 3107, t2=t1+(1, 7))	1	259
(390, 103, 4043, t1) -> (390, 103, 4043, t2=t1+(1, 6))	1	260
(3376, 81, 3960, t1) -> (3376, 81, 3960, t2=t1+(1, 2))	1	261
(296, 12, 2752, t1) -> (2752, 12, 2752, t2=t1+(1, 5))	1	262
(4329, 54, 3479, t1) -> (4329, 54, 4329, t2=t1+(1, 4))	1	263
(1725, 14, 2446, t1) -> (2446, 14, 2446, t2=t1+(1, 7))	1	264
(4213, 45, 3201, t1) -> (3201, 45, 4213, t2=t1+(1, 2))	1	265
(691, 15, 1606, t1) -> (1606, 15, 691, t2=t1+(1, 5))	1	266
(1375, 91, 51, t1) -> (51, 91, 1375, t2=t1+(1, 9))	1	267
(4762, 193, 1826, t1) -> (1826, 193, 1826, t2=t1+(1, 2))	1	268
(1046, 169, 161, t1) -> (161, 169, 1046, t2=t1+(1, 3))	1	269
(3950, 71, 3872, t1) -> (3950, 71, 3872, t2=t1+(1, 9))	1	270
(1014, 183, 4080, t1) -> (1014, 183, 1014, t2=t1+(1, 8))	1	271
(2369, 199, 2846, t1) -> (2369, 199, 2369, t2=t1+(1, 3))	1	272
(4867, 174, 4190, t1) -> (4867, 174, 4867, t2=t1+(1, 8))	1	273
(1715, 33, 3038, t1) -> (1715, 33, 3038, t2=t1+(1, 2))	1	274
(3129, 11, 837, t1) -> (837, 11, 837, t2=t1+(1, 4))	1	275
(4700, 171, 4337, t1) -> (4700, 171, 4700, t2=t1+(1, 6))	1	276
(4644, 138, 3442, t1) -> (4644, 138, 4644, t2=t1+(1, 4))	1	277
(1006, 83, 2741, t1) -> (2741, 83, 1006, t2=t1+(1, 7))	1	278
(464, 12, 206, t1) -> (206, 12, 206, t2=t1+(1, 1))	1	279
(4420, 181, 2297, t1) -> (4420, 181, 4420, t2=t1+(1, 3))	1	280
(4106, 88, 372, t1) -> (372, 88, 4106, t2=t1+(1, 4))	1	281
(786, 83, 2315, t1) -> (2315, 83, 786, t2=t1+(1, 4))	1	282
(3527, 115, 1466, t1) -> (3527, 115, 1466, t2=t1+(1, 5))	1	283
(1918, 66, 167, t1) -> (167, 66, 167, t2=t1+(1, 4))	1	284
(2924, 87, 4611, t1) -> (4611, 87, 2924, t2=t1+(1, 3))	1	285
(2287, 62, 912, t1) -> (912, 62, 2287, t2=t1+(1, 6))	1	286
(95, 58, 4396, t1) -> (4396, 58, 4396, t2=t1+(1, 4))	1	287
(1376, 26, 2111, t1) -> (1376, 26, 2111, t2=t1+(1, 4))	1	288
(3744, 147, 3842, t1) -> (3744, 147, 3842, t2=t1+(1, 8))	1	289
(2061, 1, 4182, t1) -> (4182, 1, 2061, t2=t1+(1, 5))	1	290
(3346, 154, 3367, t1) -> (3367, 154, 3367, t2=t1+(1, 7))	1	291
(4276, 155, 1430, t1) -> (4276, 155, 4276, t2=t1+(1, 4))	1	292
(4227, 50, 221, t1) -> (221, 50, 221, t2=t1+(1, 1))	1	293
(4251, 148, 3114, t1) -> (3114, 148, 4251, t2=t1+(1, 4))	1	294
(4471, 9, 3501, t1) -> (4471, 9, 3501, t2=t1+(1, 13))	1	295
(1143, 109, 2663, t1) -> (2663, 109, 1143, t2=t1+(1, 4))	1	296
(2052, 150, 704, t1) -> (704, 150, 704, t2=t1+(1, 5))	1	297
(1496, 14, 2643, t1) -> (1496, 14, 1496, t2=t1+(1, 5))	1	298
(654, 7, 1909, t1) -> (1909, 7, 654, t2=t1+(1, 2))	1	299
