(1489, 26, 1643, t1) & (480, 93, 4745, t2=t1+(0, 5)) & (1643, 171, 480, t3=t2+(0, 3)) -> (480, 171, 1643, t4=t3+(1, 5))	3	0
(961, 35, 326, t1) & (663, 199, 3775, t2=t1+(0, 7)) & (326, 15, 663, t3=t2+(0, 6)) -> (663, 35, 3775, t4=t3+(1, 4))	3	1
(566, 49, 2217, t1) & (2166, 5, 505, t2=t1+(0, 3)) & (505, 76, 2217, t3=t2+(0, 4)) -> (2217, 5, 2217, t4=t3+(1, 5))	3	2
(3838, 52, 1478, t1) & (4105, 8, 4550, t2=t1+(0, 6)) & (1478, 38, 4550, t3=t2+(0, 4)) -> (3838, 38, 1478, t4=t3+(1, 3))	3	3
(90, 124, 3180, t1) & (107, 165, 2536, t2=t1+(0, 3)) & (107, 174, 90, t3=t2+(0, 10)) -> (2536, 165, 107, t4=t3+(1, 6))	3	4
(675, 31, 4610, t1) & (3612, 64, 2090, t2=t1+(0, 4)) & (2090, 77, 675, t3=t2+(0, 7)) -> (675, 64, 675, t4=t3+(1, 7))	3	5
(2204, 20, 3692, t1) & (1106, 86, 1795, t2=t1+(0, 6)) & (3692, 172, 1795, t3=t2+(0, 4)) -> (3692, 86, 2204, t4=t3+(1, 5))	3	6
(1, 69, 3594, t1) & (4306, 177, 3011, t2=t1+(0, 7)) & (4306, 93, 1, t3=t2+(0, 8)) -> (1, 177, 3594, t4=t3+(1, 4))	3	7
(1699, 128, 1879, t1) & (3183, 37, 1746, t2=t1+(0, 11)) & (3183, 99, 1879, t3=t2+(0, 1)) -> (3183, 99, 3183, t4=t3+(1, 5))	3	8
(2123, 26, 4522, t1) & (4126, 57, 1680, t2=t1+(0, 8)) & (4126, 139, 4522, t3=t2+(0, 3)) -> (4126, 139, 4126, t4=t3+(1, 5))	3	9
(641, 81, 4724, t1) & (3656, 153, 4118, t2=t1+(0, 5)) & (3656, 27, 4724, t3=t2+(0, 4)) -> (4118, 153, 3656, t4=t3+(1, 2))	3	10
(4929, 124, 3823, t1) & (4258, 41, 409, t2=t1+(0, 2)) & (409, 45, 4929, t3=t2+(0, 7)) -> (4929, 41, 3823, t4=t3+(1, 3))	3	11
(1310, 139, 4460, t1) & (859, 120, 2239, t2=t1+(0, 4)) & (859, 132, 1310, t3=t2+(0, 2)) -> (859, 120, 1310, t4=t3+(1, 2))	3	12
(4116, 199, 2673, t1) & (4222, 168, 3017, t2=t1+(0, 6)) & (2673, 17, 3017, t3=t2+(0, 2)) -> (2673, 199, 3017, t4=t3+(1, 7))	3	13
(442, 193, 351, t1) & (4633, 27, 653, t2=t1+(0, 6)) & (653, 68, 351, t3=t2+(0, 6)) -> (4633, 27, 351, t4=t3+(1, 5))	3	14
(4353, 105, 2766, t1) & (215, 59, 1416, t2=t1+(0, 9)) & (2766, 30, 1416, t3=t2+(0, 7)) -> (2766, 105, 1416, t4=t3+(1, 6))	3	15
(1590, 3, 1689, t1) & (1378, 87, 4735, t2=t1+(0, 2)) & (4735, 130, 1689, t3=t2+(0, 5)) -> (1689, 3, 1689, t4=t3+(1, 3))	3	16
(4818, 91, 4678, t1) & (1291, 158, 1881, t2=t1+(0, 3)) & (1291, 156, 4818, t3=t2+(0, 9)) -> (1291, 158, 4818, t4=t3+(1, 7))	3	17
(2180, 15, 1369, t1) & (1054, 95, 3780, t2=t1+(0, 3)) & (1054, 45, 1369, t3=t2+(0, 2)) -> (1369, 95, 1369, t4=t3+(1, 5))	3	18
(1196, 21, 4120, t1) & (3850, 190, 216, t2=t1+(0, 7)) & (4120, 154, 216, t3=t2+(0, 5)) -> (216, 190, 4120, t4=t3+(1, 6))	3	19
(648, 2, 3436, t1) & (3601, 167, 1331, t2=t1+(0, 6)) & (3601, 17, 648, t3=t2+(0, 5)) -> (3601, 17, 648, t4=t3+(1, 3))	3	20
(4227, 97, 2989, t1) & (1451, 2, 4103, t2=t1+(0, 11)) & (4103, 46, 4227, t3=t2+(0, 3)) -> (4227, 46, 4103, t4=t3+(1, 6))	3	21
(548, 39, 2172, t1) & (196, 73, 977, t2=t1+(0, 5)) & (2172, 7, 977, t3=t2+(0, 5)) -> (2172, 39, 2172, t4=t3+(1, 7))	3	22
(4253, 168, 1915, t1) & (3817, 102, 2905, t2=t1+(0, 5)) & (4253, 130, 3817, t3=t2+(0, 1)) -> (4253, 102, 4253, t4=t3+(1, 6))	3	23
(2292, 108, 1143, t1) & (4248, 118, 4216, t2=t1+(0, 4)) & (4216, 47, 1143, t3=t2+(0, 4)) -> (4216, 118, 4216, t4=t3+(1, 3))	3	24
(4144, 116, 821, t1) & (2794, 23, 1047, t2=t1+(0, 2)) & (1047, 180, 4144, t3=t2+(0, 3)) -> (1047, 116, 1047, t4=t3+(1, 8))	3	25
(2103, 177, 1821, t1) & (2151, 74, 732, t2=t1+(0, 8)) & (2151, 45, 1821, t3=t2+(0, 5)) -> (1821, 45, 2151, t4=t3+(1, 3))	3	26
(902, 17, 574, t1) & (2972, 166, 2506, t2=t1+(0, 6)) & (2972, 131, 902, t3=t2+(0, 5)) -> (574, 166, 902, t4=t3+(1, 3))	3	27
(3478, 92, 2601, t1) & (2317, 154, 2048, t2=t1+(0, 9)) & (3478, 43, 2048, t3=t2+(0, 5)) -> (2317, 92, 3478, t4=t3+(1, 4))	3	28
(1800, 123, 2818, t1) & (1246, 145, 2085, t2=t1+(0, 4)) & (2818, 170, 1246, t3=t2+(0, 3)) -> (2818, 145, 1246, t4=t3+(1, 5))	3	29
(378, 7, 4712, t1) & (841, 99, 504, t2=t1+(0, 6)) & (504, 32, 4712, t3=t2+(0, 6)) -> (504, 7, 504, t4=t3+(1, 2))	3	30
(1656, 14, 4365, t1) & (2782, 70, 2046, t2=t1+(0, 6)) & (2046, 199, 1656, t3=t2+(0, 4)) -> (2046, 14, 1656, t4=t3+(1, 6))	3	31
(4010, 166, 438, t1) & (4578, 98, 2963, t2=t1+(0, 6)) & (2963, 87, 4010, t3=t2+(0, 6)) -> (4010, 166, 2963, t4=t3+(1, 1))	3	32
(4167, 118, 4538, t1) & (2891, 178, 217, t2=t1+(0, 4)) & (4167, 29, 2891, t3=t2+(0, 5)) -> (2891, 178, 4167, t4=t3+(1, 4))	3	33
(2849, 136, 3068, t1) & (2611, 18, 3413, t2=t1+(0, 6)) & (2611, 66, 3068, t3=t2+(0, 1)) -> (3068, 66, 3413, t4=t3+(1, 6))	3	34
(286, 46, 108, t1) & (2843, 104, 3883, t2=t1+(0, 2)) & (286, 174, 2843, t3=t2+(0, 4)) -> (286, 174, 2843, t4=t3+(1, 9))	3	35
(3861, 75, 1538, t1) & (354, 61, 762, t2=t1+(0, 6)) & (3861, 86, 762, t3=t2+(0, 4)) -> (354, 75, 3861, t4=t3+(1, 4))	3	36
(2026, 157, 4705, t1) & (2382, 161, 585, t2=t1+(0, 4)) & (2382, 47, 4705, t3=t2+(0, 8)) -> (4705, 161, 2382, t4=t3+(1, 5))	3	37
(1473, 99, 1367, t1) & (4825, 15, 3967, t2=t1+(0, 4)) & (3967, 137, 1473, t3=t2+(0, 9)) -> (3967, 15, 1367, t4=t3+(1, 3))	3	38
(4209, 72, 1280, t1) & (4567, 155, 4732, t2=t1+(0, 5)) & (1280, 166, 4567, t3=t2+(0, 8)) -> (4567, 166, 4732, t4=t3+(1, 7))	3	39
(4694, 108, 3114, t1) & (3126, 155, 2198, t2=t1+(0, 4)) & (2198, 34, 4694, t3=t2+(0, 3)) -> (2198, 34, 2198, t4=t3+(1, 7))	3	40
(2520, 66, 2109, t1) & (1794, 14, 494, t2=t1+(0, 3)) & (2520, 47, 1794, t3=t2+(0, 4)) -> (2520, 14, 494, t4=t3+(1, 12))	3	41
(2533, 112, 3319, t1) & (1033, 110, 593, t2=t1+(0, 3)) & (1033, 157, 2533, t3=t2+(0, 3)) -> (2533, 112, 1033, t4=t3+(1, 6))	3	42
(521, 80, 4471, t1) & (1818, 176, 656, t2=t1+(0, 6)) & (521, 156, 656, t3=t2+(0, 5)) -> (4471, 156, 521, t4=t3+(1, 5))	3	43
(1104, 24, 2936, t1) & (2338, 69, 65, t2=t1+(0, 8)) & (2936, 11, 2338, t3=t2+(0, 3)) -> (2338, 69, 2936, t4=t3+(1, 5))	3	44
(1148, 177, 1870, t1) & (2620, 37, 4811, t2=t1+(0, 4)) & (1148, 116, 4811, t3=t2+(0, 0)) -> (1870, 37, 2620, t4=t3+(1, 6))	3	45
(1361, 133, 1308, t1) & (4586, 31, 1438, t2=t1+(0, 3)) & (4586, 41, 1308, t3=t2+(0, 4)) -> (4586, 41, 4586, t4=t3+(1, 4))	3	46
(2838, 128, 919, t1) & (1063, 93, 2883, t2=t1+(0, 3)) & (2838, 9, 1063, t3=t2+(0, 7)) -> (2883, 93, 2838, t4=t3+(1, 9))	3	47
(3713, 71, 4076, t1) & (2798, 11, 3111, t2=t1+(0, 5)) & (4076, 168, 3111, t3=t2+(0, 6)) -> (4076, 11, 2798, t4=t3+(1, 3))	3	48
(3346, 61, 2188, t1) & (438, 111, 286, t2=t1+(0, 7)) & (3346, 111, 286, t3=t2+(0, 3)) -> (286, 61, 3346, t4=t3+(1, 4))	3	49
(2925, 18, 3724, t1) & (3724, 113, 3724, t2=t1+(0, 4)) -> (3724, 113, 3724, t3=t2+(1, 5))	2	50
(3798, 161, 4627, t1) & (3798, 176, 4176, t2=t1+(0, 7)) -> (3798, 161, 4627, t3=t2+(1, 5))	2	51
(1355, 22, 2601, t1) & (2601, 6, 1355, t2=t1+(0, 3)) -> (2601, 6, 1355, t3=t2+(1, 6))	2	52
(466, 88, 3513, t1) & (466, 27, 4822, t2=t1+(0, 4)) -> (3513, 88, 4822, t3=t2+(1, 7))	2	53
(4904, 152, 3313, t1) & (4904, 92, 4904, t2=t1+(0, 2)) -> (4904, 152, 3313, t3=t2+(1, 7))	2	54
(2467, 36, 3258, t1) & (2467, 0, 2467, t2=t1+(0, 4)) -> (2467, 0, 2467, t3=t2+(1, 2))	2	55
(2074, 40, 1729, t1) & (1729, 167, 2074, t2=t1+(0, 4)) -> (2074, 167, 1729, t3=t2+(1, 6))	2	56
(3865, 145, 4131, t1) & (3865, 160, 691, t2=t1+(0, 4)) -> (3865, 145, 4131, t3=t2+(1, 4))	2	57
(3959, 78, 749, t1) & (723, 187, 3959, t2=t1+(0, 3)) -> (3959, 187, 749, t3=t2+(1, 1))	2	58
(2708, 36, 369, t1) & (4686, 98, 369, t2=t1+(0, 5)) -> (2708, 36, 4686, t3=t2+(1, 6))	2	59
(3642, 181, 1160, t1) & (1160, 94, 1160, t2=t1+(0, 6)) -> (1160, 181, 3642, t3=t2+(1, 3))	2	60
(4, 38, 2311, t1) & (4, 137, 4131, t2=t1+(0, 3)) -> (4131, 38, 4131, t3=t2+(1, 9))	2	61
(4901, 199, 4588, t1) & (4588, 2, 4901, t2=t1+(0, 0)) -> (4901, 2, 4588, t3=t2+(1, 4))	2	62
(3864, 116, 330, t1) & (3864, 63, 606, t2=t1+(0, 2)) -> (3864, 116, 3864, t3=t2+(1, 9))	2	63
(4208, 171, 4139, t1) & (4139, 45, 4139, t2=t1+(0, 2)) -> (4139, 45, 4139, t3=t2+(1, 3))	2	64
(89, 96, 4642, t1) & (89, 6, 1152, t2=t1+(0, 3)) -> (89, 6, 4642, t3=t2+(1, 4))	2	65
(1720, 147, 4559, t1) & (4559, 40, 1720, t2=t1+(0, 3)) -> (4559, 40, 1720, t3=t2+(1, 8))	2	66
(2120, 76, 227, t1) & (854, 101, 227, t2=t1+(0, 7)) -> (2120, 76, 227, t3=t2+(1, 3))	2	67
(3441, 196, 602, t1) & (3441, 133, 602, t2=t1+(0, 8)) -> (602, 196, 602, t3=t2+(1, 4))	2	68
(2590, 142, 3358, t1) & (2831, 9, 3358, t2=t1+(0, 5)) -> (3358, 142, 2831, t3=t2+(1, 2))	2	69
(1356, 191, 776, t1) & (776, 76, 1356, t2=t1+(0, 3)) -> (776, 76, 776, t3=t2+(1, 6))	2	70
(3574, 182, 3469, t1) & (3574, 164, 3702, t2=t1+(0, 3)) -> (3574, 164, 3574, t3=t2+(1, 3))	2	71
(3386, 158, 903, t1) & (4642, 101, 3386, t2=t1+(0, 3)) -> (4642, 101, 903, t3=t2+(1, 3))	2	72
(749, 120, 2361, t1) & (749, 5, 2361, t2=t1+(0, 5)) -> (749, 120, 2361, t3=t2+(1, 3))	2	73
(3929, 18, 3336, t1) & (3929, 174, 3298, t2=t1+(0, 7)) -> (3336, 18, 3336, t3=t2+(1, 5))	2	74
(1530, 199, 4151, t1) & (1530, 196, 3122, t2=t1+(0, 7)) -> (4151, 196, 1530, t3=t2+(1, 5))	2	75
(3931, 124, 620, t1) & (3931, 31, 1014, t2=t1+(0, 4)) -> (3931, 31, 3931, t3=t2+(1, 5))	2	76
(2819, 109, 880, t1) & (880, 155, 2926, t2=t1+(0, 10)) -> (880, 109, 880, t3=t2+(1, 9))	2	77
(3444, 25, 358, t1) & (3444, 1, 3444, t2=t1+(0, 2)) -> (3444, 25, 358, t3=t2+(1, 4))	2	78
(4139, 14, 3821, t1) & (2744, 48, 3821, t2=t1+(0, 4)) -> (4139, 14, 4139, t3=t2+(1, 3))	2	79
(2711, 160, 43, t1) & (43, 4, 2835, t2=t1+(0, 5)) -> (2835, 160, 2711, t3=t2+(1, 6))	2	80
(3766, 111, 1948, t1) & (3766, 167, 4004, t2=t1+(0, 4)) -> (4004, 111, 3766, t3=t2+(1, 9))	2	81
(4591, 199, 4580, t1) & (1900, 173, 4591, t2=t1+(0, 5)) -> (1900, 199, 4591, t3=t2+(1, 3))	2	82
(2886, 95, 1934, t1) & (2854, 137, 1934, t2=t1+(0, 6)) -> (1934, 95, 1934, t3=t2+(1, 3))	2	83
(3062, 2, 4184, t1) & (4774, 157, 3062, t2=t1+(0, 2)) -> (4774, 157, 3062, t3=t2+(1, 4))	2	84
(4193, 86, 2431, t1) & (4193, 95, 4565, t2=t1+(0, 8)) -> (4193, 86, 4193, t3=t2+(1, 4))	2	85
(413, 104, 3116, t1) & (3116, 20, 1632, t2=t1+(0, 5)) -> (1632, 20, 413, t3=t2+(1, 5))	2	86
(6, 118, 4054, t1) & (2769, 174, 4054, t2=t1+(0, 9)) -> (4054, 118, 2769, t3=t2+(1, 4))	2	87
(4179, 137, 4976, t1) & (4976, 33, 2113, t2=t1+(0, 5)) -> (4976, 33, 4179, t3=t2+(1, 4))	2	88
(3621, 188, 3651, t1) & (3651, 103, 3856, t2=t1+(0, 5)) -> (3651, 188, 3651, t3=t2+(1, 5))	2	89
(3100, 22, 4502, t1) & (3100, 169, 3100, t2=t1+(0, 6)) -> (3100, 22, 4502, t3=t2+(1, 4))	2	90
(1382, 118, 1826, t1) & (1382, 12, 3241, t2=t1+(0, 9)) -> (1826, 118, 1826, t3=t2+(1, 8))	2	91
(1285, 134, 1809, t1) & (1099, 173, 1285, t2=t1+(0, 7)) -> (1099, 173, 1099, t3=t2+(1, 5))	2	92
(4539, 28, 4337, t1) & (4337, 127, 2780, t2=t1+(0, 4)) -> (2780, 127, 4337, t3=t2+(1, 3))	2	93
(2349, 35, 717, t1) & (717, 166, 2349, t2=t1+(0, 4)) -> (2349, 35, 717, t3=t2+(1, 6))	2	94
(4579, 77, 1139, t1) & (1139, 55, 4579, t2=t1+(0, 2)) -> (4579, 55, 1139, t3=t2+(1, 4))	2	95
(1164, 98, 1741, t1) & (1164, 147, 1741, t2=t1+(0, 5)) -> (1741, 98, 1164, t3=t2+(1, 4))	2	96
(599, 105, 1186, t1) & (599, 132, 4041, t2=t1+(0, 8)) -> (4041, 105, 599, t3=t2+(1, 3))	2	97
(762, 140, 4660, t1) & (762, 101, 4660, t2=t1+(0, 4)) -> (762, 140, 4660, t3=t2+(1, 3))	2	98
(4461, 132, 83, t1) & (1921, 41, 83, t2=t1+(0, 3)) -> (4461, 41, 1921, t3=t2+(1, 6))	2	99
(4024, 97, 3824, t1) & (639, 44, 3824, t2=t1+(0, 1)) -> (3824, 97, 639, t3=t2+(1, 6))	2	100
(4828, 97, 4340, t1) & (1972, 64, 4828, t2=t1+(0, 4)) -> (4828, 97, 4828, t3=t2+(1, 6))	2	101
(3961, 52, 3702, t1) & (3961, 149, 3228, t2=t1+(0, 7)) -> (3961, 149, 3702, t3=t2+(1, 8))	2	102
(315, 176, 2725, t1) & (2725, 8, 3129, t2=t1+(0, 6)) -> (315, 176, 2725, t3=t2+(1, 5))	2	103
(4044, 109, 1067, t1) & (4044, 176, 1067, t2=t1+(0, 6)) -> (1067, 109, 1067, t3=t2+(1, 4))	2	104
(857, 3, 1486, t1) & (4257, 161, 1486, t2=t1+(0, 3)) -> (857, 161, 1486, t3=t2+(1, 6))	2	105
(506, 168, 3040, t1) & (1502, 194, 506, t2=t1+(0, 6)) -> (1502, 194, 506, t3=t2+(1, 8))	2	106
(919, 60, 599, t1) & (4616, 122, 919, t2=t1+(0, 6)) -> (4616, 122, 4616, t3=t2+(1, 7))	2	107
(2507, 151, 938, t1) & (938, 107, 938, t2=t1+(0, 6)) -> (938, 107, 938, t3=t2+(1, 4))	2	108
(2868, 103, 4314, t1) & (2868, 159, 2473, t2=t1+(0, 4)) -> (2868, 103, 4314, t3=t2+(1, 4))	2	109
(1779, 188, 940, t1) & (1779, 52, 940, t2=t1+(0, 2)) -> (940, 188, 940, t3=t2+(1, 10))	2	110
(1521, 159, 1294, t1) & (3613, 100, 1294, t2=t1+(0, 6)) -> (3613, 100, 1294, t3=t2+(1, 3))	2	111
(319, 34, 1960, t1) & (319, 53, 319, t2=t1+(0, 4)) -> (319, 34, 1960, t3=t2+(1, 3))	2	112
(1764, 105, 3782, t1) & (2824, 178, 3782, t2=t1+(0, 6)) -> (3782, 105, 2824, t3=t2+(1, 5))	2	113
(2397, 77, 2587, t1) & (2693, 110, 2397, t2=t1+(0, 6)) -> (2693, 77, 2693, t3=t2+(1, 4))	2	114
(3499, 30, 4479, t1) & (3499, 172, 3499, t2=t1+(0, 4)) -> (3499, 172, 3499, t3=t2+(1, 3))	2	115
(4910, 55, 1363, t1) & (1363, 64, 4569, t2=t1+(0, 2)) -> (1363, 55, 1363, t3=t2+(1, 3))	2	116
(3487, 38, 523, t1) & (3487, 134, 3487, t2=t1+(0, 5)) -> (3487, 38, 3487, t3=t2+(1, 1))	2	117
(2700, 78, 2376, t1) & (2376, 83, 3113, t2=t1+(0, 7)) -> (3113, 83, 2376, t3=t2+(1, 5))	2	118
(3239, 50, 2097, t1) & (1148, 45, 2097, t2=t1+(0, 6)) -> (3239, 50, 2097, t3=t2+(1, 5))	2	119
(551, 57, 4575, t1) & (2796, 166, 551, t2=t1+(0, 5)) -> (4575, 166, 551, t3=t2+(1, 9))	2	120
(4214, 194, 1514, t1) & (1514, 32, 1755, t2=t1+(0, 7)) -> (1514, 32, 4214, t3=t2+(1, 5))	2	121
(3628, 31, 531, t1) & (2435, 107, 531, t2=t1+(0, 4)) -> (3628, 31, 531, t3=t2+(1, 7))	2	122
(1103, 109, 943, t1) & (4392, 35, 943, t2=t1+(0, 5)) -> (4392, 35, 943, t3=t2+(1, 4))	2	123
(4019, 67, 2344, t1) & (2298, 173, 4019, t2=t1+(0, 6)) -> (2298, 173, 4019, t3=t2+(1, 2))	2	124
(3012, 60, 1167, t1) & (1167, 35, 1167, t2=t1+(0, 7)) -> (1167, 60, 3012, t3=t2+(1, 5))	2	125
(4382, 142, 1316, t1) & (4382, 114, 452, t2=t1+(0, 6)) -> (1316, 142, 452, t3=t2+(1, 5))	2	126
(1930, 73, 4127, t1) & (3845, 111, 4127, t2=t1+(0, 5)) -> (4127, 73, 4127, t3=t2+(1, 1))	2	127
(1964, 17, 190, t1) & (1964, 54, 394, t2=t1+(0, 8)) -> (1964, 17, 1964, t3=t2+(1, 5))	2	128
(2038, 151, 4048, t1) & (1423, 163, 2038, t2=t1+(0, 5)) -> (1423, 163, 2038, t3=t2+(1, 6))	2	129
(4397, 32, 2220, t1) & (4397, 57, 580, t2=t1+(0, 10)) -> (4397, 57, 4397, t3=t2+(1, 6))	2	130
(4859, 145, 3089, t1) & (4859, 163, 3089, t2=t1+(0, 3)) -> (4859, 145, 3089, t3=t2+(1, 6))	2	131
(3115, 150, 3181, t1) & (1827, 97, 3181, t2=t1+(0, 7)) -> (3115, 97, 3181, t3=t2+(1, 1))	2	132
(1283, 125, 569, t1) & (3233, 0, 1283, t2=t1+(0, 3)) -> (569, 125, 1283, t3=t2+(1, 7))	2	133
(623, 81, 2737, t1) & (623, 78, 2737, t2=t1+(0, 6)) -> (2737, 78, 623, t3=t2+(1, 8))	2	134
(4815, 44, 4855, t1) & (4983, 183, 4815, t2=t1+(0, 1)) -> (4983, 183, 4855, t3=t2+(1, 6))	2	135
(391, 130, 3691, t1) & (3297, 195, 391, t2=t1+(0, 4)) -> (391, 130, 391, t3=t2+(1, 5))	2	136
(2437, 109, 846, t1) & (2246, 31, 846, t2=t1+(0, 6)) -> (846, 109, 846, t3=t2+(1, 4))	2	137
(837, 115, 3302, t1) & (3253, 196, 3302, t2=t1+(0, 5)) -> (837, 196, 3253, t3=t2+(1, 4))	2	138
(304, 154, 2611, t1) & (2611, 121, 304, t2=t1+(0, 10)) -> (2611, 154, 304, t3=t2+(1, 3))	2	139
(4055, 82, 3481, t1) & (3481, 9, 728, t2=t1+(0, 5)) -> (3481, 9, 728, t3=t2+(1, 2))	2	140
(3512, 158, 200, t1) & (200, 104, 2272, t2=t1+(0, 5)) -> (200, 104, 200, t3=t2+(1, 6))	2	141
(4477, 44, 4131, t1) & (4131, 160, 2102, t2=t1+(0, 4)) -> (4131, 160, 4131, t3=t2+(1, 5))	2	142
(3172, 162, 2575, t1) & (1479, 65, 3172, t2=t1+(0, 6)) -> (3172, 65, 3172, t3=t2+(1, 4))	2	143
(4688, 85, 2670, t1) & (4688, 160, 4688, t2=t1+(0, 6)) -> (4688, 160, 4688, t3=t2+(1, 4))	2	144
(4453, 182, 4765, t1) & (4453, 73, 3807, t2=t1+(0, 6)) -> (4453, 73, 4453, t3=t2+(1, 3))	2	145
(297, 45, 1052, t1) & (297, 2, 297, t2=t1+(0, 1)) -> (297, 45, 297, t3=t2+(1, 3))	2	146
(1452, 169, 1627, t1) & (1452, 21, 3000, t2=t1+(0, 4)) -> (3000, 169, 3000, t3=t2+(1, 5))	2	147
(3238, 163, 3931, t1) & (3931, 48, 3931, t2=t1+(0, 2)) -> (3931, 48, 3931, t3=t2+(1, 4))	2	148
(3361, 75, 1286, t1) & (1286, 116, 4737, t2=t1+(0, 5)) -> (4737, 116, 1286, t3=t2+(1, 7))	2	149
(179, 147, 4830, t1) -> (179, 147, 179, t2=t1+(1, 1))	1	150
(675, 145, 2335, t1) -> (2335, 145, 675, t2=t1+(1, 5))	1	151
(2627, 56, 1794, t1) -> (1794, 56, 1794, t2=t1+(1, 5))	1	152
(1840, 54, 3824, t1) -> (3824, 54, 1840, t2=t1+(1, 9))	1	153
(4545, 140, 1667, t1) -> (1667, 140, 4545, t2=t1+(1, 5))	1	154
(943, 154, 4836, t1) -> (4836, 154, 943, t2=t1+(1, 2))	1	155
(103, 189, 3426, t1) -> (103, 189, 103, t2=t1+(1, 11))	1	156
(4487, 150, 4823, t1) -> (4487, 150, 4487, t2=t1+(1, 8))	1	157
(2994, 53, 2099, t1) -> (2994, 53, 2099, t2=t1+(1, 7))	1	158
(430, 164, 4821, t1) -> (4821, 164, 430, t2=t1+(1, 5))	1	159
(2724, 119, 3733, t1) -> (3733, 119, 3733, t2=t1+(1, 6))	1	160
(1690, 57, 439, t1) -> (1690, 57, 1690, t2=t1+(1, 9))	1	161
(3527, 168, 4552, t1) -> (4552, 168, 4552, t2=t1+(1, 5))	1	162
(4742, 42, 4624, t1) -> (4624, 42, 4624, t2=t1+(1, 2))	1	163
(3460, 84, 3958, t1) -> (3460, 84, 3958, t2=t1+(1, 7))	1	164
(4500, 160, 1970, t1) -> (1970, 160, 4500, t2=t1+(1, 4))	1	165
(4944, 168, 4582, t1) -> (4944, 168, 4944, t2=t1+(1, 5))	1	166
(4932, 70, 4050, t1) -> (4932, 70, 4932, t2=t1+(1, 10))	1	167
(3377, 109, 3906, t1) -> (3906, 109, 3906, t2=t1+(1, 7))	1	168
(4288, 63, 512, t1) -> (4288, 63, 4288, t2=t1+(1, 2))	1	169
(3064, 192, 654, t1) -> (654, 192, 3064, t2=t1+(1, 3))	1	170
(1849, 128, 321, t1) -> (1849, 128, 1849, t2=t1+(1, 3))	1	171
(1929, 102, 876, t1) -> (1929, 102, 1929, t2=t1+(1, 5))	1	172
(883, 183, 3787, t1) -> (3787, 183, 3787, t2=t1+(1, 3))	1	173
(4645, 145, 2327, t1) -> (4645, 145, 4645, t2=t1+(1, 9))	1	174
(2955, 161, 1293, t1) -> (1293, 161, 1293, t2=t1+(1, 5))	1	175
(878, 115, 1840, t1) -> (878, 115, 878, t2=t1+(1, 3))	1	176
(702, 196, 1577, t1) -> (1577, 196, 1577, t2=t1+(1, 6))	1	177
(176, 32, 3886, t1) -> (176, 32, 176, t2=t1+(1, 12))	1	178
(3032, 96, 4911, t1) -> (3032, 96, 4911, t2=t1+(1, 4))	1	179
(1656, 50, 3750, t1) -> (1656, 50, 3750, t2=t1+(1, 6))	1	180
(1006, 110, 1999, t1) -> (1006, 110, 1999, t2=t1+(1, 9))	1	181
(4221, 26, 470, t1) -> (4221, 26, 470, t2=t1+(1, 2))	1	182
(4459, 14, 244, t1) -> (4459, 14, 4459, t2=t1+(1, 2))	1	183
(4175, 18, 4627, t1) -> (4627, 18, 4175, t2=t1+(1, 6))	1	184
(4165, 159, 2643, t1) -> (4165, 159, 4165, t2=t1+(1, 3))	1	185
(1859, 57, 2987, t1) -> (2987, 57, 2987, t2=t1+(1, 5))	1	186
(468, 170, 1670, t1) -> (1670, 170, 468, t2=t1+(1, 3))	1	187
(4186, 43, 3298, t1) -> (3298, 43, 4186, t2=t1+(1, 8))	1	188
(4363, 146, 2597, t1) -> (4363, 146, 4363, t2=t1+(1, 4))	1	189
(1976, 85, 2733, t1) -> (1976, 85, 2733, t2=t1+(1, 7))	1	190
(413, 39, 4226, t1) -> (413, 39, 4226, t2=t1+(1, 4))	1	191
(787, 92, 1766, t1) -> (1766, 92, 1766, t2=t1+(1, 6))	1	192
(2034, 154, 4956, t1) -> (4956, 154, 2034, t2=t1+(1, 1))	1	193
(3688, 197, 3516, t1) -> (3516, 197, 3688, t2=t1+(1, 6))	1	194
(827, 13, 2813, t1) -> (827, 13, 2813, t2=t1+(1, 9))	1	195
(4587, 198, 689, t1) -> (4587, 198, 689, t2=t1+(1, 8))	1	196
(4803, 184, 214, t1) -> (214, 184, 4803, t2=t1+(1, 7))	1	197
(422, 122, 1789, t1) -> (422, 122, 1789, t2=t1+(1, 10))	1	198
(1974, 171, 4177, t1) -> (4177, 171, 4177, t2=t1+(1, 8))	1	199
(4078, 106, 2389, t1) -> (4078, 106, 2389, t2=t1+(1, 9))	1	200
(3292, 90, 2141, t1) -> (2141, 90, 2141, t2=t1+(1, 6))	1	201
(3775, 179, 2207, t1) -> (2207, 179, 2207, t2=t1+(1, 2))	1	202
(2269, 87, 1665, t1) -> (1665, 87, 1665, t2=t1+(1, 7))	1	203
(1389, 57, 3453, t1) -> (3453, 57, 1389, t2=t1+(1, 3))	1	204
(3022, 53, 4820, t1) -> (4820, 53, 4820, t2=t1+(1, 4))	1	205
(2947, 10, 2044, t1) -> (2044, 10, 2044, t2=t1+(1, 3))	1	206
(1278, 88, 50, t1) -> (1278, 88, 1278, t2=t1+(1, 6))	1	207
(3262, 176, 607, t1) -> (3262, 176, 607, t2=t1+(1, 8))	1	208
(4053, 160, 2204, t1) -> (4053, 160, 4053, t2=t1+(1, 8))	1	209
(4696, 106, 4621, t1) -> (4621, 106, 4621, t2=t1+(1, 10))	1	210
(2230, 141, 3796, t1) -> (2230, 141, 2230, t2=t1+(1, 6))	1	211
(4619, 194, 4133, t1) -> (4133, 194, 4133, t2=t1+(1, 2))	1	212
(2773, 43, 3058, t1) -> (3058, 43, 3058, t2=t1+(1, 3))	1	213
(2083, 61, 4194, t1) -> (4194, 61, 2083, t2=t1+(1, 5))	1	214
(2578, 85, 2887, t1) -> (2578, 85, 2578, t2=t1+(1, 9))	1	215
(3771, 24, 3316, t1) -> (3316, 24, 3771, t2=t1+(1, 8))	1	216
(611, 54, 2057, t1) -> (611, 54, 611, t2=t1+(1, 3))	1	217
(1634, 33, 4204, t1) -> (1634, 33, 1634, t2=t1+(1, 5))	1	218
(1830, 194, 1885, t1) -> (1830, 194, 1885, t2=t1+(1, 3))	1	219
(4916, 173, 1122, t1) -> (1122, 173, 4916, t2=t1+(1, 8))	1	220
(1705, 170, 4502, t1) -> (1705, 170, 1705, t2=t1+(1, 8))	1	221
(1331, 60, 2850, t1) -> (2850, 60, 2850, t2=t1+(1, 3))	1	222
(436, 52, 3202, t1) -> (3202, 52, 3202, t2=t1+(1, 7))	1	223
(45, 17, 137, t1) -> (137, 17, 137, t2=t1+(1, 5))	1	224
(830, 60, 1541, t1) -> (830, 60, 1541, t2=t1+(1, 4))	1	225
(3892, 167, 2079, t1) -> (3892, 167, 2079, t2=t1+(1, 4))	1	226
(3280, 67, 517, t1) -> (517, 67, 517, t2=t1+(1, 4))	1	227
(622, 158, 1363, t1) -> (1363, 158, 622, t2=t1+(1, 3))	1	228
(4967, 96, 3767, t1) -> (3767, 96, 3767, t2=t1+(1, 10))	1	229
(1724, 126, 2195, t1) -> (2195, 126, 2195, t2=t1+(1, 9))	1	230
(1334, 37, 2545, t1) -> (1334, 37, 2545, t2=t1+(1, 5))	1	231
(155, 168, 1442, t1) -> (155, 168, 1442, t2=t1+(1, 4))	1	232
(3702, 11, 802, t1) -> (3702, 11, 3702, t2=t1+(1, 6))	1	233
(3073, 164, 4470, t1) -> (3073, 164, 4470, t2=t1+(1, 6))	1	234
(2615, 166, 77, t1) -> (77, 166, 2615, t2=t1+(1, 5))	1	235
(1781, 61, 1684, t1) -> (1781, 61, 1781, t2=t1+(1, 8))	1	236
(3771, 44, 2765, t1) -> (3771, 44, 3771, t2=t1+(1, 5))	1	237
(88, 81, 3006, t1) -> (88, 81, 3006, t2=t1+(1, 9))	1	238
(525, 93, 4678, t1) -> (4678, 93, 4678, t2=t1+(1, 3))	1	239
(2434, 19, 1022, t1) -> (2434, 19, 2434, t2=t1+(1, 4))	1	240
(595, 45, 2819, t1) -> (595, 45, 595, t2=t1+(1, 8))	1	241
(2239, 138, 1194, t1) -> (2239, 138, 2239, t2=t1+(1, 6))	1	242
(94, 178, 3118, t1) -> (94, 178, 94, t2=t1+(1, 3))	1	243
(1079, 120, 4220, t1) -> (1079, 120, 4220, t2=t1+(1, 2))	1	244
(2208, 64, 1272, t1) -> (1272, 64, 1272, t2=t1+(1, 1))	1	245
(4111, 0, 2263, t1) -> (2263, 0, 4111, t2=t1+(1, 3))	1	246
(1678, 46, 4992, t1) -> (1678, 46, 4992, t2=t1+(1, 6))	1	247
(909, 196, 3936, t1) -> (909, 196, 3936, t2=t1+(1, 6))	1	248
(4409, 182, 2865, t1) -> (4409, 182, 4409, t2=t1+(1, 4))	1	249
(1229, 42, 944, t1) -> (944, 42, 1229, t2=t1+(1, 5))	1	250
(3021, 155, 479, t1) -> (479, 155, 3021, t2=t1+(1, 8))	1	251
(650, 120, 3093, t1) -> (650, 120, 650, t2=t1+(1, 6))	1	252
(3694, 73, 2672, t1) -> (3694, 73, 2672, t2=t1+(1, 3))	1	253
(3155, 156, 2685, t1) -> (2685, 156, 2685, t2=t1+(1, 5))	1	254
(1149, 20, 2149, t1) -> (1149, 20, 2149, t2=t1+(1, 6))	1	255
(347, 188, 1423, t1) -> (347, 188, 1423, t2=t1+(1, 3))	1	256
(2704, 5, 1979, t1) -> (1979, 5, 1979, t2=t1+(1, 4))	1	257
(817, 75, 4107, t1) -> (4107, 75, 817, t2=t1+(1, 7))	1	258
(3761, 191, 2752, t1) -> (3761, 191, 3761, t2=t1+(1, 2))	1	259
(2767, 58, 3620, t1) -> (2767, 58, 2767, t2=t1+(1, 8))	1	260
(2131, 179, 758, t1) -> (2131, 179, 758, t2=t1+(1, 4))	1	261
(1914, 51, 1830, t1) -> (1914, 51, 1830, t2=t1+(1, 6))	1	262
(4985, 190, 3231, t1) -> (3231, 190, 3231, t2=t1+(1, 3))	1	263
(4495, 45, 4897, t1) -> (4495, 45, 4897, t2=t1+(1, 2))	1	264
(1958, 89, 1221, t1) -> (1221, 89, 1221, t2=t1+(1, 6))	1	265
(3621, 101, 1608, t1) -> (3621, 101, 3621, t2=t1+(1, 8))	1	266
(3062, 139, 933, t1) -> (3062, 139, 933, t2=t1+(1, 8))	1	267
(886, 152, 3532, t1) -> (886, 152, 3532, t2=t1+(1, 8))	1	268
(1732, 140, 4413, t1) -> (1732, 140, 1732, t2=t1+(1, 6))	1	269
(2387, 126, 4624, t1) -> (4624, 126, 4624, t2=t1+(1, 8))	1	270
(4697, 11, 424, t1) -> (4697, 11, 424, t2=t1+(1, 3))	1	271
(2011, 77, 3839, t1) -> (2011, 77, 2011, t2=t1+(1, 4))	1	272
(1934, 25, 2840, t1) -> (2840, 25, 1934, t2=t1+(1, 2))	1	273
(2733, 16, 3448, t1) -> (2733, 16, 2733, t2=t1+(1, 8))	1	274
(2252, 89, 3312, t1) -> (3312, 89, 2252, t2=t1+(1, 6))	1	275
(4340, 126, 588, t1) -> (4340, 126, 588, t2=t1+(1, 2))	1	276
(2682, 3, 4512, t1) -> (2682, 3, 4512, t2=t1+(1, 5))	1	277
(1685, 170, 1328, t1) -> (1685, 170, 1328, t2=t1+(1, 2))	1	278
(2391, 68, 2797, t1) -> (2797, 68, 2391, t2=t1+(1, 6))	1	279
(1670, 106, 2007, t1) -> (2007, 106, 2007, t2=t1+(1, 6))	1	280
(1717, 178, 4216, t1) -> (4216, 178, 1717, t2=t1+(1, 4))	1	281
(1735, 66, 2762, t1) -> (1735, 66, 1735, t2=t1+(1, 3))	1	282
(2143, 75, 1006, t1) -> (2143, 75, 2143, t2=t1+(1, 5))	1	283
(334, 109, 1145, t1) -> (1145, 109, 334, t2=t1+(1, 2))	1	284
(3209, 133, 1709, t1) -> (1709, 133, 3209, t2=t1+(1, 2))	1	285
(4077, 22, 4222, t1) -> (4077, 22, 4077, t2=t1+(1, 3))	1	286
(2168, 102, 112, t1) -> (2168, 102, 2168, t2=t1+(1, 4))	1	287
(3624, 16, 2478, t1) -> (3624, 16, 3624, t2=t1+(1, 4))	1	288
(3184, 10, 595, t1) -> (3184, 10, 3184, t2=t1+(1, 2))	1	289
(2542, 103, 657, t1) -> (2542, 103, 657, t2=t1+(1, 8))	1	290
(2000, 64, 3622, t1) -> (2000, 64, 3622, t2=t1+(1, 4))	1	291
(3976, 41, 2448, t1) -> (2448, 41, 2448, t2=t1+(1, 3))	1	292
(89, 114, 4217, t1) -> (4217, 114, 4217, t2=t1+(1, 9))	1	293
(2761, 54, 4058, t1) -> (4058, 54, 2761, t2=t1+(1, 5))	1	294
(2532, 121, 2126, t1) -> (2126, 121, 2126, t2=t1+(1, 7))	1	295
(1473, 152, 3215, t1) -> (3215, 152, 1473, t2=t1+(1, 10))	1	296
(271, 77, 55, t1) -> (55, 77, 271, t2=t1+(1, 6))	1	297
(485, 131, 1579, t1) -> (485, 131, 1579, t2=t1+(1, 8))	1	298
(3396, 2, 4171, t1) -> (4171, 2, 4171, t2=t1+(1, 8))	1	299
(1777, 130, 3826, t1) -> (3826, 130, 3826, t2=t1+(1, 7))	1	300
(4422, 163, 4426, t1) -> (4426, 163, 4426, t2=t1+(1, 4))	1	301
(4319, 103, 4138, t1) -> (4319, 103, 4138, t2=t1+(1, 7))	1	302
(1911, 90, 4961, t1) -> (1911, 90, 1911, t2=t1+(1, 9))	1	303
(647, 117, 3748, t1) -> (647, 117, 3748, t2=t1+(1, 3))	1	304
(504, 4, 4003, t1) -> (4003, 4, 504, t2=t1+(1, 6))	1	305
(4745, 68, 3466, t1) -> (4745, 68, 4745, t2=t1+(1, 4))	1	306
(833, 149, 4138, t1) -> (833, 149, 833, t2=t1+(1, 5))	1	307
(2446, 63, 1663, t1) -> (1663, 63, 2446, t2=t1+(1, 5))	1	308
(212, 114, 3187, t1) -> (3187, 114, 212, t2=t1+(1, 5))	1	309
(252, 130, 1437, t1) -> (1437, 130, 252, t2=t1+(1, 5))	1	310
(3032, 29, 3632, t1) -> (3032, 29, 3632, t2=t1+(1, 3))	1	311
(364, 9, 4628, t1) -> (364, 9, 364, t2=t1+(1, 3))	1	312
(4100, 97, 347, t1) -> (4100, 97, 347, t2=t1+(1, 3))	1	313
(2062, 30, 3421, t1) -> (2062, 30, 3421, t2=t1+(1, 3))	1	314
(1747, 91, 1613, t1) -> (1613, 91, 1613, t2=t1+(1, 5))	1	315
(199, 93, 473, t1) -> (473, 93, 199, t2=t1+(1, 3))	1	316
(3717, 128, 3896, t1) -> (3717, 128, 3717, t2=t1+(1, 2))	1	317
(466, 199, 2347, t1) -> (466, 199, 466, t2=t1+(1, 3))	1	318
(4014, 126, 1012, t1) -> (1012, 126, 1012, t2=t1+(1, 6))	1	319
(2130, 174, 4455, t1) -> (2130, 174, 2130, t2=t1+(1, 9))	1	320
(2736, 86, 1291, t1) -> (1291, 86, 2736, t2=t1+(1, 6))	1	321
(632, 113, 4338, t1) -> (4338, 113, 4338, t2=t1+(1, 9))	1	322
(4085, 194, 4042, t1) -> (4085, 194, 4042, t2=t1+(1, 6))	1	323
(1326, 112, 4610, t1) -> (4610, 112, 4610, t2=t1+(1, 8))	1	324
(887, 17, 2130, t1) -> (887, 17, 2130, t2=t1+(1, 8))	1	325
(4129, 146, 1560, t1) -> (4129, 146, 4129, t2=t1+(1, 3))	1	326
(4366, 1, 1340, t1) -> (1340, 1, 1340, t2=t1+(1, 4))	1	327
(4743, 193, 4556, t1) -> (4743, 193, 4556, t2=t1+(1, 6))	1	328
(1691, 193, 1845, t1) -> (1691, 193, 1691, t2=t1+(1, 5))	1	329
(1314, 95, 1595, t1) -> (1595, 95, 1314, t2=t1+(1, 7))	1	330
(3905, 146, 1952, t1) -> (1952, 146, 1952, t2=t1+(1, 5))	1	331
(24, 121, 1859, t1) -> (24, 121, 1859, t2=t1+(1, 7))	1	332
(1944, 144, 4995, t1) -> (1944, 144, 1944, t2=t1+(1, 5))	1	333
(2968, 157, 1821, t1) -> (1821, 157, 1821, t2=t1+(1, 1))	1	334
(1906, 173, 2512, t1) -> (2512, 173, 2512, t2=t1+(1, 5))	1	335
(4667, 173, 1425, t1) -> (1425, 173, 4667, t2=t1+(1, 5))	1	336
(28, 144, 3883, t1) -> (28, 144, 3883, t2=t1+(1, 6))	1	337
(2641, 21, 3296, t1) -> (2641, 21, 3296, t2=t1+(1, 8))	1	338
(3482, 33, 544, t1) -> (3482, 33, 544, t2=t1+(1, 3))	1	339
(107, 116, 3007, t1) -> (3007, 116, 107, t2=t1+(1, 4))	1	340
(452, 48, 515, t1) -> (452, 48, 452, t2=t1+(1, 6))	1	341
(3789, 23, 2558, t1) -> (3789, 23, 3789, t2=t1+(1, 5))	1	342
(733, 127, 1132, t1) -> (1132, 127, 733, t2=t1+(1, 5))	1	343
(348, 131, 1589, t1) -> (1589, 131, 1589, t2=t1+(1, 3))	1	344
(213, 146, 1684, t1) -> (1684, 146, 213, t2=t1+(1, 6))	1	345
(1213, 31, 2755, t1) -> (2755, 31, 1213, t2=t1+(1, 3))	1	346
(1578, 71, 2283, t1) -> (1578, 71, 2283, t2=t1+(1, 2))	1	347
(2179, 135, 2022, t1) -> (2022, 135, 2022, t2=t1+(1, 6))	1	348
(1171, 190, 3465, t1) -> (3465, 190, 3465, t2=t1+(1, 4))	1	349
