(3962, 141, 817, t1) & (3718, 148, 4132, t2=t1+(0, 3)) & (4132, 9, 3962, t3=t2+(0, 5)) -> (3962, 9, 3962, t4=t3+(1, 6))	3	0
(3780, 25, 4117, t1) & (3364, 154, 2879, t2=t1+(0, 5)) & (2879, 146, 3780, t3=t2+(0, 10)) -> (3780, 146, 2879, t4=t3+(1, 8))	3	1
(2743, 113, 2312, t1) & (3242, 113, 3700, t2=t1+(0, 3)) & (2743, 33, 3700, t3=t2+(0, 3)) -> (2743, 33, 3700, t4=t3+(1, 8))	3	2
(1548, 121, 1549, t1) & (871, 100, 471, t2=t1+(0, 4)) & (871, 164, 1548, t3=t2+(0, 4)) -> (1548, 164, 1548, t4=t3+(1, 3))	3	3
(875, 112, 2496, t1) & (3172, 55, 4861, t2=t1+(0, 3)) & (875, 151, 4861, t3=t2+(0, 6)) -> (4861, 55, 3172, t4=t3+(1, 3))	3	4
(2855, 117, 2950, t1) & (3601, 83, 59, t2=t1+(0, 5)) & (3601, 194, 2950, t3=t2+(0, 4)) -> (2855, 194, 2855, t4=t3+(1, 6))	3	5
(799, 31, 986, t1) & (4822, 71, 1752, t2=t1+(0, 5)) & (1752, 65, 986, t3=t2+(0, 3)) -> (986, 31, 1752, t4=t3+(1, 5))	3	6
(4130, 62, 4492, t1) & (1525, 105, 983, t2=t1+(0, 6)) & (4492, 150, 1525, t3=t2+(0, 7)) -> (4130, 62, 1525, t4=t3+(1, 5))	3	7
(887, 144, 2622, t1) & (2408, 69, 4306, t2=t1+(0, 5)) & (2408, 10, 887, t3=t2+(0, 2)) -> (2408, 69, 2622, t4=t3+(1, 5))	3	8
(983, 75, 1693, t1) & (433, 131, 2630, t2=t1+(0, 1)) & (2630, 170, 983, t3=t2+(0, 5)) -> (983, 131, 2630, t4=t3+(1, 6))	3	9
(1563, 61, 4282, t1) & (1360, 53, 2337, t2=t1+(0, 8)) & (1360, 76, 1563, t3=t2+(0, 6)) -> (4282, 53, 1563, t4=t3+(1, 7))	3	10
(964, 134, 4702, t1) & (2499, 180, 1519, t2=t1+(0, 6)) & (1519, 128, 4702, t3=t2+(0, 4)) -> (4702, 128, 4702, t4=t3+(1, 5))	3	11
(2408, 102, 1603, t1) & (3700, 181, 3529, t2=t1+(0, 10)) & (1603, 16, 3529, t3=t2+(0, 4)) -> (3700, 16, 2408, t4=t3+(1, 10))	3	12
(1549, 193, 4329, t1) & (4861, 34, 1649, t2=t1+(0, 4)) & (1649, 154, 1549, t3=t2+(0, 5)) -> (4329, 34, 1549, t4=t3+(1, 4))	3	13
(3527, 81, 2216, t1) & (4717, 171, 117, t2=t1+(0, 7)) & (117, 55, 2216, t3=t2+(0, 7)) -> (3527, 81, 4717, t4=t3+(1, 3))	3	14
(2286, 191, 4495, t1) & (2407, 79, 2149, t2=t1+(0, 5)) & (4495, 23, 2407, t3=t2+(0, 3)) -> (2149, 191, 2286, t4=t3+(1, 7))	3	15
(2195, 88, 1880, t1) & (3930, 115, 4581, t2=t1+(0, 3)) & (1880, 23, 3930, t3=t2+(0, 4)) -> (4581, 115, 3930, t4=t3+(1, 3))	3	16
(3158, 124, 3145, t1) & (493, 76, 328, t2=t1+(0, 8)) & (328, 92, 3145, t3=t2+(0, 8)) -> (328, 76, 328, t4=t3+(1, 6))	3	17
(1352, 56, 4306, t1) & (2247, 81, 3659, t2=t1+(0, 10)) & (4306, 110, 2247, t3=t2+(0, 3)) -> (1352, 56, 2247, t4=t3+(1, 7))	3	18
(4102, 61, 4989, t1) & (3571, 114, 473, t2=t1+(0, 4)) & (473, 17, 4989, t3=t2+(0, 4)) -> (4989, 61, 4102, t4=t3+(1, 8))	3	19
(3013, 195, 2311, t1) & (1658, 171, 471, t2=t1+(0, 3)) & (471, 129, 2311, t3=t2+(0, 7)) -> (3013, 171, 1658, t4=t3+(1, 6))	3	20
(2124, 185, 2124, t1) & (2933, 192, 3634, t2=t1+(0, 8)) & (3634, 9, 2124, t3=t2+(0, 10)) -> (3634, 185, 2124, t4=t3+(1, 6))	3	21
(1549, 94, 2617, t1) & (4989, 51, 1053, t2=t1+(0, 5)) & (4989, 175, 2617, t3=t2+(0, 6)) -> (2617, 94, 4989, t4=t3+(1, 2))	3	22
(1548, 71, 777, t1) & (3579, 191, 135, t2=t1+(0, 5)) & (135, 128, 1548, t3=t2+(0, 7)) -> (777, 128, 1548, t4=t3+(1, 4))	3	23
(2412, 47, 680, t1) & (620, 20, 4306, t2=t1+(0, 6)) & (680, 14, 620, t3=t2+(0, 5)) -> (4306, 47, 2412, t4=t3+(1, 6))	3	24
(1595, 46, 3364, t1) & (2149, 196, 3706, t2=t1+(0, 4)) & (1595, 83, 3706, t3=t2+(0, 16)) -> (3706, 196, 1595, t4=t3+(1, 5))	3	25
(351, 75, 59, t1) & (2488, 182, 4420, t2=t1+(0, 4)) & (4420, 35, 59, t3=t2+(0, 8)) -> (2488, 182, 59, t4=t3+(1, 6))	3	26
(2488, 181, 2277, t1) & (2606, 172, 378, t2=t1+(0, 3)) & (2488, 93, 378, t3=t2+(0, 6)) -> (2488, 172, 2606, t4=t3+(1, 6))	3	27
(3606, 156, 929, t1) & (1843, 105, 4780, t2=t1+(0, 3)) & (1843, 85, 3606, t3=t2+(0, 5)) -> (1843, 85, 4780, t4=t3+(1, 4))	3	28
(3481, 40, 2933, t1) & (206, 161, 3242, t2=t1+(0, 5)) & (3481, 143, 3242, t3=t2+(0, 11)) -> (3242, 143, 3242, t4=t3+(1, 9))	3	29
(4441, 61, 521, t1) & (4122, 196, 2583, t2=t1+(0, 6)) & (4122, 29, 4441, t3=t2+(0, 3)) -> (4441, 196, 521, t4=t3+(1, 6))	3	30
(3792, 169, 2239, t1) & (4420, 105, 4891, t2=t1+(0, 3)) & (4891, 38, 2239, t3=t2+(0, 6)) -> (2239, 169, 2239, t4=t3+(1, 4))	3	31
(796, 132, 796, t1) & (871, 62, 4234, t2=t1+(0, 14)) & (796, 113, 871, t3=t2+(0, 9)) -> (796, 113, 871, t4=t3+(1, 5))	3	32
(3545, 22, 2204, t1) & (747, 192, 1361, t2=t1+(0, 1)) & (3545, 43, 1361, t3=t2+(0, 4)) -> (1361, 43, 3545, t4=t3+(1, 6))	3	33
(986, 34, 1994, t1) & (3874, 153, 879, t2=t1+(0, 6)) & (986, 74, 3874, t3=t2+(0, 4)) -> (3874, 153, 3874, t4=t3+(1, 6))	3	34
(851, 21, 117, t1) & (4445, 147, 3916, t2=t1+(0, 5)) & (851, 167, 3916, t3=t2+(0, 5)) -> (851, 167, 3916, t4=t3+(1, 4))	3	35
(1751, 184, 1916, t1) & (901, 193, 761, t2=t1+(0, 8)) & (901, 183, 1751, t3=t2+(0, 4)) -> (1751, 184, 901, t4=t3+(1, 6))	3	36
(2606, 107, 2509, t1) & (2216, 132, 4484, t2=t1+(0, 3)) & (2216, 74, 2606, t3=t2+(0, 4)) -> (2606, 107, 2606, t4=t3+(1, 4))	3	37
(207, 82, 3356, t1) & (4457, 129, 2408, t2=t1+(0, 3)) & (2408, 139, 207, t3=t2+(0, 4)) -> (2408, 139, 207, t4=t3+(1, 5))	3	38
(322, 81, 4965, t1) & (2392, 69, 3695, t2=t1+(0, 3)) & (4965, 92, 3695, t3=t2+(0, 7)) -> (322, 92, 3695, t4=t3+(1, 2))	3	39
(258, 140, 2337, t1) & (4122, 64, 3158, t2=t1+(0, 4)) & (3158, 24, 2337, t3=t2+(0, 4)) -> (2337, 140, 4122, t4=t3+(1, 3))	3	40
(289, 7, 3624, t1) & (1171, 191, 521, t2=t1+(0, 4)) & (1171, 36, 289, t3=t2+(0, 3)) -> (3624, 191, 1171, t4=t3+(1, 5))	3	41
(4657, 75, 2124, t1) & (2316, 146, 4141, t2=t1+(0, 6)) & (2124, 112, 2316, t3=t2+(0, 3)) -> (2124, 75, 2316, t4=t3+(1, 5))	3	42
(539, 35, 4457, t1) & (4261, 143, 4122, t2=t1+(0, 5)) & (4122, 57, 4457, t3=t2+(0, 8)) -> (4261, 57, 4261, t4=t3+(1, 2))	3	43
(4132, 77, 258, t1) & (406, 113, 2682, t2=t1+(0, 4)) & (258, 157, 2682, t3=t2+(0, 5)) -> (406, 77, 2682, t4=t3+(1, 7))	3	44
(471, 146, 4356, t1) & (2369, 176, 2535, t2=t1+(0, 3)) & (2369, 141, 471, t3=t2+(0, 3)) -> (2369, 176, 471, t4=t3+(1, 7))	3	45
(2277, 84, 4316, t1) & (3475, 151, 2751, t2=t1+(0, 6)) & (2751, 104, 4316, t3=t2+(0, 7)) -> (4316, 84, 4316, t4=t3+(1, 10))	3	46
(3093, 138, 2369, t1) & (3106, 159, 3705, t2=t1+(0, 8)) & (3705, 43, 2369, t3=t2+(0, 5)) -> (3093, 159, 2369, t4=t3+(1, 11))	3	47
(3601, 116, 4084, t1) & (71, 88, 4891, t2=t1+(0, 6)) & (71, 12, 4084, t3=t2+(0, 2)) -> (3601, 116, 4084, t4=t3+(1, 1))	3	48
(901, 93, 4022, t1) & (988, 123, 2089, t2=t1+(0, 9)) & (4022, 63, 2089, t3=t2+(0, 4)) -> (988, 93, 901, t4=t3+(1, 3))	3	49
(4278, 89, 3677, t1) & (21, 163, 4399, t2=t1+(0, 4)) & (21, 19, 4278, t3=t2+(0, 5)) -> (3677, 163, 3677, t4=t3+(1, 4))	3	50
(2254, 182, 3896, t1) & (1261, 63, 3571, t2=t1+(0, 3)) & (3896, 32, 1261, t3=t2+(0, 5)) -> (3896, 32, 3896, t4=t3+(1, 4))	3	51
(4462, 141, 1658, t1) & (887, 161, 1747, t2=t1+(0, 7)) & (4462, 157, 887, t3=t2+(0, 9)) -> (1747, 157, 4462, t4=t3+(1, 9))	3	52
(970, 124, 1595, t1) & (4261, 73, 4484, t2=t1+(0, 5)) & (970, 1, 4261, t3=t2+(0, 6)) -> (4261, 1, 1595, t4=t3+(1, 6))	3	53
(3753, 157, 3182, t1) & (2515, 137, 3590, t2=t1+(0, 3)) & (2515, 41, 3182, t3=t2+(0, 5)) -> (3182, 157, 3753, t4=t3+(1, 5))	3	54
(4445, 166, 2408, t1) & (2222, 140, 3255, t2=t1+(0, 3)) & (2408, 15, 3255, t3=t2+(0, 2)) -> (3255, 15, 3255, t4=t3+(1, 3))	3	55
(2074, 140, 46, t1) & (747, 133, 983, t2=t1+(0, 7)) & (983, 165, 46, t3=t2+(0, 4)) -> (983, 165, 983, t4=t3+(1, 5))	3	56
(1401, 128, 3770, t1) & (325, 171, 505, t2=t1+(0, 6)) & (3770, 41, 325, t3=t2+(0, 10)) -> (3770, 128, 325, t4=t3+(1, 8))	3	57
(740, 78, 3405, t1) & (2179, 172, 1979, t2=t1+(0, 2)) & (1979, 65, 740, t3=t2+(0, 3)) -> (740, 78, 1979, t4=t3+(1, 4))	3	58
(1592, 66, 2124, t1) & (4441, 116, 2079, t2=t1+(0, 2)) & (2079, 4, 2124, t3=t2+(0, 4)) -> (2124, 66, 4441, t4=t3+(1, 6))	3	59
(2285, 127, 4334, t1) & (858, 105, 2408, t2=t1+(0, 2)) & (4334, 45, 858, t3=t2+(0, 4)) -> (2408, 127, 4334, t4=t3+(1, 7))	3	60
(637, 53, 1549, t1) & (350, 133, 4891, t2=t1+(0, 3)) & (4891, 80, 637, t3=t2+(0, 5)) -> (1549, 53, 4891, t4=t3+(1, 2))	3	61
(929, 13, 4925, t1) & (3601, 177, 4794, t2=t1+(0, 6)) & (929, 81, 3601, t3=t2+(0, 4)) -> (4925, 177, 929, t4=t3+(1, 7))	3	62
(1049, 146, 3031, t1) & (2095, 67, 1649, t2=t1+(0, 0)) & (3031, 93, 1649, t3=t2+(0, 6)) -> (1649, 67, 1049, t4=t3+(1, 3))	3	63
(462, 191, 1388, t1) & (2953, 76, 2535, t2=t1+(0, 3)) & (1388, 17, 2953, t3=t2+(0, 5)) -> (2535, 191, 462, t4=t3+(1, 5))	3	64
(4657, 191, 59, t1) & (1794, 113, 3145, t2=t1+(0, 9)) & (4657, 174, 3145, t3=t2+(0, 8)) -> (3145, 113, 1794, t4=t3+(1, 6))	3	65
(3687, 31, 4208, t1) & (2090, 46, 3347, t2=t1+(0, 8)) & (2090, 130, 4208, t3=t2+(0, 3)) -> (2090, 31, 2090, t4=t3+(1, 3))	3	66
(4420, 146, 4457, t1) & (153, 180, 3535, t2=t1+(0, 9)) & (4420, 156, 3535, t3=t2+(0, 5)) -> (3535, 156, 4457, t4=t3+(1, 3))	3	67
(1994, 105, 3706, t1) & (4102, 145, 59, t2=t1+(0, 6)) & (3706, 40, 4102, t3=t2+(0, 3)) -> (4102, 145, 4102, t4=t3+(1, 6))	3	68
(258, 11, 400, t1) & (2583, 133, 3255, t2=t1+(0, 7)) & (400, 114, 3255, t3=t2+(0, 3)) -> (3255, 11, 258, t4=t3+(1, 3))	3	69
(4737, 0, 4108, t1) & (2312, 74, 4338, t2=t1+(0, 8)) & (4108, 124, 2312, t3=t2+(0, 11)) -> (4338, 124, 2312, t4=t3+(1, 8))	3	70
(2892, 65, 2574, t1) & (3999, 192, 986, t2=t1+(0, 6)) & (2574, 121, 986, t3=t2+(0, 3)) -> (2574, 121, 2892, t4=t3+(1, 3))	3	71
(2017, 134, 204, t1) & (3356, 29, 2743, t2=t1+(0, 3)) & (2017, 55, 2743, t3=t2+(0, 2)) -> (2017, 55, 2743, t4=t3+(1, 4))	3	72
(1611, 164, 2418, t1) & (4235, 183, 3255, t2=t1+(0, 3)) & (1611, 111, 3255, t3=t2+(0, 6)) -> (1611, 183, 3255, t4=t3+(1, 5))	3	73
(781, 41, 2239, t1) & (1184, 177, 769, t2=t1+(0, 3)) & (2239, 191, 1184, t3=t2+(0, 7)) -> (1184, 191, 2239, t4=t3+(1, 1))	3	74
(3328, 39, 1778, t1) & (2095, 6, 2365, t2=t1+(0, 3)) & (2365, 58, 3328, t3=t2+(0, 6)) -> (2095, 6, 3328, t4=t3+(1, 9))	3	75
(3700, 62, 1126, t1) & (3288, 146, 781, t2=t1+(0, 3)) & (3700, 2, 781, t3=t2+(0, 4)) -> (781, 62, 3288, t4=t3+(1, 3))	3	76
(2280, 18, 3940, t1) & (4880, 17, 3398, t2=t1+(0, 5)) & (3940, 182, 3398, t3=t2+(0, 6)) -> (3940, 17, 3398, t4=t3+(1, 5))	3	77
(1173, 126, 1339, t1) & (4476, 13, 2839, t2=t1+(0, 5)) & (1339, 140, 2839, t3=t2+(0, 5)) -> (4476, 140, 2839, t4=t3+(1, 4))	3	78
(551, 197, 458, t1) & (3888, 97, 462, t2=t1+(0, 6)) & (551, 163, 3888, t3=t2+(0, 7)) -> (551, 163, 551, t4=t3+(1, 7))	3	79
(295, 117, 2216, t1) & (1812, 93, 3255, t2=t1+(0, 2)) & (2216, 32, 3255, t3=t2+(0, 7)) -> (3255, 93, 2216, t4=t3+(1, 5))	3	80
(1750, 70, 2145, t1) & (650, 1, 833, t2=t1+(0, 8)) & (650, 114, 2145, t3=t2+(0, 5)) -> (833, 114, 650, t4=t3+(1, 3))	3	81
(1840, 145, 1658, t1) & (455, 9, 2089, t2=t1+(0, 8)) & (1840, 162, 2089, t3=t2+(0, 4)) -> (1840, 162, 1840, t4=t3+(1, 4))	3	82
(3851, 145, 2183, t1) & (4851, 84, 4780, t2=t1+(0, 2)) & (4780, 74, 3851, t3=t2+(0, 7)) -> (2183, 145, 4780, t4=t3+(1, 6))	3	83
(2421, 51, 3242, t1) & (3164, 36, 172, t2=t1+(0, 3)) & (3242, 183, 172, t3=t2+(0, 4)) -> (3164, 51, 3242, t4=t3+(1, 3))	3	84
(4703, 149, 2980, t1) & (1153, 53, 249, t2=t1+(0, 5)) & (1153, 19, 2980, t3=t2+(0, 3)) -> (1153, 53, 1153, t4=t3+(1, 8))	3	85
(3904, 10, 4338, t1) & (3571, 186, 4094, t2=t1+(0, 2)) & (4338, 35, 4094, t3=t2+(0, 6)) -> (4094, 10, 4094, t4=t3+(1, 4))	3	86
(4717, 94, 455, t1) & (2591, 94, 4278, t2=t1+(0, 7)) & (455, 63, 2591, t3=t2+(0, 5)) -> (2591, 94, 2591, t4=t3+(1, 3))	3	87
(3695, 155, 1549, t1) & (1265, 155, 117, t2=t1+(0, 5)) & (1549, 6, 1265, t3=t2+(0, 6)) -> (117, 155, 1549, t4=t3+(1, 5))	3	88
(650, 151, 2855, t1) & (2124, 12, 4967, t2=t1+(0, 7)) & (650, 116, 4967, t3=t2+(0, 6)) -> (2124, 151, 2855, t4=t3+(1, 4))	3	89
(2195, 5, 3070, t1) & (1269, 97, 4022, t2=t1+(0, 4)) & (1269, 150, 2195, t3=t2+(0, 4)) -> (4022, 5, 1269, t4=t3+(1, 4))	3	90
(3535, 60, 4198, t1) & (1269, 16, 4057, t2=t1+(0, 5)) & (4057, 171, 4198, t3=t2+(0, 6)) -> (4057, 171, 1269, t4=t3+(1, 5))	3	91
(2940, 26, 2953, t1) & (1146, 71, 3255, t2=t1+(0, 4)) & (3255, 174, 2953, t3=t2+(0, 5)) -> (1146, 26, 2953, t4=t3+(1, 4))	3	92
(2178, 55, 2622, t1) & (463, 131, 4737, t2=t1+(0, 7)) & (2622, 95, 463, t3=t2+(0, 3)) -> (463, 95, 463, t4=t3+(1, 5))	3	93
(258, 47, 837, t1) & (2609, 44, 1147, t2=t1+(0, 3)) & (1147, 100, 837, t3=t2+(0, 6)) -> (2609, 100, 1147, t4=t3+(1, 3))	3	94
(3164, 154, 2355, t1) & (2606, 81, 420, t2=t1+(0, 5)) & (420, 14, 3164, t3=t2+(0, 8)) -> (3164, 154, 2355, t4=t3+(1, 3))	3	95
(1976, 144, 2396, t1) & (4946, 71, 3242, t2=t1+(0, 6)) & (1976, 54, 3242, t3=t2+(0, 6)) -> (3242, 144, 1976, t4=t3+(1, 5))	3	96
(3695, 122, 135, t1) & (1549, 17, 4057, t2=t1+(0, 6)) & (4057, 0, 135, t3=t2+(0, 2)) -> (135, 17, 3695, t4=t3+(1, 7))	3	97
(3733, 105, 2, t1) & (3655, 86, 4880, t2=t1+(0, 4)) & (2, 167, 3655, t3=t2+(0, 4)) -> (3655, 105, 3655, t4=t3+(1, 4))	3	98
(3976, 94, 1880, t1) & (3792, 195, 3242, t2=t1+(0, 5)) & (3242, 8, 3976, t3=t2+(0, 4)) -> (1880, 195, 3976, t4=t3+(1, 8))	3	99
(3462, 154, 122, t1) & (122, 118, 964, t2=t1+(0, 7)) -> (122, 154, 122, t3=t2+(1, 11))	2	100
(1751, 73, 1053, t1) & (1053, 25, 2195, t2=t1+(0, 4)) -> (1053, 25, 1053, t3=t2+(1, 7))	2	101
(2716, 158, 1930, t1) & (2716, 124, 1930, t2=t1+(0, 2)) -> (1930, 158, 1930, t3=t2+(1, 5))	2	102
(3290, 74, 1305, t1) & (3290, 69, 4117, t2=t1+(0, 9)) -> (3290, 74, 3290, t3=t2+(1, 8))	2	103
(3896, 111, 4420, t1) & (4420, 132, 3896, t2=t1+(0, 3)) -> (4420, 111, 4420, t3=t2+(1, 6))	2	104
(888, 167, 3888, t1) & (3888, 153, 3888, t2=t1+(0, 7)) -> (3888, 167, 3888, t3=t2+(1, 3))	2	105
(439, 42, 2929, t1) & (2929, 179, 1658, t2=t1+(0, 5)) -> (2929, 42, 439, t3=t2+(1, 2))	2	106
(2631, 99, 2055, t1) & (2963, 49, 2055, t2=t1+(0, 1)) -> (2055, 99, 2055, t3=t2+(1, 6))	2	107
(1880, 126, 3904, t1) & (3904, 191, 4967, t2=t1+(0, 4)) -> (3904, 126, 4967, t3=t2+(1, 4))	2	108
(3904, 187, 2449, t1) & (3904, 184, 1472, t2=t1+(0, 4)) -> (1472, 187, 3904, t3=t2+(1, 7))	2	109
(1173, 59, 2108, t1) & (2622, 185, 1173, t2=t1+(0, 5)) -> (1173, 59, 1173, t3=t2+(1, 6))	2	110
(3158, 9, 3936, t1) & (3235, 30, 3936, t2=t1+(0, 3)) -> (3158, 30, 3936, t3=t2+(1, 5))	2	111
(4306, 144, 1693, t1) & (1693, 176, 1805, t2=t1+(0, 9)) -> (4306, 144, 1805, t3=t2+(1, 7))	2	112
(2212, 67, 2277, t1) & (2277, 119, 2421, t2=t1+(0, 2)) -> (2421, 119, 2277, t3=t2+(1, 7))	2	113
(3871, 94, 3601, t1) & (3871, 69, 3871, t2=t1+(0, 7)) -> (3871, 94, 3871, t3=t2+(1, 3))	2	114
(1051, 119, 1669, t1) & (1051, 131, 4657, t2=t1+(0, 4)) -> (1051, 119, 1051, t3=t2+(1, 6))	2	115
(769, 144, 439, t1) & (3664, 2, 439, t2=t1+(0, 6)) -> (439, 144, 3664, t3=t2+(1, 3))	2	116
(4703, 38, 3245, t1) & (3364, 42, 3245, t2=t1+(0, 11)) -> (3245, 38, 3364, t3=t2+(1, 4))	2	117
(3940, 128, 964, t1) & (964, 148, 3940, t2=t1+(0, 8)) -> (964, 128, 964, t3=t2+(1, 3))	2	118
(3816, 145, 1880, t1) & (3816, 109, 964, t2=t1+(0, 10)) -> (1880, 145, 3816, t3=t2+(1, 3))	2	119
(4389, 80, 1173, t1) & (4389, 187, 1173, t2=t1+(0, 7)) -> (1173, 80, 1173, t3=t2+(1, 7))	2	120
(1290, 20, 2421, t1) & (2421, 35, 971, t2=t1+(0, 4)) -> (1290, 35, 971, t3=t2+(1, 5))	2	121
(4319, 84, 964, t1) & (121, 15, 964, t2=t1+(0, 4)) -> (964, 84, 4319, t3=t2+(1, 3))	2	122
(1269, 152, 4225, t1) & (1269, 115, 1269, t2=t1+(0, 4)) -> (1269, 152, 1269, t3=t2+(1, 5))	2	123
(648, 76, 1269, t1) & (1269, 81, 648, t2=t1+(0, 3)) -> (648, 76, 648, t3=t2+(1, 6))	2	124
(4822, 174, 3687, t1) & (2974, 149, 4822, t2=t1+(0, 6)) -> (4822, 174, 4822, t3=t2+(1, 3))	2	125
(2277, 111, 1113, t1) & (2277, 23, 4644, t2=t1+(0, 6)) -> (2277, 111, 1113, t3=t2+(1, 1))	2	126
(2972, 167, 3288, t1) & (3288, 165, 3288, t2=t1+(0, 7)) -> (3288, 165, 3288, t3=t2+(1, 3))	2	127
(551, 6, 479, t1) & (1983, 34, 479, t2=t1+(0, 5)) -> (479, 34, 551, t3=t2+(1, 1))	2	128
(1880, 36, 1269, t1) & (4445, 66, 1269, t2=t1+(0, 2)) -> (1269, 36, 1880, t3=t2+(1, 4))	2	129
(2230, 59, 303, t1) & (303, 50, 1314, t2=t1+(0, 4)) -> (303, 50, 303, t3=t2+(1, 1))	2	130
(3904, 11, 983, t1) & (3904, 185, 983, t2=t1+(0, 6)) -> (3904, 11, 983, t3=t2+(1, 4))	2	131
(3264, 70, 4420, t1) & (4420, 60, 3214, t2=t1+(0, 9)) -> (3264, 70, 3264, t3=t2+(1, 5))	2	132
(4929, 22, 3347, t1) & (4929, 69, 1314, t2=t1+(0, 5)) -> (4929, 22, 1314, t3=t2+(1, 6))	2	133
(883, 167, 4338, t1) & (883, 195, 2839, t2=t1+(0, 11)) -> (4338, 167, 2839, t3=t2+(1, 6))	2	134
(1173, 68, 4989, t1) & (4552, 66, 1173, t2=t1+(0, 2)) -> (1173, 66, 4552, t3=t2+(1, 5))	2	135
(4445, 181, 4108, t1) & (4108, 55, 4445, t2=t1+(0, 6)) -> (4445, 55, 4108, t3=t2+(1, 3))	2	136
(1882, 44, 858, t1) & (1882, 66, 858, t2=t1+(0, 7)) -> (1882, 44, 858, t3=t2+(1, 9))	2	137
(1464, 67, 4519, t1) & (1464, 24, 1464, t2=t1+(0, 3)) -> (4519, 67, 1464, t3=t2+(1, 7))	2	138
(4468, 157, 3264, t1) & (3264, 142, 3242, t2=t1+(0, 10)) -> (3264, 142, 3264, t3=t2+(1, 5))	2	139
(1160, 65, 3545, t1) & (1160, 120, 1160, t2=t1+(0, 2)) -> (1160, 65, 1160, t3=t2+(1, 8))	2	140
(443, 43, 3988, t1) & (443, 55, 443, t2=t1+(0, 6)) -> (443, 43, 3988, t3=t2+(1, 4))	2	141
(1476, 80, 1147, t1) & (1147, 109, 1293, t2=t1+(0, 6)) -> (1147, 109, 1293, t3=t2+(1, 3))	2	142
(648, 28, 4794, t1) & (4794, 163, 648, t2=t1+(0, 4)) -> (4794, 163, 4794, t3=t2+(1, 6))	2	143
(2725, 150, 865, t1) & (3980, 192, 2725, t2=t1+(0, 4)) -> (2725, 150, 865, t3=t2+(1, 6))	2	144
(2631, 139, 2662, t1) & (2179, 148, 2631, t2=t1+(0, 8)) -> (2179, 148, 2179, t3=t2+(1, 7))	2	145
(1290, 144, 258, t1) & (1290, 58, 3980, t2=t1+(0, 7)) -> (1290, 58, 1290, t3=t2+(1, 3))	2	146
(491, 54, 875, t1) & (487, 31, 875, t2=t1+(0, 4)) -> (491, 31, 875, t3=t2+(1, 9))	2	147
(3900, 89, 470, t1) & (470, 110, 2376, t2=t1+(0, 5)) -> (470, 110, 470, t3=t2+(1, 6))	2	148
(1362, 13, 153, t1) & (1362, 3, 153, t2=t1+(0, 4)) -> (153, 3, 1362, t3=t2+(1, 7))	2	149
(4880, 163, 21, t1) & (21, 63, 2917, t2=t1+(0, 6)) -> (21, 163, 21, t3=t2+(1, 3))	2	150
(4717, 154, 1658, t1) & (4717, 114, 2604, t2=t1+(0, 6)) -> (2604, 114, 1658, t3=t2+(1, 7))	2	151
(2844, 120, 2216, t1) & (2216, 73, 733, t2=t1+(0, 10)) -> (2216, 120, 2844, t3=t2+(1, 4))	2	152
(3986, 100, 4822, t1) & (4822, 175, 4822, t2=t1+(0, 2)) -> (4822, 175, 4822, t3=t2+(1, 9))	2	153
(4344, 69, 3086, t1) & (3086, 182, 4344, t2=t1+(0, 11)) -> (3086, 69, 4344, t3=t2+(1, 4))	2	154
(4552, 1, 224, t1) & (224, 164, 3086, t2=t1+(0, 2)) -> (224, 1, 4552, t3=t2+(1, 6))	2	155
(3601, 187, 2124, t1) & (3601, 121, 2124, t2=t1+(0, 3)) -> (2124, 187, 3601, t3=t2+(1, 4))	2	156
(4261, 29, 948, t1) & (4261, 136, 948, t2=t1+(0, 2)) -> (948, 136, 948, t3=t2+(1, 5))	2	157
(3031, 9, 970, t1) & (3031, 52, 970, t2=t1+(0, 5)) -> (3031, 52, 3031, t3=t2+(1, 4))	2	158
(21, 198, 971, t1) & (3791, 94, 971, t2=t1+(0, 5)) -> (3791, 198, 971, t3=t2+(1, 8))	2	159
(1549, 147, 4418, t1) & (4418, 124, 4418, t2=t1+(0, 9)) -> (4418, 147, 4418, t3=t2+(1, 6))	2	160
(1464, 17, 1166, t1) & (875, 126, 1464, t2=t1+(0, 4)) -> (1464, 126, 1464, t3=t2+(1, 5))	2	161
(4965, 186, 4473, t1) & (4473, 162, 3624, t2=t1+(0, 7)) -> (4473, 186, 3624, t3=t2+(1, 5))	2	162
(4455, 57, 3242, t1) & (3242, 66, 2124, t2=t1+(0, 6)) -> (2124, 57, 4455, t3=t2+(1, 6))	2	163
(3418, 70, 2953, t1) & (3418, 95, 809, t2=t1+(0, 6)) -> (3418, 70, 2953, t3=t2+(1, 3))	2	164
(2178, 64, 620, t1) & (2369, 144, 2178, t2=t1+(0, 3)) -> (2178, 144, 620, t3=t2+(1, 5))	2	165
(2491, 111, 207, t1) & (207, 29, 207, t2=t1+(0, 7)) -> (2491, 111, 207, t3=t2+(1, 6))	2	166
(4996, 131, 249, t1) & (249, 25, 4418, t2=t1+(0, 3)) -> (4996, 131, 4996, t3=t2+(1, 6))	2	167
(3172, 76, 2822, t1) & (3172, 31, 2822, t2=t1+(0, 4)) -> (3172, 31, 2822, t3=t2+(1, 5))	2	168
(1592, 135, 2123, t1) & (3172, 150, 2123, t2=t1+(0, 6)) -> (2123, 135, 3172, t3=t2+(1, 5))	2	169
(4891, 58, 1344, t1) & (2123, 14, 4891, t2=t1+(0, 9)) -> (4891, 58, 2123, t3=t2+(1, 3))	2	170
(637, 70, 4492, t1) & (637, 105, 2164, t2=t1+(0, 6)) -> (2164, 105, 4492, t3=t2+(1, 10))	2	171
(4234, 72, 3091, t1) & (4234, 47, 4234, t2=t1+(0, 7)) -> (3091, 47, 4234, t3=t2+(1, 5))	2	172
(4996, 136, 3182, t1) & (1261, 109, 3182, t2=t1+(0, 4)) -> (4996, 136, 3182, t3=t2+(1, 5))	2	173
(224, 161, 1658, t1) & (3940, 174, 1658, t2=t1+(0, 2)) -> (224, 161, 1658, t3=t2+(1, 3))	2	174
(4456, 33, 3606, t1) & (4456, 87, 4456, t2=t1+(0, 8)) -> (4456, 33, 4456, t3=t2+(1, 6))	2	175
(2370, 15, 4965, t1) & (468, 67, 4965, t2=t1+(0, 4)) -> (2370, 15, 4965, t3=t2+(1, 7))	2	176
(284, 30, 458, t1) & (458, 116, 458, t2=t1+(0, 6)) -> (458, 116, 458, t3=t2+(1, 8))	2	177
(957, 109, 3792, t1) & (3792, 181, 2254, t2=t1+(0, 7)) -> (3792, 181, 2254, t3=t2+(1, 6))	2	178
(2195, 109, 4022, t1) & (483, 112, 4022, t2=t1+(0, 7)) -> (483, 112, 4022, t3=t2+(1, 3))	2	179
(1352, 164, 2089, t1) & (2089, 180, 2089, t2=t1+(0, 4)) -> (1352, 180, 1352, t3=t2+(1, 1))	2	180
(3242, 76, 2911, t1) & (2911, 172, 2911, t2=t1+(0, 5)) -> (3242, 172, 2911, t3=t2+(1, 4))	2	181
(537, 89, 1714, t1) & (537, 33, 4552, t2=t1+(0, 8)) -> (537, 33, 4552, t3=t2+(1, 4))	2	182
(4457, 54, 2017, t1) & (2017, 115, 4457, t2=t1+(0, 10)) -> (2017, 115, 2017, t3=t2+(1, 7))	2	183
(4421, 89, 2481, t1) & (2481, 120, 4421, t2=t1+(0, 3)) -> (4421, 120, 2481, t3=t2+(1, 2))	2	184
(2743, 26, 2090, t1) & (2743, 108, 2090, t2=t1+(0, 9)) -> (2090, 26, 2090, t3=t2+(1, 5))	2	185
(2195, 92, 1053, t1) & (1053, 107, 1053, t2=t1+(0, 7)) -> (1053, 107, 1053, t3=t2+(1, 5))	2	186
(1464, 150, 4072, t1) & (3158, 181, 4072, t2=t1+(0, 7)) -> (4072, 150, 4072, t3=t2+(1, 7))	2	187
(4261, 117, 3606, t1) & (752, 54, 3606, t2=t1+(0, 4)) -> (4261, 54, 4261, t3=t2+(1, 4))	2	188
(3940, 91, 2090, t1) & (2090, 159, 4108, t2=t1+(0, 8)) -> (2090, 91, 2090, t3=t2+(1, 5))	2	189
(824, 73, 933, t1) & (2, 143, 933, t2=t1+(0, 4)) -> (2, 73, 2, t3=t2+(1, 1))	2	190
(918, 11, 3611, t1) & (3611, 126, 964, t2=t1+(0, 5)) -> (964, 11, 918, t3=t2+(1, 1))	2	191
(317, 158, 4657, t1) & (317, 19, 4657, t2=t1+(0, 3)) -> (317, 158, 4657, t3=t2+(1, 3))	2	192
(3310, 1, 258, t1) & (3310, 47, 4418, t2=t1+(0, 2)) -> (258, 47, 3310, t3=t2+(1, 4))	2	193
(2370, 77, 2158, t1) & (2811, 67, 2370, t2=t1+(0, 6)) -> (2370, 67, 2370, t3=t2+(1, 7))	2	194
(657, 180, 2183, t1) & (657, 141, 2753, t2=t1+(0, 3)) -> (657, 141, 657, t3=t2+(1, 7))	2	195
(3755, 145, 1824, t1) & (1824, 167, 3755, t2=t1+(0, 3)) -> (1824, 167, 3755, t3=t2+(1, 4))	2	196
(3545, 109, 1854, t1) & (1854, 178, 2219, t2=t1+(0, 11)) -> (1854, 178, 2219, t3=t2+(1, 5))	2	197
(4153, 104, 3314, t1) & (3314, 105, 3314, t2=t1+(0, 7)) -> (3314, 105, 3314, t3=t2+(1, 6))	2	198
(4891, 17, 2933, t1) & (2933, 153, 2933, t2=t1+(0, 8)) -> (2933, 17, 2933, t3=t2+(1, 7))	2	199
(3421, 134, 2307, t1) -> (3421, 134, 2307, t2=t1+(1, 4))	1	200
(3086, 96, 2055, t1) -> (2055, 96, 3086, t2=t1+(1, 6))	1	201
(2468, 155, 4780, t1) -> (2468, 155, 2468, t2=t1+(1, 4))	1	202
(2743, 87, 2418, t1) -> (2743, 87, 2418, t2=t1+(1, 8))	1	203
(3700, 80, 865, t1) -> (3700, 80, 865, t2=t1+(1, 6))	1	204
(1113, 60, 752, t1) -> (1113, 60, 1113, t2=t1+(1, 6))	1	205
(3290, 67, 378, t1) -> (3290, 67, 378, t2=t1+(1, 4))	1	206
(3140, 84, 3248, t1) -> (3248, 84, 3140, t2=t1+(1, 5))	1	207
(1553, 32, 2090, t1) -> (2090, 32, 2090, t2=t1+(1, 3))	1	208
(1658, 182, 4350, t1) -> (4350, 182, 4350, t2=t1+(1, 5))	1	209
(4361, 99, 4657, t1) -> (4657, 99, 4361, t2=t1+(1, 3))	1	210
(875, 53, 3638, t1) -> (3638, 53, 875, t2=t1+(1, 3))	1	211
(2190, 153, 1491, t1) -> (2190, 153, 1491, t2=t1+(1, 9))	1	212
(3634, 86, 762, t1) -> (3634, 86, 3634, t2=t1+(1, 6))	1	213
(3601, 75, 1592, t1) -> (3601, 75, 1592, t2=t1+(1, 4))	1	214
(4766, 183, 684, t1) -> (4766, 183, 4766, t2=t1+(1, 7))	1	215
(3086, 77, 3158, t1) -> (3086, 77, 3158, t2=t1+(1, 12))	1	216
(811, 177, 594, t1) -> (594, 177, 594, t2=t1+(1, 2))	1	217
(4718, 195, 1994, t1) -> (4718, 195, 1994, t2=t1+(1, 6))	1	218
(2254, 16, 289, t1) -> (289, 16, 289, t2=t1+(1, 5))	1	219
(4418, 1, 3158, t1) -> (3158, 1, 4418, t2=t1+(1, 7))	1	220
(284, 172, 1184, t1) -> (284, 172, 1184, t2=t1+(1, 4))	1	221
(933, 96, 4132, t1) -> (4132, 96, 933, t2=t1+(1, 3))	1	222
(2183, 129, 3601, t1) -> (3601, 129, 3601, t2=t1+(1, 2))	1	223
(4495, 109, 3718, t1) -> (4495, 109, 3718, t2=t1+(1, 7))	1	224
(3307, 47, 1355, t1) -> (3307, 47, 3307, t2=t1+(1, 5))	1	225
(1265, 161, 2337, t1) -> (2337, 161, 2337, t2=t1+(1, 5))	1	226
(4897, 115, 1260, t1) -> (1260, 115, 4897, t2=t1+(1, 4))	1	227
(1658, 129, 3890, t1) -> (1658, 129, 3890, t2=t1+(1, 2))	1	228
(2124, 39, 3052, t1) -> (2124, 39, 3052, t2=t1+(1, 9))	1	229
(4306, 177, 4204, t1) -> (4204, 177, 4204, t2=t1+(1, 6))	1	230
(2374, 184, 4734, t1) -> (2374, 184, 2374, t2=t1+(1, 5))	1	231
(2376, 31, 121, t1) -> (2376, 31, 2376, t2=t1+(1, 2))	1	232
(2904, 123, 1751, t1) -> (1751, 123, 1751, t2=t1+(1, 3))	1	233
(3606, 187, 4420, t1) -> (4420, 187, 4420, t2=t1+(1, 4))	1	234
(1039, 176, 3264, t1) -> (1039, 176, 1039, t2=t1+(1, 9))	1	235
(4322, 141, 258, t1) -> (4322, 141, 258, t2=t1+(1, 6))	1	236
(4708, 199, 4316, t1) -> (4708, 199, 4316, t2=t1+(1, 6))	1	237
(2496, 100, 1455, t1) -> (2496, 100, 1455, t2=t1+(1, 10))	1	238
(777, 178, 1476, t1) -> (777, 178, 777, t2=t1+(1, 4))	1	239
(1592, 124, 2280, t1) -> (2280, 124, 2280, t2=t1+(1, 3))	1	240
(2868, 147, 1691, t1) -> (2868, 147, 1691, t2=t1+(1, 12))	1	241
(1160, 27, 3291, t1) -> (1160, 27, 3291, t2=t1+(1, 3))	1	242
(1549, 2, 117, t1) -> (117, 2, 117, t2=t1+(1, 3))	1	243
(3070, 133, 4748, t1) -> (3070, 133, 3070, t2=t1+(1, 2))	1	244
(3629, 115, 3914, t1) -> (3629, 115, 3629, t2=t1+(1, 4))	1	245
(4703, 171, 4602, t1) -> (4703, 171, 4602, t2=t1+(1, 4))	1	246
(1916, 153, 183, t1) -> (183, 153, 183, t2=t1+(1, 3))	1	247
(1692, 175, 2743, t1) -> (2743, 175, 1692, t2=t1+(1, 6))	1	248
(3888, 85, 4413, t1) -> (4413, 85, 3888, t2=t1+(1, 4))	1	249
(1880, 82, 4250, t1) -> (1880, 82, 4250, t2=t1+(1, 6))	1	250
(4181, 158, 1617, t1) -> (4181, 158, 4181, t2=t1+(1, 3))	1	251
(3398, 62, 2254, t1) -> (2254, 62, 3398, t2=t1+(1, 4))	1	252
(4231, 187, 1269, t1) -> (1269, 187, 4231, t2=t1+(1, 8))	1	253
(4718, 24, 875, t1) -> (875, 24, 4718, t2=t1+(1, 4))	1	254
(2285, 102, 2499, t1) -> (2499, 102, 2285, t2=t1+(1, 10))	1	255
(2822, 91, 3418, t1) -> (2822, 91, 3418, t2=t1+(1, 2))	1	256
(3158, 6, 4457, t1) -> (3158, 6, 3158, t2=t1+(1, 2))	1	257
(4916, 42, 3758, t1) -> (3758, 42, 3758, t2=t1+(1, 3))	1	258
(420, 192, 3264, t1) -> (420, 192, 3264, t2=t1+(1, 7))	1	259
(1290, 193, 2743, t1) -> (1290, 193, 2743, t2=t1+(1, 7))	1	260
(1880, 136, 4072, t1) -> (4072, 136, 4072, t2=t1+(1, 10))	1	261
(1549, 6, 468, t1) -> (1549, 6, 468, t2=t1+(1, 7))	1	262
(3695, 114, 4132, t1) -> (3695, 114, 3695, t2=t1+(1, 5))	1	263
(1140, 48, 3535, t1) -> (1140, 48, 1140, t2=t1+(1, 5))	1	264
(3629, 194, 3762, t1) -> (3629, 194, 3629, t2=t1+(1, 1))	1	265
(2678, 55, 1159, t1) -> (2678, 55, 1159, t2=t1+(1, 6))	1	266
(3079, 9, 1612, t1) -> (3079, 9, 1612, t2=t1+(1, 4))	1	267
(837, 34, 4225, t1) -> (837, 34, 4225, t2=t1+(1, 4))	1	268
(1658, 111, 3655, t1) -> (1658, 111, 1658, t2=t1+(1, 6))	1	269
(811, 43, 1624, t1) -> (811, 43, 811, t2=t1+(1, 5))	1	270
(3571, 46, 2933, t1) -> (3571, 46, 3571, t2=t1+(1, 5))	1	271
(468, 0, 2216, t1) -> (468, 0, 2216, t2=t1+(1, 6))	1	272
(3013, 169, 1548, t1) -> (1548, 169, 3013, t2=t1+(1, 7))	1	273
(1719, 125, 1880, t1) -> (1719, 125, 1719, t2=t1+(1, 7))	1	274
(2865, 165, 2753, t1) -> (2753, 165, 2865, t2=t1+(1, 7))	1	275
(1658, 180, 1514, t1) -> (1514, 180, 1514, t2=t1+(1, 6))	1	276
(420, 167, 3398, t1) -> (420, 167, 3398, t2=t1+(1, 3))	1	277
(4422, 12, 2583, t1) -> (2583, 12, 2583, t2=t1+(1, 5))	1	278
(4457, 18, 2606, t1) -> (4457, 18, 4457, t2=t1+(1, 3))	1	279
(1252, 169, 3347, t1) -> (1252, 169, 1252, t2=t1+(1, 10))	1	280
(948, 31, 4693, t1) -> (4693, 31, 4693, t2=t1+(1, 8))	1	281
(3523, 75, 2089, t1) -> (2089, 75, 3523, t2=t1+(1, 6))	1	282
(4818, 167, 1880, t1) -> (1880, 167, 4818, t2=t1+(1, 6))	1	283
(59, 45, 1260, t1) -> (1260, 45, 59, t2=t1+(1, 4))	1	284
(1205, 32, 4571, t1) -> (4571, 32, 1205, t2=t1+(1, 9))	1	285
(3251, 30, 3611, t1) -> (3251, 30, 3611, t2=t1+(1, 4))	1	286
(2879, 138, 4057, t1) -> (2879, 138, 2879, t2=t1+(1, 8))	1	287
(4968, 71, 3242, t1) -> (4968, 71, 4968, t2=t1+(1, 2))	1	288
(2746, 10, 2508, t1) -> (2746, 10, 2508, t2=t1+(1, 1))	1	289
(3226, 60, 3695, t1) -> (3226, 60, 3226, t2=t1+(1, 6))	1	290
(2195, 147, 3601, t1) -> (2195, 147, 3601, t2=t1+(1, 5))	1	291
(3212, 146, 3706, t1) -> (3706, 146, 3706, t2=t1+(1, 3))	1	292
(2508, 137, 1865, t1) -> (2508, 137, 2508, t2=t1+(1, 9))	1	293
(297, 138, 2124, t1) -> (297, 138, 297, t2=t1+(1, 5))	1	294
(1339, 64, 3695, t1) -> (3695, 64, 1339, t2=t1+(1, 10))	1	295
(2920, 114, 4022, t1) -> (4022, 114, 4022, t2=t1+(1, 3))	1	296
(4510, 111, 3322, t1) -> (4510, 111, 3322, t2=t1+(1, 5))	1	297
(258, 128, 3211, t1) -> (3211, 128, 258, t2=t1+(1, 4))	1	298
(1341, 40, 2066, t1) -> (1341, 40, 2066, t2=t1+(1, 6))	1	299
