(1104, 151, 2962, t1) & (4470, 10, 513, t2=t1+(0, 7)) & (4470, 4, 1104, t3=t2+(0, 5)) -> (1104, 10, 4470, t4=t3+(1, 5))	3	0
(3533, 133, 3518, t1) & (2909, 156, 2187, t2=t1+(0, 9)) & (2187, 185, 3518, t3=t2+(0, 5)) -> (3533, 156, 3533, t4=t3+(1, 6))	3	1
(1601, 28, 1931, t1) & (2362, 199, 545, t2=t1+(0, 8)) & (1601, 148, 545, t3=t2+(0, 7)) -> (1601, 148, 2362, t4=t3+(1, 7))	3	2
(939, 67, 1790, t1) & (875, 15, 2804, t2=t1+(0, 5)) & (1790, 107, 875, t3=t2+(0, 5)) -> (1790, 107, 1790, t4=t3+(1, 3))	3	3
(99, 30, 2790, t1) & (717, 110, 3553, t2=t1+(0, 5)) & (99, 175, 717, t3=t2+(0, 5)) -> (99, 30, 99, t4=t3+(1, 7))	3	4
(4964, 123, 2636, t1) & (822, 40, 1969, t2=t1+(0, 7)) & (1969, 46, 4964, t3=t2+(0, 4)) -> (4964, 40, 822, t4=t3+(1, 6))	3	5
(3437, 82, 1720, t1) & (3609, 163, 4309, t2=t1+(0, 9)) & (4309, 38, 3437, t3=t2+(0, 5)) -> (3609, 163, 3609, t4=t3+(1, 3))	3	6
(209, 98, 2762, t1) & (3301, 17, 2459, t2=t1+(0, 3)) & (3301, 169, 2762, t3=t2+(0, 7)) -> (2762, 17, 3301, t4=t3+(1, 5))	3	7
(4859, 83, 1393, t1) & (2381, 25, 2666, t2=t1+(0, 5)) & (1393, 8, 2381, t3=t2+(0, 7)) -> (2381, 25, 2381, t4=t3+(1, 5))	3	8
(3394, 72, 4927, t1) & (3411, 162, 3267, t2=t1+(0, 3)) & (3267, 172, 4927, t3=t2+(0, 3)) -> (4927, 162, 3411, t4=t3+(1, 6))	3	9
(769, 81, 3789, t1) & (3858, 2, 1614, t2=t1+(0, 5)) & (3789, 159, 3858, t3=t2+(0, 1)) -> (1614, 159, 1614, t4=t3+(1, 11))	3	10
(4820, 139, 56, t1) & (1607, 25, 83, t2=t1+(0, 9)) & (83, 20, 56, t3=t2+(0, 6)) -> (56, 139, 1607, t4=t3+(1, 7))	3	11
(2197, 48, 4566, t1) & (2801, 171, 4551, t2=t1+(0, 8)) & (4551, 47, 2197, t3=t2+(0, 4)) -> (4551, 171, 2801, t4=t3+(1, 6))	3	12
(679, 81, 3155, t1) & (2785, 178, 3121, t2=t1+(0, 5)) & (679, 155, 3121, t3=t2+(0, 7)) -> (3121, 178, 2785, t4=t3+(1, 5))	3	13
(307, 168, 4169, t1) & (3259, 122, 306, t2=t1+(0, 5)) & (307, 0, 3259, t3=t2+(0, 4)) -> (306, 0, 307, t4=t3+(1, 2))	3	14
(1607, 75, 3134, t1) & (3635, 77, 3064, t2=t1+(0, 4)) & (1607, 103, 3635, t3=t2+(0, 5)) -> (1607, 75, 1607, t4=t3+(1, 5))	3	15
(73, 43, 3645, t1) & (4380, 135, 4545, t2=t1+(0, 2)) & (3645, 4, 4380, t3=t2+(0, 5)) -> (4380, 43, 3645, t4=t3+(1, 7))	3	16
(3721, 129, 377, t1) & (4470, 142, 2232, t2=t1+(0, 4)) & (2232, 113, 3721, t3=t2+(0, 2)) -> (4470, 113, 377, t4=t3+(1, 7))	3	17
(3111, 24, 3312, t1) & (4421, 49, 1624, t2=t1+(0, 3)) & (1624, 14, 3312, t3=t2+(0, 6)) -> (1624, 24, 1624, t4=t3+(1, 8))	3	18
(1440, 172, 786, t1) & (515, 128, 3355, t2=t1+(0, 8)) & (1440, 147, 3355, t3=t2+(0, 3)) -> (1440, 128, 3355, t4=t3+(1, 4))	3	19
(1155, 165, 3561, t1) & (2949, 3, 3209, t2=t1+(0, 3)) & (3209, 62, 1155, t3=t2+(0, 6)) -> (1155, 62, 1155, t4=t3+(1, 4))	3	20
(1890, 149, 1741, t1) & (4360, 40, 1156, t2=t1+(0, 6)) & (1890, 129, 1156, t3=t2+(0, 4)) -> (4360, 149, 1156, t4=t3+(1, 8))	3	21
(777, 85, 773, t1) & (1014, 135, 2900, t2=t1+(0, 10)) & (773, 110, 2900, t3=t2+(0, 5)) -> (2900, 85, 773, t4=t3+(1, 5))	3	22
(1896, 97, 4511, t1) & (4619, 159, 1402, t2=t1+(0, 6)) & (1402, 174, 4511, t3=t2+(0, 5)) -> (4619, 159, 1402, t4=t3+(1, 6))	3	23
(3635, 7, 971, t1) & (4674, 90, 1174, t2=t1+(0, 5)) & (1174, 51, 971, t3=t2+(0, 9)) -> (3635, 7, 971, t4=t3+(1, 5))	3	24
(4860, 128, 3431, t1) & (3379, 173, 3447, t2=t1+(0, 0)) & (3447, 68, 3431, t3=t2+(0, 5)) -> (3379, 173, 4860, t4=t3+(1, 3))	3	25
(2140, 114, 2517, t1) & (1610, 125, 4365, t2=t1+(0, 3)) & (2517, 43, 4365, t3=t2+(0, 6)) -> (2140, 43, 4365, t4=t3+(1, 6))	3	26
(419, 52, 1703, t1) & (1266, 102, 3689, t2=t1+(0, 6)) & (419, 119, 1266, t3=t2+(0, 2)) -> (1266, 102, 1266, t4=t3+(1, 4))	3	27
(4576, 140, 3754, t1) & (3191, 138, 4579, t2=t1+(0, 2)) & (4576, 98, 4579, t3=t2+(0, 8)) -> (4576, 98, 4579, t4=t3+(1, 5))	3	28
(2759, 89, 1735, t1) & (2485, 132, 3269, t2=t1+(0, 3)) & (3269, 74, 2759, t3=t2+(0, 6)) -> (3269, 74, 2759, t4=t3+(1, 6))	3	29
(4853, 21, 4090, t1) & (3352, 145, 3147, t2=t1+(0, 0)) & (4090, 16, 3352, t3=t2+(0, 6)) -> (4090, 145, 4853, t4=t3+(1, 3))	3	30
(4378, 61, 3448, t1) & (81, 43, 2073, t2=t1+(0, 5)) & (4378, 175, 2073, t3=t2+(0, 4)) -> (2073, 175, 4378, t4=t3+(1, 7))	3	31
(1704, 118, 2358, t1) & (2708, 36, 1560, t2=t1+(0, 8)) & (1560, 66, 1704, t3=t2+(0, 4)) -> (2708, 66, 1560, t4=t3+(1, 8))	3	32
(3728, 98, 2385, t1) & (2682, 73, 2876, t2=t1+(0, 3)) & (3728, 80, 2876, t3=t2+(0, 8)) -> (2682, 98, 2876, t4=t3+(1, 5))	3	33
(1515, 151, 2527, t1) & (4422, 138, 1971, t2=t1+(0, 2)) & (1515, 199, 4422, t3=t2+(0, 9)) -> (1971, 138, 4422, t4=t3+(1, 9))	3	34
(4152, 125, 2329, t1) & (4549, 124, 2985, t2=t1+(0, 3)) & (4549, 20, 2329, t3=t2+(0, 8)) -> (2329, 125, 4549, t4=t3+(1, 7))	3	35
(4645, 6, 661, t1) & (225, 79, 3991, t2=t1+(0, 4)) & (4645, 34, 225, t3=t2+(0, 4)) -> (4645, 79, 3991, t4=t3+(1, 3))	3	36
(3191, 49, 4873, t1) & (1109, 185, 4081, t2=t1+(0, 4)) & (4873, 31, 1109, t3=t2+(0, 4)) -> (4081, 185, 1109, t4=t3+(1, 8))	3	37
(4976, 0, 4544, t1) & (779, 163, 967, t2=t1+(0, 5)) & (779, 44, 4976, t3=t2+(0, 8)) -> (4544, 0, 967, t4=t3+(1, 3))	3	38
(877, 171, 3190, t1) & (3237, 113, 3587, t2=t1+(0, 4)) & (3190, 125, 3587, t3=t2+(0, 10)) -> (3587, 125, 3587, t4=t3+(1, 1))	3	39
(1800, 89, 4005, t1) & (875, 168, 2482, t2=t1+(0, 5)) & (2482, 62, 4005, t3=t2+(0, 5)) -> (4005, 89, 2482, t4=t3+(1, 8))	3	40
(3281, 144, 2933, t1) & (3203, 167, 2633, t2=t1+(0, 5)) & (3203, 96, 2933, t3=t2+(0, 6)) -> (2933, 144, 3281, t4=t3+(1, 5))	3	41
(3342, 109, 89, t1) & (2620, 90, 1858, t2=t1+(0, 11)) & (1858, 112, 3342, t3=t2+(0, 4)) -> (1858, 109, 1858, t4=t3+(1, 5))	3	42
(2021, 67, 2109, t1) & (401, 189, 2197, t2=t1+(0, 6)) & (2109, 164, 2197, t3=t2+(0, 7)) -> (2109, 67, 401, t4=t3+(1, 4))	3	43
(1862, 123, 883, t1) & (3991, 26, 3668, t2=t1+(0, 3)) & (883, 85, 3991, t3=t2+(0, 6)) -> (883, 26, 3991, t4=t3+(1, 6))	3	44
(3208, 77, 1906, t1) & (840, 115, 933, t2=t1+(0, 4)) & (840, 123, 3208, t3=t2+(0, 7)) -> (3208, 123, 3208, t4=t3+(1, 2))	3	45
(2352, 76, 3030, t1) & (2516, 165, 1733, t2=t1+(0, 2)) & (1733, 24, 2352, t3=t2+(0, 9)) -> (1733, 76, 2352, t4=t3+(1, 5))	3	46
(2550, 156, 2499, t1) & (2281, 86, 4781, t2=t1+(0, 10)) & (2499, 107, 2281, t3=t2+(0, 3)) -> (2550, 107, 2281, t4=t3+(1, 6))	3	47
(4635, 147, 2384, t1) & (3490, 149, 4911, t2=t1+(0, 3)) & (4635, 116, 3490, t3=t2+(0, 5)) -> (4635, 147, 3490, t4=t3+(1, 6))	3	48
(1102, 13, 4247, t1) & (4512, 108, 853, t2=t1+(0, 4)) & (1102, 84, 853, t3=t2+(0, 5)) -> (4512, 108, 853, t4=t3+(1, 7))	3	49
(3348, 39, 3040, t1) & (1877, 105, 2178, t2=t1+(0, 3)) & (3348, 198, 2178, t3=t2+(0, 4)) -> (1877, 39, 3348, t4=t3+(1, 7))	3	50
(4181, 82, 3557, t1) & (4873, 133, 3298, t2=t1+(0, 8)) & (3557, 46, 4873, t3=t2+(0, 7)) -> (3557, 82, 3557, t4=t3+(1, 6))	3	51
(663, 98, 4594, t1) & (4815, 4, 3923, t2=t1+(0, 8)) & (4815, 11, 4594, t3=t2+(0, 4)) -> (4594, 11, 4594, t4=t3+(1, 7))	3	52
(3291, 112, 433, t1) & (799, 66, 1868, t2=t1+(0, 5)) & (1868, 115, 433, t3=t2+(0, 3)) -> (433, 66, 433, t4=t3+(1, 8))	3	53
(2238, 51, 2971, t1) & (4014, 148, 3528, t2=t1+(0, 6)) & (4014, 53, 2971, t3=t2+(0, 2)) -> (2971, 148, 2971, t4=t3+(1, 7))	3	54
(57, 146, 713, t1) & (156, 179, 4979, t2=t1+(0, 6)) & (713, 7, 4979, t3=t2+(0, 2)) -> (57, 179, 156, t4=t3+(1, 5))	3	55
(4826, 54, 1439, t1) & (4942, 150, 4560, t2=t1+(0, 6)) & (4826, 186, 4560, t3=t2+(0, 3)) -> (4560, 186, 1439, t4=t3+(1, 3))	3	56
(630, 67, 4082, t1) & (2947, 129, 3335, t2=t1+(0, 4)) & (630, 142, 3335, t3=t2+(0, 2)) -> (630, 129, 630, t4=t3+(1, 4))	3	57
(238, 51, 3596, t1) & (2488, 128, 1810, t2=t1+(0, 7)) & (3596, 153, 2488, t3=t2+(0, 6)) -> (2488, 128, 238, t4=t3+(1, 3))	3	58
(3877, 16, 4013, t1) & (508, 107, 2438, t2=t1+(0, 7)) & (508, 37, 4013, t3=t2+(0, 8)) -> (2438, 16, 508, t4=t3+(1, 3))	3	59
(1512, 68, 3839, t1) & (4870, 4, 2502, t2=t1+(0, 8)) & (3839, 17, 4870, t3=t2+(0, 4)) -> (1512, 68, 1512, t4=t3+(1, 7))	3	60
(4269, 72, 664, t1) & (3508, 195, 519, t2=t1+(0, 4)) & (519, 192, 4269, t3=t2+(0, 6)) -> (519, 192, 519, t4=t3+(1, 5))	3	61
(4224, 183, 3011, t1) & (495, 36, 3575, t2=t1+(0, 3)) & (495, 179, 4224, t3=t2+(0, 3)) -> (4224, 183, 495, t4=t3+(1, 2))	3	62
(1592, 57, 3383, t1) & (375, 167, 1721, t2=t1+(0, 4)) & (1592, 109, 375, t3=t2+(0, 7)) -> (3383, 109, 375, t4=t3+(1, 6))	3	63
(1362, 89, 3880, t1) & (839, 120, 4895, t2=t1+(0, 5)) & (1362, 59, 839, t3=t2+(0, 2)) -> (4895, 59, 839, t4=t3+(1, 7))	3	64
(4723, 103, 741, t1) & (2287, 23, 1427, t2=t1+(0, 8)) & (4723, 98, 1427, t3=t2+(0, 5)) -> (1427, 103, 2287, t4=t3+(1, 3))	3	65
(2384, 26, 3251, t1) & (1905, 71, 2778, t2=t1+(0, 9)) & (1905, 143, 3251, t3=t2+(0, 8)) -> (2778, 26, 1905, t4=t3+(1, 7))	3	66
(1945, 185, 2558, t1) & (594, 177, 4699, t2=t1+(0, 5)) & (4699, 153, 1945, t3=t2+(0, 4)) -> (4699, 177, 1945, t4=t3+(1, 6))	3	67
(2582, 194, 1823, t1) & (3111, 0, 688, t2=t1+(0, 5)) & (3111, 150, 1823, t3=t2+(0, 5)) -> (1823, 150, 2582, t4=t3+(1, 6))	3	68
(1400, 31, 4228, t1) & (2017, 159, 2476, t2=t1+(0, 2)) & (4228, 149, 2476, t3=t2+(0, 5)) -> (2476, 31, 4228, t4=t3+(1, 3))	3	69
(1137, 176, 4349, t1) & (4608, 73, 3608, t2=t1+(0, 4)) & (1137, 34, 4608, t3=t2+(0, 6)) -> (3608, 176, 1137, t4=t3+(1, 8))	3	70
(1112, 180, 160, t1) & (3783, 127, 1154, t2=t1+(0, 8)) & (3783, 24, 160, t3=t2+(0, 8)) -> (160, 127, 160, t4=t3+(1, 4))	3	71
(117, 126, 4120, t1) & (4733, 40, 27, t2=t1+(0, 5)) & (27, 54, 117, t3=t2+(0, 3)) -> (117, 54, 27, t4=t3+(1, 2))	3	72
(110, 199, 3011, t1) & (4556, 58, 2324, t2=t1+(0, 3)) & (3011, 36, 4556, t3=t2+(0, 8)) -> (3011, 58, 110, t4=t3+(1, 5))	3	73
(4590, 70, 195, t1) & (1213, 180, 1232, t2=t1+(0, 7)) & (4590, 132, 1213, t3=t2+(0, 4)) -> (195, 180, 195, t4=t3+(1, 3))	3	74
(4468, 128, 3366, t1) & (2831, 133, 2579, t2=t1+(0, 4)) & (2831, 159, 4468, t3=t2+(0, 4)) -> (2831, 159, 3366, t4=t3+(1, 3))	3	75
(256, 22, 1168, t1) & (2070, 87, 3906, t2=t1+(0, 3)) & (2070, 149, 256, t3=t2+(0, 4)) -> (3906, 87, 256, t4=t3+(1, 5))	3	76
(1133, 179, 1336, t1) & (803, 90, 749, t2=t1+(0, 4)) & (803, 189, 1133, t3=t2+(0, 5)) -> (749, 179, 803, t4=t3+(1, 4))	3	77
(2042, 185, 4347, t1) & (1846, 110, 3343, t2=t1+(0, 4)) & (3343, 31, 4347, t3=t2+(0, 6)) -> (2042, 110, 1846, t4=t3+(1, 10))	3	78
(1049, 87, 4203, t1) & (3260, 118, 685, t2=t1+(0, 5)) & (4203, 112, 685, t3=t2+(0, 7)) -> (685, 87, 685, t4=t3+(1, 1))	3	79
(782, 115, 3891, t1) & (4050, 138, 1718, t2=t1+(0, 6)) & (3891, 171, 4050, t3=t2+(0, 3)) -> (4050, 171, 4050, t4=t3+(1, 3))	3	80
(2175, 137, 4041, t1) & (1569, 1, 842, t2=t1+(0, 4)) & (4041, 73, 1569, t3=t2+(0, 1)) -> (842, 1, 842, t4=t3+(1, 2))	3	81
(3688, 8, 2971, t1) & (2568, 88, 2415, t2=t1+(0, 4)) & (3688, 181, 2568, t3=t2+(0, 4)) -> (2415, 181, 3688, t4=t3+(1, 4))	3	82
(1966, 55, 95, t1) & (4291, 197, 3520, t2=t1+(0, 3)) & (4291, 55, 95, t3=t2+(0, 6)) -> (4291, 55, 95, t4=t3+(1, 4))	3	83
(2416, 105, 3647, t1) & (2827, 57, 842, t2=t1+(0, 5)) & (842, 112, 3647, t3=t2+(0, 8)) -> (2416, 57, 3647, t4=t3+(1, 4))	3	84
(4102, 102, 1752, t1) & (1841, 143, 8, t2=t1+(0, 5)) & (8, 81, 4102, t3=t2+(0, 5)) -> (8, 102, 8, t4=t3+(1, 5))	3	85
(815, 28, 4521, t1) & (87, 89, 4238, t2=t1+(0, 3)) & (4521, 38, 4238, t3=t2+(0, 3)) -> (4238, 28, 4238, t4=t3+(1, 3))	3	86
(1049, 23, 2672, t1) & (1127, 28, 1448, t2=t1+(0, 7)) & (1448, 193, 2672, t3=t2+(0, 7)) -> (1448, 28, 1448, t4=t3+(1, 9))	3	87
(4753, 158, 779, t1) & (1555, 196, 4823, t2=t1+(0, 8)) & (1555, 98, 4753, t3=t2+(0, 6)) -> (1555, 98, 1555, t4=t3+(1, 3))	3	88
(3855, 143, 128, t1) & (4119, 71, 2550, t2=t1+(0, 9)) & (2550, 120, 3855, t3=t2+(0, 7)) -> (2550, 143, 3855, t4=t3+(1, 6))	3	89
(2690, 192, 4639, t1) & (2781, 129, 1108, t2=t1+(0, 7)) & (2690, 130, 2781, t3=t2+(0, 1)) -> (2690, 192, 4639, t4=t3+(1, 8))	3	90
(1747, 171, 4952, t1) & (1442, 76, 1097, t2=t1+(0, 7)) & (1442, 50, 1747, t3=t2+(0, 11)) -> (1442, 50, 1442, t4=t3+(1, 3))	3	91
(432, 98, 785, t1) & (146, 64, 2018, t2=t1+(0, 2)) & (146, 105, 785, t3=t2+(0, 3)) -> (785, 98, 785, t4=t3+(1, 6))	3	92
(417, 101, 344, t1) & (3964, 182, 3254, t2=t1+(0, 9)) & (344, 88, 3254, t3=t2+(0, 7)) -> (417, 101, 3964, t4=t3+(1, 5))	3	93
(2148, 1, 3387, t1) & (2, 107, 3758, t2=t1+(0, 1)) & (3758, 64, 2148, t3=t2+(0, 3)) -> (2, 64, 3758, t4=t3+(1, 4))	3	94
(1124, 123, 4957, t1) & (2610, 32, 4476, t2=t1+(0, 4)) & (4476, 11, 1124, t3=t2+(0, 3)) -> (4957, 123, 4476, t4=t3+(1, 5))	3	95
(2285, 88, 1398, t1) & (712, 120, 3110, t2=t1+(0, 8)) & (712, 128, 1398, t3=t2+(0, 7)) -> (712, 128, 1398, t4=t3+(1, 5))	3	96
(1675, 16, 1422, t1) & (2870, 63, 3186, t2=t1+(0, 5)) & (2870, 166, 1675, t3=t2+(0, 6)) -> (1675, 63, 3186, t4=t3+(1, 5))	3	97
(3250, 33, 2484, t1) & (3550, 40, 1868, t2=t1+(0, 5)) & (1868, 144, 3250, t3=t2+(0, 6)) -> (2484, 33, 2484, t4=t3+(1, 3))	3	98
(1183, 17, 4405, t1) & (4946, 17, 4840, t2=t1+(0, 1)) & (4405, 130, 4840, t3=t2+(0, 4)) -> (4840, 17, 4840, t4=t3+(1, 4))	3	99
(57, 158, 3570, t1) & (3570, 116, 3570, t2=t1+(0, 4)) -> (3570, 116, 3570, t3=t2+(1, 5))	2	100
(1499, 121, 3117, t1) & (3117, 12, 115, t2=t1+(0, 4)) -> (3117, 12, 115, t3=t2+(1, 8))	2	101
(876, 20, 859, t1) & (715, 28, 859, t2=t1+(0, 2)) -> (859, 28, 715, t3=t2+(1, 4))	2	102
(3689, 164, 1834, t1) & (3689, 27, 3689, t2=t1+(0, 5)) -> (3689, 27, 3689, t3=t2+(1, 2))	2	103
(636, 11, 824, t1) & (824, 83, 2690, t2=t1+(0, 3)) -> (2690, 83, 636, t3=t2+(1, 9))	2	104
(3862, 147, 1969, t1) & (3862, 147, 3862, t2=t1+(0, 4)) -> (3862, 147, 3862, t3=t2+(1, 2))	2	105
(2984, 129, 773, t1) & (2984, 151, 336, t2=t1+(0, 6)) -> (336, 129, 336, t3=t2+(1, 5))	2	106
(3956, 194, 3082, t1) & (3082, 150, 3082, t2=t1+(0, 8)) -> (3082, 194, 3956, t3=t2+(1, 12))	2	107
(236, 17, 4908, t1) & (236, 176, 3715, t2=t1+(0, 8)) -> (236, 176, 4908, t3=t2+(1, 2))	2	108
(2574, 139, 2174, t1) & (2813, 145, 2574, t2=t1+(0, 2)) -> (2813, 145, 2574, t3=t2+(1, 3))	2	109
(1878, 2, 3999, t1) & (3999, 51, 1878, t2=t1+(0, 4)) -> (3999, 2, 3999, t3=t2+(1, 1))	2	110
(3195, 154, 3883, t1) & (3883, 148, 728, t2=t1+(0, 7)) -> (728, 154, 3883, t3=t2+(1, 2))	2	111
(1495, 113, 1607, t1) & (1607, 61, 1495, t2=t1+(0, 3)) -> (1495, 61, 1495, t3=t2+(1, 9))	2	112
(4379, 0, 3169, t1) & (4947, 130, 3169, t2=t1+(0, 6)) -> (3169, 130, 3169, t3=t2+(1, 5))	2	113
(3464, 150, 1787, t1) & (3464, 107, 3637, t2=t1+(0, 5)) -> (3464, 107, 3637, t3=t2+(1, 5))	2	114
(2438, 20, 69, t1) & (69, 117, 2438, t2=t1+(0, 9)) -> (2438, 117, 2438, t3=t2+(1, 6))	2	115
(2437, 23, 937, t1) & (2437, 153, 2437, t2=t1+(0, 5)) -> (2437, 23, 2437, t3=t2+(1, 4))	2	116
(1774, 102, 2247, t1) & (1774, 73, 1774, t2=t1+(0, 5)) -> (1774, 102, 2247, t3=t2+(1, 3))	2	117
(4377, 154, 4367, t1) & (4367, 73, 2193, t2=t1+(0, 3)) -> (4367, 73, 2193, t3=t2+(1, 4))	2	118
(2355, 35, 1632, t1) & (1632, 37, 3270, t2=t1+(0, 5)) -> (3270, 37, 2355, t3=t2+(1, 8))	2	119
(1419, 29, 2048, t1) & (1419, 131, 4216, t2=t1+(0, 4)) -> (1419, 131, 2048, t3=t2+(1, 5))	2	120
(2846, 104, 3941, t1) & (3941, 53, 2846, t2=t1+(0, 2)) -> (3941, 104, 2846, t3=t2+(1, 5))	2	121
(1071, 82, 1915, t1) & (1071, 172, 1915, t2=t1+(0, 3)) -> (1071, 82, 1071, t3=t2+(1, 7))	2	122
(3358, 41, 668, t1) & (668, 98, 3358, t2=t1+(0, 6)) -> (3358, 41, 668, t3=t2+(1, 4))	2	123
(3849, 85, 2085, t1) & (3849, 8, 2095, t2=t1+(0, 6)) -> (2085, 8, 2095, t3=t2+(1, 3))	2	124
(2200, 32, 4886, t1) & (2200, 130, 295, t2=t1+(0, 1)) -> (295, 32, 2200, t3=t2+(1, 2))	2	125
(3266, 121, 2414, t1) & (2196, 191, 3266, t2=t1+(0, 5)) -> (3266, 191, 3266, t3=t2+(1, 7))	2	126
(927, 143, 2311, t1) & (2311, 72, 927, t2=t1+(0, 5)) -> (2311, 72, 927, t3=t2+(1, 1))	2	127
(2906, 193, 2315, t1) & (2315, 73, 2906, t2=t1+(0, 6)) -> (2906, 193, 2906, t3=t2+(1, 4))	2	128
(2023, 91, 1689, t1) & (2023, 17, 2659, t2=t1+(0, 4)) -> (1689, 17, 1689, t3=t2+(1, 4))	2	129
(1311, 164, 313, t1) & (3698, 181, 313, t2=t1+(0, 2)) -> (313, 164, 1311, t3=t2+(1, 5))	2	130
(2812, 122, 5, t1) & (5, 188, 2812, t2=t1+(0, 7)) -> (2812, 122, 5, t3=t2+(1, 7))	2	131
(3040, 186, 1178, t1) & (1178, 39, 3040, t2=t1+(0, 2)) -> (3040, 186, 1178, t3=t2+(1, 3))	2	132
(2599, 50, 2378, t1) & (2378, 116, 1603, t2=t1+(0, 2)) -> (2378, 50, 2378, t3=t2+(1, 8))	2	133
(3752, 10, 4379, t1) & (4379, 54, 3239, t2=t1+(0, 6)) -> (4379, 54, 3239, t3=t2+(1, 5))	2	134
(4591, 165, 2364, t1) & (2372, 143, 2364, t2=t1+(0, 5)) -> (4591, 143, 2364, t3=t2+(1, 6))	2	135
(921, 149, 3056, t1) & (1770, 1, 921, t2=t1+(0, 6)) -> (3056, 149, 1770, t3=t2+(1, 6))	2	136
(4886, 136, 3298, t1) & (1636, 15, 4886, t2=t1+(0, 7)) -> (4886, 136, 1636, t3=t2+(1, 5))	2	137
(716, 32, 2709, t1) & (716, 89, 2709, t2=t1+(0, 4)) -> (2709, 32, 2709, t3=t2+(1, 4))	2	138
(4585, 13, 3145, t1) & (681, 97, 3145, t2=t1+(0, 6)) -> (4585, 97, 681, t3=t2+(1, 8))	2	139
(4764, 147, 1729, t1) & (1080, 38, 4764, t2=t1+(0, 3)) -> (1080, 38, 1729, t3=t2+(1, 4))	2	140
(367, 163, 1351, t1) & (367, 36, 367, t2=t1+(0, 7)) -> (1351, 163, 1351, t3=t2+(1, 4))	2	141
(629, 88, 3667, t1) & (937, 114, 3667, t2=t1+(0, 3)) -> (3667, 114, 937, t3=t2+(1, 5))	2	142
(2912, 123, 3131, t1) & (2912, 71, 3131, t2=t1+(0, 4)) -> (2912, 123, 3131, t3=t2+(1, 2))	2	143
(4633, 48, 2147, t1) & (4633, 70, 4633, t2=t1+(0, 10)) -> (4633, 48, 2147, t3=t2+(1, 4))	2	144
(4309, 121, 2123, t1) & (1014, 153, 4309, t2=t1+(0, 4)) -> (1014, 121, 1014, t3=t2+(1, 4))	2	145
(2262, 104, 1900, t1) & (1442, 39, 2262, t2=t1+(0, 9)) -> (2262, 39, 1442, t3=t2+(1, 8))	2	146
(731, 184, 1201, t1) & (783, 84, 731, t2=t1+(0, 5)) -> (1201, 84, 731, t3=t2+(1, 3))	2	147
(4174, 174, 829, t1) & (4741, 124, 4174, t2=t1+(0, 11)) -> (4174, 174, 4174, t3=t2+(1, 7))	2	148
(1615, 187, 2812, t1) & (2812, 143, 693, t2=t1+(0, 1)) -> (2812, 187, 2812, t3=t2+(1, 6))	2	149
(622, 192, 2977, t1) & (2977, 6, 3947, t2=t1+(0, 1)) -> (2977, 6, 2977, t3=t2+(1, 5))	2	150
(2657, 172, 2336, t1) & (3251, 123, 2657, t2=t1+(0, 7)) -> (3251, 172, 2657, t3=t2+(1, 5))	2	151
(3889, 90, 1733, t1) & (3889, 97, 3889, t2=t1+(0, 6)) -> (3889, 97, 1733, t3=t2+(1, 5))	2	152
(4706, 141, 3014, t1) & (4706, 25, 3548, t2=t1+(0, 3)) -> (4706, 141, 3014, t3=t2+(1, 4))	2	153
(3014, 164, 4999, t1) & (4999, 0, 1687, t2=t1+(0, 7)) -> (3014, 164, 1687, t3=t2+(1, 5))	2	154
(3050, 93, 1797, t1) & (1797, 94, 1068, t2=t1+(0, 4)) -> (1797, 94, 1797, t3=t2+(1, 10))	2	155
(479, 60, 2250, t1) & (479, 117, 2250, t2=t1+(0, 10)) -> (479, 60, 2250, t3=t2+(1, 4))	2	156
(4267, 176, 2936, t1) & (2936, 82, 1237, t2=t1+(0, 0)) -> (1237, 176, 2936, t3=t2+(1, 3))	2	157
(1088, 119, 504, t1) & (1088, 12, 504, t2=t1+(0, 6)) -> (1088, 119, 504, t3=t2+(1, 7))	2	158
(3494, 61, 2679, t1) & (3494, 25, 2679, t2=t1+(0, 4)) -> (3494, 25, 2679, t3=t2+(1, 3))	2	159
(2182, 83, 113, t1) & (693, 20, 2182, t2=t1+(0, 12)) -> (2182, 83, 113, t3=t2+(1, 3))	2	160
(2713, 101, 42, t1) & (658, 25, 42, t2=t1+(0, 3)) -> (2713, 25, 42, t3=t2+(1, 7))	2	161
(2326, 199, 2285, t1) & (2285, 182, 2285, t2=t1+(0, 3)) -> (2326, 182, 2326, t3=t2+(1, 5))	2	162
(2021, 35, 2154, t1) & (1430, 92, 2154, t2=t1+(0, 6)) -> (2154, 35, 2021, t3=t2+(1, 7))	2	163
(4720, 147, 3550, t1) & (4720, 2, 3550, t2=t1+(0, 9)) -> (3550, 147, 3550, t3=t2+(1, 5))	2	164
(4865, 72, 4997, t1) & (4997, 46, 3606, t2=t1+(0, 3)) -> (3606, 46, 4997, t3=t2+(1, 4))	2	165
(1319, 41, 1509, t1) & (1509, 7, 542, t2=t1+(0, 8)) -> (1509, 7, 1509, t3=t2+(1, 3))	2	166
(118, 81, 2924, t1) & (3911, 77, 2924, t2=t1+(0, 6)) -> (118, 77, 2924, t3=t2+(1, 4))	2	167
(1139, 174, 4830, t1) & (1157, 5, 1139, t2=t1+(0, 5)) -> (1139, 174, 1157, t3=t2+(1, 7))	2	168
(1339, 88, 851, t1) & (1309, 106, 1339, t2=t1+(0, 2)) -> (851, 106, 1309, t3=t2+(1, 8))	2	169
(4841, 163, 2501, t1) & (2501, 173, 2501, t2=t1+(0, 5)) -> (2501, 163, 4841, t3=t2+(1, 6))	2	170
(2470, 175, 2277, t1) & (2277, 135, 2277, t2=t1+(0, 2)) -> (2277, 135, 2470, t3=t2+(1, 6))	2	171
(2983, 130, 626, t1) & (2333, 146, 2983, t2=t1+(0, 4)) -> (626, 146, 2983, t3=t2+(1, 1))	2	172
(3471, 96, 1762, t1) & (3471, 180, 2157, t2=t1+(0, 3)) -> (3471, 180, 2157, t3=t2+(1, 4))	2	173
(3168, 114, 3171, t1) & (3065, 4, 3171, t2=t1+(0, 5)) -> (3065, 114, 3168, t3=t2+(1, 5))	2	174
(4730, 136, 836, t1) & (836, 117, 4730, t2=t1+(0, 5)) -> (4730, 117, 836, t3=t2+(1, 8))	2	175
(1903, 124, 3713, t1) & (3713, 46, 4843, t2=t1+(0, 7)) -> (3713, 46, 4843, t3=t2+(1, 4))	2	176
(1099, 136, 3034, t1) & (1099, 40, 1099, t2=t1+(0, 7)) -> (3034, 40, 1099, t3=t2+(1, 3))	2	177
(983, 19, 1290, t1) & (1290, 43, 983, t2=t1+(0, 5)) -> (1290, 43, 983, t3=t2+(1, 2))	2	178
(2916, 4, 1032, t1) & (2916, 39, 2916, t2=t1+(0, 5)) -> (2916, 4, 2916, t3=t2+(1, 4))	2	179
(1373, 99, 819, t1) & (311, 198, 1373, t2=t1+(0, 5)) -> (311, 198, 1373, t3=t2+(1, 3))	2	180
(4633, 94, 902, t1) & (4633, 86, 4931, t2=t1+(0, 4)) -> (4633, 86, 4931, t3=t2+(1, 3))	2	181
(2463, 24, 3087, t1) & (3087, 43, 4543, t2=t1+(0, 2)) -> (3087, 43, 3087, t3=t2+(1, 6))	2	182
(1358, 46, 984, t1) & (4247, 136, 1358, t2=t1+(0, 1)) -> (4247, 136, 4247, t3=t2+(1, 4))	2	183
(374, 65, 1028, t1) & (3749, 41, 374, t2=t1+(0, 7)) -> (1028, 65, 3749, t3=t2+(1, 8))	2	184
(4904, 134, 2754, t1) & (2754, 89, 2447, t2=t1+(0, 5)) -> (2754, 89, 2754, t3=t2+(1, 5))	2	185
(1953, 152, 4895, t1) & (1953, 70, 4809, t2=t1+(0, 5)) -> (4895, 70, 1953, t3=t2+(1, 4))	2	186
(1369, 66, 4237, t1) & (4311, 107, 1369, t2=t1+(0, 5)) -> (1369, 66, 1369, t3=t2+(1, 4))	2	187
(1072, 7, 4382, t1) & (1072, 163, 1072, t2=t1+(0, 7)) -> (1072, 7, 1072, t3=t2+(1, 10))	2	188
(3250, 182, 453, t1) & (3250, 77, 3365, t2=t1+(0, 2)) -> (453, 182, 3365, t3=t2+(1, 4))	2	189
(3277, 116, 3461, t1) & (3277, 124, 2595, t2=t1+(0, 5)) -> (3277, 124, 3277, t3=t2+(1, 3))	2	190
(4752, 104, 3549, t1) & (4752, 59, 3549, t2=t1+(0, 4)) -> (4752, 104, 4752, t3=t2+(1, 6))	2	191
(1980, 144, 1958, t1) & (1980, 91, 1958, t2=t1+(0, 4)) -> (1980, 91, 1980, t3=t2+(1, 11))	2	192
(4537, 152, 136, t1) & (136, 158, 1192, t2=t1+(0, 9)) -> (136, 158, 136, t3=t2+(1, 4))	2	193
(3510, 83, 2520, t1) & (3510, 30, 406, t2=t1+(0, 2)) -> (406, 83, 406, t3=t2+(1, 2))	2	194
(1890, 43, 1559, t1) & (1559, 70, 1559, t2=t1+(0, 4)) -> (1559, 70, 1559, t3=t2+(1, 3))	2	195
(52, 103, 2216, t1) & (835, 2, 52, t2=t1+(0, 4)) -> (835, 2, 835, t3=t2+(1, 6))	2	196
(480, 199, 3516, t1) & (480, 53, 480, t2=t1+(0, 5)) -> (480, 199, 480, t3=t2+(1, 2))	2	197
(854, 51, 3188, t1) & (1509, 38, 854, t2=t1+(0, 5)) -> (854, 51, 854, t3=t2+(1, 6))	2	198
(3653, 75, 3076, t1) & (3076, 144, 3076, t2=t1+(0, 1)) -> (3076, 144, 3653, t3=t2+(1, 6))	2	199
(1093, 116, 2309, t1) -> (2309, 116, 2309, t2=t1+(1, 2))	1	200
(1188, 3, 4235, t1) -> (4235, 3, 4235, t2=t1+(1, 8))	1	201
(2616, 69, 1882, t1) -> (1882, 69, 1882, t2=t1+(1, 4))	1	202
(2627, 163, 1089, t1) -> (2627, 163, 1089, t2=t1+(1, 7))	1	203
(529, 1, 472, t1) -> (529, 1, 472, t2=t1+(1, 4))	1	204
(1113, 187, 2888, t1) -> (2888, 187, 2888, t2=t1+(1, 2))	1	205
(4091, 91, 124, t1) -> (124, 91, 4091, t2=t1+(1, 4))	1	206
(3081, 193, 2681, t1) -> (3081, 193, 3081, t2=t1+(1, 3))	1	207
(1175, 22, 1472, t1) -> (1175, 22, 1175, t2=t1+(1, 3))	1	208
(1093, 29, 952, t1) -> (952, 29, 952, t2=t1+(1, 3))	1	209
(3409, 31, 3575, t1) -> (3575, 31, 3409, t2=t1+(1, 4))	1	210
(569, 143, 894, t1) -> (569, 143, 894, t2=t1+(1, 2))	1	211
(4499, 181, 2211, t1) -> (2211, 181, 4499, t2=t1+(1, 8))	1	212
(2209, 72, 4502, t1) -> (2209, 72, 2209, t2=t1+(1, 7))	1	213
(3726, 166, 2751, t1) -> (2751, 166, 3726, t2=t1+(1, 2))	1	214
(483, 68, 3570, t1) -> (483, 68, 483, t2=t1+(1, 7))	1	215
(3161, 12, 3348, t1) -> (3348, 12, 3161, t2=t1+(1, 4))	1	216
(380, 132, 113, t1) -> (113, 132, 113, t2=t1+(1, 9))	1	217
(4350, 81, 630, t1) -> (630, 81, 4350, t2=t1+(1, 9))	1	218
(1935, 70, 1729, t1) -> (1729, 70, 1729, t2=t1+(1, 5))	1	219
(1603, 94, 3297, t1) -> (1603, 94, 1603, t2=t1+(1, 8))	1	220
(3152, 57, 2134, t1) -> (2134, 57, 3152, t2=t1+(1, 6))	1	221
(3887, 21, 4141, t1) -> (3887, 21, 4141, t2=t1+(1, 6))	1	222
(1671, 178, 2813, t1) -> (2813, 178, 2813, t2=t1+(1, 5))	1	223
(1470, 3, 4105, t1) -> (1470, 3, 1470, t2=t1+(1, 8))	1	224
(432, 55, 757, t1) -> (432, 55, 432, t2=t1+(1, 11))	1	225
(2826, 7, 2171, t1) -> (2826, 7, 2171, t2=t1+(1, 8))	1	226
(4584, 131, 1172, t1) -> (1172, 131, 4584, t2=t1+(1, 8))	1	227
(1866, 30, 641, t1) -> (1866, 30, 641, t2=t1+(1, 5))	1	228
(1982, 69, 1321, t1) -> (1982, 69, 1321, t2=t1+(1, 6))	1	229
(1568, 47, 1501, t1) -> (1568, 47, 1568, t2=t1+(1, 5))	1	230
(4267, 137, 69, t1) -> (4267, 137, 4267, t2=t1+(1, 9))	1	231
(201, 12, 3449, t1) -> (201, 12, 201, t2=t1+(1, 6))	1	232
(2734, 149, 3900, t1) -> (3900, 149, 2734, t2=t1+(1, 3))	1	233
(4413, 122, 574, t1) -> (574, 122, 574, t2=t1+(1, 11))	1	234
(4376, 17, 2108, t1) -> (2108, 17, 2108, t2=t1+(1, 7))	1	235
(2140, 109, 159, t1) -> (2140, 109, 2140, t2=t1+(1, 5))	1	236
(2778, 172, 1748, t1) -> (1748, 172, 2778, t2=t1+(1, 2))	1	237
(3823, 2, 4029, t1) -> (4029, 2, 4029, t2=t1+(1, 4))	1	238
(2569, 114, 412, t1) -> (2569, 114, 2569, t2=t1+(1, 3))	1	239
(1836, 49, 2920, t1) -> (1836, 49, 1836, t2=t1+(1, 2))	1	240
(1160, 20, 3550, t1) -> (3550, 20, 3550, t2=t1+(1, 4))	1	241
(1425, 130, 571, t1) -> (1425, 130, 571, t2=t1+(1, 4))	1	242
(3795, 169, 1728, t1) -> (1728, 169, 1728, t2=t1+(1, 4))	1	243
(2840, 109, 2, t1) -> (2, 109, 2840, t2=t1+(1, 6))	1	244
(4788, 118, 2918, t1) -> (4788, 118, 2918, t2=t1+(1, 2))	1	245
(4371, 137, 4459, t1) -> (4371, 137, 4459, t2=t1+(1, 8))	1	246
(2177, 61, 4871, t1) -> (4871, 61, 2177, t2=t1+(1, 4))	1	247
(3415, 15, 4107, t1) -> (4107, 15, 3415, t2=t1+(1, 6))	1	248
(3724, 18, 3250, t1) -> (3724, 18, 3724, t2=t1+(1, 1))	1	249
(4328, 135, 1649, t1) -> (1649, 135, 1649, t2=t1+(1, 2))	1	250
(1520, 19, 3281, t1) -> (1520, 19, 1520, t2=t1+(1, 3))	1	251
(3310, 167, 3237, t1) -> (3310, 167, 3310, t2=t1+(1, 3))	1	252
(2497, 23, 280, t1) -> (280, 23, 280, t2=t1+(1, 4))	1	253
(4257, 135, 160, t1) -> (4257, 135, 160, t2=t1+(1, 5))	1	254
(187, 43, 2218, t1) -> (187, 43, 187, t2=t1+(1, 1))	1	255
(2518, 167, 652, t1) -> (652, 167, 652, t2=t1+(1, 8))	1	256
(1517, 0, 4226, t1) -> (4226, 0, 1517, t2=t1+(1, 4))	1	257
(3210, 57, 901, t1) -> (901, 57, 3210, t2=t1+(1, 4))	1	258
(2180, 151, 138, t1) -> (138, 151, 138, t2=t1+(1, 8))	1	259
(1358, 36, 3236, t1) -> (3236, 36, 1358, t2=t1+(1, 7))	1	260
(3607, 22, 3462, t1) -> (3462, 22, 3462, t2=t1+(1, 10))	1	261
(2327, 38, 3973, t1) -> (2327, 38, 3973, t2=t1+(1, 6))	1	262
(840, 82, 3142, t1) -> (840, 82, 840, t2=t1+(1, 4))	1	263
(3063, 4, 3627, t1) -> (3063, 4, 3627, t2=t1+(1, 3))	1	264
(1976, 199, 1424, t1) -> (1976, 199, 1424, t2=t1+(1, 8))	1	265
(3423, 92, 2776, t1) -> (2776, 92, 3423, t2=t1+(1, 8))	1	266
(3590, 6, 982, t1) -> (3590, 6, 982, t2=t1+(1, 6))	1	267
(3938, 9, 877, t1) -> (3938, 9, 877, t2=t1+(1, 4))	1	268
(4930, 182, 411, t1) -> (411, 182, 4930, t2=t1+(1, 3))	1	269
(3057, 105, 1711, t1) -> (1711, 105, 1711, t2=t1+(1, 4))	1	270
(4476, 195, 2127, t1) -> (2127, 195, 4476, t2=t1+(1, 11))	1	271
(3807, 189, 3626, t1) -> (3807, 189, 3807, t2=t1+(1, 3))	1	272
(2268, 191, 442, t1) -> (2268, 191, 442, t2=t1+(1, 3))	1	273
(3626, 78, 340, t1) -> (3626, 78, 3626, t2=t1+(1, 8))	1	274
(4165, 154, 2727, t1) -> (4165, 154, 4165, t2=t1+(1, 2))	1	275
(804, 128, 68, t1) -> (804, 128, 804, t2=t1+(1, 5))	1	276
(804, 167, 4645, t1) -> (4645, 167, 804, t2=t1+(1, 8))	1	277
(1054, 120, 4668, t1) -> (1054, 120, 1054, t2=t1+(1, 6))	1	278
(3375, 75, 2876, t1) -> (3375, 75, 3375, t2=t1+(1, 7))	1	279
(4686, 128, 3619, t1) -> (4686, 128, 4686, t2=t1+(1, 5))	1	280
(983, 174, 1724, t1) -> (1724, 174, 983, t2=t1+(1, 5))	1	281
(836, 143, 2921, t1) -> (2921, 143, 836, t2=t1+(1, 4))	1	282
(4946, 162, 3583, t1) -> (4946, 162, 4946, t2=t1+(1, 2))	1	283
(1992, 91, 4511, t1) -> (1992, 91, 1992, t2=t1+(1, 4))	1	284
(2587, 141, 3180, t1) -> (3180, 141, 3180, t2=t1+(1, 4))	1	285
(3296, 106, 378, t1) -> (378, 106, 3296, t2=t1+(1, 10))	1	286
(3395, 135, 2062, t1) -> (3395, 135, 3395, t2=t1+(1, 5))	1	287
(1154, 68, 2188, t1) -> (2188, 68, 2188, t2=t1+(1, 4))	1	288
(815, 38, 1313, t1) -> (815, 38, 1313, t2=t1+(1, 6))	1	289
(136, 138, 2157, t1) -> (2157, 138, 136, t2=t1+(1, 4))	1	290
(2614, 82, 429, t1) -> (2614, 82, 429, t2=t1+(1, 5))	1	291
(3186, 16, 2199, t1) -> (2199, 16, 2199, t2=t1+(1, 4))	1	292
(2023, 38, 2419, t1) -> (2419, 38, 2023, t2=t1+(1, 5))	1	293
(4921, 65, 156, t1) -> (4921, 65, 4921, t2=t1+(1, 5))	1	294
(3944, 27, 1682, t1) -> (1682, 27, 1682, t2=t1+(1, 8))	1	295
(2901, 63, 2508, t1) -> (2901, 63, 2508, t2=t1+(1, 9))	1	296
(2078, 12, 642, t1) -> (2078, 12, 642, t2=t1+(1, 8))	1	297
(602, 176, 4907, t1) -> (4907, 176, 4907, t2=t1+(1, 3))	1	298
(1729, 154, 2057, t1) -> (2057, 154, 1729, t2=t1+(1, 4))	1	299
