(1820, 117, 3459, t1) & (1728, 48, 4248, t2=t1+(0, 7)) & (4248, 63, 3459, t3=t2+(0, 7)) -> (4248, 48, 4248, t4=t3+(1, 8))	3	0
(3006, 69, 3904, t1) & (3265, 26, 4150, t2=t1+(0, 3)) & (3006, 176, 3265, t3=t2+(0, 5)) -> (3006, 26, 3265, t4=t3+(1, 3))	3	1
(149, 91, 534, t1) & (3820, 124, 4241, t2=t1+(0, 5)) & (149, 195, 4241, t3=t2+(0, 12)) -> (4241, 195, 4241, t4=t3+(1, 5))	3	2
(2512, 194, 226, t1) & (2068, 34, 1053, t2=t1+(0, 7)) & (226, 116, 1053, t3=t2+(0, 11)) -> (2512, 116, 1053, t4=t3+(1, 3))	3	3
(376, 123, 3265, t1) & (3265, 169, 74, t2=t1+(0, 2)) & (3265, 157, 376, t3=t2+(0, 4)) -> (3265, 123, 376, t4=t3+(1, 7))	3	4
(1393, 91, 4150, t1) & (2, 159, 2256, t2=t1+(0, 8)) & (2, 174, 4150, t3=t2+(0, 5)) -> (4150, 174, 4150, t4=t3+(1, 4))	3	5
(3392, 182, 2744, t1) & (3947, 108, 2293, t2=t1+(0, 8)) & (2293, 47, 3392, t3=t2+(0, 7)) -> (2293, 47, 3947, t4=t3+(1, 6))	3	6
(1720, 113, 3749, t1) & (4150, 41, 2360, t2=t1+(0, 4)) & (3749, 69, 4150, t3=t2+(0, 1)) -> (4150, 69, 4150, t4=t3+(1, 5))	3	7
(901, 181, 2076, t1) & (4567, 30, 4001, t2=t1+(0, 4)) & (2076, 145, 4001, t3=t2+(0, 10)) -> (4567, 30, 4567, t4=t3+(1, 2))	3	8
(485, 19, 485, t1) & (1870, 133, 1334, t2=t1+(0, 5)) & (485, 167, 1334, t3=t2+(0, 4)) -> (1334, 133, 1870, t4=t3+(1, 4))	3	9
(4565, 149, 220, t1) & (2480, 133, 4893, t2=t1+(0, 4)) & (2480, 166, 220, t3=t2+(0, 7)) -> (220, 166, 2480, t4=t3+(1, 8))	3	10
(149, 149, 3530, t1) & (3517, 130, 4224, t2=t1+(0, 4)) & (3517, 8, 3530, t3=t2+(0, 7)) -> (3530, 8, 4224, t4=t3+(1, 2))	3	11
(1127, 142, 708, t1) & (4627, 63, 2335, t2=t1+(0, 13)) & (708, 116, 2335, t3=t2+(0, 3)) -> (708, 116, 2335, t4=t3+(1, 3))	3	12
(2273, 44, 4675, t1) & (4150, 157, 1171, t2=t1+(0, 4)) & (2273, 125, 4150, t3=t2+(0, 4)) -> (4150, 125, 2273, t4=t3+(1, 3))	3	13
(137, 24, 3673, t1) & (396, 92, 2410, t2=t1+(0, 5)) & (396, 7, 3673, t3=t2+(0, 5)) -> (137, 24, 3673, t4=t3+(1, 3))	3	14
(2744, 28, 855, t1) & (3168, 195, 1809, t2=t1+(0, 2)) & (3168, 158, 2744, t3=t2+(0, 4)) -> (1809, 158, 3168, t4=t3+(1, 5))	3	15
(4150, 116, 2280, t1) & (1334, 156, 3592, t2=t1+(0, 6)) & (1334, 19, 2280, t3=t2+(0, 3)) -> (1334, 156, 2280, t4=t3+(1, 6))	3	16
(135, 122, 450, t1) & (4150, 82, 1962, t2=t1+(0, 6)) & (4150, 82, 135, t3=t2+(0, 6)) -> (450, 82, 450, t4=t3+(1, 4))	3	17
(1026, 10, 1100, t1) & (4882, 116, 754, t2=t1+(0, 5)) & (1026, 187, 754, t3=t2+(0, 10)) -> (1026, 116, 754, t4=t3+(1, 4))	3	18
(3719, 104, 414, t1) & (1835, 113, 2545, t2=t1+(0, 7)) & (2545, 176, 414, t3=t2+(0, 3)) -> (414, 113, 414, t4=t3+(1, 4))	3	19
(421, 147, 763, t1) & (41, 119, 4467, t2=t1+(0, 3)) & (763, 141, 4467, t3=t2+(0, 5)) -> (41, 119, 41, t4=t3+(1, 1))	3	20
(1844, 19, 4088, t1) & (1530, 145, 1053, t2=t1+(0, 4)) & (4088, 123, 1053, t3=t2+(0, 4)) -> (1053, 19, 4088, t4=t3+(1, 8))	3	21
(3871, 142, 3523, t1) & (2020, 43, 2601, t2=t1+(0, 3)) & (3523, 130, 2020, t3=t2+(0, 3)) -> (2020, 130, 3871, t4=t3+(1, 9))	3	22
(1867, 64, 3073, t1) & (620, 89, 485, t2=t1+(0, 6)) & (620, 76, 1867, t3=t2+(0, 4)) -> (3073, 89, 485, t4=t3+(1, 2))	3	23
(3158, 146, 4329, t1) & (3234, 43, 2502, t2=t1+(0, 1)) & (3234, 19, 3158, t3=t2+(0, 7)) -> (3234, 43, 3234, t4=t3+(1, 8))	3	24
(4774, 120, 891, t1) & (3221, 130, 11, t2=t1+(0, 6)) & (4774, 96, 3221, t3=t2+(0, 5)) -> (11, 130, 3221, t4=t3+(1, 5))	3	25
(299, 80, 2266, t1) & (2869, 78, 4401, t2=t1+(0, 8)) & (2869, 136, 299, t3=t2+(0, 5)) -> (2869, 136, 299, t4=t3+(1, 5))	3	26
(2167, 177, 2643, t1) & (1890, 157, 2601, t2=t1+(0, 5)) & (2643, 116, 1890, t3=t2+(0, 7)) -> (1890, 157, 2643, t4=t3+(1, 5))	3	27
(1833, 115, 4241, t1) & (2855, 161, 454, t2=t1+(0, 6)) & (454, 195, 1833, t3=t2+(0, 6)) -> (454, 115, 4241, t4=t3+(1, 3))	3	28
(676, 133, 2191, t1) & (3592, 29, 3947, t2=t1+(0, 3)) & (676, 157, 3592, t3=t2+(0, 4)) -> (3592, 157, 3592, t4=t3+(1, 6))	3	29
(865, 180, 3592, t1) & (2795, 191, 3986, t2=t1+(0, 4)) & (2795, 96, 3592, t3=t2+(0, 4)) -> (3592, 180, 3592, t4=t3+(1, 2))	3	30
(231, 172, 2162, t1) & (74, 33, 4240, t2=t1+(0, 2)) & (2162, 72, 4240, t3=t2+(0, 4)) -> (2162, 72, 4240, t4=t3+(1, 1))	3	31
(2486, 92, 1632, t1) & (825, 34, 3973, t2=t1+(0, 6)) & (1632, 82, 825, t3=t2+(0, 5)) -> (825, 34, 1632, t4=t3+(1, 5))	3	32
(4411, 34, 4075, t1) & (1210, 48, 4377, t2=t1+(0, 8)) & (4075, 119, 1210, t3=t2+(0, 3)) -> (4075, 34, 4075, t4=t3+(1, 5))	3	33
(1478, 82, 3995, t1) & (1728, 193, 364, t2=t1+(0, 3)) & (364, 107, 3995, t3=t2+(0, 7)) -> (364, 82, 364, t4=t3+(1, 1))	3	34
(4703, 149, 4621, t1) & (4001, 118, 333, t2=t1+(0, 7)) & (4703, 116, 333, t3=t2+(0, 5)) -> (333, 116, 4703, t4=t3+(1, 4))	3	35
(4000, 80, 4346, t1) & (2501, 70, 1664, t2=t1+(0, 5)) & (4346, 108, 1664, t3=t2+(0, 5)) -> (2501, 108, 1664, t4=t3+(1, 7))	3	36
(3492, 52, 2463, t1) & (3032, 156, 376, t2=t1+(0, 5)) & (3492, 108, 3032, t3=t2+(0, 2)) -> (376, 156, 3492, t4=t3+(1, 2))	3	37
(1257, 61, 2087, t1) & (2960, 8, 1652, t2=t1+(0, 5)) & (1652, 186, 1257, t3=t2+(0, 7)) -> (2087, 61, 1652, t4=t3+(1, 3))	3	38
(3218, 175, 4568, t1) & (4216, 108, 388, t2=t1+(0, 5)) & (4568, 195, 388, t3=t2+(0, 7)) -> (4568, 108, 388, t4=t3+(1, 4))	3	39
(1359, 48, 2982, t1) & (2207, 72, 2572, t2=t1+(0, 9)) & (2207, 125, 1359, t3=t2+(0, 5)) -> (2207, 48, 2207, t4=t3+(1, 4))	3	40
(4241, 156, 2891, t1) & (3126, 8, 4686, t2=t1+(0, 4)) & (4241, 0, 4686, t3=t2+(0, 4)) -> (2891, 0, 4241, t4=t3+(1, 7))	3	41
(330, 157, 3548, t1) & (333, 172, 4952, t2=t1+(0, 6)) & (4952, 96, 3548, t3=t2+(0, 9)) -> (333, 172, 330, t4=t3+(1, 5))	3	42
(2558, 87, 1112, t1) & (570, 82, 2744, t2=t1+(0, 7)) & (2744, 96, 2558, t3=t2+(0, 6)) -> (1112, 82, 2744, t4=t3+(1, 2))	3	43
(1395, 136, 4977, t1) & (2960, 30, 4216, t2=t1+(0, 7)) & (4216, 195, 4977, t3=t2+(0, 3)) -> (4977, 136, 2960, t4=t3+(1, 4))	3	44
(4377, 183, 1026, t1) & (3729, 63, 3153, t2=t1+(0, 5)) & (1026, 121, 3153, t3=t2+(0, 5)) -> (1026, 121, 3153, t4=t3+(1, 2))	3	45
(3265, 190, 3374, t1) & (3289, 172, 3351, t2=t1+(0, 8)) & (3351, 37, 3265, t3=t2+(0, 5)) -> (3351, 190, 3265, t4=t3+(1, 2))	3	46
(3986, 28, 2865, t1) & (1361, 104, 1359, t2=t1+(0, 5)) & (1359, 34, 2865, t3=t2+(0, 10)) -> (2865, 28, 1361, t4=t3+(1, 4))	3	47
(3077, 176, 4774, t1) & (1942, 48, 748, t2=t1+(0, 7)) & (748, 175, 3077, t3=t2+(0, 4)) -> (748, 176, 1942, t4=t3+(1, 9))	3	48
(743, 87, 4150, t1) & (3218, 40, 1148, t2=t1+(0, 3)) & (3218, 183, 4150, t3=t2+(0, 2)) -> (4150, 87, 4150, t4=t3+(1, 6))	3	49
(2266, 25, 1446, t1) & (708, 46, 1690, t2=t1+(0, 3)) & (1690, 156, 2266, t3=t2+(0, 4)) -> (1446, 156, 2266, t4=t3+(1, 4))	3	50
(3126, 132, 4475, t1) & (1306, 195, 1807, t2=t1+(0, 2)) & (1306, 145, 3126, t3=t2+(0, 4)) -> (1306, 132, 3126, t4=t3+(1, 2))	3	51
(1188, 82, 768, t1) & (3899, 145, 3394, t2=t1+(0, 3)) & (3394, 17, 768, t3=t2+(0, 12)) -> (3394, 82, 3899, t4=t3+(1, 7))	3	52
(4043, 141, 4035, t1) & (1637, 82, 3229, t2=t1+(0, 6)) & (4043, 26, 1637, t3=t2+(0, 6)) -> (4035, 26, 4043, t4=t3+(1, 3))	3	53
(2756, 191, 3033, t1) & (388, 157, 4150, t2=t1+(0, 7)) & (3033, 8, 388, t3=t2+(0, 5)) -> (4150, 157, 4150, t4=t3+(1, 6))	3	54
(2410, 113, 3964, t1) & (3964, 128, 2280, t2=t1+(0, 3)) & (3964, 96, 3964, t3=t2+(0, 4)) -> (2280, 128, 2280, t4=t3+(1, 6))	3	55
(600, 71, 708, t1) & (3077, 124, 1307, t2=t1+(0, 5)) & (600, 187, 3077, t3=t2+(0, 8)) -> (1307, 71, 1307, t4=t3+(1, 3))	3	56
(2929, 146, 3844, t1) & (4255, 128, 3709, t2=t1+(0, 2)) & (3709, 123, 2929, t3=t2+(0, 6)) -> (3709, 128, 2929, t4=t3+(1, 1))	3	57
(916, 8, 1458, t1) & (2648, 70, 123, t2=t1+(0, 1)) & (123, 92, 1458, t3=t2+(0, 7)) -> (123, 92, 2648, t4=t3+(1, 4))	3	58
(4046, 128, 4703, t1) & (485, 193, 1127, t2=t1+(0, 3)) & (485, 115, 4046, t3=t2+(0, 3)) -> (485, 193, 4703, t4=t3+(1, 6))	3	59
(49, 100, 3380, t1) & (939, 164, 2545, t2=t1+(0, 1)) & (2545, 192, 49, t3=t2+(0, 4)) -> (939, 192, 49, t4=t3+(1, 7))	3	60
(4150, 17, 3265, t1) & (2158, 157, 2684, t2=t1+(0, 6)) & (4150, 64, 2158, t3=t2+(0, 9)) -> (2158, 64, 2684, t4=t3+(1, 5))	3	61
(2757, 87, 665, t1) & (4613, 90, 2844, t2=t1+(0, 4)) & (665, 169, 2844, t3=t2+(0, 4)) -> (2757, 87, 665, t4=t3+(1, 6))	3	62
(1415, 194, 1307, t1) & (3684, 76, 1053, t2=t1+(0, 4)) & (1415, 194, 3684, t3=t2+(0, 6)) -> (1053, 194, 1415, t4=t3+(1, 10))	3	63
(2272, 146, 3868, t1) & (2463, 75, 3877, t2=t1+(0, 4)) & (3868, 39, 2463, t3=t2+(0, 6)) -> (2463, 146, 2463, t4=t3+(1, 10))	3	64
(4990, 41, 1435, t1) & (664, 162, 1026, t2=t1+(0, 8)) & (1435, 76, 664, t3=t2+(0, 3)) -> (4990, 76, 4990, t4=t3+(1, 3))	3	65
(4241, 48, 1053, t1) & (3229, 171, 1079, t2=t1+(0, 4)) & (3229, 117, 1053, t3=t2+(0, 5)) -> (3229, 171, 3229, t4=t3+(1, 4))	3	66
(1782, 88, 485, t1) & (4150, 136, 4461, t2=t1+(0, 3)) & (4461, 194, 485, t3=t2+(0, 3)) -> (485, 88, 4461, t4=t3+(1, 6))	3	67
(997, 194, 3229, t1) & (4775, 128, 1890, t2=t1+(0, 6)) & (4775, 189, 3229, t3=t2+(0, 8)) -> (4775, 194, 4775, t4=t3+(1, 13))	3	68
(137, 143, 149, t1) & (3518, 70, 2897, t2=t1+(0, 4)) & (2897, 34, 137, t3=t2+(0, 9)) -> (2897, 34, 2897, t4=t3+(1, 5))	3	69
(2791, 88, 4462, t1) & (1019, 81, 137, t2=t1+(0, 8)) & (2791, 34, 1019, t3=t2+(0, 5)) -> (1019, 88, 1019, t4=t3+(1, 11))	3	70
(4272, 63, 3512, t1) & (2207, 154, 2570, t2=t1+(0, 8)) & (2207, 30, 3512, t3=t2+(0, 5)) -> (4272, 30, 2207, t4=t3+(1, 6))	3	71
(1664, 122, 2864, t1) & (2844, 191, 3857, t2=t1+(0, 2)) & (3857, 88, 2864, t3=t2+(0, 8)) -> (2864, 122, 3857, t4=t3+(1, 6))	3	72
(3374, 190, 3451, t1) & (59, 11, 3709, t2=t1+(0, 4)) & (3374, 80, 3709, t3=t2+(0, 5)) -> (3709, 190, 59, t4=t3+(1, 2))	3	73
(4358, 34, 1890, t1) & (4150, 157, 775, t2=t1+(0, 2)) & (4358, 28, 775, t3=t2+(0, 2)) -> (4358, 157, 4358, t4=t3+(1, 7))	3	74
(1666, 38, 1580, t1) & (2597, 156, 1870, t2=t1+(0, 7)) & (1666, 123, 2597, t3=t2+(0, 6)) -> (1580, 38, 2597, t4=t3+(1, 4))	3	75
(1238, 171, 1475, t1) & (650, 52, 1148, t2=t1+(0, 7)) & (1475, 87, 1148, t3=t2+(0, 5)) -> (1148, 171, 1475, t4=t3+(1, 4))	3	76
(3077, 147, 4567, t1) & (3840, 130, 1192, t2=t1+(0, 4)) & (3840, 34, 3077, t3=t2+(0, 5)) -> (3840, 130, 3840, t4=t3+(1, 5))	3	77
(2341, 92, 4964, t1) & (4613, 136, 3646, t2=t1+(0, 7)) & (3646, 191, 2341, t3=t2+(0, 2)) -> (4613, 191, 2341, t4=t3+(1, 4))	3	78
(4979, 116, 485, t1) & (480, 133, 1803, t2=t1+(0, 5)) & (1803, 197, 485, t3=t2+(0, 4)) -> (485, 133, 1803, t4=t3+(1, 4))	3	79
(1307, 34, 3177, t1) & (2293, 53, 1716, t2=t1+(0, 5)) & (1307, 157, 1716, t3=t2+(0, 5)) -> (3177, 53, 1716, t4=t3+(1, 6))	3	80
(4358, 170, 2770, t1) & (3935, 91, 1884, t2=t1+(0, 6)) & (3935, 63, 4358, t3=t2+(0, 7)) -> (3935, 170, 3935, t4=t3+(1, 8))	3	81
(1026, 116, 3512, t1) & (4150, 145, 204, t2=t1+(0, 8)) & (204, 76, 1026, t3=t2+(0, 3)) -> (1026, 76, 204, t4=t3+(1, 7))	3	82
(153, 195, 4297, t1) & (154, 114, 3218, t2=t1+(0, 5)) & (153, 186, 154, t3=t2+(0, 4)) -> (153, 186, 154, t4=t3+(1, 8))	3	83
(4150, 156, 4075, t1) & (4384, 177, 1150, t2=t1+(0, 4)) & (4384, 70, 4150, t3=t2+(0, 2)) -> (4150, 70, 1150, t4=t3+(1, 5))	3	84
(566, 71, 1019, t1) & (3592, 39, 4150, t2=t1+(0, 5)) & (1019, 104, 3592, t3=t2+(0, 3)) -> (3592, 39, 566, t4=t3+(1, 4))	3	85
(334, 72, 3518, t1) & (3130, 119, 4703, t2=t1+(0, 8)) & (334, 167, 3130, t3=t2+(0, 3)) -> (334, 72, 334, t4=t3+(1, 7))	3	86
(1478, 30, 1192, t1) & (1544, 116, 1446, t2=t1+(0, 5)) & (1544, 141, 1192, t3=t2+(0, 6)) -> (1192, 116, 1192, t4=t3+(1, 5))	3	87
(4567, 171, 3522, t1) & (1720, 39, 1667, t2=t1+(0, 6)) & (3522, 96, 1667, t3=t2+(0, 8)) -> (4567, 96, 3522, t4=t3+(1, 4))	3	88
(49, 130, 664, t1) & (2597, 123, 1457, t2=t1+(0, 4)) & (1457, 169, 49, t3=t2+(0, 7)) -> (664, 169, 664, t4=t3+(1, 4))	3	89
(1631, 44, 154, t1) & (3975, 142, 3763, t2=t1+(0, 6)) & (3975, 166, 1631, t3=t2+(0, 6)) -> (154, 44, 1631, t4=t3+(1, 7))	3	90
(1714, 43, 935, t1) & (4377, 145, 1478, t2=t1+(0, 2)) & (935, 130, 1478, t3=t2+(0, 4)) -> (4377, 43, 1478, t4=t3+(1, 4))	3	91
(3119, 96, 4764, t1) & (507, 40, 4119, t2=t1+(0, 4)) & (3119, 177, 507, t3=t2+(0, 4)) -> (4764, 40, 507, t4=t3+(1, 4))	3	92
(3198, 171, 4567, t1) & (2558, 29, 485, t2=t1+(0, 6)) & (485, 104, 4567, t3=t2+(0, 6)) -> (2558, 104, 485, t4=t3+(1, 1))	3	93
(4411, 70, 3265, t1) & (1803, 40, 775, t2=t1+(0, 0)) & (4411, 0, 1803, t3=t2+(0, 7)) -> (4411, 70, 775, t4=t3+(1, 5))	3	94
(1121, 174, 3252, t1) & (751, 54, 3809, t2=t1+(0, 3)) & (751, 56, 1121, t3=t2+(0, 5)) -> (751, 54, 3809, t4=t3+(1, 12))	3	95
(1458, 181, 2706, t1) & (4654, 4, 3869, t2=t1+(0, 9)) & (3869, 156, 1458, t3=t2+(0, 5)) -> (1458, 156, 1458, t4=t3+(1, 5))	3	96
(3792, 100, 2857, t1) & (3451, 172, 2630, t2=t1+(0, 1)) & (2630, 119, 2857, t3=t2+(0, 4)) -> (3451, 172, 3792, t4=t3+(1, 3))	3	97
(2737, 171, 4224, t1) & (3887, 104, 1311, t2=t1+(0, 6)) & (4224, 167, 1311, t3=t2+(0, 4)) -> (3887, 104, 4224, t4=t3+(1, 2))	3	98
(4241, 137, 1478, t1) & (779, 91, 3973, t2=t1+(0, 6)) & (1478, 64, 779, t3=t2+(0, 7)) -> (1478, 64, 779, t4=t3+(1, 3))	3	99
(3112, 34, 2102, t1) & (49, 34, 2102, t2=t1+(0, 6)) -> (2102, 34, 3112, t3=t2+(1, 4))	2	100
(1415, 180, 1765, t1) & (1765, 149, 255, t2=t1+(0, 6)) -> (1415, 180, 1765, t3=t2+(1, 3))	2	101
(3060, 136, 2630, t1) & (2630, 81, 2263, t2=t1+(0, 7)) -> (2630, 136, 2630, t3=t2+(1, 7))	2	102
(3548, 159, 1890, t1) & (4150, 130, 3548, t2=t1+(0, 2)) -> (1890, 130, 4150, t3=t2+(1, 6))	2	103
(1890, 63, 2410, t1) & (3033, 149, 1890, t2=t1+(0, 11)) -> (1890, 63, 1890, t3=t2+(1, 7))	2	104
(4001, 157, 3254, t1) & (4001, 92, 3254, t2=t1+(0, 4)) -> (4001, 92, 3254, t3=t2+(1, 6))	2	105
(4680, 151, 3887, t1) & (4173, 23, 3887, t2=t1+(0, 5)) -> (3887, 23, 4173, t3=t2+(1, 5))	2	106
(3543, 189, 286, t1) & (286, 59, 894, t2=t1+(0, 4)) -> (894, 189, 3543, t3=t2+(1, 4))	2	107
(3077, 142, 1544, t1) & (414, 174, 3077, t2=t1+(0, 3)) -> (3077, 142, 1544, t3=t2+(1, 6))	2	108
(4893, 70, 708, t1) & (4893, 49, 4893, t2=t1+(0, 6)) -> (708, 70, 4893, t3=t2+(1, 4))	2	109
(1485, 25, 3265, t1) & (3265, 80, 1485, t2=t1+(0, 7)) -> (3265, 80, 3265, t3=t2+(1, 4))	2	110
(4883, 40, 1139, t1) & (4883, 59, 2791, t2=t1+(0, 4)) -> (4883, 40, 2791, t3=t2+(1, 7))	2	111
(4232, 0, 2331, t1) & (4232, 166, 4232, t2=t1+(0, 5)) -> (2331, 166, 4232, t3=t2+(1, 1))	2	112
(3374, 22, 3673, t1) & (3374, 166, 1257, t2=t1+(0, 7)) -> (3374, 166, 3374, t3=t2+(1, 5))	2	113
(757, 3, 4905, t1) & (4905, 157, 1393, t2=t1+(0, 6)) -> (1393, 157, 1393, t3=t2+(1, 4))	2	114
(4467, 63, 2466, t1) & (4613, 136, 4467, t2=t1+(0, 9)) -> (2466, 63, 4467, t3=t2+(1, 4))	2	115
(90, 107, 2315, t1) & (2315, 190, 2194, t2=t1+(0, 9)) -> (90, 107, 2194, t3=t2+(1, 5))	2	116
(4492, 19, 3363, t1) & (3857, 141, 4492, t2=t1+(0, 6)) -> (4492, 19, 3857, t3=t2+(1, 4))	2	117
(779, 88, 3851, t1) & (779, 152, 779, t2=t1+(0, 7)) -> (779, 152, 779, t3=t2+(1, 5))	2	118
(4573, 146, 4358, t1) & (4358, 3, 1562, t2=t1+(0, 6)) -> (4358, 3, 4358, t3=t2+(1, 5))	2	119
(56, 4, 4613, t1) & (1765, 183, 56, t2=t1+(0, 3)) -> (56, 183, 56, t3=t2+(1, 3))	2	120
(4803, 149, 3512, t1) & (3512, 195, 4803, t2=t1+(0, 4)) -> (4803, 195, 3512, t3=t2+(1, 3))	2	121
(779, 117, 968, t1) & (968, 116, 3512, t2=t1+(0, 5)) -> (3512, 117, 779, t3=t2+(1, 6))	2	122
(1478, 3, 4225, t1) & (4225, 116, 4225, t2=t1+(0, 2)) -> (1478, 116, 1478, t3=t2+(1, 7))	2	123
(1112, 157, 2206, t1) & (2206, 116, 2206, t2=t1+(0, 6)) -> (1112, 157, 1112, t3=t2+(1, 5))	2	124
(2556, 91, 1664, t1) & (2556, 29, 2556, t2=t1+(0, 5)) -> (2556, 29, 1664, t3=t2+(1, 2))	2	125
(1415, 82, 3277, t1) & (3277, 177, 2960, t2=t1+(0, 2)) -> (1415, 82, 2960, t3=t2+(1, 8))	2	126
(3265, 19, 3229, t1) & (3749, 145, 3265, t2=t1+(0, 5)) -> (3749, 19, 3265, t3=t2+(1, 6))	2	127
(1188, 157, 2480, t1) & (1458, 34, 2480, t2=t1+(0, 5)) -> (2480, 34, 2480, t3=t2+(1, 3))	2	128
(1844, 127, 56, t1) & (56, 28, 1870, t2=t1+(0, 6)) -> (1870, 28, 56, t3=t2+(1, 6))	2	129
(396, 156, 1188, t1) & (663, 28, 396, t2=t1+(0, 7)) -> (396, 28, 1188, t3=t2+(1, 7))	2	130
(3234, 92, 775, t1) & (421, 119, 775, t2=t1+(0, 3)) -> (775, 119, 775, t3=t2+(1, 6))	2	131
(4150, 8, 4986, t1) & (2417, 183, 4150, t2=t1+(0, 4)) -> (4150, 183, 4150, t3=t2+(1, 7))	2	132
(4979, 191, 3197, t1) & (4150, 79, 3197, t2=t1+(0, 5)) -> (4150, 191, 4979, t3=t2+(1, 5))	2	133
(2293, 43, 2076, t1) & (2076, 191, 2076, t2=t1+(0, 7)) -> (2293, 191, 2076, t3=t2+(1, 2))	2	134
(3646, 41, 3512, t1) & (3512, 123, 2434, t2=t1+(0, 3)) -> (3646, 41, 3512, t3=t2+(1, 8))	2	135
(299, 136, 2068, t1) & (2068, 157, 2068, t2=t1+(0, 3)) -> (299, 157, 2068, t3=t2+(1, 3))	2	136
(1638, 89, 3374, t1) & (593, 64, 1638, t2=t1+(0, 6)) -> (593, 89, 3374, t3=t2+(1, 6))	2	137
(360, 48, 4857, t1) & (286, 119, 4857, t2=t1+(0, 3)) -> (286, 119, 4857, t3=t2+(1, 3))	2	138
(1171, 100, 3586, t1) & (4216, 24, 1171, t2=t1+(0, 7)) -> (4216, 100, 4216, t3=t2+(1, 6))	2	139
(922, 56, 4241, t1) & (1523, 29, 4241, t2=t1+(0, 6)) -> (4241, 29, 4241, t3=t2+(1, 3))	2	140
(3871, 186, 865, t1) & (865, 30, 3871, t2=t1+(0, 2)) -> (865, 30, 865, t3=t2+(1, 3))	2	141
(2293, 141, 1478, t1) & (2293, 194, 443, t2=t1+(0, 6)) -> (1478, 141, 443, t3=t2+(1, 3))	2	142
(1478, 157, 3871, t1) & (3871, 113, 3871, t2=t1+(0, 2)) -> (1478, 157, 3871, t3=t2+(1, 5))	2	143
(334, 130, 1790, t1) & (334, 189, 3646, t2=t1+(0, 3)) -> (334, 189, 3646, t3=t2+(1, 9))	2	144
(708, 119, 3294, t1) & (763, 155, 3294, t2=t1+(0, 6)) -> (708, 155, 3294, t3=t2+(1, 8))	2	145
(1664, 181, 3585, t1) & (3709, 112, 1664, t2=t1+(0, 3)) -> (1664, 181, 3585, t3=t2+(1, 5))	2	146
(3673, 175, 1026, t1) & (3673, 157, 1026, t2=t1+(0, 4)) -> (3673, 157, 3673, t3=t2+(1, 8))	2	147
(135, 194, 4329, t1) & (4329, 23, 4329, t2=t1+(0, 5)) -> (135, 194, 4329, t3=t2+(1, 2))	2	148
(3294, 81, 2370, t1) & (2466, 30, 3294, t2=t1+(0, 4)) -> (3294, 81, 2466, t3=t2+(1, 8))	2	149
(3060, 142, 74, t1) & (74, 128, 74, t2=t1+(0, 8)) -> (74, 142, 74, t3=t2+(1, 6))	2	150
(4253, 76, 1212, t1) & (4253, 194, 1844, t2=t1+(0, 4)) -> (4253, 76, 1212, t3=t2+(1, 8))	2	151
(3409, 130, 2352, t1) & (4237, 146, 3409, t2=t1+(0, 3)) -> (4237, 130, 4237, t3=t2+(1, 2))	2	152
(19, 175, 4114, t1) & (19, 76, 19, t2=t1+(0, 4)) -> (19, 76, 19, t3=t2+(1, 7))	2	153
(4260, 176, 3548, t1) & (822, 53, 3548, t2=t1+(0, 3)) -> (3548, 176, 4260, t3=t2+(1, 3))	2	154
(2897, 157, 4934, t1) & (49, 23, 2897, t2=t1+(0, 5)) -> (2897, 23, 4934, t3=t2+(1, 4))	2	155
(3526, 183, 1741, t1) & (3526, 70, 3698, t2=t1+(0, 3)) -> (3526, 70, 3698, t3=t2+(1, 6))	2	156
(4323, 57, 4475, t1) & (1307, 96, 4323, t2=t1+(0, 4)) -> (4475, 57, 4475, t3=t2+(1, 9))	2	157
(3320, 142, 3193, t1) & (1815, 93, 3320, t2=t1+(0, 7)) -> (3193, 93, 3193, t3=t2+(1, 3))	2	158
(1863, 100, 4241, t1) & (2410, 141, 1863, t2=t1+(0, 4)) -> (2410, 141, 1863, t3=t2+(1, 6))	2	159
(2501, 175, 772, t1) & (2501, 128, 2501, t2=t1+(0, 7)) -> (2501, 175, 2501, t3=t2+(1, 4))	2	160
(4178, 45, 984, t1) & (984, 154, 2943, t2=t1+(0, 3)) -> (984, 45, 984, t3=t2+(1, 5))	2	161
(4844, 125, 2013, t1) & (4844, 8, 4844, t2=t1+(0, 6)) -> (2013, 125, 4844, t3=t2+(1, 4))	2	162
(1435, 117, 3240, t1) & (3240, 82, 2238, t2=t1+(0, 6)) -> (3240, 82, 2238, t3=t2+(1, 4))	2	163
(3975, 146, 2536, t1) & (4665, 12, 2536, t2=t1+(0, 2)) -> (4665, 12, 4665, t3=t2+(1, 4))	2	164
(715, 142, 1664, t1) & (1664, 192, 715, t2=t1+(0, 7)) -> (1664, 142, 715, t3=t2+(1, 3))	2	165
(4312, 181, 3011, t1) & (214, 194, 4312, t2=t1+(0, 8)) -> (3011, 181, 4312, t3=t2+(1, 1))	2	166
(595, 119, 823, t1) & (3110, 175, 595, t2=t1+(0, 3)) -> (595, 119, 3110, t3=t2+(1, 7))	2	167
(1281, 128, 3975, t1) & (3975, 88, 3975, t2=t1+(0, 3)) -> (3975, 128, 1281, t3=t2+(1, 12))	2	168
(1890, 54, 1247, t1) & (1890, 19, 1890, t2=t1+(0, 4)) -> (1890, 19, 1890, t3=t2+(1, 4))	2	169
(149, 28, 1765, t1) & (149, 3, 2293, t2=t1+(0, 5)) -> (149, 28, 149, t3=t2+(1, 7))	2	170
(3852, 127, 2897, t1) & (2897, 34, 4358, t2=t1+(0, 6)) -> (3852, 127, 2897, t3=t2+(1, 5))	2	171
(1478, 108, 1867, t1) & (3868, 116, 1867, t2=t1+(0, 7)) -> (1478, 116, 1478, t3=t2+(1, 2))	2	172
(485, 181, 135, t1) & (3523, 128, 485, t2=t1+(0, 5)) -> (485, 128, 485, t3=t2+(1, 5))	2	173
(3308, 146, 4216, t1) & (4216, 122, 1359, t2=t1+(0, 5)) -> (4216, 122, 3308, t3=t2+(1, 5))	2	174
(664, 123, 1003, t1) & (179, 157, 1003, t2=t1+(0, 7)) -> (179, 123, 179, t3=t2+(1, 4))	2	175
(968, 122, 1120, t1) & (1120, 146, 2630, t2=t1+(0, 5)) -> (968, 146, 968, t3=t2+(1, 4))	2	176
(4253, 59, 1019, t1) & (1019, 172, 4815, t2=t1+(0, 5)) -> (1019, 172, 1019, t3=t2+(1, 5))	2	177
(3119, 172, 1132, t1) & (2642, 179, 3119, t2=t1+(0, 12)) -> (3119, 179, 1132, t3=t2+(1, 7))	2	178
(3210, 174, 4977, t1) & (4977, 195, 4977, t2=t1+(0, 5)) -> (4977, 195, 3210, t3=t2+(1, 5))	2	179
(1950, 116, 3146, t1) & (3146, 88, 1666, t2=t1+(0, 5)) -> (1950, 88, 3146, t3=t2+(1, 7))	2	180
(2020, 117, 1192, t1) & (2466, 70, 2020, t2=t1+(0, 3)) -> (2466, 70, 2020, t3=t2+(1, 3))	2	181
(580, 186, 4150, t1) & (4150, 93, 580, t2=t1+(0, 4)) -> (4150, 186, 4150, t3=t2+(1, 4))	2	182
(299, 63, 4703, t1) & (1735, 118, 299, t2=t1+(0, 3)) -> (299, 118, 1735, t3=t2+(1, 5))	2	183
(3421, 100, 4154, t1) & (3053, 30, 4154, t2=t1+(0, 3)) -> (4154, 100, 3421, t3=t2+(1, 6))	2	184
(2482, 89, 145, t1) & (2482, 157, 2482, t2=t1+(0, 7)) -> (2482, 157, 145, t3=t2+(1, 5))	2	185
(3975, 151, 1478, t1) & (1478, 117, 1683, t2=t1+(0, 4)) -> (1478, 151, 3975, t3=t2+(1, 4))	2	186
(1019, 183, 1334, t1) & (1334, 169, 1334, t2=t1+(0, 5)) -> (1334, 169, 1334, t3=t2+(1, 3))	2	187
(4255, 186, 3530, t1) & (4255, 124, 4255, t2=t1+(0, 1)) -> (4255, 124, 4255, t3=t2+(1, 4))	2	188
(385, 4, 3033, t1) & (385, 64, 3033, t2=t1+(0, 7)) -> (385, 4, 385, t3=t2+(1, 13))	2	189
(4290, 81, 2706, t1) & (169, 157, 4290, t2=t1+(0, 2)) -> (4290, 81, 2706, t3=t2+(1, 4))	2	190
(3573, 188, 1562, t1) & (1562, 136, 1152, t2=t1+(0, 4)) -> (1152, 188, 3573, t3=t2+(1, 5))	2	191
(2293, 36, 3192, t1) & (3192, 197, 1879, t2=t1+(0, 6)) -> (3192, 36, 2293, t3=t2+(1, 4))	2	192
(4882, 191, 1139, t1) & (664, 56, 4882, t2=t1+(0, 4)) -> (4882, 56, 1139, t3=t2+(1, 5))	2	193
(15, 169, 3451, t1) & (15, 66, 1824, t2=t1+(0, 5)) -> (1824, 66, 15, t3=t2+(1, 4))	2	194
(875, 140, 1667, t1) & (1667, 154, 1473, t2=t1+(0, 2)) -> (1667, 140, 1667, t3=t2+(1, 5))	2	195
(2273, 116, 1148, t1) & (1148, 87, 3844, t2=t1+(0, 1)) -> (3844, 116, 1148, t3=t2+(1, 5))	2	196
(376, 161, 2864, t1) & (376, 166, 4131, t2=t1+(0, 5)) -> (4131, 161, 376, t3=t2+(1, 5))	2	197
(640, 157, 1666, t1) & (2545, 158, 640, t2=t1+(0, 3)) -> (1666, 158, 640, t3=t2+(1, 6))	2	198
(2513, 59, 3325, t1) & (3325, 80, 3325, t2=t1+(0, 3)) -> (2513, 80, 3325, t3=t2+(1, 8))	2	199
(204, 122, 2486, t1) -> (2486, 122, 204, t2=t1+(1, 5))	1	200
(4438, 183, 4119, t1) -> (4438, 183, 4438, t2=t1+(1, 9))	1	201
(4656, 12, 2536, t1) -> (4656, 12, 2536, t2=t1+(1, 5))	1	202
(3153, 147, 881, t1) -> (881, 147, 881, t2=t1+(1, 4))	1	203
(635, 74, 1991, t1) -> (1991, 74, 1991, t2=t1+(1, 6))	1	204
(1890, 20, 4844, t1) -> (4844, 20, 4844, t2=t1+(1, 1))	1	205
(259, 145, 548, t1) -> (548, 145, 548, t2=t1+(1, 3))	1	206
(566, 113, 4373, t1) -> (566, 113, 4373, t2=t1+(1, 4))	1	207
(2206, 40, 4150, t1) -> (4150, 40, 4150, t2=t1+(1, 3))	1	208
(3119, 100, 4183, t1) -> (4183, 100, 3119, t2=t1+(1, 5))	1	209
(1835, 192, 204, t1) -> (204, 192, 1835, t2=t1+(1, 7))	1	210
(1026, 8, 509, t1) -> (509, 8, 509, t2=t1+(1, 4))	1	211
(1152, 190, 4305, t1) -> (4305, 190, 1152, t2=t1+(1, 2))	1	212
(2601, 75, 4384, t1) -> (4384, 75, 4384, t2=t1+(1, 2))	1	213
(4114, 142, 4605, t1) -> (4114, 142, 4114, t2=t1+(1, 5))	1	214
(1950, 166, 3995, t1) -> (1950, 166, 1950, t2=t1+(1, 4))	1	215
(4666, 169, 145, t1) -> (145, 169, 145, t2=t1+(1, 5))	1	216
(3877, 195, 1544, t1) -> (1544, 195, 1544, t2=t1+(1, 4))	1	217
(3448, 190, 3964, t1) -> (3448, 190, 3448, t2=t1+(1, 6))	1	218
(4990, 167, 4224, t1) -> (4990, 167, 4224, t2=t1+(1, 2))	1	219
(1989, 28, 4158, t1) -> (4158, 28, 4158, t2=t1+(1, 2))	1	220
(3843, 89, 4131, t1) -> (4131, 89, 3843, t2=t1+(1, 4))	1	221
(4075, 48, 2273, t1) -> (2273, 48, 4075, t2=t1+(1, 5))	1	222
(2325, 124, 1478, t1) -> (2325, 124, 2325, t2=t1+(1, 4))	1	223
(2929, 47, 2010, t1) -> (2929, 47, 2010, t2=t1+(1, 5))	1	224
(1019, 183, 1415, t1) -> (1415, 183, 1019, t2=t1+(1, 2))	1	225
(2931, 175, 3229, t1) -> (2931, 175, 3229, t2=t1+(1, 6))	1	226
(1666, 116, 3714, t1) -> (1666, 116, 3714, t2=t1+(1, 9))	1	227
(1150, 44, 3548, t1) -> (1150, 44, 3548, t2=t1+(1, 2))	1	228
(1728, 63, 678, t1) -> (1728, 63, 678, t2=t1+(1, 8))	1	229
(2865, 80, 2480, t1) -> (2480, 80, 2865, t2=t1+(1, 1))	1	230
(620, 181, 4981, t1) -> (4981, 181, 4981, t2=t1+(1, 6))	1	231
(3857, 121, 1190, t1) -> (1190, 121, 3857, t2=t1+(1, 6))	1	232
(4358, 157, 90, t1) -> (4358, 157, 90, t2=t1+(1, 2))	1	233
(1478, 194, 3293, t1) -> (1478, 194, 1478, t2=t1+(1, 5))	1	234
(367, 141, 4457, t1) -> (4457, 141, 367, t2=t1+(1, 2))	1	235
(981, 8, 4197, t1) -> (981, 8, 981, t2=t1+(1, 7))	1	236
(1473, 39, 3730, t1) -> (1473, 39, 1473, t2=t1+(1, 4))	1	237
(3363, 186, 1593, t1) -> (1593, 186, 3363, t2=t1+(1, 4))	1	238
(1779, 87, 1544, t1) -> (1779, 87, 1544, t2=t1+(1, 8))	1	239
(3492, 143, 388, t1) -> (3492, 143, 388, t2=t1+(1, 5))	1	240
(1485, 105, 2744, t1) -> (2744, 105, 1485, t2=t1+(1, 6))	1	241
(3197, 43, 2838, t1) -> (2838, 43, 3197, t2=t1+(1, 7))	1	242
(2886, 3, 1393, t1) -> (2886, 3, 2886, t2=t1+(1, 1))	1	243
(1283, 191, 1026, t1) -> (1026, 191, 1026, t2=t1+(1, 6))	1	244
(4626, 86, 149, t1) -> (149, 86, 4626, t2=t1+(1, 4))	1	245
(1026, 19, 1728, t1) -> (1728, 19, 1728, t2=t1+(1, 7))	1	246
(2659, 30, 4150, t1) -> (2659, 30, 2659, t2=t1+(1, 7))	1	247
(1072, 46, 41, t1) -> (1072, 46, 41, t2=t1+(1, 4))	1	248
(763, 34, 4150, t1) -> (763, 34, 4150, t2=t1+(1, 8))	1	249
(2162, 195, 4150, t1) -> (2162, 195, 2162, t2=t1+(1, 9))	1	250
(3857, 156, 1667, t1) -> (3857, 156, 3857, t2=t1+(1, 5))	1	251
(1666, 82, 2790, t1) -> (1666, 82, 2790, t2=t1+(1, 8))	1	252
(4299, 3, 1772, t1) -> (1772, 3, 4299, t2=t1+(1, 7))	1	253
(4075, 114, 4001, t1) -> (4001, 114, 4075, t2=t1+(1, 5))	1	254
(3483, 122, 4216, t1) -> (4216, 122, 3483, t2=t1+(1, 12))	1	255
(4678, 63, 1890, t1) -> (1890, 63, 1890, t2=t1+(1, 3))	1	256
(1683, 127, 149, t1) -> (1683, 127, 149, t2=t1+(1, 11))	1	257
(1638, 197, 1835, t1) -> (1835, 197, 1835, t2=t1+(1, 7))	1	258
(2293, 128, 2791, t1) -> (2791, 128, 2293, t2=t1+(1, 5))	1	259
(775, 145, 3445, t1) -> (775, 145, 3445, t2=t1+(1, 7))	1	260
(1478, 157, 2674, t1) -> (2674, 157, 2674, t2=t1+(1, 8))	1	261
(1811, 146, 678, t1) -> (678, 146, 678, t2=t1+(1, 6))	1	262
(3155, 173, 90, t1) -> (90, 173, 3155, t2=t1+(1, 6))	1	263
(4568, 172, 901, t1) -> (901, 172, 4568, t2=t1+(1, 4))	1	264
(214, 169, 441, t1) -> (441, 169, 441, t2=t1+(1, 6))	1	265
(4253, 64, 1632, t1) -> (4253, 64, 4253, t2=t1+(1, 5))	1	266
(4272, 116, 2706, t1) -> (2706, 116, 2706, t2=t1+(1, 8))	1	267
(2256, 83, 4241, t1) -> (4241, 83, 2256, t2=t1+(1, 9))	1	268
(4083, 91, 1458, t1) -> (1458, 91, 4083, t2=t1+(1, 3))	1	269
(1026, 118, 4241, t1) -> (1026, 118, 4241, t2=t1+(1, 8))	1	270
(2293, 12, 1435, t1) -> (1435, 12, 1435, t2=t1+(1, 1))	1	271
(2588, 59, 1473, t1) -> (1473, 59, 1473, t2=t1+(1, 3))	1	272
(225, 146, 1666, t1) -> (225, 146, 225, t2=t1+(1, 11))	1	273
(775, 130, 4567, t1) -> (775, 130, 4567, t2=t1+(1, 7))	1	274
(1664, 175, 2891, t1) -> (2891, 175, 1664, t2=t1+(1, 7))	1	275
(49, 113, 3146, t1) -> (3146, 113, 3146, t2=t1+(1, 5))	1	276
(1824, 161, 981, t1) -> (1824, 161, 1824, t2=t1+(1, 3))	1	277
(2415, 64, 823, t1) -> (2415, 64, 2415, t2=t1+(1, 1))	1	278
(572, 195, 3033, t1) -> (3033, 195, 572, t2=t1+(1, 3))	1	279
(4850, 141, 4240, t1) -> (4850, 141, 4240, t2=t1+(1, 6))	1	280
(3585, 80, 3877, t1) -> (3877, 80, 3585, t2=t1+(1, 3))	1	281
(4216, 172, 2865, t1) -> (4216, 172, 4216, t2=t1+(1, 7))	1	282
(635, 59, 941, t1) -> (941, 59, 941, t2=t1+(1, 3))	1	283
(4538, 142, 388, t1) -> (388, 142, 388, t2=t1+(1, 3))	1	284
(4613, 105, 4150, t1) -> (4150, 105, 4150, t2=t1+(1, 2))	1	285
(3389, 28, 485, t1) -> (3389, 28, 3389, t2=t1+(1, 5))	1	286
(2020, 190, 3119, t1) -> (3119, 190, 2020, t2=t1+(1, 2))	1	287
(4905, 81, 4642, t1) -> (4642, 81, 4642, t2=t1+(1, 4))	1	288
(4150, 4, 4212, t1) -> (4212, 4, 4212, t2=t1+(1, 7))	1	289
(3852, 54, 2102, t1) -> (3852, 54, 2102, t2=t1+(1, 2))	1	290
(3749, 156, 3126, t1) -> (3749, 156, 3126, t2=t1+(1, 2))	1	291
(3871, 116, 286, t1) -> (286, 116, 286, t2=t1+(1, 4))	1	292
(1094, 149, 441, t1) -> (441, 149, 441, t2=t1+(1, 11))	1	293
(3193, 113, 18, t1) -> (18, 113, 18, t2=t1+(1, 3))	1	294
(1807, 64, 964, t1) -> (964, 64, 1807, t2=t1+(1, 9))	1	295
(1741, 113, 1415, t1) -> (1415, 113, 1741, t2=t1+(1, 3))	1	296
(4461, 157, 1835, t1) -> (4461, 157, 1835, t2=t1+(1, 7))	1	297
(4461, 143, 297, t1) -> (297, 143, 297, t2=t1+(1, 8))	1	298
(1473, 106, 4172, t1) -> (1473, 106, 4172, t2=t1+(1, 6))	1	299
