(576, 114, 2052, t1) & (4655, 123, 4081, t2=t1+(0, 9)) & (4081, 94, 576, t3=t2+(0, 4)) -> (576, 114, 4655, t4=t3+(1, 2))	3	0
(3507, 139, 289, t1) & (2861, 156, 4247, t2=t1+(0, 3)) & (289, 62, 2861, t3=t2+(0, 4)) -> (2861, 139, 2861, t4=t3+(1, 5))	3	1
(2731, 123, 2161, t1) & (187, 112, 2477, t2=t1+(0, 4)) & (2731, 153, 2477, t3=t2+(0, 4)) -> (2477, 123, 2477, t4=t3+(1, 6))	3	2
(4597, 103, 4650, t1) & (4736, 27, 4827, t2=t1+(0, 3)) & (4650, 64, 4827, t3=t2+(0, 4)) -> (4827, 64, 4650, t4=t3+(1, 6))	3	3
(4673, 87, 2961, t1) & (3562, 44, 1294, t2=t1+(0, 12)) & (4673, 130, 1294, t3=t2+(0, 8)) -> (2961, 130, 1294, t4=t3+(1, 4))	3	4
(2794, 10, 1035, t1) & (2871, 105, 2657, t2=t1+(0, 12)) & (2794, 181, 2657, t3=t2+(0, 4)) -> (2794, 181, 1035, t4=t3+(1, 2))	3	5
(2435, 166, 4897, t1) & (480, 52, 427, t2=t1+(0, 6)) & (4897, 169, 480, t3=t2+(0, 5)) -> (480, 166, 427, t4=t3+(1, 4))	3	6
(3634, 23, 4300, t1) & (178, 67, 145, t2=t1+(0, 7)) & (4300, 29, 178, t3=t2+(0, 4)) -> (178, 29, 178, t4=t3+(1, 7))	3	7
(836, 46, 3053, t1) & (316, 69, 493, t2=t1+(0, 8)) & (493, 99, 3053, t3=t2+(0, 5)) -> (493, 69, 836, t4=t3+(1, 5))	3	8
(958, 144, 4079, t1) & (730, 2, 3774, t2=t1+(0, 7)) & (3774, 37, 958, t3=t2+(0, 4)) -> (3774, 144, 958, t4=t3+(1, 5))	3	9
(3969, 149, 952, t1) & (4584, 131, 2593, t2=t1+(0, 8)) & (4584, 128, 952, t3=t2+(0, 1)) -> (4584, 131, 952, t4=t3+(1, 8))	3	10
(4639, 165, 3060, t1) & (4246, 197, 3094, t2=t1+(0, 5)) & (3094, 160, 3060, t3=t2+(0, 3)) -> (4639, 160, 4639, t4=t3+(1, 8))	3	11
(737, 58, 2443, t1) & (87, 48, 3025, t2=t1+(0, 5)) & (3025, 134, 737, t3=t2+(0, 7)) -> (87, 58, 3025, t4=t3+(1, 2))	3	12
(1613, 69, 1125, t1) & (3766, 40, 2032, t2=t1+(0, 4)) & (2032, 29, 1613, t3=t2+(0, 4)) -> (2032, 69, 2032, t4=t3+(1, 4))	3	13
(318, 37, 4636, t1) & (1430, 198, 808, t2=t1+(0, 2)) & (318, 150, 1430, t3=t2+(0, 7)) -> (1430, 37, 1430, t4=t3+(1, 3))	3	14
(4630, 144, 3853, t1) & (2085, 196, 2929, t2=t1+(0, 5)) & (2085, 150, 3853, t3=t2+(0, 2)) -> (2085, 150, 2085, t4=t3+(1, 6))	3	15
(119, 85, 1654, t1) & (2577, 116, 994, t2=t1+(0, 6)) & (2577, 145, 1654, t3=t2+(0, 6)) -> (119, 145, 119, t4=t3+(1, 2))	3	16
(2256, 89, 2706, t1) & (4581, 6, 2609, t2=t1+(0, 7)) & (2609, 40, 2706, t3=t2+(0, 4)) -> (2609, 6, 2256, t4=t3+(1, 7))	3	17
(2242, 152, 1985, t1) & (52, 190, 823, t2=t1+(0, 5)) & (2242, 66, 823, t3=t2+(0, 5)) -> (823, 190, 823, t4=t3+(1, 5))	3	18
(3962, 35, 3308, t1) & (3219, 135, 2499, t2=t1+(0, 4)) & (3962, 58, 3219, t3=t2+(0, 6)) -> (3308, 58, 3308, t4=t3+(1, 6))	3	19
(2401, 199, 508, t1) & (818, 166, 4939, t2=t1+(0, 2)) & (508, 171, 4939, t3=t2+(0, 6)) -> (2401, 199, 2401, t4=t3+(1, 5))	3	20
(1762, 21, 666, t1) & (4169, 129, 1270, t2=t1+(0, 7)) & (4169, 69, 666, t3=t2+(0, 5)) -> (1270, 21, 666, t4=t3+(1, 4))	3	21
(948, 40, 2824, t1) & (3359, 57, 4350, t2=t1+(0, 3)) & (2824, 76, 3359, t3=t2+(0, 5)) -> (3359, 57, 2824, t4=t3+(1, 5))	3	22
(2439, 138, 3073, t1) & (4070, 93, 694, t2=t1+(0, 1)) & (3073, 23, 4070, t3=t2+(0, 7)) -> (3073, 23, 694, t4=t3+(1, 5))	3	23
(4010, 159, 823, t1) & (3839, 79, 1838, t2=t1+(0, 4)) & (3839, 96, 4010, t3=t2+(0, 8)) -> (1838, 96, 3839, t4=t3+(1, 2))	3	24
(4215, 116, 2216, t1) & (371, 151, 797, t2=t1+(0, 6)) & (797, 138, 2216, t3=t2+(0, 4)) -> (797, 116, 797, t4=t3+(1, 6))	3	25
(4723, 173, 275, t1) & (2599, 28, 2193, t2=t1+(0, 8)) & (2193, 30, 4723, t3=t2+(0, 6)) -> (2599, 173, 4723, t4=t3+(1, 5))	3	26
(1390, 54, 1305, t1) & (2954, 108, 3339, t2=t1+(0, 8)) & (1390, 177, 3339, t3=t2+(0, 4)) -> (3339, 108, 1390, t4=t3+(1, 2))	3	27
(3969, 49, 2505, t1) & (4101, 88, 2950, t2=t1+(0, 9)) & (3969, 77, 2950, t3=t2+(0, 2)) -> (4101, 88, 3969, t4=t3+(1, 6))	3	28
(125, 28, 27, t1) & (1111, 195, 1790, t2=t1+(0, 4)) & (27, 65, 1790, t3=t2+(0, 8)) -> (27, 195, 1790, t4=t3+(1, 2))	3	29
(1658, 124, 2638, t1) & (2905, 50, 1096, t2=t1+(0, 2)) & (1658, 49, 2905, t3=t2+(0, 4)) -> (1658, 49, 2638, t4=t3+(1, 6))	3	30
(4137, 187, 842, t1) & (4015, 87, 3810, t2=t1+(0, 2)) & (3810, 137, 842, t3=t2+(0, 6)) -> (842, 137, 3810, t4=t3+(1, 2))	3	31
(4236, 12, 4485, t1) & (1789, 84, 4656, t2=t1+(0, 6)) & (1789, 63, 4485, t3=t2+(0, 3)) -> (1789, 84, 1789, t4=t3+(1, 7))	3	32
(3372, 31, 2380, t1) & (1203, 12, 2657, t2=t1+(0, 3)) & (1203, 5, 3372, t3=t2+(0, 4)) -> (3372, 31, 3372, t4=t3+(1, 2))	3	33
(226, 139, 2756, t1) & (1552, 20, 1682, t2=t1+(0, 5)) & (1552, 117, 2756, t3=t2+(0, 3)) -> (2756, 139, 2756, t4=t3+(1, 5))	3	34
(3740, 133, 707, t1) & (1100, 182, 723, t2=t1+(0, 3)) & (1100, 101, 3740, t3=t2+(0, 3)) -> (3740, 101, 3740, t4=t3+(1, 3))	3	35
(423, 145, 4183, t1) & (4734, 52, 376, t2=t1+(0, 4)) & (376, 72, 4183, t3=t2+(0, 5)) -> (423, 145, 376, t4=t3+(1, 5))	3	36
(1276, 48, 1094, t1) & (2074, 100, 2016, t2=t1+(0, 5)) & (2016, 95, 1094, t3=t2+(0, 4)) -> (1094, 95, 2016, t4=t3+(1, 6))	3	37
(3418, 160, 766, t1) & (1342, 146, 3275, t2=t1+(0, 6)) & (766, 38, 3275, t3=t2+(0, 7)) -> (3275, 38, 766, t4=t3+(1, 6))	3	38
(753, 116, 3701, t1) & (286, 45, 1276, t2=t1+(0, 3)) & (753, 16, 1276, t3=t2+(0, 4)) -> (1276, 116, 1276, t4=t3+(1, 6))	3	39
(2900, 190, 3656, t1) & (3928, 188, 1375, t2=t1+(0, 9)) & (3656, 61, 1375, t3=t2+(0, 6)) -> (3656, 188, 1375, t4=t3+(1, 8))	3	40
(4945, 14, 935, t1) & (2075, 68, 33, t2=t1+(0, 1)) & (33, 140, 4945, t3=t2+(0, 4)) -> (4945, 68, 33, t4=t3+(1, 2))	3	41
(2438, 40, 3283, t1) & (3870, 123, 2137, t2=t1+(0, 6)) & (3870, 131, 3283, t3=t2+(0, 12)) -> (3870, 131, 3870, t4=t3+(1, 6))	3	42
(1351, 5, 982, t1) & (2991, 29, 3986, t2=t1+(0, 9)) & (3986, 189, 982, t3=t2+(0, 9)) -> (1351, 29, 1351, t4=t3+(1, 9))	3	43
(2736, 101, 3345, t1) & (1652, 103, 4339, t2=t1+(0, 3)) & (4339, 96, 3345, t3=t2+(0, 2)) -> (3345, 101, 3345, t4=t3+(1, 3))	3	44
(4714, 117, 789, t1) & (1583, 170, 749, t2=t1+(0, 3)) & (4714, 2, 1583, t3=t2+(0, 6)) -> (789, 170, 4714, t4=t3+(1, 5))	3	45
(3018, 81, 2666, t1) & (938, 44, 129, t2=t1+(0, 5)) & (3018, 83, 938, t3=t2+(0, 6)) -> (938, 83, 2666, t4=t3+(1, 1))	3	46
(4678, 186, 4955, t1) & (4140, 99, 2300, t2=t1+(0, 3)) & (4140, 174, 4955, t3=t2+(0, 2)) -> (4678, 186, 2300, t4=t3+(1, 4))	3	47
(3616, 27, 3388, t1) & (4060, 80, 4249, t2=t1+(0, 6)) & (3388, 0, 4249, t3=t2+(0, 5)) -> (3388, 27, 4249, t4=t3+(1, 8))	3	48
(2369, 16, 1539, t1) & (236, 111, 4875, t2=t1+(0, 7)) & (4875, 155, 1539, t3=t2+(0, 4)) -> (2369, 16, 1539, t4=t3+(1, 10))	3	49
(1699, 27, 3931, t1) & (409, 10, 1242, t2=t1+(0, 7)) & (1699, 98, 1242, t3=t2+(0, 5)) -> (409, 10, 1242, t4=t3+(1, 8))	3	50
(1232, 32, 2142, t1) & (3891, 78, 500, t2=t1+(0, 7)) & (1232, 144, 500, t3=t2+(0, 5)) -> (2142, 32, 2142, t4=t3+(1, 2))	3	51
(4739, 87, 4737, t1) & (2764, 47, 1044, t2=t1+(0, 6)) & (1044, 2, 4739, t3=t2+(0, 6)) -> (1044, 87, 4737, t4=t3+(1, 7))	3	52
(2166, 57, 4004, t1) & (34, 72, 4435, t2=t1+(0, 8)) & (4435, 190, 2166, t3=t2+(0, 2)) -> (34, 190, 34, t4=t3+(1, 4))	3	53
(3462, 170, 257, t1) & (4078, 148, 1685, t2=t1+(0, 5)) & (3462, 117, 1685, t3=t2+(0, 4)) -> (3462, 148, 3462, t4=t3+(1, 6))	3	54
(422, 34, 96, t1) & (2659, 39, 4429, t2=t1+(0, 3)) & (96, 103, 4429, t3=t2+(0, 4)) -> (4429, 103, 4429, t4=t3+(1, 7))	3	55
(930, 179, 2905, t1) & (3332, 89, 1439, t2=t1+(0, 6)) & (1439, 120, 2905, t3=t2+(0, 5)) -> (2905, 120, 1439, t4=t3+(1, 6))	3	56
(4902, 50, 4146, t1) & (2467, 19, 189, t2=t1+(0, 3)) & (189, 140, 4146, t3=t2+(0, 3)) -> (189, 50, 4146, t4=t3+(1, 2))	3	57
(2326, 24, 3509, t1) & (672, 198, 4375, t2=t1+(0, 1)) & (2326, 113, 4375, t3=t2+(0, 5)) -> (2326, 113, 3509, t4=t3+(1, 7))	3	58
(1501, 166, 2481, t1) & (283, 179, 128, t2=t1+(0, 8)) & (283, 198, 2481, t3=t2+(0, 5)) -> (2481, 198, 283, t4=t3+(1, 4))	3	59
(3469, 98, 187, t1) & (2206, 52, 263, t2=t1+(0, 5)) & (263, 128, 187, t3=t2+(0, 2)) -> (263, 98, 263, t4=t3+(1, 4))	3	60
(4357, 149, 3070, t1) & (1909, 93, 384, t2=t1+(0, 7)) & (1909, 77, 3070, t3=t2+(0, 6)) -> (3070, 149, 3070, t4=t3+(1, 9))	3	61
(2910, 108, 3120, t1) & (2430, 15, 4432, t2=t1+(0, 2)) & (4432, 135, 2910, t3=t2+(0, 5)) -> (2910, 108, 2910, t4=t3+(1, 7))	3	62
(4011, 108, 239, t1) & (4850, 26, 3089, t2=t1+(0, 5)) & (4011, 149, 3089, t3=t2+(0, 8)) -> (4011, 26, 3089, t4=t3+(1, 1))	3	63
(3707, 111, 3965, t1) & (503, 62, 2312, t2=t1+(0, 6)) & (503, 87, 3707, t3=t2+(0, 2)) -> (3707, 111, 2312, t4=t3+(1, 4))	3	64
(1065, 189, 3412, t1) & (1555, 16, 1480, t2=t1+(0, 8)) & (1480, 133, 1065, t3=t2+(0, 4)) -> (3412, 16, 1555, t4=t3+(1, 9))	3	65
(1182, 42, 2784, t1) & (3104, 25, 2420, t2=t1+(0, 4)) & (2784, 63, 3104, t3=t2+(0, 7)) -> (3104, 42, 2784, t4=t3+(1, 3))	3	66
(2438, 120, 2151, t1) & (4276, 20, 203, t2=t1+(0, 8)) & (2438, 119, 4276, t3=t2+(0, 5)) -> (2438, 119, 2438, t4=t3+(1, 3))	3	67
(2837, 96, 4159, t1) & (2628, 22, 2821, t2=t1+(0, 10)) & (2628, 61, 2837, t3=t2+(0, 3)) -> (2837, 61, 2628, t4=t3+(1, 4))	3	68
(1787, 87, 3290, t1) & (1375, 117, 3541, t2=t1+(0, 8)) & (1375, 133, 3290, t3=t2+(0, 6)) -> (3290, 133, 3290, t4=t3+(1, 3))	3	69
(4707, 137, 792, t1) & (1855, 104, 1350, t2=t1+(0, 2)) & (1855, 52, 4707, t3=t2+(0, 6)) -> (1855, 137, 1855, t4=t3+(1, 1))	3	70
(969, 115, 4926, t1) & (3772, 1, 297, t2=t1+(0, 3)) & (4926, 88, 297, t3=t2+(0, 5)) -> (969, 1, 4926, t4=t3+(1, 6))	3	71
(4295, 122, 950, t1) & (1025, 152, 1435, t2=t1+(0, 4)) & (1435, 168, 950, t3=t2+(0, 7)) -> (950, 152, 950, t4=t3+(1, 6))	3	72
(3460, 69, 4753, t1) & (2179, 156, 2048, t2=t1+(0, 12)) & (2179, 130, 4753, t3=t2+(0, 10)) -> (2048, 156, 2179, t4=t3+(1, 9))	3	73
(1994, 144, 408, t1) & (4131, 193, 4163, t2=t1+(0, 5)) & (4131, 8, 408, t3=t2+(0, 3)) -> (4163, 8, 408, t4=t3+(1, 2))	3	74
(2621, 86, 1680, t1) & (1229, 139, 3383, t2=t1+(0, 6)) & (2621, 15, 1229, t3=t2+(0, 3)) -> (3383, 86, 2621, t4=t3+(1, 6))	3	75
(4517, 67, 1965, t1) & (2223, 183, 2480, t2=t1+(0, 5)) & (2223, 159, 1965, t3=t2+(0, 6)) -> (4517, 183, 1965, t4=t3+(1, 1))	3	76
(919, 192, 4071, t1) & (324, 161, 2932, t2=t1+(0, 3)) & (2932, 27, 919, t3=t2+(0, 9)) -> (2932, 161, 2932, t4=t3+(1, 4))	3	77
(2876, 108, 2508, t1) & (2106, 199, 3442, t2=t1+(0, 2)) & (2106, 26, 2508, t3=t2+(0, 3)) -> (2508, 199, 3442, t4=t3+(1, 8))	3	78
(3965, 156, 2444, t1) & (1831, 137, 3520, t2=t1+(0, 5)) & (3965, 156, 1831, t3=t2+(0, 4)) -> (3520, 156, 1831, t4=t3+(1, 6))	3	79
(521, 72, 131, t1) & (3716, 81, 2445, t2=t1+(0, 6)) & (3716, 180, 131, t3=t2+(0, 3)) -> (131, 180, 2445, t4=t3+(1, 4))	3	80
(2777, 24, 1053, t1) & (1345, 88, 3153, t2=t1+(0, 4)) & (3153, 197, 2777, t3=t2+(0, 6)) -> (1053, 88, 3153, t4=t3+(1, 9))	3	81
(329, 151, 826, t1) & (2403, 59, 984, t2=t1+(0, 5)) & (826, 64, 2403, t3=t2+(0, 4)) -> (2403, 59, 329, t4=t3+(1, 5))	3	82
(19, 139, 387, t1) & (3410, 123, 4719, t2=t1+(0, 4)) & (387, 15, 3410, t3=t2+(0, 3)) -> (387, 123, 387, t4=t3+(1, 7))	3	83
(3076, 145, 3642, t1) & (2337, 119, 414, t2=t1+(0, 6)) & (2337, 56, 3076, t3=t2+(0, 4)) -> (414, 119, 3642, t4=t3+(1, 6))	3	84
(2871, 85, 3489, t1) & (3798, 156, 455, t2=t1+(0, 4)) & (3489, 82, 455, t3=t2+(0, 3)) -> (2871, 156, 3489, t4=t3+(1, 6))	3	85
(1448, 71, 161, t1) & (2024, 48, 3793, t2=t1+(0, 5)) & (1448, 190, 2024, t3=t2+(0, 6)) -> (161, 48, 161, t4=t3+(1, 3))	3	86
(2140, 104, 2720, t1) & (4422, 197, 813, t2=t1+(0, 5)) & (813, 124, 2720, t3=t2+(0, 3)) -> (2720, 197, 2140, t4=t3+(1, 5))	3	87
(4252, 118, 1700, t1) & (4208, 129, 3977, t2=t1+(0, 3)) & (4208, 191, 4252, t3=t2+(0, 8)) -> (4252, 129, 4208, t4=t3+(1, 2))	3	88
(4215, 74, 2921, t1) & (710, 68, 516, t2=t1+(0, 8)) & (710, 142, 4215, t3=t2+(0, 9)) -> (710, 68, 2921, t4=t3+(1, 2))	3	89
(1870, 48, 3871, t1) & (1798, 0, 3077, t2=t1+(0, 5)) & (1870, 125, 1798, t3=t2+(0, 7)) -> (1798, 48, 3871, t4=t3+(1, 8))	3	90
(3241, 170, 3350, t1) & (3258, 127, 177, t2=t1+(0, 3)) & (177, 154, 3241, t3=t2+(0, 4)) -> (3258, 127, 3241, t4=t3+(1, 4))	3	91
(2301, 132, 3284, t1) & (2696, 156, 3731, t2=t1+(0, 3)) & (2301, 94, 2696, t3=t2+(0, 11)) -> (3284, 94, 2301, t4=t3+(1, 1))	3	92
(2436, 159, 4282, t1) & (2450, 111, 252, t2=t1+(0, 4)) & (2436, 30, 252, t3=t2+(0, 3)) -> (252, 159, 252, t4=t3+(1, 6))	3	93
(2353, 113, 1083, t1) & (2452, 109, 4351, t2=t1+(0, 4)) & (2452, 146, 2353, t3=t2+(0, 6)) -> (1083, 109, 1083, t4=t3+(1, 4))	3	94
(4256, 32, 3956, t1) & (2212, 191, 2634, t2=t1+(0, 7)) & (3956, 49, 2212, t3=t2+(0, 4)) -> (2212, 191, 3956, t4=t3+(1, 2))	3	95
(2495, 183, 2550, t1) & (61, 162, 3362, t2=t1+(0, 5)) & (2495, 47, 61, t3=t2+(0, 6)) -> (2495, 183, 3362, t4=t3+(1, 9))	3	96
(3894, 25, 1850, t1) & (3637, 125, 1473, t2=t1+(0, 4)) & (3637, 10, 1850, t3=t2+(0, 4)) -> (3894, 10, 3637, t4=t3+(1, 7))	3	97
(3793, 129, 2888, t1) & (1971, 154, 4560, t2=t1+(0, 5)) & (3793, 148, 1971, t3=t2+(0, 6)) -> (1971, 148, 4560, t4=t3+(1, 4))	3	98
(4004, 183, 1338, t1) & (877, 113, 3691, t2=t1+(0, 4)) & (3691, 56, 4004, t3=t2+(0, 5)) -> (1338, 113, 3691, t4=t3+(1, 9))	3	99
(444, 145, 1909, t1) & (444, 165, 1517, t2=t1+(0, 4)) -> (1517, 145, 444, t3=t2+(1, 4))	2	100
(3281, 91, 4493, t1) & (1486, 50, 4493, t2=t1+(0, 4)) -> (1486, 91, 4493, t3=t2+(1, 7))	2	101
(3023, 51, 3516, t1) & (3516, 187, 3023, t2=t1+(0, 3)) -> (3516, 187, 3023, t3=t2+(1, 5))	2	102
(4440, 120, 2283, t1) & (2283, 103, 4440, t2=t1+(0, 5)) -> (4440, 120, 2283, t3=t2+(1, 3))	2	103
(3701, 43, 2692, t1) & (2692, 54, 1323, t2=t1+(0, 6)) -> (3701, 43, 2692, t3=t2+(1, 9))	2	104
(4680, 47, 334, t1) & (4680, 15, 4680, t2=t1+(0, 4)) -> (4680, 47, 4680, t3=t2+(1, 5))	2	105
(4838, 139, 3270, t1) & (4838, 107, 3270, t2=t1+(0, 5)) -> (3270, 107, 4838, t3=t2+(1, 5))	2	106
(1925, 183, 1607, t1) & (176, 51, 1607, t2=t1+(0, 2)) -> (176, 183, 1607, t3=t2+(1, 4))	2	107
(3153, 196, 1428, t1) & (3153, 178, 1428, t2=t1+(0, 8)) -> (3153, 196, 3153, t3=t2+(1, 5))	2	108
(4114, 33, 9, t1) & (693, 72, 4114, t2=t1+(0, 9)) -> (9, 72, 693, t3=t2+(1, 4))	2	109
(4997, 118, 126, t1) & (493, 111, 126, t2=t1+(0, 3)) -> (126, 118, 4997, t3=t2+(1, 7))	2	110
(638, 16, 2154, t1) & (4297, 149, 2154, t2=t1+(0, 6)) -> (2154, 16, 2154, t3=t2+(1, 4))	2	111
(3303, 22, 4348, t1) & (4348, 176, 1222, t2=t1+(0, 3)) -> (3303, 22, 4348, t3=t2+(1, 3))	2	112
(1596, 178, 2677, t1) & (1596, 146, 2677, t2=t1+(0, 2)) -> (1596, 146, 1596, t3=t2+(1, 3))	2	113
(1356, 102, 3277, t1) & (4032, 186, 3277, t2=t1+(0, 3)) -> (1356, 102, 3277, t3=t2+(1, 6))	2	114
(4609, 88, 1965, t1) & (626, 190, 4609, t2=t1+(0, 1)) -> (1965, 190, 626, t3=t2+(1, 8))	2	115
(328, 196, 3785, t1) & (328, 88, 3785, t2=t1+(0, 3)) -> (328, 196, 328, t3=t2+(1, 4))	2	116
(4276, 51, 2283, t1) & (2192, 98, 4276, t2=t1+(0, 6)) -> (4276, 51, 4276, t3=t2+(1, 5))	2	117
(4861, 116, 1280, t1) & (1280, 162, 1787, t2=t1+(0, 5)) -> (4861, 116, 1787, t3=t2+(1, 7))	2	118
(2368, 115, 1960, t1) & (3238, 51, 2368, t2=t1+(0, 6)) -> (3238, 51, 3238, t3=t2+(1, 7))	2	119
(1548, 103, 1225, t1) & (1721, 172, 1548, t2=t1+(0, 8)) -> (1225, 103, 1225, t3=t2+(1, 2))	2	120
(4668, 195, 102, t1) & (4668, 69, 305, t2=t1+(0, 10)) -> (4668, 195, 102, t3=t2+(1, 10))	2	121
(850, 163, 407, t1) & (2488, 154, 407, t2=t1+(0, 3)) -> (407, 163, 407, t3=t2+(1, 9))	2	122
(489, 181, 2450, t1) & (1766, 92, 489, t2=t1+(0, 6)) -> (489, 181, 489, t3=t2+(1, 5))	2	123
(1161, 147, 427, t1) & (427, 71, 3507, t2=t1+(0, 7)) -> (3507, 147, 427, t3=t2+(1, 2))	2	124
(442, 111, 4240, t1) & (381, 195, 4240, t2=t1+(0, 8)) -> (4240, 111, 442, t3=t2+(1, 10))	2	125
(2328, 113, 4243, t1) & (3535, 153, 2328, t2=t1+(0, 7)) -> (2328, 153, 2328, t3=t2+(1, 3))	2	126
(4794, 178, 3268, t1) & (3268, 100, 1840, t2=t1+(0, 4)) -> (3268, 178, 3268, t3=t2+(1, 4))	2	127
(4465, 150, 3577, t1) & (519, 187, 4465, t2=t1+(0, 4)) -> (4465, 187, 3577, t3=t2+(1, 9))	2	128
(1905, 105, 3007, t1) & (192, 159, 1905, t2=t1+(0, 3)) -> (192, 159, 3007, t3=t2+(1, 3))	2	129
(4356, 152, 2393, t1) & (2393, 66, 4755, t2=t1+(0, 3)) -> (2393, 152, 4755, t3=t2+(1, 4))	2	130
(2719, 59, 3210, t1) & (3210, 30, 2719, t2=t1+(0, 10)) -> (2719, 30, 2719, t3=t2+(1, 4))	2	131
(1994, 18, 3272, t1) & (1994, 99, 3272, t2=t1+(0, 6)) -> (3272, 99, 3272, t3=t2+(1, 6))	2	132
(703, 22, 1497, t1) & (703, 122, 703, t2=t1+(0, 8)) -> (1497, 122, 703, t3=t2+(1, 2))	2	133
(4033, 76, 997, t1) & (4033, 48, 4033, t2=t1+(0, 4)) -> (997, 48, 4033, t3=t2+(1, 3))	2	134
(2467, 24, 2265, t1) & (2265, 86, 716, t2=t1+(0, 3)) -> (2265, 24, 2467, t3=t2+(1, 9))	2	135
(4682, 136, 1836, t1) & (1836, 104, 4417, t2=t1+(0, 5)) -> (4417, 104, 1836, t3=t2+(1, 3))	2	136
(146, 169, 1548, t1) & (2477, 29, 1548, t2=t1+(0, 4)) -> (2477, 169, 1548, t3=t2+(1, 3))	2	137
(4235, 23, 3671, t1) & (4024, 74, 3671, t2=t1+(0, 2)) -> (3671, 74, 3671, t3=t2+(1, 4))	2	138
(3233, 67, 4660, t1) & (3233, 164, 1063, t2=t1+(0, 7)) -> (4660, 164, 3233, t3=t2+(1, 10))	2	139
(418, 88, 1996, t1) & (4534, 107, 1996, t2=t1+(0, 6)) -> (4534, 107, 1996, t3=t2+(1, 2))	2	140
(1536, 144, 1882, t1) & (1882, 73, 1536, t2=t1+(0, 7)) -> (1536, 144, 1882, t3=t2+(1, 7))	2	141
(589, 21, 159, t1) & (589, 98, 1352, t2=t1+(0, 6)) -> (159, 21, 1352, t3=t2+(1, 5))	2	142
(2170, 138, 3317, t1) & (3881, 104, 2170, t2=t1+(0, 9)) -> (2170, 138, 2170, t3=t2+(1, 3))	2	143
(129, 141, 1576, t1) & (129, 134, 1576, t2=t1+(0, 5)) -> (1576, 134, 1576, t3=t2+(1, 4))	2	144
(652, 144, 2758, t1) & (2758, 86, 4796, t2=t1+(0, 9)) -> (652, 144, 2758, t3=t2+(1, 5))	2	145
(2099, 37, 2737, t1) & (2737, 65, 2099, t2=t1+(0, 7)) -> (2099, 65, 2099, t3=t2+(1, 8))	2	146
(3523, 129, 3855, t1) & (3523, 52, 3523, t2=t1+(0, 5)) -> (3523, 52, 3523, t3=t2+(1, 5))	2	147
(3675, 73, 3196, t1) & (3675, 42, 3793, t2=t1+(0, 3)) -> (3675, 42, 3675, t3=t2+(1, 5))	2	148
(3539, 183, 1091, t1) & (3539, 120, 3539, t2=t1+(0, 4)) -> (3539, 120, 3539, t3=t2+(1, 6))	2	149
(3670, 139, 1651, t1) & (3670, 152, 3670, t2=t1+(0, 4)) -> (1651, 152, 3670, t3=t2+(1, 4))	2	150
(3311, 115, 3275, t1) & (4618, 65, 3275, t2=t1+(0, 7)) -> (4618, 115, 4618, t3=t2+(1, 7))	2	151
(559, 85, 2267, t1) & (382, 44, 2267, t2=t1+(0, 7)) -> (2267, 44, 2267, t3=t2+(1, 3))	2	152
(3845, 199, 3867, t1) & (544, 44, 3867, t2=t1+(0, 2)) -> (3845, 199, 3867, t3=t2+(1, 5))	2	153
(2003, 195, 3539, t1) & (3539, 73, 1822, t2=t1+(0, 4)) -> (2003, 195, 3539, t3=t2+(1, 5))	2	154
(670, 139, 2098, t1) & (2098, 74, 1351, t2=t1+(0, 4)) -> (2098, 139, 2098, t3=t2+(1, 2))	2	155
(4241, 187, 4117, t1) & (4117, 88, 4117, t2=t1+(0, 5)) -> (4117, 187, 4241, t3=t2+(1, 6))	2	156
(2519, 144, 3829, t1) & (3829, 105, 3829, t2=t1+(0, 4)) -> (3829, 144, 3829, t3=t2+(1, 8))	2	157
(3930, 147, 255, t1) & (2892, 159, 3930, t2=t1+(0, 11)) -> (255, 159, 255, t3=t2+(1, 2))	2	158
(2554, 111, 648, t1) & (3243, 130, 648, t2=t1+(0, 7)) -> (648, 130, 2554, t3=t2+(1, 3))	2	159
(2039, 5, 656, t1) & (2039, 24, 656, t2=t1+(0, 5)) -> (656, 5, 2039, t3=t2+(1, 6))	2	160
(4060, 110, 3915, t1) & (4817, 164, 3915, t2=t1+(0, 4)) -> (3915, 110, 4817, t3=t2+(1, 6))	2	161
(3605, 97, 2743, t1) & (2743, 31, 2743, t2=t1+(0, 4)) -> (2743, 97, 2743, t3=t2+(1, 6))	2	162
(3914, 131, 3182, t1) & (3182, 142, 4130, t2=t1+(0, 6)) -> (4130, 131, 3182, t3=t2+(1, 3))	2	163
(2276, 3, 725, t1) & (3987, 4, 725, t2=t1+(0, 5)) -> (3987, 3, 725, t3=t2+(1, 2))	2	164
(1680, 133, 1819, t1) & (1819, 184, 1819, t2=t1+(0, 5)) -> (1680, 133, 1819, t3=t2+(1, 5))	2	165
(3420, 71, 1460, t1) & (1460, 108, 265, t2=t1+(0, 7)) -> (1460, 71, 265, t3=t2+(1, 6))	2	166
(1029, 0, 3812, t1) & (2408, 188, 1029, t2=t1+(0, 6)) -> (1029, 0, 3812, t3=t2+(1, 5))	2	167
(140, 117, 4129, t1) & (140, 17, 351, t2=t1+(0, 5)) -> (140, 117, 140, t3=t2+(1, 4))	2	168
(2135, 172, 507, t1) & (2135, 127, 328, t2=t1+(0, 5)) -> (2135, 127, 2135, t3=t2+(1, 3))	2	169
(1934, 123, 4538, t1) & (148, 25, 1934, t2=t1+(0, 5)) -> (148, 123, 4538, t3=t2+(1, 9))	2	170
(2453, 64, 1019, t1) & (4114, 120, 1019, t2=t1+(0, 6)) -> (1019, 120, 4114, t3=t2+(1, 3))	2	171
(4495, 50, 1263, t1) & (4541, 26, 1263, t2=t1+(0, 8)) -> (1263, 50, 4495, t3=t2+(1, 2))	2	172
(4865, 16, 1603, t1) & (4865, 130, 3009, t2=t1+(0, 5)) -> (3009, 130, 4865, t3=t2+(1, 3))	2	173
(4068, 33, 305, t1) & (4068, 133, 4068, t2=t1+(0, 9)) -> (4068, 33, 4068, t3=t2+(1, 1))	2	174
(4194, 159, 2281, t1) & (4194, 162, 4668, t2=t1+(0, 1)) -> (4668, 159, 4194, t3=t2+(1, 3))	2	175
(798, 5, 4980, t1) & (2861, 179, 4980, t2=t1+(0, 5)) -> (798, 179, 4980, t3=t2+(1, 4))	2	176
(2197, 112, 1455, t1) & (2197, 75, 1455, t2=t1+(0, 6)) -> (2197, 112, 2197, t3=t2+(1, 5))	2	177
(3972, 173, 2008, t1) & (1964, 96, 2008, t2=t1+(0, 4)) -> (2008, 173, 1964, t3=t2+(1, 4))	2	178
(900, 199, 4250, t1) & (3739, 177, 4250, t2=t1+(0, 8)) -> (900, 199, 4250, t3=t2+(1, 6))	2	179
(2820, 45, 1773, t1) & (2820, 82, 2820, t2=t1+(0, 6)) -> (2820, 82, 1773, t3=t2+(1, 6))	2	180
(503, 130, 1733, t1) & (1733, 69, 503, t2=t1+(0, 3)) -> (1733, 69, 503, t3=t2+(1, 4))	2	181
(490, 36, 4124, t1) & (4124, 157, 4124, t2=t1+(0, 8)) -> (4124, 36, 4124, t3=t2+(1, 4))	2	182
(1251, 136, 3248, t1) & (3248, 55, 1251, t2=t1+(0, 8)) -> (1251, 55, 1251, t3=t2+(1, 6))	2	183
(688, 39, 2433, t1) & (2433, 76, 3403, t2=t1+(0, 6)) -> (3403, 76, 688, t3=t2+(1, 5))	2	184
(3768, 154, 2959, t1) & (3768, 194, 2959, t2=t1+(0, 4)) -> (2959, 194, 3768, t3=t2+(1, 8))	2	185
(2668, 15, 3878, t1) & (2668, 38, 3000, t2=t1+(0, 6)) -> (2668, 15, 2668, t3=t2+(1, 3))	2	186
(3318, 147, 4522, t1) & (3318, 120, 4595, t2=t1+(0, 4)) -> (4522, 120, 4522, t3=t2+(1, 5))	2	187
(2025, 101, 932, t1) & (2025, 7, 3703, t2=t1+(0, 4)) -> (2025, 101, 2025, t3=t2+(1, 7))	2	188
(1291, 94, 2546, t1) & (1291, 113, 3341, t2=t1+(0, 6)) -> (3341, 113, 1291, t3=t2+(1, 2))	2	189
(1244, 76, 2274, t1) & (1244, 104, 2857, t2=t1+(0, 4)) -> (2274, 104, 1244, t3=t2+(1, 5))	2	190
(1087, 105, 3309, t1) & (3555, 78, 1087, t2=t1+(0, 7)) -> (3555, 78, 1087, t3=t2+(1, 4))	2	191
(4914, 32, 4853, t1) & (12, 183, 4853, t2=t1+(0, 5)) -> (4853, 32, 4853, t3=t2+(1, 2))	2	192
(3577, 19, 2461, t1) & (1148, 157, 2461, t2=t1+(0, 5)) -> (3577, 19, 2461, t3=t2+(1, 5))	2	193
(2230, 13, 3736, t1) & (2230, 47, 2230, t2=t1+(0, 7)) -> (2230, 47, 3736, t3=t2+(1, 5))	2	194
(3391, 35, 4994, t1) & (4994, 3, 3279, t2=t1+(0, 5)) -> (3279, 35, 4994, t3=t2+(1, 1))	2	195
(4223, 23, 546, t1) & (4223, 112, 546, t2=t1+(0, 2)) -> (546, 112, 546, t3=t2+(1, 3))	2	196
(85, 66, 3209, t1) & (85, 163, 3000, t2=t1+(0, 8)) -> (3209, 163, 85, t3=t2+(1, 7))	2	197
(2092, 64, 2189, t1) & (2189, 115, 2092, t2=t1+(0, 6)) -> (2189, 115, 2189, t3=t2+(1, 3))	2	198
(1608, 51, 2614, t1) & (2753, 41, 1608, t2=t1+(0, 5)) -> (1608, 41, 2614, t3=t2+(1, 6))	2	199
(3602, 64, 3326, t1) -> (3326, 64, 3602, t2=t1+(1, 3))	1	200
(9, 162, 3191, t1) -> (9, 162, 9, t2=t1+(1, 2))	1	201
(577, 4, 201, t1) -> (201, 4, 201, t2=t1+(1, 6))	1	202
(1710, 139, 1796, t1) -> (1710, 139, 1796, t2=t1+(1, 3))	1	203
(2377, 110, 2803, t1) -> (2377, 110, 2377, t2=t1+(1, 6))	1	204
(4512, 150, 2494, t1) -> (2494, 150, 2494, t2=t1+(1, 5))	1	205
(4977, 42, 2568, t1) -> (4977, 42, 4977, t2=t1+(1, 1))	1	206
(464, 50, 1291, t1) -> (1291, 50, 1291, t2=t1+(1, 2))	1	207
(4044, 31, 4283, t1) -> (4044, 31, 4044, t2=t1+(1, 1))	1	208
(2383, 156, 2479, t1) -> (2479, 156, 2383, t2=t1+(1, 5))	1	209
(1107, 157, 4604, t1) -> (4604, 157, 1107, t2=t1+(1, 5))	1	210
(4026, 30, 4502, t1) -> (4026, 30, 4502, t2=t1+(1, 4))	1	211
(3503, 61, 1701, t1) -> (3503, 61, 1701, t2=t1+(1, 5))	1	212
(2714, 83, 3073, t1) -> (3073, 83, 2714, t2=t1+(1, 5))	1	213
(541, 47, 2901, t1) -> (541, 47, 541, t2=t1+(1, 1))	1	214
(265, 131, 964, t1) -> (964, 131, 964, t2=t1+(1, 5))	1	215
(1088, 64, 3388, t1) -> (3388, 64, 3388, t2=t1+(1, 5))	1	216
(3349, 142, 4487, t1) -> (3349, 142, 3349, t2=t1+(1, 5))	1	217
(3024, 187, 3503, t1) -> (3503, 187, 3503, t2=t1+(1, 8))	1	218
(778, 198, 837, t1) -> (837, 198, 778, t2=t1+(1, 7))	1	219
(193, 130, 4996, t1) -> (193, 130, 193, t2=t1+(1, 8))	1	220
(343, 38, 164, t1) -> (343, 38, 343, t2=t1+(1, 5))	1	221
(4769, 30, 1033, t1) -> (1033, 30, 1033, t2=t1+(1, 6))	1	222
(286, 127, 4033, t1) -> (4033, 127, 4033, t2=t1+(1, 4))	1	223
(4333, 122, 1296, t1) -> (1296, 122, 1296, t2=t1+(1, 7))	1	224
(491, 182, 3918, t1) -> (3918, 182, 3918, t2=t1+(1, 8))	1	225
(3704, 51, 3568, t1) -> (3568, 51, 3568, t2=t1+(1, 4))	1	226
(790, 37, 1726, t1) -> (1726, 37, 790, t2=t1+(1, 7))	1	227
(3035, 75, 2939, t1) -> (2939, 75, 2939, t2=t1+(1, 6))	1	228
(3074, 22, 3785, t1) -> (3785, 22, 3074, t2=t1+(1, 7))	1	229
(3150, 104, 4099, t1) -> (3150, 104, 3150, t2=t1+(1, 5))	1	230
(4969, 30, 769, t1) -> (4969, 30, 4969, t2=t1+(1, 4))	1	231
(206, 140, 1366, t1) -> (206, 140, 206, t2=t1+(1, 2))	1	232
(2371, 39, 2621, t1) -> (2371, 39, 2621, t2=t1+(1, 3))	1	233
(2523, 47, 1035, t1) -> (1035, 47, 2523, t2=t1+(1, 6))	1	234
(232, 16, 1009, t1) -> (1009, 16, 232, t2=t1+(1, 3))	1	235
(2148, 107, 1394, t1) -> (1394, 107, 1394, t2=t1+(1, 3))	1	236
(3617, 132, 2010, t1) -> (3617, 132, 3617, t2=t1+(1, 5))	1	237
(1115, 173, 1107, t1) -> (1115, 173, 1115, t2=t1+(1, 6))	1	238
(2741, 117, 4463, t1) -> (4463, 117, 4463, t2=t1+(1, 12))	1	239
(281, 45, 2667, t1) -> (2667, 45, 281, t2=t1+(1, 6))	1	240
(370, 157, 4918, t1) -> (4918, 157, 4918, t2=t1+(1, 7))	1	241
(4510, 185, 2818, t1) -> (4510, 185, 4510, t2=t1+(1, 6))	1	242
(2909, 146, 957, t1) -> (2909, 146, 957, t2=t1+(1, 4))	1	243
(1154, 65, 4587, t1) -> (4587, 65, 4587, t2=t1+(1, 6))	1	244
(4538, 74, 172, t1) -> (172, 74, 4538, t2=t1+(1, 9))	1	245
(4298, 40, 4863, t1) -> (4298, 40, 4298, t2=t1+(1, 4))	1	246
(4798, 58, 2237, t1) -> (2237, 58, 4798, t2=t1+(1, 3))	1	247
(306, 82, 789, t1) -> (789, 82, 789, t2=t1+(1, 5))	1	248
(616, 140, 4825, t1) -> (616, 140, 4825, t2=t1+(1, 8))	1	249
(247, 48, 2081, t1) -> (247, 48, 2081, t2=t1+(1, 5))	1	250
(1035, 115, 1466, t1) -> (1035, 115, 1035, t2=t1+(1, 5))	1	251
(112, 163, 153, t1) -> (153, 163, 153, t2=t1+(1, 5))	1	252
(738, 140, 1870, t1) -> (738, 140, 1870, t2=t1+(1, 5))	1	253
(3623, 8, 2223, t1) -> (3623, 8, 3623, t2=t1+(1, 3))	1	254
(1316, 139, 2225, t1) -> (2225, 139, 2225, t2=t1+(1, 8))	1	255
(1932, 143, 4250, t1) -> (4250, 143, 4250, t2=t1+(1, 4))	1	256
(3508, 101, 1666, t1) -> (1666, 101, 3508, t2=t1+(1, 3))	1	257
(3450, 103, 1676, t1) -> (3450, 103, 3450, t2=t1+(1, 6))	1	258
(98, 51, 3262, t1) -> (3262, 51, 3262, t2=t1+(1, 7))	1	259
(3781, 27, 2201, t1) -> (2201, 27, 3781, t2=t1+(1, 6))	1	260
(3817, 129, 706, t1) -> (3817, 129, 706, t2=t1+(1, 5))	1	261
(102, 33, 986, t1) -> (102, 33, 986, t2=t1+(1, 8))	1	262
(3196, 87, 1821, t1) -> (1821, 87, 3196, t2=t1+(1, 5))	1	263
(1700, 108, 1707, t1) -> (1700, 108, 1707, t2=t1+(1, 4))	1	264
(2119, 32, 1286, t1) -> (2119, 32, 1286, t2=t1+(1, 1))	1	265
(3297, 153, 1292, t1) -> (1292, 153, 3297, t2=t1+(1, 3))	1	266
(4607, 13, 1502, t1) -> (1502, 13, 1502, t2=t1+(1, 4))	1	267
(4977, 32, 354, t1) -> (354, 32, 354, t2=t1+(1, 6))	1	268
(3385, 28, 1338, t1) -> (3385, 28, 3385, t2=t1+(1, 4))	1	269
(4813, 145, 2697, t1) -> (4813, 145, 2697, t2=t1+(1, 2))	1	270
(230, 34, 612, t1) -> (612, 34, 230, t2=t1+(1, 9))	1	271
(2494, 41, 4672, t1) -> (2494, 41, 2494, t2=t1+(1, 6))	1	272
(1742, 112, 1703, t1) -> (1703, 112, 1742, t2=t1+(1, 2))	1	273
(187, 138, 2873, t1) -> (2873, 138, 187, t2=t1+(1, 5))	1	274
(2686, 15, 4727, t1) -> (4727, 15, 4727, t2=t1+(1, 6))	1	275
(2719, 153, 1111, t1) -> (2719, 153, 1111, t2=t1+(1, 5))	1	276
(274, 172, 898, t1) -> (898, 172, 898, t2=t1+(1, 6))	1	277
(678, 124, 197, t1) -> (197, 124, 197, t2=t1+(1, 5))	1	278
(4645, 30, 2416, t1) -> (4645, 30, 4645, t2=t1+(1, 18))	1	279
(3662, 84, 4345, t1) -> (4345, 84, 4345, t2=t1+(1, 10))	1	280
(1942, 127, 593, t1) -> (593, 127, 1942, t2=t1+(1, 5))	1	281
(1083, 117, 2176, t1) -> (2176, 117, 2176, t2=t1+(1, 5))	1	282
(2158, 122, 4658, t1) -> (2158, 122, 4658, t2=t1+(1, 8))	1	283
(1075, 162, 4608, t1) -> (1075, 162, 4608, t2=t1+(1, 6))	1	284
(34, 130, 2793, t1) -> (2793, 130, 34, t2=t1+(1, 7))	1	285
(1890, 6, 340, t1) -> (1890, 6, 1890, t2=t1+(1, 4))	1	286
(2168, 4, 1041, t1) -> (2168, 4, 2168, t2=t1+(1, 4))	1	287
(2018, 55, 2947, t1) -> (2018, 55, 2947, t2=t1+(1, 4))	1	288
(1066, 22, 1846, t1) -> (1066, 22, 1846, t2=t1+(1, 3))	1	289
(1185, 28, 2204, t1) -> (1185, 28, 2204, t2=t1+(1, 5))	1	290
(4901, 103, 158, t1) -> (158, 103, 4901, t2=t1+(1, 4))	1	291
(2261, 131, 2136, t1) -> (2261, 131, 2261, t2=t1+(1, 3))	1	292
(4267, 91, 808, t1) -> (4267, 91, 808, t2=t1+(1, 4))	1	293
(1842, 111, 3007, t1) -> (1842, 111, 3007, t2=t1+(1, 6))	1	294
(3882, 143, 1748, t1) -> (1748, 143, 1748, t2=t1+(1, 5))	1	295
(3118, 46, 4705, t1) -> (4705, 46, 3118, t2=t1+(1, 7))	1	296
(4632, 195, 2799, t1) -> (4632, 195, 2799, t2=t1+(1, 4))	1	297
(4599, 149, 4539, t1) -> (4539, 149, 4539, t2=t1+(1, 6))	1	298
(1797, 180, 1428, t1) -> (1428, 180, 1428, t2=t1+(1, 3))	1	299
