(949, 7, 950, t1) & (308, 40, 235, t2=t1+(0, 5)) & (389, 44, 308, t3=t2+(0, 10)) -> (308, 3, 950, t4=t3+(1, 6))	3	0
(291, 42, 478, t1) & (560, 11, 316, t2=t1+(0, 6)) & (560, 25, 784, t3=t2+(0, 8)) -> (560, 34, 291, t4=t3+(1, 7))	3	1
(838, 15, 188, t1) & (561, 18, 753, t2=t1+(0, 4)) & (188, 42, 753, t3=t2+(0, 5)) -> (298, 35, 753, t4=t3+(1, 3))	3	2
(999, 17, 688, t1) & (507, 47, 93, t2=t1+(0, 9)) & (865, 29, 999, t3=t2+(0, 3)) -> (999, 20, 507, t4=t3+(1, 5))	3	3
(878, 12, 846, t1) & (474, 22, 646, t2=t1+(0, 4)) & (957, 13, 474, t3=t2+(0, 5)) -> (846, 15, 474, t4=t3+(1, 2))	3	4
(738, 34, 100, t1) & (680, 9, 400, t2=t1+(0, 8)) & (100, 12, 413, t3=t2+(0, 9)) -> (400, 11, 738, t4=t3+(1, 2))	3	5
(98, 9, 954, t1) & (937, 2, 322, t2=t1+(0, 2)) & (954, 36, 306, t3=t2+(0, 5)) -> (322, 22, 98, t4=t3+(1, 9))	3	6
(989, 49, 166, t1) & (203, 15, 490, t2=t1+(0, 6)) & (166, 38, 46, t3=t2+(0, 2)) -> (989, 29, 490, t4=t3+(1, 2))	3	7
(875, 41, 819, t1) & (660, 15, 573, t2=t1+(0, 1)) & (660, 41, 660, t3=t2+(0, 4)) -> (819, 11, 660, t4=t3+(1, 5))	3	8
(485, 2, 419, t1) & (443, 41, 271, t2=t1+(0, 8)) & (485, 37, 569, t3=t2+(0, 6)) -> (271, 17, 419, t4=t3+(1, 1))	3	9
(926, 43, 257, t1) & (567, 49, 315, t2=t1+(0, 3)) & (146, 22, 926, t3=t2+(0, 4)) -> (567, 24, 926, t4=t3+(1, 7))	3	10
(166, 7, 477, t1) & (220, 34, 740, t2=t1+(0, 6)) & (331, 12, 166, t3=t2+(0, 4)) -> (166, 11, 220, t4=t3+(1, 11))	3	11
(893, 36, 175, t1) & (463, 37, 357, t2=t1+(0, 4)) & (463, 21, 285, t3=t2+(0, 6)) -> (285, 10, 893, t4=t3+(1, 1))	3	12
(399, 41, 42, t1) & (397, 42, 982, t2=t1+(0, 4)) & (397, 2, 454, t3=t2+(0, 4)) -> (454, 7, 399, t4=t3+(1, 5))	3	13
(852, 7, 409, t1) & (374, 37, 222, t2=t1+(0, 6)) & (852, 0, 852, t3=t2+(0, 9)) -> (374, 16, 852, t4=t3+(1, 3))	3	14
(579, 44, 647, t1) & (259, 45, 293, t2=t1+(0, 5)) & (10, 32, 579, t3=t2+(0, 9)) -> (259, 27, 579, t4=t3+(1, 5))	3	15
(847, 4, 885, t1) & (203, 48, 485, t2=t1+(0, 6)) & (847, 46, 606, t3=t2+(0, 4)) -> (606, 27, 203, t4=t3+(1, 3))	3	16
(175, 17, 48, t1) & (696, 12, 92, t2=t1+(0, 4)) & (570, 48, 92, t3=t2+(0, 7)) -> (570, 25, 175, t4=t3+(1, 4))	3	17
(550, 0, 29, t1) & (558, 23, 721, t2=t1+(0, 3)) & (550, 19, 558, t3=t2+(0, 4)) -> (558, 8, 179, t4=t3+(1, 2))	3	18
(952, 39, 515, t1) & (142, 32, 206, t2=t1+(0, 3)) & (142, 39, 528, t3=t2+(0, 8)) -> (515, 1, 206, t4=t3+(1, 4))	3	19
(383, 19, 559, t1) & (738, 49, 321, t2=t1+(0, 5)) & (110, 20, 383, t3=t2+(0, 5)) -> (383, 2, 738, t4=t3+(1, 7))	3	20
(469, 39, 182, t1) & (867, 45, 871, t2=t1+(0, 3)) & (546, 21, 469, t3=t2+(0, 2)) -> (867, 3, 469, t4=t3+(1, 11))	3	21
(599, 18, 980, t1) & (518, 6, 970, t2=t1+(0, 1)) & (970, 39, 156, t3=t2+(0, 4)) -> (980, 36, 156, t4=t3+(1, 5))	3	22
(801, 16, 273, t1) & (741, 37, 768, t2=t1+(0, 6)) & (273, 20, 679, t3=t2+(0, 5)) -> (273, 28, 741, t4=t3+(1, 6))	3	23
(76, 35, 708, t1) & (147, 19, 658, t2=t1+(0, 2)) & (76, 28, 658, t3=t2+(0, 3)) -> (896, 11, 658, t4=t3+(1, 2))	3	24
(938, 2, 518, t1) & (787, 26, 297, t2=t1+(0, 3)) & (508, 2, 787, t3=t2+(0, 6)) -> (938, 36, 787, t4=t3+(1, 3))	3	25
(490, 11, 296, t1) & (917, 37, 565, t2=t1+(0, 4)) & (844, 24, 296, t3=t2+(0, 10)) -> (296, 9, 917, t4=t3+(1, 6))	3	26
(202, 6, 741, t1) & (490, 41, 116, t2=t1+(0, 4)) & (141, 47, 116, t3=t2+(0, 4)) -> (490, 29, 202, t4=t3+(1, 2))	3	27
(624, 15, 300, t1) & (698, 39, 598, t2=t1+(0, 4)) & (598, 25, 7, t3=t2+(0, 8)) -> (624, 20, 7, t4=t3+(1, 6))	3	28
(809, 7, 377, t1) & (834, 14, 461, t2=t1+(0, 4)) & (834, 47, 461, t3=t2+(0, 3)) -> (809, 49, 461, t4=t3+(1, 4))	3	29
(357, 18, 630, t1) & (188, 43, 4, t2=t1+(0, 9)) & (557, 49, 4, t3=t2+(0, 3)) -> (557, 37, 357, t4=t3+(1, 4))	3	30
(851, 17, 245, t1) & (707, 10, 702, t2=t1+(0, 5)) & (851, 23, 793, t3=t2+(0, 7)) -> (702, 9, 245, t4=t3+(1, 9))	3	31
(173, 15, 976, t1) & (138, 14, 556, t2=t1+(0, 5)) & (976, 12, 177, t3=t2+(0, 8)) -> (177, 8, 138, t4=t3+(1, 3))	3	32
(763, 13, 747, t1) & (478, 0, 918, t2=t1+(0, 5)) & (747, 13, 622, t3=t2+(0, 4)) -> (918, 43, 747, t4=t3+(1, 4))	3	33
(659, 29, 90, t1) & (0, 4, 722, t2=t1+(0, 5)) & (90, 44, 659, t3=t2+(0, 4)) -> (90, 15, 722, t4=t3+(1, 2))	3	34
(300, 5, 10, t1) & (719, 17, 660, t2=t1+(0, 5)) & (10, 36, 300, t3=t2+(0, 7)) -> (10, 27, 660, t4=t3+(1, 7))	3	35
(645, 8, 551, t1) & (670, 47, 671, t2=t1+(0, 5)) & (645, 34, 785, t3=t2+(0, 3)) -> (785, 2, 671, t4=t3+(1, 4))	3	36
(131, 39, 444, t1) & (766, 20, 215, t2=t1+(0, 6)) & (131, 44, 131, t3=t2+(0, 2)) -> (444, 40, 766, t4=t3+(1, 5))	3	37
(168, 22, 967, t1) & (585, 32, 584, t2=t1+(0, 1)) & (836, 25, 584, t3=t2+(0, 4)) -> (836, 11, 168, t4=t3+(1, 4))	3	38
(706, 18, 273, t1) & (926, 40, 722, t2=t1+(0, 4)) & (722, 17, 291, t3=t2+(0, 2)) -> (722, 9, 273, t4=t3+(1, 5))	3	39
(331, 35, 571, t1) & (741, 4, 463, t2=t1+(0, 6)) & (571, 47, 741, t3=t2+(0, 6)) -> (741, 38, 589, t4=t3+(1, 4))	3	40
(668, 9, 282, t1) & (701, 41, 463, t2=t1+(0, 3)) & (668, 21, 893, t3=t2+(0, 8)) -> (701, 20, 668, t4=t3+(1, 3))	3	41
(170, 18, 432, t1) & (399, 26, 965, t2=t1+(0, 5)) & (170, 4, 432, t3=t2+(0, 7)) -> (399, 23, 170, t4=t3+(1, 10))	3	42
(656, 21, 293, t1) & (369, 22, 758, t2=t1+(0, 3)) & (293, 5, 409, t3=t2+(0, 4)) -> (656, 41, 758, t4=t3+(1, 7))	3	43
(21, 5, 872, t1) & (696, 16, 27, t2=t1+(0, 6)) & (696, 20, 872, t3=t2+(0, 4)) -> (27, 0, 27, t4=t3+(1, 4))	3	44
(860, 25, 13, t1) & (977, 30, 187, t2=t1+(0, 3)) & (241, 38, 187, t3=t2+(0, 8)) -> (13, 40, 187, t4=t3+(1, 6))	3	45
(219, 30, 297, t1) & (493, 5, 475, t2=t1+(0, 5)) & (493, 47, 736, t3=t2+(0, 8)) -> (297, 36, 493, t4=t3+(1, 6))	3	46
(441, 41, 509, t1) & (506, 8, 698, t2=t1+(0, 5)) & (578, 12, 506, t3=t2+(0, 8)) -> (506, 39, 441, t4=t3+(1, 2))	3	47
(600, 26, 569, t1) & (401, 12, 707, t2=t1+(0, 4)) & (600, 32, 738, t3=t2+(0, 2)) -> (707, 36, 600, t4=t3+(1, 2))	3	48
(15, 11, 66, t1) & (594, 0, 714, t2=t1+(0, 2)) & (348, 17, 66, t3=t2+(0, 3)) -> (714, 30, 66, t4=t3+(1, 2))	3	49
(225, 26, 737, t1) & (291, 35, 444, t2=t1+(0, 2)) & (737, 45, 444, t3=t2+(0, 5)) -> (225, 41, 382, t4=t3+(1, 6))	3	50
(9, 2, 102, t1) & (106, 10, 285, t2=t1+(0, 5)) & (9, 25, 985, t3=t2+(0, 6)) -> (9, 44, 285, t4=t3+(1, 7))	3	51
(53, 40, 171, t1) & (462, 7, 116, t2=t1+(0, 4)) & (462, 0, 944, t3=t2+(0, 8)) -> (53, 37, 462, t4=t3+(1, 7))	3	52
(118, 39, 806, t1) & (560, 1, 682, t2=t1+(0, 3)) & (682, 40, 452, t3=t2+(0, 5)) -> (806, 16, 452, t4=t3+(1, 3))	3	53
(676, 20, 99, t1) & (598, 36, 522, t2=t1+(0, 3)) & (598, 7, 457, t3=t2+(0, 5)) -> (598, 45, 99, t4=t3+(1, 6))	3	54
(368, 3, 257, t1) & (153, 23, 383, t2=t1+(0, 4)) & (71, 49, 383, t3=t2+(0, 4)) -> (153, 32, 368, t4=t3+(1, 5))	3	55
(581, 16, 130, t1) & (274, 46, 297, t2=t1+(0, 3)) & (363, 31, 581, t3=t2+(0, 2)) -> (274, 33, 130, t4=t3+(1, 5))	3	56
(862, 26, 43, t1) & (842, 30, 106, t2=t1+(0, 3)) & (811, 11, 106, t3=t2+(0, 5)) -> (811, 6, 43, t4=t3+(1, 7))	3	57
(244, 19, 408, t1) & (666, 2, 269, t2=t1+(0, 2)) & (666, 46, 269, t3=t2+(0, 2)) -> (666, 12, 408, t4=t3+(1, 5))	3	58
(526, 43, 931, t1) & (845, 16, 758, t2=t1+(0, 6)) & (490, 32, 931, t3=t2+(0, 6)) -> (845, 2, 931, t4=t3+(1, 6))	3	59
(351, 12, 77, t1) & (89, 29, 342, t2=t1+(0, 9)) & (77, 8, 983, t3=t2+(0, 3)) -> (77, 47, 342, t4=t3+(1, 7))	3	60
(492, 41, 445, t1) & (994, 49, 513, t2=t1+(0, 4)) & (513, 11, 225, t3=t2+(0, 7)) -> (994, 24, 445, t4=t3+(1, 5))	3	61
(473, 30, 496, t1) & (661, 19, 29, t2=t1+(0, 2)) & (266, 21, 661, t3=t2+(0, 5)) -> (496, 47, 266, t4=t3+(1, 3))	3	62
(330, 38, 188, t1) & (436, 35, 486, t2=t1+(0, 8)) & (486, 14, 754, t3=t2+(0, 5)) -> (486, 15, 330, t4=t3+(1, 6))	3	63
(698, 39, 386, t1) & (314, 1, 820, t2=t1+(0, 2)) & (162, 7, 820, t3=t2+(0, 7)) -> (386, 33, 314, t4=t3+(1, 5))	3	64
(381, 17, 781, t1) & (640, 41, 754, t2=t1+(0, 7)) & (381, 40, 381, t3=t2+(0, 9)) -> (381, 26, 754, t4=t3+(1, 5))	3	65
(433, 48, 737, t1) & (514, 34, 858, t2=t1+(0, 3)) & (433, 15, 558, t3=t2+(0, 3)) -> (858, 34, 558, t4=t3+(1, 4))	3	66
(148, 40, 291, t1) & (125, 47, 480, t2=t1+(0, 6)) & (291, 46, 125, t3=t2+(0, 7)) -> (148, 28, 125, t4=t3+(1, 6))	3	67
(791, 43, 862, t1) & (78, 47, 434, t2=t1+(0, 8)) & (791, 33, 434, t3=t2+(0, 5)) -> (78, 14, 862, t4=t3+(1, 3))	3	68
(197, 31, 527, t1) & (329, 14, 477, t2=t1+(0, 9)) & (197, 27, 776, t3=t2+(0, 4)) -> (477, 40, 776, t4=t3+(1, 11))	3	69
(993, 6, 17, t1) & (251, 13, 909, t2=t1+(0, 4)) & (380, 24, 17, t3=t2+(0, 3)) -> (17, 6, 251, t4=t3+(1, 8))	3	70
(301, 33, 399, t1) & (118, 33, 994, t2=t1+(0, 10)) & (384, 27, 301, t3=t2+(0, 4)) -> (118, 41, 384, t4=t3+(1, 2))	3	71
(467, 7, 942, t1) & (858, 10, 910, t2=t1+(0, 7)) & (858, 11, 438, t3=t2+(0, 9)) -> (910, 48, 942, t4=t3+(1, 4))	3	72
(199, 45, 203, t1) & (547, 43, 910, t2=t1+(0, 9)) & (203, 25, 910, t3=t2+(0, 4)) -> (203, 47, 944, t4=t3+(1, 8))	3	73
(589, 6, 638, t1) & (762, 45, 343, t2=t1+(0, 4)) & (343, 15, 426, t3=t2+(0, 2)) -> (343, 24, 638, t4=t3+(1, 4))	3	74
(939, 44, 118, t1) & (494, 4, 733, t2=t1+(0, 4)) & (899, 15, 494, t3=t2+(0, 9)) -> (733, 11, 118, t4=t3+(1, 2))	3	75
(46, 14, 925, t1) & (535, 6, 444, t2=t1+(0, 4)) & (444, 18, 925, t3=t2+(0, 6)) -> (444, 24, 444, t4=t3+(1, 4))	3	76
(596, 4, 970, t1) & (623, 3, 157, t2=t1+(0, 5)) & (157, 14, 463, t3=t2+(0, 2)) -> (623, 29, 970, t4=t3+(1, 4))	3	77
(916, 17, 134, t1) & (779, 49, 748, t2=t1+(0, 3)) & (604, 15, 916, t3=t2+(0, 8)) -> (748, 46, 916, t4=t3+(1, 6))	3	78
(601, 16, 635, t1) & (947, 35, 971, t2=t1+(0, 3)) & (635, 33, 251, t3=t2+(0, 4)) -> (947, 48, 635, t4=t3+(1, 5))	3	79
(883, 9, 960, t1) & (523, 43, 392, t2=t1+(0, 5)) & (523, 40, 883, t3=t2+(0, 5)) -> (523, 7, 523, t4=t3+(1, 7))	3	80
(996, 33, 506, t1) & (231, 32, 192, t2=t1+(0, 5)) & (506, 44, 506, t3=t2+(0, 7)) -> (506, 34, 192, t4=t3+(1, 4))	3	81
(649, 30, 869, t1) & (630, 1, 947, t2=t1+(0, 4)) & (772, 35, 649, t3=t2+(0, 6)) -> (649, 5, 630, t4=t3+(1, 4))	3	82
(469, 25, 1, t1) & (933, 24, 63, t2=t1+(0, 6)) & (58, 47, 1, t3=t2+(0, 2)) -> (58, 24, 933, t4=t3+(1, 1))	3	83
(968, 19, 620, t1) & (511, 35, 275, t2=t1+(0, 2)) & (873, 15, 511, t3=t2+(0, 4)) -> (511, 24, 968, t4=t3+(1, 2))	3	84
(623, 8, 919, t1) & (618, 0, 320, t2=t1+(0, 5)) & (618, 10, 30, t3=t2+(0, 3)) -> (30, 41, 623, t4=t3+(1, 6))	3	85
(928, 25, 662, t1) & (318, 17, 566, t2=t1+(0, 7)) & (662, 47, 928, t3=t2+(0, 5)) -> (566, 0, 662, t4=t3+(1, 8))	3	86
(995, 47, 694, t1) & (655, 29, 226, t2=t1+(0, 5)) & (681, 41, 995, t3=t2+(0, 5)) -> (995, 14, 655, t4=t3+(1, 3))	3	87
(765, 10, 161, t1) & (727, 17, 81, t2=t1+(0, 2)) & (727, 3, 605, t3=t2+(0, 2)) -> (161, 48, 727, t4=t3+(1, 4))	3	88
(707, 3, 280, t1) & (743, 43, 881, t2=t1+(0, 5)) & (479, 5, 881, t3=t2+(0, 5)) -> (280, 45, 881, t4=t3+(1, 6))	3	89
(839, 34, 575, t1) & (706, 15, 908, t2=t1+(0, 9)) & (804, 42, 706, t3=t2+(0, 3)) -> (575, 38, 804, t4=t3+(1, 5))	3	90
(173, 7, 853, t1) & (855, 4, 920, t2=t1+(0, 3)) & (855, 13, 920, t3=t2+(0, 7)) -> (920, 9, 173, t4=t3+(1, 2))	3	91
(3, 15, 159, t1) & (226, 28, 354, t2=t1+(0, 7)) & (364, 13, 3, t3=t2+(0, 3)) -> (226, 45, 3, t4=t3+(1, 7))	3	92
(808, 49, 273, t1) & (222, 0, 285, t2=t1+(0, 5)) & (273, 14, 431, t3=t2+(0, 8)) -> (222, 30, 431, t4=t3+(1, 6))	3	93
(133, 5, 471, t1) & (756, 34, 761, t2=t1+(0, 4)) & (761, 19, 396, t3=t2+(0, 2)) -> (471, 49, 761, t4=t3+(1, 6))	3	94
(72, 26, 689, t1) & (601, 34, 817, t2=t1+(0, 2)) & (601, 35, 601, t3=t2+(0, 6)) -> (601, 41, 72, t4=t3+(1, 6))	3	95
(966, 42, 326, t1) & (59, 37, 963, t2=t1+(0, 4)) & (963, 11, 285, t3=t2+(0, 3)) -> (963, 28, 966, t4=t3+(1, 11))	3	96
(436, 12, 899, t1) & (561, 40, 748, t2=t1+(0, 4)) & (748, 29, 518, t3=t2+(0, 10)) -> (748, 1, 899, t4=t3+(1, 5))	3	97
(949, 0, 729, t1) & (312, 28, 287, t2=t1+(0, 4)) & (312, 14, 312, t3=t2+(0, 6)) -> (729, 17, 312, t4=t3+(1, 4))	3	98
(431, 47, 686, t1) & (64, 26, 178, t2=t1+(0, 1)) & (431, 33, 469, t3=t2+(0, 4)) -> (469, 33, 64, t4=t3+(1, 6))	3	99
(149, 10, 251, t1) & (482, 5, 527, t2=t1+(0, 6)) -> (527, 34, 251, t3=t2+(1, 3))	2	100
(104, 33, 122, t1) & (471, 2, 545, t2=t1+(0, 3)) -> (122, 14, 545, t3=t2+(1, 3))	2	101
(83, 1, 301, t1) & (509, 19, 635, t2=t1+(0, 7)) -> (83, 20, 635, t3=t2+(1, 4))	2	102
(979, 37, 827, t1) & (942, 28, 370, t2=t1+(0, 2)) -> (979, 35, 370, t3=t2+(1, 5))	2	103
(902, 2, 564, t1) & (368, 6, 833, t2=t1+(0, 5)) -> (833, 5, 564, t3=t2+(1, 1))	2	104
(624, 28, 732, t1) & (394, 44, 944, t2=t1+(0, 4)) -> (944, 23, 624, t3=t2+(1, 8))	2	105
(381, 18, 915, t1) & (813, 2, 116, t2=t1+(0, 4)) -> (381, 25, 813, t3=t2+(1, 7))	2	106
(123, 26, 1, t1) & (484, 15, 458, t2=t1+(0, 2)) -> (458, 31, 123, t3=t2+(1, 3))	2	107
(487, 10, 546, t1) & (462, 43, 788, t2=t1+(0, 3)) -> (546, 36, 788, t3=t2+(1, 7))	2	108
(707, 42, 612, t1) & (545, 11, 497, t2=t1+(0, 8)) -> (707, 22, 497, t3=t2+(1, 6))	2	109
(807, 41, 914, t1) & (658, 36, 348, t2=t1+(0, 3)) -> (348, 2, 807, t3=t2+(1, 7))	2	110
(563, 11, 709, t1) & (719, 8, 232, t2=t1+(0, 4)) -> (232, 29, 563, t3=t2+(1, 5))	2	111
(789, 46, 14, t1) & (48, 33, 480, t2=t1+(0, 5)) -> (789, 8, 48, t3=t2+(1, 4))	2	112
(493, 9, 228, t1) & (555, 36, 312, t2=t1+(0, 3)) -> (312, 16, 493, t3=t2+(1, 3))	2	113
(907, 49, 36, t1) & (960, 26, 333, t2=t1+(0, 3)) -> (960, 42, 907, t3=t2+(1, 6))	2	114
(609, 43, 80, t1) & (51, 35, 737, t2=t1+(0, 4)) -> (51, 15, 80, t3=t2+(1, 8))	2	115
(321, 14, 409, t1) & (773, 47, 561, t2=t1+(0, 1)) -> (561, 7, 321, t3=t2+(1, 8))	2	116
(670, 16, 763, t1) & (57, 35, 715, t2=t1+(0, 3)) -> (715, 4, 670, t3=t2+(1, 7))	2	117
(219, 32, 60, t1) & (58, 27, 294, t2=t1+(0, 5)) -> (60, 32, 58, t3=t2+(1, 7))	2	118
(253, 32, 536, t1) & (759, 34, 706, t2=t1+(0, 8)) -> (759, 1, 253, t3=t2+(1, 9))	2	119
(737, 2, 80, t1) & (980, 23, 735, t2=t1+(0, 2)) -> (737, 49, 980, t3=t2+(1, 7))	2	120
(493, 25, 733, t1) & (148, 43, 186, t2=t1+(0, 3)) -> (493, 23, 186, t3=t2+(1, 1))	2	121
(455, 46, 308, t1) & (24, 16, 319, t2=t1+(0, 5)) -> (24, 34, 308, t3=t2+(1, 4))	2	122
(638, 38, 517, t1) & (911, 14, 426, t2=t1+(0, 8)) -> (638, 17, 426, t3=t2+(1, 8))	2	123
(252, 2, 843, t1) & (301, 6, 530, t2=t1+(0, 8)) -> (301, 44, 252, t3=t2+(1, 7))	2	124
(602, 26, 433, t1) & (44, 46, 597, t2=t1+(0, 8)) -> (597, 44, 433, t3=t2+(1, 6))	2	125
(131, 0, 869, t1) & (924, 0, 998, t2=t1+(0, 5)) -> (924, 0, 869, t3=t2+(1, 6))	2	126
(519, 47, 865, t1) & (542, 16, 124, t2=t1+(0, 8)) -> (865, 38, 124, t3=t2+(1, 2))	2	127
(994, 47, 477, t1) & (487, 40, 457, t2=t1+(0, 2)) -> (477, 23, 457, t3=t2+(1, 4))	2	128
(938, 5, 115, t1) & (1, 38, 980, t2=t1+(0, 0)) -> (938, 37, 1, t3=t2+(1, 3))	2	129
(820, 34, 388, t1) & (274, 24, 509, t2=t1+(0, 1)) -> (509, 16, 820, t3=t2+(1, 11))	2	130
(107, 29, 950, t1) & (330, 16, 303, t2=t1+(0, 4)) -> (303, 0, 950, t3=t2+(1, 3))	2	131
(477, 33, 459, t1) & (41, 47, 63, t2=t1+(0, 5)) -> (63, 35, 477, t3=t2+(1, 6))	2	132
(490, 2, 225, t1) & (93, 32, 889, t2=t1+(0, 2)) -> (889, 39, 225, t3=t2+(1, 5))	2	133
(15, 30, 971, t1) & (520, 3, 113, t2=t1+(0, 1)) -> (15, 15, 520, t3=t2+(1, 5))	2	134
(89, 4, 858, t1) & (873, 9, 994, t2=t1+(0, 6)) -> (994, 41, 858, t3=t2+(1, 6))	2	135
(694, 2, 65, t1) & (38, 37, 907, t2=t1+(0, 4)) -> (65, 38, 38, t3=t2+(1, 6))	2	136
(430, 7, 636, t1) & (921, 23, 662, t2=t1+(0, 3)) -> (430, 31, 921, t3=t2+(1, 5))	2	137
(950, 11, 533, t1) & (893, 23, 925, t2=t1+(0, 7)) -> (893, 26, 950, t3=t2+(1, 5))	2	138
(694, 48, 891, t1) & (417, 23, 359, t2=t1+(0, 6)) -> (417, 29, 891, t3=t2+(1, 5))	2	139
(125, 12, 610, t1) & (645, 10, 450, t2=t1+(0, 5)) -> (610, 25, 645, t3=t2+(1, 6))	2	140
(13, 13, 516, t1) & (767, 32, 261, t2=t1+(0, 2)) -> (261, 33, 13, t3=t2+(1, 4))	2	141
(833, 4, 58, t1) & (77, 19, 199, t2=t1+(0, 2)) -> (58, 0, 77, t3=t2+(1, 4))	2	142
(927, 38, 230, t1) & (677, 23, 519, t2=t1+(0, 4)) -> (230, 26, 519, t3=t2+(1, 4))	2	143
(783, 28, 60, t1) & (141, 20, 608, t2=t1+(0, 5)) -> (60, 37, 141, t3=t2+(1, 2))	2	144
(381, 38, 684, t1) & (375, 18, 21, t2=t1+(0, 5)) -> (21, 3, 381, t3=t2+(1, 4))	2	145
(196, 21, 917, t1) & (646, 14, 28, t2=t1+(0, 2)) -> (917, 6, 28, t3=t2+(1, 4))	2	146
(161, 10, 547, t1) & (1, 12, 312, t2=t1+(0, 4)) -> (1, 1, 161, t3=t2+(1, 7))	2	147
(446, 24, 982, t1) & (75, 47, 327, t2=t1+(0, 6)) -> (75, 35, 982, t3=t2+(1, 1))	2	148
(717, 7, 107, t1) & (525, 40, 21, t2=t1+(0, 6)) -> (21, 6, 717, t3=t2+(1, 5))	2	149
(870, 24, 935, t1) & (899, 25, 32, t2=t1+(0, 1)) -> (899, 17, 870, t3=t2+(1, 7))	2	150
(299, 26, 679, t1) & (903, 10, 6, t2=t1+(0, 3)) -> (679, 7, 903, t3=t2+(1, 6))	2	151
(681, 0, 445, t1) & (335, 45, 804, t2=t1+(0, 3)) -> (445, 43, 804, t3=t2+(1, 9))	2	152
(373, 40, 111, t1) & (947, 31, 105, t2=t1+(0, 0)) -> (373, 31, 105, t3=t2+(1, 5))	2	153
(64, 35, 483, t1) & (610, 28, 435, t2=t1+(0, 7)) -> (64, 2, 610, t3=t2+(1, 6))	2	154
(863, 33, 714, t1) & (150, 1, 680, t2=t1+(0, 9)) -> (680, 7, 863, t3=t2+(1, 7))	2	155
(826, 40, 457, t1) & (908, 7, 132, t2=t1+(0, 4)) -> (908, 6, 826, t3=t2+(1, 6))	2	156
(891, 36, 289, t1) & (244, 34, 49, t2=t1+(0, 8)) -> (891, 8, 244, t3=t2+(1, 4))	2	157
(864, 8, 294, t1) & (293, 12, 657, t2=t1+(0, 4)) -> (293, 15, 294, t3=t2+(1, 4))	2	158
(387, 43, 501, t1) & (179, 22, 250, t2=t1+(0, 3)) -> (501, 26, 179, t3=t2+(1, 3))	2	159
(578, 29, 292, t1) & (670, 13, 858, t2=t1+(0, 4)) -> (670, 22, 292, t3=t2+(1, 5))	2	160
(571, 30, 329, t1) & (526, 5, 955, t2=t1+(0, 7)) -> (571, 7, 955, t3=t2+(1, 3))	2	161
(482, 36, 808, t1) & (295, 2, 620, t2=t1+(0, 9)) -> (295, 28, 808, t3=t2+(1, 7))	2	162
(203, 35, 915, t1) & (919, 43, 114, t2=t1+(0, 6)) -> (114, 12, 915, t3=t2+(1, 6))	2	163
(325, 49, 176, t1) & (488, 6, 729, t2=t1+(0, 4)) -> (729, 41, 176, t3=t2+(1, 5))	2	164
(214, 39, 943, t1) & (432, 25, 747, t2=t1+(0, 4)) -> (432, 12, 214, t3=t2+(1, 5))	2	165
(41, 12, 947, t1) & (992, 32, 424, t2=t1+(0, 5)) -> (424, 3, 947, t3=t2+(1, 6))	2	166
(883, 43, 6, t1) & (153, 15, 90, t2=t1+(0, 2)) -> (6, 17, 153, t3=t2+(1, 2))	2	167
(545, 25, 541, t1) & (906, 8, 676, t2=t1+(0, 3)) -> (676, 3, 541, t3=t2+(1, 1))	2	168
(553, 34, 789, t1) & (729, 26, 682, t2=t1+(0, 5)) -> (682, 5, 789, t3=t2+(1, 1))	2	169
(30, 20, 176, t1) & (691, 48, 127, t2=t1+(0, 7)) -> (30, 22, 127, t3=t2+(1, 5))	2	170
(17, 0, 119, t1) & (98, 10, 852, t2=t1+(0, 5)) -> (98, 48, 17, t3=t2+(1, 7))	2	171
(577, 33, 24, t1) & (70, 43, 426, t2=t1+(0, 2)) -> (24, 10, 426, t3=t2+(1, 6))	2	172
(807, 42, 553, t1) & (751, 22, 182, t2=t1+(0, 1)) -> (807, 44, 751, t3=t2+(1, 4))	2	173
(751, 47, 823, t1) & (185, 31, 559, t2=t1+(0, 4)) -> (823, 22, 559, t3=t2+(1, 4))	2	174
(531, 21, 986, t1) & (156, 28, 554, t2=t1+(0, 5)) -> (554, 47, 531, t3=t2+(1, 7))	2	175
(338, 40, 143, t1) & (692, 38, 887, t2=t1+(0, 2)) -> (338, 13, 887, t3=t2+(1, 2))	2	176
(561, 9, 867, t1) & (886, 42, 999, t2=t1+(0, 7)) -> (999, 14, 561, t3=t2+(1, 1))	2	177
(834, 36, 431, t1) & (800, 11, 470, t2=t1+(0, 1)) -> (800, 25, 431, t3=t2+(1, 9))	2	178
(377, 5, 934, t1) & (169, 14, 973, t2=t1+(0, 4)) -> (169, 25, 377, t3=t2+(1, 5))	2	179
(387, 1, 996, t1) & (530, 17, 477, t2=t1+(0, 4)) -> (996, 44, 477, t3=t2+(1, 4))	2	180
(619, 24, 593, t1) & (16, 2, 738, t2=t1+(0, 2)) -> (619, 24, 738, t3=t2+(1, 4))	2	181
(122, 14, 616, t1) & (184, 32, 444, t2=t1+(0, 3)) -> (184, 26, 122, t3=t2+(1, 8))	2	182
(707, 21, 748, t1) & (906, 38, 852, t2=t1+(0, 6)) -> (707, 42, 906, t3=t2+(1, 3))	2	183
(486, 4, 18, t1) & (951, 23, 446, t2=t1+(0, 7)) -> (446, 5, 486, t3=t2+(1, 5))	2	184
(253, 31, 714, t1) & (153, 46, 597, t2=t1+(0, 5)) -> (253, 43, 153, t3=t2+(1, 5))	2	185
(820, 38, 506, t1) & (867, 42, 892, t2=t1+(0, 4)) -> (820, 44, 867, t3=t2+(1, 5))	2	186
(504, 35, 488, t1) & (275, 45, 384, t2=t1+(0, 10)) -> (384, 44, 488, t3=t2+(1, 4))	2	187
(757, 28, 236, t1) & (177, 14, 970, t2=t1+(0, 3)) -> (177, 3, 236, t3=t2+(1, 3))	2	188
(31, 22, 677, t1) & (737, 13, 378, t2=t1+(0, 4)) -> (737, 43, 677, t3=t2+(1, 7))	2	189
(330, 41, 965, t1) & (723, 27, 244, t2=t1+(0, 2)) -> (723, 45, 965, t3=t2+(1, 6))	2	190
(329, 19, 949, t1) & (713, 33, 817, t2=t1+(0, 5)) -> (949, 42, 713, t3=t2+(1, 8))	2	191
(91, 46, 94, t1) & (664, 11, 338, t2=t1+(0, 5)) -> (338, 35, 91, t3=t2+(1, 4))	2	192
(700, 15, 341, t1) & (82, 28, 251, t2=t1+(0, 3)) -> (251, 36, 700, t3=t2+(1, 3))	2	193
(194, 3, 590, t1) & (857, 7, 69, t2=t1+(0, 5)) -> (590, 30, 857, t3=t2+(1, 5))	2	194
(246, 34, 936, t1) & (663, 14, 195, t2=t1+(0, 7)) -> (246, 2, 195, t3=t2+(1, 1))	2	195
(183, 35, 608, t1) & (889, 1, 368, t2=t1+(0, 5)) -> (608, 42, 889, t3=t2+(1, 2))	2	196
(101, 13, 175, t1) & (35, 39, 695, t2=t1+(0, 1)) -> (175, 24, 695, t3=t2+(1, 9))	2	197
(241, 9, 685, t1) & (902, 8, 836, t2=t1+(0, 5)) -> (902, 14, 241, t3=t2+(1, 6))	2	198
(143, 16, 377, t1) & (652, 19, 972, t2=t1+(0, 6)) -> (143, 12, 972, t3=t2+(1, 5))	2	199
(692, 44, 754, t1) -> (154, 14, 692, t2=t1+(1, 6))	1	200
(850, 18, 127, t1) -> (841, 27, 127, t2=t1+(1, 4))	1	201
(188, 27, 850, t1) -> (850, 41, 188, t2=t1+(1, 3))	1	202
(447, 14, 604, t1) -> (604, 25, 604, t2=t1+(1, 7))	1	203
(820, 32, 81, t1) -> (81, 35, 81, t2=t1+(1, 5))	1	204
(177, 41, 794, t1) -> (794, 15, 794, t2=t1+(1, 7))	1	205
(674, 5, 61, t1) -> (706, 2, 61, t2=t1+(1, 6))	1	206
(263, 18, 678, t1) -> (678, 14, 459, t2=t1+(1, 7))	1	207
(499, 39, 749, t1) -> (72, 20, 499, t2=t1+(1, 7))	1	208
(588, 44, 905, t1) -> (382, 9, 905, t2=t1+(1, 3))	1	209
(492, 29, 137, t1) -> (492, 9, 728, t2=t1+(1, 5))	1	210
(909, 0, 538, t1) -> (909, 39, 909, t2=t1+(1, 4))	1	211
(520, 41, 717, t1) -> (717, 12, 520, t2=t1+(1, 4))	1	212
(45, 44, 439, t1) -> (45, 42, 45, t2=t1+(1, 3))	1	213
(855, 26, 974, t1) -> (974, 7, 370, t2=t1+(1, 3))	1	214
(63, 7, 744, t1) -> (63, 0, 660, t2=t1+(1, 3))	1	215
(594, 43, 538, t1) -> (560, 15, 594, t2=t1+(1, 3))	1	216
(902, 42, 459, t1) -> (459, 31, 987, t2=t1+(1, 1))	1	217
(180, 47, 955, t1) -> (180, 0, 180, t2=t1+(1, 4))	1	218
(46, 27, 185, t1) -> (185, 33, 786, t2=t1+(1, 2))	1	219
(169, 48, 957, t1) -> (274, 47, 957, t2=t1+(1, 2))	1	220
(575, 36, 271, t1) -> (271, 40, 153, t2=t1+(1, 6))	1	221
(834, 46, 748, t1) -> (748, 1, 667, t2=t1+(1, 8))	1	222
(913, 1, 919, t1) -> (919, 32, 469, t2=t1+(1, 3))	1	223
(133, 32, 219, t1) -> (337, 44, 133, t2=t1+(1, 7))	1	224
(813, 2, 15, t1) -> (517, 13, 813, t2=t1+(1, 2))	1	225
(769, 4, 88, t1) -> (533, 7, 769, t2=t1+(1, 8))	1	226
(746, 15, 76, t1) -> (746, 16, 737, t2=t1+(1, 7))	1	227
(684, 48, 551, t1) -> (684, 22, 986, t2=t1+(1, 5))	1	228
(140, 44, 143, t1) -> (143, 32, 143, t2=t1+(1, 6))	1	229
(85, 14, 917, t1) -> (85, 2, 917, t2=t1+(1, 4))	1	230
(334, 28, 757, t1) -> (866, 48, 757, t2=t1+(1, 5))	1	231
(720, 38, 22, t1) -> (22, 7, 720, t2=t1+(1, 5))	1	232
(618, 43, 828, t1) -> (618, 46, 635, t2=t1+(1, 6))	1	233
(654, 47, 404, t1) -> (654, 4, 260, t2=t1+(1, 8))	1	234
(811, 41, 9, t1) -> (811, 45, 9, t2=t1+(1, 7))	1	235
(677, 29, 728, t1) -> (677, 48, 728, t2=t1+(1, 5))	1	236
(911, 13, 666, t1) -> (666, 25, 911, t2=t1+(1, 2))	1	237
(344, 16, 585, t1) -> (344, 38, 585, t2=t1+(1, 6))	1	238
(768, 23, 887, t1) -> (887, 45, 768, t2=t1+(1, 3))	1	239
(732, 25, 31, t1) -> (31, 40, 458, t2=t1+(1, 3))	1	240
(558, 22, 644, t1) -> (558, 10, 647, t2=t1+(1, 11))	1	241
(229, 36, 42, t1) -> (229, 17, 42, t2=t1+(1, 7))	1	242
(385, 16, 771, t1) -> (771, 20, 253, t2=t1+(1, 3))	1	243
(432, 2, 753, t1) -> (779, 41, 432, t2=t1+(1, 5))	1	244
(778, 0, 718, t1) -> (778, 9, 718, t2=t1+(1, 8))	1	245
(118, 4, 17, t1) -> (714, 41, 17, t2=t1+(1, 1))	1	246
(581, 15, 993, t1) -> (581, 35, 477, t2=t1+(1, 8))	1	247
(973, 6, 318, t1) -> (318, 7, 755, t2=t1+(1, 13))	1	248
(246, 23, 942, t1) -> (942, 5, 942, t2=t1+(1, 6))	1	249
(930, 23, 877, t1) -> (930, 33, 584, t2=t1+(1, 4))	1	250
(752, 45, 518, t1) -> (752, 31, 52, t2=t1+(1, 3))	1	251
(729, 2, 982, t1) -> (729, 37, 392, t2=t1+(1, 5))	1	252
(420, 36, 607, t1) -> (420, 20, 83, t2=t1+(1, 9))	1	253
(44, 24, 883, t1) -> (883, 38, 771, t2=t1+(1, 6))	1	254
(455, 17, 459, t1) -> (459, 11, 506, t2=t1+(1, 7))	1	255
(259, 0, 472, t1) -> (472, 9, 259, t2=t1+(1, 6))	1	256
(327, 29, 863, t1) -> (863, 42, 811, t2=t1+(1, 1))	1	257
(139, 15, 249, t1) -> (139, 36, 139, t2=t1+(1, 4))	1	258
(87, 32, 719, t1) -> (1, 36, 719, t2=t1+(1, 3))	1	259
(319, 27, 309, t1) -> (319, 16, 842, t2=t1+(1, 1))	1	260
(212, 11, 813, t1) -> (813, 32, 212, t2=t1+(1, 6))	1	261
(428, 9, 22, t1) -> (428, 8, 272, t2=t1+(1, 7))	1	262
(555, 17, 396, t1) -> (577, 5, 396, t2=t1+(1, 4))	1	263
(244, 43, 346, t1) -> (244, 5, 402, t2=t1+(1, 4))	1	264
(197, 48, 742, t1) -> (511, 13, 197, t2=t1+(1, 4))	1	265
(924, 11, 579, t1) -> (924, 4, 45, t2=t1+(1, 8))	1	266
(949, 0, 527, t1) -> (949, 0, 174, t2=t1+(1, 6))	1	267
(303, 11, 997, t1) -> (997, 44, 997, t2=t1+(1, 6))	1	268
(108, 10, 80, t1) -> (80, 37, 341, t2=t1+(1, 5))	1	269
(872, 46, 552, t1) -> (872, 37, 872, t2=t1+(1, 6))	1	270
(724, 28, 938, t1) -> (877, 44, 724, t2=t1+(1, 8))	1	271
(8, 14, 924, t1) -> (8, 20, 494, t2=t1+(1, 2))	1	272
(444, 18, 374, t1) -> (444, 21, 982, t2=t1+(1, 1))	1	273
(962, 44, 499, t1) -> (499, 5, 962, t2=t1+(1, 7))	1	274
(492, 40, 549, t1) -> (492, 19, 549, t2=t1+(1, 5))	1	275
(10, 21, 219, t1) -> (219, 5, 10, t2=t1+(1, 7))	1	276
(721, 38, 642, t1) -> (284, 16, 642, t2=t1+(1, 2))	1	277
(4, 47, 46, t1) -> (4, 37, 46, t2=t1+(1, 5))	1	278
(840, 5, 996, t1) -> (269, 25, 840, t2=t1+(1, 2))	1	279
(196, 42, 695, t1) -> (706, 49, 196, t2=t1+(1, 5))	1	280
(767, 26, 102, t1) -> (767, 17, 902, t2=t1+(1, 3))	1	281
(984, 32, 869, t1) -> (382, 15, 984, t2=t1+(1, 8))	1	282
(180, 13, 257, t1) -> (257, 49, 867, t2=t1+(1, 2))	1	283
(887, 44, 135, t1) -> (887, 8, 135, t2=t1+(1, 1))	1	284
(334, 0, 601, t1) -> (601, 42, 508, t2=t1+(1, 9))	1	285
(718, 43, 378, t1) -> (378, 17, 113, t2=t1+(1, 2))	1	286
(941, 10, 769, t1) -> (941, 28, 769, t2=t1+(1, 2))	1	287
(812, 42, 397, t1) -> (397, 46, 953, t2=t1+(1, 8))	1	288
(573, 25, 431, t1) -> (573, 0, 151, t2=t1+(1, 3))	1	289
(582, 47, 343, t1) -> (451, 21, 343, t2=t1+(1, 2))	1	290
(963, 0, 678, t1) -> (438, 17, 963, t2=t1+(1, 6))	1	291
(548, 45, 448, t1) -> (448, 25, 448, t2=t1+(1, 5))	1	292
(501, 42, 982, t1) -> (733, 28, 501, t2=t1+(1, 6))	1	293
(386, 16, 292, t1) -> (577, 44, 386, t2=t1+(1, 3))	1	294
(128, 49, 798, t1) -> (861, 33, 798, t2=t1+(1, 3))	1	295
(328, 5, 125, t1) -> (125, 0, 75, t2=t1+(1, 4))	1	296
(336, 49, 955, t1) -> (565, 26, 955, t2=t1+(1, 6))	1	297
(702, 33, 204, t1) -> (702, 10, 702, t2=t1+(1, 2))	1	298
(377, 2, 214, t1) -> (377, 48, 214, t2=t1+(1, 7))	1	299
