(3834, 76, 4193, t1) & (4513, 133, 3744, t2=t1+(0, 5)) & (4513, 28, 4193, t3=t2+(0, 8)) -> (4193, 133, 4193, t4=t3+(1, 4))	3	0
(1975, 89, 2281, t1) & (1742, 72, 1815, t2=t1+(0, 10)) & (1815, 19, 2281, t3=t2+(0, 4)) -> (1742, 89, 1975, t4=t3+(1, 3))	3	1
(3970, 133, 4418, t1) & (150, 152, 758, t2=t1+(0, 11)) & (758, 189, 4418, t3=t2+(0, 5)) -> (4418, 189, 150, t4=t3+(1, 4))	3	2
(2198, 111, 3249, t1) & (4368, 114, 4404, t2=t1+(0, 2)) & (4368, 7, 2198, t3=t2+(0, 2)) -> (2198, 111, 2198, t4=t3+(1, 4))	3	3
(3884, 185, 3828, t1) & (3300, 172, 560, t2=t1+(0, 4)) & (3884, 113, 3300, t3=t2+(0, 4)) -> (3300, 113, 3884, t4=t3+(1, 4))	3	4
(4024, 19, 2417, t1) & (756, 106, 2819, t2=t1+(0, 9)) & (4024, 67, 756, t3=t2+(0, 6)) -> (2819, 106, 756, t4=t3+(1, 3))	3	5
(18, 194, 4948, t1) & (857, 33, 4763, t2=t1+(0, 7)) & (857, 139, 4948, t3=t2+(0, 3)) -> (4948, 194, 4948, t4=t3+(1, 2))	3	6
(950, 30, 1519, t1) & (915, 128, 65, t2=t1+(0, 5)) & (65, 47, 950, t3=t2+(0, 6)) -> (950, 128, 1519, t4=t3+(1, 6))	3	7
(2558, 69, 4759, t1) & (1885, 123, 3329, t2=t1+(0, 6)) & (4759, 103, 3329, t3=t2+(0, 4)) -> (3329, 123, 3329, t4=t3+(1, 9))	3	8
(4828, 15, 1590, t1) & (4454, 127, 1759, t2=t1+(0, 6)) & (4828, 108, 1759, t3=t2+(0, 8)) -> (1759, 108, 1590, t4=t3+(1, 4))	3	9
(2962, 115, 3091, t1) & (57, 16, 4161, t2=t1+(0, 9)) & (4161, 138, 2962, t3=t2+(0, 5)) -> (4161, 138, 3091, t4=t3+(1, 7))	3	10
(871, 164, 4973, t1) & (194, 18, 4302, t2=t1+(0, 6)) & (4302, 20, 4973, t3=t2+(0, 7)) -> (4302, 18, 4302, t4=t3+(1, 7))	3	11
(3179, 60, 101, t1) & (999, 108, 896, t2=t1+(0, 5)) & (3179, 33, 896, t3=t2+(0, 6)) -> (3179, 33, 896, t4=t3+(1, 6))	3	12
(4828, 6, 1554, t1) & (1674, 11, 1681, t2=t1+(0, 7)) & (1681, 17, 4828, t3=t2+(0, 4)) -> (4828, 17, 1674, t4=t3+(1, 5))	3	13
(4379, 83, 1299, t1) & (2643, 102, 4893, t2=t1+(0, 3)) & (2643, 54, 1299, t3=t2+(0, 3)) -> (1299, 54, 4893, t4=t3+(1, 3))	3	14
(3110, 50, 4578, t1) & (2332, 84, 3779, t2=t1+(0, 5)) & (4578, 119, 2332, t3=t2+(0, 5)) -> (4578, 119, 2332, t4=t3+(1, 6))	3	15
(2525, 45, 1020, t1) & (2637, 15, 380, t2=t1+(0, 8)) & (2525, 127, 380, t3=t2+(0, 7)) -> (2525, 15, 1020, t4=t3+(1, 8))	3	16
(343, 101, 320, t1) & (1064, 100, 1977, t2=t1+(0, 6)) & (320, 183, 1977, t3=t2+(0, 7)) -> (1977, 183, 1064, t4=t3+(1, 8))	3	17
(4655, 133, 118, t1) & (3346, 58, 3291, t2=t1+(0, 6)) & (3291, 129, 118, t3=t2+(0, 2)) -> (3346, 58, 3291, t4=t3+(1, 2))	3	18
(2013, 173, 981, t1) & (1168, 194, 960, t2=t1+(0, 9)) & (981, 107, 1168, t3=t2+(0, 5)) -> (2013, 107, 1168, t4=t3+(1, 4))	3	19
(1778, 120, 39, t1) & (1467, 10, 2166, t2=t1+(0, 2)) & (1467, 176, 1778, t3=t2+(0, 7)) -> (2166, 176, 2166, t4=t3+(1, 3))	3	20
(2632, 62, 184, t1) & (2500, 113, 1731, t2=t1+(0, 9)) & (1731, 152, 2632, t3=t2+(0, 7)) -> (2500, 152, 1731, t4=t3+(1, 6))	3	21
(396, 34, 160, t1) & (3481, 96, 2227, t2=t1+(0, 3)) & (160, 160, 3481, t3=t2+(0, 7)) -> (3481, 34, 160, t4=t3+(1, 3))	3	22
(4243, 117, 4220, t1) & (3526, 4, 299, t2=t1+(0, 7)) & (3526, 28, 4243, t3=t2+(0, 5)) -> (4243, 4, 4243, t4=t3+(1, 4))	3	23
(2381, 129, 1140, t1) & (1287, 155, 3648, t2=t1+(0, 5)) & (1287, 17, 1140, t3=t2+(0, 5)) -> (2381, 129, 1140, t4=t3+(1, 9))	3	24
(2749, 158, 1307, t1) & (2749, 167, 645, t2=t1+(0, 5)) -> (2749, 158, 1307, t3=t2+(1, 4))	2	25
(4933, 198, 2289, t1) & (2289, 105, 4933, t2=t1+(0, 8)) -> (2289, 198, 2289, t3=t2+(1, 5))	2	26
(358, 140, 887, t1) & (358, 159, 358, t2=t1+(0, 4)) -> (358, 159, 887, t3=t2+(1, 5))	2	27
(303, 196, 1041, t1) & (1041, 67, 4758, t2=t1+(0, 4)) -> (303, 67, 4758, t3=t2+(1, 10))	2	28
(735, 62, 2557, t1) & (2209, 104, 735, t2=t1+(0, 4)) -> (735, 62, 2557, t3=t2+(1, 4))	2	29
(4820, 121, 4664, t1) & (4664, 144, 2725, t2=t1+(0, 7)) -> (2725, 121, 2725, t3=t2+(1, 9))	2	30
(4195, 107, 2985, t1) & (2985, 44, 4195, t2=t1+(0, 4)) -> (2985, 44, 4195, t3=t2+(1, 5))	2	31
(1744, 61, 158, t1) & (1744, 108, 1744, t2=t1+(0, 5)) -> (1744, 61, 1744, t3=t2+(1, 3))	2	32
(1613, 102, 3780, t1) & (1613, 60, 3780, t2=t1+(0, 6)) -> (1613, 60, 3780, t3=t2+(1, 2))	2	33
(3704, 141, 3072, t1) & (2293, 129, 3704, t2=t1+(0, 4)) -> (3072, 141, 3704, t3=t2+(1, 10))	2	34
(4595, 69, 477, t1) & (477, 194, 477, t2=t1+(0, 14)) -> (477, 69, 477, t3=t2+(1, 6))	2	35
(270, 119, 3594, t1) & (3594, 187, 270, t2=t1+(0, 1)) -> (270, 187, 270, t3=t2+(1, 3))	2	36
(3113, 112, 2943, t1) & (1810, 118, 2943, t2=t1+(0, 0)) -> (2943, 112, 3113, t3=t2+(1, 2))	2	37
(1770, 32, 139, t1) & (3290, 20, 139, t2=t1+(0, 7)) -> (139, 20, 139, t3=t2+(1, 6))	2	38
(2031, 165, 403, t1) & (4585, 179, 403, t2=t1+(0, 3)) -> (403, 179, 2031, t3=t2+(1, 5))	2	39
(4921, 153, 1844, t1) & (678, 15, 4921, t2=t1+(0, 5)) -> (4921, 15, 4921, t3=t2+(1, 4))	2	40
(2784, 70, 405, t1) & (1842, 174, 405, t2=t1+(0, 5)) -> (2784, 70, 2784, t3=t2+(1, 4))	2	41
(3750, 150, 4569, t1) & (3750, 176, 924, t2=t1+(0, 2)) -> (3750, 150, 3750, t3=t2+(1, 3))	2	42
(436, 110, 4361, t1) & (4361, 95, 2812, t2=t1+(0, 5)) -> (436, 95, 4361, t3=t2+(1, 6))	2	43
(3341, 163, 1296, t1) & (8, 46, 3341, t2=t1+(0, 7)) -> (3341, 46, 3341, t3=t2+(1, 6))	2	44
(2092, 193, 2381, t1) & (589, 60, 2092, t2=t1+(0, 6)) -> (2381, 60, 589, t3=t2+(1, 7))	2	45
(3201, 108, 1060, t1) & (3409, 130, 1060, t2=t1+(0, 8)) -> (3409, 108, 1060, t3=t2+(1, 3))	2	46
(3250, 197, 85, t1) & (3262, 124, 85, t2=t1+(0, 2)) -> (3262, 197, 3250, t3=t2+(1, 7))	2	47
(1536, 96, 4834, t1) & (1536, 26, 1653, t2=t1+(0, 3)) -> (1536, 26, 1536, t3=t2+(1, 6))	2	48
(2263, 180, 854, t1) & (854, 141, 854, t2=t1+(0, 8)) -> (854, 141, 854, t3=t2+(1, 2))	2	49
(2883, 64, 4798, t1) & (2412, 178, 2883, t2=t1+(0, 3)) -> (2412, 64, 2883, t3=t2+(1, 7))	2	50
(2595, 133, 2859, t1) & (4798, 73, 2595, t2=t1+(0, 5)) -> (4798, 133, 2595, t3=t2+(1, 4))	2	51
(1717, 87, 3395, t1) & (3395, 17, 4416, t2=t1+(0, 1)) -> (3395, 17, 3395, t3=t2+(1, 3))	2	52
(3963, 39, 4839, t1) & (2628, 58, 4839, t2=t1+(0, 1)) -> (2628, 39, 4839, t3=t2+(1, 4))	2	53
(1891, 18, 1748, t1) & (788, 5, 1748, t2=t1+(0, 5)) -> (1891, 18, 1748, t3=t2+(1, 3))	2	54
(3542, 28, 4977, t1) & (4977, 25, 4977, t2=t1+(0, 2)) -> (3542, 25, 4977, t3=t2+(1, 2))	2	55
(2097, 158, 1771, t1) & (2097, 143, 2457, t2=t1+(0, 6)) -> (2457, 158, 1771, t3=t2+(1, 2))	2	56
(3442, 178, 3730, t1) & (3730, 17, 3368, t2=t1+(0, 6)) -> (3730, 17, 3368, t3=t2+(1, 2))	2	57
(746, 3, 2503, t1) & (3579, 192, 2503, t2=t1+(0, 8)) -> (2503, 192, 2503, t3=t2+(1, 1))	2	58
(3526, 14, 3830, t1) & (3526, 9, 3830, t2=t1+(0, 3)) -> (3830, 14, 3526, t3=t2+(1, 5))	2	59
(1018, 179, 609, t1) & (1018, 22, 1018, t2=t1+(0, 6)) -> (1018, 179, 1018, t3=t2+(1, 4))	2	60
(162, 38, 1840, t1) & (1840, 142, 88, t2=t1+(0, 2)) -> (1840, 142, 1840, t3=t2+(1, 3))	2	61
(4360, 163, 4970, t1) & (4360, 185, 4970, t2=t1+(0, 3)) -> (4360, 163, 4360, t3=t2+(1, 1))	2	62
(4040, 151, 1609, t1) & (249, 72, 1609, t2=t1+(0, 4)) -> (1609, 72, 249, t3=t2+(1, 9))	2	63
(976, 154, 1357, t1) & (1530, 61, 976, t2=t1+(0, 6)) -> (1357, 61, 1357, t3=t2+(1, 7))	2	64
(2045, 81, 4562, t1) & (1382, 19, 4562, t2=t1+(0, 4)) -> (2045, 81, 4562, t3=t2+(1, 5))	2	65
(2657, 68, 1933, t1) & (466, 149, 2657, t2=t1+(0, 5)) -> (2657, 149, 466, t3=t2+(1, 3))	2	66
(1453, 140, 4103, t1) & (1453, 101, 4103, t2=t1+(0, 7)) -> (4103, 101, 1453, t3=t2+(1, 3))	2	67
(3102, 124, 3003, t1) & (3003, 101, 3003, t2=t1+(0, 6)) -> (3003, 124, 3003, t3=t2+(1, 4))	2	68
(1687, 146, 4932, t1) & (4932, 18, 4932, t2=t1+(0, 5)) -> (1687, 18, 4932, t3=t2+(1, 5))	2	69
(1308, 137, 3044, t1) & (4537, 191, 1308, t2=t1+(0, 6)) -> (1308, 137, 1308, t3=t2+(1, 5))	2	70
(4425, 142, 1825, t1) & (1825, 123, 2552, t2=t1+(0, 5)) -> (1825, 142, 1825, t3=t2+(1, 5))	2	71
(2399, 35, 4670, t1) & (4670, 82, 4670, t2=t1+(0, 6)) -> (4670, 82, 4670, t3=t2+(1, 5))	2	72
(3598, 59, 3272, t1) & (3272, 45, 855, t2=t1+(0, 5)) -> (3272, 45, 3598, t3=t2+(1, 4))	2	73
(3704, 175, 777, t1) & (777, 125, 3704, t2=t1+(0, 3)) -> (3704, 175, 777, t3=t2+(1, 7))	2	74
(91, 83, 4357, t1) & (4357, 8, 4357, t2=t1+(0, 4)) -> (4357, 83, 91, t3=t2+(1, 8))	2	75
(2056, 191, 2315, t1) & (2056, 96, 2056, t2=t1+(0, 2)) -> (2056, 96, 2056, t3=t2+(1, 6))	2	76
(151, 105, 709, t1) & (709, 141, 709, t2=t1+(0, 5)) -> (709, 141, 151, t3=t2+(1, 2))	2	77
(1782, 4, 4387, t1) & (4642, 129, 1782, t2=t1+(0, 6)) -> (4642, 129, 4642, t3=t2+(1, 6))	2	78
(3683, 197, 2770, t1) & (2928, 122, 2770, t2=t1+(0, 9)) -> (3683, 197, 2770, t3=t2+(1, 2))	2	79
(3128, 19, 971, t1) & (793, 111, 3128, t2=t1+(0, 7)) -> (3128, 19, 3128, t3=t2+(1, 3))	2	80
(1114, 184, 4891, t1) & (4891, 198, 2597, t2=t1+(0, 3)) -> (1114, 198, 2597, t3=t2+(1, 8))	2	81
(1819, 98, 449, t1) & (2862, 56, 449, t2=t1+(0, 10)) -> (449, 98, 1819, t3=t2+(1, 6))	2	82
(3701, 79, 1102, t1) & (1102, 137, 3701, t2=t1+(0, 4)) -> (3701, 137, 1102, t3=t2+(1, 12))	2	83
(987, 31, 1385, t1) & (1385, 89, 1385, t2=t1+(0, 11)) -> (1385, 31, 1385, t3=t2+(1, 7))	2	84
(3847, 99, 430, t1) & (1883, 94, 3847, t2=t1+(0, 11)) -> (3847, 99, 3847, t3=t2+(1, 4))	2	85
(2848, 12, 4347, t1) & (2848, 40, 1456, t2=t1+(0, 2)) -> (1456, 12, 1456, t3=t2+(1, 3))	2	86
(3934, 107, 3912, t1) & (3912, 5, 3934, t2=t1+(0, 5)) -> (3934, 107, 3934, t3=t2+(1, 4))	2	87
(4907, 198, 39, t1) & (39, 62, 3202, t2=t1+(0, 4)) -> (39, 62, 39, t3=t2+(1, 3))	2	88
(1408, 160, 619, t1) & (4389, 20, 619, t2=t1+(0, 3)) -> (619, 20, 1408, t3=t2+(1, 2))	2	89
(3553, 159, 2887, t1) & (4773, 116, 2887, t2=t1+(0, 4)) -> (2887, 159, 3553, t3=t2+(1, 3))	2	90
(2880, 127, 3401, t1) & (2880, 21, 4711, t2=t1+(0, 5)) -> (3401, 127, 3401, t3=t2+(1, 4))	2	91
(1741, 160, 4014, t1) & (487, 126, 1741, t2=t1+(0, 6)) -> (1741, 160, 1741, t3=t2+(1, 8))	2	92
(1764, 83, 3214, t1) & (923, 150, 3214, t2=t1+(0, 4)) -> (923, 83, 3214, t3=t2+(1, 5))	2	93
(391, 89, 3111, t1) & (814, 53, 391, t2=t1+(0, 3)) -> (3111, 89, 391, t3=t2+(1, 10))	2	94
(3857, 79, 2223, t1) & (3857, 190, 743, t2=t1+(0, 8)) -> (743, 190, 3857, t3=t2+(1, 7))	2	95
(4804, 193, 4011, t1) & (4804, 3, 4011, t2=t1+(0, 5)) -> (4011, 3, 4011, t3=t2+(1, 7))	2	96
(4616, 121, 1453, t1) & (1453, 154, 617, t2=t1+(0, 3)) -> (1453, 121, 1453, t3=t2+(1, 6))	2	97
(2082, 147, 4716, t1) & (4716, 118, 3672, t2=t1+(0, 3)) -> (4716, 147, 4716, t3=t2+(1, 9))	2	98
(3683, 121, 650, t1) & (1360, 169, 3683, t2=t1+(0, 5)) -> (3683, 169, 3683, t3=t2+(1, 3))	2	99
(3786, 74, 1737, t1) & (1737, 75, 2406, t2=t1+(0, 5)) -> (2406, 75, 2406, t3=t2+(1, 6))	2	100
(1296, 187, 159, t1) & (555, 71, 1296, t2=t1+(0, 3)) -> (555, 187, 1296, t3=t2+(1, 6))	2	101
(336, 137, 782, t1) & (782, 111, 456, t2=t1+(0, 5)) -> (782, 111, 782, t3=t2+(1, 6))	2	102
(1554, 193, 3237, t1) & (1554, 34, 3237, t2=t1+(0, 5)) -> (1554, 34, 1554, t3=t2+(1, 5))	2	103
(1102, 42, 2911, t1) & (3439, 184, 1102, t2=t1+(0, 9)) -> (1102, 184, 3439, t3=t2+(1, 4))	2	104
(2756, 147, 4241, t1) & (4241, 37, 2863, t2=t1+(0, 9)) -> (2863, 147, 2863, t3=t2+(1, 6))	2	105
(1531, 18, 829, t1) & (4715, 145, 1531, t2=t1+(0, 6)) -> (4715, 18, 1531, t3=t2+(1, 9))	2	106
(1680, 169, 3768, t1) & (3768, 38, 3768, t2=t1+(0, 7)) -> (3768, 38, 3768, t3=t2+(1, 4))	2	107
(3855, 105, 3979, t1) & (302, 148, 3855, t2=t1+(0, 3)) -> (302, 105, 3979, t3=t2+(1, 1))	2	108
(3570, 172, 3864, t1) & (3570, 148, 3149, t2=t1+(0, 9)) -> (3864, 172, 3149, t3=t2+(1, 4))	2	109
(2018, 151, 54, t1) & (54, 87, 54, t2=t1+(0, 2)) -> (54, 151, 54, t3=t2+(1, 5))	2	110
(97, 26, 4740, t1) & (97, 147, 2801, t2=t1+(0, 2)) -> (97, 147, 97, t3=t2+(1, 6))	2	111
(3019, 125, 4346, t1) & (2014, 147, 3019, t2=t1+(0, 3)) -> (2014, 125, 3019, t3=t2+(1, 3))	2	112
(4368, 113, 1685, t1) & (3465, 183, 1685, t2=t1+(0, 2)) -> (1685, 113, 3465, t3=t2+(1, 4))	2	113
(1037, 44, 554, t1) & (1037, 34, 1037, t2=t1+(0, 5)) -> (1037, 34, 1037, t3=t2+(1, 4))	2	114
(1936, 7, 4609, t1) & (4812, 192, 1936, t2=t1+(0, 4)) -> (4812, 7, 4609, t3=t2+(1, 3))	2	115
(4702, 135, 4738, t1) & (4738, 119, 351, t2=t1+(0, 6)) -> (4702, 135, 351, t3=t2+(1, 8))	2	116
(1379, 185, 167, t1) & (167, 158, 167, t2=t1+(0, 3)) -> (167, 185, 167, t3=t2+(1, 1))	2	117
(4960, 122, 3094, t1) & (4960, 143, 4201, t2=t1+(0, 5)) -> (4960, 122, 4960, t3=t2+(1, 6))	2	118
(4615, 127, 3990, t1) & (3990, 48, 3990, t2=t1+(0, 6)) -> (3990, 127, 3990, t3=t2+(1, 8))	2	119
(1647, 103, 1082, t1) & (1082, 89, 4952, t2=t1+(0, 5)) -> (1082, 89, 4952, t3=t2+(1, 5))	2	120
(623, 38, 311, t1) & (503, 97, 623, t2=t1+(0, 5)) -> (623, 38, 623, t3=t2+(1, 4))	2	121
(2363, 160, 1217, t1) & (1217, 64, 1217, t2=t1+(0, 7)) -> (1217, 160, 1217, t3=t2+(1, 3))	2	122
(2765, 163, 2615, t1) & (2615, 74, 2615, t2=t1+(0, 5)) -> (2615, 163, 2615, t3=t2+(1, 5))	2	123
(2996, 186, 1823, t1) & (1823, 75, 3039, t2=t1+(0, 6)) -> (3039, 75, 1823, t3=t2+(1, 5))	2	124
(581, 195, 6, t1) -> (581, 195, 581, t2=t1+(1, 3))	1	125
(22, 125, 0, t1) -> (0, 125, 0, t2=t1+(1, 7))	1	126
(282, 161, 2359, t1) -> (2359, 161, 2359, t2=t1+(1, 7))	1	127
(1271, 114, 4613, t1) -> (1271, 114, 1271, t2=t1+(1, 4))	1	128
(3515, 100, 3643, t1) -> (3515, 100, 3515, t2=t1+(1, 9))	1	129
(3320, 83, 2132, t1) -> (2132, 83, 3320, t2=t1+(1, 3))	1	130
(4094, 31, 2234, t1) -> (4094, 31, 2234, t2=t1+(1, 3))	1	131
(2471, 108, 566, t1) -> (566, 108, 566, t2=t1+(1, 4))	1	132
(1559, 51, 3646, t1) -> (3646, 51, 1559, t2=t1+(1, 2))	1	133
(4383, 141, 3796, t1) -> (4383, 141, 3796, t2=t1+(1, 6))	1	134
(4581, 72, 3026, t1) -> (3026, 72, 4581, t2=t1+(1, 3))	1	135
(3369, 157, 897, t1) -> (897, 157, 897, t2=t1+(1, 5))	1	136
(2201, 197, 236, t1) -> (2201, 197, 2201, t2=t1+(1, 2))	1	137
(3346, 199, 607, t1) -> (607, 199, 607, t2=t1+(1, 2))	1	138
(2197, 146, 3538, t1) -> (2197, 146, 3538, t2=t1+(1, 4))	1	139
(4532, 51, 4601, t1) -> (4532, 51, 4532, t2=t1+(1, 7))	1	140
(3697, 20, 4541, t1) -> (4541, 20, 4541, t2=t1+(1, 6))	1	141
(2463, 92, 1790, t1) -> (2463, 92, 2463, t2=t1+(1, 5))	1	142
(4198, 138, 2266, t1) -> (4198, 138, 4198, t2=t1+(1, 3))	1	143
(2261, 126, 2294, t1) -> (2294, 126, 2294, t2=t1+(1, 5))	1	144
(369, 20, 3372, t1) -> (369, 20, 3372, t2=t1+(1, 6))	1	145
(347, 38, 53, t1) -> (53, 38, 53, t2=t1+(1, 2))	1	146
(2850, 67, 928, t1) -> (928, 67, 2850, t2=t1+(1, 9))	1	147
(2380, 182, 1465, t1) -> (1465, 182, 2380, t2=t1+(1, 1))	1	148
(3073, 181, 3875, t1) -> (3875, 181, 3073, t2=t1+(1, 5))	1	149
(2065, 21, 4213, t1) -> (4213, 21, 2065, t2=t1+(1, 3))	1	150
(2612, 39, 2437, t1) -> (2612, 39, 2437, t2=t1+(1, 9))	1	151
(2756, 118, 1755, t1) -> (2756, 118, 2756, t2=t1+(1, 8))	1	152
(1307, 0, 850, t1) -> (850, 0, 850, t2=t1+(1, 5))	1	153
(1976, 25, 4331, t1) -> (1976, 25, 1976, t2=t1+(1, 2))	1	154
(1849, 87, 1118, t1) -> (1118, 87, 1849, t2=t1+(1, 5))	1	155
(3576, 42, 840, t1) -> (840, 42, 3576, t2=t1+(1, 1))	1	156
(1869, 81, 847, t1) -> (847, 81, 1869, t2=t1+(1, 4))	1	157
(1796, 74, 762, t1) -> (762, 74, 1796, t2=t1+(1, 4))	1	158
(4267, 139, 3921, t1) -> (4267, 139, 3921, t2=t1+(1, 3))	1	159
(1326, 66, 67, t1) -> (1326, 66, 1326, t2=t1+(1, 4))	1	160
(4790, 102, 1309, t1) -> (4790, 102, 4790, t2=t1+(1, 4))	1	161
(981, 70, 2217, t1) -> (2217, 70, 2217, t2=t1+(1, 6))	1	162
(889, 68, 3587, t1) -> (3587, 68, 3587, t2=t1+(1, 2))	1	163
(3731, 102, 1426, t1) -> (3731, 102, 1426, t2=t1+(1, 5))	1	164
(3974, 109, 2900, t1) -> (2900, 109, 3974, t2=t1+(1, 2))	1	165
(3609, 124, 735, t1) -> (735, 124, 3609, t2=t1+(1, 4))	1	166
(3647, 70, 4903, t1) -> (4903, 70, 4903, t2=t1+(1, 6))	1	167
(4484, 195, 3604, t1) -> (4484, 195, 3604, t2=t1+(1, 2))	1	168
(4966, 55, 1020, t1) -> (1020, 55, 1020, t2=t1+(1, 2))	1	169
(2342, 58, 3559, t1) -> (2342, 58, 3559, t2=t1+(1, 5))	1	170
(4936, 100, 1432, t1) -> (1432, 100, 1432, t2=t1+(1, 2))	1	171
(1202, 139, 2702, t1) -> (2702, 139, 1202, t2=t1+(1, 3))	1	172
(2311, 33, 2442, t1) -> (2442, 33, 2311, t2=t1+(1, 2))	1	173
(948, 162, 1269, t1) -> (1269, 162, 1269, t2=t1+(1, 2))	1	174
(1681, 87, 28, t1) -> (1681, 87, 28, t2=t1+(1, 3))	1	175
(728, 158, 805, t1) -> (728, 158, 728, t2=t1+(1, 6))	1	176
(3658, 117, 4674, t1) -> (4674, 117, 4674, t2=t1+(1, 2))	1	177
(2832, 11, 2635, t1) -> (2832, 11, 2635, t2=t1+(1, 4))	1	178
(96, 85, 1222, t1) -> (1222, 85, 96, t2=t1+(1, 4))	1	179
(2053, 143, 1430, t1) -> (2053, 143, 1430, t2=t1+(1, 9))	1	180
(2508, 33, 3864, t1) -> (2508, 33, 2508, t2=t1+(1, 6))	1	181
(561, 171, 244, t1) -> (561, 171, 561, t2=t1+(1, 6))	1	182
(619, 170, 464, t1) -> (464, 170, 619, t2=t1+(1, 4))	1	183
(2007, 51, 3331, t1) -> (2007, 51, 2007, t2=t1+(1, 3))	1	184
(3072, 184, 2116, t1) -> (3072, 184, 3072, t2=t1+(1, 6))	1	185
(3727, 74, 3923, t1) -> (3727, 74, 3727, t2=t1+(1, 7))	1	186
(3141, 152, 4794, t1) -> (4794, 152, 3141, t2=t1+(1, 4))	1	187
(174, 124, 2478, t1) -> (174, 124, 2478, t2=t1+(1, 5))	1	188
(2448, 131, 2700, t1) -> (2448, 131, 2448, t2=t1+(1, 12))	1	189
(2733, 101, 2325, t1) -> (2325, 101, 2733, t2=t1+(1, 7))	1	190
(4996, 152, 4184, t1) -> (4996, 152, 4996, t2=t1+(1, 5))	1	191
(413, 95, 2707, t1) -> (2707, 95, 413, t2=t1+(1, 3))	1	192
(3977, 157, 730, t1) -> (730, 157, 730, t2=t1+(1, 9))	1	193
(962, 11, 3803, t1) -> (3803, 11, 962, t2=t1+(1, 5))	1	194
(3480, 80, 1282, t1) -> (3480, 80, 1282, t2=t1+(1, 6))	1	195
(254, 94, 2370, t1) -> (2370, 94, 254, t2=t1+(1, 7))	1	196
(2997, 185, 2561, t1) -> (2561, 185, 2561, t2=t1+(1, 2))	1	197
(1604, 60, 1849, t1) -> (1604, 60, 1849, t2=t1+(1, 5))	1	198
(3342, 43, 3977, t1) -> (3977, 43, 3977, t2=t1+(1, 5))	1	199
(3329, 108, 4742, t1) -> (3329, 108, 3329, t2=t1+(1, 4))	1	200
(1952, 76, 3114, t1) -> (3114, 76, 3114, t2=t1+(1, 5))	1	201
(129, 147, 1296, t1) -> (129, 147, 129, t2=t1+(1, 5))	1	202
(980, 177, 1483, t1) -> (1483, 177, 1483, t2=t1+(1, 2))	1	203
(4997, 193, 2961, t1) -> (2961, 193, 2961, t2=t1+(1, 8))	1	204
(3977, 45, 590, t1) -> (3977, 45, 3977, t2=t1+(1, 6))	1	205
(3407, 100, 826, t1) -> (826, 100, 3407, t2=t1+(1, 7))	1	206
(1692, 152, 3274, t1) -> (1692, 152, 3274, t2=t1+(1, 6))	1	207
(192, 19, 1306, t1) -> (192, 19, 1306, t2=t1+(1, 9))	1	208
(1116, 52, 928, t1) -> (1116, 52, 1116, t2=t1+(1, 4))	1	209
(1649, 9, 346, t1) -> (1649, 9, 346, t2=t1+(1, 6))	1	210
(3381, 162, 4047, t1) -> (4047, 162, 4047, t2=t1+(1, 8))	1	211
(1649, 199, 4510, t1) -> (4510, 199, 4510, t2=t1+(1, 3))	1	212
(1279, 136, 1365, t1) -> (1365, 136, 1365, t2=t1+(1, 6))	1	213
(113, 182, 3031, t1) -> (113, 182, 113, t2=t1+(1, 6))	1	214
(4726, 149, 4711, t1) -> (4711, 149, 4711, t2=t1+(1, 9))	1	215
(2020, 138, 3174, t1) -> (3174, 138, 3174, t2=t1+(1, 4))	1	216
(2598, 161, 4532, t1) -> (4532, 161, 2598, t2=t1+(1, 5))	1	217
(3560, 36, 2782, t1) -> (3560, 36, 2782, t2=t1+(1, 4))	1	218
(1980, 150, 2827, t1) -> (2827, 150, 1980, t2=t1+(1, 4))	1	219
(4892, 118, 1075, t1) -> (1075, 118, 4892, t2=t1+(1, 4))	1	220
(2221, 179, 351, t1) -> (2221, 179, 2221, t2=t1+(1, 6))	1	221
(1836, 182, 4595, t1) -> (1836, 182, 1836, t2=t1+(1, 2))	1	222
(3442, 113, 3449, t1) -> (3449, 113, 3449, t2=t1+(1, 2))	1	223
(4706, 148, 2794, t1) -> (2794, 148, 2794, t2=t1+(1, 7))	1	224
(4358, 71, 3206, t1) -> (3206, 71, 3206, t2=t1+(1, 4))	1	225
(2353, 112, 3760, t1) -> (2353, 112, 2353, t2=t1+(1, 5))	1	226
(1281, 153, 3918, t1) -> (3918, 153, 3918, t2=t1+(1, 2))	1	227
(1357, 29, 476, t1) -> (476, 29, 1357, t2=t1+(1, 4))	1	228
(1034, 116, 399, t1) -> (399, 116, 1034, t2=t1+(1, 5))	1	229
(430, 95, 4231, t1) -> (430, 95, 430, t2=t1+(1, 5))	1	230
(2305, 196, 735, t1) -> (2305, 196, 735, t2=t1+(1, 8))	1	231
(4737, 26, 669, t1) -> (4737, 26, 4737, t2=t1+(1, 8))	1	232
(1953, 176, 3183, t1) -> (3183, 176, 1953, t2=t1+(1, 9))	1	233
(1153, 36, 539, t1) -> (539, 36, 539, t2=t1+(1, 2))	1	234
(3079, 55, 2510, t1) -> (2510, 55, 3079, t2=t1+(1, 4))	1	235
(1685, 55, 3125, t1) -> (3125, 55, 3125, t2=t1+(1, 6))	1	236
(2354, 19, 2225, t1) -> (2354, 19, 2354, t2=t1+(1, 1))	1	237
(2097, 161, 2760, t1) -> (2760, 161, 2097, t2=t1+(1, 3))	1	238
(3271, 11, 289, t1) -> (289, 11, 3271, t2=t1+(1, 6))	1	239
(4, 178, 2750, t1) -> (4, 178, 4, t2=t1+(1, 6))	1	240
(1122, 129, 2858, t1) -> (2858, 129, 1122, t2=t1+(1, 8))	1	241
(2078, 34, 165, t1) -> (2078, 34, 2078, t2=t1+(1, 3))	1	242
(2945, 19, 3057, t1) -> (3057, 19, 2945, t2=t1+(1, 2))	1	243
(3367, 9, 1014, t1) -> (1014, 9, 3367, t2=t1+(1, 6))	1	244
(4489, 87, 832, t1) -> (832, 87, 832, t2=t1+(1, 9))	1	245
(3218, 73, 781, t1) -> (781, 73, 781, t2=t1+(1, 9))	1	246
(1420, 129, 4658, t1) -> (4658, 129, 4658, t2=t1+(1, 2))	1	247
(1959, 172, 2458, t1) -> (1959, 172, 1959, t2=t1+(1, 5))	1	248
(1406, 95, 3614, t1) -> (1406, 95, 3614, t2=t1+(1, 5))	1	249
(163, 4, 2739, t1) -> (163, 4, 163, t2=t1+(1, 4))	1	250
(606, 139, 1566, t1) -> (606, 139, 606, t2=t1+(1, 3))	1	251
(474, 50, 2067, t1) -> (474, 50, 474, t2=t1+(1, 6))	1	252
(806, 161, 898, t1) -> (898, 161, 806, t2=t1+(1, 7))	1	253
(3337, 147, 2382, t1) -> (2382, 147, 2382, t2=t1+(1, 5))	1	254
(3425, 12, 1061, t1) -> (3425, 12, 1061, t2=t1+(1, 7))	1	255
(2388, 157, 1483, t1) -> (1483, 157, 2388, t2=t1+(1, 2))	1	256
(3407, 86, 2043, t1) -> (3407, 86, 2043, t2=t1+(1, 5))	1	257
(3580, 88, 3866, t1) -> (3866, 88, 3866, t2=t1+(1, 3))	1	258
(2221, 48, 1928, t1) -> (2221, 48, 2221, t2=t1+(1, 6))	1	259
(4828, 161, 4249, t1) -> (4249, 161, 4249, t2=t1+(1, 6))	1	260
(1031, 99, 549, t1) -> (549, 99, 549, t2=t1+(1, 7))	1	261
(3872, 106, 128, t1) -> (128, 106, 3872, t2=t1+(1, 5))	1	262
(317, 165, 2396, t1) -> (317, 165, 2396, t2=t1+(1, 3))	1	263
(1781, 8, 242, t1) -> (242, 8, 1781, t2=t1+(1, 5))	1	264
(2579, 136, 4039, t1) -> (2579, 136, 2579, t2=t1+(1, 3))	1	265
(4390, 111, 4188, t1) -> (4390, 111, 4188, t2=t1+(1, 6))	1	266
(1431, 66, 4264, t1) -> (4264, 66, 1431, t2=t1+(1, 1))	1	267
(2753, 114, 4094, t1) -> (2753, 114, 4094, t2=t1+(1, 10))	1	268
(4364, 1, 3910, t1) -> (4364, 1, 4364, t2=t1+(1, 8))	1	269
(2113, 75, 329, t1) -> (329, 75, 329, t2=t1+(1, 1))	1	270
(2517, 152, 4666, t1) -> (4666, 152, 4666, t2=t1+(1, 10))	1	271
(4431, 25, 4212, t1) -> (4431, 25, 4431, t2=t1+(1, 7))	1	272
(2018, 146, 898, t1) -> (898, 146, 2018, t2=t1+(1, 3))	1	273
(559, 0, 2177, t1) -> (559, 0, 2177, t2=t1+(1, 3))	1	274
(635, 106, 1180, t1) -> (1180, 106, 635, t2=t1+(1, 7))	1	275
(2988, 34, 1784, t1) -> (1784, 34, 2988, t2=t1+(1, 3))	1	276
(4666, 185, 1608, t1) -> (4666, 185, 1608, t2=t1+(1, 3))	1	277
(242, 170, 339, t1) -> (242, 170, 339, t2=t1+(1, 4))	1	278
(31, 98, 4268, t1) -> (4268, 98, 31, t2=t1+(1, 6))	1	279
(1137, 137, 4020, t1) -> (1137, 137, 4020, t2=t1+(1, 8))	1	280
(2851, 198, 4521, t1) -> (4521, 198, 2851, t2=t1+(1, 4))	1	281
(2466, 152, 3442, t1) -> (2466, 152, 2466, t2=t1+(1, 3))	1	282
(2058, 87, 3533, t1) -> (2058, 87, 2058, t2=t1+(1, 2))	1	283
(3521, 179, 1811, t1) -> (3521, 179, 1811, t2=t1+(1, 6))	1	284
(1124, 180, 1645, t1) -> (1124, 180, 1645, t2=t1+(1, 6))	1	285
(4222, 75, 888, t1) -> (888, 75, 4222, t2=t1+(1, 4))	1	286
(2486, 84, 33, t1) -> (2486, 84, 33, t2=t1+(1, 9))	1	287
(394, 117, 2510, t1) -> (394, 117, 394, t2=t1+(1, 8))	1	288
(3029, 102, 501, t1) -> (3029, 102, 501, t2=t1+(1, 3))	1	289
(1147, 71, 3516, t1) -> (1147, 71, 3516, t2=t1+(1, 3))	1	290
(1942, 88, 4586, t1) -> (1942, 88, 1942, t2=t1+(1, 5))	1	291
(4856, 126, 2895, t1) -> (4856, 126, 4856, t2=t1+(1, 4))	1	292
(2646, 52, 4255, t1) -> (2646, 52, 4255, t2=t1+(1, 4))	1	293
(17, 41, 4013, t1) -> (4013, 41, 17, t2=t1+(1, 3))	1	294
(3038, 16, 4231, t1) -> (4231, 16, 3038, t2=t1+(1, 6))	1	295
(3555, 139, 4083, t1) -> (4083, 139, 3555, t2=t1+(1, 7))	1	296
(2650, 80, 3531, t1) -> (3531, 80, 3531, t2=t1+(1, 4))	1	297
(2352, 153, 2410, t1) -> (2410, 153, 2410, t2=t1+(1, 8))	1	298
(2844, 147, 3190, t1) -> (3190, 147, 3190, t2=t1+(1, 5))	1	299
(3196, 103, 4776, t1) -> (4776, 103, 4776, t2=t1+(1, 6))	1	300
(2121, 71, 4637, t1) -> (4637, 71, 2121, t2=t1+(1, 4))	1	301
(2251, 78, 755, t1) -> (755, 78, 755, t2=t1+(1, 5))	1	302
(4394, 170, 4616, t1) -> (4394, 170, 4394, t2=t1+(1, 12))	1	303
(2676, 98, 2880, t1) -> (2676, 98, 2676, t2=t1+(1, 7))	1	304
(2316, 129, 2965, t1) -> (2316, 129, 2316, t2=t1+(1, 5))	1	305
(2338, 92, 1536, t1) -> (1536, 92, 2338, t2=t1+(1, 4))	1	306
(438, 123, 4141, t1) -> (438, 123, 4141, t2=t1+(1, 5))	1	307
(2245, 65, 2590, t1) -> (2245, 65, 2590, t2=t1+(1, 8))	1	308
(1562, 92, 3560, t1) -> (3560, 92, 1562, t2=t1+(1, 3))	1	309
(887, 56, 1591, t1) -> (1591, 56, 1591, t2=t1+(1, 6))	1	310
(3882, 143, 4554, t1) -> (3882, 143, 3882, t2=t1+(1, 6))	1	311
(4399, 65, 1422, t1) -> (4399, 65, 1422, t2=t1+(1, 8))	1	312
(2342, 136, 3255, t1) -> (2342, 136, 3255, t2=t1+(1, 4))	1	313
(1522, 106, 355, t1) -> (1522, 106, 355, t2=t1+(1, 8))	1	314
(150, 173, 2223, t1) -> (2223, 173, 150, t2=t1+(1, 7))	1	315
(2755, 144, 4219, t1) -> (4219, 144, 4219, t2=t1+(1, 5))	1	316
(2524, 102, 2297, t1) -> (2524, 102, 2297, t2=t1+(1, 7))	1	317
(1465, 15, 2851, t1) -> (2851, 15, 1465, t2=t1+(1, 5))	1	318
(3661, 100, 1739, t1) -> (1739, 100, 1739, t2=t1+(1, 7))	1	319
(1111, 80, 3369, t1) -> (3369, 80, 1111, t2=t1+(1, 2))	1	320
(4407, 172, 1154, t1) -> (1154, 172, 1154, t2=t1+(1, 6))	1	321
(1420, 87, 3301, t1) -> (1420, 87, 1420, t2=t1+(1, 3))	1	322
(1434, 148, 4027, t1) -> (1434, 148, 1434, t2=t1+(1, 4))	1	323
(2365, 126, 1007, t1) -> (1007, 126, 2365, t2=t1+(1, 8))	1	324
(3768, 6, 2309, t1) -> (2309, 6, 3768, t2=t1+(1, 5))	1	325
(2878, 95, 2825, t1) -> (2825, 95, 2878, t2=t1+(1, 6))	1	326
(95, 20, 2198, t1) -> (95, 20, 95, t2=t1+(1, 8))	1	327
(1523, 85, 2891, t1) -> (2891, 85, 1523, t2=t1+(1, 3))	1	328
(4669, 48, 782, t1) -> (782, 48, 782, t2=t1+(1, 5))	1	329
(1345, 56, 4694, t1) -> (4694, 56, 4694, t2=t1+(1, 3))	1	330
(3902, 128, 148, t1) -> (148, 128, 148, t2=t1+(1, 5))	1	331
(3599, 86, 4186, t1) -> (4186, 86, 4186, t2=t1+(1, 4))	1	332
(3087, 150, 4371, t1) -> (3087, 150, 3087, t2=t1+(1, 4))	1	333
(999, 174, 2317, t1) -> (2317, 174, 2317, t2=t1+(1, 3))	1	334
(1466, 117, 2598, t1) -> (1466, 117, 2598, t2=t1+(1, 9))	1	335
(4321, 130, 1338, t1) -> (1338, 130, 1338, t2=t1+(1, 5))	1	336
(161, 131, 2371, t1) -> (2371, 131, 2371, t2=t1+(1, 3))	1	337
(916, 160, 259, t1) -> (916, 160, 259, t2=t1+(1, 5))	1	338
(980, 95, 4512, t1) -> (980, 95, 980, t2=t1+(1, 12))	1	339
(4477, 96, 3589, t1) -> (3589, 96, 3589, t2=t1+(1, 4))	1	340
(29, 180, 1143, t1) -> (1143, 180, 1143, t2=t1+(1, 3))	1	341
(2729, 30, 4266, t1) -> (2729, 30, 2729, t2=t1+(1, 4))	1	342
(654, 70, 4352, t1) -> (4352, 70, 4352, t2=t1+(1, 7))	1	343
(1635, 107, 3072, t1) -> (3072, 107, 1635, t2=t1+(1, 6))	1	344
(4890, 4, 4982, t1) -> (4982, 4, 4982, t2=t1+(1, 9))	1	345
(549, 7, 1949, t1) -> (549, 7, 549, t2=t1+(1, 4))	1	346
(1770, 152, 4404, t1) -> (4404, 152, 4404, t2=t1+(1, 3))	1	347
(2097, 28, 3921, t1) -> (2097, 28, 3921, t2=t1+(1, 3))	1	348
(4016, 156, 4797, t1) -> (4016, 156, 4016, t2=t1+(1, 6))	1	349
(1563, 154, 1374, t1) -> (1563, 154, 1374, t2=t1+(1, 10))	1	350
(2857, 119, 4290, t1) -> (4290, 119, 4290, t2=t1+(1, 4))	1	351
(2844, 138, 1591, t1) -> (2844, 138, 2844, t2=t1+(1, 5))	1	352
(1456, 158, 833, t1) -> (833, 158, 833, t2=t1+(1, 2))	1	353
(3814, 114, 123, t1) -> (3814, 114, 3814, t2=t1+(1, 6))	1	354
(2401, 17, 2980, t1) -> (2980, 17, 2980, t2=t1+(1, 3))	1	355
(4412, 22, 4787, t1) -> (4412, 22, 4787, t2=t1+(1, 7))	1	356
(902, 168, 1277, t1) -> (1277, 168, 902, t2=t1+(1, 2))	1	357
(3811, 136, 1514, t1) -> (3811, 136, 1514, t2=t1+(1, 13))	1	358
(1759, 123, 643, t1) -> (643, 123, 643, t2=t1+(1, 4))	1	359
(3539, 3, 3603, t1) -> (3539, 3, 3539, t2=t1+(1, 10))	1	360
(341, 104, 1519, t1) -> (1519, 104, 341, t2=t1+(1, 3))	1	361
(4796, 166, 2825, t1) -> (4796, 166, 2825, t2=t1+(1, 5))	1	362
(2736, 143, 3337, t1) -> (3337, 143, 2736, t2=t1+(1, 4))	1	363
(1169, 54, 2098, t1) -> (2098, 54, 2098, t2=t1+(1, 6))	1	364
(4348, 83, 4742, t1) -> (4742, 83, 4348, t2=t1+(1, 4))	1	365
(3987, 41, 2631, t1) -> (2631, 41, 3987, t2=t1+(1, 2))	1	366
(2934, 12, 2534, t1) -> (2534, 12, 2934, t2=t1+(1, 4))	1	367
(3665, 9, 3586, t1) -> (3665, 9, 3586, t2=t1+(1, 4))	1	368
(4103, 189, 2467, t1) -> (4103, 189, 2467, t2=t1+(1, 5))	1	369
(3313, 104, 1518, t1) -> (3313, 104, 1518, t2=t1+(1, 7))	1	370
(4504, 170, 1435, t1) -> (1435, 170, 4504, t2=t1+(1, 3))	1	371
(3910, 76, 1880, t1) -> (3910, 76, 1880, t2=t1+(1, 6))	1	372
(110, 141, 2671, t1) -> (2671, 141, 2671, t2=t1+(1, 3))	1	373
(3755, 91, 758, t1) -> (758, 91, 3755, t2=t1+(1, 9))	1	374
(2797, 20, 3157, t1) -> (2797, 20, 3157, t2=t1+(1, 7))	1	375
(108, 122, 2445, t1) -> (2445, 122, 108, t2=t1+(1, 5))	1	376
(82, 111, 4755, t1) -> (4755, 111, 4755, t2=t1+(1, 8))	1	377
(2371, 45, 4973, t1) -> (2371, 45, 2371, t2=t1+(1, 5))	1	378
(1445, 1, 955, t1) -> (1445, 1, 955, t2=t1+(1, 6))	1	379
(10, 142, 4846, t1) -> (4846, 142, 4846, t2=t1+(1, 2))	1	380
(3936, 49, 4870, t1) -> (3936, 49, 4870, t2=t1+(1, 6))	1	381
(2290, 90, 2384, t1) -> (2290, 90, 2384, t2=t1+(1, 3))	1	382
(4794, 23, 3545, t1) -> (4794, 23, 4794, t2=t1+(1, 4))	1	383
(970, 35, 3547, t1) -> (3547, 35, 3547, t2=t1+(1, 5))	1	384
(1064, 160, 4574, t1) -> (4574, 160, 4574, t2=t1+(1, 6))	1	385
(1238, 47, 1129, t1) -> (1238, 47, 1238, t2=t1+(1, 5))	1	386
(2340, 193, 963, t1) -> (963, 193, 2340, t2=t1+(1, 7))	1	387
(1148, 94, 2467, t1) -> (2467, 94, 1148, t2=t1+(1, 4))	1	388
(4339, 106, 3468, t1) -> (3468, 106, 3468, t2=t1+(1, 6))	1	389
(3430, 8, 1017, t1) -> (3430, 8, 3430, t2=t1+(1, 5))	1	390
(2976, 125, 1542, t1) -> (2976, 125, 1542, t2=t1+(1, 4))	1	391
(2719, 58, 4296, t1) -> (4296, 58, 4296, t2=t1+(1, 5))	1	392
(2659, 167, 2203, t1) -> (2203, 167, 2203, t2=t1+(1, 3))	1	393
(4696, 89, 88, t1) -> (88, 89, 88, t2=t1+(1, 8))	1	394
(2614, 8, 749, t1) -> (749, 8, 2614, t2=t1+(1, 1))	1	395
(1355, 150, 2401, t1) -> (2401, 150, 1355, t2=t1+(1, 4))	1	396
(2813, 100, 2839, t1) -> (2813, 100, 2813, t2=t1+(1, 9))	1	397
(3447, 81, 1812, t1) -> (1812, 81, 1812, t2=t1+(1, 5))	1	398
(374, 111, 525, t1) -> (525, 111, 374, t2=t1+(1, 4))	1	399
(784, 101, 462, t1) -> (462, 101, 462, t2=t1+(1, 5))	1	400
(3965, 111, 4684, t1) -> (4684, 111, 3965, t2=t1+(1, 3))	1	401
(4567, 145, 343, t1) -> (343, 145, 4567, t2=t1+(1, 4))	1	402
(1082, 32, 3770, t1) -> (3770, 32, 1082, t2=t1+(1, 4))	1	403
(873, 58, 1917, t1) -> (1917, 58, 1917, t2=t1+(1, 3))	1	404
(4667, 199, 2870, t1) -> (4667, 199, 4667, t2=t1+(1, 2))	1	405
(4109, 45, 3975, t1) -> (4109, 45, 4109, t2=t1+(1, 6))	1	406
(2713, 24, 325, t1) -> (325, 24, 325, t2=t1+(1, 8))	1	407
(1695, 13, 3663, t1) -> (1695, 13, 1695, t2=t1+(1, 6))	1	408
(3070, 75, 4913, t1) -> (3070, 75, 3070, t2=t1+(1, 6))	1	409
(2047, 58, 739, t1) -> (739, 58, 2047, t2=t1+(1, 3))	1	410
(2058, 176, 2942, t1) -> (2942, 176, 2058, t2=t1+(1, 4))	1	411
(3972, 163, 3549, t1) -> (3549, 163, 3549, t2=t1+(1, 4))	1	412
(1432, 17, 4712, t1) -> (4712, 17, 4712, t2=t1+(1, 5))	1	413
(412, 19, 3557, t1) -> (3557, 19, 412, t2=t1+(1, 6))	1	414
(3052, 134, 2366, t1) -> (2366, 134, 2366, t2=t1+(1, 3))	1	415
(3634, 22, 1788, t1) -> (1788, 22, 3634, t2=t1+(1, 6))	1	416
(1307, 67, 211, t1) -> (1307, 67, 211, t2=t1+(1, 1))	1	417
(158, 70, 4287, t1) -> (4287, 70, 158, t2=t1+(1, 4))	1	418
(3443, 3, 3109, t1) -> (3109, 3, 3443, t2=t1+(1, 4))	1	419
(824, 30, 3564, t1) -> (3564, 30, 3564, t2=t1+(1, 3))	1	420
(4187, 138, 2900, t1) -> (2900, 138, 4187, t2=t1+(1, 5))	1	421
(1064, 32, 4542, t1) -> (4542, 32, 1064, t2=t1+(1, 9))	1	422
(1363, 166, 4878, t1) -> (1363, 166, 1363, t2=t1+(1, 5))	1	423
(2501, 33, 426, t1) -> (2501, 33, 426, t2=t1+(1, 3))	1	424
(3578, 19, 4651, t1) -> (4651, 19, 4651, t2=t1+(1, 7))	1	425
(3748, 4, 1127, t1) -> (1127, 4, 3748, t2=t1+(1, 5))	1	426
(786, 103, 3359, t1) -> (3359, 103, 3359, t2=t1+(1, 6))	1	427
(2183, 198, 1945, t1) -> (1945, 198, 1945, t2=t1+(1, 4))	1	428
(1811, 58, 1048, t1) -> (1048, 58, 1811, t2=t1+(1, 8))	1	429
(768, 123, 4341, t1) -> (4341, 123, 4341, t2=t1+(1, 7))	1	430
(2958, 58, 428, t1) -> (2958, 58, 2958, t2=t1+(1, 6))	1	431
(1208, 31, 954, t1) -> (954, 31, 1208, t2=t1+(1, 2))	1	432
(4630, 198, 1190, t1) -> (1190, 198, 4630, t2=t1+(1, 3))	1	433
(2213, 39, 1810, t1) -> (2213, 39, 1810, t2=t1+(1, 4))	1	434
(399, 56, 4531, t1) -> (4531, 56, 399, t2=t1+(1, 9))	1	435
(3251, 53, 4699, t1) -> (3251, 53, 3251, t2=t1+(1, 9))	1	436
(4588, 172, 1741, t1) -> (1741, 172, 4588, t2=t1+(1, 7))	1	437
(1059, 81, 2659, t1) -> (2659, 81, 2659, t2=t1+(1, 7))	1	438
(3887, 96, 2952, t1) -> (2952, 96, 3887, t2=t1+(1, 1))	1	439
(1647, 8, 3679, t1) -> (3679, 8, 1647, t2=t1+(1, 7))	1	440
(3914, 88, 2439, t1) -> (3914, 88, 2439, t2=t1+(1, 6))	1	441
(3024, 123, 2074, t1) -> (3024, 123, 3024, t2=t1+(1, 4))	1	442
(42, 75, 203, t1) -> (42, 75, 203, t2=t1+(1, 3))	1	443
(2234, 169, 4734, t1) -> (4734, 169, 2234, t2=t1+(1, 3))	1	444
(2651, 168, 3732, t1) -> (2651, 168, 3732, t2=t1+(1, 4))	1	445
(3734, 171, 3516, t1) -> (3734, 171, 3516, t2=t1+(1, 8))	1	446
(2845, 187, 3952, t1) -> (3952, 187, 2845, t2=t1+(1, 3))	1	447
(3952, 67, 4712, t1) -> (3952, 67, 4712, t2=t1+(1, 4))	1	448
(1659, 161, 1701, t1) -> (1659, 161, 1659, t2=t1+(1, 4))	1	449
(4462, 0, 620, t1) -> (620, 0, 620, t2=t1+(1, 5))	1	450
(3469, 28, 1495, t1) -> (3469, 28, 3469, t2=t1+(1, 6))	1	451
(2992, 102, 2293, t1) -> (2293, 102, 2293, t2=t1+(1, 3))	1	452
(722, 6, 847, t1) -> (722, 6, 847, t2=t1+(1, 5))	1	453
(1748, 178, 2821, t1) -> (2821, 178, 1748, t2=t1+(1, 2))	1	454
(417, 198, 980, t1) -> (417, 198, 980, t2=t1+(1, 6))	1	455
(1518, 6, 218, t1) -> (218, 6, 1518, t2=t1+(1, 7))	1	456
(1506, 55, 1831, t1) -> (1506, 55, 1831, t2=t1+(1, 10))	1	457
(4758, 146, 23, t1) -> (23, 146, 23, t2=t1+(1, 4))	1	458
(2763, 185, 2661, t1) -> (2763, 185, 2763, t2=t1+(1, 3))	1	459
(2008, 72, 3292, t1) -> (3292, 72, 3292, t2=t1+(1, 3))	1	460
(3336, 6, 3620, t1) -> (3336, 6, 3336, t2=t1+(1, 6))	1	461
(4510, 17, 3357, t1) -> (3357, 17, 3357, t2=t1+(1, 6))	1	462
(3883, 3, 4207, t1) -> (4207, 3, 3883, t2=t1+(1, 2))	1	463
(298, 168, 4324, t1) -> (298, 168, 298, t2=t1+(1, 5))	1	464
(3058, 78, 3419, t1) -> (3419, 78, 3419, t2=t1+(1, 6))	1	465
(2103, 191, 3241, t1) -> (3241, 191, 2103, t2=t1+(1, 7))	1	466
(4568, 64, 4227, t1) -> (4568, 64, 4568, t2=t1+(1, 7))	1	467
(3511, 177, 931, t1) -> (3511, 177, 931, t2=t1+(1, 8))	1	468
(1122, 162, 718, t1) -> (718, 162, 718, t2=t1+(1, 7))	1	469
(2979, 145, 2712, t1) -> (2712, 145, 2979, t2=t1+(1, 9))	1	470
(3415, 176, 3605, t1) -> (3605, 176, 3415, t2=t1+(1, 12))	1	471
(3607, 163, 3680, t1) -> (3607, 163, 3607, t2=t1+(1, 6))	1	472
(1641, 136, 322, t1) -> (1641, 136, 1641, t2=t1+(1, 4))	1	473
(1344, 33, 4691, t1) -> (4691, 33, 1344, t2=t1+(1, 5))	1	474
(3146, 104, 2652, t1) -> (2652, 104, 2652, t2=t1+(1, 7))	1	475
(842, 150, 972, t1) -> (842, 150, 842, t2=t1+(1, 3))	1	476
(3596, 104, 181, t1) -> (3596, 104, 181, t2=t1+(1, 5))	1	477
(3533, 78, 2012, t1) -> (2012, 78, 2012, t2=t1+(1, 3))	1	478
(1903, 84, 3015, t1) -> (1903, 84, 1903, t2=t1+(1, 6))	1	479
(1492, 64, 4630, t1) -> (4630, 64, 1492, t2=t1+(1, 8))	1	480
(615, 176, 4237, t1) -> (4237, 176, 615, t2=t1+(1, 8))	1	481
(579, 23, 368, t1) -> (368, 23, 579, t2=t1+(1, 2))	1	482
(3622, 109, 2334, t1) -> (2334, 109, 3622, t2=t1+(1, 3))	1	483
(2260, 53, 1150, t1) -> (1150, 53, 2260, t2=t1+(1, 3))	1	484
(2772, 124, 4767, t1) -> (4767, 124, 4767, t2=t1+(1, 2))	1	485
(1478, 56, 1233, t1) -> (1233, 56, 1233, t2=t1+(1, 5))	1	486
(3581, 125, 3862, t1) -> (3862, 125, 3862, t2=t1+(1, 5))	1	487
(996, 46, 3702, t1) -> (3702, 46, 996, t2=t1+(1, 3))	1	488
(4814, 167, 1240, t1) -> (1240, 167, 1240, t2=t1+(1, 3))	1	489
(4866, 80, 2083, t1) -> (4866, 80, 4866, t2=t1+(1, 8))	1	490
(2010, 147, 707, t1) -> (2010, 147, 2010, t2=t1+(1, 7))	1	491
(2186, 90, 1567, t1) -> (2186, 90, 1567, t2=t1+(1, 3))	1	492
(582, 99, 2200, t1) -> (582, 99, 2200, t2=t1+(1, 6))	1	493
(1613, 78, 1741, t1) -> (1613, 78, 1613, t2=t1+(1, 2))	1	494
(2637, 186, 1246, t1) -> (1246, 186, 2637, t2=t1+(1, 3))	1	495
(218, 46, 931, t1) -> (931, 46, 931, t2=t1+(1, 7))	1	496
(1722, 148, 278, t1) -> (1722, 148, 278, t2=t1+(1, 3))	1	497
(4872, 84, 1523, t1) -> (4872, 84, 4872, t2=t1+(1, 7))	1	498
(4472, 15, 4522, t1) -> (4472, 15, 4522, t2=t1+(1, 6))	1	499
(1108, 195, 3461, t1) -> (1108, 195, 1108, t2=t1+(1, 9))	1	500
(2836, 19, 808, t1) -> (2836, 19, 2836, t2=t1+(1, 5))	1	501
(4919, 178, 2930, t1) -> (4919, 178, 4919, t2=t1+(1, 5))	1	502
(4510, 77, 1534, t1) -> (4510, 77, 4510, t2=t1+(1, 2))	1	503
(4200, 21, 214, t1) -> (4200, 21, 4200, t2=t1+(1, 4))	1	504
(3445, 169, 3775, t1) -> (3775, 169, 3445, t2=t1+(1, 9))	1	505
(4790, 27, 4718, t1) -> (4790, 27, 4718, t2=t1+(1, 3))	1	506
(4784, 4, 783, t1) -> (783, 4, 783, t2=t1+(1, 6))	1	507
(386, 87, 945, t1) -> (945, 87, 386, t2=t1+(1, 5))	1	508
(1234, 152, 806, t1) -> (806, 152, 806, t2=t1+(1, 1))	1	509
(959, 180, 3320, t1) -> (959, 180, 3320, t2=t1+(1, 10))	1	510
(3180, 5, 4813, t1) -> (3180, 5, 4813, t2=t1+(1, 7))	1	511
(1049, 125, 3568, t1) -> (3568, 125, 3568, t2=t1+(1, 2))	1	512
(3241, 3, 1301, t1) -> (3241, 3, 1301, t2=t1+(1, 6))	1	513
(2286, 105, 902, t1) -> (902, 105, 2286, t2=t1+(1, 3))	1	514
(3185, 80, 2808, t1) -> (2808, 80, 2808, t2=t1+(1, 6))	1	515
(1085, 77, 957, t1) -> (957, 77, 957, t2=t1+(1, 7))	1	516
(3886, 10, 2463, t1) -> (3886, 10, 3886, t2=t1+(1, 2))	1	517
(949, 129, 1824, t1) -> (1824, 129, 1824, t2=t1+(1, 7))	1	518
(3747, 60, 2290, t1) -> (3747, 60, 3747, t2=t1+(1, 8))	1	519
(2611, 41, 106, t1) -> (2611, 41, 106, t2=t1+(1, 8))	1	520
(800, 157, 4456, t1) -> (800, 157, 4456, t2=t1+(1, 5))	1	521
(2665, 69, 1828, t1) -> (1828, 69, 1828, t2=t1+(1, 6))	1	522
(1273, 190, 3559, t1) -> (3559, 190, 1273, t2=t1+(1, 3))	1	523
(322, 38, 2760, t1) -> (2760, 38, 2760, t2=t1+(1, 6))	1	524
