(882, 19, 1558, t1) & (3424, 143, 1723, t2=t1+(0, 6)) & (1558, 14, 1723, t3=t2+(0, 4)) -> (1723, 143, 1558, t4=t3+(1, 7))	3	0
(845, 175, 1627, t1) & (149, 113, 2294, t2=t1+(0, 3)) & (149, 149, 845, t3=t2+(0, 3)) -> (845, 113, 1627, t4=t3+(1, 7))	3	1
(1397, 153, 1848, t1) & (4315, 60, 1157, t2=t1+(0, 3)) & (1848, 48, 4315, t3=t2+(0, 2)) -> (4315, 48, 1397, t4=t3+(1, 11))	3	2
(4478, 60, 4784, t1) & (151, 127, 3387, t2=t1+(0, 5)) & (4784, 90, 151, t3=t2+(0, 5)) -> (151, 60, 4478, t4=t3+(1, 10))	3	3
(4543, 35, 1792, t1) & (4210, 123, 4728, t2=t1+(0, 5)) & (4728, 22, 4543, t3=t2+(0, 4)) -> (1792, 35, 4543, t4=t3+(1, 6))	3	4
(2784, 148, 1492, t1) & (4229, 126, 4757, t2=t1+(0, 4)) & (4229, 103, 2784, t3=t2+(0, 2)) -> (2784, 103, 2784, t4=t3+(1, 4))	3	5
(486, 24, 3965, t1) & (1283, 118, 4832, t2=t1+(0, 8)) & (1283, 5, 486, t3=t2+(0, 7)) -> (486, 5, 1283, t4=t3+(1, 7))	3	6
(1594, 73, 205, t1) & (1307, 86, 1312, t2=t1+(0, 3)) & (1594, 32, 1312, t3=t2+(0, 6)) -> (1594, 32, 205, t4=t3+(1, 4))	3	7
(508, 96, 3132, t1) & (2730, 94, 484, t2=t1+(0, 5)) & (2730, 46, 3132, t3=t2+(0, 3)) -> (3132, 94, 484, t4=t3+(1, 3))	3	8
(1284, 72, 3570, t1) & (4773, 176, 998, t2=t1+(0, 4)) & (3570, 32, 4773, t3=t2+(0, 4)) -> (3570, 176, 3570, t4=t3+(1, 3))	3	9
(2677, 110, 4285, t1) & (419, 138, 2650, t2=t1+(0, 3)) & (2650, 25, 4285, t3=t2+(0, 6)) -> (2677, 110, 419, t4=t3+(1, 5))	3	10
(1582, 16, 83, t1) & (2269, 50, 3048, t2=t1+(0, 3)) & (2269, 192, 83, t3=t2+(0, 4)) -> (1582, 50, 1582, t4=t3+(1, 4))	3	11
(3941, 22, 4246, t1) & (2746, 67, 711, t2=t1+(0, 7)) & (3941, 22, 711, t3=t2+(0, 7)) -> (711, 22, 4246, t4=t3+(1, 8))	3	12
(2086, 116, 940, t1) & (2942, 117, 99, t2=t1+(0, 7)) & (99, 120, 940, t3=t2+(0, 9)) -> (99, 120, 940, t4=t3+(1, 2))	3	13
(2926, 102, 3962, t1) & (2602, 91, 2185, t2=t1+(0, 7)) & (2926, 173, 2185, t3=t2+(0, 7)) -> (3962, 91, 2602, t4=t3+(1, 9))	3	14
(1127, 131, 3158, t1) & (3296, 49, 4681, t2=t1+(0, 7)) & (3296, 91, 1127, t3=t2+(0, 5)) -> (3296, 91, 3158, t4=t3+(1, 3))	3	15
(1527, 73, 1500, t1) & (4214, 124, 650, t2=t1+(0, 9)) & (650, 77, 1500, t3=t2+(0, 4)) -> (4214, 124, 1500, t4=t3+(1, 8))	3	16
(2813, 158, 3642, t1) & (2722, 127, 4636, t2=t1+(0, 6)) & (4636, 50, 3642, t3=t2+(0, 3)) -> (3642, 127, 2813, t4=t3+(1, 7))	3	17
(4450, 85, 2708, t1) & (2063, 25, 4606, t2=t1+(0, 1)) & (2063, 178, 4450, t3=t2+(0, 5)) -> (4606, 85, 4450, t4=t3+(1, 5))	3	18
(0, 103, 3200, t1) & (1756, 31, 1903, t2=t1+(0, 6)) & (3200, 108, 1756, t3=t2+(0, 6)) -> (1756, 103, 1756, t4=t3+(1, 2))	3	19
(2894, 169, 4754, t1) & (1656, 93, 2204, t2=t1+(0, 4)) & (2204, 5, 2894, t3=t2+(0, 6)) -> (2894, 5, 4754, t4=t3+(1, 8))	3	20
(4527, 28, 2944, t1) & (1235, 139, 2444, t2=t1+(0, 2)) & (2944, 190, 1235, t3=t2+(0, 8)) -> (2944, 28, 4527, t4=t3+(1, 5))	3	21
(4524, 168, 2329, t1) & (4968, 152, 4309, t2=t1+(0, 6)) & (4968, 64, 2329, t3=t2+(0, 6)) -> (4309, 64, 4309, t4=t3+(1, 4))	3	22
(136, 13, 264, t1) & (648, 50, 2759, t2=t1+(0, 5)) & (2759, 39, 136, t3=t2+(0, 3)) -> (648, 50, 2759, t4=t3+(1, 2))	3	23
(639, 61, 2798, t1) & (3411, 37, 1979, t2=t1+(0, 7)) & (1979, 30, 639, t3=t2+(0, 5)) -> (639, 37, 639, t4=t3+(1, 4))	3	24
(2007, 161, 3352, t1) & (4649, 185, 3545, t2=t1+(0, 4)) & (2007, 184, 4649, t3=t2+(0, 8)) -> (4649, 161, 4649, t4=t3+(1, 5))	3	25
(3337, 50, 3828, t1) & (3366, 185, 4068, t2=t1+(0, 4)) & (4068, 120, 3337, t3=t2+(0, 8)) -> (3337, 185, 3337, t4=t3+(1, 3))	3	26
(438, 153, 1746, t1) & (1399, 129, 3839, t2=t1+(0, 5)) & (1746, 193, 1399, t3=t2+(0, 4)) -> (1746, 153, 3839, t4=t3+(1, 4))	3	27
(688, 89, 4372, t1) & (1250, 40, 3528, t2=t1+(0, 2)) & (3528, 176, 4372, t3=t2+(0, 4)) -> (3528, 40, 4372, t4=t3+(1, 5))	3	28
(3885, 147, 4468, t1) & (169, 193, 4461, t2=t1+(0, 5)) & (3885, 153, 4461, t3=t2+(0, 5)) -> (4461, 193, 4468, t4=t3+(1, 1))	3	29
(1113, 132, 3408, t1) & (1311, 145, 914, t2=t1+(0, 8)) & (3408, 136, 1311, t3=t2+(0, 3)) -> (3408, 136, 1113, t4=t3+(1, 5))	3	30
(1853, 26, 4857, t1) & (1333, 86, 4978, t2=t1+(0, 6)) & (4857, 104, 1333, t3=t2+(0, 4)) -> (4857, 86, 1853, t4=t3+(1, 4))	3	31
(3099, 144, 3899, t1) & (2013, 68, 643, t2=t1+(0, 2)) & (643, 15, 3899, t3=t2+(0, 5)) -> (643, 15, 3899, t4=t3+(1, 2))	3	32
(2076, 131, 1754, t1) & (1210, 178, 1228, t2=t1+(0, 6)) & (1210, 146, 1754, t3=t2+(0, 5)) -> (2076, 178, 1228, t4=t3+(1, 7))	3	33
(2068, 154, 1120, t1) & (2046, 7, 2943, t2=t1+(0, 4)) & (2068, 84, 2046, t3=t2+(0, 5)) -> (1120, 7, 2046, t4=t3+(1, 7))	3	34
(1708, 140, 1542, t1) & (691, 22, 2565, t2=t1+(0, 2)) & (1708, 41, 691, t3=t2+(0, 4)) -> (691, 22, 691, t4=t3+(1, 8))	3	35
(2584, 178, 2382, t1) & (885, 87, 4162, t2=t1+(0, 3)) & (2382, 171, 885, t3=t2+(0, 4)) -> (2584, 87, 2382, t4=t3+(1, 7))	3	36
(4377, 138, 3357, t1) & (4107, 42, 4860, t2=t1+(0, 4)) & (4860, 69, 4377, t3=t2+(0, 4)) -> (4377, 69, 4860, t4=t3+(1, 2))	3	37
(5, 90, 4077, t1) & (3812, 66, 105, t2=t1+(0, 2)) & (4077, 146, 105, t3=t2+(0, 2)) -> (4077, 66, 3812, t4=t3+(1, 3))	3	38
(2049, 194, 3826, t1) & (1889, 58, 4467, t2=t1+(0, 2)) & (2049, 33, 4467, t3=t2+(0, 4)) -> (4467, 194, 2049, t4=t3+(1, 4))	3	39
(2921, 171, 752, t1) & (4913, 91, 1995, t2=t1+(0, 5)) & (2921, 125, 4913, t3=t2+(0, 2)) -> (1995, 171, 4913, t4=t3+(1, 4))	3	40
(4666, 82, 3513, t1) & (2651, 44, 4821, t2=t1+(0, 7)) & (4821, 143, 4666, t3=t2+(0, 3)) -> (2651, 44, 3513, t4=t3+(1, 2))	3	41
(3239, 140, 1388, t1) & (3084, 53, 1805, t2=t1+(0, 3)) & (1388, 107, 1805, t3=t2+(0, 6)) -> (1805, 107, 1388, t4=t3+(1, 3))	3	42
(2987, 141, 1283, t1) & (3119, 101, 513, t2=t1+(0, 4)) & (1283, 140, 3119, t3=t2+(0, 8)) -> (1283, 140, 3119, t4=t3+(1, 3))	3	43
(4174, 31, 3474, t1) & (3629, 192, 4930, t2=t1+(0, 10)) & (3629, 185, 4174, t3=t2+(0, 8)) -> (4174, 31, 4174, t4=t3+(1, 4))	3	44
(4765, 16, 2104, t1) & (2858, 168, 4045, t2=t1+(0, 3)) & (2858, 44, 4765, t3=t2+(0, 9)) -> (2858, 168, 2858, t4=t3+(1, 4))	3	45
(1885, 110, 4785, t1) & (738, 136, 404, t2=t1+(0, 2)) & (4785, 112, 738, t3=t2+(0, 4)) -> (4785, 136, 404, t4=t3+(1, 3))	3	46
(2408, 77, 1668, t1) & (443, 62, 2675, t2=t1+(0, 7)) & (2675, 50, 1668, t3=t2+(0, 2)) -> (2408, 62, 1668, t4=t3+(1, 2))	3	47
(4563, 104, 4608, t1) & (4016, 83, 1212, t2=t1+(0, 6)) & (4016, 51, 4563, t3=t2+(0, 4)) -> (4608, 51, 4016, t4=t3+(1, 5))	3	48
(2437, 172, 786, t1) & (1175, 180, 4171, t2=t1+(0, 3)) & (786, 65, 1175, t3=t2+(0, 2)) -> (786, 180, 786, t4=t3+(1, 4))	3	49
(905, 52, 413, t1) & (2449, 15, 1020, t2=t1+(0, 5)) & (905, 36, 1020, t3=t2+(0, 3)) -> (905, 36, 413, t4=t3+(1, 4))	3	50
(4174, 11, 3355, t1) & (4801, 24, 1020, t2=t1+(0, 10)) & (4801, 179, 3355, t3=t2+(0, 2)) -> (4174, 24, 4801, t4=t3+(1, 8))	3	51
(1648, 182, 492, t1) & (3606, 170, 735, t2=t1+(0, 5)) & (735, 161, 1648, t3=t2+(0, 6)) -> (3606, 161, 492, t4=t3+(1, 4))	3	52
(165, 45, 4283, t1) & (1027, 87, 2682, t2=t1+(0, 3)) & (4283, 189, 2682, t3=t2+(0, 5)) -> (4283, 45, 165, t4=t3+(1, 3))	3	53
(4083, 186, 1914, t1) & (1727, 158, 4681, t2=t1+(0, 6)) & (1727, 87, 1914, t3=t2+(0, 4)) -> (1727, 158, 1914, t4=t3+(1, 6))	3	54
(2854, 104, 2841, t1) & (4679, 75, 3470, t2=t1+(0, 5)) & (3470, 85, 2841, t3=t2+(0, 7)) -> (2854, 85, 3470, t4=t3+(1, 8))	3	55
(3778, 94, 2747, t1) & (3970, 41, 982, t2=t1+(0, 5)) & (2747, 69, 3970, t3=t2+(0, 3)) -> (3970, 94, 3778, t4=t3+(1, 5))	3	56
(4601, 109, 2008, t1) & (2606, 101, 4693, t2=t1+(0, 8)) & (2008, 161, 4693, t3=t2+(0, 4)) -> (2606, 101, 2606, t4=t3+(1, 6))	3	57
(1923, 23, 4999, t1) & (1796, 6, 59, t2=t1+(0, 7)) & (1796, 23, 4999, t3=t2+(0, 4)) -> (1796, 23, 4999, t4=t3+(1, 7))	3	58
(4874, 76, 4392, t1) & (1809, 25, 4727, t2=t1+(0, 6)) & (4874, 187, 4727, t3=t2+(0, 4)) -> (1809, 25, 4874, t4=t3+(1, 5))	3	59
(4644, 158, 897, t1) & (150, 0, 1518, t2=t1+(0, 5)) & (1518, 25, 4644, t3=t2+(0, 3)) -> (1518, 25, 897, t4=t3+(1, 6))	3	60
(4938, 52, 3813, t1) & (4766, 104, 3618, t2=t1+(0, 6)) & (3618, 65, 3813, t3=t2+(0, 1)) -> (4938, 65, 3618, t4=t3+(1, 8))	3	61
(4997, 42, 784, t1) & (1712, 152, 1184, t2=t1+(0, 7)) & (4997, 59, 1184, t3=t2+(0, 2)) -> (784, 42, 1712, t4=t3+(1, 9))	3	62
(1081, 111, 3958, t1) & (1860, 174, 3098, t2=t1+(0, 2)) & (1860, 87, 1081, t3=t2+(0, 1)) -> (3958, 111, 3958, t4=t3+(1, 6))	3	63
(2710, 46, 3836, t1) & (4060, 83, 910, t2=t1+(0, 2)) & (3836, 56, 910, t3=t2+(0, 6)) -> (2710, 83, 910, t4=t3+(1, 8))	3	64
(3079, 6, 2742, t1) & (662, 39, 24, t2=t1+(0, 7)) & (2742, 36, 24, t3=t2+(0, 2)) -> (24, 6, 24, t4=t3+(1, 8))	3	65
(2489, 126, 243, t1) & (3117, 188, 1133, t2=t1+(0, 6)) & (243, 33, 1133, t3=t2+(0, 4)) -> (1133, 33, 1133, t4=t3+(1, 8))	3	66
(1594, 107, 4236, t1) & (1736, 170, 190, t2=t1+(0, 8)) & (190, 96, 4236, t3=t2+(0, 5)) -> (1736, 170, 4236, t4=t3+(1, 8))	3	67
(4755, 72, 191, t1) & (775, 197, 2746, t2=t1+(0, 4)) & (775, 64, 4755, t3=t2+(0, 3)) -> (4755, 197, 4755, t4=t3+(1, 3))	3	68
(4902, 114, 1555, t1) & (1904, 137, 671, t2=t1+(0, 6)) & (1555, 20, 1904, t3=t2+(0, 10)) -> (671, 114, 671, t4=t3+(1, 5))	3	69
(4064, 144, 437, t1) & (2405, 37, 3665, t2=t1+(0, 6)) & (437, 10, 3665, t3=t2+(0, 6)) -> (3665, 10, 4064, t4=t3+(1, 9))	3	70
(785, 126, 4416, t1) & (4286, 133, 1515, t2=t1+(0, 8)) & (4416, 57, 1515, t3=t2+(0, 2)) -> (4286, 126, 4416, t4=t3+(1, 1))	3	71
(262, 45, 4097, t1) & (3000, 19, 3680, t2=t1+(0, 7)) & (262, 117, 3680, t3=t2+(0, 1)) -> (3680, 117, 4097, t4=t3+(1, 4))	3	72
(1622, 101, 114, t1) & (3221, 190, 3199, t2=t1+(0, 2)) & (1622, 26, 3199, t3=t2+(0, 1)) -> (3199, 26, 1622, t4=t3+(1, 7))	3	73
(1011, 175, 1745, t1) & (2525, 111, 1278, t2=t1+(0, 5)) & (1011, 179, 1278, t3=t2+(0, 10)) -> (2525, 175, 1011, t4=t3+(1, 4))	3	74
(2054, 183, 1350, t1) & (3443, 12, 502, t2=t1+(0, 8)) & (1350, 120, 502, t3=t2+(0, 7)) -> (2054, 120, 502, t4=t3+(1, 2))	3	75
(2513, 59, 1481, t1) & (4589, 20, 1466, t2=t1+(0, 5)) & (1466, 96, 2513, t3=t2+(0, 4)) -> (1466, 96, 2513, t4=t3+(1, 9))	3	76
(2262, 115, 1212, t1) & (4950, 65, 4227, t2=t1+(0, 6)) & (2262, 96, 4950, t3=t2+(0, 6)) -> (2262, 115, 4227, t4=t3+(1, 8))	3	77
(1864, 28, 2958, t1) & (3643, 112, 442, t2=t1+(0, 4)) & (1864, 3, 3643, t3=t2+(0, 3)) -> (442, 28, 3643, t4=t3+(1, 7))	3	78
(2266, 84, 80, t1) & (924, 147, 2507, t2=t1+(0, 9)) & (2266, 18, 2507, t3=t2+(0, 5)) -> (2507, 18, 2266, t4=t3+(1, 1))	3	79
(2057, 106, 4693, t1) & (4221, 1, 4422, t2=t1+(0, 6)) & (4422, 80, 2057, t3=t2+(0, 5)) -> (4422, 1, 4221, t4=t3+(1, 7))	3	80
(809, 148, 2869, t1) & (2903, 91, 4928, t2=t1+(0, 1)) & (4928, 100, 2869, t3=t2+(0, 5)) -> (2869, 148, 809, t4=t3+(1, 3))	3	81
(3679, 180, 3114, t1) & (2887, 23, 1826, t2=t1+(0, 5)) & (2887, 44, 3679, t3=t2+(0, 3)) -> (1826, 44, 2887, t4=t3+(1, 5))	3	82
(4725, 69, 2734, t1) & (1602, 97, 511, t2=t1+(0, 6)) & (2734, 95, 1602, t3=t2+(0, 3)) -> (2734, 97, 1602, t4=t3+(1, 7))	3	83
(3275, 95, 469, t1) & (1152, 97, 4801, t2=t1+(0, 5)) & (4801, 53, 3275, t3=t2+(0, 4)) -> (469, 95, 469, t4=t3+(1, 5))	3	84
(3690, 32, 4478, t1) & (3317, 76, 3751, t2=t1+(0, 4)) & (4478, 0, 3751, t3=t2+(0, 3)) -> (3751, 76, 3751, t4=t3+(1, 4))	3	85
(347, 21, 688, t1) & (2369, 61, 2708, t2=t1+(0, 7)) & (2369, 27, 347, t3=t2+(0, 5)) -> (347, 27, 688, t4=t3+(1, 2))	3	86
(4397, 167, 4317, t1) & (2208, 151, 1731, t2=t1+(0, 5)) & (4317, 144, 2208, t3=t2+(0, 6)) -> (2208, 167, 4397, t4=t3+(1, 7))	3	87
(126, 155, 2636, t1) & (3106, 12, 4535, t2=t1+(0, 7)) & (126, 174, 4535, t3=t2+(0, 4)) -> (4535, 155, 4535, t4=t3+(1, 1))	3	88
(1252, 155, 1086, t1) & (1888, 182, 4262, t2=t1+(0, 6)) & (1252, 121, 4262, t3=t2+(0, 7)) -> (1252, 121, 1888, t4=t3+(1, 7))	3	89
(2879, 14, 3257, t1) & (1540, 100, 3832, t2=t1+(0, 3)) & (3257, 85, 1540, t3=t2+(0, 7)) -> (3257, 14, 3257, t4=t3+(1, 6))	3	90
(928, 24, 4734, t1) & (77, 67, 72, t2=t1+(0, 4)) & (77, 32, 4734, t3=t2+(0, 4)) -> (928, 32, 4734, t4=t3+(1, 3))	3	91
(3472, 119, 384, t1) & (381, 46, 877, t2=t1+(0, 2)) & (877, 145, 384, t3=t2+(0, 8)) -> (877, 119, 877, t4=t3+(1, 5))	3	92
(4058, 32, 1078, t1) & (4958, 27, 3685, t2=t1+(0, 4)) & (3685, 185, 1078, t3=t2+(0, 8)) -> (1078, 185, 3685, t4=t3+(1, 5))	3	93
(2810, 108, 3608, t1) & (1838, 75, 3904, t2=t1+(0, 5)) & (2810, 54, 1838, t3=t2+(0, 3)) -> (1838, 54, 1838, t4=t3+(1, 4))	3	94
(107, 43, 1618, t1) & (1685, 16, 4479, t2=t1+(0, 2)) & (4479, 70, 107, t3=t2+(0, 5)) -> (4479, 43, 107, t4=t3+(1, 7))	3	95
(1492, 44, 164, t1) & (280, 130, 2786, t2=t1+(0, 9)) & (1492, 49, 2786, t3=t2+(0, 3)) -> (164, 44, 2786, t4=t3+(1, 7))	3	96
(2696, 113, 778, t1) & (4776, 85, 2397, t2=t1+(0, 8)) & (778, 133, 4776, t3=t2+(0, 3)) -> (778, 85, 4776, t4=t3+(1, 5))	3	97
(880, 52, 1149, t1) & (4455, 154, 3476, t2=t1+(0, 8)) & (4455, 156, 1149, t3=t2+(0, 6)) -> (4455, 156, 3476, t4=t3+(1, 3))	3	98
(4723, 99, 3190, t1) & (1727, 131, 1471, t2=t1+(0, 6)) & (1727, 4, 3190, t3=t2+(0, 3)) -> (3190, 99, 1471, t4=t3+(1, 5))	3	99
(3498, 195, 1512, t1) & (3498, 113, 64, t2=t1+(0, 5)) -> (64, 113, 1512, t3=t2+(1, 7))	2	100
(4166, 132, 2204, t1) & (2204, 156, 4166, t2=t1+(0, 4)) -> (2204, 156, 4166, t3=t2+(1, 3))	2	101
(1959, 14, 4925, t1) & (4098, 12, 1959, t2=t1+(0, 3)) -> (4098, 14, 4098, t3=t2+(1, 5))	2	102
(4008, 81, 863, t1) & (4008, 43, 3677, t2=t1+(0, 3)) -> (4008, 81, 863, t3=t2+(1, 5))	2	103
(3450, 142, 1140, t1) & (1398, 77, 3450, t2=t1+(0, 8)) -> (3450, 142, 1140, t3=t2+(1, 7))	2	104
(4794, 54, 1830, t1) & (1868, 112, 4794, t2=t1+(0, 9)) -> (1868, 112, 1830, t3=t2+(1, 5))	2	105
(4961, 109, 4759, t1) & (4961, 137, 3125, t2=t1+(0, 13)) -> (4961, 109, 3125, t3=t2+(1, 3))	2	106
(575, 31, 3419, t1) & (1604, 85, 3419, t2=t1+(0, 2)) -> (3419, 85, 3419, t3=t2+(1, 4))	2	107
(4061, 22, 102, t1) & (4061, 151, 4442, t2=t1+(0, 7)) -> (4061, 151, 4442, t3=t2+(1, 4))	2	108
(555, 135, 48, t1) & (555, 196, 3219, t2=t1+(0, 5)) -> (555, 196, 3219, t3=t2+(1, 4))	2	109
(4944, 12, 3919, t1) & (4944, 127, 3919, t2=t1+(0, 4)) -> (4944, 127, 4944, t3=t2+(1, 8))	2	110
(3906, 62, 2439, t1) & (3906, 68, 3906, t2=t1+(0, 5)) -> (2439, 62, 3906, t3=t2+(1, 10))	2	111
(919, 14, 1140, t1) & (3709, 178, 919, t2=t1+(0, 5)) -> (919, 14, 919, t3=t2+(1, 3))	2	112
(1999, 135, 964, t1) & (964, 47, 3802, t2=t1+(0, 4)) -> (964, 47, 964, t3=t2+(1, 1))	2	113
(2767, 181, 3860, t1) & (732, 104, 3860, t2=t1+(0, 4)) -> (3860, 104, 732, t3=t2+(1, 3))	2	114
(4139, 52, 2831, t1) & (608, 40, 2831, t2=t1+(0, 10)) -> (2831, 40, 608, t3=t2+(1, 3))	2	115
(343, 160, 2796, t1) & (343, 61, 566, t2=t1+(0, 6)) -> (343, 160, 2796, t3=t2+(1, 4))	2	116
(1602, 26, 4489, t1) & (1602, 124, 4860, t2=t1+(0, 5)) -> (1602, 124, 1602, t3=t2+(1, 3))	2	117
(3896, 105, 965, t1) & (1339, 15, 965, t2=t1+(0, 6)) -> (965, 15, 965, t3=t2+(1, 3))	2	118
(2392, 166, 1077, t1) & (3440, 175, 2392, t2=t1+(0, 7)) -> (2392, 166, 2392, t3=t2+(1, 8))	2	119
(3974, 189, 4373, t1) & (3974, 4, 4373, t2=t1+(0, 3)) -> (4373, 189, 3974, t3=t2+(1, 4))	2	120
(1382, 192, 2096, t1) & (1382, 156, 1382, t2=t1+(0, 7)) -> (1382, 156, 1382, t3=t2+(1, 7))	2	121
(2644, 52, 1581, t1) & (2644, 122, 2050, t2=t1+(0, 6)) -> (2644, 52, 2644, t3=t2+(1, 5))	2	122
(1337, 136, 419, t1) & (1337, 184, 419, t2=t1+(0, 5)) -> (1337, 184, 1337, t3=t2+(1, 8))	2	123
(3862, 18, 4247, t1) & (3862, 51, 797, t2=t1+(0, 5)) -> (797, 51, 4247, t3=t2+(1, 5))	2	124
(3554, 61, 1751, t1) & (1751, 22, 1120, t2=t1+(0, 6)) -> (1751, 22, 3554, t3=t2+(1, 1))	2	125
(2866, 11, 4682, t1) & (2866, 140, 1199, t2=t1+(0, 9)) -> (1199, 140, 2866, t3=t2+(1, 6))	2	126
(4270, 55, 4362, t1) & (4362, 75, 1785, t2=t1+(0, 7)) -> (4362, 55, 1785, t3=t2+(1, 10))	2	127
(482, 81, 1070, t1) & (482, 139, 482, t2=t1+(0, 5)) -> (1070, 81, 482, t3=t2+(1, 2))	2	128
(4156, 71, 3434, t1) & (4156, 5, 3773, t2=t1+(0, 8)) -> (3773, 5, 4156, t3=t2+(1, 4))	2	129
(527, 110, 4897, t1) & (527, 62, 2176, t2=t1+(0, 5)) -> (527, 62, 2176, t3=t2+(1, 10))	2	130
(773, 54, 385, t1) & (773, 182, 385, t2=t1+(0, 4)) -> (385, 54, 385, t3=t2+(1, 7))	2	131
(3199, 32, 1810, t1) & (1810, 167, 1810, t2=t1+(0, 5)) -> (3199, 32, 1810, t3=t2+(1, 5))	2	132
(2277, 78, 4963, t1) & (30, 125, 4963, t2=t1+(0, 2)) -> (4963, 78, 4963, t3=t2+(1, 4))	2	133
(3085, 23, 172, t1) & (4154, 14, 172, t2=t1+(0, 5)) -> (172, 14, 3085, t3=t2+(1, 4))	2	134
(4042, 196, 2477, t1) & (4042, 196, 4042, t2=t1+(0, 3)) -> (4042, 196, 2477, t3=t2+(1, 7))	2	135
(3281, 136, 4689, t1) & (3281, 149, 3281, t2=t1+(0, 6)) -> (3281, 149, 3281, t3=t2+(1, 2))	2	136
(1551, 155, 214, t1) & (1551, 33, 4995, t2=t1+(0, 7)) -> (1551, 155, 4995, t3=t2+(1, 3))	2	137
(2541, 167, 1179, t1) & (2541, 54, 4360, t2=t1+(0, 9)) -> (1179, 167, 1179, t3=t2+(1, 6))	2	138
(1905, 129, 3959, t1) & (3959, 131, 297, t2=t1+(0, 1)) -> (297, 131, 1905, t3=t2+(1, 7))	2	139
(4662, 143, 3754, t1) & (3366, 58, 3754, t2=t1+(0, 1)) -> (3366, 58, 3754, t3=t2+(1, 5))	2	140
(1383, 55, 823, t1) & (823, 171, 1018, t2=t1+(0, 7)) -> (1018, 55, 1018, t3=t2+(1, 4))	2	141
(4682, 181, 3212, t1) & (4682, 95, 3212, t2=t1+(0, 8)) -> (3212, 95, 3212, t3=t2+(1, 4))	2	142
(668, 37, 1485, t1) & (1485, 146, 1485, t2=t1+(0, 2)) -> (1485, 37, 1485, t3=t2+(1, 8))	2	143
(4992, 92, 2610, t1) & (2610, 131, 4992, t2=t1+(0, 7)) -> (4992, 92, 2610, t3=t2+(1, 4))	2	144
(3011, 145, 1587, t1) & (3011, 67, 659, t2=t1+(0, 8)) -> (3011, 145, 3011, t3=t2+(1, 6))	2	145
(630, 190, 340, t1) & (2802, 117, 340, t2=t1+(0, 2)) -> (2802, 190, 340, t3=t2+(1, 4))	2	146
(1950, 184, 1907, t1) & (3772, 32, 1907, t2=t1+(0, 6)) -> (1950, 32, 1907, t3=t2+(1, 2))	2	147
(4744, 172, 1973, t1) & (4744, 17, 1704, t2=t1+(0, 1)) -> (4744, 17, 4744, t3=t2+(1, 5))	2	148
(430, 77, 674, t1) & (430, 156, 430, t2=t1+(0, 3)) -> (674, 77, 674, t3=t2+(1, 4))	2	149
(1977, 157, 1032, t1) & (515, 96, 1977, t2=t1+(0, 5)) -> (1977, 96, 1977, t3=t2+(1, 5))	2	150
(1419, 134, 4810, t1) & (4810, 9, 4810, t2=t1+(0, 1)) -> (4810, 134, 4810, t3=t2+(1, 6))	2	151
(2697, 14, 4591, t1) & (1395, 53, 4591, t2=t1+(0, 5)) -> (2697, 14, 4591, t3=t2+(1, 8))	2	152
(2731, 74, 1267, t1) & (1267, 199, 1267, t2=t1+(0, 3)) -> (1267, 74, 1267, t3=t2+(1, 5))	2	153
(278, 52, 4425, t1) & (4425, 43, 2640, t2=t1+(0, 5)) -> (278, 43, 4425, t3=t2+(1, 9))	2	154
(4626, 111, 4443, t1) & (1623, 100, 4626, t2=t1+(0, 6)) -> (4626, 100, 4626, t3=t2+(1, 7))	2	155
(240, 177, 3557, t1) & (240, 133, 3557, t2=t1+(0, 4)) -> (240, 177, 240, t3=t2+(1, 7))	2	156
(2427, 121, 1653, t1) & (1653, 92, 2427, t2=t1+(0, 2)) -> (1653, 92, 1653, t3=t2+(1, 7))	2	157
(15, 46, 2392, t1) & (2392, 32, 2392, t2=t1+(0, 3)) -> (2392, 32, 15, t3=t2+(1, 8))	2	158
(1057, 118, 156, t1) & (156, 188, 1057, t2=t1+(0, 3)) -> (1057, 118, 156, t3=t2+(1, 6))	2	159
(4573, 74, 434, t1) & (434, 46, 434, t2=t1+(0, 5)) -> (4573, 46, 434, t3=t2+(1, 5))	2	160
(706, 26, 1277, t1) & (706, 56, 1277, t2=t1+(0, 2)) -> (706, 56, 706, t3=t2+(1, 7))	2	161
(3690, 83, 3037, t1) & (3690, 77, 3690, t2=t1+(0, 6)) -> (3690, 77, 3690, t3=t2+(1, 4))	2	162
(457, 164, 1527, t1) & (4453, 104, 457, t2=t1+(0, 2)) -> (457, 104, 4453, t3=t2+(1, 8))	2	163
(1827, 185, 3532, t1) & (1827, 161, 1827, t2=t1+(0, 5)) -> (3532, 161, 1827, t3=t2+(1, 4))	2	164
(671, 180, 3495, t1) & (2577, 85, 671, t2=t1+(0, 2)) -> (671, 85, 2577, t3=t2+(1, 4))	2	165
(51, 17, 136, t1) & (51, 116, 51, t2=t1+(0, 1)) -> (51, 116, 51, t3=t2+(1, 4))	2	166
(2350, 127, 3861, t1) & (1396, 133, 2350, t2=t1+(0, 4)) -> (3861, 133, 3861, t3=t2+(1, 2))	2	167
(4428, 12, 2988, t1) & (2988, 56, 4428, t2=t1+(0, 3)) -> (4428, 12, 2988, t3=t2+(1, 4))	2	168
(333, 165, 1410, t1) & (1410, 187, 4218, t2=t1+(0, 9)) -> (1410, 187, 4218, t3=t2+(1, 3))	2	169
(361, 73, 4152, t1) & (4152, 93, 4790, t2=t1+(0, 4)) -> (361, 73, 361, t3=t2+(1, 8))	2	170
(4516, 109, 1428, t1) & (2166, 39, 1428, t2=t1+(0, 3)) -> (1428, 39, 1428, t3=t2+(1, 6))	2	171
(3352, 17, 4694, t1) & (4694, 59, 1361, t2=t1+(0, 4)) -> (3352, 59, 3352, t3=t2+(1, 7))	2	172
(685, 147, 1869, t1) & (4370, 86, 685, t2=t1+(0, 5)) -> (685, 147, 685, t3=t2+(1, 4))	2	173
(130, 114, 4259, t1) & (4533, 64, 4259, t2=t1+(0, 4)) -> (4259, 64, 4259, t3=t2+(1, 7))	2	174
(1145, 84, 3383, t1) & (380, 193, 1145, t2=t1+(0, 4)) -> (3383, 193, 3383, t3=t2+(1, 10))	2	175
(2577, 140, 403, t1) & (1215, 147, 403, t2=t1+(0, 2)) -> (403, 140, 403, t3=t2+(1, 7))	2	176
(3431, 166, 4707, t1) & (1124, 67, 3431, t2=t1+(0, 6)) -> (1124, 166, 4707, t3=t2+(1, 10))	2	177
(833, 116, 505, t1) & (4177, 164, 833, t2=t1+(0, 10)) -> (505, 164, 505, t3=t2+(1, 4))	2	178
(3866, 69, 2694, t1) & (2868, 46, 2694, t2=t1+(0, 2)) -> (2868, 46, 2868, t3=t2+(1, 9))	2	179
(249, 150, 809, t1) & (1078, 183, 809, t2=t1+(0, 6)) -> (809, 150, 809, t3=t2+(1, 4))	2	180
(2201, 133, 4462, t1) & (4462, 67, 2201, t2=t1+(0, 4)) -> (4462, 133, 4462, t3=t2+(1, 5))	2	181
(3547, 184, 320, t1) & (320, 188, 306, t2=t1+(0, 5)) -> (306, 184, 320, t3=t2+(1, 5))	2	182
(4479, 125, 3815, t1) & (4479, 87, 2270, t2=t1+(0, 4)) -> (3815, 87, 3815, t3=t2+(1, 4))	2	183
(107, 126, 490, t1) & (490, 193, 1557, t2=t1+(0, 7)) -> (1557, 193, 1557, t3=t2+(1, 5))	2	184
(1657, 65, 1014, t1) & (1014, 0, 727, t2=t1+(0, 7)) -> (727, 0, 1014, t3=t2+(1, 7))	2	185
(2373, 103, 397, t1) & (397, 111, 397, t2=t1+(0, 2)) -> (397, 111, 397, t3=t2+(1, 7))	2	186
(3957, 102, 891, t1) & (3957, 115, 3957, t2=t1+(0, 5)) -> (3957, 102, 3957, t3=t2+(1, 8))	2	187
(4723, 142, 3728, t1) & (4432, 87, 4723, t2=t1+(0, 2)) -> (3728, 142, 4723, t3=t2+(1, 8))	2	188
(3164, 90, 4651, t1) & (3664, 29, 3164, t2=t1+(0, 4)) -> (3664, 90, 4651, t3=t2+(1, 2))	2	189
(499, 115, 955, t1) & (955, 101, 499, t2=t1+(0, 3)) -> (955, 101, 955, t3=t2+(1, 1))	2	190
(4370, 47, 3383, t1) & (1528, 164, 3383, t2=t1+(0, 3)) -> (3383, 164, 4370, t3=t2+(1, 3))	2	191
(4737, 54, 1371, t1) & (4501, 39, 4737, t2=t1+(0, 6)) -> (4737, 39, 1371, t3=t2+(1, 1))	2	192
(1999, 87, 1991, t1) & (1350, 183, 1999, t2=t1+(0, 2)) -> (1991, 183, 1350, t3=t2+(1, 2))	2	193
(866, 46, 1225, t1) & (1796, 72, 1225, t2=t1+(0, 5)) -> (1225, 72, 1796, t3=t2+(1, 5))	2	194
(2726, 105, 3722, t1) & (3722, 0, 2025, t2=t1+(0, 9)) -> (2726, 105, 3722, t3=t2+(1, 1))	2	195
(4579, 22, 2555, t1) & (2555, 30, 1515, t2=t1+(0, 6)) -> (4579, 22, 2555, t3=t2+(1, 6))	2	196
(1003, 91, 4868, t1) & (1003, 199, 3966, t2=t1+(0, 3)) -> (1003, 199, 3966, t3=t2+(1, 7))	2	197
(3556, 183, 3708, t1) & (3556, 80, 1988, t2=t1+(0, 6)) -> (3708, 183, 3556, t3=t2+(1, 4))	2	198
(1791, 6, 468, t1) & (2704, 128, 1791, t2=t1+(0, 7)) -> (1791, 128, 1791, t3=t2+(1, 4))	2	199
(3861, 175, 4361, t1) -> (3861, 175, 4361, t2=t1+(1, 2))	1	200
(3952, 9, 4895, t1) -> (3952, 9, 3952, t2=t1+(1, 7))	1	201
(4732, 165, 3718, t1) -> (4732, 165, 3718, t2=t1+(1, 5))	1	202
(772, 191, 316, t1) -> (316, 191, 316, t2=t1+(1, 9))	1	203
(1195, 108, 736, t1) -> (1195, 108, 736, t2=t1+(1, 8))	1	204
(2337, 140, 1380, t1) -> (2337, 140, 2337, t2=t1+(1, 6))	1	205
(1613, 89, 1727, t1) -> (1727, 89, 1727, t2=t1+(1, 6))	1	206
(1179, 119, 129, t1) -> (129, 119, 129, t2=t1+(1, 7))	1	207
(861, 9, 2722, t1) -> (2722, 9, 861, t2=t1+(1, 4))	1	208
(1032, 48, 2974, t1) -> (2974, 48, 1032, t2=t1+(1, 5))	1	209
(2711, 72, 555, t1) -> (555, 72, 2711, t2=t1+(1, 3))	1	210
(291, 51, 2037, t1) -> (2037, 51, 2037, t2=t1+(1, 2))	1	211
(840, 32, 2092, t1) -> (840, 32, 2092, t2=t1+(1, 7))	1	212
(4937, 197, 3431, t1) -> (3431, 197, 4937, t2=t1+(1, 5))	1	213
(950, 88, 4128, t1) -> (4128, 88, 950, t2=t1+(1, 5))	1	214
(1730, 19, 3965, t1) -> (3965, 19, 3965, t2=t1+(1, 5))	1	215
(1077, 65, 101, t1) -> (101, 65, 101, t2=t1+(1, 5))	1	216
(198, 41, 1205, t1) -> (1205, 41, 1205, t2=t1+(1, 6))	1	217
(4163, 20, 1048, t1) -> (4163, 20, 4163, t2=t1+(1, 9))	1	218
(4311, 194, 2106, t1) -> (2106, 194, 2106, t2=t1+(1, 11))	1	219
(3133, 17, 309, t1) -> (309, 17, 3133, t2=t1+(1, 5))	1	220
(1937, 2, 3514, t1) -> (1937, 2, 1937, t2=t1+(1, 9))	1	221
(2227, 193, 4107, t1) -> (2227, 193, 2227, t2=t1+(1, 9))	1	222
(91, 35, 154, t1) -> (154, 35, 154, t2=t1+(1, 7))	1	223
(2459, 185, 1476, t1) -> (1476, 185, 2459, t2=t1+(1, 1))	1	224
(3045, 166, 4700, t1) -> (3045, 166, 4700, t2=t1+(1, 4))	1	225
(4682, 26, 357, t1) -> (357, 26, 4682, t2=t1+(1, 4))	1	226
(2327, 158, 4525, t1) -> (2327, 158, 2327, t2=t1+(1, 5))	1	227
(4133, 192, 2990, t1) -> (4133, 192, 2990, t2=t1+(1, 7))	1	228
(2472, 48, 4481, t1) -> (2472, 48, 2472, t2=t1+(1, 7))	1	229
(3100, 67, 2622, t1) -> (2622, 67, 3100, t2=t1+(1, 2))	1	230
(3255, 36, 403, t1) -> (3255, 36, 3255, t2=t1+(1, 4))	1	231
(1658, 87, 1822, t1) -> (1822, 87, 1658, t2=t1+(1, 6))	1	232
(3754, 59, 3043, t1) -> (3754, 59, 3043, t2=t1+(1, 11))	1	233
(3437, 18, 849, t1) -> (3437, 18, 3437, t2=t1+(1, 9))	1	234
(1548, 110, 454, t1) -> (454, 110, 454, t2=t1+(1, 6))	1	235
(1051, 54, 265, t1) -> (265, 54, 1051, t2=t1+(1, 6))	1	236
(838, 13, 3695, t1) -> (3695, 13, 838, t2=t1+(1, 5))	1	237
(4970, 194, 3850, t1) -> (3850, 194, 4970, t2=t1+(1, 4))	1	238
(748, 91, 1557, t1) -> (748, 91, 1557, t2=t1+(1, 3))	1	239
(2004, 80, 829, t1) -> (829, 80, 2004, t2=t1+(1, 2))	1	240
(1087, 173, 4090, t1) -> (4090, 173, 4090, t2=t1+(1, 3))	1	241
(155, 22, 2588, t1) -> (2588, 22, 155, t2=t1+(1, 6))	1	242
(109, 31, 4932, t1) -> (109, 31, 109, t2=t1+(1, 3))	1	243
(3293, 49, 4456, t1) -> (4456, 49, 3293, t2=t1+(1, 3))	1	244
(3621, 100, 1428, t1) -> (1428, 100, 1428, t2=t1+(1, 4))	1	245
(1487, 170, 3630, t1) -> (3630, 170, 1487, t2=t1+(1, 6))	1	246
(4224, 88, 215, t1) -> (215, 88, 4224, t2=t1+(1, 5))	1	247
(4365, 69, 2160, t1) -> (4365, 69, 4365, t2=t1+(1, 4))	1	248
(1446, 161, 2041, t1) -> (1446, 161, 1446, t2=t1+(1, 3))	1	249
(3857, 40, 4704, t1) -> (3857, 40, 4704, t2=t1+(1, 4))	1	250
(1013, 17, 1595, t1) -> (1013, 17, 1595, t2=t1+(1, 6))	1	251
(435, 198, 750, t1) -> (435, 198, 435, t2=t1+(1, 5))	1	252
(1129, 138, 629, t1) -> (629, 138, 1129, t2=t1+(1, 5))	1	253
(2786, 178, 28, t1) -> (28, 178, 2786, t2=t1+(1, 8))	1	254
(3800, 88, 600, t1) -> (3800, 88, 3800, t2=t1+(1, 6))	1	255
(782, 129, 4076, t1) -> (4076, 129, 782, t2=t1+(1, 6))	1	256
(4134, 123, 2323, t1) -> (4134, 123, 2323, t2=t1+(1, 4))	1	257
(4574, 23, 780, t1) -> (780, 23, 4574, t2=t1+(1, 6))	1	258
(1975, 58, 1724, t1) -> (1724, 58, 1975, t2=t1+(1, 4))	1	259
(3721, 7, 4072, t1) -> (3721, 7, 3721, t2=t1+(1, 10))	1	260
(2230, 96, 668, t1) -> (668, 96, 2230, t2=t1+(1, 3))	1	261
(2622, 16, 3557, t1) -> (3557, 16, 3557, t2=t1+(1, 7))	1	262
(382, 159, 2262, t1) -> (382, 159, 2262, t2=t1+(1, 3))	1	263
(4757, 80, 3166, t1) -> (3166, 80, 3166, t2=t1+(1, 4))	1	264
(2510, 78, 717, t1) -> (717, 78, 2510, t2=t1+(1, 8))	1	265
(4780, 195, 4665, t1) -> (4665, 195, 4665, t2=t1+(1, 2))	1	266
(875, 2, 3294, t1) -> (875, 2, 3294, t2=t1+(1, 5))	1	267
(2815, 192, 977, t1) -> (2815, 192, 977, t2=t1+(1, 3))	1	268
(2936, 65, 362, t1) -> (2936, 65, 362, t2=t1+(1, 3))	1	269
(2351, 115, 3530, t1) -> (3530, 115, 3530, t2=t1+(1, 10))	1	270
(479, 142, 3267, t1) -> (3267, 142, 479, t2=t1+(1, 9))	1	271
(1364, 141, 4787, t1) -> (1364, 141, 1364, t2=t1+(1, 4))	1	272
(3333, 154, 173, t1) -> (173, 154, 3333, t2=t1+(1, 4))	1	273
(1648, 158, 3007, t1) -> (1648, 158, 3007, t2=t1+(1, 6))	1	274
(3141, 66, 2154, t1) -> (2154, 66, 3141, t2=t1+(1, 2))	1	275
(3084, 143, 1788, t1) -> (3084, 143, 3084, t2=t1+(1, 2))	1	276
(453, 130, 1283, t1) -> (453, 130, 453, t2=t1+(1, 6))	1	277
(1878, 177, 1771, t1) -> (1771, 177, 1878, t2=t1+(1, 4))	1	278
(4707, 132, 1816, t1) -> (1816, 132, 4707, t2=t1+(1, 5))	1	279
(4674, 128, 3467, t1) -> (4674, 128, 3467, t2=t1+(1, 6))	1	280
(3540, 44, 685, t1) -> (685, 44, 3540, t2=t1+(1, 4))	1	281
(4351, 117, 3366, t1) -> (3366, 117, 4351, t2=t1+(1, 8))	1	282
(3414, 188, 3902, t1) -> (3414, 188, 3902, t2=t1+(1, 5))	1	283
(500, 54, 3930, t1) -> (500, 54, 3930, t2=t1+(1, 6))	1	284
(72, 121, 2270, t1) -> (72, 121, 72, t2=t1+(1, 3))	1	285
(585, 117, 2772, t1) -> (585, 117, 585, t2=t1+(1, 1))	1	286
(4294, 9, 1972, t1) -> (1972, 9, 4294, t2=t1+(1, 5))	1	287
(4699, 171, 2623, t1) -> (2623, 171, 4699, t2=t1+(1, 2))	1	288
(4068, 103, 4473, t1) -> (4473, 103, 4068, t2=t1+(1, 4))	1	289
(2872, 192, 2197, t1) -> (2197, 192, 2197, t2=t1+(1, 1))	1	290
(835, 130, 4223, t1) -> (835, 130, 835, t2=t1+(1, 4))	1	291
(3919, 74, 3906, t1) -> (3919, 74, 3906, t2=t1+(1, 8))	1	292
(2188, 174, 1198, t1) -> (2188, 174, 2188, t2=t1+(1, 3))	1	293
(2738, 127, 4715, t1) -> (4715, 127, 4715, t2=t1+(1, 6))	1	294
(1253, 197, 2205, t1) -> (1253, 197, 2205, t2=t1+(1, 7))	1	295
(17, 58, 1083, t1) -> (17, 58, 17, t2=t1+(1, 5))	1	296
(2547, 103, 2076, t1) -> (2547, 103, 2076, t2=t1+(1, 1))	1	297
(3451, 170, 3007, t1) -> (3451, 170, 3007, t2=t1+(1, 6))	1	298
(2037, 40, 4722, t1) -> (4722, 40, 2037, t2=t1+(1, 6))	1	299
