(3904, 33, 4905, t1) & (1393, 24, 4063, t2=t1+(0, 9)) & (1393, 20, 4905, t3=t2+(0, 6)) -> (1393, 33, 4905, t4=t3+(1, 4))	3	0
(2300, 27, 2850, t1) & (820, 28, 640, t2=t1+(0, 4)) & (820, 150, 2300, t3=t2+(0, 7)) -> (640, 27, 820, t4=t3+(1, 8))	3	1
(2142, 96, 3278, t1) & (3177, 31, 4775, t2=t1+(0, 5)) & (2142, 103, 3177, t3=t2+(0, 5)) -> (2142, 96, 3177, t4=t3+(1, 4))	3	2
(983, 130, 3999, t1) & (1819, 149, 3603, t2=t1+(0, 6)) & (3603, 174, 983, t3=t2+(0, 2)) -> (983, 130, 3603, t4=t3+(1, 3))	3	3
(4928, 155, 4951, t1) & (275, 36, 2621, t2=t1+(0, 1)) & (2621, 53, 4928, t3=t2+(0, 7)) -> (4928, 53, 2621, t4=t3+(1, 8))	3	4
(3095, 9, 4144, t1) & (368, 70, 2354, t2=t1+(0, 1)) & (368, 15, 3095, t3=t2+(0, 1)) -> (4144, 70, 3095, t4=t3+(1, 2))	3	5
(2301, 100, 998, t1) & (963, 55, 2479, t2=t1+(0, 11)) & (963, 80, 2301, t3=t2+(0, 6)) -> (963, 100, 2479, t4=t3+(1, 7))	3	6
(3993, 54, 2601, t1) & (2853, 186, 2802, t2=t1+(0, 6)) & (3993, 46, 2853, t3=t2+(0, 5)) -> (2853, 46, 2853, t4=t3+(1, 8))	3	7
(2303, 50, 1530, t1) & (1942, 97, 3791, t2=t1+(0, 8)) & (1530, 140, 1942, t3=t2+(0, 3)) -> (1942, 140, 3791, t4=t3+(1, 2))	3	8
(936, 43, 3509, t1) & (795, 31, 4829, t2=t1+(0, 9)) & (4829, 163, 936, t3=t2+(0, 9)) -> (4829, 43, 4829, t4=t3+(1, 4))	3	9
(1938, 58, 3739, t1) & (976, 169, 2378, t2=t1+(0, 6)) & (3739, 61, 2378, t3=t2+(0, 6)) -> (3739, 61, 3739, t4=t3+(1, 5))	3	10
(1373, 64, 2390, t1) & (3888, 85, 3363, t2=t1+(0, 4)) & (3363, 151, 2390, t3=t2+(0, 8)) -> (2390, 64, 3888, t4=t3+(1, 3))	3	11
(1271, 7, 2865, t1) & (914, 92, 1935, t2=t1+(0, 4)) & (1271, 144, 1935, t3=t2+(0, 4)) -> (1935, 92, 2865, t4=t3+(1, 1))	3	12
(1639, 185, 2315, t1) & (1697, 30, 863, t2=t1+(0, 5)) & (1639, 66, 863, t3=t2+(0, 10)) -> (1639, 30, 1697, t4=t3+(1, 6))	3	13
(4728, 102, 3543, t1) & (2291, 167, 533, t2=t1+(0, 5)) & (4728, 171, 533, t3=t2+(0, 4)) -> (533, 171, 533, t4=t3+(1, 2))	3	14
(4728, 192, 3647, t1) & (4754, 122, 2525, t2=t1+(0, 5)) & (2525, 193, 4728, t3=t2+(0, 8)) -> (4754, 122, 4728, t4=t3+(1, 3))	3	15
(2901, 70, 1668, t1) & (2989, 160, 532, t2=t1+(0, 2)) & (2901, 163, 2989, t3=t2+(0, 3)) -> (2989, 160, 2989, t4=t3+(1, 6))	3	16
(4170, 166, 3265, t1) & (725, 55, 4232, t2=t1+(0, 4)) & (4170, 173, 725, t3=t2+(0, 5)) -> (725, 173, 725, t4=t3+(1, 7))	3	17
(255, 179, 58, t1) & (1636, 192, 2309, t2=t1+(0, 7)) & (1636, 80, 255, t3=t2+(0, 7)) -> (2309, 192, 1636, t4=t3+(1, 7))	3	18
(2602, 26, 4357, t1) & (4158, 133, 3193, t2=t1+(0, 2)) & (4158, 83, 4357, t3=t2+(0, 5)) -> (4357, 83, 4357, t4=t3+(1, 6))	3	19
(4520, 132, 2350, t1) & (734, 65, 2344, t2=t1+(0, 2)) & (734, 60, 4520, t3=t2+(0, 9)) -> (734, 65, 734, t4=t3+(1, 9))	3	20
(3774, 158, 938, t1) & (2515, 57, 1406, t2=t1+(0, 2)) & (1406, 11, 3774, t3=t2+(0, 10)) -> (1406, 57, 1406, t4=t3+(1, 4))	3	21
(1557, 58, 1314, t1) & (337, 148, 2037, t2=t1+(0, 2)) & (1314, 129, 337, t3=t2+(0, 9)) -> (1314, 148, 1314, t4=t3+(1, 4))	3	22
(4770, 162, 1183, t1) & (2580, 114, 1354, t2=t1+(0, 5)) & (2580, 151, 1183, t3=t2+(0, 7)) -> (1354, 151, 1354, t4=t3+(1, 9))	3	23
(4957, 133, 1061, t1) & (4166, 32, 4168, t2=t1+(0, 5)) & (4166, 13, 4957, t3=t2+(0, 4)) -> (4166, 13, 1061, t4=t3+(1, 5))	3	24
(2620, 151, 1405, t1) & (1306, 164, 4956, t2=t1+(0, 4)) & (4956, 197, 1405, t3=t2+(0, 6)) -> (4956, 151, 2620, t4=t3+(1, 8))	3	25
(2213, 152, 2471, t1) & (256, 101, 1653, t2=t1+(0, 7)) & (2471, 117, 1653, t3=t2+(0, 3)) -> (256, 117, 1653, t4=t3+(1, 6))	3	26
(4200, 50, 4018, t1) & (1954, 163, 4820, t2=t1+(0, 4)) & (4820, 118, 4200, t3=t2+(0, 5)) -> (4820, 50, 4018, t4=t3+(1, 7))	3	27
(1184, 137, 3566, t1) & (2430, 166, 2965, t2=t1+(0, 3)) & (2430, 50, 1184, t3=t2+(0, 4)) -> (2965, 50, 3566, t4=t3+(1, 5))	3	28
(3502, 143, 2720, t1) & (2094, 36, 4584, t2=t1+(0, 6)) & (2720, 111, 2094, t3=t2+(0, 7)) -> (2094, 111, 4584, t4=t3+(1, 6))	3	29
(4013, 63, 2740, t1) & (3456, 157, 4953, t2=t1+(0, 6)) & (4013, 99, 3456, t3=t2+(0, 8)) -> (3456, 99, 4013, t4=t3+(1, 2))	3	30
(922, 83, 1907, t1) & (2327, 96, 821, t2=t1+(0, 9)) & (2327, 72, 922, t3=t2+(0, 2)) -> (922, 83, 1907, t4=t3+(1, 5))	3	31
(2740, 197, 704, t1) & (2341, 174, 4418, t2=t1+(0, 3)) & (704, 122, 2341, t3=t2+(0, 2)) -> (4418, 197, 704, t4=t3+(1, 4))	3	32
(3454, 81, 847, t1) & (2135, 174, 3826, t2=t1+(0, 4)) & (3454, 150, 3826, t3=t2+(0, 6)) -> (3826, 174, 3454, t4=t3+(1, 3))	3	33
(3626, 68, 4988, t1) & (3472, 165, 1442, t2=t1+(0, 5)) & (1442, 73, 4988, t3=t2+(0, 6)) -> (1442, 73, 4988, t4=t3+(1, 2))	3	34
(4941, 27, 1527, t1) & (499, 60, 2615, t2=t1+(0, 3)) & (4941, 117, 499, t3=t2+(0, 3)) -> (4941, 60, 4941, t4=t3+(1, 6))	3	35
(2405, 41, 1341, t1) & (1706, 159, 911, t2=t1+(0, 9)) & (1706, 50, 1341, t3=t2+(0, 9)) -> (1706, 41, 1341, t4=t3+(1, 4))	3	36
(4465, 89, 514, t1) & (4954, 26, 51, t2=t1+(0, 9)) & (4954, 83, 4465, t3=t2+(0, 5)) -> (4465, 26, 514, t4=t3+(1, 7))	3	37
(930, 115, 1541, t1) & (3649, 29, 2841, t2=t1+(0, 5)) & (3649, 48, 930, t3=t2+(0, 4)) -> (2841, 115, 1541, t4=t3+(1, 8))	3	38
(2179, 57, 4570, t1) & (1395, 19, 3430, t2=t1+(0, 2)) & (1395, 117, 4570, t3=t2+(0, 5)) -> (3430, 117, 3430, t4=t3+(1, 2))	3	39
(2453, 48, 653, t1) & (2789, 66, 4258, t2=t1+(0, 7)) & (4258, 156, 653, t3=t2+(0, 4)) -> (2453, 66, 4258, t4=t3+(1, 8))	3	40
(3397, 39, 4966, t1) & (316, 19, 4804, t2=t1+(0, 4)) & (4804, 118, 3397, t3=t2+(0, 7)) -> (3397, 39, 3397, t4=t3+(1, 7))	3	41
(2048, 179, 287, t1) & (580, 75, 914, t2=t1+(0, 7)) & (914, 134, 2048, t3=t2+(0, 7)) -> (2048, 179, 287, t4=t3+(1, 6))	3	42
(935, 25, 109, t1) & (2191, 74, 2907, t2=t1+(0, 2)) & (935, 55, 2907, t3=t2+(0, 6)) -> (109, 55, 2907, t4=t3+(1, 9))	3	43
(2559, 190, 4525, t1) & (3939, 168, 4319, t2=t1+(0, 6)) & (4525, 119, 4319, t3=t2+(0, 4)) -> (4525, 168, 4525, t4=t3+(1, 8))	3	44
(4604, 47, 1873, t1) & (655, 180, 4762, t2=t1+(0, 4)) & (655, 29, 1873, t3=t2+(0, 5)) -> (655, 29, 1873, t4=t3+(1, 8))	3	45
(712, 149, 1047, t1) & (2852, 142, 3807, t2=t1+(0, 6)) & (712, 180, 2852, t3=t2+(0, 1)) -> (2852, 180, 712, t4=t3+(1, 7))	3	46
(1098, 73, 4067, t1) & (3123, 103, 3998, t2=t1+(0, 4)) & (3123, 42, 4067, t3=t2+(0, 7)) -> (4067, 73, 1098, t4=t3+(1, 6))	3	47
(1238, 1, 896, t1) & (4558, 94, 3390, t2=t1+(0, 5)) & (896, 199, 4558, t3=t2+(0, 7)) -> (896, 199, 4558, t4=t3+(1, 3))	3	48
(413, 103, 983, t1) & (4835, 163, 3411, t2=t1+(0, 7)) & (983, 77, 4835, t3=t2+(0, 7)) -> (413, 103, 3411, t4=t3+(1, 9))	3	49
(2597, 61, 2094, t1) & (2708, 2, 844, t2=t1+(0, 4)) & (2597, 95, 844, t3=t2+(0, 6)) -> (844, 95, 844, t4=t3+(1, 3))	3	50
(1470, 24, 1299, t1) & (1922, 179, 4414, t2=t1+(0, 6)) & (4414, 9, 1470, t3=t2+(0, 1)) -> (1470, 9, 1470, t4=t3+(1, 9))	3	51
(4648, 58, 2442, t1) & (3890, 72, 3108, t2=t1+(0, 5)) & (3890, 64, 2442, t3=t2+(0, 5)) -> (3890, 58, 3890, t4=t3+(1, 8))	3	52
(149, 101, 2586, t1) & (4412, 72, 4970, t2=t1+(0, 2)) & (149, 15, 4412, t3=t2+(0, 4)) -> (2586, 72, 149, t4=t3+(1, 8))	3	53
(3486, 172, 444, t1) & (8, 45, 425, t2=t1+(0, 6)) & (425, 157, 444, t3=t2+(0, 7)) -> (8, 172, 444, t4=t3+(1, 4))	3	54
(539, 58, 3651, t1) & (4040, 46, 2964, t2=t1+(0, 9)) & (3651, 83, 4040, t3=t2+(0, 7)) -> (4040, 58, 4040, t4=t3+(1, 2))	3	55
(3696, 54, 2339, t1) & (160, 124, 1573, t2=t1+(0, 9)) & (3696, 128, 160, t3=t2+(0, 1)) -> (160, 54, 1573, t4=t3+(1, 3))	3	56
(3152, 12, 992, t1) & (3080, 41, 213, t2=t1+(0, 5)) & (3152, 85, 3080, t3=t2+(0, 3)) -> (3080, 12, 992, t4=t3+(1, 5))	3	57
(2810, 20, 4866, t1) & (880, 186, 1242, t2=t1+(0, 7)) & (1242, 97, 4866, t3=t2+(0, 10)) -> (1242, 97, 4866, t4=t3+(1, 6))	3	58
(3599, 68, 3888, t1) & (2212, 122, 4955, t2=t1+(0, 4)) & (3888, 134, 4955, t3=t2+(0, 4)) -> (3599, 122, 3888, t4=t3+(1, 2))	3	59
(973, 110, 1053, t1) & (4233, 112, 4142, t2=t1+(0, 5)) & (1053, 180, 4142, t3=t2+(0, 4)) -> (4142, 180, 1053, t4=t3+(1, 9))	3	60
(1994, 198, 624, t1) & (1392, 76, 244, t2=t1+(0, 4)) & (624, 92, 244, t3=t2+(0, 3)) -> (1994, 76, 624, t4=t3+(1, 7))	3	61
(576, 175, 113, t1) & (1505, 21, 1120, t2=t1+(0, 3)) & (113, 122, 1505, t3=t2+(0, 4)) -> (1120, 122, 113, t4=t3+(1, 6))	3	62
(431, 125, 3037, t1) & (4562, 131, 3036, t2=t1+(0, 7)) & (431, 74, 4562, t3=t2+(0, 8)) -> (3036, 125, 431, t4=t3+(1, 3))	3	63
(1229, 170, 6, t1) & (3098, 7, 3428, t2=t1+(0, 3)) & (3428, 156, 6, t3=t2+(0, 8)) -> (6, 7, 3428, t4=t3+(1, 5))	3	64
(3531, 197, 2840, t1) & (725, 178, 4308, t2=t1+(0, 2)) & (725, 148, 3531, t3=t2+(0, 6)) -> (2840, 178, 2840, t4=t3+(1, 5))	3	65
(4463, 42, 2841, t1) & (153, 71, 935, t2=t1+(0, 8)) & (2841, 190, 935, t3=t2+(0, 9)) -> (935, 190, 4463, t4=t3+(1, 6))	3	66
(2841, 50, 642, t1) & (1612, 59, 1475, t2=t1+(0, 5)) & (1475, 181, 642, t3=t2+(0, 7)) -> (1612, 181, 1612, t4=t3+(1, 3))	3	67
(1289, 18, 1967, t1) & (2658, 183, 2288, t2=t1+(0, 8)) & (2288, 102, 1289, t3=t2+(0, 3)) -> (2658, 102, 1967, t4=t3+(1, 7))	3	68
(1415, 176, 1973, t1) & (945, 140, 760, t2=t1+(0, 6)) & (760, 104, 1415, t3=t2+(0, 5)) -> (1973, 104, 1973, t4=t3+(1, 8))	3	69
(826, 95, 1455, t1) & (4077, 10, 1491, t2=t1+(0, 5)) & (4077, 41, 826, t3=t2+(0, 2)) -> (4077, 10, 4077, t4=t3+(1, 4))	3	70
(1202, 82, 3531, t1) & (2114, 21, 4482, t2=t1+(0, 2)) & (1202, 173, 2114, t3=t2+(0, 6)) -> (1202, 173, 3531, t4=t3+(1, 5))	3	71
(1381, 59, 40, t1) & (3790, 53, 3665, t2=t1+(0, 7)) & (1381, 81, 3790, t3=t2+(0, 6)) -> (1381, 59, 3790, t4=t3+(1, 4))	3	72
(2024, 155, 4367, t1) & (1836, 56, 338, t2=t1+(0, 5)) & (338, 184, 4367, t3=t2+(0, 4)) -> (1836, 184, 4367, t4=t3+(1, 1))	3	73
(634, 25, 1399, t1) & (2573, 54, 1732, t2=t1+(0, 5)) & (1732, 39, 1399, t3=t2+(0, 3)) -> (1732, 39, 1399, t4=t3+(1, 6))	3	74
(3983, 164, 3256, t1) & (921, 198, 4425, t2=t1+(0, 8)) & (3983, 112, 4425, t3=t2+(0, 3)) -> (921, 164, 921, t4=t3+(1, 7))	3	75
(2755, 95, 4336, t1) & (14, 40, 2596, t2=t1+(0, 5)) & (2596, 194, 4336, t3=t2+(0, 5)) -> (2596, 40, 2596, t4=t3+(1, 2))	3	76
(38, 28, 3642, t1) & (1177, 13, 4718, t2=t1+(0, 8)) & (4718, 58, 3642, t3=t2+(0, 8)) -> (3642, 13, 3642, t4=t3+(1, 5))	3	77
(1377, 109, 4503, t1) & (257, 164, 1806, t2=t1+(0, 1)) & (4503, 7, 1806, t3=t2+(0, 7)) -> (257, 109, 4503, t4=t3+(1, 3))	3	78
(3788, 126, 2570, t1) & (3940, 89, 472, t2=t1+(0, 4)) & (2570, 42, 472, t3=t2+(0, 5)) -> (472, 89, 3940, t4=t3+(1, 5))	3	79
(1275, 74, 3607, t1) & (1198, 128, 1812, t2=t1+(0, 7)) & (3607, 182, 1198, t3=t2+(0, 6)) -> (1198, 128, 1198, t4=t3+(1, 6))	3	80
(2433, 176, 4231, t1) & (3689, 166, 510, t2=t1+(0, 6)) & (4231, 56, 3689, t3=t2+(0, 2)) -> (510, 166, 3689, t4=t3+(1, 4))	3	81
(4391, 195, 4659, t1) & (789, 132, 3405, t2=t1+(0, 7)) & (4659, 185, 789, t3=t2+(0, 4)) -> (4659, 195, 4391, t4=t3+(1, 3))	3	82
(3052, 138, 4498, t1) & (3378, 58, 1056, t2=t1+(0, 9)) & (1056, 153, 4498, t3=t2+(0, 7)) -> (4498, 138, 3378, t4=t3+(1, 11))	3	83
(963, 94, 2115, t1) & (1047, 24, 4208, t2=t1+(0, 6)) & (4208, 76, 963, t3=t2+(0, 6)) -> (963, 76, 4208, t4=t3+(1, 7))	3	84
(3363, 9, 1392, t1) & (3483, 67, 3196, t2=t1+(0, 7)) & (3483, 198, 1392, t3=t2+(0, 5)) -> (1392, 9, 3483, t4=t3+(1, 4))	3	85
(2492, 186, 1771, t1) & (4925, 143, 166, t2=t1+(0, 7)) & (1771, 193, 4925, t3=t2+(0, 7)) -> (2492, 193, 1771, t4=t3+(1, 4))	3	86
(3698, 151, 371, t1) & (3391, 174, 684, t2=t1+(0, 4)) & (684, 13, 3698, t3=t2+(0, 6)) -> (3391, 13, 684, t4=t3+(1, 5))	3	87
(1843, 74, 1235, t1) & (2224, 183, 911, t2=t1+(0, 5)) & (1235, 148, 911, t3=t2+(0, 5)) -> (1843, 74, 1843, t4=t3+(1, 4))	3	88
(872, 155, 529, t1) & (4506, 101, 2759, t2=t1+(0, 6)) & (4506, 9, 872, t3=t2+(0, 6)) -> (529, 101, 872, t4=t3+(1, 4))	3	89
(2228, 84, 4337, t1) & (1741, 15, 653, t2=t1+(0, 8)) & (653, 182, 4337, t3=t2+(0, 6)) -> (1741, 15, 4337, t4=t3+(1, 5))	3	90
(3164, 81, 3004, t1) & (2, 141, 2716, t2=t1+(0, 7)) & (3004, 56, 2, t3=t2+(0, 8)) -> (2, 81, 3164, t4=t3+(1, 1))	3	91
(1077, 125, 2045, t1) & (1004, 71, 1272, t2=t1+(0, 3)) & (1272, 79, 2045, t3=t2+(0, 5)) -> (1272, 125, 2045, t4=t3+(1, 6))	3	92
(3127, 192, 4724, t1) & (1280, 83, 3360, t2=t1+(0, 2)) & (3127, 68, 1280, t3=t2+(0, 2)) -> (1280, 83, 1280, t4=t3+(1, 5))	3	93
(1364, 172, 909, t1) & (308, 180, 4326, t2=t1+(0, 4)) & (4326, 123, 1364, t3=t2+(0, 3)) -> (909, 172, 308, t4=t3+(1, 1))	3	94
(3611, 130, 3476, t1) & (261, 195, 3239, t2=t1+(0, 5)) & (3611, 66, 3239, t3=t2+(0, 4)) -> (3239, 66, 3476, t4=t3+(1, 5))	3	95
(3174, 59, 4522, t1) & (1059, 182, 2430, t2=t1+(0, 7)) & (3174, 172, 2430, t3=t2+(0, 0)) -> (2430, 59, 2430, t4=t3+(1, 3))	3	96
(174, 174, 847, t1) & (1149, 149, 4118, t2=t1+(0, 4)) & (4118, 52, 847, t3=t2+(0, 5)) -> (1149, 52, 174, t4=t3+(1, 7))	3	97
(2730, 12, 1483, t1) & (988, 98, 3565, t2=t1+(0, 4)) & (988, 88, 2730, t3=t2+(0, 6)) -> (3565, 88, 988, t4=t3+(1, 3))	3	98
(2799, 42, 2850, t1) & (2482, 142, 1065, t2=t1+(0, 6)) & (2799, 16, 2482, t3=t2+(0, 3)) -> (2799, 42, 2482, t4=t3+(1, 3))	3	99
(4157, 57, 3903, t1) & (3415, 47, 3181, t2=t1+(0, 4)) & (3415, 160, 4157, t3=t2+(0, 6)) -> (3415, 47, 3415, t4=t3+(1, 5))	3	100
(4003, 182, 285, t1) & (3165, 115, 1919, t2=t1+(0, 8)) & (4003, 32, 1919, t3=t2+(0, 4)) -> (1919, 182, 4003, t4=t3+(1, 3))	3	101
(4808, 87, 14, t1) & (2206, 55, 3688, t2=t1+(0, 2)) & (14, 136, 2206, t3=t2+(0, 3)) -> (2206, 55, 4808, t4=t3+(1, 4))	3	102
(1253, 106, 139, t1) & (4799, 172, 1474, t2=t1+(0, 7)) & (139, 2, 4799, t3=t2+(0, 1)) -> (139, 172, 4799, t4=t3+(1, 3))	3	103
(331, 43, 2561, t1) & (49, 174, 1846, t2=t1+(0, 2)) & (331, 122, 1846, t3=t2+(0, 4)) -> (2561, 174, 1846, t4=t3+(1, 5))	3	104
(1079, 166, 2358, t1) & (1481, 125, 2549, t2=t1+(0, 2)) & (1079, 2, 1481, t3=t2+(0, 8)) -> (1481, 125, 1079, t4=t3+(1, 2))	3	105
(3494, 141, 4362, t1) & (816, 170, 1366, t2=t1+(0, 2)) & (1366, 153, 4362, t3=t2+(0, 2)) -> (4362, 141, 3494, t4=t3+(1, 7))	3	106
(2445, 104, 4390, t1) & (99, 164, 1868, t2=t1+(0, 2)) & (2445, 80, 99, t3=t2+(0, 5)) -> (99, 104, 2445, t4=t3+(1, 2))	3	107
(1658, 133, 4372, t1) & (4288, 154, 4673, t2=t1+(0, 4)) & (4372, 110, 4673, t3=t2+(0, 2)) -> (1658, 110, 4372, t4=t3+(1, 9))	3	108
(460, 39, 3074, t1) & (3498, 2, 4319, t2=t1+(0, 6)) & (4319, 71, 3074, t3=t2+(0, 5)) -> (3498, 2, 4319, t4=t3+(1, 4))	3	109
(3200, 86, 386, t1) & (1103, 123, 3703, t2=t1+(0, 3)) & (3703, 28, 386, t3=t2+(0, 3)) -> (386, 86, 386, t4=t3+(1, 5))	3	110
(2443, 151, 2995, t1) & (1463, 18, 3500, t2=t1+(0, 10)) & (2443, 194, 3500, t3=t2+(0, 7)) -> (2443, 18, 3500, t4=t3+(1, 8))	3	111
(3600, 50, 2684, t1) & (1817, 158, 2768, t2=t1+(0, 2)) & (2768, 167, 2684, t3=t2+(0, 5)) -> (1817, 50, 2768, t4=t3+(1, 7))	3	112
(3546, 74, 2899, t1) & (1646, 1, 3044, t2=t1+(0, 5)) & (3044, 59, 2899, t3=t2+(0, 4)) -> (1646, 74, 3044, t4=t3+(1, 9))	3	113
(1345, 157, 166, t1) & (3959, 44, 2307, t2=t1+(0, 8)) & (1345, 48, 2307, t3=t2+(0, 7)) -> (1345, 48, 1345, t4=t3+(1, 3))	3	114
(454, 89, 3326, t1) & (2689, 61, 2067, t2=t1+(0, 4)) & (2689, 150, 3326, t3=t2+(0, 7)) -> (2689, 150, 2689, t4=t3+(1, 9))	3	115
(3459, 117, 4300, t1) & (2044, 72, 3877, t2=t1+(0, 4)) & (3459, 61, 2044, t3=t2+(0, 4)) -> (2044, 72, 3877, t4=t3+(1, 3))	3	116
(1908, 152, 3723, t1) & (4887, 10, 2053, t2=t1+(0, 7)) & (3723, 132, 4887, t3=t2+(0, 5)) -> (2053, 132, 1908, t4=t3+(1, 3))	3	117
(4397, 36, 4634, t1) & (755, 13, 3217, t2=t1+(0, 9)) & (755, 39, 4397, t3=t2+(0, 3)) -> (4397, 13, 755, t4=t3+(1, 7))	3	118
(3857, 161, 1315, t1) & (444, 93, 90, t2=t1+(0, 4)) & (444, 10, 3857, t3=t2+(0, 8)) -> (444, 10, 444, t4=t3+(1, 1))	3	119
(3958, 67, 2018, t1) & (4737, 102, 4199, t2=t1+(0, 2)) & (3958, 169, 4199, t3=t2+(0, 6)) -> (4199, 102, 4199, t4=t3+(1, 4))	3	120
(4379, 145, 635, t1) & (2120, 126, 2476, t2=t1+(0, 4)) & (2476, 29, 635, t3=t2+(0, 3)) -> (635, 145, 2476, t4=t3+(1, 4))	3	121
(3959, 38, 4044, t1) & (4675, 99, 822, t2=t1+(0, 5)) & (3959, 199, 822, t3=t2+(0, 3)) -> (822, 38, 822, t4=t3+(1, 3))	3	122
(345, 50, 1660, t1) & (899, 25, 1648, t2=t1+(0, 7)) & (1660, 25, 899, t3=t2+(0, 7)) -> (1660, 25, 345, t4=t3+(1, 7))	3	123
(4829, 18, 114, t1) & (2081, 132, 879, t2=t1+(0, 2)) & (879, 145, 4829, t3=t2+(0, 6)) -> (114, 18, 4829, t4=t3+(1, 6))	3	124
(2851, 23, 3293, t1) & (3600, 72, 886, t2=t1+(0, 4)) & (2851, 87, 886, t3=t2+(0, 4)) -> (2851, 87, 886, t4=t3+(1, 2))	3	125
(1788, 164, 4867, t1) & (3121, 128, 2429, t2=t1+(0, 2)) & (1788, 66, 2429, t3=t2+(0, 4)) -> (2429, 128, 1788, t4=t3+(1, 8))	3	126
(1448, 182, 4954, t1) & (373, 24, 4219, t2=t1+(0, 8)) & (4954, 162, 4219, t3=t2+(0, 6)) -> (373, 182, 4954, t4=t3+(1, 9))	3	127
(4832, 106, 2728, t1) & (4379, 15, 2868, t2=t1+(0, 5)) & (4379, 89, 4832, t3=t2+(0, 4)) -> (4832, 89, 2728, t4=t3+(1, 8))	3	128
(2935, 130, 3013, t1) & (2191, 46, 3138, t2=t1+(0, 11)) & (2191, 0, 2935, t3=t2+(0, 8)) -> (2191, 0, 2935, t4=t3+(1, 5))	3	129
(1528, 152, 2237, t1) & (831, 130, 1939, t2=t1+(0, 8)) & (2237, 89, 1939, t3=t2+(0, 6)) -> (1939, 152, 1939, t4=t3+(1, 6))	3	130
(4242, 109, 3514, t1) & (3157, 198, 3272, t2=t1+(0, 4)) & (3514, 131, 3157, t3=t2+(0, 1)) -> (3157, 198, 3157, t4=t3+(1, 2))	3	131
(1808, 170, 2759, t1) & (3748, 104, 26, t2=t1+(0, 7)) & (26, 134, 1808, t3=t2+(0, 4)) -> (2759, 170, 2759, t4=t3+(1, 8))	3	132
(1904, 147, 2745, t1) & (338, 88, 3847, t2=t1+(0, 7)) & (338, 94, 1904, t3=t2+(0, 4)) -> (1904, 88, 3847, t4=t3+(1, 4))	3	133
(3910, 88, 4228, t1) & (2821, 102, 1777, t2=t1+(0, 6)) & (3910, 128, 2821, t3=t2+(0, 7)) -> (1777, 88, 1777, t4=t3+(1, 5))	3	134
(2250, 59, 2364, t1) & (2315, 29, 565, t2=t1+(0, 8)) & (565, 171, 2364, t3=t2+(0, 5)) -> (565, 59, 2315, t4=t3+(1, 1))	3	135
(1359, 198, 2932, t1) & (3368, 135, 2702, t2=t1+(0, 8)) & (1359, 31, 2702, t3=t2+(0, 5)) -> (3368, 135, 1359, t4=t3+(1, 6))	3	136
(3206, 60, 557, t1) & (1051, 119, 3032, t2=t1+(0, 3)) & (3032, 137, 557, t3=t2+(0, 6)) -> (3206, 119, 3206, t4=t3+(1, 8))	3	137
(2754, 33, 4328, t1) & (822, 10, 1407, t2=t1+(0, 4)) & (2754, 145, 822, t3=t2+(0, 6)) -> (822, 33, 1407, t4=t3+(1, 5))	3	138
(4652, 120, 1628, t1) & (1170, 147, 1328, t2=t1+(0, 3)) & (1628, 177, 1170, t3=t2+(0, 4)) -> (1170, 147, 4652, t4=t3+(1, 9))	3	139
(4433, 48, 1208, t1) & (3455, 51, 4681, t2=t1+(0, 5)) & (1208, 64, 3455, t3=t2+(0, 5)) -> (4433, 48, 3455, t4=t3+(1, 6))	3	140
(1918, 127, 3937, t1) & (2263, 101, 1884, t2=t1+(0, 2)) & (3937, 192, 1884, t3=t2+(0, 9)) -> (3937, 101, 3937, t4=t3+(1, 3))	3	141
(3728, 141, 3947, t1) & (4839, 175, 2450, t2=t1+(0, 8)) & (3947, 48, 2450, t3=t2+(0, 6)) -> (2450, 141, 3947, t4=t3+(1, 6))	3	142
(1406, 48, 150, t1) & (1655, 167, 2254, t2=t1+(0, 4)) & (1406, 110, 1655, t3=t2+(0, 2)) -> (1655, 167, 1406, t4=t3+(1, 6))	3	143
(3197, 95, 4728, t1) & (2722, 16, 2223, t2=t1+(0, 5)) & (4728, 98, 2722, t3=t2+(0, 7)) -> (3197, 95, 2722, t4=t3+(1, 4))	3	144
(4182, 54, 1743, t1) & (2120, 169, 1007, t2=t1+(0, 2)) & (1743, 194, 2120, t3=t2+(0, 2)) -> (2120, 54, 4182, t4=t3+(1, 3))	3	145
(1434, 34, 1999, t1) & (4077, 178, 1301, t2=t1+(0, 3)) & (1434, 119, 4077, t3=t2+(0, 5)) -> (1999, 178, 1434, t4=t3+(1, 2))	3	146
(1788, 106, 2916, t1) & (3762, 20, 1909, t2=t1+(0, 7)) & (2916, 144, 1909, t3=t2+(0, 9)) -> (1909, 106, 1909, t4=t3+(1, 8))	3	147
(4204, 25, 4611, t1) & (2609, 74, 2250, t2=t1+(0, 5)) & (4611, 72, 2250, t3=t2+(0, 2)) -> (4611, 72, 2250, t4=t3+(1, 6))	3	148
(2739, 109, 2537, t1) & (4497, 6, 159, t2=t1+(0, 7)) & (2739, 42, 4497, t3=t2+(0, 4)) -> (4497, 6, 2739, t4=t3+(1, 4))	3	149
(1163, 191, 283, t1) & (3986, 162, 953, t2=t1+(0, 2)) & (1163, 66, 3986, t3=t2+(0, 5)) -> (283, 66, 3986, t4=t3+(1, 3))	3	150
(4468, 98, 236, t1) & (3438, 13, 1506, t2=t1+(0, 5)) & (4468, 71, 1506, t3=t2+(0, 4)) -> (1506, 71, 4468, t4=t3+(1, 10))	3	151
(1020, 12, 2358, t1) & (2374, 180, 1879, t2=t1+(0, 6)) & (2374, 44, 1020, t3=t2+(0, 7)) -> (2374, 180, 2358, t4=t3+(1, 5))	3	152
(4561, 54, 1487, t1) & (153, 92, 3414, t2=t1+(0, 4)) & (3414, 122, 1487, t3=t2+(0, 0)) -> (3414, 92, 1487, t4=t3+(1, 3))	3	153
(4575, 56, 1305, t1) & (3042, 12, 3407, t2=t1+(0, 1)) & (3407, 9, 4575, t3=t2+(0, 5)) -> (3042, 56, 1305, t4=t3+(1, 3))	3	154
(1839, 174, 4921, t1) & (3407, 41, 4195, t2=t1+(0, 9)) & (4195, 96, 1839, t3=t2+(0, 4)) -> (4921, 41, 3407, t4=t3+(1, 5))	3	155
(871, 124, 2794, t1) & (2938, 132, 1656, t2=t1+(0, 2)) & (2794, 149, 1656, t3=t2+(0, 9)) -> (2938, 132, 1656, t4=t3+(1, 6))	3	156
(4498, 99, 2136, t1) & (953, 127, 3712, t2=t1+(0, 7)) & (953, 22, 2136, t3=t2+(0, 4)) -> (953, 22, 953, t4=t3+(1, 5))	3	157
(2827, 12, 3781, t1) & (2432, 72, 1915, t2=t1+(0, 8)) & (3781, 97, 2432, t3=t2+(0, 7)) -> (3781, 97, 1915, t4=t3+(1, 5))	3	158
(1255, 90, 486, t1) & (2611, 46, 1449, t2=t1+(0, 6)) & (2611, 102, 1255, t3=t2+(0, 7)) -> (2611, 90, 2611, t4=t3+(1, 4))	3	159
(4449, 78, 923, t1) & (4751, 76, 4703, t2=t1+(0, 5)) & (4751, 92, 4449, t3=t2+(0, 5)) -> (923, 78, 4751, t4=t3+(1, 9))	3	160
(4498, 101, 132, t1) & (3264, 46, 4907, t2=t1+(0, 0)) & (4907, 186, 4498, t3=t2+(0, 2)) -> (4498, 186, 4907, t4=t3+(1, 5))	3	161
(3013, 104, 4502, t1) & (2292, 46, 3088, t2=t1+(0, 2)) & (3013, 153, 3088, t3=t2+(0, 3)) -> (3013, 46, 3088, t4=t3+(1, 6))	3	162
(1034, 58, 4810, t1) & (3297, 105, 4635, t2=t1+(0, 5)) & (1034, 55, 4635, t3=t2+(0, 5)) -> (1034, 58, 4635, t4=t3+(1, 7))	3	163
(3664, 22, 1728, t1) & (306, 52, 403, t2=t1+(0, 5)) & (306, 138, 1728, t3=t2+(0, 2)) -> (1728, 138, 403, t4=t3+(1, 4))	3	164
(4581, 18, 1468, t1) & (1910, 40, 2182, t2=t1+(0, 3)) & (1910, 65, 4581, t3=t2+(0, 4)) -> (1910, 18, 2182, t4=t3+(1, 7))	3	165
(3691, 138, 1123, t1) & (1146, 175, 2002, t2=t1+(0, 2)) & (2002, 186, 1123, t3=t2+(0, 7)) -> (2002, 138, 3691, t4=t3+(1, 3))	3	166
(457, 186, 2156, t1) & (2331, 27, 1931, t2=t1+(0, 4)) & (457, 8, 1931, t3=t2+(0, 5)) -> (457, 8, 1931, t4=t3+(1, 5))	3	167
(396, 168, 2055, t1) & (3747, 49, 3044, t2=t1+(0, 4)) & (3747, 64, 396, t3=t2+(0, 2)) -> (396, 168, 3044, t4=t3+(1, 5))	3	168
(2068, 0, 742, t1) & (2563, 162, 3650, t2=t1+(0, 4)) & (2563, 77, 2068, t3=t2+(0, 6)) -> (2068, 0, 3650, t4=t3+(1, 5))	3	169
(1230, 95, 3817, t1) & (4247, 196, 2815, t2=t1+(0, 3)) & (2815, 31, 1230, t3=t2+(0, 4)) -> (1230, 95, 2815, t4=t3+(1, 5))	3	170
(2971, 118, 3196, t1) & (3888, 137, 4682, t2=t1+(0, 7)) & (4682, 136, 3196, t3=t2+(0, 6)) -> (4682, 137, 3196, t4=t3+(1, 4))	3	171
(2256, 120, 2789, t1) & (2704, 27, 2882, t2=t1+(0, 7)) & (2882, 24, 2256, t3=t2+(0, 1)) -> (2256, 120, 2882, t4=t3+(1, 7))	3	172
(1565, 14, 178, t1) & (1659, 143, 4300, t2=t1+(0, 7)) & (1565, 174, 1659, t3=t2+(0, 6)) -> (1565, 143, 1659, t4=t3+(1, 6))	3	173
(457, 190, 4225, t1) & (4602, 185, 4473, t2=t1+(0, 2)) & (4602, 154, 4225, t3=t2+(0, 4)) -> (4473, 154, 457, t4=t3+(1, 4))	3	174
(2862, 143, 2603, t1) & (2361, 8, 4900, t2=t1+(0, 8)) & (4900, 86, 2603, t3=t2+(0, 8)) -> (2603, 143, 2361, t4=t3+(1, 3))	3	175
(2366, 198, 1639, t1) & (3966, 90, 3023, t2=t1+(0, 2)) & (2366, 69, 3023, t3=t2+(0, 2)) -> (2366, 69, 1639, t4=t3+(1, 6))	3	176
(2236, 195, 4653, t1) & (2393, 19, 3907, t2=t1+(0, 8)) & (2393, 144, 4653, t3=t2+(0, 9)) -> (3907, 19, 4653, t4=t3+(1, 6))	3	177
(245, 123, 3066, t1) & (4513, 149, 4914, t2=t1+(0, 10)) & (4513, 58, 3066, t3=t2+(0, 4)) -> (3066, 123, 3066, t4=t3+(1, 7))	3	178
(309, 110, 289, t1) & (4122, 172, 4968, t2=t1+(0, 5)) & (4968, 160, 309, t3=t2+(0, 5)) -> (4968, 110, 289, t4=t3+(1, 3))	3	179
(2092, 35, 4739, t1) & (4904, 167, 3958, t2=t1+(0, 8)) & (4904, 176, 4739, t3=t2+(0, 5)) -> (4739, 167, 3958, t4=t3+(1, 7))	3	180
(3110, 8, 2653, t1) & (814, 100, 4274, t2=t1+(0, 5)) & (2653, 101, 4274, t3=t2+(0, 4)) -> (2653, 8, 4274, t4=t3+(1, 6))	3	181
(3064, 177, 2260, t1) & (4215, 102, 1822, t2=t1+(0, 7)) & (1822, 92, 3064, t3=t2+(0, 4)) -> (3064, 92, 3064, t4=t3+(1, 7))	3	182
(2494, 75, 458, t1) & (1000, 142, 4263, t2=t1+(0, 4)) & (458, 189, 4263, t3=t2+(0, 3)) -> (1000, 142, 4263, t4=t3+(1, 3))	3	183
(4792, 4, 4220, t1) & (3720, 63, 4063, t2=t1+(0, 3)) & (4220, 58, 3720, t3=t2+(0, 9)) -> (3720, 63, 3720, t4=t3+(1, 2))	3	184
(4840, 27, 952, t1) & (1618, 25, 4471, t2=t1+(0, 2)) & (4840, 89, 4471, t3=t2+(0, 7)) -> (4471, 89, 4840, t4=t3+(1, 3))	3	185
(562, 140, 1297, t1) & (982, 197, 2931, t2=t1+(0, 5)) & (562, 40, 982, t3=t2+(0, 1)) -> (982, 140, 982, t4=t3+(1, 4))	3	186
(2388, 49, 4396, t1) & (651, 144, 2632, t2=t1+(0, 3)) & (4396, 114, 651, t3=t2+(0, 2)) -> (2632, 114, 2388, t4=t3+(1, 5))	3	187
(4987, 78, 1294, t1) & (2330, 177, 1803, t2=t1+(0, 4)) & (4987, 87, 1803, t3=t2+(0, 7)) -> (1803, 177, 2330, t4=t3+(1, 7))	3	188
(1391, 114, 799, t1) & (1223, 191, 2365, t2=t1+(0, 6)) & (1223, 70, 1391, t3=t2+(0, 10)) -> (1223, 191, 1223, t4=t3+(1, 5))	3	189
(1273, 86, 39, t1) & (4274, 82, 1689, t2=t1+(0, 9)) & (4274, 165, 39, t3=t2+(0, 1)) -> (1689, 82, 4274, t4=t3+(1, 6))	3	190
(361, 96, 3915, t1) & (1790, 180, 2606, t2=t1+(0, 10)) & (3915, 99, 2606, t3=t2+(0, 4)) -> (2606, 96, 1790, t4=t3+(1, 4))	3	191
(1601, 28, 3494, t1) & (4054, 110, 3922, t2=t1+(0, 6)) & (3494, 87, 4054, t3=t2+(0, 8)) -> (4054, 87, 3494, t4=t3+(1, 7))	3	192
(543, 50, 2090, t1) & (1459, 186, 1060, t2=t1+(0, 5)) & (543, 191, 1459, t3=t2+(0, 9)) -> (1060, 186, 1459, t4=t3+(1, 4))	3	193
(2736, 180, 1936, t1) & (2021, 179, 2890, t2=t1+(0, 4)) & (2890, 27, 1936, t3=t2+(0, 3)) -> (2890, 27, 1936, t4=t3+(1, 7))	3	194
(1835, 62, 1500, t1) & (4925, 33, 2658, t2=t1+(0, 8)) & (2658, 80, 1500, t3=t2+(0, 6)) -> (1835, 80, 1500, t4=t3+(1, 3))	3	195
(4317, 147, 242, t1) & (944, 88, 2346, t2=t1+(0, 5)) & (4317, 21, 2346, t3=t2+(0, 4)) -> (2346, 21, 4317, t4=t3+(1, 5))	3	196
(2853, 116, 1654, t1) & (4147, 85, 4468, t2=t1+(0, 7)) & (1654, 83, 4147, t3=t2+(0, 3)) -> (1654, 116, 4468, t4=t3+(1, 7))	3	197
(4192, 127, 1847, t1) & (2498, 130, 2647, t2=t1+(0, 6)) & (2498, 83, 4192, t3=t2+(0, 6)) -> (4192, 130, 2647, t4=t3+(1, 5))	3	198
(4252, 22, 30, t1) & (3449, 160, 4316, t2=t1+(0, 0)) & (4316, 56, 4252, t3=t2+(0, 6)) -> (4252, 160, 4316, t4=t3+(1, 3))	3	199
(3622, 178, 4119, t1) & (2730, 196, 3069, t2=t1+(0, 6)) & (3622, 81, 3069, t3=t2+(0, 5)) -> (3622, 81, 3069, t4=t3+(1, 6))	3	200
(4780, 187, 845, t1) & (2309, 132, 2018, t2=t1+(0, 8)) & (2018, 34, 4780, t3=t2+(0, 5)) -> (2018, 132, 2309, t4=t3+(1, 3))	3	201
(1236, 42, 3231, t1) & (989, 115, 2711, t2=t1+(0, 8)) & (2711, 119, 3231, t3=t2+(0, 8)) -> (2711, 119, 3231, t4=t3+(1, 7))	3	202
(2892, 113, 1025, t1) & (2609, 144, 2899, t2=t1+(0, 8)) & (2892, 172, 2609, t3=t2+(0, 8)) -> (2892, 172, 1025, t4=t3+(1, 5))	3	203
(1147, 88, 1745, t1) & (2559, 186, 2870, t2=t1+(0, 9)) & (1147, 76, 2870, t3=t2+(0, 3)) -> (2870, 88, 1147, t4=t3+(1, 5))	3	204
(1830, 97, 2268, t1) & (4183, 185, 4135, t2=t1+(0, 2)) & (2268, 103, 4135, t3=t2+(0, 6)) -> (4183, 97, 4135, t4=t3+(1, 7))	3	205
(3295, 88, 2573, t1) & (2609, 13, 1544, t2=t1+(0, 4)) & (2573, 141, 1544, t3=t2+(0, 8)) -> (2573, 88, 1544, t4=t3+(1, 7))	3	206
(3181, 111, 22, t1) & (3726, 93, 1480, t2=t1+(0, 4)) & (22, 160, 3726, t3=t2+(0, 5)) -> (3726, 160, 3726, t4=t3+(1, 2))	3	207
(3416, 163, 3184, t1) & (1261, 57, 3674, t2=t1+(0, 4)) & (3184, 180, 3674, t3=t2+(0, 3)) -> (3674, 57, 3674, t4=t3+(1, 2))	3	208
(3445, 178, 1557, t1) & (4385, 67, 1510, t2=t1+(0, 8)) & (3445, 138, 1510, t3=t2+(0, 5)) -> (4385, 138, 1557, t4=t3+(1, 8))	3	209
(3969, 11, 4036, t1) & (243, 150, 431, t2=t1+(0, 4)) & (431, 33, 4036, t3=t2+(0, 6)) -> (431, 150, 243, t4=t3+(1, 8))	3	210
(4776, 105, 3327, t1) & (1997, 31, 91, t2=t1+(0, 7)) & (3327, 9, 1997, t3=t2+(0, 5)) -> (3327, 31, 3327, t4=t3+(1, 2))	3	211
(3002, 41, 4000, t1) & (2479, 38, 4176, t2=t1+(0, 3)) & (4176, 99, 3002, t3=t2+(0, 6)) -> (4176, 99, 3002, t4=t3+(1, 7))	3	212
(2400, 134, 4948, t1) & (1680, 192, 1549, t2=t1+(0, 4)) & (4948, 119, 1549, t3=t2+(0, 6)) -> (4948, 119, 1549, t4=t3+(1, 2))	3	213
(2933, 34, 2710, t1) & (3136, 149, 1346, t2=t1+(0, 6)) & (2933, 157, 1346, t3=t2+(0, 7)) -> (2933, 157, 2933, t4=t3+(1, 5))	3	214
(1153, 150, 1650, t1) & (649, 138, 1352, t2=t1+(0, 4)) & (649, 119, 1153, t3=t2+(0, 4)) -> (1650, 119, 1153, t4=t3+(1, 7))	3	215
(4974, 117, 2764, t1) & (4345, 186, 2271, t2=t1+(0, 5)) & (4345, 184, 2764, t3=t2+(0, 6)) -> (4345, 184, 2764, t4=t3+(1, 6))	3	216
(4700, 55, 926, t1) & (1025, 42, 4824, t2=t1+(0, 2)) & (1025, 149, 4700, t3=t2+(0, 6)) -> (926, 149, 1025, t4=t3+(1, 7))	3	217
(2656, 18, 3723, t1) & (2411, 20, 3553, t2=t1+(0, 4)) & (2656, 163, 3553, t3=t2+(0, 6)) -> (2411, 163, 2656, t4=t3+(1, 2))	3	218
(649, 32, 3879, t1) & (3569, 174, 2570, t2=t1+(0, 3)) & (3879, 55, 3569, t3=t2+(0, 5)) -> (3569, 32, 3879, t4=t3+(1, 3))	3	219
(1472, 176, 3778, t1) & (4673, 109, 4267, t2=t1+(0, 4)) & (3778, 152, 4673, t3=t2+(0, 7)) -> (4673, 176, 4673, t4=t3+(1, 6))	3	220
(3639, 40, 723, t1) & (4069, 130, 669, t2=t1+(0, 6)) & (723, 123, 4069, t3=t2+(0, 9)) -> (4069, 40, 669, t4=t3+(1, 2))	3	221
(2063, 53, 791, t1) & (4688, 56, 4802, t2=t1+(0, 7)) & (4802, 197, 791, t3=t2+(0, 7)) -> (791, 56, 4688, t4=t3+(1, 4))	3	222
(3511, 99, 1371, t1) & (1690, 92, 2470, t2=t1+(0, 4)) & (3511, 29, 2470, t3=t2+(0, 8)) -> (3511, 92, 2470, t4=t3+(1, 1))	3	223
(4900, 190, 123, t1) & (4946, 101, 2659, t2=t1+(0, 3)) & (4900, 131, 2659, t3=t2+(0, 7)) -> (4900, 101, 123, t4=t3+(1, 7))	3	224
(406, 42, 3579, t1) & (3168, 108, 1853, t2=t1+(0, 3)) & (3579, 107, 1853, t3=t2+(0, 6)) -> (3579, 107, 1853, t4=t3+(1, 12))	3	225
(689, 180, 3206, t1) & (3426, 52, 2097, t2=t1+(0, 6)) & (689, 118, 2097, t3=t2+(0, 7)) -> (2097, 118, 689, t4=t3+(1, 2))	3	226
(2321, 89, 3619, t1) & (213, 90, 76, t2=t1+(0, 6)) & (2321, 11, 76, t3=t2+(0, 3)) -> (76, 89, 2321, t4=t3+(1, 7))	3	227
(3191, 134, 697, t1) & (2091, 48, 378, t2=t1+(0, 3)) & (697, 157, 2091, t3=t2+(0, 8)) -> (378, 48, 697, t4=t3+(1, 5))	3	228
(2864, 143, 4003, t1) & (1369, 89, 153, t2=t1+(0, 6)) & (1369, 184, 4003, t3=t2+(0, 5)) -> (153, 89, 1369, t4=t3+(1, 5))	3	229
(4032, 28, 1644, t1) & (941, 28, 3823, t2=t1+(0, 8)) & (3823, 172, 1644, t3=t2+(0, 4)) -> (1644, 28, 3823, t4=t3+(1, 2))	3	230
(250, 161, 3293, t1) & (3976, 35, 791, t2=t1+(0, 5)) & (250, 145, 791, t3=t2+(0, 6)) -> (791, 145, 791, t4=t3+(1, 5))	3	231
(4802, 78, 2023, t1) & (1259, 74, 2974, t2=t1+(0, 3)) & (4802, 114, 1259, t3=t2+(0, 9)) -> (2023, 114, 2023, t4=t3+(1, 3))	3	232
(3902, 12, 1426, t1) & (1546, 14, 2746, t2=t1+(0, 7)) & (2746, 0, 1426, t3=t2+(0, 3)) -> (1426, 14, 1546, t4=t3+(1, 9))	3	233
(1229, 179, 4321, t1) & (2513, 152, 2008, t2=t1+(0, 4)) & (4321, 135, 2513, t3=t2+(0, 3)) -> (4321, 179, 2513, t4=t3+(1, 5))	3	234
(2567, 7, 1823, t1) & (2894, 94, 1044, t2=t1+(0, 4)) & (2567, 113, 1044, t3=t2+(0, 7)) -> (2567, 113, 1044, t4=t3+(1, 7))	3	235
(1444, 179, 4927, t1) & (4257, 112, 3845, t2=t1+(0, 5)) & (4257, 137, 1444, t3=t2+(0, 5)) -> (4927, 179, 3845, t4=t3+(1, 6))	3	236
(3474, 174, 2915, t1) & (4748, 197, 2904, t2=t1+(0, 8)) & (3474, 171, 4748, t3=t2+(0, 5)) -> (3474, 174, 2915, t4=t3+(1, 3))	3	237
(1672, 112, 4385, t1) & (1127, 78, 2695, t2=t1+(0, 5)) & (1127, 127, 1672, t3=t2+(0, 5)) -> (1127, 127, 1672, t4=t3+(1, 4))	3	238
(945, 151, 4093, t1) & (472, 18, 2642, t2=t1+(0, 5)) & (2642, 135, 945, t3=t2+(0, 2)) -> (472, 151, 472, t4=t3+(1, 4))	3	239
(2099, 100, 4264, t1) & (3224, 21, 4011, t2=t1+(0, 3)) & (3224, 82, 4264, t3=t2+(0, 2)) -> (3224, 100, 4011, t4=t3+(1, 2))	3	240
(1745, 8, 4834, t1) & (1818, 31, 2178, t2=t1+(0, 6)) & (1818, 108, 1745, t3=t2+(0, 5)) -> (2178, 108, 2178, t4=t3+(1, 5))	3	241
(3919, 107, 2259, t1) & (4434, 16, 4664, t2=t1+(0, 7)) & (4664, 21, 3919, t3=t2+(0, 11)) -> (2259, 16, 3919, t4=t3+(1, 4))	3	242
(4275, 34, 3970, t1) & (78, 60, 3498, t2=t1+(0, 5)) & (3498, 124, 4275, t3=t2+(0, 4)) -> (3970, 60, 4275, t4=t3+(1, 4))	3	243
(4011, 165, 874, t1) & (2985, 199, 4144, t2=t1+(0, 3)) & (4011, 7, 2985, t3=t2+(0, 3)) -> (4011, 165, 4011, t4=t3+(1, 7))	3	244
(57, 135, 4945, t1) & (88, 130, 2863, t2=t1+(0, 8)) & (4945, 52, 88, t3=t2+(0, 8)) -> (2863, 135, 57, t4=t3+(1, 6))	3	245
(4517, 54, 4229, t1) & (3544, 195, 3167, t2=t1+(0, 2)) & (3544, 104, 4229, t3=t2+(0, 7)) -> (4517, 54, 3544, t4=t3+(1, 9))	3	246
(1021, 52, 893, t1) & (3626, 71, 1955, t2=t1+(0, 4)) & (1955, 101, 1021, t3=t2+(0, 5)) -> (1021, 101, 1955, t4=t3+(1, 3))	3	247
(2341, 80, 998, t1) & (3512, 130, 2336, t2=t1+(0, 7)) & (3512, 107, 2341, t3=t2+(0, 4)) -> (2341, 80, 2341, t4=t3+(1, 7))	3	248
(436, 184, 2476, t1) & (3628, 85, 1403, t2=t1+(0, 8)) & (1403, 2, 2476, t3=t2+(0, 3)) -> (1403, 2, 1403, t4=t3+(1, 3))	3	249
(2242, 180, 2723, t1) & (4796, 63, 4453, t2=t1+(0, 3)) & (4796, 3, 2242, t3=t2+(0, 10)) -> (4796, 63, 2723, t4=t3+(1, 4))	3	250
(3826, 20, 3224, t1) & (1394, 117, 1634, t2=t1+(0, 5)) & (3224, 196, 1634, t3=t2+(0, 6)) -> (1394, 20, 3224, t4=t3+(1, 6))	3	251
(1854, 196, 401, t1) & (4166, 144, 2978, t2=t1+(0, 2)) & (1854, 192, 2978, t3=t2+(0, 5)) -> (1854, 144, 401, t4=t3+(1, 7))	3	252
(3992, 185, 229, t1) & (4191, 111, 2519, t2=t1+(0, 7)) & (4191, 157, 3992, t3=t2+(0, 2)) -> (3992, 111, 2519, t4=t3+(1, 3))	3	253
(3990, 157, 1473, t1) & (2403, 111, 2926, t2=t1+(0, 6)) & (2403, 82, 3990, t3=t2+(0, 7)) -> (3990, 111, 3990, t4=t3+(1, 1))	3	254
(3564, 15, 2190, t1) & (2967, 44, 3335, t2=t1+(0, 7)) & (2190, 152, 3335, t3=t2+(0, 1)) -> (2967, 152, 3564, t4=t3+(1, 5))	3	255
(69, 134, 4970, t1) & (4454, 177, 3775, t2=t1+(0, 2)) & (4970, 185, 4454, t3=t2+(0, 5)) -> (69, 134, 4454, t4=t3+(1, 7))	3	256
(296, 37, 2874, t1) & (4829, 78, 3345, t2=t1+(0, 2)) & (296, 99, 4829, t3=t2+(0, 4)) -> (4829, 78, 2874, t4=t3+(1, 6))	3	257
(4569, 7, 227, t1) & (1600, 80, 4017, t2=t1+(0, 7)) & (4017, 70, 227, t3=t2+(0, 3)) -> (227, 70, 1600, t4=t3+(1, 6))	3	258
(1418, 175, 3677, t1) & (2829, 77, 2157, t2=t1+(0, 4)) & (2829, 163, 1418, t3=t2+(0, 4)) -> (2829, 77, 2829, t4=t3+(1, 5))	3	259
(2193, 171, 569, t1) & (4251, 189, 2807, t2=t1+(0, 8)) & (2193, 190, 2807, t3=t2+(0, 5)) -> (2193, 171, 2807, t4=t3+(1, 2))	3	260
(518, 59, 3521, t1) & (731, 82, 1855, t2=t1+(0, 5)) & (731, 28, 518, t3=t2+(0, 5)) -> (1855, 59, 518, t4=t3+(1, 6))	3	261
(3827, 7, 1111, t1) & (4796, 4, 430, t2=t1+(0, 4)) & (1111, 124, 430, t3=t2+(0, 1)) -> (1111, 124, 3827, t4=t3+(1, 6))	3	262
(4745, 168, 1885, t1) & (649, 150, 4515, t2=t1+(0, 4)) & (4745, 110, 649, t3=t2+(0, 6)) -> (649, 150, 4515, t4=t3+(1, 6))	3	263
(2194, 128, 2355, t1) & (1603, 36, 2049, t2=t1+(0, 7)) & (2355, 126, 1603, t3=t2+(0, 6)) -> (1603, 128, 2355, t4=t3+(1, 1))	3	264
(268, 82, 3575, t1) & (4310, 131, 3515, t2=t1+(0, 2)) & (3575, 163, 4310, t3=t2+(0, 9)) -> (4310, 131, 3575, t4=t3+(1, 4))	3	265
(4971, 71, 3565, t1) & (3476, 29, 583, t2=t1+(0, 4)) & (4971, 3, 3476, t3=t2+(0, 5)) -> (3476, 71, 4971, t4=t3+(1, 4))	3	266
(628, 164, 3635, t1) & (130, 107, 2546, t2=t1+(0, 13)) & (628, 88, 130, t3=t2+(0, 7)) -> (2546, 88, 628, t4=t3+(1, 4))	3	267
(2845, 30, 3742, t1) & (4716, 183, 1312, t2=t1+(0, 7)) & (3742, 87, 1312, t3=t2+(0, 3)) -> (1312, 183, 4716, t4=t3+(1, 4))	3	268
(4869, 150, 1792, t1) & (3023, 21, 403, t2=t1+(0, 3)) & (3023, 77, 4869, t3=t2+(0, 2)) -> (4869, 150, 3023, t4=t3+(1, 9))	3	269
(1979, 135, 1477, t1) & (4551, 150, 536, t2=t1+(0, 4)) & (536, 10, 1979, t3=t2+(0, 5)) -> (1979, 135, 1477, t4=t3+(1, 4))	3	270
(860, 140, 2965, t1) & (1325, 11, 2924, t2=t1+(0, 2)) & (2924, 2, 860, t3=t2+(0, 5)) -> (2924, 140, 860, t4=t3+(1, 5))	3	271
(866, 81, 3348, t1) & (408, 159, 2836, t2=t1+(0, 2)) & (866, 6, 2836, t3=t2+(0, 8)) -> (408, 159, 3348, t4=t3+(1, 4))	3	272
(1765, 10, 3477, t1) & (4930, 120, 2162, t2=t1+(0, 5)) & (1765, 0, 2162, t3=t2+(0, 7)) -> (2162, 10, 2162, t4=t3+(1, 8))	3	273
(1365, 78, 3885, t1) & (4479, 143, 2524, t2=t1+(0, 6)) & (3885, 79, 4479, t3=t2+(0, 7)) -> (1365, 78, 3885, t4=t3+(1, 5))	3	274
(4959, 124, 2151, t1) & (964, 185, 4269, t2=t1+(0, 5)) & (4269, 34, 4959, t3=t2+(0, 6)) -> (2151, 124, 4959, t4=t3+(1, 1))	3	275
(887, 165, 4375, t1) & (4027, 114, 3619, t2=t1+(0, 5)) & (3619, 93, 887, t3=t2+(0, 4)) -> (3619, 165, 4375, t4=t3+(1, 4))	3	276
(1139, 156, 1478, t1) & (3400, 182, 3174, t2=t1+(0, 5)) & (1478, 28, 3400, t3=t2+(0, 4)) -> (1478, 182, 3400, t4=t3+(1, 5))	3	277
(2711, 50, 3526, t1) & (1353, 65, 3262, t2=t1+(0, 4)) & (3526, 9, 1353, t3=t2+(0, 7)) -> (3526, 9, 3526, t4=t3+(1, 4))	3	278
(423, 143, 957, t1) & (2124, 147, 2300, t2=t1+(0, 6)) & (957, 113, 2124, t3=t2+(0, 2)) -> (2124, 143, 2300, t4=t3+(1, 2))	3	279
(2976, 131, 3716, t1) & (2308, 116, 2341, t2=t1+(0, 4)) & (3716, 147, 2308, t3=t2+(0, 3)) -> (2308, 147, 3716, t4=t3+(1, 4))	3	280
(2434, 69, 4733, t1) & (2952, 199, 1158, t2=t1+(0, 10)) & (4733, 43, 2952, t3=t2+(0, 4)) -> (2952, 69, 4733, t4=t3+(1, 3))	3	281
(4558, 94, 1282, t1) & (500, 43, 1146, t2=t1+(0, 4)) & (1282, 22, 500, t3=t2+(0, 1)) -> (500, 94, 500, t4=t3+(1, 10))	3	282
(1689, 72, 1792, t1) & (607, 177, 2981, t2=t1+(0, 15)) & (2981, 112, 1689, t3=t2+(0, 4)) -> (1792, 72, 2981, t4=t3+(1, 7))	3	283
(1603, 55, 4407, t1) & (1702, 195, 4537, t2=t1+(0, 7)) & (4537, 1, 4407, t3=t2+(0, 3)) -> (4537, 55, 4537, t4=t3+(1, 2))	3	284
(3645, 63, 3720, t1) & (1183, 2, 134, t2=t1+(0, 6)) & (1183, 159, 3645, t3=t2+(0, 5)) -> (1183, 63, 1183, t4=t3+(1, 4))	3	285
(3400, 98, 4326, t1) & (1955, 139, 4800, t2=t1+(0, 2)) & (3400, 146, 1955, t3=t2+(0, 3)) -> (3400, 98, 4326, t4=t3+(1, 6))	3	286
(1578, 173, 4938, t1) & (536, 10, 1325, t2=t1+(0, 5)) & (1578, 32, 536, t3=t2+(0, 4)) -> (4938, 173, 4938, t4=t3+(1, 7))	3	287
(3249, 149, 184, t1) & (3440, 78, 3596, t2=t1+(0, 5)) & (3440, 126, 3249, t3=t2+(0, 3)) -> (184, 149, 3440, t4=t3+(1, 3))	3	288
(1833, 192, 3175, t1) & (1927, 81, 3064, t2=t1+(0, 3)) & (1927, 199, 3175, t3=t2+(0, 7)) -> (1833, 199, 1927, t4=t3+(1, 4))	3	289
(1386, 131, 3679, t1) & (3500, 35, 211, t2=t1+(0, 6)) & (3679, 16, 211, t3=t2+(0, 5)) -> (1386, 16, 1386, t4=t3+(1, 3))	3	290
(1474, 109, 4320, t1) & (2160, 188, 1013, t2=t1+(0, 1)) & (1013, 170, 1474, t3=t2+(0, 4)) -> (1474, 188, 1474, t4=t3+(1, 5))	3	291
(719, 64, 756, t1) & (4132, 195, 4903, t2=t1+(0, 10)) & (756, 54, 4132, t3=t2+(0, 10)) -> (4132, 64, 756, t4=t3+(1, 2))	3	292
(2843, 182, 1924, t1) & (3355, 143, 589, t2=t1+(0, 5)) & (589, 68, 1924, t3=t2+(0, 8)) -> (589, 68, 1924, t4=t3+(1, 6))	3	293
(2758, 9, 4551, t1) & (1237, 190, 1863, t2=t1+(0, 8)) & (2758, 71, 1863, t3=t2+(0, 7)) -> (2758, 9, 2758, t4=t3+(1, 2))	3	294
(4041, 60, 4189, t1) & (3000, 63, 1946, t2=t1+(0, 7)) & (4041, 193, 1946, t3=t2+(0, 5)) -> (3000, 63, 4041, t4=t3+(1, 3))	3	295
(1971, 124, 4368, t1) & (687, 39, 988, t2=t1+(0, 9)) & (988, 120, 4368, t3=t2+(0, 4)) -> (988, 124, 687, t4=t3+(1, 7))	3	296
(3360, 180, 1799, t1) & (1968, 117, 2858, t2=t1+(0, 3)) & (1799, 26, 2858, t3=t2+(0, 2)) -> (3360, 117, 1799, t4=t3+(1, 6))	3	297
(1571, 42, 4145, t1) & (4986, 128, 4083, t2=t1+(0, 4)) & (4083, 99, 4145, t3=t2+(0, 8)) -> (1571, 99, 4083, t4=t3+(1, 3))	3	298
(1399, 41, 182, t1) & (404, 158, 1438, t2=t1+(0, 4)) & (404, 158, 1399, t3=t2+(0, 5)) -> (1438, 158, 1438, t4=t3+(1, 4))	3	299
(902, 76, 134, t1) & (4262, 36, 2888, t2=t1+(0, 6)) & (4262, 118, 902, t3=t2+(0, 9)) -> (4262, 36, 4262, t4=t3+(1, 2))	3	300
(2087, 109, 4433, t1) & (4346, 149, 2977, t2=t1+(0, 2)) & (2977, 180, 4433, t3=t2+(0, 4)) -> (2977, 149, 2977, t4=t3+(1, 3))	3	301
(2399, 168, 4618, t1) & (248, 58, 2847, t2=t1+(0, 5)) & (2847, 126, 2399, t3=t2+(0, 5)) -> (4618, 168, 2847, t4=t3+(1, 7))	3	302
(4994, 117, 2658, t1) & (1750, 86, 4257, t2=t1+(0, 7)) & (4257, 102, 4994, t3=t2+(0, 4)) -> (4257, 102, 4257, t4=t3+(1, 4))	3	303
(3207, 99, 3752, t1) & (3843, 143, 3792, t2=t1+(0, 5)) & (3792, 127, 3207, t3=t2+(0, 7)) -> (3843, 127, 3843, t4=t3+(1, 5))	3	304
(974, 50, 3873, t1) & (3395, 72, 4117, t2=t1+(0, 4)) & (4117, 98, 974, t3=t2+(0, 2)) -> (974, 98, 974, t4=t3+(1, 10))	3	305
(2779, 119, 2394, t1) & (4954, 179, 1766, t2=t1+(0, 5)) & (2779, 139, 4954, t3=t2+(0, 3)) -> (4954, 179, 1766, t4=t3+(1, 4))	3	306
(1104, 37, 4265, t1) & (2960, 83, 3109, t2=t1+(0, 5)) & (2960, 34, 1104, t3=t2+(0, 4)) -> (1104, 83, 1104, t4=t3+(1, 2))	3	307
(2870, 101, 2623, t1) & (2577, 128, 648, t2=t1+(0, 1)) & (2577, 57, 2623, t3=t2+(0, 4)) -> (2623, 101, 2577, t4=t3+(1, 1))	3	308
(2422, 75, 3865, t1) & (3738, 175, 1022, t2=t1+(0, 5)) & (3865, 108, 1022, t3=t2+(0, 8)) -> (1022, 75, 3865, t4=t3+(1, 8))	3	309
(4144, 24, 2044, t1) & (3554, 74, 2370, t2=t1+(0, 7)) & (2044, 126, 2370, t3=t2+(0, 2)) -> (2370, 74, 2044, t4=t3+(1, 7))	3	310
(940, 28, 4089, t1) & (3931, 26, 4739, t2=t1+(0, 4)) & (4089, 153, 3931, t3=t2+(0, 6)) -> (4089, 26, 940, t4=t3+(1, 2))	3	311
(3008, 23, 4070, t1) & (146, 54, 2196, t2=t1+(0, 5)) & (2196, 114, 3008, t3=t2+(0, 4)) -> (4070, 54, 2196, t4=t3+(1, 5))	3	312
(932, 26, 3882, t1) & (947, 125, 4092, t2=t1+(0, 4)) & (4092, 45, 3882, t3=t2+(0, 8)) -> (4092, 125, 947, t4=t3+(1, 4))	3	313
(893, 21, 4036, t1) & (2719, 28, 3844, t2=t1+(0, 1)) & (2719, 120, 893, t3=t2+(0, 3)) -> (2719, 21, 3844, t4=t3+(1, 4))	3	314
(1193, 75, 1700, t1) & (1245, 133, 1035, t2=t1+(0, 5)) & (1700, 99, 1035, t3=t2+(0, 0)) -> (1245, 133, 1035, t4=t3+(1, 6))	3	315
(2094, 21, 2949, t1) & (1454, 148, 2734, t2=t1+(0, 3)) & (1454, 69, 2949, t3=t2+(0, 5)) -> (1454, 69, 1454, t4=t3+(1, 4))	3	316
(1273, 120, 1429, t1) & (4826, 188, 2775, t2=t1+(0, 6)) & (4826, 125, 1429, t3=t2+(0, 4)) -> (4826, 125, 4826, t4=t3+(1, 6))	3	317
(2479, 114, 1321, t1) & (848, 152, 3229, t2=t1+(0, 3)) & (2479, 69, 3229, t3=t2+(0, 4)) -> (3229, 152, 3229, t4=t3+(1, 5))	3	318
(1307, 128, 441, t1) & (1898, 48, 3649, t2=t1+(0, 3)) & (1307, 121, 3649, t3=t2+(0, 6)) -> (441, 128, 441, t4=t3+(1, 4))	3	319
(2878, 189, 926, t1) & (3598, 135, 1816, t2=t1+(0, 4)) & (2878, 124, 1816, t3=t2+(0, 4)) -> (1816, 124, 2878, t4=t3+(1, 9))	3	320
(3299, 129, 4688, t1) & (1241, 151, 338, t2=t1+(0, 2)) & (4688, 130, 338, t3=t2+(0, 5)) -> (4688, 129, 1241, t4=t3+(1, 4))	3	321
(827, 194, 1299, t1) & (3468, 131, 3106, t2=t1+(0, 5)) & (827, 111, 3106, t3=t2+(0, 4)) -> (3468, 111, 827, t4=t3+(1, 3))	3	322
(326, 123, 681, t1) & (2901, 10, 2772, t2=t1+(0, 3)) & (2901, 14, 326, t3=t2+(0, 3)) -> (2772, 10, 326, t4=t3+(1, 9))	3	323
(2911, 56, 824, t1) & (169, 108, 2080, t2=t1+(0, 8)) & (2911, 78, 169, t3=t2+(0, 5)) -> (169, 56, 2911, t4=t3+(1, 5))	3	324
(1992, 129, 3843, t1) & (2669, 31, 1415, t2=t1+(0, 2)) & (3843, 101, 1415, t3=t2+(0, 5)) -> (1415, 101, 1415, t4=t3+(1, 8))	3	325
(3728, 14, 4410, t1) & (1549, 81, 2759, t2=t1+(0, 1)) & (3728, 89, 2759, t3=t2+(0, 4)) -> (1549, 89, 4410, t4=t3+(1, 11))	3	326
(2884, 88, 4682, t1) & (2366, 63, 3328, t2=t1+(0, 3)) & (2366, 174, 4682, t3=t2+(0, 5)) -> (4682, 174, 2366, t4=t3+(1, 5))	3	327
(1517, 140, 541, t1) & (1402, 157, 3308, t2=t1+(0, 2)) & (1517, 155, 1402, t3=t2+(0, 8)) -> (541, 157, 3308, t4=t3+(1, 4))	3	328
(4393, 126, 4043, t1) & (107, 191, 1509, t2=t1+(0, 1)) & (4393, 15, 1509, t3=t2+(0, 6)) -> (1509, 191, 107, t4=t3+(1, 1))	3	329
(683, 98, 3315, t1) & (3891, 137, 3301, t2=t1+(0, 6)) & (3315, 85, 3891, t3=t2+(0, 5)) -> (3891, 98, 3891, t4=t3+(1, 5))	3	330
(4215, 23, 1201, t1) & (4209, 182, 3486, t2=t1+(0, 3)) & (1201, 55, 4209, t3=t2+(0, 4)) -> (4215, 182, 4209, t4=t3+(1, 3))	3	331
(4411, 7, 309, t1) & (1138, 133, 1765, t2=t1+(0, 5)) & (1138, 41, 4411, t3=t2+(0, 9)) -> (309, 7, 1138, t4=t3+(1, 5))	3	332
(4350, 175, 3448, t1) & (2371, 190, 74, t2=t1+(0, 4)) & (3448, 177, 74, t3=t2+(0, 3)) -> (74, 190, 2371, t4=t3+(1, 2))	3	333
(1680, 153, 3255, t1) & (1518, 90, 2536, t2=t1+(0, 6)) & (2536, 133, 3255, t3=t2+(0, 6)) -> (1518, 133, 2536, t4=t3+(1, 6))	3	334
(3049, 65, 4511, t1) & (2689, 108, 573, t2=t1+(0, 2)) & (3049, 102, 573, t3=t2+(0, 2)) -> (3049, 108, 2689, t4=t3+(1, 3))	3	335
(4212, 73, 4971, t1) & (1681, 90, 2894, t2=t1+(0, 4)) & (1681, 143, 4971, t3=t2+(0, 6)) -> (4971, 90, 1681, t4=t3+(1, 6))	3	336
(1033, 186, 143, t1) & (2308, 3, 4603, t2=t1+(0, 4)) & (4603, 99, 143, t3=t2+(0, 2)) -> (143, 99, 1033, t4=t3+(1, 8))	3	337
(904, 134, 3860, t1) & (3446, 110, 3695, t2=t1+(0, 6)) & (3446, 127, 3860, t3=t2+(0, 5)) -> (3860, 127, 3695, t4=t3+(1, 3))	3	338
(544, 146, 1183, t1) & (505, 152, 1123, t2=t1+(0, 7)) & (1123, 192, 544, t3=t2+(0, 7)) -> (505, 146, 544, t4=t3+(1, 10))	3	339
(3421, 112, 2795, t1) & (3491, 127, 2852, t2=t1+(0, 5)) & (3421, 19, 2852, t3=t2+(0, 4)) -> (3421, 112, 2852, t4=t3+(1, 4))	3	340
(3027, 126, 4261, t1) & (1504, 153, 2681, t2=t1+(0, 5)) & (1504, 103, 3027, t3=t2+(0, 1)) -> (1504, 103, 1504, t4=t3+(1, 10))	3	341
(761, 113, 315, t1) & (4173, 125, 4180, t2=t1+(0, 6)) & (4173, 132, 761, t3=t2+(0, 7)) -> (761, 132, 4173, t4=t3+(1, 9))	3	342
(1108, 20, 3737, t1) & (4477, 80, 1955, t2=t1+(0, 6)) & (1108, 39, 4477, t3=t2+(0, 4)) -> (3737, 80, 1955, t4=t3+(1, 4))	3	343
(3932, 28, 4422, t1) & (4955, 175, 3709, t2=t1+(0, 8)) & (4422, 30, 3709, t3=t2+(0, 6)) -> (3709, 175, 3709, t4=t3+(1, 4))	3	344
(333, 196, 3085, t1) & (4303, 145, 2948, t2=t1+(0, 5)) & (3085, 147, 2948, t3=t2+(0, 7)) -> (2948, 145, 2948, t4=t3+(1, 5))	3	345
(2164, 39, 2570, t1) & (818, 139, 4324, t2=t1+(0, 3)) & (4324, 164, 2570, t3=t2+(0, 3)) -> (2164, 139, 2164, t4=t3+(1, 4))	3	346
(2216, 6, 4249, t1) & (2375, 58, 286, t2=t1+(0, 3)) & (4249, 86, 2375, t3=t2+(0, 4)) -> (4249, 6, 2375, t4=t3+(1, 8))	3	347
(1817, 62, 1192, t1) & (346, 143, 2240, t2=t1+(0, 5)) & (1817, 80, 346, t3=t2+(0, 5)) -> (1817, 62, 2240, t4=t3+(1, 3))	3	348
(2654, 161, 4130, t1) & (2899, 162, 3565, t2=t1+(0, 7)) & (3565, 181, 2654, t3=t2+(0, 5)) -> (3565, 162, 2899, t4=t3+(1, 4))	3	349
(1611, 94, 1248, t1) & (4130, 39, 3513, t2=t1+(0, 5)) & (1248, 14, 4130, t3=t2+(0, 6)) -> (4130, 14, 1248, t4=t3+(1, 9))	3	350
(2253, 14, 3786, t1) & (4102, 24, 642, t2=t1+(0, 5)) & (3786, 25, 642, t3=t2+(0, 6)) -> (4102, 25, 3786, t4=t3+(1, 6))	3	351
(1953, 131, 4262, t1) & (4781, 56, 4903, t2=t1+(0, 2)) & (4781, 173, 4262, t3=t2+(0, 4)) -> (1953, 173, 4781, t4=t3+(1, 6))	3	352
(1037, 77, 2749, t1) & (2477, 1, 3958, t2=t1+(0, 4)) & (3958, 52, 1037, t3=t2+(0, 4)) -> (3958, 77, 1037, t4=t3+(1, 8))	3	353
(539, 78, 4324, t1) & (2865, 155, 355, t2=t1+(0, 5)) & (355, 130, 4324, t3=t2+(0, 6)) -> (4324, 155, 2865, t4=t3+(1, 6))	3	354
(2020, 122, 385, t1) & (1560, 1, 3178, t2=t1+(0, 4)) & (385, 55, 1560, t3=t2+(0, 3)) -> (1560, 122, 385, t4=t3+(1, 2))	3	355
(407, 40, 3545, t1) & (2973, 198, 71, t2=t1+(0, 7)) & (2973, 51, 407, t3=t2+(0, 6)) -> (407, 40, 2973, t4=t3+(1, 5))	3	356
(2634, 42, 1048, t1) & (2891, 40, 4410, t2=t1+(0, 8)) & (2634, 35, 4410, t3=t2+(0, 4)) -> (2634, 35, 2634, t4=t3+(1, 6))	3	357
(1874, 117, 72, t1) & (1693, 53, 2078, t2=t1+(0, 4)) & (1693, 92, 1874, t3=t2+(0, 3)) -> (1874, 92, 1693, t4=t3+(1, 10))	3	358
(3003, 174, 4086, t1) & (2340, 39, 1019, t2=t1+(0, 3)) & (2340, 95, 3003, t3=t2+(0, 6)) -> (2340, 39, 1019, t4=t3+(1, 9))	3	359
(971, 95, 1766, t1) & (1096, 172, 879, t2=t1+(0, 9)) & (879, 105, 1766, t3=t2+(0, 3)) -> (879, 95, 1766, t4=t3+(1, 2))	3	360
(4380, 66, 4903, t1) & (4375, 175, 3808, t2=t1+(0, 5)) & (3808, 150, 4380, t3=t2+(0, 4)) -> (3808, 150, 4380, t4=t3+(1, 5))	3	361
(939, 150, 641, t1) & (4542, 28, 82, t2=t1+(0, 9)) & (939, 63, 82, t3=t2+(0, 8)) -> (82, 28, 641, t4=t3+(1, 6))	3	362
(4694, 12, 3197, t1) & (4325, 139, 139, t2=t1+(0, 2)) & (3197, 54, 139, t3=t2+(0, 1)) -> (3197, 12, 4325, t4=t3+(1, 8))	3	363
(2226, 159, 3389, t1) & (1073, 28, 4003, t2=t1+(0, 4)) & (3389, 140, 1073, t3=t2+(0, 9)) -> (4003, 28, 1073, t4=t3+(1, 10))	3	364
(500, 99, 1782, t1) & (1498, 106, 58, t2=t1+(0, 9)) & (1498, 67, 500, t3=t2+(0, 4)) -> (58, 99, 500, t4=t3+(1, 2))	3	365
(3997, 4, 1932, t1) & (433, 55, 2146, t2=t1+(0, 3)) & (2146, 107, 1932, t3=t2+(0, 6)) -> (3997, 4, 1932, t4=t3+(1, 5))	3	366
(3964, 177, 4689, t1) & (4052, 147, 2282, t2=t1+(0, 5)) & (2282, 163, 4689, t3=t2+(0, 5)) -> (4052, 147, 2282, t4=t3+(1, 3))	3	367
(2326, 111, 1683, t1) & (833, 173, 837, t2=t1+(0, 4)) & (837, 39, 1683, t3=t2+(0, 8)) -> (2326, 111, 1683, t4=t3+(1, 7))	3	368
(4856, 81, 3686, t1) & (4896, 94, 1807, t2=t1+(0, 7)) & (1807, 77, 3686, t3=t2+(0, 9)) -> (4896, 81, 3686, t4=t3+(1, 4))	3	369
(2169, 15, 4777, t1) & (2801, 25, 1283, t2=t1+(0, 11)) & (2801, 153, 4777, t3=t2+(0, 1)) -> (2801, 25, 2801, t4=t3+(1, 6))	3	370
(2263, 154, 2638, t1) & (163, 25, 2587, t2=t1+(0, 5)) & (2587, 168, 2638, t3=t2+(0, 4)) -> (2638, 25, 163, t4=t3+(1, 3))	3	371
(2005, 133, 1815, t1) & (4215, 4, 2986, t2=t1+(0, 3)) & (4215, 191, 2005, t3=t2+(0, 3)) -> (2005, 191, 2986, t4=t3+(1, 2))	3	372
(1298, 62, 2990, t1) & (1907, 143, 130, t2=t1+(0, 4)) & (2990, 96, 1907, t3=t2+(0, 3)) -> (130, 143, 2990, t4=t3+(1, 10))	3	373
(1759, 163, 1470, t1) & (1938, 182, 2502, t2=t1+(0, 7)) & (1470, 143, 2502, t3=t2+(0, 4)) -> (1470, 163, 1938, t4=t3+(1, 2))	3	374
(2034, 142, 4353, t1) & (3025, 10, 102, t2=t1+(0, 7)) & (102, 58, 4353, t3=t2+(0, 5)) -> (3025, 142, 102, t4=t3+(1, 8))	3	375
(1298, 91, 1607, t1) & (4951, 0, 4920, t2=t1+(0, 7)) & (1607, 191, 4951, t3=t2+(0, 9)) -> (4920, 91, 1607, t4=t3+(1, 4))	3	376
(487, 9, 1185, t1) & (4834, 144, 4853, t2=t1+(0, 5)) & (1185, 157, 4853, t3=t2+(0, 2)) -> (4853, 9, 4853, t4=t3+(1, 5))	3	377
(4001, 52, 4581, t1) & (4407, 107, 2759, t2=t1+(0, 2)) & (4001, 8, 4407, t3=t2+(0, 3)) -> (4407, 107, 4001, t4=t3+(1, 3))	3	378
(4546, 84, 411, t1) & (4656, 160, 4710, t2=t1+(0, 3)) & (4656, 44, 411, t3=t2+(0, 5)) -> (4656, 44, 4656, t4=t3+(1, 2))	3	379
(1626, 32, 154, t1) & (2330, 35, 200, t2=t1+(0, 5)) & (1626, 45, 2330, t3=t2+(0, 5)) -> (2330, 45, 2330, t4=t3+(1, 3))	3	380
(2822, 191, 1996, t1) & (4981, 132, 4138, t2=t1+(0, 1)) & (1996, 145, 4981, t3=t2+(0, 6)) -> (4138, 191, 2822, t4=t3+(1, 6))	3	381
(1197, 90, 2628, t1) & (59, 156, 4605, t2=t1+(0, 10)) & (2628, 17, 4605, t3=t2+(0, 4)) -> (2628, 90, 4605, t4=t3+(1, 5))	3	382
(257, 187, 572, t1) & (1892, 196, 3298, t2=t1+(0, 5)) & (1892, 142, 257, t3=t2+(0, 10)) -> (1892, 196, 3298, t4=t3+(1, 7))	3	383
(340, 185, 4606, t1) & (4865, 186, 434, t2=t1+(0, 1)) & (340, 22, 434, t3=t2+(0, 4)) -> (434, 186, 434, t4=t3+(1, 6))	3	384
(4289, 174, 2408, t1) & (2606, 163, 2519, t2=t1+(0, 7)) & (2519, 86, 2408, t3=t2+(0, 6)) -> (2519, 86, 2606, t4=t3+(1, 4))	3	385
(803, 145, 4266, t1) & (2066, 46, 2513, t2=t1+(0, 3)) & (4266, 85, 2513, t3=t2+(0, 2)) -> (4266, 145, 2066, t4=t3+(1, 5))	3	386
(4058, 176, 1419, t1) & (4692, 110, 2873, t2=t1+(0, 8)) & (4692, 187, 4058, t3=t2+(0, 4)) -> (4058, 110, 1419, t4=t3+(1, 5))	3	387
(464, 144, 783, t1) & (3659, 98, 4962, t2=t1+(0, 5)) & (464, 43, 3659, t3=t2+(0, 6)) -> (3659, 144, 783, t4=t3+(1, 4))	3	388
(4207, 57, 1018, t1) & (1059, 175, 4996, t2=t1+(0, 9)) & (4996, 106, 4207, t3=t2+(0, 7)) -> (4996, 106, 1018, t4=t3+(1, 2))	3	389
(4937, 69, 2319, t1) & (1738, 146, 2554, t2=t1+(0, 2)) & (1738, 123, 2319, t3=t2+(0, 7)) -> (2554, 69, 2319, t4=t3+(1, 7))	3	390
(3043, 137, 1575, t1) & (1948, 26, 915, t2=t1+(0, 1)) & (915, 184, 1575, t3=t2+(0, 3)) -> (1575, 26, 1948, t4=t3+(1, 6))	3	391
(4222, 25, 3786, t1) & (2308, 103, 790, t2=t1+(0, 3)) & (4222, 90, 790, t3=t2+(0, 4)) -> (4222, 103, 4222, t4=t3+(1, 3))	3	392
(4412, 104, 4130, t1) & (2893, 191, 724, t2=t1+(0, 10)) & (2893, 29, 4412, t3=t2+(0, 4)) -> (4412, 29, 724, t4=t3+(1, 8))	3	393
(1689, 25, 2565, t1) & (2335, 80, 2633, t2=t1+(0, 4)) & (1689, 84, 2335, t3=t2+(0, 3)) -> (1689, 25, 2565, t4=t3+(1, 6))	3	394
(534, 177, 2009, t1) & (850, 117, 3954, t2=t1+(0, 3)) & (850, 105, 534, t3=t2+(0, 6)) -> (850, 117, 534, t4=t3+(1, 7))	3	395
(2165, 28, 2049, t1) & (2958, 113, 194, t2=t1+(0, 5)) & (2165, 119, 194, t3=t2+(0, 4)) -> (194, 28, 2165, t4=t3+(1, 8))	3	396
(2849, 102, 3108, t1) & (4771, 1, 3909, t2=t1+(0, 4)) & (4771, 169, 2849, t3=t2+(0, 6)) -> (2849, 1, 2849, t4=t3+(1, 5))	3	397
(176, 1, 108, t1) & (3772, 84, 2580, t2=t1+(0, 5)) & (108, 88, 3772, t3=t2+(0, 4)) -> (2580, 88, 2580, t4=t3+(1, 7))	3	398
(1920, 49, 2659, t1) & (1328, 108, 1778, t2=t1+(0, 6)) & (1328, 30, 2659, t3=t2+(0, 6)) -> (1778, 30, 1920, t4=t3+(1, 7))	3	399
(704, 61, 3267, t1) & (704, 94, 3267, t2=t1+(0, 8)) -> (3267, 61, 704, t3=t2+(1, 11))	2	400
(1636, 7, 2497, t1) & (2953, 89, 1636, t2=t1+(0, 7)) -> (1636, 89, 1636, t3=t2+(1, 4))	2	401
(4401, 103, 1627, t1) & (1627, 177, 4198, t2=t1+(0, 5)) -> (4198, 103, 4198, t3=t2+(1, 4))	2	402
(395, 161, 3084, t1) & (3084, 174, 2628, t2=t1+(0, 5)) -> (3084, 174, 2628, t3=t2+(1, 4))	2	403
(4153, 123, 4848, t1) & (4848, 144, 3941, t2=t1+(0, 5)) -> (4848, 123, 4153, t3=t2+(1, 3))	2	404
(2484, 109, 2056, t1) & (2484, 174, 2056, t2=t1+(0, 5)) -> (2484, 109, 2484, t3=t2+(1, 6))	2	405
(4997, 135, 251, t1) & (4997, 40, 4997, t2=t1+(0, 4)) -> (4997, 135, 251, t3=t2+(1, 4))	2	406
(2240, 134, 2386, t1) & (2386, 95, 4163, t2=t1+(0, 2)) -> (2386, 134, 2386, t3=t2+(1, 1))	2	407
(173, 33, 3436, t1) & (3436, 97, 1413, t2=t1+(0, 11)) -> (1413, 97, 3436, t3=t2+(1, 7))	2	408
(4869, 113, 1384, t1) & (4869, 187, 4869, t2=t1+(0, 4)) -> (4869, 113, 4869, t3=t2+(1, 5))	2	409
(142, 22, 1990, t1) & (1990, 133, 1323, t2=t1+(0, 9)) -> (142, 133, 1323, t3=t2+(1, 2))	2	410
(4741, 114, 2075, t1) & (4741, 163, 2075, t2=t1+(0, 4)) -> (2075, 163, 2075, t3=t2+(1, 5))	2	411
(1899, 157, 2678, t1) & (2678, 135, 1117, t2=t1+(0, 2)) -> (2678, 157, 1117, t3=t2+(1, 6))	2	412
(3018, 188, 984, t1) & (632, 57, 984, t2=t1+(0, 1)) -> (632, 57, 632, t3=t2+(1, 9))	2	413
(3200, 68, 204, t1) & (3200, 115, 3200, t2=t1+(0, 4)) -> (3200, 115, 204, t3=t2+(1, 6))	2	414
(2521, 118, 1909, t1) & (1909, 179, 1733, t2=t1+(0, 4)) -> (2521, 118, 1733, t3=t2+(1, 5))	2	415
(4075, 130, 2469, t1) & (2469, 13, 2469, t2=t1+(0, 4)) -> (2469, 13, 2469, t3=t2+(1, 3))	2	416
(326, 4, 4191, t1) & (2506, 186, 4191, t2=t1+(0, 7)) -> (326, 4, 4191, t3=t2+(1, 5))	2	417
(106, 97, 4679, t1) & (4525, 38, 106, t2=t1+(0, 3)) -> (106, 97, 106, t3=t2+(1, 6))	2	418
(1918, 84, 3417, t1) & (3003, 137, 1918, t2=t1+(0, 9)) -> (1918, 137, 1918, t3=t2+(1, 5))	2	419
(2302, 53, 3907, t1) & (2302, 137, 3907, t2=t1+(0, 8)) -> (3907, 137, 2302, t3=t2+(1, 4))	2	420
(869, 69, 2752, t1) & (2775, 101, 2752, t2=t1+(0, 4)) -> (2775, 69, 2775, t3=t2+(1, 4))	2	421
(1231, 144, 3671, t1) & (3671, 180, 3671, t2=t1+(0, 3)) -> (3671, 144, 1231, t3=t2+(1, 2))	2	422
(2453, 182, 2027, t1) & (2027, 71, 3530, t2=t1+(0, 5)) -> (2453, 71, 2453, t3=t2+(1, 3))	2	423
(444, 146, 2646, t1) & (2646, 17, 2646, t2=t1+(0, 6)) -> (2646, 17, 2646, t3=t2+(1, 4))	2	424
(4228, 94, 1933, t1) & (2322, 51, 1933, t2=t1+(0, 4)) -> (1933, 94, 4228, t3=t2+(1, 4))	2	425
(3148, 91, 2220, t1) & (2220, 44, 3148, t2=t1+(0, 7)) -> (3148, 91, 2220, t3=t2+(1, 5))	2	426
(2901, 44, 1860, t1) & (2901, 92, 2781, t2=t1+(0, 3)) -> (2901, 44, 2901, t3=t2+(1, 2))	2	427
(1832, 165, 565, t1) & (1832, 197, 2388, t2=t1+(0, 6)) -> (1832, 165, 565, t3=t2+(1, 9))	2	428
(3387, 45, 3575, t1) & (864, 100, 3575, t2=t1+(0, 3)) -> (3387, 100, 3575, t3=t2+(1, 3))	2	429
(3973, 21, 4491, t1) & (4491, 165, 4491, t2=t1+(0, 4)) -> (4491, 21, 4491, t3=t2+(1, 3))	2	430
(3839, 87, 2549, t1) & (2549, 145, 2549, t2=t1+(0, 7)) -> (3839, 87, 3839, t3=t2+(1, 6))	2	431
(3566, 47, 2380, t1) & (2380, 3, 4009, t2=t1+(0, 6)) -> (2380, 3, 2380, t3=t2+(1, 3))	2	432
(3631, 81, 622, t1) & (3631, 100, 1639, t2=t1+(0, 5)) -> (3631, 100, 622, t3=t2+(1, 9))	2	433
(500, 101, 4760, t1) & (4760, 37, 4760, t2=t1+(0, 5)) -> (500, 101, 500, t3=t2+(1, 3))	2	434
(38, 165, 113, t1) & (113, 32, 38, t2=t1+(0, 5)) -> (113, 32, 113, t3=t2+(1, 6))	2	435
(222, 23, 1951, t1) & (222, 168, 222, t2=t1+(0, 3)) -> (222, 168, 1951, t3=t2+(1, 9))	2	436
(1334, 120, 3061, t1) & (3061, 9, 3061, t2=t1+(0, 10)) -> (3061, 9, 1334, t3=t2+(1, 5))	2	437
(1746, 75, 3380, t1) & (1746, 29, 3380, t2=t1+(0, 1)) -> (3380, 75, 1746, t3=t2+(1, 4))	2	438
(1325, 52, 4252, t1) & (4252, 73, 4252, t2=t1+(0, 5)) -> (4252, 73, 1325, t3=t2+(1, 4))	2	439
(1355, 56, 575, t1) & (575, 122, 483, t2=t1+(0, 4)) -> (575, 122, 575, t3=t2+(1, 5))	2	440
(1962, 158, 1418, t1) & (1418, 161, 2330, t2=t1+(0, 6)) -> (2330, 158, 1962, t3=t2+(1, 5))	2	441
(3130, 112, 2288, t1) & (664, 112, 3130, t2=t1+(0, 6)) -> (3130, 112, 3130, t3=t2+(1, 11))	2	442
(1367, 37, 1402, t1) & (1402, 124, 2671, t2=t1+(0, 4)) -> (1402, 124, 1367, t3=t2+(1, 5))	2	443
(306, 64, 1327, t1) & (1327, 55, 87, t2=t1+(0, 6)) -> (306, 55, 1327, t3=t2+(1, 4))	2	444
(460, 153, 3473, t1) & (460, 155, 708, t2=t1+(0, 7)) -> (460, 153, 460, t3=t2+(1, 7))	2	445
(52, 179, 4911, t1) & (4911, 168, 4911, t2=t1+(0, 10)) -> (4911, 168, 4911, t3=t2+(1, 8))	2	446
(2459, 136, 1956, t1) & (1956, 62, 2106, t2=t1+(0, 3)) -> (2459, 136, 2106, t3=t2+(1, 8))	2	447
(4814, 157, 2790, t1) & (4814, 166, 2312, t2=t1+(0, 3)) -> (2790, 166, 2312, t3=t2+(1, 5))	2	448
(2139, 167, 2238, t1) & (2139, 164, 4182, t2=t1+(0, 8)) -> (2238, 164, 2238, t3=t2+(1, 5))	2	449
(969, 105, 2951, t1) & (2951, 113, 2951, t2=t1+(0, 2)) -> (969, 113, 969, t3=t2+(1, 9))	2	450
(153, 180, 77, t1) & (2342, 52, 77, t2=t1+(0, 4)) -> (77, 52, 153, t3=t2+(1, 7))	2	451
(3666, 153, 1082, t1) & (3666, 93, 4109, t2=t1+(0, 7)) -> (3666, 153, 3666, t3=t2+(1, 11))	2	452
(2694, 162, 3451, t1) & (3451, 16, 3451, t2=t1+(0, 5)) -> (3451, 16, 3451, t3=t2+(1, 4))	2	453
(3022, 165, 4231, t1) & (326, 177, 3022, t2=t1+(0, 4)) -> (3022, 177, 326, t3=t2+(1, 5))	2	454
(4894, 142, 3312, t1) & (3932, 141, 3312, t2=t1+(0, 6)) -> (3312, 141, 3932, t3=t2+(1, 6))	2	455
(1419, 57, 4709, t1) & (1419, 178, 327, t2=t1+(0, 4)) -> (1419, 57, 1419, t3=t2+(1, 3))	2	456
(2650, 91, 4154, t1) & (2650, 192, 757, t2=t1+(0, 4)) -> (2650, 192, 757, t3=t2+(1, 2))	2	457
(1940, 188, 1039, t1) & (1039, 170, 3741, t2=t1+(0, 4)) -> (1039, 170, 3741, t3=t2+(1, 5))	2	458
(2372, 33, 4207, t1) & (2372, 124, 2894, t2=t1+(0, 3)) -> (2894, 33, 2894, t3=t2+(1, 4))	2	459
(4211, 24, 2324, t1) & (472, 42, 4211, t2=t1+(0, 4)) -> (2324, 42, 4211, t3=t2+(1, 2))	2	460
(293, 108, 2106, t1) & (2106, 151, 293, t2=t1+(0, 6)) -> (2106, 151, 293, t3=t2+(1, 3))	2	461
(2627, 155, 1127, t1) & (1127, 39, 1965, t2=t1+(0, 7)) -> (1127, 155, 1127, t3=t2+(1, 4))	2	462
(4497, 190, 4721, t1) & (3580, 106, 4497, t2=t1+(0, 3)) -> (3580, 106, 3580, t3=t2+(1, 6))	2	463
(2904, 106, 3428, t1) & (4195, 71, 3428, t2=t1+(0, 6)) -> (2904, 106, 2904, t3=t2+(1, 2))	2	464
(4330, 185, 4158, t1) & (4330, 26, 4330, t2=t1+(0, 5)) -> (4330, 185, 4158, t3=t2+(1, 6))	2	465
(2793, 68, 1470, t1) & (2234, 143, 1470, t2=t1+(0, 5)) -> (2793, 68, 2793, t3=t2+(1, 3))	2	466
(4078, 165, 3621, t1) & (3621, 17, 2637, t2=t1+(0, 2)) -> (2637, 17, 2637, t3=t2+(1, 3))	2	467
(3523, 154, 2388, t1) & (3523, 109, 2209, t2=t1+(0, 4)) -> (3523, 109, 2209, t3=t2+(1, 3))	2	468
(2371, 13, 741, t1) & (2371, 88, 741, t2=t1+(0, 9)) -> (741, 88, 741, t3=t2+(1, 8))	2	469
(117, 112, 3163, t1) & (3163, 67, 4003, t2=t1+(0, 7)) -> (3163, 67, 3163, t3=t2+(1, 5))	2	470
(1497, 81, 1044, t1) & (3752, 42, 1497, t2=t1+(0, 3)) -> (1497, 42, 3752, t3=t2+(1, 3))	2	471
(4399, 114, 268, t1) & (4399, 6, 4435, t2=t1+(0, 1)) -> (4399, 114, 4399, t3=t2+(1, 5))	2	472
(4725, 6, 2902, t1) & (2902, 94, 2902, t2=t1+(0, 4)) -> (2902, 6, 2902, t3=t2+(1, 6))	2	473
(247, 95, 4454, t1) & (391, 50, 4454, t2=t1+(0, 8)) -> (4454, 50, 4454, t3=t2+(1, 12))	2	474
(4762, 88, 628, t1) & (628, 145, 3250, t2=t1+(0, 4)) -> (3250, 145, 4762, t3=t2+(1, 4))	2	475
(3125, 186, 2156, t1) & (2156, 187, 902, t2=t1+(0, 8)) -> (2156, 186, 2156, t3=t2+(1, 4))	2	476
(2350, 64, 2128, t1) & (2128, 122, 2350, t2=t1+(0, 4)) -> (2350, 64, 2350, t3=t2+(1, 4))	2	477
(3728, 63, 4743, t1) & (4743, 105, 4624, t2=t1+(0, 6)) -> (4743, 105, 4624, t3=t2+(1, 4))	2	478
(2875, 148, 3166, t1) & (2875, 156, 3232, t2=t1+(0, 2)) -> (3232, 148, 2875, t3=t2+(1, 4))	2	479
(4495, 88, 2487, t1) & (4495, 94, 4495, t2=t1+(0, 3)) -> (4495, 94, 2487, t3=t2+(1, 9))	2	480
(3403, 113, 1683, t1) & (3403, 20, 407, t2=t1+(0, 7)) -> (3403, 20, 407, t3=t2+(1, 4))	2	481
(2822, 120, 2481, t1) & (4255, 57, 2481, t2=t1+(0, 2)) -> (4255, 120, 2481, t3=t2+(1, 8))	2	482
(2676, 109, 2130, t1) & (2676, 86, 403, t2=t1+(0, 4)) -> (403, 109, 2676, t3=t2+(1, 3))	2	483
(578, 11, 3313, t1) & (3313, 31, 2529, t2=t1+(0, 3)) -> (3313, 31, 3313, t3=t2+(1, 3))	2	484
(699, 195, 3560, t1) & (2087, 134, 699, t2=t1+(0, 4)) -> (2087, 195, 699, t3=t2+(1, 4))	2	485
(4651, 6, 2747, t1) & (247, 39, 4651, t2=t1+(0, 3)) -> (2747, 6, 247, t3=t2+(1, 5))	2	486
(3746, 161, 3234, t1) & (3746, 36, 3234, t2=t1+(0, 6)) -> (3234, 36, 3234, t3=t2+(1, 8))	2	487
(193, 80, 2240, t1) & (2240, 102, 661, t2=t1+(0, 4)) -> (2240, 80, 193, t3=t2+(1, 4))	2	488
(1063, 37, 3381, t1) & (3381, 151, 2819, t2=t1+(0, 3)) -> (3381, 151, 1063, t3=t2+(1, 8))	2	489
(4387, 39, 2472, t1) & (4387, 44, 4387, t2=t1+(0, 2)) -> (4387, 44, 4387, t3=t2+(1, 2))	2	490
(1752, 75, 3429, t1) & (1752, 26, 744, t2=t1+(0, 8)) -> (1752, 26, 1752, t3=t2+(1, 4))	2	491
(12, 45, 1399, t1) & (12, 185, 12, t2=t1+(0, 5)) -> (1399, 45, 12, t3=t2+(1, 4))	2	492
(1988, 198, 1791, t1) & (1791, 140, 183, t2=t1+(0, 6)) -> (183, 198, 1988, t3=t2+(1, 3))	2	493
(2339, 119, 510, t1) & (510, 147, 275, t2=t1+(0, 2)) -> (2339, 119, 275, t3=t2+(1, 4))	2	494
(395, 151, 1135, t1) & (2839, 181, 1135, t2=t1+(0, 12)) -> (1135, 181, 1135, t3=t2+(1, 7))	2	495
(799, 112, 113, t1) & (799, 21, 2738, t2=t1+(0, 2)) -> (799, 112, 799, t3=t2+(1, 3))	2	496
(3776, 173, 1747, t1) & (3776, 76, 1747, t2=t1+(0, 9)) -> (3776, 76, 3776, t3=t2+(1, 6))	2	497
(4109, 173, 1135, t1) & (4109, 25, 4109, t2=t1+(0, 7)) -> (4109, 173, 4109, t3=t2+(1, 3))	2	498
(3006, 20, 810, t1) & (810, 190, 3006, t2=t1+(0, 2)) -> (3006, 190, 3006, t3=t2+(1, 7))	2	499
(2598, 128, 4252, t1) -> (2598, 128, 4252, t2=t1+(1, 4))	1	500
(2094, 67, 308, t1) -> (2094, 67, 308, t2=t1+(1, 7))	1	501
(3803, 128, 2070, t1) -> (2070, 128, 2070, t2=t1+(1, 4))	1	502
(2926, 190, 2491, t1) -> (2491, 190, 2491, t2=t1+(1, 6))	1	503
(1002, 161, 1181, t1) -> (1002, 161, 1002, t2=t1+(1, 3))	1	504
(4417, 43, 1210, t1) -> (4417, 43, 4417, t2=t1+(1, 3))	1	505
(4909, 78, 1697, t1) -> (1697, 78, 4909, t2=t1+(1, 2))	1	506
(1809, 17, 1737, t1) -> (1809, 17, 1809, t2=t1+(1, 5))	1	507
(2535, 42, 1658, t1) -> (1658, 42, 1658, t2=t1+(1, 5))	1	508
(3395, 85, 2214, t1) -> (3395, 85, 2214, t2=t1+(1, 8))	1	509
(3646, 79, 3281, t1) -> (3281, 79, 3281, t2=t1+(1, 3))	1	510
(1696, 172, 2359, t1) -> (2359, 172, 1696, t2=t1+(1, 6))	1	511
(806, 36, 1356, t1) -> (806, 36, 806, t2=t1+(1, 7))	1	512
(2532, 78, 17, t1) -> (2532, 78, 17, t2=t1+(1, 8))	1	513
(3548, 160, 2686, t1) -> (3548, 160, 3548, t2=t1+(1, 8))	1	514
(2289, 41, 527, t1) -> (527, 41, 2289, t2=t1+(1, 4))	1	515
(2388, 23, 3070, t1) -> (3070, 23, 2388, t2=t1+(1, 5))	1	516
(4144, 95, 1543, t1) -> (1543, 95, 4144, t2=t1+(1, 3))	1	517
(1085, 111, 4289, t1) -> (1085, 111, 4289, t2=t1+(1, 4))	1	518
(3997, 4, 3968, t1) -> (3968, 4, 3997, t2=t1+(1, 3))	1	519
(3813, 74, 4363, t1) -> (4363, 74, 3813, t2=t1+(1, 4))	1	520
(4967, 188, 4951, t1) -> (4967, 188, 4967, t2=t1+(1, 8))	1	521
(2997, 191, 2915, t1) -> (2997, 191, 2915, t2=t1+(1, 7))	1	522
(3740, 111, 4233, t1) -> (4233, 111, 4233, t2=t1+(1, 5))	1	523
(1211, 20, 469, t1) -> (1211, 20, 1211, t2=t1+(1, 11))	1	524
