(4702, 26, 268, t1) & (678, 151, 1409, t2=t1+(0, 3)) & (1409, 108, 268, t3=t2+(0, 0)) -> (4702, 108, 4702, t4=t3+(1, 4))	3	0
(172, 57, 4820, t1) & (3807, 113, 4997, t2=t1+(0, 2)) & (172, 0, 4997, t3=t2+(0, 7)) -> (4997, 113, 172, t4=t3+(1, 9))	3	1
(1520, 85, 3414, t1) & (2592, 54, 396, t2=t1+(0, 8)) & (2592, 171, 3414, t3=t2+(0, 5)) -> (2592, 54, 1520, t4=t3+(1, 4))	3	2
(2887, 127, 1999, t1) & (141, 10, 2126, t2=t1+(0, 3)) & (2126, 73, 1999, t3=t2+(0, 6)) -> (141, 127, 1999, t4=t3+(1, 8))	3	3
(1869, 102, 3920, t1) & (545, 108, 1999, t2=t1+(0, 8)) & (545, 131, 1869, t3=t2+(0, 5)) -> (3920, 102, 1869, t4=t3+(1, 4))	3	4
(3296, 146, 1349, t1) & (4848, 80, 4273, t2=t1+(0, 6)) & (4273, 119, 3296, t3=t2+(0, 5)) -> (4273, 146, 4273, t4=t3+(1, 7))	3	5
(3442, 155, 1209, t1) & (1341, 155, 2746, t2=t1+(0, 5)) & (1341, 80, 1209, t3=t2+(0, 6)) -> (3442, 80, 1341, t4=t3+(1, 6))	3	6
(3477, 73, 195, t1) & (3189, 19, 2393, t2=t1+(0, 3)) & (3189, 4, 195, t3=t2+(0, 5)) -> (2393, 19, 2393, t4=t3+(1, 8))	3	7
(4483, 187, 679, t1) & (2277, 156, 2380, t2=t1+(0, 3)) & (2380, 19, 679, t3=t2+(0, 10)) -> (2380, 156, 679, t4=t3+(1, 4))	3	8
(1613, 8, 529, t1) & (4049, 196, 1262, t2=t1+(0, 5)) & (4049, 111, 529, t3=t2+(0, 2)) -> (1262, 8, 529, t4=t3+(1, 9))	3	9
(4372, 46, 2146, t1) & (4992, 197, 774, t2=t1+(0, 4)) & (4992, 2, 4372, t3=t2+(0, 6)) -> (4372, 46, 4372, t4=t3+(1, 2))	3	10
(780, 110, 1310, t1) & (2366, 173, 4751, t2=t1+(0, 2)) & (780, 50, 4751, t3=t2+(0, 7)) -> (2366, 50, 4751, t4=t3+(1, 3))	3	11
(399, 137, 1497, t1) & (2003, 101, 144, t2=t1+(0, 4)) & (399, 68, 2003, t3=t2+(0, 6)) -> (399, 101, 1497, t4=t3+(1, 9))	3	12
(2547, 163, 2185, t1) & (397, 29, 1556, t2=t1+(0, 3)) & (1556, 41, 2547, t3=t2+(0, 5)) -> (1556, 163, 2547, t4=t3+(1, 8))	3	13
(375, 17, 1088, t1) & (1249, 93, 4012, t2=t1+(0, 3)) & (375, 120, 1249, t3=t2+(0, 3)) -> (1249, 120, 375, t4=t3+(1, 5))	3	14
(4151, 134, 2318, t1) & (161, 164, 1745, t2=t1+(0, 7)) & (1745, 40, 2318, t3=t2+(0, 8)) -> (2318, 164, 4151, t4=t3+(1, 4))	3	15
(4998, 32, 2533, t1) & (1125, 90, 1613, t2=t1+(0, 3)) & (4998, 32, 1613, t3=t2+(0, 2)) -> (1613, 90, 4998, t4=t3+(1, 6))	3	16
(3941, 14, 4924, t1) & (4108, 125, 4920, t2=t1+(0, 3)) & (4924, 14, 4108, t3=t2+(0, 4)) -> (4108, 14, 3941, t4=t3+(1, 2))	3	17
(575, 141, 4226, t1) & (4755, 140, 764, t2=t1+(0, 3)) & (4226, 23, 4755, t3=t2+(0, 7)) -> (4755, 141, 4226, t4=t3+(1, 7))	3	18
(3339, 115, 983, t1) & (3575, 120, 3229, t2=t1+(0, 8)) & (3575, 98, 983, t3=t2+(0, 3)) -> (3229, 120, 3575, t4=t3+(1, 4))	3	19
(2238, 25, 1924, t1) & (4990, 155, 200, t2=t1+(0, 3)) & (4990, 166, 2238, t3=t2+(0, 3)) -> (4990, 155, 4990, t4=t3+(1, 6))	3	20
(4322, 130, 2504, t1) & (1756, 58, 4215, t2=t1+(0, 8)) & (4215, 34, 4322, t3=t2+(0, 5)) -> (1756, 130, 4215, t4=t3+(1, 2))	3	21
(2794, 198, 2354, t1) & (4805, 142, 1307, t2=t1+(0, 4)) & (2354, 152, 4805, t3=t2+(0, 5)) -> (1307, 152, 2794, t4=t3+(1, 3))	3	22
(127, 122, 2962, t1) & (3549, 140, 3260, t2=t1+(0, 9)) & (3260, 37, 127, t3=t2+(0, 4)) -> (3260, 37, 127, t4=t3+(1, 2))	3	23
(684, 170, 4357, t1) & (1586, 136, 4443, t2=t1+(0, 6)) & (4443, 149, 4357, t3=t2+(0, 8)) -> (4357, 170, 684, t4=t3+(1, 4))	3	24
(209, 109, 3597, t1) & (2713, 83, 3939, t2=t1+(0, 6)) & (3939, 23, 3597, t3=t2+(0, 3)) -> (3597, 83, 3597, t4=t3+(1, 5))	3	25
(3546, 188, 4103, t1) & (3697, 8, 2906, t2=t1+(0, 8)) & (3546, 191, 2906, t3=t2+(0, 5)) -> (4103, 188, 2906, t4=t3+(1, 10))	3	26
(1517, 59, 3864, t1) & (2147, 148, 892, t2=t1+(0, 3)) & (892, 19, 1517, t3=t2+(0, 6)) -> (3864, 59, 3864, t4=t3+(1, 6))	3	27
(3240, 13, 1117, t1) & (3741, 73, 3499, t2=t1+(0, 8)) & (1117, 196, 3499, t3=t2+(0, 4)) -> (3240, 13, 1117, t4=t3+(1, 4))	3	28
(4267, 29, 3544, t1) & (1838, 13, 743, t2=t1+(0, 8)) & (4267, 180, 1838, t3=t2+(0, 3)) -> (743, 13, 4267, t4=t3+(1, 4))	3	29
(3005, 64, 3557, t1) & (757, 29, 2625, t2=t1+(0, 6)) & (3005, 0, 2625, t3=t2+(0, 3)) -> (3557, 0, 757, t4=t3+(1, 7))	3	30
(1049, 35, 223, t1) & (4053, 34, 2117, t2=t1+(0, 8)) & (4053, 170, 223, t3=t2+(0, 8)) -> (4053, 35, 2117, t4=t3+(1, 2))	3	31
(4200, 134, 4065, t1) & (4698, 23, 135, t2=t1+(0, 5)) & (135, 196, 4065, t3=t2+(0, 5)) -> (4698, 134, 4065, t4=t3+(1, 6))	3	32
(1581, 50, 3058, t1) & (3405, 27, 4538, t2=t1+(0, 4)) & (3058, 81, 4538, t3=t2+(0, 7)) -> (3058, 81, 3405, t4=t3+(1, 5))	3	33
(1538, 79, 997, t1) & (4655, 98, 3453, t2=t1+(0, 3)) & (4655, 72, 1538, t3=t2+(0, 3)) -> (4655, 72, 4655, t4=t3+(1, 11))	3	34
(2960, 76, 2958, t1) & (3427, 145, 649, t2=t1+(0, 6)) & (2958, 138, 3427, t3=t2+(0, 4)) -> (3427, 138, 2960, t4=t3+(1, 3))	3	35
(118, 123, 3175, t1) & (633, 51, 2947, t2=t1+(0, 2)) & (3175, 93, 2947, t3=t2+(0, 6)) -> (3175, 51, 3175, t4=t3+(1, 2))	3	36
(3401, 138, 1757, t1) & (899, 198, 4238, t2=t1+(0, 6)) & (4238, 166, 3401, t3=t2+(0, 3)) -> (899, 138, 899, t4=t3+(1, 10))	3	37
(1432, 127, 2156, t1) & (450, 83, 1658, t2=t1+(0, 6)) & (1432, 162, 1658, t3=t2+(0, 4)) -> (1432, 83, 1432, t4=t3+(1, 4))	3	38
(371, 104, 3008, t1) & (144, 68, 1857, t2=t1+(0, 5)) & (144, 3, 3008, t3=t2+(0, 7)) -> (371, 3, 371, t4=t3+(1, 4))	3	39
(3624, 123, 3257, t1) & (3547, 3, 759, t2=t1+(0, 3)) & (3547, 53, 3624, t3=t2+(0, 4)) -> (3547, 3, 3257, t4=t3+(1, 3))	3	40
(1864, 21, 3492, t1) & (1312, 139, 3769, t2=t1+(0, 4)) & (1312, 75, 1864, t3=t2+(0, 6)) -> (1864, 21, 1312, t4=t3+(1, 5))	3	41
(132, 189, 1970, t1) & (3797, 144, 907, t2=t1+(0, 4)) & (907, 28, 132, t3=t2+(0, 2)) -> (1970, 28, 907, t4=t3+(1, 3))	3	42
(3182, 3, 2151, t1) & (2265, 156, 305, t2=t1+(0, 3)) & (3182, 103, 2265, t3=t2+(0, 5)) -> (2151, 103, 2265, t4=t3+(1, 5))	3	43
(4418, 82, 3425, t1) & (2691, 149, 2198, t2=t1+(0, 4)) & (2691, 173, 4418, t3=t2+(0, 10)) -> (4418, 149, 4418, t4=t3+(1, 12))	3	44
(1623, 13, 3459, t1) & (696, 130, 3156, t2=t1+(0, 8)) & (1623, 112, 3156, t3=t2+(0, 6)) -> (1623, 112, 3459, t4=t3+(1, 4))	3	45
(2658, 73, 2921, t1) & (4811, 117, 3082, t2=t1+(0, 7)) & (3082, 175, 2658, t3=t2+(0, 5)) -> (2658, 175, 2658, t4=t3+(1, 2))	3	46
(2327, 131, 2594, t1) & (2627, 18, 3544, t2=t1+(0, 7)) & (2627, 169, 2594, t3=t2+(0, 4)) -> (2594, 18, 2627, t4=t3+(1, 3))	3	47
(76, 53, 4161, t1) & (3163, 90, 3154, t2=t1+(0, 3)) & (76, 84, 3154, t3=t2+(0, 6)) -> (76, 53, 3154, t4=t3+(1, 2))	3	48
(1318, 161, 4776, t1) & (3479, 189, 627, t2=t1+(0, 7)) & (627, 77, 4776, t3=t2+(0, 3)) -> (4776, 77, 627, t4=t3+(1, 4))	3	49
(2621, 193, 912, t1) & (241, 9, 444, t2=t1+(0, 4)) & (2621, 164, 241, t3=t2+(0, 5)) -> (241, 193, 241, t4=t3+(1, 4))	3	50
(2858, 154, 4623, t1) & (3672, 170, 93, t2=t1+(0, 5)) & (3672, 117, 4623, t3=t2+(0, 2)) -> (4623, 170, 4623, t4=t3+(1, 5))	3	51
(246, 110, 4519, t1) & (2104, 197, 765, t2=t1+(0, 4)) & (2104, 149, 246, t3=t2+(0, 7)) -> (246, 110, 246, t4=t3+(1, 4))	3	52
(1565, 190, 4696, t1) & (4594, 57, 171, t2=t1+(0, 6)) & (171, 73, 4696, t3=t2+(0, 6)) -> (4594, 190, 1565, t4=t3+(1, 5))	3	53
(4563, 180, 129, t1) & (4074, 3, 2366, t2=t1+(0, 6)) & (2366, 82, 4563, t3=t2+(0, 6)) -> (129, 3, 129, t4=t3+(1, 9))	3	54
(2066, 171, 178, t1) & (3574, 50, 1953, t2=t1+(0, 5)) & (3574, 146, 2066, t3=t2+(0, 1)) -> (178, 50, 2066, t4=t3+(1, 6))	3	55
(1148, 23, 4069, t1) & (2252, 133, 4743, t2=t1+(0, 4)) & (2252, 136, 1148, t3=t2+(0, 8)) -> (2252, 136, 1148, t4=t3+(1, 6))	3	56
(1700, 178, 4736, t1) & (51, 117, 1339, t2=t1+(0, 6)) & (1339, 196, 1700, t3=t2+(0, 4)) -> (1700, 196, 1700, t4=t3+(1, 6))	3	57
(3079, 56, 1288, t1) & (2982, 158, 2375, t2=t1+(0, 4)) & (2375, 196, 1288, t3=t2+(0, 6)) -> (2375, 196, 1288, t4=t3+(1, 4))	3	58
(2436, 117, 2740, t1) & (658, 82, 125, t2=t1+(0, 5)) & (2740, 198, 658, t3=t2+(0, 3)) -> (2740, 198, 658, t4=t3+(1, 3))	3	59
(3880, 70, 1271, t1) & (3886, 131, 4399, t2=t1+(0, 5)) & (3880, 152, 4399, t3=t2+(0, 3)) -> (3880, 152, 4399, t4=t3+(1, 3))	3	60
(1676, 182, 438, t1) & (1077, 52, 3413, t2=t1+(0, 5)) & (1676, 113, 3413, t3=t2+(0, 7)) -> (3413, 182, 438, t4=t3+(1, 6))	3	61
(3674, 142, 2062, t1) & (3230, 5, 3861, t2=t1+(0, 2)) & (3861, 57, 3674, t3=t2+(0, 4)) -> (3230, 5, 3674, t4=t3+(1, 6))	3	62
(4912, 189, 4454, t1) & (2605, 73, 3481, t2=t1+(0, 2)) & (2605, 33, 4454, t3=t2+(0, 3)) -> (3481, 33, 3481, t4=t3+(1, 4))	3	63
(1769, 42, 127, t1) & (4421, 112, 446, t2=t1+(0, 8)) & (446, 141, 1769, t3=t2+(0, 4)) -> (1769, 141, 4421, t4=t3+(1, 3))	3	64
(1812, 67, 3968, t1) & (539, 112, 3809, t2=t1+(0, 6)) & (539, 134, 1812, t3=t2+(0, 7)) -> (3968, 67, 3809, t4=t3+(1, 6))	3	65
(1566, 135, 502, t1) & (2675, 147, 3727, t2=t1+(0, 3)) & (3727, 137, 1566, t3=t2+(0, 5)) -> (502, 137, 1566, t4=t3+(1, 1))	3	66
(2559, 166, 1983, t1) & (2161, 194, 721, t2=t1+(0, 7)) & (2559, 198, 721, t3=t2+(0, 3)) -> (721, 198, 2559, t4=t3+(1, 10))	3	67
(2226, 147, 2764, t1) & (3283, 172, 3825, t2=t1+(0, 3)) & (2226, 43, 3825, t3=t2+(0, 5)) -> (3825, 172, 2226, t4=t3+(1, 6))	3	68
(623, 25, 2441, t1) & (2466, 163, 802, t2=t1+(0, 7)) & (802, 115, 623, t3=t2+(0, 5)) -> (2441, 25, 2441, t4=t3+(1, 5))	3	69
(1645, 152, 4791, t1) & (323, 126, 875, t2=t1+(0, 12)) & (4791, 104, 323, t3=t2+(0, 2)) -> (875, 152, 323, t4=t3+(1, 5))	3	70
(2586, 132, 2719, t1) & (1618, 64, 3506, t2=t1+(0, 4)) & (2719, 36, 3506, t3=t2+(0, 3)) -> (2586, 64, 2719, t4=t3+(1, 3))	3	71
(3816, 56, 1531, t1) & (3222, 184, 863, t2=t1+(0, 4)) & (1531, 138, 863, t3=t2+(0, 2)) -> (3222, 138, 3222, t4=t3+(1, 7))	3	72
(3562, 6, 1099, t1) & (2509, 184, 2518, t2=t1+(0, 3)) & (3562, 91, 2518, t3=t2+(0, 6)) -> (3562, 184, 2509, t4=t3+(1, 5))	3	73
(106, 170, 4611, t1) & (3293, 79, 3408, t2=t1+(0, 6)) & (3293, 135, 106, t3=t2+(0, 7)) -> (106, 170, 106, t4=t3+(1, 2))	3	74
(1794, 138, 91, t1) & (3159, 177, 1242, t2=t1+(0, 5)) & (91, 190, 1242, t3=t2+(0, 4)) -> (1242, 177, 3159, t4=t3+(1, 11))	3	75
(2338, 192, 4329, t1) & (4442, 119, 3680, t2=t1+(0, 5)) & (4329, 59, 4442, t3=t2+(0, 2)) -> (4442, 192, 2338, t4=t3+(1, 2))	3	76
(3222, 157, 1311, t1) & (836, 63, 3257, t2=t1+(0, 5)) & (3222, 65, 3257, t3=t2+(0, 3)) -> (836, 157, 3222, t4=t3+(1, 4))	3	77
(164, 71, 3161, t1) & (4319, 13, 4679, t2=t1+(0, 5)) & (4319, 57, 3161, t3=t2+(0, 8)) -> (4319, 71, 3161, t4=t3+(1, 4))	3	78
(4627, 77, 928, t1) & (459, 89, 2357, t2=t1+(0, 7)) & (928, 42, 459, t3=t2+(0, 5)) -> (928, 42, 928, t4=t3+(1, 9))	3	79
(2120, 53, 1684, t1) & (4674, 125, 1884, t2=t1+(0, 5)) & (2120, 133, 1884, t3=t2+(0, 3)) -> (1684, 125, 1684, t4=t3+(1, 6))	3	80
(1350, 122, 4945, t1) & (366, 186, 1416, t2=t1+(0, 5)) & (366, 140, 4945, t3=t2+(0, 7)) -> (4945, 122, 366, t4=t3+(1, 5))	3	81
(2698, 165, 704, t1) & (772, 48, 4738, t2=t1+(0, 7)) & (772, 145, 704, t3=t2+(0, 2)) -> (772, 145, 704, t4=t3+(1, 2))	3	82
(613, 107, 1332, t1) & (3755, 114, 1393, t2=t1+(0, 4)) & (613, 128, 3755, t3=t2+(0, 4)) -> (3755, 114, 3755, t4=t3+(1, 7))	3	83
(1095, 17, 4936, t1) & (1063, 138, 4763, t2=t1+(0, 3)) & (1095, 192, 1063, t3=t2+(0, 3)) -> (4936, 192, 1095, t4=t3+(1, 5))	3	84
(2398, 101, 2718, t1) & (1614, 20, 3173, t2=t1+(0, 3)) & (2718, 56, 1614, t3=t2+(0, 8)) -> (2718, 56, 1614, t4=t3+(1, 6))	3	85
(4715, 101, 1181, t1) & (199, 103, 4663, t2=t1+(0, 11)) & (1181, 108, 199, t3=t2+(0, 6)) -> (4663, 101, 199, t4=t3+(1, 4))	3	86
(1842, 28, 1402, t1) & (730, 19, 1860, t2=t1+(0, 2)) & (730, 79, 1402, t3=t2+(0, 1)) -> (1860, 79, 1402, t4=t3+(1, 7))	3	87
(4112, 176, 2048, t1) & (2928, 68, 3126, t2=t1+(0, 5)) & (2048, 197, 3126, t3=t2+(0, 11)) -> (3126, 68, 2048, t4=t3+(1, 2))	3	88
(899, 104, 4594, t1) & (4032, 3, 2067, t2=t1+(0, 5)) & (899, 174, 2067, t3=t2+(0, 10)) -> (899, 104, 2067, t4=t3+(1, 3))	3	89
(694, 179, 2504, t1) & (3389, 66, 3242, t2=t1+(0, 3)) & (3242, 45, 2504, t3=t2+(0, 4)) -> (3389, 179, 3389, t4=t3+(1, 5))	3	90
(4649, 42, 3688, t1) & (1910, 84, 3955, t2=t1+(0, 5)) & (3955, 27, 4649, t3=t2+(0, 4)) -> (4649, 42, 4649, t4=t3+(1, 3))	3	91
(464, 198, 4193, t1) & (4460, 124, 4172, t2=t1+(0, 3)) & (4172, 111, 464, t3=t2+(0, 2)) -> (4193, 111, 4460, t4=t3+(1, 7))	3	92
(913, 130, 1467, t1) & (4520, 175, 4829, t2=t1+(0, 5)) & (4520, 90, 913, t3=t2+(0, 9)) -> (1467, 90, 4520, t4=t3+(1, 1))	3	93
(888, 16, 723, t1) & (4568, 118, 4324, t2=t1+(0, 8)) & (888, 156, 4568, t3=t2+(0, 4)) -> (723, 16, 4568, t4=t3+(1, 9))	3	94
(2687, 170, 1348, t1) & (4858, 113, 4482, t2=t1+(0, 7)) & (4858, 163, 1348, t3=t2+(0, 7)) -> (4858, 170, 4858, t4=t3+(1, 7))	3	95
(3124, 87, 3511, t1) & (2731, 174, 1733, t2=t1+(0, 6)) & (3124, 129, 1733, t3=t2+(0, 6)) -> (3511, 87, 1733, t4=t3+(1, 7))	3	96
(4174, 156, 4335, t1) & (3410, 37, 4951, t2=t1+(0, 4)) & (3410, 45, 4174, t3=t2+(0, 6)) -> (4174, 156, 4335, t4=t3+(1, 4))	3	97
(4576, 32, 4104, t1) & (3740, 15, 80, t2=t1+(0, 5)) & (4104, 111, 3740, t3=t2+(0, 7)) -> (3740, 15, 4104, t4=t3+(1, 4))	3	98
(467, 117, 34, t1) & (4089, 32, 3655, t2=t1+(0, 5)) & (3655, 5, 467, t3=t2+(0, 6)) -> (467, 117, 467, t4=t3+(1, 3))	3	99
(489, 104, 2562, t1) & (2562, 50, 2562, t2=t1+(0, 8)) -> (2562, 50, 489, t3=t2+(1, 7))	2	100
(3000, 49, 3872, t1) & (3000, 26, 3872, t2=t1+(0, 7)) -> (3000, 49, 3872, t3=t2+(1, 6))	2	101
(3103, 97, 481, t1) & (3103, 81, 3103, t2=t1+(0, 11)) -> (3103, 81, 3103, t3=t2+(1, 6))	2	102
(2897, 34, 1183, t1) & (4691, 97, 2897, t2=t1+(0, 5)) -> (4691, 34, 2897, t3=t2+(1, 6))	2	103
(4399, 103, 188, t1) & (570, 34, 4399, t2=t1+(0, 1)) -> (4399, 34, 188, t3=t2+(1, 3))	2	104
(1533, 183, 2183, t1) & (4407, 13, 2183, t2=t1+(0, 4)) -> (2183, 183, 2183, t3=t2+(1, 5))	2	105
(803, 191, 4246, t1) & (172, 156, 4246, t2=t1+(0, 3)) -> (4246, 156, 4246, t3=t2+(1, 5))	2	106
(1933, 128, 65, t1) & (2008, 100, 65, t2=t1+(0, 3)) -> (65, 128, 65, t3=t2+(1, 4))	2	107
(1902, 29, 4645, t1) & (1902, 55, 3843, t2=t1+(0, 2)) -> (1902, 29, 1902, t3=t2+(1, 4))	2	108
(2526, 120, 1988, t1) & (2526, 147, 567, t2=t1+(0, 2)) -> (2526, 120, 2526, t3=t2+(1, 3))	2	109
(1442, 192, 1125, t1) & (1864, 123, 1125, t2=t1+(0, 4)) -> (1442, 123, 1864, t3=t2+(1, 4))	2	110
(3835, 165, 3755, t1) & (3835, 56, 275, t2=t1+(0, 8)) -> (3835, 165, 275, t3=t2+(1, 6))	2	111
(1219, 154, 2273, t1) & (1219, 109, 2273, t2=t1+(0, 5)) -> (2273, 109, 1219, t3=t2+(1, 5))	2	112
(4340, 186, 4282, t1) & (4340, 3, 4282, t2=t1+(0, 4)) -> (4340, 186, 4282, t3=t2+(1, 3))	2	113
(4268, 86, 62, t1) & (4268, 46, 4268, t2=t1+(0, 7)) -> (62, 46, 62, t3=t2+(1, 2))	2	114
(3039, 7, 3372, t1) & (3372, 27, 3372, t2=t1+(0, 5)) -> (3372, 27, 3039, t3=t2+(1, 7))	2	115
(2334, 78, 3922, t1) & (3922, 71, 4981, t2=t1+(0, 4)) -> (4981, 78, 3922, t3=t2+(1, 5))	2	116
(1288, 188, 1977, t1) & (1288, 88, 1977, t2=t1+(0, 9)) -> (1288, 188, 1288, t3=t2+(1, 3))	2	117
(473, 93, 3469, t1) & (1373, 77, 3469, t2=t1+(0, 6)) -> (1373, 93, 3469, t3=t2+(1, 3))	2	118
(4657, 82, 4414, t1) & (4414, 95, 3749, t2=t1+(0, 3)) -> (3749, 82, 4414, t3=t2+(1, 5))	2	119
(4953, 30, 4446, t1) & (4953, 105, 2453, t2=t1+(0, 2)) -> (4953, 105, 4953, t3=t2+(1, 3))	2	120
(4980, 79, 147, t1) & (147, 6, 287, t2=t1+(0, 5)) -> (287, 6, 4980, t3=t2+(1, 1))	2	121
(1264, 165, 3584, t1) & (3584, 52, 1220, t2=t1+(0, 5)) -> (3584, 52, 3584, t3=t2+(1, 6))	2	122
(3309, 57, 1939, t1) & (1939, 23, 3309, t2=t1+(0, 10)) -> (3309, 23, 3309, t3=t2+(1, 5))	2	123
(1304, 64, 350, t1) & (1304, 149, 505, t2=t1+(0, 1)) -> (505, 64, 350, t3=t2+(1, 8))	2	124
(2591, 7, 2778, t1) & (1081, 9, 2778, t2=t1+(0, 7)) -> (2591, 7, 2591, t3=t2+(1, 5))	2	125
(3554, 169, 4843, t1) & (3256, 141, 3554, t2=t1+(0, 7)) -> (4843, 169, 3554, t3=t2+(1, 7))	2	126
(4892, 10, 2185, t1) & (4892, 172, 1526, t2=t1+(0, 6)) -> (4892, 10, 4892, t3=t2+(1, 6))	2	127
(3360, 38, 2297, t1) & (2297, 86, 3643, t2=t1+(0, 7)) -> (2297, 86, 3360, t3=t2+(1, 6))	2	128
(217, 119, 2533, t1) & (2533, 114, 943, t2=t1+(0, 7)) -> (2533, 119, 217, t3=t2+(1, 3))	2	129
(685, 122, 4318, t1) & (685, 142, 4318, t2=t1+(0, 2)) -> (4318, 142, 4318, t3=t2+(1, 3))	2	130
(1276, 3, 534, t1) & (1276, 5, 3684, t2=t1+(0, 4)) -> (534, 5, 1276, t3=t2+(1, 8))	2	131
(3731, 28, 2033, t1) & (3731, 45, 2033, t2=t1+(0, 6)) -> (3731, 45, 3731, t3=t2+(1, 8))	2	132
(3376, 103, 282, t1) & (282, 3, 1001, t2=t1+(0, 7)) -> (1001, 3, 1001, t3=t2+(1, 3))	2	133
(3349, 130, 4376, t1) & (4376, 193, 1837, t2=t1+(0, 5)) -> (3349, 193, 4376, t3=t2+(1, 2))	2	134
(4298, 66, 3371, t1) & (939, 185, 3371, t2=t1+(0, 7)) -> (3371, 185, 3371, t3=t2+(1, 4))	2	135
(3698, 117, 945, t1) & (4793, 66, 3698, t2=t1+(0, 5)) -> (3698, 66, 3698, t3=t2+(1, 4))	2	136
(191, 134, 3038, t1) & (1292, 127, 191, t2=t1+(0, 4)) -> (191, 127, 191, t3=t2+(1, 4))	2	137
(4450, 23, 4097, t1) & (4450, 195, 4450, t2=t1+(0, 5)) -> (4450, 23, 4450, t3=t2+(1, 5))	2	138
(3818, 29, 2614, t1) & (2553, 3, 3818, t2=t1+(0, 5)) -> (2614, 3, 3818, t3=t2+(1, 6))	2	139
(2557, 124, 3016, t1) & (2031, 70, 3016, t2=t1+(0, 4)) -> (2031, 70, 2557, t3=t2+(1, 3))	2	140
(1592, 117, 3741, t1) & (4868, 190, 3741, t2=t1+(0, 5)) -> (1592, 117, 3741, t3=t2+(1, 4))	2	141
(4884, 84, 3074, t1) & (4884, 139, 4136, t2=t1+(0, 5)) -> (4884, 84, 3074, t3=t2+(1, 9))	2	142
(729, 144, 4169, t1) & (4169, 49, 4169, t2=t1+(0, 7)) -> (4169, 144, 4169, t3=t2+(1, 2))	2	143
(1528, 33, 608, t1) & (2008, 1, 608, t2=t1+(0, 6)) -> (1528, 1, 1528, t3=t2+(1, 6))	2	144
(4073, 40, 1723, t1) & (1636, 97, 4073, t2=t1+(0, 7)) -> (1636, 40, 1723, t3=t2+(1, 4))	2	145
(2615, 74, 4411, t1) & (4411, 43, 3337, t2=t1+(0, 4)) -> (4411, 74, 3337, t3=t2+(1, 6))	2	146
(2321, 66, 929, t1) & (929, 187, 1100, t2=t1+(0, 8)) -> (1100, 187, 929, t3=t2+(1, 7))	2	147
(54, 36, 4419, t1) & (54, 164, 54, t2=t1+(0, 6)) -> (54, 36, 54, t3=t2+(1, 3))	2	148
(3216, 97, 2136, t1) & (3216, 116, 1643, t2=t1+(0, 8)) -> (1643, 97, 2136, t3=t2+(1, 5))	2	149
(1236, 21, 739, t1) & (2478, 137, 1236, t2=t1+(0, 3)) -> (1236, 21, 1236, t3=t2+(1, 3))	2	150
(1781, 54, 4608, t1) & (4608, 10, 4604, t2=t1+(0, 6)) -> (1781, 10, 4604, t3=t2+(1, 6))	2	151
(284, 38, 4555, t1) & (1002, 106, 4555, t2=t1+(0, 5)) -> (4555, 106, 4555, t3=t2+(1, 2))	2	152
(1211, 7, 1317, t1) & (1211, 8, 430, t2=t1+(0, 3)) -> (430, 7, 430, t3=t2+(1, 3))	2	153
(2221, 179, 4297, t1) & (4297, 5, 4297, t2=t1+(0, 5)) -> (2221, 5, 4297, t3=t2+(1, 7))	2	154
(1985, 28, 3811, t1) & (1985, 161, 2031, t2=t1+(0, 5)) -> (2031, 28, 1985, t3=t2+(1, 3))	2	155
(4779, 41, 4444, t1) & (4444, 12, 4779, t2=t1+(0, 2)) -> (4779, 12, 4779, t3=t2+(1, 6))	2	156
(4712, 29, 3608, t1) & (4712, 154, 3285, t2=t1+(0, 7)) -> (3285, 154, 3608, t3=t2+(1, 7))	2	157
(2893, 1, 1620, t1) & (2893, 72, 2893, t2=t1+(0, 7)) -> (1620, 1, 2893, t3=t2+(1, 2))	2	158
(4932, 87, 3018, t1) & (2178, 150, 4932, t2=t1+(0, 3)) -> (3018, 87, 4932, t3=t2+(1, 2))	2	159
(265, 107, 2019, t1) & (1063, 105, 2019, t2=t1+(0, 9)) -> (2019, 107, 265, t3=t2+(1, 5))	2	160
(1488, 84, 3447, t1) & (3447, 157, 3447, t2=t1+(0, 7)) -> (1488, 84, 3447, t3=t2+(1, 4))	2	161
(825, 199, 916, t1) & (1952, 64, 916, t2=t1+(0, 4)) -> (916, 199, 825, t3=t2+(1, 7))	2	162
(972, 190, 153, t1) & (1648, 25, 153, t2=t1+(0, 2)) -> (972, 190, 153, t3=t2+(1, 3))	2	163
(2742, 115, 4476, t1) & (4476, 135, 1979, t2=t1+(0, 8)) -> (1979, 115, 2742, t3=t2+(1, 4))	2	164
(868, 97, 4333, t1) & (3799, 192, 4333, t2=t1+(0, 3)) -> (4333, 97, 4333, t3=t2+(1, 1))	2	165
(3523, 181, 20, t1) & (20, 197, 3523, t2=t1+(0, 7)) -> (3523, 181, 3523, t3=t2+(1, 5))	2	166
(3042, 150, 897, t1) & (2813, 135, 3042, t2=t1+(0, 6)) -> (3042, 150, 3042, t3=t2+(1, 5))	2	167
(1207, 85, 3324, t1) & (3324, 141, 1608, t2=t1+(0, 4)) -> (3324, 141, 1207, t3=t2+(1, 4))	2	168
(4334, 94, 3566, t1) & (3566, 173, 4334, t2=t1+(0, 5)) -> (4334, 94, 4334, t3=t2+(1, 5))	2	169
(1859, 46, 1358, t1) & (1358, 27, 1358, t2=t1+(0, 5)) -> (1358, 46, 1859, t3=t2+(1, 6))	2	170
(1771, 48, 2413, t1) & (2713, 165, 1771, t2=t1+(0, 4)) -> (1771, 48, 2713, t3=t2+(1, 2))	2	171
(944, 140, 1984, t1) & (1984, 100, 1984, t2=t1+(0, 4)) -> (1984, 140, 1984, t3=t2+(1, 5))	2	172
(1164, 186, 562, t1) & (562, 63, 42, t2=t1+(0, 6)) -> (42, 186, 42, t3=t2+(1, 3))	2	173
(1793, 199, 3612, t1) & (3612, 153, 4590, t2=t1+(0, 1)) -> (4590, 199, 3612, t3=t2+(1, 6))	2	174
(1460, 136, 3643, t1) & (900, 148, 3643, t2=t1+(0, 5)) -> (3643, 148, 3643, t3=t2+(1, 8))	2	175
(4538, 38, 129, t1) & (3138, 176, 129, t2=t1+(0, 6)) -> (4538, 38, 129, t3=t2+(1, 4))	2	176
(4165, 25, 2442, t1) & (2442, 73, 2442, t2=t1+(0, 4)) -> (2442, 25, 2442, t3=t2+(1, 2))	2	177
(2537, 176, 4650, t1) & (4650, 33, 2893, t2=t1+(0, 3)) -> (4650, 33, 2893, t3=t2+(1, 1))	2	178
(750, 48, 3032, t1) & (781, 136, 750, t2=t1+(0, 3)) -> (781, 136, 3032, t3=t2+(1, 1))	2	179
(2674, 72, 2776, t1) & (2674, 173, 2674, t2=t1+(0, 7)) -> (2674, 173, 2674, t3=t2+(1, 1))	2	180
(1910, 109, 969, t1) & (1910, 93, 4715, t2=t1+(0, 6)) -> (1910, 109, 1910, t3=t2+(1, 6))	2	181
(3671, 125, 237, t1) & (3671, 66, 237, t2=t1+(0, 5)) -> (3671, 66, 3671, t3=t2+(1, 3))	2	182
(379, 152, 3521, t1) & (2555, 15, 3521, t2=t1+(0, 3)) -> (3521, 15, 3521, t3=t2+(1, 6))	2	183
(90, 167, 1869, t1) & (1869, 33, 1389, t2=t1+(0, 6)) -> (1869, 167, 1869, t3=t2+(1, 5))	2	184
(1608, 197, 2838, t1) & (1608, 53, 1608, t2=t1+(0, 2)) -> (1608, 197, 1608, t3=t2+(1, 1))	2	185
(4646, 174, 633, t1) & (4646, 176, 946, t2=t1+(0, 6)) -> (946, 174, 4646, t3=t2+(1, 3))	2	186
(3712, 83, 2146, t1) & (359, 153, 3712, t2=t1+(0, 5)) -> (3712, 83, 3712, t3=t2+(1, 6))	2	187
(4411, 197, 1343, t1) & (2286, 81, 1343, t2=t1+(0, 4)) -> (4411, 197, 2286, t3=t2+(1, 9))	2	188
(4717, 48, 708, t1) & (4717, 109, 4717, t2=t1+(0, 1)) -> (4717, 109, 4717, t3=t2+(1, 2))	2	189
(3551, 170, 974, t1) & (974, 3, 941, t2=t1+(0, 3)) -> (941, 170, 974, t3=t2+(1, 2))	2	190
(2816, 12, 3221, t1) & (2816, 150, 3939, t2=t1+(0, 4)) -> (2816, 12, 3221, t3=t2+(1, 7))	2	191
(2584, 136, 3551, t1) & (2584, 67, 3110, t2=t1+(0, 5)) -> (2584, 67, 3551, t3=t2+(1, 3))	2	192
(187, 169, 1162, t1) & (1162, 117, 187, t2=t1+(0, 7)) -> (187, 169, 187, t3=t2+(1, 3))	2	193
(1740, 99, 78, t1) & (78, 163, 3788, t2=t1+(0, 10)) -> (78, 99, 78, t3=t2+(1, 4))	2	194
(3235, 151, 1395, t1) & (1395, 132, 2871, t2=t1+(0, 5)) -> (1395, 151, 1395, t3=t2+(1, 11))	2	195
(745, 107, 3158, t1) & (745, 181, 745, t2=t1+(0, 5)) -> (3158, 181, 745, t3=t2+(1, 5))	2	196
(4622, 93, 4842, t1) & (4842, 150, 3940, t2=t1+(0, 2)) -> (4842, 150, 4842, t3=t2+(1, 5))	2	197
(1297, 185, 81, t1) & (1297, 5, 81, t2=t1+(0, 8)) -> (1297, 5, 1297, t3=t2+(1, 3))	2	198
(4336, 190, 2420, t1) & (2420, 85, 4336, t2=t1+(0, 6)) -> (2420, 85, 4336, t3=t2+(1, 10))	2	199
(577, 74, 4133, t1) -> (577, 74, 577, t2=t1+(1, 4))	1	200
(127, 102, 1022, t1) -> (127, 102, 1022, t2=t1+(1, 10))	1	201
(977, 159, 2325, t1) -> (977, 159, 2325, t2=t1+(1, 3))	1	202
(3241, 31, 571, t1) -> (3241, 31, 3241, t2=t1+(1, 7))	1	203
(1544, 197, 3404, t1) -> (1544, 197, 3404, t2=t1+(1, 5))	1	204
(4408, 176, 3911, t1) -> (3911, 176, 4408, t2=t1+(1, 4))	1	205
(4047, 17, 783, t1) -> (783, 17, 4047, t2=t1+(1, 4))	1	206
(3447, 60, 795, t1) -> (795, 60, 3447, t2=t1+(1, 4))	1	207
(3552, 0, 2127, t1) -> (2127, 0, 3552, t2=t1+(1, 3))	1	208
(3943, 193, 3939, t1) -> (3943, 193, 3939, t2=t1+(1, 5))	1	209
(2852, 176, 871, t1) -> (871, 176, 2852, t2=t1+(1, 6))	1	210
(3592, 27, 1798, t1) -> (3592, 27, 1798, t2=t1+(1, 2))	1	211
(2967, 167, 2082, t1) -> (2082, 167, 2082, t2=t1+(1, 2))	1	212
(652, 49, 2557, t1) -> (2557, 49, 652, t2=t1+(1, 6))	1	213
(4957, 17, 4978, t1) -> (4957, 17, 4957, t2=t1+(1, 5))	1	214
(2994, 70, 4063, t1) -> (2994, 70, 2994, t2=t1+(1, 7))	1	215
(167, 105, 2839, t1) -> (2839, 105, 2839, t2=t1+(1, 9))	1	216
(1077, 79, 277, t1) -> (277, 79, 1077, t2=t1+(1, 3))	1	217
(3532, 191, 1163, t1) -> (3532, 191, 3532, t2=t1+(1, 2))	1	218
(1537, 80, 419, t1) -> (419, 80, 1537, t2=t1+(1, 3))	1	219
(3689, 194, 786, t1) -> (3689, 194, 786, t2=t1+(1, 5))	1	220
(4825, 187, 834, t1) -> (4825, 187, 4825, t2=t1+(1, 5))	1	221
(2839, 158, 3430, t1) -> (3430, 158, 2839, t2=t1+(1, 9))	1	222
(1687, 22, 1545, t1) -> (1545, 22, 1687, t2=t1+(1, 9))	1	223
(4523, 148, 4021, t1) -> (4523, 148, 4021, t2=t1+(1, 4))	1	224
(3790, 26, 441, t1) -> (441, 26, 441, t2=t1+(1, 3))	1	225
(1545, 28, 5, t1) -> (5, 28, 5, t2=t1+(1, 4))	1	226
(2312, 169, 2332, t1) -> (2332, 169, 2312, t2=t1+(1, 9))	1	227
(4691, 193, 1806, t1) -> (1806, 193, 4691, t2=t1+(1, 6))	1	228
(390, 29, 2380, t1) -> (390, 29, 390, t2=t1+(1, 5))	1	229
(1033, 131, 3219, t1) -> (3219, 131, 1033, t2=t1+(1, 5))	1	230
(3957, 74, 257, t1) -> (257, 74, 257, t2=t1+(1, 6))	1	231
(4819, 80, 1982, t1) -> (4819, 80, 4819, t2=t1+(1, 4))	1	232
(2147, 95, 3831, t1) -> (3831, 95, 2147, t2=t1+(1, 4))	1	233
(2426, 34, 2972, t1) -> (2426, 34, 2972, t2=t1+(1, 3))	1	234
(858, 30, 753, t1) -> (753, 30, 753, t2=t1+(1, 9))	1	235
(2066, 148, 181, t1) -> (2066, 148, 181, t2=t1+(1, 5))	1	236
(4873, 82, 4355, t1) -> (4873, 82, 4873, t2=t1+(1, 6))	1	237
(2131, 165, 1833, t1) -> (2131, 165, 1833, t2=t1+(1, 4))	1	238
(1014, 92, 1233, t1) -> (1233, 92, 1014, t2=t1+(1, 5))	1	239
(2014, 5, 2717, t1) -> (2717, 5, 2014, t2=t1+(1, 9))	1	240
(1163, 16, 1586, t1) -> (1163, 16, 1586, t2=t1+(1, 4))	1	241
(1227, 28, 1690, t1) -> (1690, 28, 1690, t2=t1+(1, 9))	1	242
(2905, 87, 4172, t1) -> (4172, 87, 2905, t2=t1+(1, 9))	1	243
(3968, 88, 1624, t1) -> (1624, 88, 1624, t2=t1+(1, 2))	1	244
(4820, 196, 1243, t1) -> (1243, 196, 4820, t2=t1+(1, 2))	1	245
(2157, 185, 3195, t1) -> (3195, 185, 2157, t2=t1+(1, 6))	1	246
(4560, 180, 3050, t1) -> (4560, 180, 4560, t2=t1+(1, 4))	1	247
(532, 181, 3984, t1) -> (532, 181, 3984, t2=t1+(1, 1))	1	248
(763, 53, 3105, t1) -> (3105, 53, 763, t2=t1+(1, 8))	1	249
(241, 197, 973, t1) -> (973, 197, 241, t2=t1+(1, 2))	1	250
(688, 135, 4241, t1) -> (688, 135, 688, t2=t1+(1, 2))	1	251
(4012, 185, 4388, t1) -> (4012, 185, 4388, t2=t1+(1, 7))	1	252
(3848, 34, 3657, t1) -> (3657, 34, 3657, t2=t1+(1, 5))	1	253
(675, 7, 3548, t1) -> (675, 7, 675, t2=t1+(1, 7))	1	254
(3530, 23, 1482, t1) -> (1482, 23, 3530, t2=t1+(1, 6))	1	255
(4113, 15, 1333, t1) -> (4113, 15, 4113, t2=t1+(1, 3))	1	256
(1865, 45, 3180, t1) -> (1865, 45, 1865, t2=t1+(1, 3))	1	257
(4426, 7, 3263, t1) -> (4426, 7, 3263, t2=t1+(1, 1))	1	258
(1563, 139, 188, t1) -> (188, 139, 1563, t2=t1+(1, 5))	1	259
(399, 84, 2044, t1) -> (2044, 84, 399, t2=t1+(1, 6))	1	260
(4659, 5, 4194, t1) -> (4659, 5, 4659, t2=t1+(1, 6))	1	261
(687, 13, 3252, t1) -> (3252, 13, 3252, t2=t1+(1, 3))	1	262
(3200, 138, 3203, t1) -> (3200, 138, 3200, t2=t1+(1, 4))	1	263
(1111, 29, 4475, t1) -> (4475, 29, 4475, t2=t1+(1, 10))	1	264
(1745, 97, 2858, t1) -> (2858, 97, 1745, t2=t1+(1, 2))	1	265
(465, 146, 2205, t1) -> (2205, 146, 465, t2=t1+(1, 3))	1	266
(3342, 116, 2969, t1) -> (2969, 116, 2969, t2=t1+(1, 2))	1	267
(1049, 66, 3840, t1) -> (1049, 66, 3840, t2=t1+(1, 2))	1	268
(4890, 1, 3489, t1) -> (3489, 1, 4890, t2=t1+(1, 4))	1	269
(4090, 18, 4429, t1) -> (4429, 18, 4090, t2=t1+(1, 6))	1	270
(597, 11, 4245, t1) -> (597, 11, 597, t2=t1+(1, 3))	1	271
(3983, 12, 2790, t1) -> (3983, 12, 2790, t2=t1+(1, 3))	1	272
(2360, 92, 2663, t1) -> (2360, 92, 2663, t2=t1+(1, 4))	1	273
(3167, 76, 264, t1) -> (264, 76, 264, t2=t1+(1, 6))	1	274
(4948, 183, 3729, t1) -> (4948, 183, 4948, t2=t1+(1, 8))	1	275
(1461, 64, 1026, t1) -> (1461, 64, 1461, t2=t1+(1, 5))	1	276
(3502, 22, 3150, t1) -> (3502, 22, 3150, t2=t1+(1, 7))	1	277
(577, 122, 134, t1) -> (577, 122, 577, t2=t1+(1, 2))	1	278
(479, 9, 4340, t1) -> (479, 9, 4340, t2=t1+(1, 2))	1	279
(1429, 55, 2825, t1) -> (2825, 55, 1429, t2=t1+(1, 5))	1	280
(624, 152, 4212, t1) -> (624, 152, 624, t2=t1+(1, 4))	1	281
(888, 176, 2310, t1) -> (2310, 176, 2310, t2=t1+(1, 4))	1	282
(998, 133, 2601, t1) -> (2601, 133, 2601, t2=t1+(1, 2))	1	283
(4909, 184, 4921, t1) -> (4921, 184, 4921, t2=t1+(1, 7))	1	284
(361, 122, 3547, t1) -> (361, 122, 3547, t2=t1+(1, 5))	1	285
(1432, 195, 3456, t1) -> (1432, 195, 3456, t2=t1+(1, 5))	1	286
(1456, 154, 3783, t1) -> (1456, 154, 3783, t2=t1+(1, 7))	1	287
(391, 2, 4942, t1) -> (391, 2, 4942, t2=t1+(1, 6))	1	288
(3755, 62, 4143, t1) -> (3755, 62, 4143, t2=t1+(1, 4))	1	289
(2185, 2, 3592, t1) -> (2185, 2, 3592, t2=t1+(1, 5))	1	290
(3529, 26, 3251, t1) -> (3251, 26, 3529, t2=t1+(1, 3))	1	291
(3005, 31, 1335, t1) -> (1335, 31, 3005, t2=t1+(1, 2))	1	292
(1216, 81, 4514, t1) -> (4514, 81, 1216, t2=t1+(1, 8))	1	293
(497, 82, 1952, t1) -> (1952, 82, 497, t2=t1+(1, 7))	1	294
(1967, 75, 389, t1) -> (1967, 75, 1967, t2=t1+(1, 4))	1	295
(2321, 47, 3049, t1) -> (2321, 47, 3049, t2=t1+(1, 4))	1	296
(3032, 17, 3533, t1) -> (3533, 17, 3533, t2=t1+(1, 7))	1	297
(416, 155, 2033, t1) -> (2033, 155, 2033, t2=t1+(1, 3))	1	298
(2456, 123, 2290, t1) -> (2456, 123, 2456, t2=t1+(1, 4))	1	299
