(683, 16, 4272, t1) & (2252, 147, 1921, t2=t1+(0, 5)) & (2252, 167, 4272, t3=t2+(0, 2)) -> (1921, 147, 683, t4=t3+(1, 4))	3	0
(2378, 107, 4320, t1) & (4198, 131, 3399, t2=t1+(0, 7)) & (4198, 125, 2378, t3=t2+(0, 7)) -> (4198, 125, 2378, t4=t3+(1, 6))	3	1
(1747, 116, 4704, t1) & (2083, 1, 2191, t2=t1+(0, 2)) & (1747, 48, 2191, t3=t2+(0, 6)) -> (2083, 116, 1747, t4=t3+(1, 7))	3	2
(1970, 51, 4283, t1) & (4548, 70, 836, t2=t1+(0, 8)) & (1970, 89, 4548, t3=t2+(0, 12)) -> (4548, 89, 4283, t4=t3+(1, 10))	3	3
(3111, 176, 3283, t1) & (4673, 39, 3205, t2=t1+(0, 9)) & (4673, 5, 3283, t3=t2+(0, 3)) -> (3283, 5, 4673, t4=t3+(1, 4))	3	4
(2352, 137, 534, t1) & (4709, 124, 2231, t2=t1+(0, 5)) & (2352, 17, 2231, t3=t2+(0, 5)) -> (2352, 17, 2352, t4=t3+(1, 5))	3	5
(1137, 39, 37, t1) & (3669, 71, 1925, t2=t1+(0, 6)) & (1925, 74, 1137, t3=t2+(0, 6)) -> (1137, 39, 1137, t4=t3+(1, 7))	3	6
(4578, 111, 57, t1) & (2410, 45, 1701, t2=t1+(0, 2)) & (2410, 29, 57, t3=t2+(0, 3)) -> (4578, 29, 1701, t4=t3+(1, 5))	3	7
(1978, 29, 1792, t1) & (4933, 81, 3924, t2=t1+(0, 4)) & (1792, 138, 4933, t3=t2+(0, 4)) -> (1792, 29, 1978, t4=t3+(1, 5))	3	8
(2411, 161, 650, t1) & (1236, 186, 1707, t2=t1+(0, 4)) & (2411, 178, 1707, t3=t2+(0, 7)) -> (2411, 178, 1707, t4=t3+(1, 4))	3	9
(663, 21, 4733, t1) & (3217, 33, 4922, t2=t1+(0, 9)) & (663, 21, 3217, t3=t2+(0, 4)) -> (4922, 21, 4733, t4=t3+(1, 2))	3	10
(1645, 54, 877, t1) & (1477, 157, 1126, t2=t1+(0, 2)) & (1126, 61, 1645, t3=t2+(0, 3)) -> (1645, 54, 877, t4=t3+(1, 4))	3	11
(59, 61, 2652, t1) & (4163, 171, 55, t2=t1+(0, 7)) & (2652, 80, 55, t3=t2+(0, 9)) -> (59, 61, 2652, t4=t3+(1, 1))	3	12
(1297, 87, 4533, t1) & (2028, 14, 1074, t2=t1+(0, 4)) & (4533, 177, 1074, t3=t2+(0, 4)) -> (1074, 177, 1074, t4=t3+(1, 6))	3	13
(4996, 103, 3567, t1) & (3291, 148, 4853, t2=t1+(0, 7)) & (4996, 130, 3291, t3=t2+(0, 3)) -> (3291, 148, 4996, t4=t3+(1, 6))	3	14
(1856, 49, 2086, t1) & (2781, 92, 3424, t2=t1+(0, 6)) & (3424, 105, 1856, t3=t2+(0, 5)) -> (3424, 49, 2086, t4=t3+(1, 7))	3	15
(3647, 67, 4912, t1) & (838, 98, 3877, t2=t1+(0, 4)) & (3647, 139, 3877, t3=t2+(0, 2)) -> (4912, 98, 3877, t4=t3+(1, 6))	3	16
(3221, 153, 4713, t1) & (1568, 143, 3473, t2=t1+(0, 6)) & (3221, 190, 3473, t3=t2+(0, 4)) -> (3473, 153, 4713, t4=t3+(1, 8))	3	17
(3005, 158, 2339, t1) & (4074, 43, 981, t2=t1+(0, 6)) & (4074, 33, 3005, t3=t2+(0, 6)) -> (2339, 33, 3005, t4=t3+(1, 2))	3	18
(2241, 28, 4444, t1) & (3203, 148, 993, t2=t1+(0, 7)) & (4444, 50, 993, t3=t2+(0, 4)) -> (2241, 50, 4444, t4=t3+(1, 8))	3	19
(853, 110, 2536, t1) & (874, 19, 3670, t2=t1+(0, 5)) & (3670, 170, 2536, t3=t2+(0, 5)) -> (2536, 19, 3670, t4=t3+(1, 4))	3	20
(3686, 39, 348, t1) & (1074, 0, 3072, t2=t1+(0, 3)) & (348, 45, 3072, t3=t2+(0, 3)) -> (3072, 0, 3072, t4=t3+(1, 3))	3	21
(4604, 10, 3806, t1) & (3044, 1, 330, t2=t1+(0, 7)) & (3044, 175, 4604, t3=t2+(0, 3)) -> (3044, 10, 4604, t4=t3+(1, 3))	3	22
(1714, 70, 60, t1) & (567, 71, 3054, t2=t1+(0, 11)) & (1714, 157, 3054, t3=t2+(0, 5)) -> (3054, 70, 3054, t4=t3+(1, 6))	3	23
(1032, 12, 3938, t1) & (4173, 157, 3921, t2=t1+(0, 5)) & (4173, 179, 3938, t3=t2+(0, 5)) -> (4173, 179, 4173, t4=t3+(1, 8))	3	24
(1221, 114, 2806, t1) & (675, 139, 908, t2=t1+(0, 6)) & (675, 79, 2806, t3=t2+(0, 6)) -> (675, 79, 1221, t4=t3+(1, 5))	3	25
(4369, 129, 4125, t1) & (2806, 165, 1780, t2=t1+(0, 5)) & (4369, 13, 2806, t3=t2+(0, 5)) -> (4369, 165, 4369, t4=t3+(1, 4))	3	26
(596, 188, 1843, t1) & (961, 0, 2792, t2=t1+(0, 3)) & (1843, 105, 2792, t3=t2+(0, 9)) -> (1843, 105, 961, t4=t3+(1, 6))	3	27
(3245, 100, 2447, t1) & (4856, 63, 290, t2=t1+(0, 2)) & (3245, 60, 290, t3=t2+(0, 4)) -> (3245, 100, 4856, t4=t3+(1, 10))	3	28
(489, 154, 16, t1) & (2623, 157, 1454, t2=t1+(0, 2)) & (2623, 59, 16, t3=t2+(0, 4)) -> (1454, 154, 16, t4=t3+(1, 3))	3	29
(4720, 164, 4955, t1) & (157, 148, 1207, t2=t1+(0, 3)) & (1207, 55, 4955, t3=t2+(0, 9)) -> (4955, 148, 1207, t4=t3+(1, 6))	3	30
(1631, 35, 3094, t1) & (3833, 96, 3353, t2=t1+(0, 4)) & (3833, 9, 3094, t3=t2+(0, 6)) -> (3833, 96, 3094, t4=t3+(1, 4))	3	31
(2744, 22, 1780, t1) & (3141, 22, 1058, t2=t1+(0, 5)) & (1780, 153, 3141, t3=t2+(0, 1)) -> (1058, 22, 1058, t4=t3+(1, 5))	3	32
(2361, 13, 1821, t1) & (748, 76, 901, t2=t1+(0, 3)) & (1821, 76, 901, t3=t2+(0, 5)) -> (1821, 13, 901, t4=t3+(1, 2))	3	33
(1232, 8, 2173, t1) & (1814, 9, 171, t2=t1+(0, 3)) & (2173, 116, 171, t3=t2+(0, 1)) -> (2173, 9, 171, t4=t3+(1, 6))	3	34
(3103, 88, 1183, t1) & (1047, 119, 2727, t2=t1+(0, 4)) & (1183, 29, 1047, t3=t2+(0, 6)) -> (1183, 29, 1183, t4=t3+(1, 6))	3	35
(1787, 80, 2220, t1) & (3567, 95, 3083, t2=t1+(0, 7)) & (2220, 69, 3567, t3=t2+(0, 7)) -> (3083, 80, 2220, t4=t3+(1, 8))	3	36
(3467, 129, 3232, t1) & (3939, 72, 4671, t2=t1+(0, 4)) & (3232, 66, 4671, t3=t2+(0, 8)) -> (3232, 66, 3232, t4=t3+(1, 7))	3	37
(8, 185, 3800, t1) & (4815, 135, 1684, t2=t1+(0, 7)) & (8, 51, 4815, t3=t2+(0, 8)) -> (8, 51, 4815, t4=t3+(1, 7))	3	38
(4849, 106, 2456, t1) & (3388, 190, 4806, t2=t1+(0, 9)) & (2456, 128, 3388, t3=t2+(0, 5)) -> (3388, 128, 2456, t4=t3+(1, 10))	3	39
(4930, 183, 3388, t1) & (4209, 191, 1737, t2=t1+(0, 3)) & (4209, 85, 3388, t3=t2+(0, 7)) -> (3388, 183, 4930, t4=t3+(1, 3))	3	40
(3869, 102, 2227, t1) & (989, 129, 3522, t2=t1+(0, 4)) & (3522, 191, 2227, t3=t2+(0, 3)) -> (3522, 191, 989, t4=t3+(1, 9))	3	41
(3486, 147, 2884, t1) & (2125, 104, 2839, t2=t1+(0, 7)) & (2125, 50, 2884, t3=t2+(0, 3)) -> (3486, 104, 3486, t4=t3+(1, 2))	3	42
(582, 34, 3151, t1) & (2261, 90, 4088, t2=t1+(0, 4)) & (2261, 159, 582, t3=t2+(0, 5)) -> (2261, 159, 582, t4=t3+(1, 4))	3	43
(1480, 0, 922, t1) & (1233, 151, 3979, t2=t1+(0, 8)) & (922, 110, 1233, t3=t2+(0, 5)) -> (922, 151, 1233, t4=t3+(1, 4))	3	44
(1610, 91, 1802, t1) & (1835, 103, 2828, t2=t1+(0, 5)) & (2828, 2, 1802, t3=t2+(0, 4)) -> (1802, 91, 1835, t4=t3+(1, 5))	3	45
(64, 12, 4169, t1) & (4232, 67, 1667, t2=t1+(0, 7)) & (4169, 53, 4232, t3=t2+(0, 8)) -> (1667, 67, 1667, t4=t3+(1, 4))	3	46
(2526, 52, 4551, t1) & (2786, 180, 4553, t2=t1+(0, 5)) & (2526, 101, 2786, t3=t2+(0, 3)) -> (2786, 52, 2526, t4=t3+(1, 1))	3	47
(4204, 91, 1450, t1) & (1130, 184, 4577, t2=t1+(0, 4)) & (4204, 38, 1130, t3=t2+(0, 3)) -> (1450, 38, 4204, t4=t3+(1, 6))	3	48
(4220, 27, 4334, t1) & (3374, 41, 3453, t2=t1+(0, 9)) & (3374, 186, 4334, t3=t2+(0, 5)) -> (3374, 27, 3453, t4=t3+(1, 4))	3	49
(2671, 34, 4844, t1) & (2671, 54, 2671, t2=t1+(0, 8)) -> (2671, 34, 4844, t3=t2+(1, 5))	2	50
(1183, 93, 1951, t1) & (1183, 10, 1951, t2=t1+(0, 3)) -> (1183, 93, 1951, t3=t2+(1, 4))	2	51
(551, 126, 546, t1) & (4090, 128, 551, t2=t1+(0, 6)) -> (551, 128, 546, t3=t2+(1, 4))	2	52
(2661, 171, 3003, t1) & (4792, 170, 3003, t2=t1+(0, 4)) -> (3003, 171, 4792, t3=t2+(1, 7))	2	53
(4809, 6, 4364, t1) & (4809, 147, 4067, t2=t1+(0, 4)) -> (4809, 147, 4364, t3=t2+(1, 3))	2	54
(1772, 137, 1152, t1) & (1152, 25, 1152, t2=t1+(0, 2)) -> (1772, 25, 1152, t3=t2+(1, 2))	2	55
(1906, 176, 4369, t1) & (1906, 123, 1906, t2=t1+(0, 1)) -> (1906, 123, 1906, t3=t2+(1, 2))	2	56
(4222, 74, 2135, t1) & (2135, 108, 3549, t2=t1+(0, 7)) -> (4222, 74, 2135, t3=t2+(1, 4))	2	57
(979, 52, 2416, t1) & (2416, 103, 979, t2=t1+(0, 4)) -> (2416, 103, 979, t3=t2+(1, 6))	2	58
(4811, 124, 1674, t1) & (169, 31, 4811, t2=t1+(0, 6)) -> (4811, 124, 4811, t3=t2+(1, 5))	2	59
(4173, 167, 3254, t1) & (4173, 45, 4173, t2=t1+(0, 7)) -> (3254, 45, 4173, t3=t2+(1, 2))	2	60
(981, 136, 3763, t1) & (2858, 73, 3763, t2=t1+(0, 4)) -> (981, 136, 2858, t3=t2+(1, 2))	2	61
(242, 107, 3868, t1) & (2444, 56, 242, t2=t1+(0, 4)) -> (242, 56, 242, t3=t2+(1, 4))	2	62
(3798, 110, 3060, t1) & (3594, 169, 3060, t2=t1+(0, 6)) -> (3060, 110, 3060, t3=t2+(1, 4))	2	63
(2830, 131, 1362, t1) & (3666, 89, 2830, t2=t1+(0, 6)) -> (3666, 89, 1362, t3=t2+(1, 6))	2	64
(1141, 41, 1604, t1) & (1141, 28, 1141, t2=t1+(0, 4)) -> (1141, 41, 1604, t3=t2+(1, 8))	2	65
(4539, 145, 1966, t1) & (1966, 113, 1966, t2=t1+(0, 1)) -> (1966, 113, 1966, t3=t2+(1, 9))	2	66
(521, 20, 3275, t1) & (521, 174, 521, t2=t1+(0, 4)) -> (521, 20, 521, t3=t2+(1, 5))	2	67
(2035, 74, 441, t1) & (441, 53, 441, t2=t1+(0, 5)) -> (441, 74, 441, t3=t2+(1, 5))	2	68
(446, 29, 2427, t1) & (446, 53, 1131, t2=t1+(0, 4)) -> (446, 53, 1131, t3=t2+(1, 1))	2	69
(770, 177, 3959, t1) & (3959, 136, 3959, t2=t1+(0, 6)) -> (770, 136, 3959, t3=t2+(1, 2))	2	70
(3733, 59, 1381, t1) & (3733, 149, 2321, t2=t1+(0, 3)) -> (3733, 59, 2321, t3=t2+(1, 5))	2	71
(867, 20, 1245, t1) & (867, 81, 2492, t2=t1+(0, 1)) -> (1245, 81, 867, t3=t2+(1, 5))	2	72
(2676, 51, 713, t1) & (2676, 112, 1484, t2=t1+(0, 3)) -> (1484, 51, 713, t3=t2+(1, 6))	2	73
(1439, 95, 261, t1) & (1439, 103, 3351, t2=t1+(0, 3)) -> (1439, 95, 1439, t3=t2+(1, 7))	2	74
(238, 50, 2880, t1) & (238, 194, 2880, t2=t1+(0, 3)) -> (238, 50, 2880, t3=t2+(1, 5))	2	75
(2682, 173, 4803, t1) & (2490, 68, 2682, t2=t1+(0, 7)) -> (2490, 173, 2682, t3=t2+(1, 12))	2	76
(3385, 111, 798, t1) & (930, 64, 3385, t2=t1+(0, 4)) -> (798, 64, 798, t3=t2+(1, 9))	2	77
(3760, 39, 1440, t1) & (1096, 180, 1440, t2=t1+(0, 6)) -> (1440, 39, 3760, t3=t2+(1, 4))	2	78
(2516, 164, 2355, t1) & (2516, 39, 2650, t2=t1+(0, 8)) -> (2650, 164, 2516, t3=t2+(1, 6))	2	79
(736, 174, 1966, t1) & (1966, 78, 1044, t2=t1+(0, 9)) -> (1044, 174, 1966, t3=t2+(1, 6))	2	80
(1533, 138, 273, t1) & (1435, 159, 273, t2=t1+(0, 5)) -> (1435, 159, 273, t3=t2+(1, 6))	2	81
(318, 53, 4026, t1) & (4501, 6, 318, t2=t1+(0, 3)) -> (318, 6, 4501, t3=t2+(1, 7))	2	82
(1825, 5, 887, t1) & (887, 15, 765, t2=t1+(0, 6)) -> (1825, 15, 887, t3=t2+(1, 3))	2	83
(3575, 170, 2600, t1) & (3008, 112, 2600, t2=t1+(0, 6)) -> (2600, 112, 2600, t3=t2+(1, 9))	2	84
(4035, 105, 4558, t1) & (4558, 195, 4558, t2=t1+(0, 7)) -> (4035, 105, 4558, t3=t2+(1, 1))	2	85
(4116, 7, 2868, t1) & (2868, 108, 2868, t2=t1+(0, 2)) -> (2868, 108, 2868, t3=t2+(1, 4))	2	86
(2206, 62, 4373, t1) & (2587, 149, 4373, t2=t1+(0, 4)) -> (4373, 62, 2206, t3=t2+(1, 4))	2	87
(3242, 46, 462, t1) & (779, 139, 3242, t2=t1+(0, 3)) -> (3242, 46, 462, t3=t2+(1, 2))	2	88
(3231, 121, 3096, t1) & (3231, 68, 2376, t2=t1+(0, 5)) -> (2376, 68, 3231, t3=t2+(1, 6))	2	89
(1393, 96, 2216, t1) & (1226, 114, 1393, t2=t1+(0, 8)) -> (1226, 96, 1226, t3=t2+(1, 4))	2	90
(4542, 140, 1928, t1) & (2199, 66, 4542, t2=t1+(0, 6)) -> (4542, 140, 4542, t3=t2+(1, 1))	2	91
(4795, 99, 2930, t1) & (2930, 27, 2313, t2=t1+(0, 2)) -> (2930, 99, 4795, t3=t2+(1, 3))	2	92
(2269, 99, 4284, t1) & (4284, 170, 4284, t2=t1+(0, 4)) -> (4284, 99, 4284, t3=t2+(1, 5))	2	93
(1196, 99, 3206, t1) & (3206, 141, 2720, t2=t1+(0, 5)) -> (2720, 99, 3206, t3=t2+(1, 3))	2	94
(1406, 129, 2260, t1) & (2260, 149, 1406, t2=t1+(0, 3)) -> (2260, 149, 2260, t3=t2+(1, 6))	2	95
(2401, 35, 2702, t1) & (3060, 103, 2702, t2=t1+(0, 4)) -> (2702, 35, 3060, t3=t2+(1, 4))	2	96
(3784, 186, 4267, t1) & (3784, 160, 3784, t2=t1+(0, 3)) -> (4267, 186, 3784, t3=t2+(1, 9))	2	97
(646, 19, 4648, t1) & (4648, 103, 2074, t2=t1+(0, 5)) -> (4648, 19, 2074, t3=t2+(1, 4))	2	98
(4533, 127, 3430, t1) & (1884, 47, 4533, t2=t1+(0, 3)) -> (3430, 47, 3430, t3=t2+(1, 6))	2	99
(2925, 78, 1746, t1) & (1722, 98, 2925, t2=t1+(0, 2)) -> (1746, 98, 1722, t3=t2+(1, 4))	2	100
(3039, 170, 3527, t1) & (759, 98, 3039, t2=t1+(0, 3)) -> (3527, 98, 759, t3=t2+(1, 6))	2	101
(1261, 36, 1196, t1) & (1196, 34, 1139, t2=t1+(0, 6)) -> (1196, 36, 1196, t3=t2+(1, 1))	2	102
(4030, 124, 2062, t1) & (4030, 111, 2062, t2=t1+(0, 5)) -> (2062, 124, 4030, t3=t2+(1, 8))	2	103
(3777, 179, 4997, t1) & (451, 87, 3777, t2=t1+(0, 1)) -> (3777, 87, 3777, t3=t2+(1, 4))	2	104
(2416, 63, 4601, t1) & (859, 113, 4601, t2=t1+(0, 6)) -> (4601, 63, 859, t3=t2+(1, 4))	2	105
(2654, 33, 3045, t1) & (2654, 184, 550, t2=t1+(0, 7)) -> (2654, 33, 550, t3=t2+(1, 3))	2	106
(726, 42, 4838, t1) & (726, 159, 711, t2=t1+(0, 8)) -> (711, 159, 4838, t3=t2+(1, 4))	2	107
(3244, 84, 1335, t1) & (3244, 184, 2957, t2=t1+(0, 7)) -> (3244, 84, 3244, t3=t2+(1, 3))	2	108
(3933, 162, 1037, t1) & (1037, 51, 238, t2=t1+(0, 3)) -> (238, 162, 1037, t3=t2+(1, 4))	2	109
(3759, 93, 1100, t1) & (1100, 26, 1100, t2=t1+(0, 7)) -> (3759, 93, 1100, t3=t2+(1, 7))	2	110
(1650, 8, 1443, t1) & (1650, 31, 1650, t2=t1+(0, 5)) -> (1650, 8, 1650, t3=t2+(1, 7))	2	111
(4717, 52, 2585, t1) & (3340, 63, 2585, t2=t1+(0, 4)) -> (2585, 52, 2585, t3=t2+(1, 2))	2	112
(3116, 173, 2890, t1) & (2890, 141, 2755, t2=t1+(0, 6)) -> (2890, 141, 2890, t3=t2+(1, 5))	2	113
(3070, 182, 4113, t1) & (3238, 43, 4113, t2=t1+(0, 4)) -> (3238, 43, 3238, t3=t2+(1, 2))	2	114
(4462, 95, 2710, t1) & (3654, 24, 4462, t2=t1+(0, 1)) -> (3654, 95, 3654, t3=t2+(1, 2))	2	115
(769, 163, 2296, t1) & (2296, 15, 4770, t2=t1+(0, 2)) -> (2296, 163, 2296, t3=t2+(1, 2))	2	116
(2180, 177, 681, t1) & (2180, 181, 2180, t2=t1+(0, 5)) -> (2180, 177, 681, t3=t2+(1, 5))	2	117
(2244, 184, 80, t1) & (2244, 40, 1412, t2=t1+(0, 13)) -> (2244, 184, 80, t3=t2+(1, 4))	2	118
(2149, 107, 2332, t1) & (2149, 82, 2149, t2=t1+(0, 5)) -> (2332, 82, 2149, t3=t2+(1, 5))	2	119
(772, 64, 3637, t1) & (772, 109, 3637, t2=t1+(0, 7)) -> (3637, 109, 3637, t3=t2+(1, 3))	2	120
(3483, 98, 3354, t1) & (3354, 51, 3354, t2=t1+(0, 3)) -> (3354, 98, 3354, t3=t2+(1, 7))	2	121
(1183, 166, 2603, t1) & (2603, 1, 2603, t2=t1+(0, 3)) -> (2603, 1, 2603, t3=t2+(1, 4))	2	122
(4968, 79, 3719, t1) & (4968, 54, 368, t2=t1+(0, 6)) -> (3719, 79, 4968, t3=t2+(1, 6))	2	123
(3759, 9, 161, t1) & (60, 181, 3759, t2=t1+(0, 5)) -> (161, 9, 3759, t3=t2+(1, 4))	2	124
(3686, 186, 1064, t1) & (1064, 159, 3686, t2=t1+(0, 3)) -> (3686, 159, 1064, t3=t2+(1, 4))	2	125
(2795, 5, 3882, t1) & (3882, 82, 2795, t2=t1+(0, 9)) -> (3882, 5, 3882, t3=t2+(1, 4))	2	126
(3338, 49, 89, t1) & (4817, 134, 89, t2=t1+(0, 4)) -> (4817, 49, 3338, t3=t2+(1, 2))	2	127
(2711, 178, 2585, t1) & (2585, 182, 155, t2=t1+(0, 3)) -> (2711, 178, 155, t3=t2+(1, 5))	2	128
(4228, 185, 972, t1) & (972, 90, 972, t2=t1+(0, 0)) -> (972, 185, 972, t3=t2+(1, 3))	2	129
(4864, 152, 2011, t1) & (2473, 61, 4864, t2=t1+(0, 9)) -> (4864, 152, 4864, t3=t2+(1, 4))	2	130
(4526, 41, 1398, t1) & (1398, 94, 170, t2=t1+(0, 9)) -> (4526, 94, 4526, t3=t2+(1, 7))	2	131
(203, 154, 2965, t1) & (2011, 134, 203, t2=t1+(0, 6)) -> (2011, 154, 203, t3=t2+(1, 7))	2	132
(4205, 62, 2981, t1) & (914, 77, 2981, t2=t1+(0, 2)) -> (914, 62, 2981, t3=t2+(1, 6))	2	133
(287, 182, 4561, t1) & (4561, 18, 191, t2=t1+(0, 2)) -> (287, 182, 191, t3=t2+(1, 6))	2	134
(1479, 4, 780, t1) & (780, 195, 780, t2=t1+(0, 6)) -> (780, 4, 780, t3=t2+(1, 7))	2	135
(828, 163, 4667, t1) & (828, 87, 828, t2=t1+(0, 4)) -> (828, 163, 828, t3=t2+(1, 7))	2	136
(3606, 20, 2578, t1) & (3527, 96, 3606, t2=t1+(0, 4)) -> (3527, 20, 2578, t3=t2+(1, 5))	2	137
(1954, 92, 1655, t1) & (4803, 131, 1954, t2=t1+(0, 7)) -> (1954, 92, 1954, t3=t2+(1, 3))	2	138
(960, 148, 2637, t1) & (83, 131, 2637, t2=t1+(0, 8)) -> (960, 148, 960, t3=t2+(1, 6))	2	139
(3376, 148, 933, t1) & (2232, 158, 3376, t2=t1+(0, 3)) -> (933, 148, 3376, t3=t2+(1, 6))	2	140
(3026, 69, 29, t1) & (29, 104, 29, t2=t1+(0, 5)) -> (29, 104, 29, t3=t2+(1, 4))	2	141
(586, 129, 3535, t1) & (2265, 178, 586, t2=t1+(0, 6)) -> (586, 178, 586, t3=t2+(1, 8))	2	142
(114, 123, 3112, t1) & (114, 30, 114, t2=t1+(0, 4)) -> (114, 123, 114, t3=t2+(1, 4))	2	143
(2183, 171, 4166, t1) & (4166, 171, 740, t2=t1+(0, 6)) -> (2183, 171, 740, t3=t2+(1, 10))	2	144
(4120, 26, 4008, t1) & (4008, 72, 41, t2=t1+(0, 5)) -> (41, 26, 4120, t3=t2+(1, 3))	2	145
(3467, 30, 4004, t1) & (1452, 167, 4004, t2=t1+(0, 5)) -> (4004, 167, 4004, t3=t2+(1, 8))	2	146
(3766, 57, 4905, t1) & (4736, 36, 3766, t2=t1+(0, 3)) -> (3766, 36, 3766, t3=t2+(1, 9))	2	147
(181, 127, 74, t1) & (181, 4, 431, t2=t1+(0, 6)) -> (431, 127, 181, t3=t2+(1, 7))	2	148
(405, 75, 3083, t1) & (3083, 79, 405, t2=t1+(0, 7)) -> (405, 75, 405, t3=t2+(1, 3))	2	149
(4547, 81, 4940, t1) -> (4940, 81, 4547, t2=t1+(1, 4))	1	150
(652, 81, 2122, t1) -> (2122, 81, 652, t2=t1+(1, 6))	1	151
(4198, 37, 1061, t1) -> (1061, 37, 1061, t2=t1+(1, 7))	1	152
(554, 139, 2244, t1) -> (554, 139, 554, t2=t1+(1, 7))	1	153
(4350, 78, 2442, t1) -> (2442, 78, 4350, t2=t1+(1, 3))	1	154
(2346, 141, 2801, t1) -> (2801, 141, 2346, t2=t1+(1, 4))	1	155
(2702, 85, 3182, t1) -> (3182, 85, 3182, t2=t1+(1, 9))	1	156
(1356, 47, 2539, t1) -> (1356, 47, 1356, t2=t1+(1, 7))	1	157
(4795, 126, 1673, t1) -> (1673, 126, 4795, t2=t1+(1, 3))	1	158
(4266, 39, 2804, t1) -> (2804, 39, 2804, t2=t1+(1, 6))	1	159
(263, 186, 2667, t1) -> (2667, 186, 2667, t2=t1+(1, 5))	1	160
(2373, 132, 720, t1) -> (2373, 132, 2373, t2=t1+(1, 4))	1	161
(3793, 94, 606, t1) -> (606, 94, 606, t2=t1+(1, 6))	1	162
(3267, 195, 2822, t1) -> (2822, 195, 3267, t2=t1+(1, 8))	1	163
(838, 5, 3926, t1) -> (3926, 5, 3926, t2=t1+(1, 6))	1	164
(2712, 106, 3875, t1) -> (2712, 106, 3875, t2=t1+(1, 3))	1	165
(4202, 55, 1399, t1) -> (1399, 55, 1399, t2=t1+(1, 2))	1	166
(1250, 124, 1886, t1) -> (1886, 124, 1250, t2=t1+(1, 4))	1	167
(2658, 84, 2859, t1) -> (2859, 84, 2658, t2=t1+(1, 4))	1	168
(262, 167, 2935, t1) -> (262, 167, 262, t2=t1+(1, 3))	1	169
(784, 81, 4320, t1) -> (784, 81, 784, t2=t1+(1, 6))	1	170
(4563, 144, 4651, t1) -> (4651, 144, 4563, t2=t1+(1, 5))	1	171
(3730, 19, 2794, t1) -> (2794, 19, 2794, t2=t1+(1, 8))	1	172
(3281, 67, 1102, t1) -> (1102, 67, 1102, t2=t1+(1, 2))	1	173
(613, 96, 1804, t1) -> (613, 96, 1804, t2=t1+(1, 9))	1	174
(3194, 64, 565, t1) -> (565, 64, 3194, t2=t1+(1, 6))	1	175
(4393, 104, 1969, t1) -> (1969, 104, 1969, t2=t1+(1, 6))	1	176
(2860, 160, 648, t1) -> (2860, 160, 2860, t2=t1+(1, 9))	1	177
(4626, 88, 1738, t1) -> (1738, 88, 4626, t2=t1+(1, 8))	1	178
(3164, 39, 1822, t1) -> (1822, 39, 3164, t2=t1+(1, 3))	1	179
(3873, 48, 1190, t1) -> (1190, 48, 3873, t2=t1+(1, 6))	1	180
(3510, 48, 4268, t1) -> (4268, 48, 3510, t2=t1+(1, 8))	1	181
(4784, 54, 884, t1) -> (4784, 54, 884, t2=t1+(1, 4))	1	182
(2055, 57, 1418, t1) -> (2055, 57, 2055, t2=t1+(1, 6))	1	183
(4433, 3, 1351, t1) -> (1351, 3, 1351, t2=t1+(1, 3))	1	184
(4470, 5, 1513, t1) -> (4470, 5, 4470, t2=t1+(1, 2))	1	185
(101, 127, 4018, t1) -> (4018, 127, 4018, t2=t1+(1, 4))	1	186
(3836, 187, 4775, t1) -> (4775, 187, 3836, t2=t1+(1, 6))	1	187
(2199, 166, 4868, t1) -> (4868, 166, 2199, t2=t1+(1, 7))	1	188
(1974, 28, 4131, t1) -> (1974, 28, 1974, t2=t1+(1, 5))	1	189
(3573, 57, 4216, t1) -> (4216, 57, 3573, t2=t1+(1, 2))	1	190
(4314, 46, 1076, t1) -> (4314, 46, 1076, t2=t1+(1, 6))	1	191
(3224, 101, 4772, t1) -> (4772, 101, 4772, t2=t1+(1, 7))	1	192
(4456, 189, 1708, t1) -> (1708, 189, 4456, t2=t1+(1, 4))	1	193
(4320, 62, 2747, t1) -> (4320, 62, 4320, t2=t1+(1, 4))	1	194
(1200, 171, 1119, t1) -> (1200, 171, 1119, t2=t1+(1, 5))	1	195
(2556, 182, 283, t1) -> (2556, 182, 2556, t2=t1+(1, 4))	1	196
(2003, 84, 511, t1) -> (511, 84, 2003, t2=t1+(1, 5))	1	197
(1036, 106, 326, t1) -> (1036, 106, 1036, t2=t1+(1, 3))	1	198
(1677, 167, 3681, t1) -> (1677, 167, 3681, t2=t1+(1, 6))	1	199
(1143, 127, 3989, t1) -> (3989, 127, 3989, t2=t1+(1, 7))	1	200
(1873, 83, 717, t1) -> (1873, 83, 717, t2=t1+(1, 5))	1	201
(997, 118, 4188, t1) -> (4188, 118, 4188, t2=t1+(1, 8))	1	202
(1469, 107, 4622, t1) -> (4622, 107, 1469, t2=t1+(1, 2))	1	203
(1284, 87, 1277, t1) -> (1284, 87, 1284, t2=t1+(1, 5))	1	204
(3817, 153, 4822, t1) -> (3817, 153, 3817, t2=t1+(1, 6))	1	205
(1318, 78, 4257, t1) -> (4257, 78, 1318, t2=t1+(1, 7))	1	206
(31, 183, 4779, t1) -> (4779, 183, 4779, t2=t1+(1, 8))	1	207
(3299, 131, 2023, t1) -> (2023, 131, 3299, t2=t1+(1, 7))	1	208
(3728, 26, 3559, t1) -> (3559, 26, 3559, t2=t1+(1, 3))	1	209
(3658, 88, 4374, t1) -> (3658, 88, 4374, t2=t1+(1, 7))	1	210
(3759, 28, 1572, t1) -> (1572, 28, 3759, t2=t1+(1, 5))	1	211
(1826, 118, 2146, t1) -> (2146, 118, 2146, t2=t1+(1, 5))	1	212
(1397, 54, 765, t1) -> (1397, 54, 765, t2=t1+(1, 4))	1	213
(408, 189, 3979, t1) -> (3979, 189, 408, t2=t1+(1, 4))	1	214
(4621, 10, 1322, t1) -> (4621, 10, 4621, t2=t1+(1, 3))	1	215
(1290, 18, 3543, t1) -> (3543, 18, 1290, t2=t1+(1, 8))	1	216
(3074, 153, 4409, t1) -> (3074, 153, 3074, t2=t1+(1, 1))	1	217
(1316, 76, 266, t1) -> (1316, 76, 1316, t2=t1+(1, 6))	1	218
(3286, 4, 3853, t1) -> (3286, 4, 3286, t2=t1+(1, 6))	1	219
(4603, 186, 691, t1) -> (691, 186, 4603, t2=t1+(1, 8))	1	220
(1767, 132, 121, t1) -> (121, 132, 121, t2=t1+(1, 7))	1	221
(1443, 0, 3891, t1) -> (3891, 0, 3891, t2=t1+(1, 3))	1	222
(295, 149, 4132, t1) -> (4132, 149, 295, t2=t1+(1, 4))	1	223
(1098, 188, 418, t1) -> (418, 188, 1098, t2=t1+(1, 5))	1	224
(2831, 76, 2762, t1) -> (2831, 76, 2831, t2=t1+(1, 4))	1	225
(257, 135, 3603, t1) -> (3603, 135, 3603, t2=t1+(1, 4))	1	226
(4826, 70, 3915, t1) -> (4826, 70, 3915, t2=t1+(1, 5))	1	227
(3363, 103, 3772, t1) -> (3772, 103, 3363, t2=t1+(1, 2))	1	228
(1528, 136, 392, t1) -> (392, 136, 392, t2=t1+(1, 6))	1	229
(492, 172, 3786, t1) -> (3786, 172, 3786, t2=t1+(1, 4))	1	230
(2079, 116, 4629, t1) -> (4629, 116, 2079, t2=t1+(1, 4))	1	231
(3421, 112, 2890, t1) -> (2890, 112, 2890, t2=t1+(1, 10))	1	232
(3995, 172, 574, t1) -> (3995, 172, 3995, t2=t1+(1, 6))	1	233
(922, 158, 1168, t1) -> (1168, 158, 922, t2=t1+(1, 4))	1	234
(3617, 102, 1960, t1) -> (3617, 102, 1960, t2=t1+(1, 7))	1	235
(3126, 96, 256, t1) -> (256, 96, 3126, t2=t1+(1, 6))	1	236
(4780, 81, 2775, t1) -> (4780, 81, 2775, t2=t1+(1, 1))	1	237
(4926, 21, 2304, t1) -> (2304, 21, 4926, t2=t1+(1, 5))	1	238
(4585, 181, 715, t1) -> (4585, 181, 4585, t2=t1+(1, 6))	1	239
(4471, 165, 2832, t1) -> (2832, 165, 4471, t2=t1+(1, 5))	1	240
(1325, 0, 4489, t1) -> (1325, 0, 4489, t2=t1+(1, 13))	1	241
(4790, 183, 3438, t1) -> (3438, 183, 4790, t2=t1+(1, 5))	1	242
(3303, 161, 1119, t1) -> (3303, 161, 1119, t2=t1+(1, 6))	1	243
(1311, 6, 1264, t1) -> (1311, 6, 1311, t2=t1+(1, 7))	1	244
(3477, 16, 411, t1) -> (3477, 16, 411, t2=t1+(1, 4))	1	245
(434, 37, 414, t1) -> (434, 37, 434, t2=t1+(1, 5))	1	246
(449, 64, 1700, t1) -> (449, 64, 1700, t2=t1+(1, 5))	1	247
(31, 32, 1090, t1) -> (31, 32, 31, t2=t1+(1, 7))	1	248
(1555, 120, 3655, t1) -> (3655, 120, 1555, t2=t1+(1, 6))	1	249
(203, 41, 2101, t1) -> (2101, 41, 203, t2=t1+(1, 3))	1	250
(1891, 22, 4549, t1) -> (4549, 22, 1891, t2=t1+(1, 4))	1	251
(4730, 43, 580, t1) -> (580, 43, 4730, t2=t1+(1, 3))	1	252
(1463, 47, 2777, t1) -> (2777, 47, 1463, t2=t1+(1, 4))	1	253
(2229, 53, 3398, t1) -> (2229, 53, 2229, t2=t1+(1, 2))	1	254
(4266, 24, 4166, t1) -> (4266, 24, 4266, t2=t1+(1, 5))	1	255
(4668, 85, 3165, t1) -> (3165, 85, 4668, t2=t1+(1, 2))	1	256
(2402, 123, 3321, t1) -> (3321, 123, 3321, t2=t1+(1, 2))	1	257
(362, 193, 29, t1) -> (362, 193, 362, t2=t1+(1, 6))	1	258
(1643, 49, 24, t1) -> (24, 49, 1643, t2=t1+(1, 4))	1	259
(4718, 39, 3257, t1) -> (4718, 39, 4718, t2=t1+(1, 5))	1	260
(1071, 23, 2671, t1) -> (2671, 23, 1071, t2=t1+(1, 7))	1	261
(1408, 81, 3531, t1) -> (1408, 81, 1408, t2=t1+(1, 7))	1	262
(2638, 131, 2887, t1) -> (2887, 131, 2638, t2=t1+(1, 5))	1	263
(4537, 28, 4076, t1) -> (4537, 28, 4076, t2=t1+(1, 4))	1	264
(2299, 121, 2130, t1) -> (2299, 121, 2299, t2=t1+(1, 7))	1	265
(3974, 64, 2802, t1) -> (3974, 64, 3974, t2=t1+(1, 6))	1	266
(4892, 152, 4097, t1) -> (4097, 152, 4097, t2=t1+(1, 6))	1	267
(3806, 103, 3665, t1) -> (3806, 103, 3665, t2=t1+(1, 8))	1	268
(4793, 23, 3144, t1) -> (3144, 23, 3144, t2=t1+(1, 6))	1	269
(2662, 52, 1603, t1) -> (2662, 52, 1603, t2=t1+(1, 3))	1	270
(454, 43, 1964, t1) -> (1964, 43, 454, t2=t1+(1, 3))	1	271
(1542, 103, 1486, t1) -> (1486, 103, 1486, t2=t1+(1, 6))	1	272
(3844, 126, 1439, t1) -> (1439, 126, 3844, t2=t1+(1, 7))	1	273
(1018, 94, 2912, t1) -> (1018, 94, 1018, t2=t1+(1, 2))	1	274
(4192, 187, 4444, t1) -> (4192, 187, 4444, t2=t1+(1, 6))	1	275
(74, 156, 2344, t1) -> (2344, 156, 2344, t2=t1+(1, 3))	1	276
(1807, 94, 2854, t1) -> (2854, 94, 2854, t2=t1+(1, 5))	1	277
(4331, 65, 2304, t1) -> (4331, 65, 4331, t2=t1+(1, 3))	1	278
(4341, 140, 1694, t1) -> (4341, 140, 1694, t2=t1+(1, 6))	1	279
(2572, 99, 3834, t1) -> (2572, 99, 2572, t2=t1+(1, 5))	1	280
(4783, 139, 4847, t1) -> (4783, 139, 4783, t2=t1+(1, 2))	1	281
(1602, 192, 17, t1) -> (17, 192, 1602, t2=t1+(1, 2))	1	282
(1778, 60, 1210, t1) -> (1210, 60, 1778, t2=t1+(1, 2))	1	283
(998, 10, 627, t1) -> (998, 10, 627, t2=t1+(1, 3))	1	284
(4133, 81, 2935, t1) -> (2935, 81, 4133, t2=t1+(1, 6))	1	285
(2911, 40, 3630, t1) -> (2911, 40, 3630, t2=t1+(1, 4))	1	286
(2016, 152, 4487, t1) -> (2016, 152, 2016, t2=t1+(1, 4))	1	287
(22, 108, 3595, t1) -> (3595, 108, 3595, t2=t1+(1, 6))	1	288
(1020, 1, 1104, t1) -> (1104, 1, 1104, t2=t1+(1, 5))	1	289
(1204, 150, 2604, t1) -> (1204, 150, 2604, t2=t1+(1, 5))	1	290
(4832, 149, 3822, t1) -> (4832, 149, 3822, t2=t1+(1, 6))	1	291
(1611, 140, 733, t1) -> (733, 140, 733, t2=t1+(1, 6))	1	292
(1761, 78, 4191, t1) -> (1761, 78, 4191, t2=t1+(1, 1))	1	293
(2381, 111, 465, t1) -> (465, 111, 465, t2=t1+(1, 7))	1	294
(2725, 189, 1989, t1) -> (2725, 189, 1989, t2=t1+(1, 4))	1	295
(163, 148, 3915, t1) -> (163, 148, 3915, t2=t1+(1, 5))	1	296
(1905, 48, 239, t1) -> (239, 48, 239, t2=t1+(1, 4))	1	297
(4230, 131, 4082, t1) -> (4230, 131, 4082, t2=t1+(1, 2))	1	298
(1466, 161, 3077, t1) -> (3077, 161, 1466, t2=t1+(1, 5))	1	299
(453, 65, 2088, t1) -> (453, 65, 453, t2=t1+(1, 2))	1	300
(2512, 158, 4047, t1) -> (2512, 158, 2512, t2=t1+(1, 6))	1	301
(2012, 94, 1741, t1) -> (1741, 94, 2012, t2=t1+(1, 8))	1	302
(2922, 43, 1298, t1) -> (1298, 43, 1298, t2=t1+(1, 8))	1	303
(4876, 189, 1965, t1) -> (1965, 189, 4876, t2=t1+(1, 6))	1	304
(1577, 81, 2702, t1) -> (2702, 81, 1577, t2=t1+(1, 1))	1	305
(1587, 183, 760, t1) -> (760, 183, 760, t2=t1+(1, 5))	1	306
(384, 178, 1163, t1) -> (384, 178, 1163, t2=t1+(1, 6))	1	307
(1765, 146, 3443, t1) -> (1765, 146, 3443, t2=t1+(1, 5))	1	308
(3925, 145, 2046, t1) -> (3925, 145, 3925, t2=t1+(1, 1))	1	309
(3053, 65, 1921, t1) -> (1921, 65, 3053, t2=t1+(1, 7))	1	310
(333, 185, 3740, t1) -> (3740, 185, 333, t2=t1+(1, 4))	1	311
(992, 100, 1831, t1) -> (992, 100, 1831, t2=t1+(1, 7))	1	312
(180, 139, 4355, t1) -> (180, 139, 4355, t2=t1+(1, 4))	1	313
(3536, 168, 435, t1) -> (3536, 168, 3536, t2=t1+(1, 11))	1	314
(3497, 69, 1965, t1) -> (1965, 69, 3497, t2=t1+(1, 10))	1	315
(4698, 59, 3241, t1) -> (4698, 59, 3241, t2=t1+(1, 5))	1	316
(712, 18, 1218, t1) -> (1218, 18, 1218, t2=t1+(1, 10))	1	317
(4962, 151, 4807, t1) -> (4807, 151, 4807, t2=t1+(1, 3))	1	318
(3810, 55, 4263, t1) -> (3810, 55, 4263, t2=t1+(1, 7))	1	319
(1960, 87, 4692, t1) -> (1960, 87, 4692, t2=t1+(1, 10))	1	320
(2462, 179, 4118, t1) -> (4118, 179, 2462, t2=t1+(1, 5))	1	321
(183, 41, 1434, t1) -> (1434, 41, 1434, t2=t1+(1, 5))	1	322
(410, 70, 631, t1) -> (410, 70, 631, t2=t1+(1, 9))	1	323
(2141, 44, 2424, t1) -> (2424, 44, 2141, t2=t1+(1, 6))	1	324
(64, 167, 3943, t1) -> (3943, 167, 3943, t2=t1+(1, 2))	1	325
(4500, 89, 3098, t1) -> (3098, 89, 3098, t2=t1+(1, 2))	1	326
(1030, 74, 2582, t1) -> (1030, 74, 2582, t2=t1+(1, 3))	1	327
(4884, 13, 151, t1) -> (4884, 13, 4884, t2=t1+(1, 8))	1	328
(106, 23, 3596, t1) -> (106, 23, 3596, t2=t1+(1, 7))	1	329
(4239, 117, 1621, t1) -> (1621, 117, 1621, t2=t1+(1, 4))	1	330
(3817, 78, 4193, t1) -> (3817, 78, 4193, t2=t1+(1, 7))	1	331
(369, 119, 1838, t1) -> (1838, 119, 369, t2=t1+(1, 9))	1	332
(4667, 27, 4928, t1) -> (4667, 27, 4667, t2=t1+(1, 3))	1	333
(2748, 51, 3523, t1) -> (2748, 51, 2748, t2=t1+(1, 5))	1	334
(3723, 8, 2735, t1) -> (3723, 8, 3723, t2=t1+(1, 2))	1	335
(2402, 147, 3839, t1) -> (2402, 147, 3839, t2=t1+(1, 4))	1	336
(3850, 60, 2044, t1) -> (3850, 60, 3850, t2=t1+(1, 12))	1	337
(99, 4, 3406, t1) -> (3406, 4, 99, t2=t1+(1, 6))	1	338
(4886, 48, 604, t1) -> (4886, 48, 604, t2=t1+(1, 3))	1	339
(4601, 185, 587, t1) -> (587, 185, 4601, t2=t1+(1, 3))	1	340
(1974, 108, 4611, t1) -> (4611, 108, 4611, t2=t1+(1, 5))	1	341
(1362, 120, 1191, t1) -> (1362, 120, 1191, t2=t1+(1, 4))	1	342
(291, 15, 2011, t1) -> (2011, 15, 2011, t2=t1+(1, 2))	1	343
(4980, 17, 4413, t1) -> (4413, 17, 4980, t2=t1+(1, 2))	1	344
(1235, 131, 555, t1) -> (1235, 131, 555, t2=t1+(1, 6))	1	345
(4623, 121, 4080, t1) -> (4080, 121, 4080, t2=t1+(1, 8))	1	346
(4698, 70, 2101, t1) -> (2101, 70, 2101, t2=t1+(1, 7))	1	347
(143, 180, 4182, t1) -> (143, 180, 4182, t2=t1+(1, 6))	1	348
(3738, 94, 686, t1) -> (3738, 94, 3738, t2=t1+(1, 6))	1	349
