(1354, 57, 2565, t1) & (1497, 190, 3909, t2=t1+(0, 4)) & (1354, 89, 1497, t3=t2+(0, 6)) -> (1354, 89, 1497, t4=t3+(1, 4))	3	0
(4280, 57, 1059, t1) & (3579, 87, 2060, t2=t1+(0, 8)) & (3579, 189, 4280, t3=t2+(0, 6)) -> (1059, 57, 4280, t4=t3+(1, 5))	3	1
(1477, 185, 1726, t1) & (1684, 74, 1200, t2=t1+(0, 8)) & (1684, 75, 1726, t3=t2+(0, 7)) -> (1200, 185, 1726, t4=t3+(1, 6))	3	2
(3484, 178, 1766, t1) & (473, 163, 2276, t2=t1+(0, 4)) & (473, 199, 3484, t3=t2+(0, 3)) -> (2276, 163, 1766, t4=t3+(1, 2))	3	3
(284, 107, 108, t1) & (1568, 108, 1997, t2=t1+(0, 7)) & (1997, 194, 284, t3=t2+(0, 5)) -> (1568, 108, 1997, t4=t3+(1, 5))	3	4
(4115, 104, 3532, t1) & (2589, 186, 1015, t2=t1+(0, 4)) & (2589, 89, 4115, t3=t2+(0, 5)) -> (4115, 104, 4115, t4=t3+(1, 2))	3	5
(2590, 35, 4520, t1) & (898, 134, 4657, t2=t1+(0, 5)) & (898, 18, 4520, t3=t2+(0, 5)) -> (898, 35, 4520, t4=t3+(1, 9))	3	6
(4722, 72, 1234, t1) & (1853, 183, 4840, t2=t1+(0, 2)) & (4840, 13, 4722, t3=t2+(0, 7)) -> (4722, 72, 4840, t4=t3+(1, 3))	3	7
(1426, 61, 3596, t1) & (85, 184, 4671, t2=t1+(0, 5)) & (1426, 168, 4671, t3=t2+(0, 9)) -> (3596, 61, 4671, t4=t3+(1, 3))	3	8
(4485, 90, 3372, t1) & (1407, 144, 4303, t2=t1+(0, 9)) & (3372, 111, 1407, t3=t2+(0, 5)) -> (1407, 111, 4485, t4=t3+(1, 8))	3	9
(2199, 122, 2491, t1) & (1857, 37, 3103, t2=t1+(0, 7)) & (3103, 191, 2199, t3=t2+(0, 3)) -> (2199, 122, 2199, t4=t3+(1, 6))	3	10
(1989, 92, 1639, t1) & (1707, 66, 3531, t2=t1+(0, 10)) & (1989, 187, 3531, t3=t2+(0, 3)) -> (1707, 187, 1639, t4=t3+(1, 4))	3	11
(624, 88, 3696, t1) & (3374, 15, 2460, t2=t1+(0, 4)) & (3374, 16, 3696, t3=t2+(0, 5)) -> (2460, 16, 3374, t4=t3+(1, 6))	3	12
(993, 135, 92, t1) & (3334, 135, 4811, t2=t1+(0, 6)) & (92, 170, 4811, t3=t2+(0, 6)) -> (4811, 135, 4811, t4=t3+(1, 5))	3	13
(2413, 9, 4159, t1) & (3675, 15, 1420, t2=t1+(0, 4)) & (1420, 29, 2413, t3=t2+(0, 5)) -> (1420, 29, 2413, t4=t3+(1, 6))	3	14
(469, 41, 1293, t1) & (3615, 148, 4675, t2=t1+(0, 1)) & (3615, 67, 1293, t3=t2+(0, 5)) -> (4675, 41, 1293, t4=t3+(1, 4))	3	15
(4070, 52, 3645, t1) & (4320, 123, 3758, t2=t1+(0, 7)) & (3645, 112, 3758, t3=t2+(0, 5)) -> (4320, 123, 4070, t4=t3+(1, 2))	3	16
(2874, 114, 2277, t1) & (3970, 140, 2491, t2=t1+(0, 11)) & (2491, 71, 2874, t3=t2+(0, 3)) -> (2277, 114, 2874, t4=t3+(1, 7))	3	17
(2448, 87, 3720, t1) & (4228, 67, 1690, t2=t1+(0, 7)) & (1690, 130, 3720, t3=t2+(0, 2)) -> (1690, 87, 4228, t4=t3+(1, 6))	3	18
(1690, 161, 967, t1) & (3907, 131, 3224, t2=t1+(0, 6)) & (967, 107, 3907, t3=t2+(0, 8)) -> (3907, 107, 3907, t4=t3+(1, 2))	3	19
(2089, 144, 2904, t1) & (1117, 93, 4604, t2=t1+(0, 4)) & (4604, 177, 2904, t3=t2+(0, 5)) -> (2904, 93, 4604, t4=t3+(1, 7))	3	20
(2372, 11, 2740, t1) & (1527, 12, 3398, t2=t1+(0, 6)) & (2372, 31, 3398, t3=t2+(0, 9)) -> (1527, 31, 2740, t4=t3+(1, 3))	3	21
(2001, 153, 2273, t1) & (2689, 85, 3278, t2=t1+(0, 1)) & (2689, 40, 2273, t3=t2+(0, 3)) -> (2689, 153, 3278, t4=t3+(1, 3))	3	22
(1014, 148, 1504, t1) & (4210, 81, 2923, t2=t1+(0, 7)) & (1504, 99, 4210, t3=t2+(0, 5)) -> (4210, 148, 1504, t4=t3+(1, 6))	3	23
(1972, 5, 2322, t1) & (990, 77, 1118, t2=t1+(0, 4)) & (1972, 12, 1118, t3=t2+(0, 6)) -> (1972, 12, 990, t4=t3+(1, 4))	3	24
(2576, 40, 389, t1) & (2302, 18, 1524, t2=t1+(0, 4)) & (1524, 192, 389, t3=t2+(0, 3)) -> (389, 192, 1524, t4=t3+(1, 5))	3	25
(1253, 174, 497, t1) & (738, 89, 1625, t2=t1+(0, 1)) & (497, 148, 738, t3=t2+(0, 5)) -> (738, 174, 497, t4=t3+(1, 5))	3	26
(1242, 129, 1973, t1) & (2460, 154, 3604, t2=t1+(0, 3)) & (1242, 82, 3604, t3=t2+(0, 2)) -> (1242, 82, 1242, t4=t3+(1, 2))	3	27
(2053, 66, 693, t1) & (4033, 84, 4907, t2=t1+(0, 2)) & (2053, 142, 4907, t3=t2+(0, 2)) -> (4907, 66, 2053, t4=t3+(1, 4))	3	28
(3572, 31, 4974, t1) & (3205, 123, 4525, t2=t1+(0, 5)) & (4974, 65, 4525, t3=t2+(0, 1)) -> (4974, 65, 3572, t4=t3+(1, 6))	3	29
(781, 183, 172, t1) & (3044, 198, 2767, t2=t1+(0, 11)) & (2767, 173, 172, t3=t2+(0, 3)) -> (2767, 183, 781, t4=t3+(1, 4))	3	30
(3226, 6, 564, t1) & (503, 74, 3477, t2=t1+(0, 3)) & (3477, 140, 564, t3=t2+(0, 4)) -> (3477, 74, 3477, t4=t3+(1, 4))	3	31
(3886, 35, 4623, t1) & (1380, 162, 2185, t2=t1+(0, 8)) & (3886, 23, 2185, t3=t2+(0, 5)) -> (3886, 162, 2185, t4=t3+(1, 7))	3	32
(216, 24, 2454, t1) & (3708, 25, 3552, t2=t1+(0, 4)) & (2454, 133, 3708, t3=t2+(0, 7)) -> (216, 133, 3552, t4=t3+(1, 7))	3	33
(3787, 36, 1713, t1) & (814, 134, 2210, t2=t1+(0, 3)) & (2210, 20, 1713, t3=t2+(0, 3)) -> (2210, 36, 1713, t4=t3+(1, 5))	3	34
(2766, 147, 4099, t1) & (4601, 131, 2332, t2=t1+(0, 3)) & (4099, 31, 4601, t3=t2+(0, 8)) -> (4099, 147, 4601, t4=t3+(1, 8))	3	35
(3750, 153, 512, t1) & (883, 110, 2747, t2=t1+(0, 6)) & (512, 35, 2747, t3=t2+(0, 9)) -> (3750, 35, 512, t4=t3+(1, 1))	3	36
(2618, 160, 1628, t1) & (4158, 197, 3064, t2=t1+(0, 6)) & (4158, 166, 2618, t3=t2+(0, 3)) -> (2618, 166, 4158, t4=t3+(1, 1))	3	37
(1246, 131, 4333, t1) & (729, 64, 4406, t2=t1+(0, 11)) & (1246, 181, 4406, t3=t2+(0, 4)) -> (4406, 181, 729, t4=t3+(1, 2))	3	38
(2883, 172, 2693, t1) & (4338, 69, 4385, t2=t1+(0, 3)) & (2883, 33, 4385, t3=t2+(0, 9)) -> (2693, 33, 4338, t4=t3+(1, 8))	3	39
(2723, 72, 4080, t1) & (1860, 9, 2758, t2=t1+(0, 6)) & (4080, 153, 1860, t3=t2+(0, 8)) -> (2758, 72, 2723, t4=t3+(1, 5))	3	40
(1480, 82, 1628, t1) & (1433, 22, 2426, t2=t1+(0, 3)) & (1628, 124, 1433, t3=t2+(0, 7)) -> (1628, 82, 1433, t4=t3+(1, 6))	3	41
(4737, 30, 1387, t1) & (1225, 128, 4813, t2=t1+(0, 9)) & (4813, 174, 1387, t3=t2+(0, 3)) -> (1225, 174, 1387, t4=t3+(1, 1))	3	42
(3246, 30, 385, t1) & (4388, 157, 2363, t2=t1+(0, 2)) & (3246, 65, 4388, t3=t2+(0, 3)) -> (3246, 30, 4388, t4=t3+(1, 8))	3	43
(4732, 118, 4240, t1) & (3405, 13, 1557, t2=t1+(0, 7)) & (4240, 104, 3405, t3=t2+(0, 4)) -> (4732, 13, 4240, t4=t3+(1, 4))	3	44
(2142, 24, 4262, t1) & (4270, 37, 3735, t2=t1+(0, 6)) & (2142, 174, 3735, t3=t2+(0, 5)) -> (4262, 24, 3735, t4=t3+(1, 1))	3	45
(2974, 93, 4499, t1) & (1515, 42, 3549, t2=t1+(0, 6)) & (3549, 1, 4499, t3=t2+(0, 6)) -> (3549, 93, 4499, t4=t3+(1, 8))	3	46
(4010, 56, 1067, t1) & (2882, 105, 1568, t2=t1+(0, 4)) & (2882, 143, 4010, t3=t2+(0, 4)) -> (1568, 56, 4010, t4=t3+(1, 3))	3	47
(2623, 31, 655, t1) & (800, 19, 802, t2=t1+(0, 5)) & (655, 193, 802, t3=t2+(0, 10)) -> (802, 19, 655, t4=t3+(1, 3))	3	48
(1924, 166, 3264, t1) & (2967, 125, 3521, t2=t1+(0, 7)) & (1924, 111, 2967, t3=t2+(0, 3)) -> (3264, 125, 2967, t4=t3+(1, 8))	3	49
(4003, 76, 4826, t1) & (3074, 9, 2802, t2=t1+(0, 6)) & (2802, 10, 4003, t3=t2+(0, 4)) -> (2802, 76, 2802, t4=t3+(1, 5))	3	50
(1403, 146, 2773, t1) & (2719, 57, 3927, t2=t1+(0, 3)) & (2719, 148, 2773, t3=t2+(0, 7)) -> (2719, 148, 1403, t4=t3+(1, 4))	3	51
(4849, 100, 4763, t1) & (170, 76, 2485, t2=t1+(0, 1)) & (2485, 84, 4849, t3=t2+(0, 3)) -> (4849, 84, 4849, t4=t3+(1, 5))	3	52
(1231, 152, 2360, t1) & (4462, 121, 4533, t2=t1+(0, 1)) & (4462, 65, 2360, t3=t2+(0, 6)) -> (4462, 152, 2360, t4=t3+(1, 7))	3	53
(881, 139, 3060, t1) & (3470, 172, 4748, t2=t1+(0, 1)) & (3060, 33, 3470, t3=t2+(0, 7)) -> (881, 33, 4748, t4=t3+(1, 2))	3	54
(858, 169, 1043, t1) & (4553, 20, 483, t2=t1+(0, 6)) & (483, 125, 1043, t3=t2+(0, 7)) -> (4553, 125, 1043, t4=t3+(1, 6))	3	55
(1414, 108, 4352, t1) & (2497, 59, 12, t2=t1+(0, 8)) & (4352, 48, 12, t3=t2+(0, 4)) -> (4352, 48, 4352, t4=t3+(1, 3))	3	56
(1064, 31, 909, t1) & (552, 158, 2286, t2=t1+(0, 6)) & (2286, 2, 1064, t3=t2+(0, 5)) -> (552, 2, 2286, t4=t3+(1, 5))	3	57
(1679, 9, 4158, t1) & (240, 97, 871, t2=t1+(0, 4)) & (240, 43, 1679, t3=t2+(0, 3)) -> (240, 97, 240, t4=t3+(1, 4))	3	58
(3991, 47, 1415, t1) & (1427, 55, 2837, t2=t1+(0, 6)) & (3991, 148, 2837, t3=t2+(0, 8)) -> (1427, 55, 2837, t4=t3+(1, 3))	3	59
(3765, 66, 4888, t1) & (393, 2, 3364, t2=t1+(0, 3)) & (393, 28, 3765, t3=t2+(0, 2)) -> (4888, 28, 3364, t4=t3+(1, 4))	3	60
(1817, 43, 4227, t1) & (1322, 100, 1430, t2=t1+(0, 6)) & (1430, 97, 1817, t3=t2+(0, 6)) -> (1430, 97, 1817, t4=t3+(1, 5))	3	61
(3874, 107, 142, t1) & (3802, 130, 2082, t2=t1+(0, 6)) & (3802, 81, 3874, t3=t2+(0, 5)) -> (3874, 130, 3802, t4=t3+(1, 6))	3	62
(1479, 192, 2514, t1) & (2602, 128, 1179, t2=t1+(0, 1)) & (2514, 61, 1179, t3=t2+(0, 3)) -> (2514, 192, 2514, t4=t3+(1, 4))	3	63
(4593, 95, 1018, t1) & (225, 35, 3049, t2=t1+(0, 8)) & (225, 198, 1018, t3=t2+(0, 4)) -> (225, 95, 4593, t4=t3+(1, 6))	3	64
(2578, 162, 3303, t1) & (3331, 30, 1101, t2=t1+(0, 4)) & (2578, 131, 1101, t3=t2+(0, 5)) -> (1101, 30, 2578, t4=t3+(1, 7))	3	65
(1693, 28, 3784, t1) & (1428, 169, 4904, t2=t1+(0, 6)) & (4904, 148, 1693, t3=t2+(0, 3)) -> (4904, 169, 3784, t4=t3+(1, 3))	3	66
(4043, 195, 543, t1) & (4886, 192, 1748, t2=t1+(0, 5)) & (1748, 24, 543, t3=t2+(0, 5)) -> (4886, 192, 1748, t4=t3+(1, 6))	3	67
(1289, 3, 3844, t1) & (4934, 38, 4892, t2=t1+(0, 1)) & (1289, 192, 4934, t3=t2+(0, 4)) -> (3844, 38, 1289, t4=t3+(1, 6))	3	68
(4574, 180, 729, t1) & (3336, 151, 775, t2=t1+(0, 5)) & (4574, 74, 3336, t3=t2+(0, 5)) -> (4574, 151, 4574, t4=t3+(1, 9))	3	69
(4319, 32, 4161, t1) & (3369, 89, 4010, t2=t1+(0, 7)) & (4010, 105, 4319, t3=t2+(0, 5)) -> (4161, 105, 4010, t4=t3+(1, 3))	3	70
(4606, 93, 3127, t1) & (305, 35, 598, t2=t1+(0, 2)) & (305, 182, 4606, t3=t2+(0, 11)) -> (598, 35, 4606, t4=t3+(1, 6))	3	71
(3633, 188, 3754, t1) & (1696, 92, 4841, t2=t1+(0, 4)) & (4841, 153, 3754, t3=t2+(0, 9)) -> (3754, 153, 3754, t4=t3+(1, 5))	3	72
(2468, 137, 690, t1) & (3940, 91, 1628, t2=t1+(0, 7)) & (1628, 198, 2468, t3=t2+(0, 4)) -> (3940, 137, 2468, t4=t3+(1, 6))	3	73
(2781, 73, 3349, t1) & (4334, 121, 2944, t2=t1+(0, 6)) & (3349, 55, 2944, t3=t2+(0, 6)) -> (3349, 73, 2781, t4=t3+(1, 3))	3	74
(4534, 196, 4997, t1) & (4659, 151, 1247, t2=t1+(0, 2)) & (1247, 102, 4997, t3=t2+(0, 2)) -> (4997, 151, 4534, t4=t3+(1, 9))	3	75
(1493, 85, 465, t1) & (2292, 93, 4251, t2=t1+(0, 6)) & (1493, 67, 4251, t3=t2+(0, 8)) -> (465, 67, 1493, t4=t3+(1, 5))	3	76
(2049, 46, 2588, t1) & (1472, 169, 2648, t2=t1+(0, 3)) & (1472, 43, 2588, t3=t2+(0, 4)) -> (2588, 169, 2648, t4=t3+(1, 4))	3	77
(2008, 134, 424, t1) & (1613, 42, 2861, t2=t1+(0, 4)) & (2861, 94, 424, t3=t2+(0, 6)) -> (2861, 134, 2008, t4=t3+(1, 3))	3	78
(2793, 165, 4791, t1) & (1241, 182, 4550, t2=t1+(0, 6)) & (4791, 53, 4550, t3=t2+(0, 7)) -> (2793, 165, 4791, t4=t3+(1, 8))	3	79
(3745, 39, 4389, t1) & (4808, 133, 689, t2=t1+(0, 4)) & (3745, 136, 689, t3=t2+(0, 2)) -> (3745, 39, 689, t4=t3+(1, 5))	3	80
(2667, 27, 1577, t1) & (3122, 91, 1724, t2=t1+(0, 7)) & (3122, 192, 1577, t3=t2+(0, 4)) -> (3122, 91, 1724, t4=t3+(1, 13))	3	81
(784, 17, 61, t1) & (3792, 68, 2867, t2=t1+(0, 4)) & (61, 87, 3792, t3=t2+(0, 4)) -> (3792, 17, 2867, t4=t3+(1, 2))	3	82
(3270, 58, 2466, t1) & (4897, 156, 856, t2=t1+(0, 3)) & (856, 186, 2466, t3=t2+(0, 6)) -> (856, 156, 856, t4=t3+(1, 1))	3	83
(4030, 180, 4217, t1) & (621, 122, 3275, t2=t1+(0, 2)) & (621, 119, 4030, t3=t2+(0, 5)) -> (621, 180, 4030, t4=t3+(1, 5))	3	84
(16, 108, 2115, t1) & (3721, 124, 4548, t2=t1+(0, 6)) & (3721, 174, 16, t3=t2+(0, 5)) -> (2115, 124, 16, t4=t3+(1, 4))	3	85
(2632, 161, 1369, t1) & (1847, 104, 2528, t2=t1+(0, 9)) & (1847, 41, 2632, t3=t2+(0, 2)) -> (1369, 41, 2632, t4=t3+(1, 4))	3	86
(1344, 172, 3824, t1) & (3421, 71, 2723, t2=t1+(0, 1)) & (2723, 175, 3824, t3=t2+(0, 5)) -> (1344, 172, 2723, t4=t3+(1, 9))	3	87
(1560, 33, 2813, t1) & (3883, 191, 1863, t2=t1+(0, 4)) & (3883, 169, 2813, t3=t2+(0, 4)) -> (3883, 191, 3883, t4=t3+(1, 9))	3	88
(264, 184, 4513, t1) & (1110, 162, 2876, t2=t1+(0, 7)) & (264, 58, 1110, t3=t2+(0, 6)) -> (4513, 58, 264, t4=t3+(1, 6))	3	89
(1652, 190, 940, t1) & (4132, 4, 2038, t2=t1+(0, 6)) & (1652, 98, 4132, t3=t2+(0, 6)) -> (1652, 190, 940, t4=t3+(1, 3))	3	90
(2892, 24, 4123, t1) & (1537, 14, 3117, t2=t1+(0, 9)) & (2892, 181, 3117, t3=t2+(0, 8)) -> (3117, 181, 2892, t4=t3+(1, 4))	3	91
(3458, 100, 2125, t1) & (19, 128, 3385, t2=t1+(0, 6)) & (3458, 94, 3385, t3=t2+(0, 2)) -> (3458, 100, 19, t4=t3+(1, 4))	3	92
(917, 133, 453, t1) & (4657, 11, 619, t2=t1+(0, 4)) & (4657, 119, 917, t3=t2+(0, 2)) -> (4657, 119, 619, t4=t3+(1, 5))	3	93
(1303, 26, 3216, t1) & (2341, 79, 843, t2=t1+(0, 2)) & (843, 1, 3216, t3=t2+(0, 6)) -> (843, 1, 3216, t4=t3+(1, 4))	3	94
(2647, 195, 422, t1) & (1978, 102, 2144, t2=t1+(0, 6)) & (2144, 78, 2647, t3=t2+(0, 8)) -> (422, 102, 2144, t4=t3+(1, 3))	3	95
(2429, 148, 3316, t1) & (4314, 53, 398, t2=t1+(0, 7)) & (398, 21, 2429, t3=t2+(0, 8)) -> (2429, 53, 3316, t4=t3+(1, 5))	3	96
(2992, 69, 567, t1) & (3318, 102, 4973, t2=t1+(0, 7)) & (567, 22, 4973, t3=t2+(0, 4)) -> (4973, 22, 2992, t4=t3+(1, 3))	3	97
(4826, 18, 840, t1) & (3748, 1, 4721, t2=t1+(0, 7)) & (840, 43, 4721, t3=t2+(0, 3)) -> (4826, 43, 840, t4=t3+(1, 1))	3	98
(1331, 125, 3388, t1) & (4201, 103, 2651, t2=t1+(0, 5)) & (1331, 106, 4201, t3=t2+(0, 4)) -> (4201, 125, 2651, t4=t3+(1, 5))	3	99
(3581, 64, 1108, t1) & (1791, 162, 4922, t2=t1+(0, 2)) & (3581, 170, 1791, t3=t2+(0, 4)) -> (3581, 162, 1791, t4=t3+(1, 4))	3	100
(3131, 198, 3082, t1) & (2817, 150, 3700, t2=t1+(0, 11)) & (3082, 51, 2817, t3=t2+(0, 6)) -> (3082, 150, 3082, t4=t3+(1, 3))	3	101
(3170, 5, 88, t1) & (3564, 108, 2728, t2=t1+(0, 2)) & (88, 190, 3564, t3=t2+(0, 0)) -> (3170, 5, 88, t4=t3+(1, 1))	3	102
(1855, 159, 3864, t1) & (3269, 171, 4842, t2=t1+(0, 3)) & (3269, 167, 1855, t3=t2+(0, 4)) -> (3864, 167, 4842, t4=t3+(1, 7))	3	103
(4883, 31, 3531, t1) & (141, 10, 4337, t2=t1+(0, 8)) & (3531, 69, 141, t3=t2+(0, 6)) -> (141, 10, 3531, t4=t3+(1, 7))	3	104
(2049, 179, 820, t1) & (1482, 150, 1709, t2=t1+(0, 5)) & (2049, 47, 1482, t3=t2+(0, 3)) -> (1482, 179, 1709, t4=t3+(1, 6))	3	105
(505, 4, 73, t1) & (4709, 78, 11, t2=t1+(0, 3)) & (505, 105, 11, t3=t2+(0, 6)) -> (505, 105, 4709, t4=t3+(1, 3))	3	106
(3773, 39, 4450, t1) & (2725, 44, 1923, t2=t1+(0, 8)) & (4450, 60, 2725, t3=t2+(0, 9)) -> (3773, 39, 2725, t4=t3+(1, 2))	3	107
(1123, 3, 3010, t1) & (84, 179, 1961, t2=t1+(0, 5)) & (1961, 79, 3010, t3=t2+(0, 2)) -> (1961, 3, 1961, t4=t3+(1, 6))	3	108
(3050, 81, 743, t1) & (4535, 103, 2026, t2=t1+(0, 6)) & (4535, 16, 743, t3=t2+(0, 6)) -> (4535, 16, 743, t4=t3+(1, 1))	3	109
(1420, 29, 2194, t1) & (2852, 168, 4081, t2=t1+(0, 7)) & (4081, 34, 2194, t3=t2+(0, 8)) -> (2194, 168, 2852, t4=t3+(1, 5))	3	110
(4017, 193, 2660, t1) & (4557, 166, 459, t2=t1+(0, 6)) & (2660, 19, 4557, t3=t2+(0, 2)) -> (2660, 166, 4557, t4=t3+(1, 7))	3	111
(2608, 175, 4912, t1) & (513, 145, 3752, t2=t1+(0, 5)) & (513, 107, 2608, t3=t2+(0, 7)) -> (513, 107, 3752, t4=t3+(1, 5))	3	112
(1088, 168, 2676, t1) & (2754, 20, 1794, t2=t1+(0, 4)) & (2754, 122, 2676, t3=t2+(0, 2)) -> (1794, 122, 2676, t4=t3+(1, 5))	3	113
(100, 54, 1108, t1) & (4560, 148, 2205, t2=t1+(0, 7)) & (4560, 50, 1108, t3=t2+(0, 2)) -> (1108, 148, 4560, t4=t3+(1, 5))	3	114
(1755, 184, 2107, t1) & (3727, 178, 1444, t2=t1+(0, 6)) & (1444, 104, 2107, t3=t2+(0, 8)) -> (2107, 184, 3727, t4=t3+(1, 7))	3	115
(2703, 151, 1152, t1) & (488, 132, 4162, t2=t1+(0, 6)) & (2703, 55, 4162, t3=t2+(0, 2)) -> (2703, 151, 1152, t4=t3+(1, 6))	3	116
(194, 185, 1849, t1) & (3234, 85, 4972, t2=t1+(0, 4)) & (3234, 55, 1849, t3=t2+(0, 5)) -> (3234, 185, 4972, t4=t3+(1, 4))	3	117
(3065, 102, 4605, t1) & (3806, 125, 3524, t2=t1+(0, 8)) & (3524, 169, 4605, t3=t2+(0, 6)) -> (3524, 169, 3524, t4=t3+(1, 2))	3	118
(3317, 71, 4129, t1) & (3294, 126, 350, t2=t1+(0, 3)) & (4129, 66, 350, t3=t2+(0, 7)) -> (3317, 71, 350, t4=t3+(1, 5))	3	119
(2041, 68, 474, t1) & (1306, 4, 4692, t2=t1+(0, 5)) & (4692, 41, 2041, t3=t2+(0, 3)) -> (474, 41, 1306, t4=t3+(1, 4))	3	120
(428, 56, 1869, t1) & (673, 137, 2995, t2=t1+(0, 4)) & (1869, 111, 673, t3=t2+(0, 3)) -> (2995, 56, 673, t4=t3+(1, 5))	3	121
(2112, 12, 191, t1) & (4172, 91, 1355, t2=t1+(0, 2)) & (2112, 63, 4172, t3=t2+(0, 6)) -> (4172, 91, 191, t4=t3+(1, 8))	3	122
(423, 9, 3878, t1) & (4976, 15, 4321, t2=t1+(0, 8)) & (4976, 135, 3878, t3=t2+(0, 6)) -> (3878, 9, 4976, t4=t3+(1, 2))	3	123
(1277, 93, 631, t1) & (3266, 159, 810, t2=t1+(0, 6)) & (631, 22, 3266, t3=t2+(0, 4)) -> (631, 93, 631, t4=t3+(1, 7))	3	124
(820, 100, 4169, t1) & (3649, 19, 4431, t2=t1+(0, 9)) & (3649, 141, 4169, t3=t2+(0, 7)) -> (4169, 100, 4169, t4=t3+(1, 3))	3	125
(1819, 176, 4963, t1) & (2716, 35, 3352, t2=t1+(0, 5)) & (2716, 111, 1819, t3=t2+(0, 5)) -> (2716, 176, 1819, t4=t3+(1, 5))	3	126
(4978, 161, 557, t1) & (1989, 69, 3373, t2=t1+(0, 4)) & (3373, 161, 557, t3=t2+(0, 3)) -> (557, 161, 3373, t4=t3+(1, 8))	3	127
(2824, 126, 2963, t1) & (1037, 121, 1076, t2=t1+(0, 4)) & (2963, 120, 1037, t3=t2+(0, 5)) -> (1076, 120, 1076, t4=t3+(1, 8))	3	128
(940, 141, 3461, t1) & (2955, 130, 1996, t2=t1+(0, 3)) & (3461, 4, 2955, t3=t2+(0, 5)) -> (3461, 130, 3461, t4=t3+(1, 10))	3	129
(3624, 71, 1278, t1) & (1483, 102, 2799, t2=t1+(0, 7)) & (3624, 137, 2799, t3=t2+(0, 0)) -> (2799, 137, 1278, t4=t3+(1, 6))	3	130
(3149, 175, 2163, t1) & (721, 25, 1571, t2=t1+(0, 4)) & (1571, 33, 2163, t3=t2+(0, 2)) -> (2163, 33, 721, t4=t3+(1, 3))	3	131
(2679, 141, 4990, t1) & (254, 83, 4216, t2=t1+(0, 6)) & (4216, 162, 4990, t3=t2+(0, 3)) -> (4990, 141, 2679, t4=t3+(1, 9))	3	132
(835, 175, 1250, t1) & (1510, 188, 3520, t2=t1+(0, 3)) & (1250, 152, 3520, t3=t2+(0, 8)) -> (3520, 152, 835, t4=t3+(1, 3))	3	133
(1725, 131, 4724, t1) & (3652, 190, 3011, t2=t1+(0, 4)) & (3011, 102, 1725, t3=t2+(0, 3)) -> (1725, 190, 1725, t4=t3+(1, 10))	3	134
(800, 59, 4238, t1) & (2449, 81, 4613, t2=t1+(0, 7)) & (4613, 155, 4238, t3=t2+(0, 3)) -> (4238, 59, 4238, t4=t3+(1, 8))	3	135
(583, 167, 3298, t1) & (2228, 40, 928, t2=t1+(0, 6)) & (583, 0, 928, t3=t2+(0, 5)) -> (3298, 0, 583, t4=t3+(1, 9))	3	136
(283, 144, 3383, t1) & (4059, 88, 3468, t2=t1+(0, 2)) & (3383, 26, 3468, t3=t2+(0, 3)) -> (3468, 26, 3468, t4=t3+(1, 4))	3	137
(454, 143, 438, t1) & (3901, 24, 1202, t2=t1+(0, 4)) & (454, 49, 3901, t3=t2+(0, 3)) -> (3901, 143, 454, t4=t3+(1, 4))	3	138
(147, 197, 937, t1) & (119, 5, 4164, t2=t1+(0, 6)) & (937, 52, 4164, t3=t2+(0, 9)) -> (147, 52, 119, t4=t3+(1, 5))	3	139
(4876, 163, 4263, t1) & (89, 71, 3152, t2=t1+(0, 6)) & (4263, 174, 89, t3=t2+(0, 6)) -> (89, 163, 4876, t4=t3+(1, 5))	3	140
(485, 76, 4525, t1) & (1770, 160, 3332, t2=t1+(0, 7)) & (485, 112, 3332, t3=t2+(0, 2)) -> (3332, 76, 3332, t4=t3+(1, 5))	3	141
(1807, 183, 1560, t1) & (1602, 40, 2875, t2=t1+(0, 6)) & (1560, 178, 2875, t3=t2+(0, 3)) -> (1602, 183, 2875, t4=t3+(1, 1))	3	142
(3465, 27, 4352, t1) & (3977, 107, 1016, t2=t1+(0, 5)) & (1016, 10, 4352, t3=t2+(0, 6)) -> (1016, 27, 3465, t4=t3+(1, 7))	3	143
(3490, 38, 4645, t1) & (3952, 45, 3860, t2=t1+(0, 4)) & (3860, 82, 3490, t3=t2+(0, 11)) -> (3952, 45, 4645, t4=t3+(1, 5))	3	144
(2239, 194, 2710, t1) & (2651, 174, 3103, t2=t1+(0, 3)) & (2710, 102, 3103, t3=t2+(0, 1)) -> (2239, 194, 2239, t4=t3+(1, 5))	3	145
(3050, 158, 4422, t1) & (2937, 185, 329, t2=t1+(0, 5)) & (2937, 129, 4422, t3=t2+(0, 3)) -> (3050, 129, 2937, t4=t3+(1, 5))	3	146
(4963, 26, 3535, t1) & (1255, 140, 1386, t2=t1+(0, 4)) & (1386, 82, 3535, t3=t2+(0, 6)) -> (1386, 26, 1255, t4=t3+(1, 3))	3	147
(2644, 31, 483, t1) & (636, 110, 1333, t2=t1+(0, 7)) & (2644, 20, 1333, t3=t2+(0, 6)) -> (1333, 110, 2644, t4=t3+(1, 6))	3	148
(3004, 157, 3785, t1) & (149, 66, 3780, t2=t1+(0, 7)) & (3785, 155, 149, t3=t2+(0, 7)) -> (149, 66, 3780, t4=t3+(1, 8))	3	149
(1677, 158, 3526, t1) & (236, 197, 2329, t2=t1+(0, 5)) & (3526, 118, 236, t3=t2+(0, 9)) -> (1677, 158, 3526, t4=t3+(1, 6))	3	150
(702, 63, 32, t1) & (769, 99, 3291, t2=t1+(0, 3)) & (702, 67, 769, t3=t2+(0, 10)) -> (769, 67, 702, t4=t3+(1, 6))	3	151
(220, 4, 436, t1) & (878, 124, 1319, t2=t1+(0, 5)) & (1319, 53, 436, t3=t2+(0, 6)) -> (878, 4, 436, t4=t3+(1, 3))	3	152
(3890, 167, 3107, t1) & (4783, 18, 1807, t2=t1+(0, 5)) & (4783, 119, 3890, t3=t2+(0, 7)) -> (4783, 18, 4783, t4=t3+(1, 4))	3	153
(1210, 42, 1460, t1) & (4221, 139, 3716, t2=t1+(0, 10)) & (3716, 116, 1460, t3=t2+(0, 7)) -> (3716, 42, 1460, t4=t3+(1, 5))	3	154
(138, 51, 4591, t1) & (141, 138, 2144, t2=t1+(0, 5)) & (138, 23, 2144, t3=t2+(0, 7)) -> (2144, 23, 138, t4=t3+(1, 5))	3	155
(877, 125, 1812, t1) & (1084, 165, 4826, t2=t1+(0, 5)) & (1084, 13, 1812, t3=t2+(0, 10)) -> (1812, 165, 1812, t4=t3+(1, 8))	3	156
(3132, 70, 4089, t1) & (2351, 75, 3788, t2=t1+(0, 9)) & (4089, 142, 2351, t3=t2+(0, 0)) -> (3788, 70, 2351, t4=t3+(1, 3))	3	157
(917, 152, 2888, t1) & (2174, 0, 3778, t2=t1+(0, 2)) & (3778, 20, 917, t3=t2+(0, 9)) -> (2888, 0, 2174, t4=t3+(1, 5))	3	158
(2657, 187, 1176, t1) & (2624, 26, 3450, t2=t1+(0, 4)) & (3450, 58, 2657, t3=t2+(0, 4)) -> (3450, 187, 2657, t4=t3+(1, 3))	3	159
(299, 28, 2355, t1) & (1247, 27, 4200, t2=t1+(0, 5)) & (4200, 69, 299, t3=t2+(0, 6)) -> (2355, 27, 299, t4=t3+(1, 6))	3	160
(2714, 125, 389, t1) & (3053, 73, 3744, t2=t1+(0, 6)) & (3744, 199, 2714, t3=t2+(0, 4)) -> (389, 199, 3744, t4=t3+(1, 4))	3	161
(2192, 37, 307, t1) & (3181, 113, 1382, t2=t1+(0, 6)) & (3181, 164, 2192, t3=t2+(0, 7)) -> (3181, 37, 3181, t4=t3+(1, 3))	3	162
(2451, 132, 3391, t1) & (4142, 75, 4557, t2=t1+(0, 5)) & (4142, 133, 3391, t3=t2+(0, 6)) -> (2451, 132, 2451, t4=t3+(1, 3))	3	163
(4872, 199, 123, t1) & (3203, 34, 3200, t2=t1+(0, 5)) & (4872, 30, 3200, t3=t2+(0, 1)) -> (3200, 34, 3203, t4=t3+(1, 8))	3	164
(666, 147, 656, t1) & (1241, 73, 3372, t2=t1+(0, 7)) & (666, 42, 3372, t3=t2+(0, 2)) -> (3372, 147, 666, t4=t3+(1, 7))	3	165
(4703, 9, 139, t1) & (415, 112, 4231, t2=t1+(0, 1)) & (4231, 66, 139, t3=t2+(0, 2)) -> (139, 112, 415, t4=t3+(1, 3))	3	166
(2354, 51, 3569, t1) & (1398, 123, 1947, t2=t1+(0, 7)) & (3569, 144, 1398, t3=t2+(0, 2)) -> (1947, 51, 1398, t4=t3+(1, 1))	3	167
(417, 121, 1922, t1) & (2145, 0, 2041, t2=t1+(0, 5)) & (2041, 38, 1922, t3=t2+(0, 7)) -> (417, 38, 2145, t4=t3+(1, 2))	3	168
(699, 154, 2981, t1) & (4720, 96, 4503, t2=t1+(0, 2)) & (2981, 51, 4503, t3=t2+(0, 9)) -> (4503, 154, 699, t4=t3+(1, 5))	3	169
(3929, 42, 3619, t1) & (1284, 20, 2089, t2=t1+(0, 11)) & (1284, 76, 3619, t3=t2+(0, 3)) -> (1284, 42, 3619, t4=t3+(1, 7))	3	170
(877, 17, 414, t1) & (3414, 145, 3160, t2=t1+(0, 3)) & (3414, 19, 414, t3=t2+(0, 3)) -> (877, 145, 3160, t4=t3+(1, 3))	3	171
(2028, 156, 1481, t1) & (3703, 158, 4964, t2=t1+(0, 12)) & (2028, 33, 4964, t3=t2+(0, 5)) -> (2028, 33, 2028, t4=t3+(1, 8))	3	172
(4065, 120, 4560, t1) & (1905, 31, 238, t2=t1+(0, 4)) & (4065, 142, 238, t3=t2+(0, 6)) -> (238, 142, 238, t4=t3+(1, 8))	3	173
(4388, 134, 1994, t1) & (4759, 195, 1133, t2=t1+(0, 2)) & (1994, 92, 4759, t3=t2+(0, 4)) -> (1994, 195, 1133, t4=t3+(1, 6))	3	174
(155, 119, 1581, t1) & (3477, 174, 4695, t2=t1+(0, 2)) & (4695, 62, 1581, t3=t2+(0, 4)) -> (4695, 119, 4695, t4=t3+(1, 8))	3	175
(3729, 68, 219, t1) & (1026, 51, 2239, t2=t1+(0, 3)) & (219, 25, 2239, t3=t2+(0, 1)) -> (3729, 51, 2239, t4=t3+(1, 8))	3	176
(2578, 44, 4546, t1) & (1597, 26, 3753, t2=t1+(0, 4)) & (2578, 63, 1597, t3=t2+(0, 4)) -> (4546, 44, 1597, t4=t3+(1, 1))	3	177
(2117, 98, 3440, t1) & (4840, 62, 1663, t2=t1+(0, 6)) & (3440, 25, 1663, t3=t2+(0, 8)) -> (1663, 25, 4840, t4=t3+(1, 5))	3	178
(3314, 198, 3458, t1) & (2320, 13, 395, t2=t1+(0, 4)) & (3314, 91, 2320, t3=t2+(0, 9)) -> (2320, 13, 3314, t4=t3+(1, 1))	3	179
(1200, 164, 4331, t1) & (2363, 24, 3819, t2=t1+(0, 6)) & (4331, 9, 2363, t3=t2+(0, 6)) -> (2363, 164, 2363, t4=t3+(1, 4))	3	180
(1324, 196, 2173, t1) & (3157, 71, 820, t2=t1+(0, 3)) & (1324, 96, 820, t3=t2+(0, 6)) -> (2173, 96, 2173, t4=t3+(1, 5))	3	181
(2990, 128, 2296, t1) & (4432, 167, 1315, t2=t1+(0, 3)) & (2990, 128, 4432, t3=t2+(0, 7)) -> (4432, 128, 1315, t4=t3+(1, 2))	3	182
(3735, 87, 4488, t1) & (1458, 121, 3046, t2=t1+(0, 0)) & (3735, 26, 1458, t3=t2+(0, 7)) -> (3735, 87, 3735, t4=t3+(1, 4))	3	183
(3203, 55, 2370, t1) & (1286, 34, 1029, t2=t1+(0, 0)) & (1029, 154, 2370, t3=t2+(0, 5)) -> (2370, 154, 1029, t4=t3+(1, 5))	3	184
(3227, 142, 3770, t1) & (3326, 170, 1982, t2=t1+(0, 5)) & (3227, 41, 1982, t3=t2+(0, 5)) -> (1982, 41, 3227, t4=t3+(1, 5))	3	185
(3700, 160, 2368, t1) & (2061, 4, 1671, t2=t1+(0, 4)) & (2368, 175, 1671, t3=t2+(0, 5)) -> (1671, 4, 1671, t4=t3+(1, 7))	3	186
(3377, 6, 536, t1) & (2109, 89, 1771, t2=t1+(0, 7)) & (2109, 107, 3377, t3=t2+(0, 4)) -> (3377, 107, 3377, t4=t3+(1, 7))	3	187
(1315, 130, 4678, t1) & (132, 185, 1963, t2=t1+(0, 7)) & (1315, 148, 132, t3=t2+(0, 3)) -> (132, 130, 4678, t4=t3+(1, 4))	3	188
(735, 68, 2248, t1) & (3885, 144, 2218, t2=t1+(0, 2)) & (2248, 145, 2218, t3=t2+(0, 3)) -> (2218, 68, 735, t4=t3+(1, 2))	3	189
(302, 172, 4897, t1) & (2239, 95, 1525, t2=t1+(0, 10)) & (1525, 186, 302, t3=t2+(0, 5)) -> (1525, 172, 1525, t4=t3+(1, 4))	3	190
(3057, 3, 3639, t1) & (2493, 61, 771, t2=t1+(0, 5)) & (2493, 11, 3057, t3=t2+(0, 4)) -> (771, 3, 2493, t4=t3+(1, 8))	3	191
(605, 166, 1528, t1) & (1448, 35, 1225, t2=t1+(0, 3)) & (1528, 181, 1225, t3=t2+(0, 5)) -> (1225, 166, 1528, t4=t3+(1, 2))	3	192
(804, 168, 1847, t1) & (2299, 64, 1518, t2=t1+(0, 5)) & (2299, 56, 1847, t3=t2+(0, 4)) -> (1518, 64, 2299, t4=t3+(1, 4))	3	193
(4029, 120, 4675, t1) & (1669, 129, 872, t2=t1+(0, 3)) & (872, 85, 4675, t3=t2+(0, 5)) -> (4675, 120, 872, t4=t3+(1, 7))	3	194
(3788, 48, 4523, t1) & (661, 152, 2225, t2=t1+(0, 5)) & (661, 15, 3788, t3=t2+(0, 10)) -> (661, 152, 2225, t4=t3+(1, 2))	3	195
(3091, 152, 3418, t1) & (4252, 199, 792, t2=t1+(0, 9)) & (3091, 134, 4252, t3=t2+(0, 5)) -> (792, 199, 4252, t4=t3+(1, 2))	3	196
(3180, 168, 3761, t1) & (1583, 174, 1640, t2=t1+(0, 5)) & (1640, 81, 3180, t3=t2+(0, 3)) -> (3180, 168, 1583, t4=t3+(1, 5))	3	197
(2293, 107, 2991, t1) & (871, 97, 3328, t2=t1+(0, 4)) & (2293, 0, 871, t3=t2+(0, 5)) -> (3328, 0, 871, t4=t3+(1, 9))	3	198
(3229, 163, 1443, t1) & (483, 126, 300, t2=t1+(0, 5)) & (483, 179, 1443, t3=t2+(0, 9)) -> (1443, 163, 1443, t4=t3+(1, 9))	3	199
(4009, 95, 139, t1) & (2049, 9, 747, t2=t1+(0, 5)) & (139, 104, 2049, t3=t2+(0, 5)) -> (4009, 104, 139, t4=t3+(1, 5))	3	200
(4700, 115, 2456, t1) & (4251, 160, 2749, t2=t1+(0, 3)) & (4251, 71, 4700, t3=t2+(0, 2)) -> (4251, 160, 4700, t4=t3+(1, 6))	3	201
(2143, 180, 1259, t1) & (4931, 199, 3853, t2=t1+(0, 5)) & (2143, 183, 4931, t3=t2+(0, 7)) -> (1259, 180, 1259, t4=t3+(1, 11))	3	202
(4450, 7, 1149, t1) & (3857, 3, 3595, t2=t1+(0, 3)) & (1149, 90, 3595, t3=t2+(0, 4)) -> (1149, 7, 3595, t4=t3+(1, 8))	3	203
(3427, 12, 2418, t1) & (1288, 18, 4118, t2=t1+(0, 4)) & (3427, 47, 4118, t3=t2+(0, 2)) -> (1288, 47, 3427, t4=t3+(1, 3))	3	204
(1311, 151, 1094, t1) & (3251, 102, 1431, t2=t1+(0, 2)) & (1311, 173, 1431, t3=t2+(0, 5)) -> (1311, 151, 1431, t4=t3+(1, 2))	3	205
(2124, 112, 1307, t1) & (398, 34, 1344, t2=t1+(0, 6)) & (398, 48, 1307, t3=t2+(0, 6)) -> (398, 112, 1344, t4=t3+(1, 6))	3	206
(2864, 79, 4706, t1) & (3314, 14, 4018, t2=t1+(0, 8)) & (4018, 112, 4706, t3=t2+(0, 4)) -> (4018, 79, 4706, t4=t3+(1, 11))	3	207
(4061, 166, 2563, t1) & (585, 132, 4923, t2=t1+(0, 3)) & (4923, 46, 4061, t3=t2+(0, 5)) -> (4061, 46, 4061, t4=t3+(1, 2))	3	208
(4845, 44, 28, t1) & (4372, 71, 2225, t2=t1+(0, 3)) & (28, 142, 4372, t3=t2+(0, 4)) -> (4845, 142, 28, t4=t3+(1, 8))	3	209
(3507, 173, 2427, t1) & (4550, 93, 1950, t2=t1+(0, 8)) & (2427, 162, 4550, t3=t2+(0, 2)) -> (2427, 93, 4550, t4=t3+(1, 2))	3	210
(4852, 199, 243, t1) & (40, 195, 3331, t2=t1+(0, 7)) & (243, 49, 3331, t3=t2+(0, 8)) -> (243, 195, 40, t4=t3+(1, 6))	3	211
(2768, 15, 412, t1) & (1069, 120, 2850, t2=t1+(0, 6)) & (412, 37, 1069, t3=t2+(0, 2)) -> (2768, 37, 412, t4=t3+(1, 2))	3	212
(1607, 95, 2087, t1) & (3284, 64, 806, t2=t1+(0, 7)) & (1607, 45, 3284, t3=t2+(0, 5)) -> (806, 95, 3284, t4=t3+(1, 5))	3	213
(3323, 173, 478, t1) & (1715, 83, 1427, t2=t1+(0, 5)) & (1427, 180, 478, t3=t2+(0, 5)) -> (1427, 173, 3323, t4=t3+(1, 4))	3	214
(155, 133, 3030, t1) & (1861, 55, 3358, t2=t1+(0, 5)) & (155, 10, 3358, t3=t2+(0, 8)) -> (1861, 55, 3030, t4=t3+(1, 10))	3	215
(4073, 52, 1252, t1) & (1469, 175, 4473, t2=t1+(0, 3)) & (4073, 65, 4473, t3=t2+(0, 5)) -> (1469, 175, 1252, t4=t3+(1, 5))	3	216
(1071, 96, 1136, t1) & (2355, 100, 8, t2=t1+(0, 8)) & (1071, 0, 2355, t3=t2+(0, 7)) -> (1071, 0, 1071, t4=t3+(1, 3))	3	217
(262, 190, 4598, t1) & (983, 80, 905, t2=t1+(0, 2)) & (983, 150, 262, t3=t2+(0, 9)) -> (983, 80, 983, t4=t3+(1, 3))	3	218
(2278, 154, 3568, t1) & (2087, 40, 735, t2=t1+(0, 4)) & (3568, 126, 2087, t3=t2+(0, 4)) -> (2087, 154, 3568, t4=t3+(1, 6))	3	219
(3827, 142, 4880, t1) & (3518, 136, 3370, t2=t1+(0, 7)) & (3370, 23, 3827, t3=t2+(0, 6)) -> (4880, 142, 3370, t4=t3+(1, 4))	3	220
(2512, 34, 4313, t1) & (3008, 142, 907, t2=t1+(0, 6)) & (2512, 123, 907, t3=t2+(0, 9)) -> (3008, 34, 4313, t4=t3+(1, 2))	3	221
(3314, 196, 1706, t1) & (3317, 136, 2218, t2=t1+(0, 6)) & (3314, 145, 2218, t3=t2+(0, 4)) -> (3317, 136, 3317, t4=t3+(1, 3))	3	222
(2540, 16, 2934, t1) & (2260, 82, 341, t2=t1+(0, 5)) & (2934, 16, 341, t3=t2+(0, 3)) -> (2260, 16, 2934, t4=t3+(1, 3))	3	223
(4125, 51, 2017, t1) & (4194, 56, 660, t2=t1+(0, 4)) & (4125, 96, 4194, t3=t2+(0, 6)) -> (660, 51, 4125, t4=t3+(1, 9))	3	224
(4756, 194, 4756, t1) & (3188, 168, 3940, t2=t1+(0, 7)) & (3940, 162, 4756, t3=t2+(0, 6)) -> (3188, 162, 3940, t4=t3+(1, 5))	3	225
(2824, 19, 1914, t1) & (1204, 7, 292, t2=t1+(0, 3)) & (2824, 41, 1204, t3=t2+(0, 5)) -> (1204, 41, 292, t4=t3+(1, 6))	3	226
(2069, 98, 1866, t1) & (873, 194, 3580, t2=t1+(0, 4)) & (873, 182, 1866, t3=t2+(0, 4)) -> (1866, 182, 873, t4=t3+(1, 7))	3	227
(2377, 55, 4146, t1) & (4210, 107, 1564, t2=t1+(0, 6)) & (1564, 160, 2377, t3=t2+(0, 1)) -> (1564, 107, 1564, t4=t3+(1, 4))	3	228
(2236, 28, 4172, t1) & (2538, 81, 2452, t2=t1+(0, 4)) & (2538, 139, 4172, t3=t2+(0, 9)) -> (4172, 28, 2538, t4=t3+(1, 3))	3	229
(2886, 68, 2339, t1) & (476, 187, 3913, t2=t1+(0, 3)) & (476, 1, 2886, t3=t2+(0, 10)) -> (2886, 68, 2339, t4=t3+(1, 1))	3	230
(4322, 112, 4382, t1) & (1791, 23, 4234, t2=t1+(0, 5)) & (4234, 81, 4382, t3=t2+(0, 7)) -> (4234, 81, 4322, t4=t3+(1, 3))	3	231
(4139, 75, 4838, t1) & (4425, 148, 128, t2=t1+(0, 9)) & (4425, 107, 4139, t3=t2+(0, 5)) -> (4425, 75, 4425, t4=t3+(1, 2))	3	232
(2522, 191, 2433, t1) & (2073, 7, 2566, t2=t1+(0, 7)) & (2073, 117, 2433, t3=t2+(0, 5)) -> (2566, 191, 2073, t4=t3+(1, 3))	3	233
(1698, 171, 4363, t1) & (433, 186, 2160, t2=t1+(0, 5)) & (2160, 135, 4363, t3=t2+(0, 2)) -> (1698, 186, 2160, t4=t3+(1, 7))	3	234
(3951, 147, 4011, t1) & (4273, 28, 2739, t2=t1+(0, 4)) & (4273, 52, 4011, t3=t2+(0, 6)) -> (4011, 52, 3951, t4=t3+(1, 4))	3	235
(2528, 186, 1994, t1) & (3835, 68, 1184, t2=t1+(0, 6)) & (3835, 42, 2528, t3=t2+(0, 4)) -> (2528, 68, 3835, t4=t3+(1, 9))	3	236
(648, 159, 1988, t1) & (1976, 22, 447, t2=t1+(0, 4)) & (1988, 42, 447, t3=t2+(0, 6)) -> (1988, 159, 648, t4=t3+(1, 6))	3	237
(3747, 41, 4153, t1) & (1333, 75, 3929, t2=t1+(0, 9)) & (3747, 141, 1333, t3=t2+(0, 5)) -> (3747, 41, 1333, t4=t3+(1, 6))	3	238
(4033, 186, 3494, t1) & (1667, 171, 3761, t2=t1+(0, 6)) & (3494, 10, 3761, t3=t2+(0, 5)) -> (3761, 10, 4033, t4=t3+(1, 6))	3	239
(2608, 26, 3642, t1) & (4897, 10, 2037, t2=t1+(0, 3)) & (4897, 145, 3642, t3=t2+(0, 1)) -> (2608, 26, 2037, t4=t3+(1, 5))	3	240
(1989, 153, 1766, t1) & (1777, 109, 4288, t2=t1+(0, 6)) & (1766, 143, 4288, t3=t2+(0, 6)) -> (1766, 143, 1766, t4=t3+(1, 5))	3	241
(2424, 8, 351, t1) & (1085, 80, 2656, t2=t1+(0, 1)) & (1085, 167, 351, t3=t2+(0, 7)) -> (351, 80, 1085, t4=t3+(1, 10))	3	242
(4693, 115, 2701, t1) & (604, 72, 418, t2=t1+(0, 8)) & (604, 78, 2701, t3=t2+(0, 6)) -> (4693, 72, 2701, t4=t3+(1, 6))	3	243
(3807, 195, 4577, t1) & (293, 98, 2522, t2=t1+(0, 6)) & (4577, 30, 2522, t3=t2+(0, 4)) -> (4577, 195, 4577, t4=t3+(1, 4))	3	244
(1924, 59, 930, t1) & (4129, 191, 3346, t2=t1+(0, 3)) & (3346, 40, 930, t3=t2+(0, 7)) -> (3346, 59, 3346, t4=t3+(1, 5))	3	245
(4501, 91, 274, t1) & (1071, 56, 1164, t2=t1+(0, 5)) & (1164, 134, 4501, t3=t2+(0, 4)) -> (274, 56, 1164, t4=t3+(1, 2))	3	246
(1658, 190, 2876, t1) & (1534, 0, 1146, t2=t1+(0, 3)) & (2876, 48, 1146, t3=t2+(0, 7)) -> (1658, 48, 2876, t4=t3+(1, 4))	3	247
(1791, 165, 729, t1) & (2699, 160, 2794, t2=t1+(0, 3)) & (1791, 115, 2794, t3=t2+(0, 5)) -> (1791, 160, 2699, t4=t3+(1, 4))	3	248
(1286, 65, 2240, t1) & (3041, 32, 4428, t2=t1+(0, 3)) & (3041, 143, 1286, t3=t2+(0, 8)) -> (2240, 143, 3041, t4=t3+(1, 4))	3	249
(1331, 74, 1030, t1) & (1142, 163, 557, t2=t1+(0, 4)) & (1142, 96, 1030, t3=t2+(0, 5)) -> (1142, 163, 1142, t4=t3+(1, 2))	3	250
(895, 11, 3987, t1) & (2356, 124, 1974, t2=t1+(0, 3)) & (3987, 168, 1974, t3=t2+(0, 8)) -> (1974, 168, 1974, t4=t3+(1, 6))	3	251
(1820, 119, 2727, t1) & (4077, 142, 1639, t2=t1+(0, 7)) & (2727, 89, 4077, t3=t2+(0, 2)) -> (1820, 119, 2727, t4=t3+(1, 8))	3	252
(3811, 173, 2467, t1) & (639, 186, 2331, t2=t1+(0, 4)) & (3811, 159, 2331, t3=t2+(0, 4)) -> (2467, 173, 2331, t4=t3+(1, 5))	3	253
(3316, 22, 1489, t1) & (4916, 172, 1376, t2=t1+(0, 5)) & (1376, 65, 3316, t3=t2+(0, 6)) -> (3316, 22, 1376, t4=t3+(1, 12))	3	254
(4089, 163, 2948, t1) & (1313, 61, 1696, t2=t1+(0, 5)) & (1313, 152, 2948, t3=t2+(0, 2)) -> (4089, 61, 1313, t4=t3+(1, 2))	3	255
(3455, 151, 3385, t1) & (575, 65, 3625, t2=t1+(0, 4)) & (3455, 77, 575, t3=t2+(0, 3)) -> (3455, 77, 3455, t4=t3+(1, 7))	3	256
(4907, 94, 4002, t1) & (3328, 116, 2780, t2=t1+(0, 6)) & (4002, 177, 2780, t3=t2+(0, 12)) -> (2780, 94, 4002, t4=t3+(1, 5))	3	257
(661, 136, 4407, t1) & (4977, 39, 3392, t2=t1+(0, 10)) & (661, 67, 3392, t3=t2+(0, 5)) -> (4407, 39, 661, t4=t3+(1, 6))	3	258
(2311, 133, 1152, t1) & (3430, 28, 1500, t2=t1+(0, 4)) & (3430, 134, 2311, t3=t2+(0, 5)) -> (1500, 133, 1500, t4=t3+(1, 5))	3	259
(461, 107, 2907, t1) & (4787, 186, 4583, t2=t1+(0, 4)) & (4787, 19, 2907, t3=t2+(0, 5)) -> (2907, 107, 4787, t4=t3+(1, 4))	3	260
(1271, 34, 3443, t1) & (1299, 183, 1995, t2=t1+(0, 4)) & (1271, 86, 1299, t3=t2+(0, 6)) -> (1299, 34, 1271, t4=t3+(1, 4))	3	261
(2522, 74, 1284, t1) & (2788, 195, 1128, t2=t1+(0, 3)) & (2788, 179, 2522, t3=t2+(0, 5)) -> (2522, 195, 2788, t4=t3+(1, 6))	3	262
(4889, 27, 4886, t1) & (1629, 92, 258, t2=t1+(0, 4)) & (4889, 88, 258, t3=t2+(0, 9)) -> (1629, 92, 4889, t4=t3+(1, 5))	3	263
(1297, 147, 566, t1) & (3758, 21, 1633, t2=t1+(0, 3)) & (566, 100, 3758, t3=t2+(0, 5)) -> (3758, 21, 3758, t4=t3+(1, 11))	3	264
(4959, 38, 4108, t1) & (2090, 87, 297, t2=t1+(0, 4)) & (297, 143, 4108, t3=t2+(0, 7)) -> (4959, 87, 4108, t4=t3+(1, 2))	3	265
(502, 120, 4155, t1) & (3511, 138, 1620, t2=t1+(0, 6)) & (4155, 55, 1620, t3=t2+(0, 2)) -> (4155, 138, 1620, t4=t3+(1, 3))	3	266
(4656, 169, 860, t1) & (2957, 75, 135, t2=t1+(0, 6)) & (2957, 82, 860, t3=t2+(0, 5)) -> (2957, 82, 860, t4=t3+(1, 6))	3	267
(4038, 152, 705, t1) & (2319, 87, 2103, t2=t1+(0, 5)) & (2319, 7, 4038, t3=t2+(0, 6)) -> (4038, 7, 4038, t4=t3+(1, 7))	3	268
(1176, 105, 2475, t1) & (1185, 35, 4915, t2=t1+(0, 10)) & (4915, 27, 2475, t3=t2+(0, 5)) -> (4915, 35, 1185, t4=t3+(1, 4))	3	269
(2639, 192, 2782, t1) & (3579, 168, 4887, t2=t1+(0, 1)) & (3579, 189, 2639, t3=t2+(0, 4)) -> (3579, 168, 3579, t4=t3+(1, 5))	3	270
(4000, 2, 3552, t1) & (1758, 168, 3001, t2=t1+(0, 3)) & (3552, 114, 3001, t3=t2+(0, 3)) -> (3001, 114, 3001, t4=t3+(1, 5))	3	271
(3162, 183, 424, t1) & (4115, 111, 1098, t2=t1+(0, 6)) & (4115, 162, 424, t3=t2+(0, 5)) -> (4115, 162, 424, t4=t3+(1, 6))	3	272
(2381, 154, 4166, t1) & (1545, 141, 3945, t2=t1+(0, 5)) & (3945, 143, 2381, t3=t2+(0, 6)) -> (4166, 143, 1545, t4=t3+(1, 3))	3	273
(3108, 47, 2848, t1) & (373, 20, 1099, t2=t1+(0, 8)) & (1099, 100, 3108, t3=t2+(0, 3)) -> (1099, 20, 1099, t4=t3+(1, 6))	3	274
(4100, 58, 4827, t1) & (3417, 109, 2562, t2=t1+(0, 7)) & (4100, 77, 3417, t3=t2+(0, 6)) -> (3417, 77, 2562, t4=t3+(1, 7))	3	275
(1346, 35, 187, t1) & (3504, 125, 542, t2=t1+(0, 5)) & (1346, 60, 542, t3=t2+(0, 6)) -> (1346, 60, 542, t4=t3+(1, 3))	3	276
(1612, 199, 3910, t1) & (3080, 111, 3516, t2=t1+(0, 5)) & (3516, 157, 1612, t3=t2+(0, 7)) -> (3516, 157, 3910, t4=t3+(1, 8))	3	277
(735, 95, 4918, t1) & (1688, 28, 2488, t2=t1+(0, 3)) & (2488, 76, 4918, t3=t2+(0, 2)) -> (1688, 76, 735, t4=t3+(1, 6))	3	278
(2754, 15, 3559, t1) & (4158, 39, 2020, t2=t1+(0, 6)) & (2020, 102, 2754, t3=t2+(0, 2)) -> (2754, 39, 2754, t4=t3+(1, 7))	3	279
(4494, 183, 1603, t1) & (3680, 9, 1399, t2=t1+(0, 5)) & (1399, 187, 4494, t3=t2+(0, 5)) -> (1399, 187, 1399, t4=t3+(1, 3))	3	280
(655, 131, 294, t1) & (3237, 0, 3020, t2=t1+(0, 7)) & (294, 85, 3020, t3=t2+(0, 7)) -> (3020, 85, 3020, t4=t3+(1, 6))	3	281
(2005, 38, 1338, t1) & (1004, 175, 1544, t2=t1+(0, 8)) & (1338, 51, 1544, t3=t2+(0, 5)) -> (1004, 38, 1544, t4=t3+(1, 3))	3	282
(38, 80, 758, t1) & (4084, 2, 2110, t2=t1+(0, 4)) & (4084, 153, 758, t3=t2+(0, 3)) -> (38, 80, 4084, t4=t3+(1, 6))	3	283
(3658, 19, 4545, t1) & (2478, 124, 4141, t2=t1+(0, 5)) & (4141, 144, 4545, t3=t2+(0, 5)) -> (4141, 144, 3658, t4=t3+(1, 5))	3	284
(4946, 2, 4911, t1) & (838, 158, 3445, t2=t1+(0, 6)) & (4946, 81, 838, t3=t2+(0, 5)) -> (838, 2, 3445, t4=t3+(1, 4))	3	285
(3356, 21, 3883, t1) & (4445, 99, 1860, t2=t1+(0, 2)) & (1860, 24, 3356, t3=t2+(0, 9)) -> (4445, 24, 3356, t4=t3+(1, 5))	3	286
(1306, 75, 3917, t1) & (3882, 65, 1198, t2=t1+(0, 4)) & (1198, 42, 1306, t3=t2+(0, 3)) -> (3917, 42, 3917, t4=t3+(1, 6))	3	287
(649, 21, 3559, t1) & (1666, 68, 2278, t2=t1+(0, 1)) & (2278, 191, 3559, t3=t2+(0, 2)) -> (649, 21, 3559, t4=t3+(1, 6))	3	288
(3442, 68, 1536, t1) & (666, 46, 2356, t2=t1+(0, 4)) & (666, 171, 3442, t3=t2+(0, 4)) -> (3442, 68, 666, t4=t3+(1, 7))	3	289
(501, 35, 2544, t1) & (4478, 43, 3179, t2=t1+(0, 4)) & (4478, 178, 2544, t3=t2+(0, 5)) -> (4478, 178, 2544, t4=t3+(1, 1))	3	290
(4670, 90, 4440, t1) & (399, 178, 2339, t2=t1+(0, 5)) & (4670, 72, 2339, t3=t2+(0, 5)) -> (2339, 178, 2339, t4=t3+(1, 4))	3	291
(1207, 104, 4738, t1) & (3909, 24, 4197, t2=t1+(0, 6)) & (3909, 148, 4738, t3=t2+(0, 1)) -> (4738, 104, 1207, t4=t3+(1, 6))	3	292
(1359, 123, 838, t1) & (669, 15, 4586, t2=t1+(0, 4)) & (1359, 2, 4586, t3=t2+(0, 9)) -> (4586, 15, 4586, t4=t3+(1, 6))	3	293
(2765, 26, 2701, t1) & (2812, 196, 4751, t2=t1+(0, 6)) & (4751, 183, 2701, t3=t2+(0, 3)) -> (2765, 196, 4751, t4=t3+(1, 5))	3	294
(1513, 20, 4361, t1) & (1569, 181, 1080, t2=t1+(0, 3)) & (1080, 28, 4361, t3=t2+(0, 3)) -> (4361, 181, 1513, t4=t3+(1, 3))	3	295
(4395, 122, 2153, t1) & (1173, 73, 4982, t2=t1+(0, 7)) & (4982, 3, 2153, t3=t2+(0, 3)) -> (1173, 73, 4982, t4=t3+(1, 11))	3	296
(1549, 118, 3722, t1) & (3382, 12, 2676, t2=t1+(0, 3)) & (3722, 68, 3382, t3=t2+(0, 9)) -> (3382, 12, 2676, t4=t3+(1, 5))	3	297
(3167, 39, 4472, t1) & (4301, 183, 4978, t2=t1+(0, 6)) & (4978, 174, 3167, t3=t2+(0, 3)) -> (4978, 183, 4472, t4=t3+(1, 2))	3	298
(4677, 130, 2284, t1) & (868, 106, 669, t2=t1+(0, 3)) & (2284, 136, 868, t3=t2+(0, 9)) -> (868, 130, 2284, t4=t3+(1, 3))	3	299
(1147, 132, 1793, t1) & (3844, 45, 3223, t2=t1+(0, 2)) & (3844, 38, 1793, t3=t2+(0, 1)) -> (1793, 45, 1793, t4=t3+(1, 6))	3	300
(1227, 158, 2605, t1) & (463, 169, 2430, t2=t1+(0, 4)) & (2430, 39, 1227, t3=t2+(0, 4)) -> (2430, 158, 2430, t4=t3+(1, 2))	3	301
(2618, 160, 3965, t1) & (2449, 153, 3842, t2=t1+(0, 6)) & (3842, 44, 3965, t3=t2+(0, 6)) -> (2618, 153, 3842, t4=t3+(1, 3))	3	302
(3693, 159, 1916, t1) & (785, 180, 2294, t2=t1+(0, 5)) & (3693, 191, 785, t3=t2+(0, 3)) -> (1916, 191, 3693, t4=t3+(1, 3))	3	303
(388, 178, 2284, t1) & (17, 107, 2616, t2=t1+(0, 6)) & (17, 12, 2284, t3=t2+(0, 6)) -> (2284, 178, 17, t4=t3+(1, 6))	3	304
(3970, 60, 3686, t1) & (4763, 199, 1778, t2=t1+(0, 12)) & (3970, 162, 1778, t3=t2+(0, 3)) -> (3686, 60, 3970, t4=t3+(1, 9))	3	305
(8, 175, 4600, t1) & (385, 111, 569, t2=t1+(0, 7)) & (569, 75, 8, t3=t2+(0, 5)) -> (8, 75, 4600, t4=t3+(1, 7))	3	306
(2127, 152, 3126, t1) & (4326, 146, 2302, t2=t1+(0, 3)) & (2127, 60, 2302, t3=t2+(0, 7)) -> (2302, 146, 2302, t4=t3+(1, 5))	3	307
(2511, 70, 1942, t1) & (1015, 164, 680, t2=t1+(0, 4)) & (1015, 113, 1942, t3=t2+(0, 2)) -> (680, 113, 2511, t4=t3+(1, 8))	3	308
(2674, 34, 4685, t1) & (1361, 105, 3934, t2=t1+(0, 5)) & (4685, 35, 1361, t3=t2+(0, 2)) -> (4685, 105, 4685, t4=t3+(1, 7))	3	309
(2041, 69, 3642, t1) & (4241, 111, 4268, t2=t1+(0, 8)) & (4241, 119, 2041, t3=t2+(0, 4)) -> (2041, 119, 4268, t4=t3+(1, 6))	3	310
(4340, 95, 3610, t1) & (4387, 76, 4205, t2=t1+(0, 4)) & (4205, 108, 4340, t3=t2+(0, 9)) -> (3610, 95, 4340, t4=t3+(1, 7))	3	311
(1317, 87, 2032, t1) & (235, 190, 4744, t2=t1+(0, 6)) & (1317, 7, 235, t3=t2+(0, 4)) -> (2032, 190, 235, t4=t3+(1, 3))	3	312
(1110, 132, 3891, t1) & (585, 30, 1435, t2=t1+(0, 5)) & (585, 187, 3891, t3=t2+(0, 3)) -> (1110, 187, 585, t4=t3+(1, 4))	3	313
(600, 84, 65, t1) & (2195, 116, 4658, t2=t1+(0, 8)) & (4658, 53, 65, t3=t2+(0, 6)) -> (65, 84, 65, t4=t3+(1, 7))	3	314
(1598, 51, 3326, t1) & (794, 151, 4961, t2=t1+(0, 4)) & (3326, 102, 794, t3=t2+(0, 5)) -> (3326, 102, 4961, t4=t3+(1, 4))	3	315
(4592, 146, 2245, t1) & (3331, 196, 2771, t2=t1+(0, 7)) & (3331, 194, 4592, t3=t2+(0, 4)) -> (2771, 194, 4592, t4=t3+(1, 8))	3	316
(806, 37, 3603, t1) & (145, 190, 189, t2=t1+(0, 7)) & (3603, 64, 145, t3=t2+(0, 3)) -> (3603, 37, 189, t4=t3+(1, 6))	3	317
(2054, 58, 551, t1) & (688, 175, 960, t2=t1+(0, 5)) & (688, 103, 551, t3=t2+(0, 4)) -> (688, 103, 960, t4=t3+(1, 5))	3	318
(3632, 91, 229, t1) & (2878, 0, 4352, t2=t1+(0, 1)) & (3632, 47, 4352, t3=t2+(0, 5)) -> (229, 47, 3632, t4=t3+(1, 3))	3	319
(1738, 179, 841, t1) & (2618, 15, 4458, t2=t1+(0, 4)) & (2618, 17, 841, t3=t2+(0, 3)) -> (841, 17, 4458, t4=t3+(1, 4))	3	320
(706, 123, 3425, t1) & (460, 17, 4169, t2=t1+(0, 5)) & (4169, 68, 706, t3=t2+(0, 3)) -> (3425, 17, 706, t4=t3+(1, 2))	3	321
(3612, 169, 4615, t1) & (3834, 77, 4156, t2=t1+(0, 0)) & (3612, 112, 4156, t3=t2+(0, 7)) -> (4615, 112, 4615, t4=t3+(1, 2))	3	322
(4300, 133, 3459, t1) & (3220, 47, 2691, t2=t1+(0, 2)) & (3459, 111, 2691, t3=t2+(0, 2)) -> (2691, 133, 3459, t4=t3+(1, 1))	3	323
(3986, 189, 4981, t1) & (2247, 49, 3489, t2=t1+(0, 11)) & (3986, 141, 3489, t3=t2+(0, 3)) -> (4981, 189, 3986, t4=t3+(1, 3))	3	324
(2816, 91, 1606, t1) & (2451, 5, 3605, t2=t1+(0, 7)) & (2816, 35, 3605, t3=t2+(0, 4)) -> (3605, 91, 1606, t4=t3+(1, 4))	3	325
(3279, 117, 3815, t1) & (131, 34, 3983, t2=t1+(0, 9)) & (3279, 59, 3983, t3=t2+(0, 3)) -> (3983, 59, 3279, t4=t3+(1, 6))	3	326
(444, 184, 4355, t1) & (2886, 66, 4708, t2=t1+(0, 8)) & (4355, 142, 2886, t3=t2+(0, 5)) -> (2886, 184, 2886, t4=t3+(1, 3))	3	327
(3610, 42, 4179, t1) & (1220, 17, 4947, t2=t1+(0, 4)) & (4179, 58, 4947, t3=t2+(0, 8)) -> (4179, 42, 4947, t4=t3+(1, 4))	3	328
(2740, 53, 2460, t1) & (1418, 192, 1716, t2=t1+(0, 4)) & (1716, 73, 2460, t3=t2+(0, 0)) -> (1418, 73, 1716, t4=t3+(1, 9))	3	329
(606, 168, 4967, t1) & (1225, 125, 2228, t2=t1+(0, 5)) & (1225, 165, 606, t3=t2+(0, 9)) -> (606, 165, 1225, t4=t3+(1, 3))	3	330
(3851, 19, 4118, t1) & (2322, 46, 4684, t2=t1+(0, 6)) & (4684, 59, 4118, t3=t2+(0, 6)) -> (4684, 59, 2322, t4=t3+(1, 3))	3	331
(1667, 1, 1368, t1) & (4342, 47, 274, t2=t1+(0, 3)) & (274, 103, 1667, t3=t2+(0, 4)) -> (1667, 103, 1368, t4=t3+(1, 8))	3	332
(2954, 35, 140, t1) & (3, 87, 4978, t2=t1+(0, 7)) & (2954, 175, 4978, t3=t2+(0, 2)) -> (4978, 175, 4978, t4=t3+(1, 6))	3	333
(4478, 41, 2313, t1) & (277, 49, 4437, t2=t1+(0, 5)) & (4437, 84, 2313, t3=t2+(0, 3)) -> (2313, 41, 4437, t4=t3+(1, 9))	3	334
(149, 47, 1663, t1) & (3397, 39, 1054, t2=t1+(0, 3)) & (149, 74, 1054, t3=t2+(0, 5)) -> (3397, 47, 1054, t4=t3+(1, 2))	3	335
(2507, 180, 2127, t1) & (4223, 117, 2698, t2=t1+(0, 4)) & (2127, 0, 2698, t3=t2+(0, 5)) -> (2127, 180, 2698, t4=t3+(1, 7))	3	336
(3616, 88, 3189, t1) & (80, 23, 2204, t2=t1+(0, 7)) & (3189, 162, 80, t3=t2+(0, 8)) -> (3616, 23, 3189, t4=t3+(1, 7))	3	337
(4999, 143, 2924, t1) & (1421, 112, 4656, t2=t1+(0, 6)) & (4999, 93, 4656, t3=t2+(0, 2)) -> (2924, 93, 4656, t4=t3+(1, 3))	3	338
(441, 25, 3545, t1) & (4937, 83, 4737, t2=t1+(0, 5)) & (4937, 70, 441, t3=t2+(0, 3)) -> (4937, 25, 441, t4=t3+(1, 4))	3	339
(4377, 68, 1985, t1) & (95, 90, 347, t2=t1+(0, 5)) & (347, 142, 4377, t3=t2+(0, 1)) -> (347, 90, 4377, t4=t3+(1, 5))	3	340
(3798, 30, 4626, t1) & (2508, 43, 135, t2=t1+(0, 5)) & (4626, 25, 135, t3=t2+(0, 10)) -> (4626, 43, 4626, t4=t3+(1, 3))	3	341
(718, 169, 2999, t1) & (2551, 178, 1985, t2=t1+(0, 6)) & (2999, 55, 2551, t3=t2+(0, 5)) -> (718, 55, 1985, t4=t3+(1, 6))	3	342
(1920, 74, 2575, t1) & (4906, 172, 2863, t2=t1+(0, 5)) & (4906, 150, 2575, t3=t2+(0, 7)) -> (4906, 74, 2575, t4=t3+(1, 5))	3	343
(4446, 185, 866, t1) & (3826, 1, 2852, t2=t1+(0, 3)) & (866, 67, 3826, t3=t2+(0, 4)) -> (3826, 185, 2852, t4=t3+(1, 5))	3	344
(1474, 168, 372, t1) & (4523, 102, 3335, t2=t1+(0, 2)) & (1474, 57, 4523, t3=t2+(0, 3)) -> (4523, 57, 3335, t4=t3+(1, 4))	3	345
(1803, 31, 1650, t1) & (3882, 96, 3929, t2=t1+(0, 3)) & (3929, 155, 1650, t3=t2+(0, 8)) -> (3929, 31, 3929, t4=t3+(1, 9))	3	346
(1202, 109, 3033, t1) & (307, 102, 2310, t2=t1+(0, 5)) & (1202, 70, 307, t3=t2+(0, 3)) -> (2310, 70, 1202, t4=t3+(1, 4))	3	347
(856, 71, 1699, t1) & (44, 128, 3486, t2=t1+(0, 5)) & (1699, 184, 3486, t3=t2+(0, 5)) -> (3486, 71, 44, t4=t3+(1, 4))	3	348
(514, 14, 4626, t1) & (3036, 117, 1976, t2=t1+(0, 7)) & (1976, 195, 4626, t3=t2+(0, 6)) -> (514, 14, 1976, t4=t3+(1, 4))	3	349
(2423, 75, 538, t1) & (2478, 135, 2234, t2=t1+(0, 3)) & (538, 99, 2478, t3=t2+(0, 6)) -> (2478, 75, 2234, t4=t3+(1, 8))	3	350
(1550, 147, 3190, t1) & (3066, 50, 2781, t2=t1+(0, 4)) & (2781, 196, 3190, t3=t2+(0, 4)) -> (3190, 50, 2781, t4=t3+(1, 3))	3	351
(3827, 79, 3296, t1) & (1103, 110, 4282, t2=t1+(0, 8)) & (4282, 196, 3296, t3=t2+(0, 4)) -> (3296, 110, 1103, t4=t3+(1, 3))	3	352
(586, 112, 2672, t1) & (1604, 181, 2153, t2=t1+(0, 11)) & (586, 47, 2153, t3=t2+(0, 11)) -> (586, 181, 586, t4=t3+(1, 9))	3	353
(282, 3, 3729, t1) & (4861, 155, 237, t2=t1+(0, 5)) & (4861, 86, 3729, t3=t2+(0, 3)) -> (3729, 3, 4861, t4=t3+(1, 7))	3	354
(2158, 185, 3438, t1) & (2781, 72, 2879, t2=t1+(0, 5)) & (2781, 104, 2158, t3=t2+(0, 4)) -> (2879, 72, 2879, t4=t3+(1, 4))	3	355
(3121, 107, 225, t1) & (4905, 12, 4788, t2=t1+(0, 0)) & (4788, 183, 225, t3=t2+(0, 5)) -> (225, 12, 3121, t4=t3+(1, 5))	3	356
(4985, 105, 4173, t1) & (2450, 81, 3919, t2=t1+(0, 5)) & (3919, 173, 4985, t3=t2+(0, 4)) -> (2450, 105, 3919, t4=t3+(1, 7))	3	357
(3988, 21, 369, t1) & (2930, 120, 2962, t2=t1+(0, 3)) & (369, 24, 2930, t3=t2+(0, 5)) -> (2930, 120, 2962, t4=t3+(1, 5))	3	358
(575, 33, 4226, t1) & (1171, 140, 3970, t2=t1+(0, 6)) & (3970, 102, 575, t3=t2+(0, 2)) -> (3970, 102, 3970, t4=t3+(1, 6))	3	359
(348, 74, 3621, t1) & (4144, 6, 1053, t2=t1+(0, 2)) & (3621, 8, 1053, t3=t2+(0, 5)) -> (1053, 8, 348, t4=t3+(1, 3))	3	360
(3352, 82, 752, t1) & (2221, 24, 481, t2=t1+(0, 6)) & (481, 178, 3352, t3=t2+(0, 5)) -> (3352, 82, 3352, t4=t3+(1, 4))	3	361
(3423, 26, 4185, t1) & (2323, 147, 4796, t2=t1+(0, 6)) & (4185, 7, 2323, t3=t2+(0, 13)) -> (4185, 26, 4185, t4=t3+(1, 6))	3	362
(3101, 48, 3034, t1) & (1112, 6, 4741, t2=t1+(0, 4)) & (3034, 116, 4741, t3=t2+(0, 8)) -> (3101, 48, 3034, t4=t3+(1, 5))	3	363
(2226, 25, 4732, t1) & (713, 180, 3410, t2=t1+(0, 2)) & (4732, 88, 713, t3=t2+(0, 8)) -> (4732, 88, 2226, t4=t3+(1, 4))	3	364
(2681, 94, 4459, t1) & (941, 40, 1357, t2=t1+(0, 3)) & (4459, 112, 1357, t3=t2+(0, 3)) -> (2681, 94, 941, t4=t3+(1, 7))	3	365
(1712, 33, 1119, t1) & (662, 26, 3928, t2=t1+(0, 6)) & (3928, 32, 1119, t3=t2+(0, 4)) -> (1119, 26, 1119, t4=t3+(1, 5))	3	366
(385, 140, 4308, t1) & (4546, 67, 3248, t2=t1+(0, 3)) & (4546, 82, 4308, t3=t2+(0, 3)) -> (4546, 82, 4546, t4=t3+(1, 9))	3	367
(4407, 30, 4763, t1) & (3536, 19, 792, t2=t1+(0, 5)) & (4407, 0, 3536, t3=t2+(0, 2)) -> (792, 19, 792, t4=t3+(1, 6))	3	368
(2190, 68, 2078, t1) & (3293, 41, 3393, t2=t1+(0, 2)) & (2190, 36, 3393, t3=t2+(0, 5)) -> (2190, 68, 3293, t4=t3+(1, 5))	3	369
(1867, 156, 2247, t1) & (236, 194, 4814, t2=t1+(0, 6)) & (4814, 79, 1867, t3=t2+(0, 8)) -> (1867, 194, 1867, t4=t3+(1, 3))	3	370
(449, 169, 2148, t1) & (301, 59, 3884, t2=t1+(0, 2)) & (449, 59, 3884, t3=t2+(0, 8)) -> (449, 59, 449, t4=t3+(1, 2))	3	371
(463, 134, 3079, t1) & (292, 28, 748, t2=t1+(0, 5)) & (3079, 137, 748, t3=t2+(0, 6)) -> (748, 28, 3079, t4=t3+(1, 4))	3	372
(2477, 144, 3798, t1) & (1502, 189, 774, t2=t1+(0, 1)) & (1502, 189, 3798, t3=t2+(0, 7)) -> (1502, 189, 3798, t4=t3+(1, 9))	3	373
(2498, 165, 4409, t1) & (584, 0, 1816, t2=t1+(0, 5)) & (584, 93, 4409, t3=t2+(0, 4)) -> (2498, 165, 584, t4=t3+(1, 3))	3	374
(3428, 125, 4523, t1) & (3185, 126, 1766, t2=t1+(0, 5)) & (4523, 152, 1766, t3=t2+(0, 4)) -> (4523, 125, 1766, t4=t3+(1, 2))	3	375
(829, 85, 50, t1) & (3528, 186, 1402, t2=t1+(0, 2)) & (50, 144, 3528, t3=t2+(0, 8)) -> (50, 85, 50, t4=t3+(1, 6))	3	376
(3270, 158, 3844, t1) & (1429, 82, 3855, t2=t1+(0, 4)) & (3844, 146, 3855, t3=t2+(0, 6)) -> (1429, 146, 3844, t4=t3+(1, 2))	3	377
(3331, 105, 3655, t1) & (4735, 125, 770, t2=t1+(0, 7)) & (3655, 93, 4735, t3=t2+(0, 3)) -> (4735, 125, 4735, t4=t3+(1, 8))	3	378
(3960, 49, 90, t1) & (3071, 193, 4284, t2=t1+(0, 4)) & (3071, 107, 3960, t3=t2+(0, 1)) -> (90, 49, 3960, t4=t3+(1, 1))	3	379
(3804, 93, 2664, t1) & (3410, 88, 3904, t2=t1+(0, 2)) & (3804, 95, 3904, t3=t2+(0, 5)) -> (3804, 88, 3904, t4=t3+(1, 8))	3	380
(3013, 12, 4709, t1) & (3929, 140, 3841, t2=t1+(0, 7)) & (3013, 168, 3929, t3=t2+(0, 3)) -> (3013, 168, 3013, t4=t3+(1, 6))	3	381
(1818, 29, 668, t1) & (4188, 150, 3937, t2=t1+(0, 3)) & (668, 83, 4188, t3=t2+(0, 12)) -> (3937, 29, 4188, t4=t3+(1, 4))	3	382
(492, 71, 878, t1) & (3783, 28, 4056, t2=t1+(0, 10)) & (3783, 58, 878, t3=t2+(0, 4)) -> (3783, 71, 878, t4=t3+(1, 10))	3	383
(4195, 17, 2383, t1) & (4149, 32, 1433, t2=t1+(0, 6)) & (4149, 155, 4195, t3=t2+(0, 5)) -> (1433, 32, 4195, t4=t3+(1, 8))	3	384
(3746, 122, 1018, t1) & (1146, 128, 927, t2=t1+(0, 4)) & (1146, 14, 1018, t3=t2+(0, 6)) -> (1146, 128, 1018, t4=t3+(1, 4))	3	385
(996, 46, 1965, t1) & (1273, 176, 1450, t2=t1+(0, 6)) & (1273, 116, 1965, t3=t2+(0, 6)) -> (1965, 46, 1273, t4=t3+(1, 3))	3	386
(4522, 35, 4190, t1) & (3512, 41, 3115, t2=t1+(0, 4)) & (3115, 119, 4522, t3=t2+(0, 6)) -> (4190, 119, 3115, t4=t3+(1, 6))	3	387
(4380, 192, 1353, t1) & (3490, 62, 3999, t2=t1+(0, 5)) & (3490, 91, 4380, t3=t2+(0, 4)) -> (4380, 192, 3490, t4=t3+(1, 10))	3	388
(1669, 151, 2127, t1) & (270, 110, 4679, t2=t1+(0, 3)) & (2127, 51, 4679, t3=t2+(0, 6)) -> (2127, 151, 4679, t4=t3+(1, 2))	3	389
(2200, 124, 1106, t1) & (2264, 136, 343, t2=t1+(0, 5)) & (2264, 165, 1106, t3=t2+(0, 3)) -> (343, 165, 2264, t4=t3+(1, 4))	3	390
(4716, 195, 2321, t1) & (1986, 92, 190, t2=t1+(0, 6)) & (4716, 4, 1986, t3=t2+(0, 5)) -> (4716, 92, 1986, t4=t3+(1, 2))	3	391
(158, 124, 3203, t1) & (4750, 192, 4732, t2=t1+(0, 4)) & (158, 59, 4750, t3=t2+(0, 8)) -> (4750, 124, 158, t4=t3+(1, 4))	3	392
(513, 67, 3533, t1) & (4510, 88, 1212, t2=t1+(0, 3)) & (1212, 118, 513, t3=t2+(0, 8)) -> (513, 67, 4510, t4=t3+(1, 6))	3	393
(875, 44, 1681, t1) & (4177, 152, 354, t2=t1+(0, 2)) & (354, 162, 875, t3=t2+(0, 6)) -> (1681, 162, 875, t4=t3+(1, 8))	3	394
(1565, 22, 11, t1) & (4282, 6, 1872, t2=t1+(0, 6)) & (11, 128, 1872, t3=t2+(0, 7)) -> (11, 22, 11, t4=t3+(1, 7))	3	395
(2723, 36, 2711, t1) & (501, 94, 1851, t2=t1+(0, 3)) & (2723, 65, 1851, t3=t2+(0, 5)) -> (2723, 36, 2711, t4=t3+(1, 4))	3	396
(3843, 98, 1747, t1) & (411, 102, 2692, t2=t1+(0, 5)) & (3843, 87, 411, t3=t2+(0, 2)) -> (3843, 102, 1747, t4=t3+(1, 6))	3	397
(4313, 35, 2942, t1) & (3806, 99, 4671, t2=t1+(0, 3)) & (2942, 20, 4671, t3=t2+(0, 6)) -> (3806, 35, 4313, t4=t3+(1, 10))	3	398
(1972, 132, 725, t1) & (3274, 18, 1554, t2=t1+(0, 1)) & (3274, 193, 725, t3=t2+(0, 5)) -> (1554, 193, 1972, t4=t3+(1, 6))	3	399
(52, 107, 2450, t1) & (2450, 143, 3962, t2=t1+(0, 5)) -> (2450, 107, 2450, t3=t2+(1, 7))	2	400
(1469, 157, 128, t1) & (1767, 48, 1469, t2=t1+(0, 8)) -> (1469, 157, 1469, t3=t2+(1, 2))	2	401
(2181, 178, 1824, t1) & (1214, 39, 2181, t2=t1+(0, 2)) -> (1214, 39, 1214, t3=t2+(1, 6))	2	402
(1019, 199, 4752, t1) & (54, 82, 1019, t2=t1+(0, 0)) -> (4752, 82, 54, t3=t2+(1, 4))	2	403
(3391, 161, 3552, t1) & (3552, 12, 3552, t2=t1+(0, 6)) -> (3552, 12, 3552, t3=t2+(1, 2))	2	404
(4318, 94, 4266, t1) & (3089, 138, 4318, t2=t1+(0, 5)) -> (4318, 94, 4318, t3=t2+(1, 3))	2	405
(1536, 85, 950, t1) & (950, 160, 950, t2=t1+(0, 6)) -> (950, 85, 1536, t3=t2+(1, 6))	2	406
(4601, 133, 3012, t1) & (2178, 123, 4601, t2=t1+(0, 5)) -> (3012, 133, 4601, t3=t2+(1, 4))	2	407
(867, 144, 1258, t1) & (1258, 148, 1258, t2=t1+(0, 6)) -> (867, 148, 1258, t3=t2+(1, 6))	2	408
(4317, 126, 1704, t1) & (407, 56, 1704, t2=t1+(0, 5)) -> (1704, 56, 407, t3=t2+(1, 5))	2	409
(683, 124, 4179, t1) & (1491, 81, 683, t2=t1+(0, 7)) -> (4179, 124, 1491, t3=t2+(1, 7))	2	410
(3755, 94, 1880, t1) & (4607, 52, 3755, t2=t1+(0, 5)) -> (3755, 94, 3755, t3=t2+(1, 8))	2	411
(2656, 101, 4212, t1) & (3934, 30, 2656, t2=t1+(0, 4)) -> (4212, 30, 3934, t3=t2+(1, 5))	2	412
(3463, 115, 4452, t1) & (3357, 153, 4452, t2=t1+(0, 2)) -> (4452, 115, 3357, t3=t2+(1, 5))	2	413
(742, 102, 1673, t1) & (1794, 141, 742, t2=t1+(0, 3)) -> (742, 102, 1794, t3=t2+(1, 7))	2	414
(836, 156, 674, t1) & (674, 189, 674, t2=t1+(0, 5)) -> (836, 189, 674, t3=t2+(1, 2))	2	415
(3799, 192, 3437, t1) & (3203, 33, 3799, t2=t1+(0, 5)) -> (3437, 33, 3799, t3=t2+(1, 6))	2	416
(3458, 172, 2738, t1) & (2738, 132, 3458, t2=t1+(0, 6)) -> (3458, 172, 3458, t3=t2+(1, 7))	2	417
(4406, 191, 644, t1) & (856, 140, 644, t2=t1+(0, 3)) -> (4406, 191, 644, t3=t2+(1, 7))	2	418
(93, 177, 799, t1) & (93, 18, 2819, t2=t1+(0, 6)) -> (799, 18, 93, t3=t2+(1, 2))	2	419
(990, 0, 4745, t1) & (4745, 24, 4745, t2=t1+(0, 7)) -> (4745, 0, 990, t3=t2+(1, 6))	2	420
(2942, 111, 449, t1) & (2942, 95, 2942, t2=t1+(0, 5)) -> (2942, 111, 2942, t3=t2+(1, 5))	2	421
(1832, 178, 2821, t1) & (2895, 160, 1832, t2=t1+(0, 6)) -> (2821, 178, 1832, t3=t2+(1, 5))	2	422
(1340, 143, 4323, t1) & (54, 184, 4323, t2=t1+(0, 3)) -> (4323, 143, 54, t3=t2+(1, 3))	2	423
(419, 143, 3083, t1) & (3083, 115, 4627, t2=t1+(0, 7)) -> (3083, 143, 419, t3=t2+(1, 4))	2	424
(1797, 78, 772, t1) & (4588, 39, 1797, t2=t1+(0, 6)) -> (1797, 78, 4588, t3=t2+(1, 7))	2	425
(3149, 88, 4574, t1) & (4574, 36, 2141, t2=t1+(0, 3)) -> (2141, 36, 4574, t3=t2+(1, 3))	2	426
(1578, 71, 4148, t1) & (3318, 153, 4148, t2=t1+(0, 5)) -> (3318, 71, 1578, t3=t2+(1, 6))	2	427
(4376, 178, 4188, t1) & (524, 150, 4376, t2=t1+(0, 6)) -> (4376, 150, 4376, t3=t2+(1, 3))	2	428
(2550, 127, 3514, t1) & (2550, 128, 1023, t2=t1+(0, 3)) -> (3514, 128, 2550, t3=t2+(1, 5))	2	429
(1941, 121, 4186, t1) & (4968, 178, 4186, t2=t1+(0, 6)) -> (4186, 121, 1941, t3=t2+(1, 5))	2	430
(2873, 109, 3386, t1) & (2873, 168, 3916, t2=t1+(0, 5)) -> (2873, 168, 2873, t3=t2+(1, 7))	2	431
(1909, 126, 4958, t1) & (4643, 135, 4958, t2=t1+(0, 2)) -> (4958, 135, 4643, t3=t2+(1, 6))	2	432
(4446, 28, 2017, t1) & (4446, 130, 2017, t2=t1+(0, 7)) -> (4446, 28, 4446, t3=t2+(1, 2))	2	433
(3995, 137, 1493, t1) & (1303, 41, 1493, t2=t1+(0, 3)) -> (3995, 137, 1493, t3=t2+(1, 6))	2	434
(1322, 131, 2948, t1) & (905, 55, 2948, t2=t1+(0, 6)) -> (2948, 131, 1322, t3=t2+(1, 6))	2	435
(4733, 31, 1347, t1) & (2963, 57, 4733, t2=t1+(0, 9)) -> (4733, 31, 4733, t3=t2+(1, 3))	2	436
(2985, 103, 1336, t1) & (1336, 16, 192, t2=t1+(0, 5)) -> (1336, 103, 192, t3=t2+(1, 4))	2	437
(2780, 78, 2931, t1) & (2931, 150, 2780, t2=t1+(0, 4)) -> (2931, 150, 2931, t3=t2+(1, 3))	2	438
(1335, 125, 1992, t1) & (1335, 79, 1924, t2=t1+(0, 3)) -> (1335, 79, 1992, t3=t2+(1, 3))	2	439
(4638, 111, 2970, t1) & (2970, 32, 2970, t2=t1+(0, 4)) -> (2970, 32, 2970, t3=t2+(1, 5))	2	440
(1938, 165, 1374, t1) & (1374, 110, 3583, t2=t1+(0, 7)) -> (1374, 110, 1938, t3=t2+(1, 6))	2	441
(4917, 114, 1278, t1) & (2930, 60, 1278, t2=t1+(0, 9)) -> (4917, 60, 2930, t3=t2+(1, 4))	2	442
(3731, 36, 2319, t1) & (2319, 136, 746, t2=t1+(0, 4)) -> (2319, 136, 3731, t3=t2+(1, 7))	2	443
(1369, 51, 4272, t1) & (746, 42, 1369, t2=t1+(0, 9)) -> (746, 42, 1369, t3=t2+(1, 4))	2	444
(4818, 76, 1250, t1) & (541, 84, 1250, t2=t1+(0, 7)) -> (541, 76, 541, t3=t2+(1, 1))	2	445
(2653, 54, 286, t1) & (2653, 21, 2415, t2=t1+(0, 10)) -> (2653, 21, 286, t3=t2+(1, 7))	2	446
(3658, 68, 3562, t1) & (3658, 158, 1675, t2=t1+(0, 2)) -> (3658, 68, 3562, t3=t2+(1, 6))	2	447
(4636, 134, 2327, t1) & (2261, 187, 4636, t2=t1+(0, 4)) -> (2327, 187, 2327, t3=t2+(1, 1))	2	448
(983, 173, 3371, t1) & (3371, 30, 983, t2=t1+(0, 5)) -> (983, 30, 3371, t3=t2+(1, 5))	2	449
(3339, 173, 3285, t1) & (2301, 57, 3339, t2=t1+(0, 5)) -> (3285, 57, 2301, t3=t2+(1, 9))	2	450
(2827, 136, 2695, t1) & (2695, 52, 2384, t2=t1+(0, 8)) -> (2695, 52, 2695, t3=t2+(1, 6))	2	451
(4919, 129, 2467, t1) & (4919, 55, 2467, t2=t1+(0, 2)) -> (4919, 55, 4919, t3=t2+(1, 8))	2	452
(3628, 158, 3316, t1) & (3316, 188, 1596, t2=t1+(0, 6)) -> (3316, 188, 1596, t3=t2+(1, 5))	2	453
(4802, 65, 376, t1) & (376, 125, 4802, t2=t1+(0, 3)) -> (376, 125, 4802, t3=t2+(1, 5))	2	454
(907, 31, 2665, t1) & (533, 20, 2665, t2=t1+(0, 6)) -> (2665, 31, 533, t3=t2+(1, 1))	2	455
(4993, 16, 1001, t1) & (4993, 109, 1130, t2=t1+(0, 3)) -> (4993, 16, 4993, t3=t2+(1, 4))	2	456
(4433, 180, 2234, t1) & (2234, 181, 4433, t2=t1+(0, 5)) -> (4433, 181, 4433, t3=t2+(1, 10))	2	457
(3698, 125, 2441, t1) & (2884, 99, 3698, t2=t1+(0, 5)) -> (2441, 125, 2884, t3=t2+(1, 4))	2	458
(4928, 71, 3414, t1) & (3414, 44, 740, t2=t1+(0, 4)) -> (740, 71, 740, t3=t2+(1, 8))	2	459
(3947, 155, 1480, t1) & (3947, 77, 2726, t2=t1+(0, 3)) -> (3947, 155, 3947, t3=t2+(1, 8))	2	460
(4782, 146, 3915, t1) & (163, 136, 3915, t2=t1+(0, 7)) -> (3915, 146, 4782, t3=t2+(1, 2))	2	461
(1032, 67, 4008, t1) & (478, 7, 1032, t2=t1+(0, 3)) -> (4008, 67, 1032, t3=t2+(1, 6))	2	462
(4583, 168, 633, t1) & (633, 63, 2274, t2=t1+(0, 3)) -> (633, 63, 633, t3=t2+(1, 5))	2	463
(3016, 161, 2497, t1) & (4613, 144, 2497, t2=t1+(0, 4)) -> (3016, 144, 3016, t3=t2+(1, 4))	2	464
(603, 75, 4228, t1) & (4556, 105, 4228, t2=t1+(0, 11)) -> (4228, 75, 4228, t3=t2+(1, 2))	2	465
(735, 34, 868, t1) & (735, 116, 1448, t2=t1+(0, 2)) -> (868, 34, 735, t3=t2+(1, 6))	2	466
(2612, 51, 1007, t1) & (2612, 101, 2761, t2=t1+(0, 6)) -> (1007, 101, 2761, t3=t2+(1, 5))	2	467
(87, 122, 4005, t1) & (87, 179, 4005, t2=t1+(0, 5)) -> (87, 122, 4005, t3=t2+(1, 6))	2	468
(655, 158, 773, t1) & (655, 138, 773, t2=t1+(0, 7)) -> (773, 158, 773, t3=t2+(1, 8))	2	469
(2394, 164, 1136, t1) & (3364, 8, 2394, t2=t1+(0, 7)) -> (2394, 164, 2394, t3=t2+(1, 6))	2	470
(952, 41, 4041, t1) & (4041, 194, 2111, t2=t1+(0, 7)) -> (4041, 194, 2111, t3=t2+(1, 7))	2	471
(2376, 94, 2812, t1) & (2376, 101, 2812, t2=t1+(0, 3)) -> (2376, 94, 2812, t3=t2+(1, 8))	2	472
(3138, 98, 1517, t1) & (1385, 145, 3138, t2=t1+(0, 2)) -> (1385, 145, 3138, t3=t2+(1, 2))	2	473
(4164, 2, 968, t1) & (3724, 117, 968, t2=t1+(0, 10)) -> (3724, 117, 3724, t3=t2+(1, 7))	2	474
(3698, 125, 1470, t1) & (4046, 127, 3698, t2=t1+(0, 3)) -> (1470, 125, 3698, t3=t2+(1, 6))	2	475
(1545, 70, 1774, t1) & (1774, 2, 1545, t2=t1+(0, 2)) -> (1774, 70, 1545, t3=t2+(1, 3))	2	476
(1867, 39, 3910, t1) & (1867, 49, 1867, t2=t1+(0, 3)) -> (1867, 39, 3910, t3=t2+(1, 3))	2	477
(2428, 103, 3167, t1) & (2428, 90, 3167, t2=t1+(0, 1)) -> (2428, 103, 3167, t3=t2+(1, 1))	2	478
(2368, 172, 168, t1) & (168, 48, 3709, t2=t1+(0, 3)) -> (3709, 172, 168, t3=t2+(1, 5))	2	479
(2598, 191, 4637, t1) & (2598, 155, 2598, t2=t1+(0, 5)) -> (2598, 155, 2598, t3=t2+(1, 7))	2	480
(1892, 169, 1116, t1) & (2708, 39, 1892, t2=t1+(0, 7)) -> (2708, 169, 2708, t3=t2+(1, 5))	2	481
(2629, 52, 4058, t1) & (850, 16, 4058, t2=t1+(0, 5)) -> (4058, 16, 2629, t3=t2+(1, 3))	2	482
(1339, 104, 2583, t1) & (2583, 192, 389, t2=t1+(0, 4)) -> (389, 104, 2583, t3=t2+(1, 9))	2	483
(3061, 186, 3530, t1) & (3530, 110, 3530, t2=t1+(0, 8)) -> (3530, 186, 3530, t3=t2+(1, 3))	2	484
(372, 113, 3256, t1) & (372, 117, 372, t2=t1+(0, 3)) -> (372, 113, 372, t3=t2+(1, 4))	2	485
(412, 141, 742, t1) & (412, 14, 739, t2=t1+(0, 6)) -> (412, 14, 412, t3=t2+(1, 4))	2	486
(232, 138, 2838, t1) & (4988, 70, 2838, t2=t1+(0, 2)) -> (2838, 70, 4988, t3=t2+(1, 5))	2	487
(463, 92, 2499, t1) & (2606, 112, 463, t2=t1+(0, 3)) -> (2499, 92, 2499, t3=t2+(1, 6))	2	488
(4110, 118, 3361, t1) & (3361, 44, 1157, t2=t1+(0, 3)) -> (3361, 44, 3361, t3=t2+(1, 3))	2	489
(3093, 1, 3040, t1) & (3093, 118, 3040, t2=t1+(0, 7)) -> (3093, 1, 3040, t3=t2+(1, 9))	2	490
(998, 55, 3372, t1) & (998, 72, 998, t2=t1+(0, 5)) -> (998, 55, 998, t3=t2+(1, 10))	2	491
(1336, 11, 2238, t1) & (1336, 70, 4016, t2=t1+(0, 2)) -> (1336, 11, 1336, t3=t2+(1, 5))	2	492
(37, 54, 4430, t1) & (4430, 96, 1767, t2=t1+(0, 13)) -> (4430, 96, 4430, t3=t2+(1, 3))	2	493
(1696, 153, 4313, t1) & (1696, 55, 1160, t2=t1+(0, 4)) -> (4313, 153, 1696, t3=t2+(1, 6))	2	494
(2335, 92, 1800, t1) & (1800, 123, 1800, t2=t1+(0, 7)) -> (1800, 123, 2335, t3=t2+(1, 5))	2	495
(4837, 56, 78, t1) & (78, 189, 4837, t2=t1+(0, 0)) -> (78, 189, 4837, t3=t2+(1, 9))	2	496
(1233, 8, 4097, t1) & (1233, 128, 4097, t2=t1+(0, 6)) -> (1233, 128, 1233, t3=t2+(1, 8))	2	497
(2895, 32, 644, t1) & (644, 31, 12, t2=t1+(0, 2)) -> (12, 32, 2895, t3=t2+(1, 7))	2	498
(1027, 151, 4755, t1) & (3988, 31, 1027, t2=t1+(0, 9)) -> (1027, 31, 1027, t3=t2+(1, 2))	2	499
(595, 109, 70, t1) -> (70, 109, 70, t2=t1+(1, 2))	1	500
(2218, 69, 214, t1) -> (214, 69, 214, t2=t1+(1, 8))	1	501
(1530, 122, 1449, t1) -> (1449, 122, 1449, t2=t1+(1, 4))	1	502
(1412, 94, 1388, t1) -> (1412, 94, 1412, t2=t1+(1, 5))	1	503
(4836, 45, 2931, t1) -> (2931, 45, 2931, t2=t1+(1, 5))	1	504
(2843, 193, 1559, t1) -> (1559, 193, 2843, t2=t1+(1, 5))	1	505
(2630, 131, 1783, t1) -> (2630, 131, 1783, t2=t1+(1, 4))	1	506
(4004, 157, 2867, t1) -> (2867, 157, 2867, t2=t1+(1, 1))	1	507
(1717, 171, 717, t1) -> (1717, 171, 1717, t2=t1+(1, 3))	1	508
(1939, 54, 3418, t1) -> (3418, 54, 1939, t2=t1+(1, 5))	1	509
(3525, 63, 67, t1) -> (3525, 63, 3525, t2=t1+(1, 7))	1	510
(158, 182, 2258, t1) -> (158, 182, 2258, t2=t1+(1, 6))	1	511
(4088, 165, 2625, t1) -> (4088, 165, 2625, t2=t1+(1, 8))	1	512
(2176, 50, 4211, t1) -> (4211, 50, 4211, t2=t1+(1, 6))	1	513
(2535, 168, 3625, t1) -> (3625, 168, 3625, t2=t1+(1, 6))	1	514
(256, 70, 1649, t1) -> (256, 70, 256, t2=t1+(1, 3))	1	515
(425, 15, 1794, t1) -> (425, 15, 1794, t2=t1+(1, 4))	1	516
(2520, 178, 3641, t1) -> (3641, 178, 2520, t2=t1+(1, 6))	1	517
(3066, 23, 2536, t1) -> (3066, 23, 2536, t2=t1+(1, 2))	1	518
(199, 163, 329, t1) -> (329, 163, 329, t2=t1+(1, 2))	1	519
(2494, 122, 4728, t1) -> (2494, 122, 2494, t2=t1+(1, 4))	1	520
(4988, 31, 1774, t1) -> (4988, 31, 4988, t2=t1+(1, 12))	1	521
(3648, 59, 680, t1) -> (680, 59, 3648, t2=t1+(1, 4))	1	522
(3661, 115, 2888, t1) -> (3661, 115, 2888, t2=t1+(1, 4))	1	523
(122, 11, 1141, t1) -> (1141, 11, 1141, t2=t1+(1, 9))	1	524
