(3600, 26, 123, t1) & (3034, 165, 3092, t2=t1+(0, 6)) & (3034, 18, 3600, t3=t2+(0, 1)) -> (3034, 165, 3092, t4=t3+(1, 3))	3	0
(1627, 145, 474, t1) & (46, 23, 1663, t2=t1+(0, 5)) & (1663, 152, 1627, t3=t2+(0, 4)) -> (1627, 23, 46, t4=t3+(1, 6))	3	1
(1789, 56, 2847, t1) & (2792, 169, 3892, t2=t1+(0, 3)) & (2792, 24, 2847, t3=t2+(0, 5)) -> (1789, 169, 1789, t4=t3+(1, 6))	3	2
(4406, 180, 1438, t1) & (2215, 61, 1000, t2=t1+(0, 2)) & (1438, 122, 2215, t3=t2+(0, 8)) -> (2215, 122, 2215, t4=t3+(1, 3))	3	3
(889, 128, 839, t1) & (581, 92, 1364, t2=t1+(0, 2)) & (889, 184, 581, t3=t2+(0, 2)) -> (581, 92, 581, t4=t3+(1, 12))	3	4
(32, 43, 1680, t1) & (2648, 128, 520, t2=t1+(0, 8)) & (1680, 88, 520, t3=t2+(0, 3)) -> (1680, 88, 1680, t4=t3+(1, 5))	3	5
(1374, 21, 2298, t1) & (1240, 130, 2954, t2=t1+(0, 9)) & (1240, 173, 2298, t3=t2+(0, 7)) -> (2298, 173, 1374, t4=t3+(1, 2))	3	6
(3460, 22, 1445, t1) & (3486, 134, 159, t2=t1+(0, 7)) & (159, 182, 1445, t3=t2+(0, 9)) -> (3460, 22, 159, t4=t3+(1, 9))	3	7
(3913, 178, 3245, t1) & (4570, 50, 2818, t2=t1+(0, 4)) & (3245, 176, 4570, t3=t2+(0, 2)) -> (3245, 176, 3245, t4=t3+(1, 6))	3	8
(2803, 89, 1105, t1) & (4849, 161, 1997, t2=t1+(0, 4)) & (4849, 12, 1105, t3=t2+(0, 4)) -> (1997, 12, 1105, t4=t3+(1, 2))	3	9
(4057, 160, 202, t1) & (619, 192, 449, t2=t1+(0, 2)) & (449, 36, 4057, t3=t2+(0, 7)) -> (202, 160, 4057, t4=t3+(1, 6))	3	10
(4242, 127, 1278, t1) & (290, 73, 1686, t2=t1+(0, 8)) & (4242, 143, 1686, t3=t2+(0, 2)) -> (4242, 127, 4242, t4=t3+(1, 7))	3	11
(4212, 38, 3679, t1) & (2993, 19, 1515, t2=t1+(0, 4)) & (1515, 7, 4212, t3=t2+(0, 5)) -> (1515, 19, 1515, t4=t3+(1, 3))	3	12
(2417, 63, 1196, t1) & (1758, 123, 4643, t2=t1+(0, 8)) & (2417, 137, 1758, t3=t2+(0, 6)) -> (4643, 63, 1196, t4=t3+(1, 7))	3	13
(3496, 171, 2880, t1) & (923, 13, 3115, t2=t1+(0, 6)) & (923, 2, 2880, t3=t2+(0, 2)) -> (2880, 2, 923, t4=t3+(1, 9))	3	14
(3126, 51, 2590, t1) & (4570, 106, 4675, t2=t1+(0, 5)) & (2590, 194, 4570, t3=t2+(0, 1)) -> (4675, 194, 3126, t4=t3+(1, 2))	3	15
(1001, 80, 1277, t1) & (3120, 11, 4270, t2=t1+(0, 9)) & (4270, 140, 1001, t3=t2+(0, 4)) -> (1001, 80, 3120, t4=t3+(1, 3))	3	16
(3907, 157, 4609, t1) & (543, 106, 856, t2=t1+(0, 6)) & (3907, 193, 543, t3=t2+(0, 5)) -> (4609, 193, 543, t4=t3+(1, 3))	3	17
(4330, 171, 1266, t1) & (2310, 55, 2847, t2=t1+(0, 6)) & (4330, 172, 2310, t3=t2+(0, 4)) -> (2847, 172, 2310, t4=t3+(1, 4))	3	18
(4382, 94, 339, t1) & (802, 79, 2729, t2=t1+(0, 6)) & (339, 183, 802, t3=t2+(0, 3)) -> (4382, 183, 2729, t4=t3+(1, 2))	3	19
(1192, 119, 4903, t1) & (1026, 65, 4578, t2=t1+(0, 11)) & (4578, 70, 4903, t3=t2+(0, 2)) -> (4578, 65, 4903, t4=t3+(1, 5))	3	20
(2054, 22, 3277, t1) & (1680, 72, 1625, t2=t1+(0, 8)) & (2054, 20, 1680, t3=t2+(0, 7)) -> (3277, 22, 2054, t4=t3+(1, 3))	3	21
(1208, 160, 4436, t1) & (1485, 162, 3209, t2=t1+(0, 6)) & (1485, 113, 4436, t3=t2+(0, 1)) -> (4436, 160, 3209, t4=t3+(1, 4))	3	22
(3955, 169, 2826, t1) & (4274, 73, 124, t2=t1+(0, 5)) & (124, 154, 2826, t3=t2+(0, 3)) -> (2826, 73, 124, t4=t3+(1, 5))	3	23
(2345, 7, 1912, t1) & (3266, 182, 3248, t2=t1+(0, 3)) & (2345, 110, 3248, t3=t2+(0, 5)) -> (2345, 182, 3248, t4=t3+(1, 3))	3	24
(2069, 118, 1762, t1) & (3640, 10, 4657, t2=t1+(0, 5)) & (3640, 30, 1762, t3=t2+(0, 6)) -> (4657, 10, 3640, t4=t3+(1, 5))	3	25
(1398, 90, 1484, t1) & (3119, 18, 3326, t2=t1+(0, 4)) & (1484, 94, 3119, t3=t2+(0, 1)) -> (3119, 18, 1484, t4=t3+(1, 8))	3	26
(68, 84, 565, t1) & (2891, 161, 3632, t2=t1+(0, 12)) & (3632, 90, 68, t3=t2+(0, 3)) -> (565, 84, 68, t4=t3+(1, 6))	3	27
(562, 156, 4216, t1) & (4666, 68, 4025, t2=t1+(0, 1)) & (562, 98, 4025, t3=t2+(0, 8)) -> (4216, 98, 4666, t4=t3+(1, 5))	3	28
(2265, 131, 4304, t1) & (254, 141, 1777, t2=t1+(0, 3)) & (4304, 150, 1777, t3=t2+(0, 7)) -> (4304, 141, 1777, t4=t3+(1, 4))	3	29
(1303, 33, 2720, t1) & (2665, 62, 713, t2=t1+(0, 3)) & (713, 198, 2720, t3=t2+(0, 7)) -> (713, 62, 2720, t4=t3+(1, 3))	3	30
(2024, 104, 3646, t1) & (1468, 156, 4260, t2=t1+(0, 2)) & (1468, 117, 2024, t3=t2+(0, 2)) -> (3646, 156, 1468, t4=t3+(1, 1))	3	31
(2943, 188, 1813, t1) & (3796, 44, 3271, t2=t1+(0, 4)) & (2943, 9, 3271, t3=t2+(0, 4)) -> (3271, 188, 2943, t4=t3+(1, 3))	3	32
(1697, 91, 3033, t1) & (155, 153, 2055, t2=t1+(0, 9)) & (3033, 35, 2055, t3=t2+(0, 2)) -> (2055, 153, 2055, t4=t3+(1, 5))	3	33
(2649, 111, 2568, t1) & (3304, 146, 1620, t2=t1+(0, 1)) & (1620, 54, 2649, t3=t2+(0, 2)) -> (1620, 111, 1620, t4=t3+(1, 12))	3	34
(1952, 124, 4735, t1) & (1808, 153, 4170, t2=t1+(0, 5)) & (1808, 41, 4735, t3=t2+(0, 8)) -> (1952, 124, 1808, t4=t3+(1, 8))	3	35
(2954, 152, 779, t1) & (4618, 35, 3247, t2=t1+(0, 3)) & (2954, 42, 4618, t3=t2+(0, 3)) -> (4618, 35, 779, t4=t3+(1, 4))	3	36
(3470, 44, 3900, t1) & (3201, 162, 1010, t2=t1+(0, 3)) & (3900, 152, 3201, t3=t2+(0, 4)) -> (3900, 152, 3201, t4=t3+(1, 6))	3	37
(4855, 119, 448, t1) & (2687, 60, 4616, t2=t1+(0, 6)) & (4616, 152, 4855, t3=t2+(0, 5)) -> (2687, 152, 4855, t4=t3+(1, 8))	3	38
(3935, 142, 2281, t1) & (3799, 124, 2426, t2=t1+(0, 4)) & (2281, 180, 2426, t3=t2+(0, 4)) -> (2426, 180, 2426, t4=t3+(1, 2))	3	39
(44, 124, 1418, t1) & (248, 180, 3224, t2=t1+(0, 8)) & (44, 4, 248, t3=t2+(0, 7)) -> (1418, 124, 1418, t4=t3+(1, 5))	3	40
(2275, 147, 3028, t1) & (2050, 53, 1008, t2=t1+(0, 5)) & (2275, 32, 1008, t3=t2+(0, 1)) -> (1008, 147, 1008, t4=t3+(1, 5))	3	41
(3318, 6, 2, t1) & (3961, 84, 2613, t2=t1+(0, 4)) & (2, 112, 2613, t3=t2+(0, 3)) -> (3318, 84, 2613, t4=t3+(1, 5))	3	42
(4159, 89, 3356, t1) & (2763, 83, 3682, t2=t1+(0, 2)) & (2763, 166, 4159, t3=t2+(0, 3)) -> (2763, 166, 2763, t4=t3+(1, 2))	3	43
(1464, 15, 922, t1) & (1418, 28, 3620, t2=t1+(0, 4)) & (1418, 147, 1464, t3=t2+(0, 3)) -> (922, 28, 1464, t4=t3+(1, 3))	3	44
(1927, 132, 743, t1) & (777, 165, 309, t2=t1+(0, 7)) & (743, 130, 309, t3=t2+(0, 4)) -> (309, 130, 1927, t4=t3+(1, 6))	3	45
(3049, 88, 3751, t1) & (1305, 56, 1810, t2=t1+(0, 5)) & (1305, 183, 3751, t3=t2+(0, 9)) -> (1810, 56, 3751, t4=t3+(1, 2))	3	46
(873, 87, 3846, t1) & (4749, 146, 2250, t2=t1+(0, 6)) & (4749, 96, 873, t3=t2+(0, 4)) -> (4749, 96, 4749, t4=t3+(1, 8))	3	47
(2702, 195, 4669, t1) & (1833, 2, 1108, t2=t1+(0, 7)) & (1108, 139, 4669, t3=t2+(0, 3)) -> (1108, 2, 1833, t4=t3+(1, 8))	3	48
(3848, 81, 2902, t1) & (945, 157, 4274, t2=t1+(0, 4)) & (945, 164, 2902, t3=t2+(0, 3)) -> (4274, 157, 3848, t4=t3+(1, 4))	3	49
(69, 187, 13, t1) & (2040, 80, 1968, t2=t1+(0, 3)) & (1968, 88, 13, t3=t2+(0, 5)) -> (1968, 80, 69, t4=t3+(1, 3))	3	50
(1665, 128, 2287, t1) & (3341, 64, 1483, t2=t1+(0, 9)) & (3341, 23, 1665, t3=t2+(0, 3)) -> (3341, 128, 1665, t4=t3+(1, 8))	3	51
(4503, 176, 4618, t1) & (1225, 78, 3616, t2=t1+(0, 4)) & (3616, 36, 4503, t3=t2+(0, 5)) -> (4618, 78, 1225, t4=t3+(1, 5))	3	52
(4823, 128, 1791, t1) & (4161, 28, 1839, t2=t1+(0, 5)) & (4823, 19, 4161, t3=t2+(0, 4)) -> (4823, 128, 1791, t4=t3+(1, 9))	3	53
(480, 86, 1219, t1) & (2276, 42, 2849, t2=t1+(0, 8)) & (2276, 24, 480, t3=t2+(0, 5)) -> (480, 24, 2276, t4=t3+(1, 3))	3	54
(1416, 32, 347, t1) & (3549, 156, 2875, t2=t1+(0, 9)) & (3549, 38, 1416, t3=t2+(0, 5)) -> (2875, 32, 3549, t4=t3+(1, 6))	3	55
(1790, 118, 118, t1) & (521, 119, 1356, t2=t1+(0, 6)) & (1356, 70, 118, t3=t2+(0, 5)) -> (118, 70, 1790, t4=t3+(1, 8))	3	56
(345, 161, 3330, t1) & (2794, 193, 319, t2=t1+(0, 2)) & (3330, 65, 2794, t3=t2+(0, 6)) -> (319, 161, 319, t4=t3+(1, 3))	3	57
(960, 76, 3655, t1) & (3360, 23, 1161, t2=t1+(0, 8)) & (3655, 12, 1161, t3=t2+(0, 5)) -> (1161, 12, 1161, t4=t3+(1, 5))	3	58
(1261, 153, 834, t1) & (3247, 66, 4134, t2=t1+(0, 4)) & (834, 192, 3247, t3=t2+(0, 2)) -> (3247, 66, 4134, t4=t3+(1, 3))	3	59
(123, 20, 3724, t1) & (4978, 29, 1982, t2=t1+(0, 5)) & (4978, 12, 3724, t3=t2+(0, 3)) -> (1982, 12, 3724, t4=t3+(1, 5))	3	60
(285, 138, 2129, t1) & (757, 183, 2329, t2=t1+(0, 7)) & (757, 177, 2129, t3=t2+(0, 4)) -> (757, 177, 757, t4=t3+(1, 4))	3	61
(4394, 196, 677, t1) & (3259, 101, 997, t2=t1+(0, 5)) & (997, 55, 677, t3=t2+(0, 5)) -> (997, 55, 677, t4=t3+(1, 2))	3	62
(4513, 164, 3275, t1) & (2074, 148, 907, t2=t1+(0, 4)) & (907, 23, 3275, t3=t2+(0, 3)) -> (907, 148, 3275, t4=t3+(1, 2))	3	63
(3570, 12, 3961, t1) & (1805, 35, 668, t2=t1+(0, 9)) & (668, 108, 3961, t3=t2+(0, 6)) -> (3961, 108, 3570, t4=t3+(1, 4))	3	64
(565, 180, 1928, t1) & (1722, 153, 3699, t2=t1+(0, 7)) & (1928, 13, 3699, t3=t2+(0, 6)) -> (1928, 180, 3699, t4=t3+(1, 3))	3	65
(3698, 116, 1408, t1) & (4958, 110, 4926, t2=t1+(0, 2)) & (4958, 88, 1408, t3=t2+(0, 5)) -> (1408, 88, 1408, t4=t3+(1, 6))	3	66
(2260, 145, 557, t1) & (2395, 185, 790, t2=t1+(0, 2)) & (2395, 65, 2260, t3=t2+(0, 4)) -> (557, 145, 2260, t4=t3+(1, 6))	3	67
(4498, 107, 429, t1) & (26, 14, 1968, t2=t1+(0, 3)) & (1968, 178, 4498, t3=t2+(0, 5)) -> (4498, 178, 429, t4=t3+(1, 2))	3	68
(4373, 107, 1353, t1) & (844, 41, 1923, t2=t1+(0, 7)) & (1353, 17, 1923, t3=t2+(0, 7)) -> (4373, 107, 1923, t4=t3+(1, 4))	3	69
(4643, 166, 1416, t1) & (3815, 194, 1339, t2=t1+(0, 7)) & (4643, 118, 3815, t3=t2+(0, 9)) -> (4643, 194, 1416, t4=t3+(1, 4))	3	70
(1986, 87, 3375, t1) & (1670, 83, 2313, t2=t1+(0, 3)) & (1670, 23, 3375, t3=t2+(0, 4)) -> (1670, 23, 1670, t4=t3+(1, 6))	3	71
(323, 148, 2837, t1) & (3515, 134, 3352, t2=t1+(0, 4)) & (323, 195, 3352, t3=t2+(0, 4)) -> (323, 195, 2837, t4=t3+(1, 4))	3	72
(4360, 161, 2173, t1) & (4094, 138, 4593, t2=t1+(0, 5)) & (4593, 175, 2173, t3=t2+(0, 5)) -> (2173, 161, 4094, t4=t3+(1, 3))	3	73
(2943, 118, 392, t1) & (438, 46, 4957, t2=t1+(0, 4)) & (438, 53, 2943, t3=t2+(0, 4)) -> (4957, 53, 392, t4=t3+(1, 2))	3	74
(4201, 86, 3140, t1) & (2444, 188, 1918, t2=t1+(0, 2)) & (2444, 73, 3140, t3=t2+(0, 3)) -> (3140, 188, 3140, t4=t3+(1, 8))	3	75
(2394, 140, 2455, t1) & (3921, 169, 4781, t2=t1+(0, 3)) & (2455, 101, 4781, t3=t2+(0, 9)) -> (2455, 101, 2455, t4=t3+(1, 10))	3	76
(3732, 36, 4373, t1) & (4637, 77, 1147, t2=t1+(0, 3)) & (3732, 40, 4637, t3=t2+(0, 5)) -> (3732, 36, 4373, t4=t3+(1, 4))	3	77
(1497, 49, 2017, t1) & (3794, 60, 815, t2=t1+(0, 2)) & (1497, 106, 3794, t3=t2+(0, 9)) -> (1497, 49, 2017, t4=t3+(1, 7))	3	78
(2066, 49, 3087, t1) & (1442, 26, 360, t2=t1+(0, 5)) & (1442, 48, 3087, t3=t2+(0, 4)) -> (360, 26, 2066, t4=t3+(1, 1))	3	79
(3946, 15, 2676, t1) & (1871, 171, 3358, t2=t1+(0, 7)) & (3946, 85, 1871, t3=t2+(0, 2)) -> (1871, 15, 3358, t4=t3+(1, 3))	3	80
(3649, 29, 2735, t1) & (4908, 120, 4355, t2=t1+(0, 5)) & (4908, 18, 3649, t3=t2+(0, 9)) -> (4355, 120, 4908, t4=t3+(1, 5))	3	81
(2685, 121, 2309, t1) & (576, 28, 2812, t2=t1+(0, 6)) & (2685, 22, 2812, t3=t2+(0, 7)) -> (2685, 121, 2685, t4=t3+(1, 4))	3	82
(1845, 16, 1399, t1) & (564, 182, 4612, t2=t1+(0, 5)) & (4612, 71, 1399, t3=t2+(0, 3)) -> (4612, 182, 1399, t4=t3+(1, 4))	3	83
(2312, 170, 3433, t1) & (625, 134, 3171, t2=t1+(0, 3)) & (3433, 159, 3171, t3=t2+(0, 4)) -> (3171, 134, 3171, t4=t3+(1, 2))	3	84
(495, 195, 1077, t1) & (1204, 65, 697, t2=t1+(0, 7)) & (495, 32, 697, t3=t2+(0, 2)) -> (495, 32, 1204, t4=t3+(1, 4))	3	85
(525, 132, 4826, t1) & (4614, 32, 3615, t2=t1+(0, 5)) & (525, 122, 3615, t3=t2+(0, 6)) -> (3615, 132, 4614, t4=t3+(1, 3))	3	86
(1162, 49, 3437, t1) & (3990, 84, 4219, t2=t1+(0, 3)) & (1162, 24, 3990, t3=t2+(0, 5)) -> (1162, 84, 1162, t4=t3+(1, 6))	3	87
(2798, 17, 660, t1) & (4776, 145, 1176, t2=t1+(0, 2)) & (4776, 131, 2798, t3=t2+(0, 11)) -> (2798, 131, 2798, t4=t3+(1, 3))	3	88
(905, 61, 4719, t1) & (2921, 108, 486, t2=t1+(0, 4)) & (4719, 49, 2921, t3=t2+(0, 2)) -> (905, 61, 2921, t4=t3+(1, 7))	3	89
(3118, 87, 795, t1) & (4468, 121, 2919, t2=t1+(0, 4)) & (3118, 170, 4468, t3=t2+(0, 2)) -> (4468, 170, 3118, t4=t3+(1, 3))	3	90
(2386, 46, 352, t1) & (4591, 80, 1130, t2=t1+(0, 7)) & (4591, 66, 352, t3=t2+(0, 2)) -> (2386, 66, 352, t4=t3+(1, 5))	3	91
(779, 34, 256, t1) & (4158, 34, 2243, t2=t1+(0, 6)) & (4158, 30, 779, t3=t2+(0, 4)) -> (2243, 34, 4158, t4=t3+(1, 7))	3	92
(1554, 40, 55, t1) & (4742, 130, 239, t2=t1+(0, 4)) & (4742, 181, 1554, t3=t2+(0, 6)) -> (1554, 181, 1554, t4=t3+(1, 4))	3	93
(2661, 19, 1548, t1) & (3484, 15, 1064, t2=t1+(0, 7)) & (3484, 7, 2661, t3=t2+(0, 3)) -> (2661, 15, 3484, t4=t3+(1, 6))	3	94
(2192, 139, 2397, t1) & (4686, 138, 4073, t2=t1+(0, 4)) & (4686, 38, 2192, t3=t2+(0, 5)) -> (2397, 138, 4686, t4=t3+(1, 5))	3	95
(4025, 196, 4752, t1) & (325, 117, 1596, t2=t1+(0, 7)) & (325, 194, 4025, t3=t2+(0, 3)) -> (4025, 196, 1596, t4=t3+(1, 8))	3	96
(255, 108, 4454, t1) & (4909, 195, 723, t2=t1+(0, 7)) & (255, 50, 4909, t3=t2+(0, 6)) -> (4454, 108, 255, t4=t3+(1, 11))	3	97
(4627, 110, 236, t1) & (1498, 120, 449, t2=t1+(0, 7)) & (236, 104, 449, t3=t2+(0, 4)) -> (449, 110, 236, t4=t3+(1, 3))	3	98
(2349, 192, 3872, t1) & (4257, 43, 163, t2=t1+(0, 4)) & (3872, 100, 163, t3=t2+(0, 9)) -> (163, 100, 3872, t4=t3+(1, 5))	3	99
(1743, 112, 2869, t1) & (41, 3, 938, t2=t1+(0, 4)) & (1743, 151, 41, t3=t2+(0, 1)) -> (1743, 112, 938, t4=t3+(1, 3))	3	100
(1193, 6, 4780, t1) & (187, 150, 3968, t2=t1+(0, 6)) & (4780, 103, 3968, t3=t2+(0, 6)) -> (4780, 103, 3968, t4=t3+(1, 8))	3	101
(1248, 125, 2759, t1) & (1918, 41, 3696, t2=t1+(0, 6)) & (1248, 63, 1918, t3=t2+(0, 3)) -> (1918, 63, 2759, t4=t3+(1, 4))	3	102
(4821, 188, 1346, t1) & (1710, 111, 1749, t2=t1+(0, 3)) & (1749, 135, 4821, t3=t2+(0, 3)) -> (1346, 135, 1749, t4=t3+(1, 5))	3	103
(1438, 78, 808, t1) & (3907, 170, 2463, t2=t1+(0, 6)) & (3907, 93, 1438, t3=t2+(0, 5)) -> (2463, 170, 3907, t4=t3+(1, 3))	3	104
(409, 48, 1271, t1) & (370, 78, 4029, t2=t1+(0, 8)) & (4029, 168, 409, t3=t2+(0, 1)) -> (4029, 168, 370, t4=t3+(1, 4))	3	105
(3145, 196, 3136, t1) & (4406, 107, 2775, t2=t1+(0, 4)) & (3136, 104, 4406, t3=t2+(0, 5)) -> (3136, 107, 3136, t4=t3+(1, 4))	3	106
(2594, 193, 3461, t1) & (2256, 121, 1176, t2=t1+(0, 10)) & (2256, 19, 2594, t3=t2+(0, 2)) -> (3461, 193, 2594, t4=t3+(1, 2))	3	107
(1665, 53, 3347, t1) & (4757, 89, 3262, t2=t1+(0, 4)) & (1665, 98, 4757, t3=t2+(0, 3)) -> (3347, 89, 4757, t4=t3+(1, 5))	3	108
(2849, 43, 3261, t1) & (1566, 42, 3485, t2=t1+(0, 4)) & (1566, 108, 3261, t3=t2+(0, 4)) -> (3485, 43, 1566, t4=t3+(1, 8))	3	109
(4093, 157, 1661, t1) & (4389, 119, 4032, t2=t1+(0, 3)) & (1661, 196, 4032, t3=t2+(0, 6)) -> (1661, 119, 4032, t4=t3+(1, 3))	3	110
(2138, 180, 3916, t1) & (2910, 197, 3692, t2=t1+(0, 3)) & (2138, 153, 2910, t3=t2+(0, 10)) -> (2910, 180, 2910, t4=t3+(1, 10))	3	111
(4207, 96, 1074, t1) & (4356, 84, 4904, t2=t1+(0, 1)) & (4356, 93, 4207, t3=t2+(0, 6)) -> (4356, 96, 4207, t4=t3+(1, 5))	3	112
(3015, 103, 2475, t1) & (3814, 22, 1069, t2=t1+(0, 4)) & (3814, 49, 2475, t3=t2+(0, 7)) -> (3814, 103, 2475, t4=t3+(1, 5))	3	113
(4791, 176, 1568, t1) & (403, 13, 409, t2=t1+(0, 5)) & (403, 68, 4791, t3=t2+(0, 6)) -> (403, 13, 409, t4=t3+(1, 10))	3	114
(4544, 145, 2921, t1) & (3113, 39, 1405, t2=t1+(0, 5)) & (3113, 60, 2921, t3=t2+(0, 3)) -> (3113, 60, 2921, t4=t3+(1, 4))	3	115
(2371, 153, 1287, t1) & (3941, 99, 2634, t2=t1+(0, 5)) & (2634, 86, 2371, t3=t2+(0, 3)) -> (2371, 86, 2371, t4=t3+(1, 4))	3	116
(1837, 56, 2618, t1) & (4871, 179, 1381, t2=t1+(0, 3)) & (1837, 92, 1381, t3=t2+(0, 1)) -> (1381, 56, 1837, t4=t3+(1, 2))	3	117
(3968, 189, 1532, t1) & (3740, 128, 621, t2=t1+(0, 7)) & (3968, 58, 3740, t3=t2+(0, 5)) -> (621, 128, 621, t4=t3+(1, 7))	3	118
(3175, 142, 500, t1) & (2867, 17, 2033, t2=t1+(0, 4)) & (2867, 20, 3175, t3=t2+(0, 7)) -> (2867, 17, 3175, t4=t3+(1, 9))	3	119
(279, 4, 1686, t1) & (2669, 135, 2889, t2=t1+(0, 5)) & (2889, 191, 279, t3=t2+(0, 1)) -> (2889, 135, 279, t4=t3+(1, 3))	3	120
(693, 36, 1769, t1) & (4092, 145, 4011, t2=t1+(0, 6)) & (693, 155, 4011, t3=t2+(0, 6)) -> (693, 145, 4011, t4=t3+(1, 5))	3	121
(2329, 44, 4789, t1) & (4254, 40, 3312, t2=t1+(0, 4)) & (3312, 164, 4789, t3=t2+(0, 4)) -> (2329, 164, 2329, t4=t3+(1, 7))	3	122
(4485, 53, 251, t1) & (351, 34, 2154, t2=t1+(0, 5)) & (2154, 139, 4485, t3=t2+(0, 6)) -> (251, 53, 251, t4=t3+(1, 3))	3	123
(657, 35, 1359, t1) & (4346, 192, 4971, t2=t1+(0, 7)) & (4971, 40, 1359, t3=t2+(0, 9)) -> (1359, 35, 4346, t4=t3+(1, 4))	3	124
(857, 85, 1669, t1) & (629, 186, 2052, t2=t1+(0, 7)) & (1669, 98, 629, t3=t2+(0, 3)) -> (2052, 85, 1669, t4=t3+(1, 8))	3	125
(1701, 99, 2099, t1) & (4458, 176, 1663, t2=t1+(0, 3)) & (2099, 122, 4458, t3=t2+(0, 2)) -> (2099, 99, 4458, t4=t3+(1, 4))	3	126
(873, 132, 4015, t1) & (3351, 48, 3766, t2=t1+(0, 5)) & (3766, 81, 873, t3=t2+(0, 5)) -> (3766, 48, 4015, t4=t3+(1, 6))	3	127
(1441, 144, 2320, t1) & (4054, 21, 2524, t2=t1+(0, 1)) & (2524, 194, 2320, t3=t2+(0, 5)) -> (2524, 21, 2524, t4=t3+(1, 1))	3	128
(149, 57, 2462, t1) & (3445, 133, 576, t2=t1+(0, 7)) & (2462, 104, 576, t3=t2+(0, 6)) -> (2462, 57, 576, t4=t3+(1, 2))	3	129
(1400, 172, 912, t1) & (164, 17, 2577, t2=t1+(0, 3)) & (164, 98, 912, t3=t2+(0, 5)) -> (164, 172, 164, t4=t3+(1, 3))	3	130
(3165, 116, 1098, t1) & (3489, 197, 4836, t2=t1+(0, 4)) & (3489, 40, 1098, t3=t2+(0, 5)) -> (1098, 197, 1098, t4=t3+(1, 4))	3	131
(1958, 174, 827, t1) & (1333, 60, 3479, t2=t1+(0, 4)) & (3479, 52, 1958, t3=t2+(0, 7)) -> (3479, 60, 1333, t4=t3+(1, 4))	3	132
(2072, 109, 2882, t1) & (3956, 90, 3449, t2=t1+(0, 3)) & (3449, 119, 2882, t3=t2+(0, 3)) -> (3956, 119, 2882, t4=t3+(1, 3))	3	133
(3416, 64, 4748, t1) & (623, 21, 2156, t2=t1+(0, 5)) & (4748, 125, 2156, t3=t2+(0, 3)) -> (4748, 64, 3416, t4=t3+(1, 4))	3	134
(2007, 101, 1653, t1) & (2236, 35, 2878, t2=t1+(0, 8)) & (1653, 119, 2236, t3=t2+(0, 5)) -> (2007, 35, 2236, t4=t3+(1, 3))	3	135
(1623, 16, 1694, t1) & (2225, 24, 2307, t2=t1+(0, 3)) & (2307, 197, 1694, t3=t2+(0, 6)) -> (2307, 16, 2307, t4=t3+(1, 4))	3	136
(3359, 12, 4601, t1) & (1552, 51, 4582, t2=t1+(0, 3)) & (3359, 183, 1552, t3=t2+(0, 8)) -> (1552, 183, 1552, t4=t3+(1, 5))	3	137
(2047, 162, 2937, t1) & (3839, 50, 2410, t2=t1+(0, 6)) & (2047, 67, 2410, t3=t2+(0, 11)) -> (3839, 50, 2047, t4=t3+(1, 4))	3	138
(198, 55, 4184, t1) & (1354, 48, 386, t2=t1+(0, 5)) & (4184, 107, 386, t3=t2+(0, 9)) -> (4184, 48, 4184, t4=t3+(1, 6))	3	139
(3580, 149, 1836, t1) & (4550, 99, 70, t2=t1+(0, 6)) & (1836, 84, 4550, t3=t2+(0, 3)) -> (4550, 99, 3580, t4=t3+(1, 5))	3	140
(3989, 132, 4374, t1) & (1949, 59, 1352, t2=t1+(0, 4)) & (1949, 133, 3989, t3=t2+(0, 5)) -> (3989, 132, 4374, t4=t3+(1, 6))	3	141
(3264, 113, 3421, t1) & (1746, 128, 156, t2=t1+(0, 4)) & (156, 196, 3264, t3=t2+(0, 9)) -> (3421, 196, 1746, t4=t3+(1, 5))	3	142
(1696, 43, 212, t1) & (552, 80, 1948, t2=t1+(0, 9)) & (552, 172, 212, t3=t2+(0, 3)) -> (1948, 43, 212, t4=t3+(1, 6))	3	143
(363, 156, 1792, t1) & (3284, 74, 838, t2=t1+(0, 5)) & (3284, 53, 1792, t3=t2+(0, 5)) -> (1792, 156, 838, t4=t3+(1, 6))	3	144
(574, 14, 2628, t1) & (4892, 91, 4414, t2=t1+(0, 4)) & (2628, 101, 4892, t3=t2+(0, 3)) -> (574, 91, 2628, t4=t3+(1, 5))	3	145
(4051, 54, 4876, t1) & (1198, 122, 403, t2=t1+(0, 6)) & (4876, 22, 1198, t3=t2+(0, 5)) -> (403, 122, 4876, t4=t3+(1, 2))	3	146
(1037, 24, 2214, t1) & (4808, 162, 490, t2=t1+(0, 6)) & (4808, 178, 1037, t3=t2+(0, 3)) -> (4808, 178, 4808, t4=t3+(1, 9))	3	147
(1474, 124, 1534, t1) & (1896, 126, 3207, t2=t1+(0, 7)) & (1474, 163, 1896, t3=t2+(0, 5)) -> (1474, 163, 1474, t4=t3+(1, 3))	3	148
(2724, 151, 2430, t1) & (2845, 1, 3285, t2=t1+(0, 5)) & (3285, 173, 2430, t3=t2+(0, 2)) -> (3285, 151, 2430, t4=t3+(1, 2))	3	149
(54, 61, 2979, t1) & (3535, 195, 1111, t2=t1+(0, 4)) & (2979, 92, 1111, t3=t2+(0, 5)) -> (2979, 195, 54, t4=t3+(1, 5))	3	150
(2458, 127, 3549, t1) & (3417, 114, 4603, t2=t1+(0, 3)) & (3417, 17, 3549, t3=t2+(0, 2)) -> (3549, 17, 3417, t4=t3+(1, 3))	3	151
(3497, 158, 4106, t1) & (1227, 118, 1944, t2=t1+(0, 4)) & (1944, 190, 3497, t3=t2+(0, 4)) -> (1944, 190, 3497, t4=t3+(1, 6))	3	152
(2534, 77, 3488, t1) & (373, 6, 2204, t2=t1+(0, 4)) & (3488, 176, 373, t3=t2+(0, 8)) -> (373, 6, 3488, t4=t3+(1, 8))	3	153
(1733, 189, 4328, t1) & (4255, 153, 2175, t2=t1+(0, 6)) & (1733, 97, 4255, t3=t2+(0, 3)) -> (1733, 189, 4328, t4=t3+(1, 7))	3	154
(448, 81, 108, t1) & (1077, 126, 4478, t2=t1+(0, 10)) & (448, 47, 4478, t3=t2+(0, 2)) -> (448, 81, 1077, t4=t3+(1, 4))	3	155
(1842, 119, 1470, t1) & (1022, 118, 4356, t2=t1+(0, 2)) & (4356, 131, 1470, t3=t2+(0, 7)) -> (1022, 119, 4356, t4=t3+(1, 4))	3	156
(2448, 99, 2799, t1) & (3661, 151, 2676, t2=t1+(0, 8)) & (3661, 148, 2799, t3=t2+(0, 3)) -> (2799, 99, 3661, t4=t3+(1, 6))	3	157
(4404, 187, 4241, t1) & (3083, 136, 3864, t2=t1+(0, 4)) & (3864, 92, 4404, t3=t2+(0, 3)) -> (3864, 136, 3864, t4=t3+(1, 3))	3	158
(2774, 59, 412, t1) & (4250, 152, 4487, t2=t1+(0, 8)) & (4487, 118, 412, t3=t2+(0, 7)) -> (412, 59, 412, t4=t3+(1, 7))	3	159
(1366, 37, 328, t1) & (2828, 157, 1961, t2=t1+(0, 3)) & (1961, 31, 328, t3=t2+(0, 4)) -> (328, 37, 2828, t4=t3+(1, 8))	3	160
(1122, 145, 41, t1) & (2600, 109, 4420, t2=t1+(0, 3)) & (4420, 90, 41, t3=t2+(0, 5)) -> (1122, 145, 41, t4=t3+(1, 7))	3	161
(3494, 24, 4781, t1) & (2809, 125, 619, t2=t1+(0, 9)) & (3494, 158, 2809, t3=t2+(0, 4)) -> (2809, 125, 3494, t4=t3+(1, 2))	3	162
(4530, 124, 4383, t1) & (2891, 86, 4355, t2=t1+(0, 7)) & (2891, 44, 4383, t3=t2+(0, 8)) -> (2891, 86, 4383, t4=t3+(1, 6))	3	163
(2553, 192, 3892, t1) & (4212, 150, 3596, t2=t1+(0, 7)) & (3892, 3, 3596, t3=t2+(0, 6)) -> (3596, 3, 3596, t4=t3+(1, 7))	3	164
(1493, 153, 3570, t1) & (4421, 85, 864, t2=t1+(0, 4)) & (1493, 105, 864, t3=t2+(0, 4)) -> (864, 85, 864, t4=t3+(1, 10))	3	165
(3285, 158, 3310, t1) & (1186, 53, 4696, t2=t1+(0, 2)) & (3285, 180, 1186, t3=t2+(0, 5)) -> (3310, 53, 3285, t4=t3+(1, 4))	3	166
(4868, 98, 2619, t1) & (581, 54, 3123, t2=t1+(0, 2)) & (581, 7, 4868, t3=t2+(0, 5)) -> (2619, 54, 4868, t4=t3+(1, 4))	3	167
(464, 172, 3923, t1) & (2080, 51, 3772, t2=t1+(0, 6)) & (3772, 35, 464, t3=t2+(0, 4)) -> (3772, 172, 3923, t4=t3+(1, 8))	3	168
(659, 129, 2627, t1) & (4526, 34, 4432, t2=t1+(0, 3)) & (4432, 134, 659, t3=t2+(0, 7)) -> (4432, 34, 659, t4=t3+(1, 3))	3	169
(2742, 110, 2735, t1) & (3574, 31, 1809, t2=t1+(0, 8)) & (2735, 39, 1809, t3=t2+(0, 6)) -> (1809, 39, 3574, t4=t3+(1, 4))	3	170
(383, 58, 3139, t1) & (111, 128, 299, t2=t1+(0, 4)) & (299, 10, 3139, t3=t2+(0, 5)) -> (383, 128, 383, t4=t3+(1, 8))	3	171
(3189, 169, 4037, t1) & (2272, 165, 383, t2=t1+(0, 5)) & (4037, 71, 383, t3=t2+(0, 6)) -> (383, 71, 4037, t4=t3+(1, 3))	3	172
(3448, 138, 3248, t1) & (3355, 159, 1397, t2=t1+(0, 8)) & (1397, 184, 3448, t3=t2+(0, 4)) -> (1397, 159, 3248, t4=t3+(1, 4))	3	173
(3360, 45, 4318, t1) & (4144, 115, 3935, t2=t1+(0, 8)) & (4144, 34, 4318, t3=t2+(0, 2)) -> (3360, 115, 3360, t4=t3+(1, 5))	3	174
(1469, 61, 3884, t1) & (3671, 89, 4011, t2=t1+(0, 3)) & (1469, 118, 3671, t3=t2+(0, 2)) -> (3671, 118, 3671, t4=t3+(1, 4))	3	175
(808, 144, 2607, t1) & (3, 135, 738, t2=t1+(0, 2)) & (738, 158, 808, t3=t2+(0, 7)) -> (738, 158, 738, t4=t3+(1, 4))	3	176
(1896, 112, 4379, t1) & (3802, 139, 2256, t2=t1+(0, 6)) & (1896, 71, 3802, t3=t2+(0, 4)) -> (4379, 139, 1896, t4=t3+(1, 4))	3	177
(1273, 93, 454, t1) & (2725, 140, 2432, t2=t1+(0, 5)) & (1273, 85, 2725, t3=t2+(0, 10)) -> (1273, 140, 2725, t4=t3+(1, 2))	3	178
(2000, 71, 593, t1) & (3259, 62, 2378, t2=t1+(0, 4)) & (3259, 7, 2000, t3=t2+(0, 5)) -> (2000, 62, 3259, t4=t3+(1, 3))	3	179
(667, 3, 4178, t1) & (4841, 60, 1822, t2=t1+(0, 7)) & (4178, 186, 1822, t3=t2+(0, 6)) -> (1822, 60, 4178, t4=t3+(1, 1))	3	180
(3199, 192, 3461, t1) & (1036, 171, 2808, t2=t1+(0, 6)) & (2808, 199, 3461, t3=t2+(0, 3)) -> (1036, 171, 3461, t4=t3+(1, 6))	3	181
(4504, 145, 4998, t1) & (4204, 25, 1770, t2=t1+(0, 3)) & (4504, 193, 4204, t3=t2+(0, 3)) -> (4204, 193, 1770, t4=t3+(1, 5))	3	182
(3722, 68, 3733, t1) & (1818, 143, 2392, t2=t1+(0, 4)) & (2392, 22, 3733, t3=t2+(0, 5)) -> (1818, 68, 3722, t4=t3+(1, 5))	3	183
(862, 73, 619, t1) & (2742, 18, 1131, t2=t1+(0, 6)) & (619, 164, 2742, t3=t2+(0, 4)) -> (1131, 164, 1131, t4=t3+(1, 6))	3	184
(1014, 136, 4352, t1) & (1888, 81, 102, t2=t1+(0, 7)) & (4352, 68, 102, t3=t2+(0, 10)) -> (1888, 81, 4352, t4=t3+(1, 7))	3	185
(4186, 38, 4951, t1) & (2433, 178, 2477, t2=t1+(0, 7)) & (2477, 152, 4186, t3=t2+(0, 4)) -> (2477, 38, 4186, t4=t3+(1, 4))	3	186
(835, 2, 1247, t1) & (1277, 153, 321, t2=t1+(0, 2)) & (1247, 100, 1277, t3=t2+(0, 6)) -> (321, 153, 321, t4=t3+(1, 8))	3	187
(2582, 98, 2040, t1) & (4503, 9, 1505, t2=t1+(0, 10)) & (4503, 168, 2040, t3=t2+(0, 5)) -> (2040, 168, 2040, t4=t3+(1, 5))	3	188
(3047, 143, 3859, t1) & (4952, 21, 233, t2=t1+(0, 5)) & (3859, 154, 4952, t3=t2+(0, 5)) -> (3047, 21, 4952, t4=t3+(1, 7))	3	189
(4867, 77, 2563, t1) & (277, 67, 3297, t2=t1+(0, 5)) & (277, 92, 4867, t3=t2+(0, 4)) -> (4867, 92, 4867, t4=t3+(1, 4))	3	190
(4535, 115, 422, t1) & (1402, 173, 305, t2=t1+(0, 8)) & (422, 28, 305, t3=t2+(0, 6)) -> (305, 115, 4535, t4=t3+(1, 8))	3	191
(1098, 126, 779, t1) & (4522, 76, 4620, t2=t1+(0, 5)) & (4620, 197, 779, t3=t2+(0, 8)) -> (4620, 197, 4620, t4=t3+(1, 6))	3	192
(1802, 18, 1877, t1) & (130, 116, 274, t2=t1+(0, 6)) & (1877, 103, 274, t3=t2+(0, 4)) -> (274, 103, 130, t4=t3+(1, 1))	3	193
(2873, 183, 3166, t1) & (3342, 92, 123, t2=t1+(0, 7)) & (2873, 97, 123, t3=t2+(0, 4)) -> (2873, 183, 3342, t4=t3+(1, 6))	3	194
(4318, 126, 2637, t1) & (542, 10, 1597, t2=t1+(0, 7)) & (2637, 38, 1597, t3=t2+(0, 7)) -> (2637, 10, 4318, t4=t3+(1, 6))	3	195
(4408, 189, 2893, t1) & (2623, 58, 2089, t2=t1+(0, 6)) & (2893, 179, 2623, t3=t2+(0, 8)) -> (2623, 58, 2623, t4=t3+(1, 4))	3	196
(2602, 3, 4357, t1) & (2995, 16, 902, t2=t1+(0, 3)) & (2602, 114, 902, t3=t2+(0, 3)) -> (2602, 3, 902, t4=t3+(1, 4))	3	197
(2717, 91, 169, t1) & (3176, 162, 483, t2=t1+(0, 4)) & (2717, 104, 3176, t3=t2+(0, 4)) -> (2717, 91, 3176, t4=t3+(1, 2))	3	198
(1965, 41, 2451, t1) & (3050, 110, 1977, t2=t1+(0, 3)) & (1977, 128, 2451, t3=t2+(0, 5)) -> (1977, 128, 2451, t4=t3+(1, 2))	3	199
(1590, 29, 3895, t1) & (4048, 183, 964, t2=t1+(0, 7)) & (1590, 99, 964, t3=t2+(0, 5)) -> (1590, 29, 1590, t4=t3+(1, 7))	3	200
(1740, 72, 4820, t1) & (3716, 2, 408, t2=t1+(0, 5)) & (4820, 55, 408, t3=t2+(0, 4)) -> (408, 2, 3716, t4=t3+(1, 5))	3	201
(2171, 162, 1083, t1) & (2126, 188, 2408, t2=t1+(0, 4)) & (2408, 114, 1083, t3=t2+(0, 9)) -> (2408, 188, 1083, t4=t3+(1, 4))	3	202
(4073, 101, 3403, t1) & (3601, 176, 2726, t2=t1+(0, 5)) & (4073, 8, 3601, t3=t2+(0, 5)) -> (3403, 176, 4073, t4=t3+(1, 4))	3	203
(2733, 119, 2500, t1) & (4245, 109, 2078, t2=t1+(0, 2)) & (2733, 123, 4245, t3=t2+(0, 12)) -> (4245, 119, 2733, t4=t3+(1, 3))	3	204
(19, 121, 2894, t1) & (4568, 80, 2638, t2=t1+(0, 7)) & (19, 0, 2638, t3=t2+(0, 2)) -> (2638, 121, 2638, t4=t3+(1, 8))	3	205
(2625, 160, 4749, t1) & (3520, 123, 2572, t2=t1+(0, 6)) & (2572, 9, 2625, t3=t2+(0, 3)) -> (3520, 123, 2572, t4=t3+(1, 11))	3	206
(2678, 177, 2291, t1) & (1755, 185, 268, t2=t1+(0, 6)) & (268, 78, 2678, t3=t2+(0, 2)) -> (2678, 78, 2678, t4=t3+(1, 4))	3	207
(4900, 65, 2133, t1) & (1425, 16, 4805, t2=t1+(0, 6)) & (2133, 121, 1425, t3=t2+(0, 8)) -> (2133, 121, 2133, t4=t3+(1, 8))	3	208
(3044, 132, 3236, t1) & (682, 96, 3272, t2=t1+(0, 2)) & (682, 159, 3044, t3=t2+(0, 5)) -> (3044, 159, 3044, t4=t3+(1, 3))	3	209
(4286, 91, 330, t1) & (2663, 184, 2824, t2=t1+(0, 1)) & (2663, 131, 330, t3=t2+(0, 4)) -> (2663, 131, 2663, t4=t3+(1, 4))	3	210
(64, 17, 3797, t1) & (2485, 9, 2319, t2=t1+(0, 0)) & (2485, 197, 3797, t3=t2+(0, 1)) -> (2485, 17, 64, t4=t3+(1, 1))	3	211
(1309, 102, 759, t1) & (2875, 30, 80, t2=t1+(0, 9)) & (1309, 39, 2875, t3=t2+(0, 1)) -> (2875, 102, 80, t4=t3+(1, 6))	3	212
(2389, 97, 3205, t1) & (3313, 118, 2235, t2=t1+(0, 8)) & (3313, 118, 2389, t3=t2+(0, 9)) -> (2389, 97, 3205, t4=t3+(1, 4))	3	213
(1845, 51, 1804, t1) & (1426, 142, 456, t2=t1+(0, 2)) & (1426, 148, 1845, t3=t2+(0, 6)) -> (456, 51, 1845, t4=t3+(1, 6))	3	214
(3028, 185, 3309, t1) & (1682, 164, 3926, t2=t1+(0, 4)) & (3309, 64, 1682, t3=t2+(0, 3)) -> (3028, 64, 3028, t4=t3+(1, 5))	3	215
(4104, 155, 150, t1) & (972, 32, 354, t2=t1+(0, 7)) & (972, 100, 4104, t3=t2+(0, 10)) -> (150, 32, 972, t4=t3+(1, 10))	3	216
(2701, 97, 3966, t1) & (3617, 167, 3857, t2=t1+(0, 2)) & (3857, 143, 3966, t3=t2+(0, 4)) -> (2701, 97, 3857, t4=t3+(1, 3))	3	217
(3341, 165, 314, t1) & (2751, 102, 666, t2=t1+(0, 8)) & (666, 164, 314, t3=t2+(0, 3)) -> (666, 102, 666, t4=t3+(1, 8))	3	218
(327, 62, 2414, t1) & (881, 137, 2597, t2=t1+(0, 5)) & (327, 114, 881, t3=t2+(0, 6)) -> (881, 137, 2414, t4=t3+(1, 5))	3	219
(4372, 32, 4853, t1) & (2426, 54, 3400, t2=t1+(0, 8)) & (4372, 83, 2426, t3=t2+(0, 4)) -> (2426, 32, 2426, t4=t3+(1, 7))	3	220
(524, 165, 188, t1) & (2979, 74, 3395, t2=t1+(0, 2)) & (524, 116, 3395, t3=t2+(0, 3)) -> (188, 165, 524, t4=t3+(1, 5))	3	221
(1835, 99, 708, t1) & (1739, 177, 3038, t2=t1+(0, 7)) & (3038, 3, 708, t3=t2+(0, 3)) -> (1739, 3, 1739, t4=t3+(1, 5))	3	222
(3329, 74, 4268, t1) & (1001, 33, 597, t2=t1+(0, 6)) & (597, 32, 4268, t3=t2+(0, 5)) -> (1001, 32, 4268, t4=t3+(1, 4))	3	223
(1682, 85, 3807, t1) & (2985, 63, 1558, t2=t1+(0, 4)) & (1682, 92, 1558, t3=t2+(0, 6)) -> (2985, 63, 1682, t4=t3+(1, 8))	3	224
(210, 147, 2714, t1) & (3896, 119, 3367, t2=t1+(0, 4)) & (2714, 39, 3896, t3=t2+(0, 7)) -> (210, 119, 2714, t4=t3+(1, 1))	3	225
(2919, 58, 910, t1) & (1224, 0, 3756, t2=t1+(0, 3)) & (2919, 163, 1224, t3=t2+(0, 6)) -> (2919, 58, 2919, t4=t3+(1, 4))	3	226
(2732, 8, 412, t1) & (4157, 150, 3695, t2=t1+(0, 7)) & (2732, 2, 3695, t3=t2+(0, 3)) -> (2732, 8, 3695, t4=t3+(1, 2))	3	227
(1771, 126, 2315, t1) & (2309, 16, 945, t2=t1+(0, 5)) & (2309, 7, 2315, t3=t2+(0, 4)) -> (945, 16, 2309, t4=t3+(1, 3))	3	228
(4446, 106, 4708, t1) & (2500, 90, 2500, t2=t1+(0, 3)) & (2500, 152, 4446, t3=t2+(0, 10)) -> (4446, 90, 4446, t4=t3+(1, 3))	3	229
(647, 35, 3443, t1) & (3484, 118, 3944, t2=t1+(0, 2)) & (3484, 35, 647, t3=t2+(0, 4)) -> (3484, 35, 3484, t4=t3+(1, 7))	3	230
(1860, 76, 3896, t1) & (3661, 153, 744, t2=t1+(0, 5)) & (3896, 71, 744, t3=t2+(0, 6)) -> (3896, 153, 3896, t4=t3+(1, 5))	3	231
(3827, 98, 1644, t1) & (2544, 23, 3737, t2=t1+(0, 4)) & (3827, 192, 3737, t3=t2+(0, 7)) -> (3737, 192, 1644, t4=t3+(1, 3))	3	232
(4611, 150, 4931, t1) & (4229, 152, 1606, t2=t1+(0, 3)) & (4931, 195, 4229, t3=t2+(0, 5)) -> (4229, 152, 4229, t4=t3+(1, 2))	3	233
(4918, 190, 4897, t1) & (1038, 38, 1678, t2=t1+(0, 3)) & (4918, 18, 1038, t3=t2+(0, 2)) -> (1678, 190, 4897, t4=t3+(1, 4))	3	234
(2947, 149, 3902, t1) & (1757, 29, 333, t2=t1+(0, 0)) & (1757, 114, 3902, t3=t2+(0, 5)) -> (333, 29, 3902, t4=t3+(1, 6))	3	235
(2298, 196, 4945, t1) & (4428, 16, 4914, t2=t1+(0, 5)) & (4428, 16, 4945, t3=t2+(0, 6)) -> (4914, 16, 4914, t4=t3+(1, 7))	3	236
(2980, 29, 3309, t1) & (3909, 180, 2638, t2=t1+(0, 4)) & (2638, 79, 3309, t3=t2+(0, 8)) -> (2980, 79, 2638, t4=t3+(1, 1))	3	237
(1871, 179, 3482, t1) & (2902, 35, 2874, t2=t1+(0, 8)) & (2902, 149, 1871, t3=t2+(0, 6)) -> (2874, 35, 1871, t4=t3+(1, 7))	3	238
(2269, 20, 3217, t1) & (1732, 72, 1185, t2=t1+(0, 6)) & (1732, 71, 2269, t3=t2+(0, 8)) -> (1185, 71, 1732, t4=t3+(1, 7))	3	239
(1961, 122, 4696, t1) & (3880, 21, 3312, t2=t1+(0, 3)) & (3312, 164, 4696, t3=t2+(0, 2)) -> (4696, 164, 4696, t4=t3+(1, 3))	3	240
(2515, 186, 2965, t1) & (1633, 28, 696, t2=t1+(0, 2)) & (2965, 20, 1633, t3=t2+(0, 7)) -> (696, 186, 1633, t4=t3+(1, 6))	3	241
(3441, 44, 23, t1) & (2971, 5, 3297, t2=t1+(0, 6)) & (3441, 39, 3297, t3=t2+(0, 7)) -> (3441, 5, 2971, t4=t3+(1, 4))	3	242
(1654, 196, 2344, t1) & (925, 112, 1053, t2=t1+(0, 4)) & (1654, 169, 1053, t3=t2+(0, 4)) -> (1053, 112, 1053, t4=t3+(1, 8))	3	243
(2086, 47, 3721, t1) & (589, 26, 2337, t2=t1+(0, 8)) & (2086, 148, 589, t3=t2+(0, 4)) -> (2086, 26, 3721, t4=t3+(1, 3))	3	244
(858, 169, 4629, t1) & (1217, 59, 2677, t2=t1+(0, 5)) & (1217, 100, 858, t3=t2+(0, 2)) -> (858, 59, 4629, t4=t3+(1, 5))	3	245
(3391, 59, 3924, t1) & (3353, 50, 610, t2=t1+(0, 4)) & (3924, 22, 610, t3=t2+(0, 5)) -> (3924, 59, 610, t4=t3+(1, 7))	3	246
(1709, 46, 379, t1) & (2172, 48, 2408, t2=t1+(0, 3)) & (379, 193, 2408, t3=t2+(0, 2)) -> (379, 48, 2408, t4=t3+(1, 2))	3	247
(2582, 81, 4384, t1) & (3182, 53, 32, t2=t1+(0, 7)) & (32, 5, 2582, t3=t2+(0, 8)) -> (32, 53, 32, t4=t3+(1, 2))	3	248
(1179, 166, 212, t1) & (2376, 145, 2113, t2=t1+(0, 3)) & (2113, 117, 1179, t3=t2+(0, 4)) -> (2113, 166, 1179, t4=t3+(1, 5))	3	249
(1306, 29, 3554, t1) & (3803, 196, 3678, t2=t1+(0, 9)) & (1306, 28, 3678, t3=t2+(0, 7)) -> (3678, 196, 3678, t4=t3+(1, 2))	3	250
(2759, 94, 4363, t1) & (2376, 4, 2525, t2=t1+(0, 6)) & (2525, 165, 4363, t3=t2+(0, 7)) -> (4363, 4, 2759, t4=t3+(1, 6))	3	251
(881, 147, 2035, t1) & (4162, 44, 1420, t2=t1+(0, 7)) & (881, 0, 4162, t3=t2+(0, 1)) -> (2035, 44, 1420, t4=t3+(1, 5))	3	252
(1173, 34, 206, t1) & (1568, 37, 3473, t2=t1+(0, 9)) & (1173, 119, 1568, t3=t2+(0, 5)) -> (1173, 37, 3473, t4=t3+(1, 6))	3	253
(4456, 54, 425, t1) & (3489, 3, 4669, t2=t1+(0, 2)) & (3489, 11, 4456, t3=t2+(0, 7)) -> (4669, 11, 4456, t4=t3+(1, 8))	3	254
(140, 9, 4028, t1) & (3512, 128, 4382, t2=t1+(0, 2)) & (140, 130, 4382, t3=t2+(0, 6)) -> (3512, 130, 4382, t4=t3+(1, 9))	3	255
(275, 86, 2319, t1) & (4437, 111, 3609, t2=t1+(0, 5)) & (275, 14, 3609, t3=t2+(0, 2)) -> (2319, 86, 4437, t4=t3+(1, 3))	3	256
(426, 43, 1202, t1) & (3466, 137, 4352, t2=t1+(0, 6)) & (1202, 152, 3466, t3=t2+(0, 8)) -> (4352, 43, 4352, t4=t3+(1, 2))	3	257
(2915, 19, 2187, t1) & (702, 197, 4493, t2=t1+(0, 4)) & (2187, 52, 702, t3=t2+(0, 5)) -> (4493, 19, 702, t4=t3+(1, 5))	3	258
(4073, 32, 991, t1) & (4615, 106, 217, t2=t1+(0, 10)) & (991, 8, 217, t3=t2+(0, 4)) -> (217, 8, 4073, t4=t3+(1, 4))	3	259
(4235, 117, 221, t1) & (1098, 128, 782, t2=t1+(0, 6)) & (4235, 0, 1098, t3=t2+(0, 5)) -> (1098, 0, 1098, t4=t3+(1, 4))	3	260
(3158, 121, 2074, t1) & (4675, 142, 4303, t2=t1+(0, 3)) & (4675, 168, 2074, t3=t2+(0, 4)) -> (4675, 121, 2074, t4=t3+(1, 2))	3	261
(1583, 24, 3641, t1) & (1940, 67, 160, t2=t1+(0, 4)) & (1940, 82, 1583, t3=t2+(0, 3)) -> (160, 67, 1583, t4=t3+(1, 4))	3	262
(4245, 120, 3401, t1) & (2300, 25, 4474, t2=t1+(0, 4)) & (4245, 52, 2300, t3=t2+(0, 4)) -> (2300, 120, 4474, t4=t3+(1, 5))	3	263
(2394, 167, 2461, t1) & (2958, 115, 4998, t2=t1+(0, 4)) & (2958, 111, 2461, t3=t2+(0, 10)) -> (2958, 167, 2958, t4=t3+(1, 10))	3	264
(573, 167, 3666, t1) & (4010, 157, 1812, t2=t1+(0, 8)) & (573, 12, 1812, t3=t2+(0, 4)) -> (3666, 12, 4010, t4=t3+(1, 1))	3	265
(1479, 32, 4286, t1) & (382, 190, 2114, t2=t1+(0, 5)) & (2114, 53, 1479, t3=t2+(0, 4)) -> (2114, 190, 382, t4=t3+(1, 7))	3	266
(2422, 120, 4362, t1) & (1652, 54, 3665, t2=t1+(0, 5)) & (3665, 147, 4362, t3=t2+(0, 6)) -> (3665, 54, 4362, t4=t3+(1, 10))	3	267
(4552, 164, 2661, t1) & (2737, 148, 3374, t2=t1+(0, 8)) & (4552, 168, 2737, t3=t2+(0, 8)) -> (2737, 168, 4552, t4=t3+(1, 6))	3	268
(3229, 149, 4002, t1) & (3046, 197, 3330, t2=t1+(0, 4)) & (3229, 169, 3046, t3=t2+(0, 2)) -> (3046, 149, 3046, t4=t3+(1, 8))	3	269
(430, 144, 2250, t1) & (2252, 32, 159, t2=t1+(0, 7)) & (2250, 144, 159, t3=t2+(0, 4)) -> (430, 32, 2250, t4=t3+(1, 2))	3	270
(1748, 133, 3389, t1) & (3190, 81, 2060, t2=t1+(0, 5)) & (1748, 110, 3190, t3=t2+(0, 6)) -> (1748, 110, 2060, t4=t3+(1, 5))	3	271
(2614, 196, 2898, t1) & (2038, 8, 2754, t2=t1+(0, 3)) & (2614, 183, 2754, t3=t2+(0, 6)) -> (2614, 8, 2754, t4=t3+(1, 5))	3	272
(4015, 153, 2819, t1) & (117, 54, 4368, t2=t1+(0, 4)) & (4368, 105, 4015, t3=t2+(0, 4)) -> (4015, 54, 4368, t4=t3+(1, 9))	3	273
(748, 30, 2521, t1) & (2194, 7, 3382, t2=t1+(0, 7)) & (3382, 68, 748, t3=t2+(0, 0)) -> (748, 68, 3382, t4=t3+(1, 5))	3	274
(2998, 167, 142, t1) & (4207, 160, 3820, t2=t1+(0, 6)) & (3820, 28, 142, t3=t2+(0, 2)) -> (142, 167, 3820, t4=t3+(1, 4))	3	275
(3930, 62, 526, t1) & (536, 199, 2746, t2=t1+(0, 4)) & (526, 27, 536, t3=t2+(0, 3)) -> (536, 27, 536, t4=t3+(1, 5))	3	276
(4557, 168, 1581, t1) & (3193, 146, 3013, t2=t1+(0, 6)) & (4557, 58, 3013, t3=t2+(0, 1)) -> (3013, 168, 3013, t4=t3+(1, 7))	3	277
(2071, 114, 2609, t1) & (998, 44, 4424, t2=t1+(0, 2)) & (4424, 67, 2071, t3=t2+(0, 7)) -> (4424, 44, 4424, t4=t3+(1, 3))	3	278
(1098, 118, 4081, t1) & (2086, 69, 656, t2=t1+(0, 8)) & (4081, 174, 656, t3=t2+(0, 2)) -> (656, 174, 2086, t4=t3+(1, 5))	3	279
(3710, 61, 706, t1) & (1023, 170, 3407, t2=t1+(0, 9)) & (706, 114, 1023, t3=t2+(0, 8)) -> (3407, 61, 3407, t4=t3+(1, 3))	3	280
(283, 55, 2752, t1) & (2342, 8, 4822, t2=t1+(0, 6)) & (2752, 1, 2342, t3=t2+(0, 3)) -> (2752, 1, 283, t4=t3+(1, 4))	3	281
(2439, 53, 4260, t1) & (290, 177, 2768, t2=t1+(0, 5)) & (2768, 24, 2439, t3=t2+(0, 1)) -> (2768, 24, 290, t4=t3+(1, 7))	3	282
(1711, 179, 2974, t1) & (1593, 198, 4793, t2=t1+(0, 2)) & (1593, 81, 1711, t3=t2+(0, 6)) -> (4793, 198, 1593, t4=t3+(1, 2))	3	283
(1144, 108, 3561, t1) & (1393, 18, 3828, t2=t1+(0, 2)) & (1144, 160, 1393, t3=t2+(0, 5)) -> (1144, 160, 1144, t4=t3+(1, 6))	3	284
(3023, 40, 1057, t1) & (2843, 107, 2980, t2=t1+(0, 2)) & (3023, 48, 2980, t3=t2+(0, 4)) -> (3023, 107, 3023, t4=t3+(1, 4))	3	285
(4974, 33, 2347, t1) & (2777, 128, 2224, t2=t1+(0, 0)) & (2347, 9, 2777, t3=t2+(0, 4)) -> (2347, 9, 2777, t4=t3+(1, 10))	3	286
(2838, 24, 1769, t1) & (2330, 123, 4027, t2=t1+(0, 4)) & (2330, 162, 2838, t3=t2+(0, 7)) -> (2330, 123, 2838, t4=t3+(1, 8))	3	287
(3503, 125, 2278, t1) & (2542, 4, 4542, t2=t1+(0, 4)) & (2278, 88, 2542, t3=t2+(0, 10)) -> (2278, 88, 2542, t4=t3+(1, 3))	3	288
(3948, 86, 2603, t1) & (4971, 198, 4040, t2=t1+(0, 6)) & (4971, 147, 3948, t3=t2+(0, 5)) -> (3948, 147, 4040, t4=t3+(1, 1))	3	289
(4452, 190, 3771, t1) & (4446, 155, 4335, t2=t1+(0, 6)) & (4446, 193, 3771, t3=t2+(0, 6)) -> (3771, 193, 4335, t4=t3+(1, 1))	3	290
(3332, 53, 14, t1) & (2716, 133, 4730, t2=t1+(0, 3)) & (14, 32, 2716, t3=t2+(0, 4)) -> (2716, 32, 14, t4=t3+(1, 8))	3	291
(4738, 33, 4532, t1) & (3614, 164, 327, t2=t1+(0, 6)) & (4738, 30, 3614, t3=t2+(0, 6)) -> (4532, 33, 3614, t4=t3+(1, 7))	3	292
(1008, 7, 3945, t1) & (3560, 75, 3367, t2=t1+(0, 6)) & (1008, 47, 3367, t3=t2+(0, 6)) -> (3945, 75, 3367, t4=t3+(1, 1))	3	293
(2239, 28, 3783, t1) & (131, 174, 703, t2=t1+(0, 2)) & (2239, 22, 131, t3=t2+(0, 3)) -> (3783, 22, 2239, t4=t3+(1, 8))	3	294
(4215, 147, 2661, t1) & (1333, 66, 229, t2=t1+(0, 5)) & (1333, 85, 4215, t3=t2+(0, 5)) -> (1333, 147, 4215, t4=t3+(1, 6))	3	295
(1613, 35, 4390, t1) & (2542, 175, 4858, t2=t1+(0, 4)) & (4858, 148, 1613, t3=t2+(0, 2)) -> (2542, 175, 4390, t4=t3+(1, 5))	3	296
(2755, 115, 2246, t1) & (4152, 37, 4743, t2=t1+(0, 4)) & (4152, 64, 2755, t3=t2+(0, 5)) -> (2246, 64, 2755, t4=t3+(1, 6))	3	297
(1432, 101, 3943, t1) & (2970, 79, 3686, t2=t1+(0, 8)) & (3943, 67, 3686, t3=t2+(0, 3)) -> (2970, 101, 2970, t4=t3+(1, 5))	3	298
(254, 112, 2359, t1) & (1176, 70, 4625, t2=t1+(0, 3)) & (254, 182, 4625, t3=t2+(0, 5)) -> (2359, 112, 4625, t4=t3+(1, 4))	3	299
(2207, 4, 3865, t1) & (1086, 86, 1870, t2=t1+(0, 1)) & (3865, 165, 1086, t3=t2+(0, 6)) -> (1086, 86, 1086, t4=t3+(1, 8))	3	300
(530, 131, 1684, t1) & (2926, 45, 2496, t2=t1+(0, 4)) & (1684, 144, 2496, t3=t2+(0, 9)) -> (1684, 144, 2496, t4=t3+(1, 9))	3	301
(2173, 53, 3699, t1) & (1123, 143, 975, t2=t1+(0, 4)) & (3699, 189, 975, t3=t2+(0, 1)) -> (2173, 53, 975, t4=t3+(1, 6))	3	302
(4240, 10, 1435, t1) & (4474, 91, 883, t2=t1+(0, 2)) & (4240, 118, 4474, t3=t2+(0, 4)) -> (4240, 91, 883, t4=t3+(1, 6))	3	303
(237, 119, 3386, t1) & (3102, 99, 4293, t2=t1+(0, 8)) & (3102, 149, 3386, t3=t2+(0, 6)) -> (237, 119, 3386, t4=t3+(1, 4))	3	304
(2945, 105, 434, t1) & (1424, 75, 3095, t2=t1+(0, 5)) & (3095, 38, 434, t3=t2+(0, 3)) -> (434, 105, 1424, t4=t3+(1, 2))	3	305
(1342, 179, 133, t1) & (3823, 75, 4705, t2=t1+(0, 3)) & (4705, 54, 1342, t3=t2+(0, 5)) -> (4705, 54, 133, t4=t3+(1, 7))	3	306
(3014, 61, 3361, t1) & (1660, 94, 2199, t2=t1+(0, 5)) & (3361, 85, 1660, t3=t2+(0, 2)) -> (3014, 85, 3361, t4=t3+(1, 8))	3	307
(2022, 173, 3515, t1) & (4468, 187, 4854, t2=t1+(0, 4)) & (4854, 26, 3515, t3=t2+(0, 2)) -> (2022, 173, 3515, t4=t3+(1, 4))	3	308
(1871, 24, 3266, t1) & (3665, 39, 3981, t2=t1+(0, 1)) & (3665, 46, 1871, t3=t2+(0, 4)) -> (1871, 39, 3981, t4=t3+(1, 5))	3	309
(4410, 103, 826, t1) & (147, 14, 2131, t2=t1+(0, 3)) & (4410, 90, 147, t3=t2+(0, 1)) -> (147, 90, 2131, t4=t3+(1, 7))	3	310
(2091, 95, 3914, t1) & (1435, 156, 634, t2=t1+(0, 3)) & (634, 82, 3914, t3=t2+(0, 7)) -> (1435, 156, 2091, t4=t3+(1, 5))	3	311
(2445, 119, 2570, t1) & (2801, 26, 1708, t2=t1+(0, 7)) & (2445, 12, 1708, t3=t2+(0, 4)) -> (2570, 12, 1708, t4=t3+(1, 6))	3	312
(603, 110, 3517, t1) & (3880, 61, 357, t2=t1+(0, 5)) & (603, 5, 357, t3=t2+(0, 2)) -> (603, 5, 357, t4=t3+(1, 2))	3	313
(3065, 117, 3036, t1) & (2136, 143, 2890, t2=t1+(0, 3)) & (3036, 148, 2136, t3=t2+(0, 2)) -> (3065, 117, 3065, t4=t3+(1, 4))	3	314
(4955, 2, 998, t1) & (1306, 168, 1005, t2=t1+(0, 6)) & (4955, 41, 1005, t3=t2+(0, 1)) -> (1005, 168, 1005, t4=t3+(1, 6))	3	315
(1529, 100, 2835, t1) & (3757, 148, 2218, t2=t1+(0, 7)) & (3757, 56, 2835, t3=t2+(0, 4)) -> (2835, 100, 1529, t4=t3+(1, 7))	3	316
(2259, 123, 3524, t1) & (1883, 125, 2917, t2=t1+(0, 8)) & (2259, 53, 2917, t3=t2+(0, 4)) -> (1883, 125, 2917, t4=t3+(1, 1))	3	317
(3652, 130, 923, t1) & (1241, 26, 3918, t2=t1+(0, 2)) & (1241, 166, 3652, t3=t2+(0, 6)) -> (1241, 166, 3652, t4=t3+(1, 6))	3	318
(2080, 49, 2002, t1) & (930, 166, 327, t2=t1+(0, 4)) & (327, 30, 2002, t3=t2+(0, 6)) -> (327, 30, 327, t4=t3+(1, 7))	3	319
(4628, 102, 140, t1) & (4077, 149, 3915, t2=t1+(0, 6)) & (4077, 187, 4628, t3=t2+(0, 11)) -> (140, 187, 4077, t4=t3+(1, 7))	3	320
(3305, 62, 3710, t1) & (753, 66, 4417, t2=t1+(0, 5)) & (4417, 81, 3710, t3=t2+(0, 7)) -> (3305, 66, 3710, t4=t3+(1, 6))	3	321
(1953, 135, 2874, t1) & (1029, 180, 3725, t2=t1+(0, 4)) & (3725, 160, 2874, t3=t2+(0, 5)) -> (3725, 160, 2874, t4=t3+(1, 6))	3	322
(3261, 92, 4092, t1) & (3998, 167, 4611, t2=t1+(0, 1)) & (3261, 134, 3998, t3=t2+(0, 4)) -> (3261, 134, 3998, t4=t3+(1, 1))	3	323
(1206, 46, 3036, t1) & (2174, 25, 3744, t2=t1+(0, 7)) & (2174, 29, 1206, t3=t2+(0, 3)) -> (3744, 25, 1206, t4=t3+(1, 4))	3	324
(3182, 91, 2826, t1) & (2933, 175, 4123, t2=t1+(0, 9)) & (3182, 82, 4123, t3=t2+(0, 5)) -> (3182, 82, 4123, t4=t3+(1, 3))	3	325
(4963, 146, 2245, t1) & (442, 70, 458, t2=t1+(0, 2)) & (2245, 130, 458, t3=t2+(0, 1)) -> (4963, 130, 442, t4=t3+(1, 5))	3	326
(4031, 118, 3544, t1) & (3919, 168, 3705, t2=t1+(0, 7)) & (3544, 36, 3919, t3=t2+(0, 1)) -> (3919, 118, 3544, t4=t3+(1, 3))	3	327
(255, 130, 2708, t1) & (1227, 92, 233, t2=t1+(0, 3)) & (233, 54, 2708, t3=t2+(0, 7)) -> (2708, 54, 233, t4=t3+(1, 3))	3	328
(4594, 157, 1296, t1) & (877, 169, 3494, t2=t1+(0, 8)) & (1296, 32, 877, t3=t2+(0, 5)) -> (877, 169, 877, t4=t3+(1, 7))	3	329
(2253, 5, 2357, t1) & (3522, 186, 2430, t2=t1+(0, 6)) & (2430, 74, 2357, t3=t2+(0, 6)) -> (2357, 186, 2253, t4=t3+(1, 4))	3	330
(1609, 57, 2822, t1) & (1388, 167, 821, t2=t1+(0, 4)) & (821, 104, 2822, t3=t2+(0, 4)) -> (2822, 104, 2822, t4=t3+(1, 4))	3	331
(2593, 174, 90, t1) & (4344, 183, 2787, t2=t1+(0, 6)) & (2787, 144, 90, t3=t2+(0, 0)) -> (2787, 174, 90, t4=t3+(1, 5))	3	332
(1256, 24, 4113, t1) & (840, 5, 4827, t2=t1+(0, 6)) & (4827, 148, 4113, t3=t2+(0, 5)) -> (4827, 24, 840, t4=t3+(1, 3))	3	333
(2917, 13, 4600, t1) & (893, 129, 4394, t2=t1+(0, 5)) & (893, 29, 2917, t3=t2+(0, 4)) -> (4394, 129, 2917, t4=t3+(1, 4))	3	334
(3324, 139, 4368, t1) & (3123, 91, 3035, t2=t1+(0, 2)) & (3123, 72, 3324, t3=t2+(0, 6)) -> (3324, 72, 3123, t4=t3+(1, 3))	3	335
(2257, 184, 80, t1) & (3474, 110, 3687, t2=t1+(0, 4)) & (80, 8, 3474, t3=t2+(0, 8)) -> (80, 110, 80, t4=t3+(1, 2))	3	336
(469, 116, 3489, t1) & (2187, 140, 3266, t2=t1+(0, 5)) & (2187, 122, 3489, t3=t2+(0, 5)) -> (3266, 116, 2187, t4=t3+(1, 5))	3	337
(1926, 4, 4480, t1) & (4111, 90, 4371, t2=t1+(0, 3)) & (4480, 167, 4371, t3=t2+(0, 11)) -> (4480, 90, 4371, t4=t3+(1, 6))	3	338
(1517, 77, 3539, t1) & (362, 19, 168, t2=t1+(0, 5)) & (3539, 39, 168, t3=t2+(0, 4)) -> (3539, 39, 362, t4=t3+(1, 4))	3	339
(1468, 176, 4680, t1) & (3052, 61, 1763, t2=t1+(0, 5)) & (4680, 110, 3052, t3=t2+(0, 5)) -> (4680, 61, 1468, t4=t3+(1, 8))	3	340
(2622, 59, 4367, t1) & (2438, 198, 1390, t2=t1+(0, 6)) & (2622, 26, 2438, t3=t2+(0, 4)) -> (2438, 198, 2438, t4=t3+(1, 9))	3	341
(3719, 167, 2144, t1) & (2613, 52, 1691, t2=t1+(0, 4)) & (2144, 0, 2613, t3=t2+(0, 5)) -> (2613, 0, 2613, t4=t3+(1, 7))	3	342
(3185, 8, 2505, t1) & (1251, 117, 1258, t2=t1+(0, 3)) & (2505, 108, 1258, t3=t2+(0, 3)) -> (2505, 117, 3185, t4=t3+(1, 3))	3	343
(2766, 175, 964, t1) & (3345, 100, 3211, t2=t1+(0, 4)) & (2766, 135, 3345, t3=t2+(0, 7)) -> (2766, 135, 3211, t4=t3+(1, 4))	3	344
(3197, 48, 1764, t1) & (4341, 77, 277, t2=t1+(0, 1)) & (1764, 89, 4341, t3=t2+(0, 6)) -> (4341, 48, 4341, t4=t3+(1, 11))	3	345
(1013, 187, 4232, t1) & (3507, 172, 4694, t2=t1+(0, 2)) & (4232, 40, 3507, t3=t2+(0, 6)) -> (4232, 187, 4232, t4=t3+(1, 3))	3	346
(265, 148, 2054, t1) & (2605, 90, 4064, t2=t1+(0, 6)) & (265, 94, 2605, t3=t2+(0, 5)) -> (4064, 94, 265, t4=t3+(1, 4))	3	347
(2067, 38, 2372, t1) & (2146, 160, 447, t2=t1+(0, 6)) & (2067, 38, 2146, t3=t2+(0, 5)) -> (447, 38, 2146, t4=t3+(1, 5))	3	348
(2955, 132, 4586, t1) & (4294, 115, 4195, t2=t1+(0, 5)) & (2955, 156, 4195, t3=t2+(0, 5)) -> (4586, 132, 2955, t4=t3+(1, 9))	3	349
(4741, 130, 2978, t1) & (1148, 176, 152, t2=t1+(0, 8)) & (2978, 35, 152, t3=t2+(0, 6)) -> (2978, 130, 1148, t4=t3+(1, 6))	3	350
(247, 136, 1978, t1) & (25, 152, 2865, t2=t1+(0, 6)) & (2865, 39, 1978, t3=t2+(0, 5)) -> (1978, 136, 1978, t4=t3+(1, 7))	3	351
(632, 144, 2179, t1) & (2329, 43, 2595, t2=t1+(0, 3)) & (2329, 149, 632, t3=t2+(0, 4)) -> (632, 43, 2329, t4=t3+(1, 7))	3	352
(2, 100, 3106, t1) & (3449, 56, 3609, t2=t1+(0, 3)) & (2, 109, 3449, t3=t2+(0, 7)) -> (3106, 56, 3609, t4=t3+(1, 3))	3	353
(158, 109, 2588, t1) & (4958, 198, 2119, t2=t1+(0, 5)) & (2119, 2, 2588, t3=t2+(0, 4)) -> (2588, 109, 2588, t4=t3+(1, 2))	3	354
(2089, 182, 1936, t1) & (4188, 82, 1840, t2=t1+(0, 4)) & (1840, 17, 2089, t3=t2+(0, 8)) -> (4188, 182, 4188, t4=t3+(1, 2))	3	355
(247, 159, 3731, t1) & (3702, 64, 4695, t2=t1+(0, 5)) & (3702, 79, 3731, t3=t2+(0, 3)) -> (3702, 64, 4695, t4=t3+(1, 7))	3	356
(4692, 126, 2958, t1) & (4901, 26, 1731, t2=t1+(0, 5)) & (1731, 48, 2958, t3=t2+(0, 3)) -> (4901, 126, 2958, t4=t3+(1, 6))	3	357
(4792, 56, 4826, t1) & (3931, 4, 4995, t2=t1+(0, 4)) & (4792, 60, 4995, t3=t2+(0, 7)) -> (3931, 60, 4826, t4=t3+(1, 1))	3	358
(1373, 194, 3178, t1) & (741, 82, 1646, t2=t1+(0, 8)) & (741, 151, 1373, t3=t2+(0, 7)) -> (1373, 151, 1646, t4=t3+(1, 4))	3	359
(4370, 199, 329, t1) & (2633, 37, 764, t2=t1+(0, 7)) & (4370, 124, 2633, t3=t2+(0, 3)) -> (4370, 37, 2633, t4=t3+(1, 6))	3	360
(529, 21, 4370, t1) & (2526, 166, 719, t2=t1+(0, 3)) & (529, 14, 2526, t3=t2+(0, 3)) -> (719, 14, 2526, t4=t3+(1, 6))	3	361
(4129, 27, 1824, t1) & (1262, 153, 931, t2=t1+(0, 2)) & (4129, 45, 931, t3=t2+(0, 5)) -> (1262, 45, 1824, t4=t3+(1, 6))	3	362
(2175, 47, 2447, t1) & (2193, 71, 641, t2=t1+(0, 3)) & (2175, 159, 641, t3=t2+(0, 10)) -> (641, 159, 641, t4=t3+(1, 4))	3	363
(3725, 45, 1330, t1) & (388, 198, 512, t2=t1+(0, 5)) & (1330, 92, 388, t3=t2+(0, 8)) -> (388, 92, 512, t4=t3+(1, 4))	3	364
(1835, 49, 2364, t1) & (75, 160, 604, t2=t1+(0, 7)) & (604, 60, 2364, t3=t2+(0, 3)) -> (604, 60, 2364, t4=t3+(1, 7))	3	365
(4667, 125, 147, t1) & (128, 64, 2572, t2=t1+(0, 8)) & (4667, 51, 2572, t3=t2+(0, 6)) -> (4667, 51, 2572, t4=t3+(1, 6))	3	366
(3253, 58, 1732, t1) & (3663, 85, 4439, t2=t1+(0, 5)) & (3663, 187, 3253, t3=t2+(0, 4)) -> (3253, 85, 3663, t4=t3+(1, 6))	3	367
(4144, 74, 461, t1) & (1524, 192, 4369, t2=t1+(0, 5)) & (1524, 93, 4144, t3=t2+(0, 5)) -> (1524, 74, 1524, t4=t3+(1, 9))	3	368
(4912, 182, 640, t1) & (3586, 41, 4067, t2=t1+(0, 3)) & (4912, 179, 4067, t3=t2+(0, 5)) -> (3586, 182, 4912, t4=t3+(1, 5))	3	369
(2569, 56, 4060, t1) & (4630, 113, 4914, t2=t1+(0, 10)) & (4914, 104, 4060, t3=t2+(0, 5)) -> (4914, 104, 4060, t4=t3+(1, 1))	3	370
(4265, 50, 952, t1) & (3601, 35, 503, t2=t1+(0, 2)) & (952, 156, 3601, t3=t2+(0, 7)) -> (3601, 156, 503, t4=t3+(1, 6))	3	371
(3586, 26, 2325, t1) & (3342, 105, 1544, t2=t1+(0, 4)) & (1544, 20, 3586, t3=t2+(0, 4)) -> (2325, 26, 1544, t4=t3+(1, 6))	3	372
(2633, 13, 2049, t1) & (818, 34, 3888, t2=t1+(0, 7)) & (2049, 89, 818, t3=t2+(0, 5)) -> (2049, 13, 2633, t4=t3+(1, 2))	3	373
(4303, 32, 4355, t1) & (1826, 77, 1569, t2=t1+(0, 6)) & (1569, 172, 4355, t3=t2+(0, 2)) -> (1569, 77, 4355, t4=t3+(1, 5))	3	374
(2192, 59, 2991, t1) & (2342, 165, 4103, t2=t1+(0, 7)) & (2342, 180, 2192, t3=t2+(0, 4)) -> (2342, 180, 2192, t4=t3+(1, 5))	3	375
(4336, 162, 4026, t1) & (4103, 27, 2869, t2=t1+(0, 4)) & (4336, 153, 2869, t3=t2+(0, 3)) -> (4026, 153, 4103, t4=t3+(1, 7))	3	376
(2692, 178, 3939, t1) & (3707, 43, 572, t2=t1+(0, 7)) & (572, 33, 2692, t3=t2+(0, 7)) -> (3707, 178, 2692, t4=t3+(1, 5))	3	377
(2335, 75, 1151, t1) & (1757, 36, 1662, t2=t1+(0, 6)) & (1662, 166, 1151, t3=t2+(0, 8)) -> (2335, 75, 1151, t4=t3+(1, 5))	3	378
(1573, 167, 413, t1) & (1227, 138, 3635, t2=t1+(0, 7)) & (3635, 30, 413, t3=t2+(0, 2)) -> (3635, 138, 1573, t4=t3+(1, 5))	3	379
(4632, 43, 2071, t1) & (3525, 188, 3048, t2=t1+(0, 5)) & (2071, 123, 3048, t3=t2+(0, 4)) -> (4632, 123, 3048, t4=t3+(1, 7))	3	380
(4580, 63, 3058, t1) & (1437, 53, 3170, t2=t1+(0, 3)) & (1437, 82, 3058, t3=t2+(0, 7)) -> (1437, 53, 1437, t4=t3+(1, 4))	3	381
(4154, 146, 4395, t1) & (2323, 185, 3727, t2=t1+(0, 3)) & (4154, 58, 2323, t3=t2+(0, 6)) -> (4154, 58, 3727, t4=t3+(1, 7))	3	382
(4580, 103, 4198, t1) & (436, 120, 1130, t2=t1+(0, 5)) & (4198, 20, 436, t3=t2+(0, 2)) -> (4198, 103, 436, t4=t3+(1, 4))	3	383
(1211, 73, 3281, t1) & (687, 92, 2611, t2=t1+(0, 8)) & (2611, 36, 1211, t3=t2+(0, 10)) -> (687, 36, 3281, t4=t3+(1, 7))	3	384
(2383, 38, 2143, t1) & (2172, 134, 1281, t2=t1+(0, 8)) & (2172, 124, 2143, t3=t2+(0, 3)) -> (2383, 134, 2143, t4=t3+(1, 7))	3	385
(3918, 5, 442, t1) & (4931, 157, 3158, t2=t1+(0, 5)) & (3918, 166, 4931, t3=t2+(0, 5)) -> (3918, 157, 4931, t4=t3+(1, 6))	3	386
(3817, 90, 1247, t1) & (4225, 35, 317, t2=t1+(0, 7)) & (3817, 54, 317, t3=t2+(0, 4)) -> (3817, 35, 1247, t4=t3+(1, 7))	3	387
(138, 87, 4161, t1) & (586, 43, 122, t2=t1+(0, 12)) & (586, 26, 4161, t3=t2+(0, 3)) -> (4161, 43, 122, t4=t3+(1, 7))	3	388
(11, 122, 3924, t1) & (2760, 90, 882, t2=t1+(0, 6)) & (3924, 181, 2760, t3=t2+(0, 7)) -> (882, 90, 11, t4=t3+(1, 4))	3	389
(843, 86, 1108, t1) & (3806, 141, 350, t2=t1+(0, 4)) & (1108, 128, 350, t3=t2+(0, 3)) -> (350, 128, 1108, t4=t3+(1, 4))	3	390
(2930, 62, 1210, t1) & (2080, 90, 557, t2=t1+(0, 3)) & (2080, 147, 1210, t3=t2+(0, 6)) -> (2080, 147, 2080, t4=t3+(1, 8))	3	391
(994, 28, 822, t1) & (2411, 2, 3145, t2=t1+(0, 5)) & (994, 196, 3145, t3=t2+(0, 5)) -> (2411, 2, 994, t4=t3+(1, 5))	3	392
(4774, 101, 135, t1) & (4561, 145, 140, t2=t1+(0, 3)) & (4774, 54, 4561, t3=t2+(0, 3)) -> (4561, 145, 4774, t4=t3+(1, 5))	3	393
(2105, 156, 2474, t1) & (660, 76, 1666, t2=t1+(0, 6)) & (2474, 62, 660, t3=t2+(0, 9)) -> (2474, 76, 2105, t4=t3+(1, 2))	3	394
(19, 172, 2926, t1) & (3774, 191, 4247, t2=t1+(0, 5)) & (19, 108, 4247, t3=t2+(0, 7)) -> (2926, 191, 19, t4=t3+(1, 5))	3	395
(794, 190, 4362, t1) & (43, 149, 3722, t2=t1+(0, 4)) & (3722, 141, 794, t3=t2+(0, 2)) -> (3722, 149, 794, t4=t3+(1, 3))	3	396
(1712, 38, 3198, t1) & (1217, 144, 4517, t2=t1+(0, 7)) & (1712, 96, 4517, t3=t2+(0, 1)) -> (3198, 144, 4517, t4=t3+(1, 3))	3	397
(2347, 35, 1206, t1) & (2573, 48, 3066, t2=t1+(0, 4)) & (3066, 101, 2347, t3=t2+(0, 3)) -> (3066, 48, 2347, t4=t3+(1, 4))	3	398
(12, 166, 1185, t1) & (2821, 88, 3971, t2=t1+(0, 6)) & (3971, 130, 1185, t3=t2+(0, 5)) -> (12, 88, 1185, t4=t3+(1, 7))	3	399
(1751, 182, 2345, t1) & (4752, 8, 2345, t2=t1+(0, 4)) -> (1751, 182, 2345, t3=t2+(1, 5))	2	400
(2836, 141, 1450, t1) & (1450, 33, 1450, t2=t1+(0, 7)) -> (1450, 141, 2836, t3=t2+(1, 2))	2	401
(1406, 153, 3899, t1) & (3899, 92, 1878, t2=t1+(0, 2)) -> (1406, 92, 3899, t3=t2+(1, 3))	2	402
(2960, 72, 1375, t1) & (2960, 20, 1375, t2=t1+(0, 6)) -> (1375, 72, 2960, t3=t2+(1, 8))	2	403
(1803, 145, 2970, t1) & (3235, 175, 1803, t2=t1+(0, 7)) -> (1803, 175, 2970, t3=t2+(1, 8))	2	404
(1893, 27, 3768, t1) & (1893, 4, 1893, t2=t1+(0, 4)) -> (3768, 27, 3768, t3=t2+(1, 7))	2	405
(1922, 4, 836, t1) & (836, 59, 1922, t2=t1+(0, 3)) -> (836, 59, 836, t3=t2+(1, 6))	2	406
(2751, 178, 4016, t1) & (2751, 136, 1379, t2=t1+(0, 3)) -> (2751, 136, 4016, t3=t2+(1, 5))	2	407
(3929, 84, 508, t1) & (3522, 46, 3929, t2=t1+(0, 6)) -> (508, 84, 508, t3=t2+(1, 4))	2	408
(964, 37, 2579, t1) & (2057, 189, 964, t2=t1+(0, 12)) -> (2057, 37, 964, t3=t2+(1, 8))	2	409
(2086, 128, 3108, t1) & (2086, 67, 2086, t2=t1+(0, 6)) -> (2086, 67, 2086, t3=t2+(1, 6))	2	410
(3674, 125, 2817, t1) & (2790, 109, 2817, t2=t1+(0, 2)) -> (2817, 109, 2790, t3=t2+(1, 6))	2	411
(942, 195, 4534, t1) & (4534, 24, 942, t2=t1+(0, 4)) -> (942, 24, 942, t3=t2+(1, 7))	2	412
(4849, 191, 527, t1) & (4849, 125, 2165, t2=t1+(0, 7)) -> (2165, 191, 4849, t3=t2+(1, 2))	2	413
(4396, 61, 2254, t1) & (4396, 191, 2219, t2=t1+(0, 3)) -> (2219, 191, 4396, t3=t2+(1, 5))	2	414
(4001, 196, 622, t1) & (622, 132, 2594, t2=t1+(0, 5)) -> (622, 132, 4001, t3=t2+(1, 4))	2	415
(2491, 150, 432, t1) & (2491, 20, 906, t2=t1+(0, 4)) -> (2491, 20, 906, t3=t2+(1, 7))	2	416
(2071, 66, 783, t1) & (1747, 128, 2071, t2=t1+(0, 9)) -> (2071, 66, 783, t3=t2+(1, 6))	2	417
(4965, 107, 2998, t1) & (4924, 148, 4965, t2=t1+(0, 0)) -> (2998, 148, 4965, t3=t2+(1, 2))	2	418
(2067, 119, 676, t1) & (2067, 97, 4660, t2=t1+(0, 6)) -> (4660, 97, 4660, t3=t2+(1, 8))	2	419
(1551, 25, 4910, t1) & (4910, 82, 1551, t2=t1+(0, 4)) -> (4910, 25, 4910, t3=t2+(1, 2))	2	420
(3275, 14, 829, t1) & (3275, 174, 1838, t2=t1+(0, 2)) -> (3275, 14, 829, t3=t2+(1, 7))	2	421
(401, 22, 4456, t1) & (4456, 48, 751, t2=t1+(0, 8)) -> (4456, 48, 4456, t3=t2+(1, 3))	2	422
(3697, 156, 4563, t1) & (1496, 157, 4563, t2=t1+(0, 2)) -> (4563, 156, 4563, t3=t2+(1, 5))	2	423
(551, 61, 652, t1) & (1877, 145, 652, t2=t1+(0, 5)) -> (652, 145, 551, t3=t2+(1, 2))	2	424
(4096, 108, 2734, t1) & (4096, 120, 419, t2=t1+(0, 7)) -> (419, 108, 419, t3=t2+(1, 11))	2	425
(808, 51, 674, t1) & (2372, 88, 808, t2=t1+(0, 1)) -> (674, 51, 808, t3=t2+(1, 4))	2	426
(1833, 188, 1819, t1) & (1819, 154, 1833, t2=t1+(0, 3)) -> (1833, 188, 1833, t3=t2+(1, 6))	2	427
(783, 159, 2085, t1) & (2085, 167, 188, t2=t1+(0, 3)) -> (783, 159, 2085, t3=t2+(1, 4))	2	428
(3615, 65, 1949, t1) & (1949, 86, 3615, t2=t1+(0, 2)) -> (3615, 86, 3615, t3=t2+(1, 6))	2	429
(1282, 33, 1066, t1) & (1282, 99, 1066, t2=t1+(0, 13)) -> (1066, 33, 1282, t3=t2+(1, 3))	2	430
(4860, 79, 2544, t1) & (4819, 153, 4860, t2=t1+(0, 4)) -> (4860, 79, 4860, t3=t2+(1, 7))	2	431
(4658, 171, 1811, t1) & (4658, 62, 4658, t2=t1+(0, 6)) -> (4658, 62, 4658, t3=t2+(1, 2))	2	432
(4005, 183, 3063, t1) & (985, 164, 4005, t2=t1+(0, 6)) -> (4005, 164, 985, t3=t2+(1, 5))	2	433
(3496, 186, 2895, t1) & (2895, 70, 3496, t2=t1+(0, 9)) -> (2895, 186, 2895, t3=t2+(1, 2))	2	434
(1463, 42, 1187, t1) & (1463, 63, 0, t2=t1+(0, 8)) -> (1187, 63, 1187, t3=t2+(1, 4))	2	435
(1006, 154, 161, t1) & (2504, 55, 1006, t2=t1+(0, 7)) -> (1006, 55, 1006, t3=t2+(1, 3))	2	436
(1315, 132, 1747, t1) & (1315, 121, 1747, t2=t1+(0, 8)) -> (1315, 121, 1315, t3=t2+(1, 5))	2	437
(2586, 194, 4536, t1) & (2586, 107, 4437, t2=t1+(0, 2)) -> (2586, 194, 4437, t3=t2+(1, 5))	2	438
(1690, 108, 3601, t1) & (3601, 157, 403, t2=t1+(0, 5)) -> (1690, 108, 3601, t3=t2+(1, 3))	2	439
(1893, 163, 3635, t1) & (1893, 170, 1639, t2=t1+(0, 6)) -> (3635, 170, 1893, t3=t2+(1, 6))	2	440
(1801, 44, 310, t1) & (4346, 103, 1801, t2=t1+(0, 6)) -> (310, 103, 4346, t3=t2+(1, 4))	2	441
(2123, 87, 2679, t1) & (2679, 199, 2123, t2=t1+(0, 6)) -> (2123, 199, 2123, t3=t2+(1, 8))	2	442
(3219, 197, 4938, t1) & (3219, 64, 973, t2=t1+(0, 6)) -> (3219, 64, 973, t3=t2+(1, 6))	2	443
(4308, 159, 368, t1) & (4561, 27, 368, t2=t1+(0, 7)) -> (4308, 159, 4561, t3=t2+(1, 3))	2	444
(3621, 113, 2536, t1) & (2536, 147, 2268, t2=t1+(0, 8)) -> (2536, 147, 2536, t3=t2+(1, 3))	2	445
(2616, 106, 4567, t1) & (1862, 104, 2616, t2=t1+(0, 3)) -> (1862, 106, 4567, t3=t2+(1, 8))	2	446
(4878, 63, 1548, t1) & (4878, 188, 1215, t2=t1+(0, 5)) -> (1548, 63, 1548, t3=t2+(1, 8))	2	447
(1521, 114, 4198, t1) & (4198, 173, 1521, t2=t1+(0, 5)) -> (4198, 114, 4198, t3=t2+(1, 6))	2	448
(3452, 180, 3912, t1) & (3912, 194, 2961, t2=t1+(0, 1)) -> (3912, 180, 3912, t3=t2+(1, 2))	2	449
(2067, 11, 4994, t1) & (1214, 163, 2067, t2=t1+(0, 5)) -> (2067, 11, 2067, t3=t2+(1, 8))	2	450
(2500, 189, 3984, t1) & (2500, 20, 4327, t2=t1+(0, 3)) -> (2500, 20, 2500, t3=t2+(1, 5))	2	451
(1398, 117, 4480, t1) & (4667, 68, 1398, t2=t1+(0, 2)) -> (4667, 117, 1398, t3=t2+(1, 6))	2	452
(3075, 105, 4161, t1) & (3075, 199, 4161, t2=t1+(0, 5)) -> (3075, 199, 3075, t3=t2+(1, 8))	2	453
(355, 114, 3569, t1) & (355, 157, 2916, t2=t1+(0, 5)) -> (3569, 114, 355, t3=t2+(1, 5))	2	454
(3604, 64, 3695, t1) & (2884, 118, 3604, t2=t1+(0, 7)) -> (3604, 118, 2884, t3=t2+(1, 9))	2	455
(2922, 127, 3220, t1) & (676, 36, 3220, t2=t1+(0, 10)) -> (676, 127, 3220, t3=t2+(1, 5))	2	456
(2877, 100, 2632, t1) & (4380, 14, 2877, t2=t1+(0, 6)) -> (4380, 100, 2877, t3=t2+(1, 2))	2	457
(1834, 62, 1620, t1) & (1620, 172, 2559, t2=t1+(0, 5)) -> (1834, 172, 1834, t3=t2+(1, 9))	2	458
(27, 187, 2984, t1) & (3457, 101, 27, t2=t1+(0, 5)) -> (2984, 101, 27, t3=t2+(1, 2))	2	459
(1132, 65, 645, t1) & (645, 114, 2994, t2=t1+(0, 4)) -> (2994, 65, 1132, t3=t2+(1, 3))	2	460
(2058, 157, 2994, t1) & (1350, 5, 2058, t2=t1+(0, 5)) -> (2058, 5, 2994, t3=t2+(1, 6))	2	461
(1486, 58, 4170, t1) & (1486, 179, 1486, t2=t1+(0, 8)) -> (4170, 179, 1486, t3=t2+(1, 3))	2	462
(2333, 87, 2362, t1) & (2362, 68, 2333, t2=t1+(0, 6)) -> (2333, 87, 2333, t3=t2+(1, 2))	2	463
(4784, 69, 2218, t1) & (4784, 27, 4784, t2=t1+(0, 4)) -> (4784, 69, 4784, t3=t2+(1, 7))	2	464
(3330, 176, 4232, t1) & (4170, 66, 4232, t2=t1+(0, 10)) -> (3330, 66, 4170, t3=t2+(1, 8))	2	465
(1524, 15, 3396, t1) & (3396, 188, 1524, t2=t1+(0, 2)) -> (3396, 15, 3396, t3=t2+(1, 7))	2	466
(2466, 27, 4694, t1) & (4694, 59, 4132, t2=t1+(0, 7)) -> (4132, 27, 4694, t3=t2+(1, 5))	2	467
(4330, 128, 4678, t1) & (4678, 139, 4678, t2=t1+(0, 2)) -> (4678, 139, 4678, t3=t2+(1, 3))	2	468
(776, 18, 3892, t1) & (776, 182, 776, t2=t1+(0, 4)) -> (3892, 182, 776, t3=t2+(1, 4))	2	469
(2159, 77, 3990, t1) & (3990, 103, 4341, t2=t1+(0, 6)) -> (3990, 77, 2159, t3=t2+(1, 2))	2	470
(3119, 27, 4865, t1) & (2345, 104, 4865, t2=t1+(0, 8)) -> (2345, 104, 2345, t3=t2+(1, 5))	2	471
(2968, 155, 2341, t1) & (3995, 193, 2968, t2=t1+(0, 4)) -> (2968, 193, 2341, t3=t2+(1, 6))	2	472
(2463, 194, 4819, t1) & (2463, 144, 1055, t2=t1+(0, 6)) -> (1055, 144, 1055, t3=t2+(1, 7))	2	473
(1966, 115, 808, t1) & (1966, 101, 808, t2=t1+(0, 9)) -> (808, 101, 1966, t3=t2+(1, 6))	2	474
(4360, 66, 517, t1) & (1594, 120, 4360, t2=t1+(0, 7)) -> (4360, 120, 4360, t3=t2+(1, 9))	2	475
(4708, 132, 1057, t1) & (1057, 72, 4708, t2=t1+(0, 7)) -> (4708, 72, 1057, t3=t2+(1, 2))	2	476
(2495, 124, 3020, t1) & (2495, 72, 3020, t2=t1+(0, 5)) -> (2495, 124, 2495, t3=t2+(1, 4))	2	477
(3760, 34, 4714, t1) & (3760, 87, 2301, t2=t1+(0, 6)) -> (4714, 87, 4714, t3=t2+(1, 4))	2	478
(63, 10, 140, t1) & (2033, 15, 140, t2=t1+(0, 8)) -> (140, 10, 140, t3=t2+(1, 7))	2	479
(3178, 31, 1373, t1) & (3178, 18, 3178, t2=t1+(0, 3)) -> (3178, 31, 3178, t3=t2+(1, 3))	2	480
(4624, 7, 1265, t1) & (437, 80, 4624, t2=t1+(0, 9)) -> (437, 7, 4624, t3=t2+(1, 6))	2	481
(1193, 142, 4467, t1) & (4467, 54, 4702, t2=t1+(0, 4)) -> (4702, 54, 4702, t3=t2+(1, 4))	2	482
(3394, 6, 4527, t1) & (3394, 13, 3394, t2=t1+(0, 9)) -> (3394, 13, 3394, t3=t2+(1, 4))	2	483
(4971, 69, 432, t1) & (4971, 126, 1936, t2=t1+(0, 10)) -> (4971, 126, 432, t3=t2+(1, 6))	2	484
(56, 192, 3673, t1) & (3673, 173, 56, t2=t1+(0, 8)) -> (3673, 173, 3673, t3=t2+(1, 4))	2	485
(945, 98, 4539, t1) & (945, 59, 945, t2=t1+(0, 4)) -> (4539, 98, 945, t3=t2+(1, 3))	2	486
(1109, 160, 2516, t1) & (1109, 169, 1297, t2=t1+(0, 7)) -> (1109, 169, 1109, t3=t2+(1, 5))	2	487
(519, 107, 1941, t1) & (1941, 123, 1367, t2=t1+(0, 0)) -> (519, 123, 1367, t3=t2+(1, 3))	2	488
(2221, 69, 2263, t1) & (507, 122, 2221, t2=t1+(0, 5)) -> (2221, 122, 2263, t3=t2+(1, 6))	2	489
(2213, 28, 725, t1) & (2213, 183, 4396, t2=t1+(0, 6)) -> (2213, 183, 2213, t3=t2+(1, 7))	2	490
(3090, 40, 3188, t1) & (1388, 139, 3188, t2=t1+(0, 3)) -> (1388, 139, 3188, t3=t2+(1, 3))	2	491
(636, 185, 504, t1) & (636, 132, 504, t2=t1+(0, 9)) -> (636, 132, 636, t3=t2+(1, 3))	2	492
(2698, 102, 2457, t1) & (2698, 165, 2698, t2=t1+(0, 4)) -> (2698, 102, 2698, t3=t2+(1, 4))	2	493
(4612, 56, 79, t1) & (4612, 151, 768, t2=t1+(0, 2)) -> (4612, 151, 79, t3=t2+(1, 7))	2	494
(719, 129, 4509, t1) & (719, 5, 719, t2=t1+(0, 5)) -> (719, 129, 719, t3=t2+(1, 4))	2	495
(2865, 117, 4146, t1) & (3896, 90, 4146, t2=t1+(0, 6)) -> (2865, 117, 2865, t3=t2+(1, 4))	2	496
(1666, 195, 173, t1) & (3794, 71, 173, t2=t1+(0, 8)) -> (1666, 195, 173, t3=t2+(1, 2))	2	497
(2938, 118, 1527, t1) & (1527, 131, 1527, t2=t1+(0, 5)) -> (2938, 118, 1527, t3=t2+(1, 6))	2	498
(1281, 153, 695, t1) & (4226, 48, 1281, t2=t1+(0, 9)) -> (4226, 48, 4226, t3=t2+(1, 4))	2	499
(4489, 157, 2202, t1) -> (2202, 157, 4489, t2=t1+(1, 3))	1	500
(2258, 196, 1680, t1) -> (2258, 196, 1680, t2=t1+(1, 6))	1	501
(901, 34, 1292, t1) -> (901, 34, 1292, t2=t1+(1, 5))	1	502
(3869, 141, 3289, t1) -> (3869, 141, 3289, t2=t1+(1, 5))	1	503
(4422, 9, 4785, t1) -> (4785, 9, 4785, t2=t1+(1, 6))	1	504
(163, 87, 3587, t1) -> (163, 87, 3587, t2=t1+(1, 7))	1	505
(3470, 92, 484, t1) -> (484, 92, 3470, t2=t1+(1, 4))	1	506
(2035, 192, 4366, t1) -> (4366, 192, 4366, t2=t1+(1, 4))	1	507
(4387, 56, 3186, t1) -> (4387, 56, 3186, t2=t1+(1, 8))	1	508
(2513, 12, 2983, t1) -> (2983, 12, 2513, t2=t1+(1, 11))	1	509
(1106, 16, 3767, t1) -> (3767, 16, 3767, t2=t1+(1, 8))	1	510
(666, 81, 2459, t1) -> (2459, 81, 2459, t2=t1+(1, 6))	1	511
(4595, 176, 790, t1) -> (790, 176, 4595, t2=t1+(1, 6))	1	512
(3194, 42, 4968, t1) -> (4968, 42, 4968, t2=t1+(1, 6))	1	513
(3074, 179, 2829, t1) -> (2829, 179, 3074, t2=t1+(1, 6))	1	514
(4073, 140, 561, t1) -> (4073, 140, 561, t2=t1+(1, 6))	1	515
(4862, 111, 2797, t1) -> (4862, 111, 4862, t2=t1+(1, 4))	1	516
(212, 90, 4200, t1) -> (212, 90, 4200, t2=t1+(1, 8))	1	517
(1938, 32, 933, t1) -> (933, 32, 933, t2=t1+(1, 2))	1	518
(4087, 44, 204, t1) -> (4087, 44, 4087, t2=t1+(1, 4))	1	519
(3399, 83, 339, t1) -> (339, 83, 3399, t2=t1+(1, 2))	1	520
(1692, 14, 2001, t1) -> (1692, 14, 1692, t2=t1+(1, 5))	1	521
(537, 110, 1126, t1) -> (1126, 110, 1126, t2=t1+(1, 9))	1	522
(4064, 58, 2855, t1) -> (2855, 58, 4064, t2=t1+(1, 7))	1	523
(4138, 42, 4995, t1) -> (4995, 42, 4995, t2=t1+(1, 6))	1	524
