(1975, 83, 660, t1) & (2017, 179, 4043, t2=t1+(0, 5)) & (4043, 41, 1975, t3=t2+(0, 5)) -> (1975, 83, 1975, t4=t3+(1, 4))	3	0
(1758, 22, 4641, t1) & (2465, 107, 1128, t2=t1+(0, 7)) & (1128, 44, 1758, t3=t2+(0, 7)) -> (1758, 22, 1758, t4=t3+(1, 6))	3	1
(103, 87, 412, t1) & (144, 52, 472, t2=t1+(0, 4)) & (144, 132, 412, t3=t2+(0, 4)) -> (144, 132, 412, t4=t3+(1, 2))	3	2
(426, 117, 3902, t1) & (1707, 53, 992, t2=t1+(0, 7)) & (992, 123, 426, t3=t2+(0, 8)) -> (992, 117, 426, t4=t3+(1, 1))	3	3
(508, 139, 1273, t1) & (2740, 129, 4717, t2=t1+(0, 4)) & (4717, 49, 508, t3=t2+(0, 2)) -> (508, 49, 2740, t4=t3+(1, 6))	3	4
(3629, 101, 3727, t1) & (4927, 0, 293, t2=t1+(0, 4)) & (3629, 193, 4927, t3=t2+(0, 4)) -> (4927, 101, 3629, t4=t3+(1, 3))	3	5
(2186, 113, 636, t1) & (1178, 67, 3327, t2=t1+(0, 3)) & (3327, 41, 636, t3=t2+(0, 4)) -> (1178, 41, 1178, t4=t3+(1, 2))	3	6
(4589, 126, 4895, t1) & (1946, 39, 2799, t2=t1+(0, 4)) & (1946, 40, 4589, t3=t2+(0, 7)) -> (4589, 40, 1946, t4=t3+(1, 8))	3	7
(1555, 97, 1460, t1) & (1116, 54, 3086, t2=t1+(0, 4)) & (1460, 142, 1116, t3=t2+(0, 4)) -> (1116, 142, 1460, t4=t3+(1, 5))	3	8
(788, 77, 2629, t1) & (3071, 140, 446, t2=t1+(0, 4)) & (788, 54, 3071, t3=t2+(0, 4)) -> (3071, 77, 2629, t4=t3+(1, 5))	3	9
(5, 99, 1574, t1) & (2159, 56, 3394, t2=t1+(0, 5)) & (1574, 96, 2159, t3=t2+(0, 7)) -> (5, 56, 1574, t4=t3+(1, 7))	3	10
(3957, 165, 4026, t1) & (754, 158, 705, t2=t1+(0, 1)) & (4026, 78, 705, t3=t2+(0, 6)) -> (754, 158, 4026, t4=t3+(1, 2))	3	11
(117, 70, 2091, t1) & (3301, 178, 4404, t2=t1+(0, 5)) & (4404, 118, 2091, t3=t2+(0, 2)) -> (2091, 70, 3301, t4=t3+(1, 7))	3	12
(3653, 13, 4053, t1) & (3747, 187, 671, t2=t1+(0, 5)) & (4053, 129, 671, t3=t2+(0, 3)) -> (4053, 129, 671, t4=t3+(1, 3))	3	13
(2610, 184, 3208, t1) & (2310, 159, 1301, t2=t1+(0, 3)) & (2610, 180, 2310, t3=t2+(0, 4)) -> (2610, 159, 1301, t4=t3+(1, 9))	3	14
(2115, 169, 845, t1) & (1427, 154, 3039, t2=t1+(0, 6)) & (845, 115, 3039, t3=t2+(0, 6)) -> (1427, 115, 1427, t4=t3+(1, 5))	3	15
(3304, 113, 3317, t1) & (4638, 123, 2198, t2=t1+(0, 4)) & (4638, 61, 3317, t3=t2+(0, 4)) -> (3304, 61, 4638, t4=t3+(1, 2))	3	16
(4519, 72, 4282, t1) & (1154, 33, 2915, t2=t1+(0, 5)) & (4519, 185, 2915, t3=t2+(0, 5)) -> (2915, 185, 4282, t4=t3+(1, 5))	3	17
(656, 117, 2684, t1) & (1493, 99, 995, t2=t1+(0, 4)) & (2684, 105, 995, t3=t2+(0, 4)) -> (2684, 117, 1493, t4=t3+(1, 5))	3	18
(365, 90, 4477, t1) & (783, 109, 2371, t2=t1+(0, 5)) & (2371, 25, 365, t3=t2+(0, 7)) -> (4477, 90, 2371, t4=t3+(1, 3))	3	19
(2749, 195, 846, t1) & (852, 119, 3959, t2=t1+(0, 3)) & (852, 78, 846, t3=t2+(0, 5)) -> (852, 78, 846, t4=t3+(1, 8))	3	20
(2340, 161, 4404, t1) & (805, 163, 2986, t2=t1+(0, 6)) & (2986, 104, 4404, t3=t2+(0, 2)) -> (4404, 163, 805, t4=t3+(1, 3))	3	21
(4675, 64, 618, t1) & (2822, 56, 118, t2=t1+(0, 5)) & (118, 170, 618, t3=t2+(0, 4)) -> (118, 170, 118, t4=t3+(1, 9))	3	22
(4533, 169, 1080, t1) & (2994, 164, 4353, t2=t1+(0, 4)) & (4353, 115, 1080, t3=t2+(0, 7)) -> (4353, 115, 4353, t4=t3+(1, 9))	3	23
(2259, 78, 750, t1) & (4351, 52, 142, t2=t1+(0, 4)) & (750, 88, 4351, t3=t2+(0, 3)) -> (2259, 52, 750, t4=t3+(1, 6))	3	24
(2163, 97, 3108, t1) & (751, 100, 843, t2=t1+(0, 6)) & (3108, 12, 751, t3=t2+(0, 5)) -> (751, 12, 3108, t4=t3+(1, 3))	3	25
(2953, 63, 2369, t1) & (1716, 119, 808, t2=t1+(0, 2)) & (2369, 159, 808, t3=t2+(0, 2)) -> (808, 119, 808, t4=t3+(1, 2))	3	26
(327, 194, 2821, t1) & (2581, 25, 1826, t2=t1+(0, 2)) & (2821, 90, 1826, t3=t2+(0, 2)) -> (2821, 90, 2821, t4=t3+(1, 8))	3	27
(1164, 62, 2405, t1) & (1762, 3, 2517, t2=t1+(0, 2)) & (1762, 40, 2405, t3=t2+(0, 5)) -> (1762, 40, 2405, t4=t3+(1, 6))	3	28
(4151, 36, 4938, t1) & (2876, 64, 601, t2=t1+(0, 6)) & (4151, 188, 2876, t3=t2+(0, 4)) -> (2876, 64, 2876, t4=t3+(1, 5))	3	29
(2224, 181, 2481, t1) & (3355, 69, 4688, t2=t1+(0, 6)) & (2481, 172, 4688, t3=t2+(0, 3)) -> (4688, 181, 2481, t4=t3+(1, 2))	3	30
(3127, 60, 1661, t1) & (1144, 129, 3762, t2=t1+(0, 7)) & (3127, 143, 3762, t3=t2+(0, 5)) -> (3127, 60, 3127, t4=t3+(1, 6))	3	31
(1910, 194, 2327, t1) & (1686, 21, 1379, t2=t1+(0, 3)) & (1686, 53, 2327, t3=t2+(0, 3)) -> (2327, 194, 2327, t4=t3+(1, 2))	3	32
(943, 113, 3213, t1) & (4072, 147, 4398, t2=t1+(0, 3)) & (4072, 76, 943, t3=t2+(0, 9)) -> (943, 147, 4072, t4=t3+(1, 2))	3	33
(764, 38, 566, t1) & (4976, 59, 895, t2=t1+(0, 3)) & (764, 68, 4976, t3=t2+(0, 4)) -> (895, 59, 566, t4=t3+(1, 4))	3	34
(1452, 117, 248, t1) & (2773, 69, 2966, t2=t1+(0, 7)) & (2773, 133, 248, t3=t2+(0, 6)) -> (2773, 133, 1452, t4=t3+(1, 4))	3	35
(3622, 103, 1535, t1) & (50, 163, 3147, t2=t1+(0, 4)) & (50, 121, 3622, t3=t2+(0, 4)) -> (3147, 121, 50, t4=t3+(1, 8))	3	36
(4213, 123, 3431, t1) & (911, 39, 4479, t2=t1+(0, 8)) & (911, 98, 4213, t3=t2+(0, 5)) -> (911, 39, 3431, t4=t3+(1, 3))	3	37
(2107, 94, 1357, t1) & (4069, 172, 1584, t2=t1+(0, 3)) & (1357, 90, 1584, t3=t2+(0, 5)) -> (1584, 172, 4069, t4=t3+(1, 3))	3	38
(277, 127, 4979, t1) & (1055, 33, 749, t2=t1+(0, 6)) & (1055, 146, 4979, t3=t2+(0, 4)) -> (1055, 127, 1055, t4=t3+(1, 4))	3	39
(1790, 145, 3203, t1) & (4943, 162, 4121, t2=t1+(0, 4)) & (4943, 194, 1790, t3=t2+(0, 4)) -> (4121, 162, 4943, t4=t3+(1, 7))	3	40
(2978, 106, 4206, t1) & (3895, 57, 1998, t2=t1+(0, 5)) & (2978, 119, 3895, t3=t2+(0, 5)) -> (2978, 106, 2978, t4=t3+(1, 5))	3	41
(4783, 113, 3638, t1) & (4094, 81, 4597, t2=t1+(0, 11)) & (3638, 184, 4597, t3=t2+(0, 4)) -> (4597, 81, 4783, t4=t3+(1, 4))	3	42
(3140, 92, 3252, t1) & (1288, 65, 789, t2=t1+(0, 6)) & (3140, 91, 1288, t3=t2+(0, 9)) -> (3252, 92, 789, t4=t3+(1, 7))	3	43
(4911, 93, 3318, t1) & (4189, 39, 605, t2=t1+(0, 3)) & (3318, 1, 605, t3=t2+(0, 3)) -> (3318, 39, 4189, t4=t3+(1, 7))	3	44
(4103, 146, 3761, t1) & (236, 154, 2750, t2=t1+(0, 9)) & (2750, 9, 3761, t3=t2+(0, 6)) -> (2750, 154, 3761, t4=t3+(1, 3))	3	45
(1056, 33, 668, t1) & (114, 103, 4372, t2=t1+(0, 4)) & (668, 181, 4372, t3=t2+(0, 6)) -> (4372, 181, 1056, t4=t3+(1, 10))	3	46
(2335, 179, 2513, t1) & (3476, 63, 2898, t2=t1+(0, 2)) & (2513, 83, 3476, t3=t2+(0, 8)) -> (2513, 179, 3476, t4=t3+(1, 9))	3	47
(2441, 15, 2613, t1) & (3889, 156, 3432, t2=t1+(0, 4)) & (3889, 195, 2441, t3=t2+(0, 6)) -> (2441, 15, 3889, t4=t3+(1, 5))	3	48
(4563, 177, 2752, t1) & (4856, 70, 1438, t2=t1+(0, 3)) & (4856, 106, 4563, t3=t2+(0, 4)) -> (4563, 177, 4856, t4=t3+(1, 7))	3	49
(3749, 122, 638, t1) & (3749, 63, 638, t2=t1+(0, 10)) -> (638, 122, 3749, t3=t2+(1, 6))	2	50
(2907, 59, 387, t1) & (3515, 59, 387, t2=t1+(0, 2)) -> (387, 59, 387, t3=t2+(1, 10))	2	51
(1397, 130, 1138, t1) & (1397, 111, 3440, t2=t1+(0, 4)) -> (1138, 111, 1397, t3=t2+(1, 6))	2	52
(1079, 76, 4684, t1) & (4324, 105, 1079, t2=t1+(0, 12)) -> (4684, 76, 4324, t3=t2+(1, 4))	2	53
(3127, 71, 2320, t1) & (2320, 53, 2739, t2=t1+(0, 6)) -> (2320, 53, 2739, t3=t2+(1, 5))	2	54
(1537, 16, 4671, t1) & (885, 190, 4671, t2=t1+(0, 2)) -> (4671, 16, 885, t3=t2+(1, 5))	2	55
(176, 166, 3454, t1) & (3419, 149, 3454, t2=t1+(0, 7)) -> (3454, 166, 3454, t3=t2+(1, 4))	2	56
(3761, 186, 4126, t1) & (4126, 172, 4126, t2=t1+(0, 7)) -> (4126, 186, 3761, t3=t2+(1, 3))	2	57
(4437, 136, 3021, t1) & (1954, 48, 3021, t2=t1+(0, 3)) -> (1954, 48, 3021, t3=t2+(1, 1))	2	58
(3698, 113, 1409, t1) & (3698, 4, 1009, t2=t1+(0, 6)) -> (3698, 113, 1009, t3=t2+(1, 5))	2	59
(281, 71, 3426, t1) & (281, 80, 3426, t2=t1+(0, 5)) -> (3426, 71, 281, t3=t2+(1, 3))	2	60
(94, 94, 3203, t1) & (316, 110, 94, t2=t1+(0, 7)) -> (316, 94, 94, t3=t2+(1, 3))	2	61
(2155, 143, 357, t1) & (2155, 50, 4236, t2=t1+(0, 5)) -> (2155, 143, 2155, t3=t2+(1, 7))	2	62
(808, 186, 1113, t1) & (808, 27, 1113, t2=t1+(0, 5)) -> (1113, 27, 808, t3=t2+(1, 5))	2	63
(4325, 35, 4806, t1) & (4806, 70, 4325, t2=t1+(0, 4)) -> (4806, 70, 4806, t3=t2+(1, 4))	2	64
(2537, 159, 2271, t1) & (2537, 131, 2537, t2=t1+(0, 4)) -> (2537, 159, 2537, t3=t2+(1, 5))	2	65
(752, 12, 3023, t1) & (3023, 22, 3023, t2=t1+(0, 5)) -> (3023, 12, 3023, t3=t2+(1, 6))	2	66
(1010, 93, 2156, t1) & (1569, 119, 1010, t2=t1+(0, 7)) -> (1010, 93, 1569, t3=t2+(1, 3))	2	67
(2444, 15, 2094, t1) & (2444, 69, 2038, t2=t1+(0, 7)) -> (2094, 69, 2444, t3=t2+(1, 7))	2	68
(2222, 55, 2110, t1) & (3736, 142, 2110, t2=t1+(0, 3)) -> (2110, 55, 3736, t3=t2+(1, 5))	2	69
(1776, 41, 1495, t1) & (1776, 20, 3356, t2=t1+(0, 5)) -> (1495, 20, 1776, t3=t2+(1, 2))	2	70
(2051, 139, 67, t1) & (2051, 15, 2335, t2=t1+(0, 6)) -> (2051, 15, 2051, t3=t2+(1, 3))	2	71
(1959, 184, 613, t1) & (3837, 35, 613, t2=t1+(0, 2)) -> (1959, 35, 1959, t3=t2+(1, 9))	2	72
(4478, 147, 437, t1) & (4695, 172, 437, t2=t1+(0, 5)) -> (437, 147, 4478, t3=t2+(1, 4))	2	73
(966, 60, 1455, t1) & (2575, 176, 966, t2=t1+(0, 4)) -> (1455, 60, 2575, t3=t2+(1, 6))	2	74
(2564, 133, 1279, t1) & (2564, 114, 1279, t2=t1+(0, 6)) -> (1279, 133, 2564, t3=t2+(1, 2))	2	75
(2808, 34, 4563, t1) & (2269, 26, 4563, t2=t1+(0, 7)) -> (2269, 26, 4563, t3=t2+(1, 5))	2	76
(3343, 182, 1339, t1) & (993, 91, 1339, t2=t1+(0, 3)) -> (3343, 182, 3343, t3=t2+(1, 6))	2	77
(195, 164, 2253, t1) & (195, 87, 4686, t2=t1+(0, 7)) -> (195, 87, 195, t3=t2+(1, 6))	2	78
(4900, 191, 4393, t1) & (4393, 128, 4393, t2=t1+(0, 8)) -> (4900, 191, 4393, t3=t2+(1, 2))	2	79
(4492, 9, 1700, t1) & (4492, 196, 3105, t2=t1+(0, 3)) -> (4492, 9, 1700, t3=t2+(1, 2))	2	80
(609, 45, 1997, t1) & (609, 103, 1997, t2=t1+(0, 2)) -> (1997, 45, 1997, t3=t2+(1, 11))	2	81
(644, 1, 4458, t1) & (4497, 37, 644, t2=t1+(0, 5)) -> (644, 37, 4458, t3=t2+(1, 4))	2	82
(1013, 193, 2970, t1) & (932, 139, 2970, t2=t1+(0, 5)) -> (2970, 193, 932, t3=t2+(1, 6))	2	83
(2617, 72, 1373, t1) & (4144, 36, 1373, t2=t1+(0, 1)) -> (2617, 36, 4144, t3=t2+(1, 2))	2	84
(1475, 95, 1261, t1) & (764, 25, 1475, t2=t1+(0, 6)) -> (1261, 95, 1475, t3=t2+(1, 5))	2	85
(4763, 100, 3799, t1) & (3799, 147, 4606, t2=t1+(0, 2)) -> (4763, 100, 3799, t3=t2+(1, 6))	2	86
(4214, 78, 1561, t1) & (4214, 83, 2154, t2=t1+(0, 8)) -> (4214, 78, 1561, t3=t2+(1, 5))	2	87
(2315, 23, 1756, t1) & (2217, 37, 1756, t2=t1+(0, 5)) -> (2217, 23, 1756, t3=t2+(1, 5))	2	88
(821, 172, 1525, t1) & (1525, 197, 821, t2=t1+(0, 2)) -> (1525, 197, 1525, t3=t2+(1, 3))	2	89
(4528, 76, 54, t1) & (54, 73, 2958, t2=t1+(0, 4)) -> (2958, 73, 54, t3=t2+(1, 7))	2	90
(979, 67, 516, t1) & (2301, 66, 979, t2=t1+(0, 6)) -> (516, 66, 516, t3=t2+(1, 9))	2	91
(1519, 103, 1262, t1) & (1519, 148, 1262, t2=t1+(0, 4)) -> (1519, 148, 1519, t3=t2+(1, 6))	2	92
(2522, 158, 634, t1) & (634, 84, 2522, t2=t1+(0, 6)) -> (2522, 84, 634, t3=t2+(1, 4))	2	93
(607, 0, 3277, t1) & (607, 124, 3277, t2=t1+(0, 11)) -> (607, 0, 3277, t3=t2+(1, 1))	2	94
(2202, 93, 1089, t1) & (767, 185, 1089, t2=t1+(0, 4)) -> (767, 93, 1089, t3=t2+(1, 5))	2	95
(877, 132, 4066, t1) & (4066, 189, 4066, t2=t1+(0, 4)) -> (877, 132, 4066, t3=t2+(1, 2))	2	96
(1397, 181, 4365, t1) & (1475, 197, 1397, t2=t1+(0, 8)) -> (1475, 181, 1475, t3=t2+(1, 4))	2	97
(287, 89, 3851, t1) & (4379, 169, 287, t2=t1+(0, 5)) -> (287, 89, 287, t3=t2+(1, 11))	2	98
(590, 0, 4824, t1) & (590, 142, 4824, t2=t1+(0, 3)) -> (4824, 142, 4824, t3=t2+(1, 3))	2	99
(2309, 177, 2169, t1) & (2169, 20, 2169, t2=t1+(0, 7)) -> (2169, 20, 2309, t3=t2+(1, 6))	2	100
(4526, 95, 3340, t1) & (4526, 8, 4526, t2=t1+(0, 4)) -> (4526, 95, 4526, t3=t2+(1, 7))	2	101
(3292, 147, 2661, t1) & (2994, 63, 2661, t2=t1+(0, 5)) -> (2661, 147, 2994, t3=t2+(1, 5))	2	102
(1152, 176, 2003, t1) & (2003, 113, 1577, t2=t1+(0, 2)) -> (1152, 176, 1152, t3=t2+(1, 5))	2	103
(1994, 126, 1686, t1) & (1994, 96, 3304, t2=t1+(0, 7)) -> (3304, 96, 3304, t3=t2+(1, 4))	2	104
(3502, 160, 1361, t1) & (3502, 76, 1361, t2=t1+(0, 5)) -> (3502, 160, 3502, t3=t2+(1, 7))	2	105
(3264, 87, 1230, t1) & (3264, 170, 989, t2=t1+(0, 6)) -> (1230, 87, 3264, t3=t2+(1, 1))	2	106
(911, 102, 441, t1) & (441, 53, 911, t2=t1+(0, 6)) -> (441, 102, 911, t3=t2+(1, 4))	2	107
(3546, 63, 1735, t1) & (1735, 107, 3806, t2=t1+(0, 5)) -> (3806, 107, 1735, t3=t2+(1, 1))	2	108
(289, 14, 2136, t1) & (2136, 115, 2136, t2=t1+(0, 10)) -> (2136, 14, 289, t3=t2+(1, 6))	2	109
(3493, 123, 2015, t1) & (1117, 31, 3493, t2=t1+(0, 8)) -> (3493, 123, 1117, t3=t2+(1, 6))	2	110
(912, 129, 1586, t1) & (912, 149, 925, t2=t1+(0, 6)) -> (912, 129, 925, t3=t2+(1, 8))	2	111
(1724, 151, 4787, t1) & (1724, 79, 2177, t2=t1+(0, 6)) -> (2177, 151, 1724, t3=t2+(1, 3))	2	112
(345, 167, 178, t1) & (178, 53, 402, t2=t1+(0, 5)) -> (178, 167, 345, t3=t2+(1, 4))	2	113
(3434, 15, 2556, t1) & (2556, 110, 3434, t2=t1+(0, 7)) -> (3434, 110, 3434, t3=t2+(1, 8))	2	114
(2806, 89, 78, t1) & (2806, 25, 3849, t2=t1+(0, 8)) -> (3849, 89, 3849, t3=t2+(1, 7))	2	115
(3202, 191, 3859, t1) & (3202, 197, 1295, t2=t1+(0, 3)) -> (3202, 191, 3202, t3=t2+(1, 8))	2	116
(4499, 187, 107, t1) & (3478, 23, 107, t2=t1+(0, 6)) -> (107, 187, 107, t3=t2+(1, 7))	2	117
(3552, 11, 277, t1) & (277, 193, 277, t2=t1+(0, 3)) -> (277, 193, 3552, t3=t2+(1, 5))	2	118
(2110, 114, 1360, t1) & (1169, 194, 2110, t2=t1+(0, 6)) -> (2110, 114, 2110, t3=t2+(1, 6))	2	119
(2065, 99, 2963, t1) & (2065, 55, 2963, t2=t1+(0, 5)) -> (2065, 55, 2065, t3=t2+(1, 5))	2	120
(606, 67, 4736, t1) & (606, 102, 4736, t2=t1+(0, 1)) -> (606, 67, 606, t3=t2+(1, 1))	2	121
(2770, 174, 639, t1) & (3650, 22, 2770, t2=t1+(0, 5)) -> (2770, 22, 2770, t3=t2+(1, 4))	2	122
(64, 114, 3612, t1) & (64, 34, 3487, t2=t1+(0, 4)) -> (64, 34, 64, t3=t2+(1, 5))	2	123
(2152, 166, 3334, t1) & (2152, 58, 3334, t2=t1+(0, 3)) -> (2152, 166, 2152, t3=t2+(1, 2))	2	124
(2537, 148, 910, t1) & (2537, 77, 2537, t2=t1+(0, 4)) -> (2537, 148, 2537, t3=t2+(1, 4))	2	125
(4485, 23, 857, t1) & (4463, 197, 857, t2=t1+(0, 6)) -> (4463, 197, 4463, t3=t2+(1, 4))	2	126
(2931, 75, 4973, t1) & (4973, 168, 72, t2=t1+(0, 4)) -> (4973, 75, 4973, t3=t2+(1, 6))	2	127
(4756, 137, 1146, t1) & (2315, 54, 1146, t2=t1+(0, 10)) -> (1146, 137, 2315, t3=t2+(1, 2))	2	128
(2962, 76, 1225, t1) & (2962, 174, 2678, t2=t1+(0, 5)) -> (2962, 174, 2962, t3=t2+(1, 3))	2	129
(2626, 17, 3655, t1) & (2626, 149, 3655, t2=t1+(0, 9)) -> (2626, 17, 2626, t3=t2+(1, 7))	2	130
(1704, 46, 3799, t1) & (2994, 40, 3799, t2=t1+(0, 2)) -> (3799, 46, 3799, t3=t2+(1, 2))	2	131
(2603, 120, 980, t1) & (2603, 69, 1875, t2=t1+(0, 5)) -> (980, 69, 2603, t3=t2+(1, 2))	2	132
(2418, 96, 479, t1) & (2705, 25, 479, t2=t1+(0, 4)) -> (2705, 96, 2705, t3=t2+(1, 6))	2	133
(4206, 170, 3276, t1) & (2770, 128, 4206, t2=t1+(0, 3)) -> (4206, 170, 4206, t3=t2+(1, 6))	2	134
(3630, 16, 4033, t1) & (3788, 141, 4033, t2=t1+(0, 5)) -> (4033, 16, 3630, t3=t2+(1, 6))	2	135
(1909, 171, 4727, t1) & (4727, 42, 4727, t2=t1+(0, 8)) -> (4727, 171, 4727, t3=t2+(1, 7))	2	136
(638, 112, 1488, t1) & (1488, 175, 638, t2=t1+(0, 7)) -> (638, 175, 638, t3=t2+(1, 7))	2	137
(3911, 120, 93, t1) & (3697, 73, 3911, t2=t1+(0, 4)) -> (3697, 120, 3911, t3=t2+(1, 6))	2	138
(2286, 62, 4229, t1) & (4229, 17, 4229, t2=t1+(0, 3)) -> (2286, 62, 4229, t3=t2+(1, 3))	2	139
(985, 126, 323, t1) & (3680, 73, 323, t2=t1+(0, 4)) -> (323, 73, 985, t3=t2+(1, 5))	2	140
(3415, 103, 1550, t1) & (1550, 125, 1550, t2=t1+(0, 3)) -> (1550, 125, 1550, t3=t2+(1, 1))	2	141
(4673, 90, 4939, t1) & (4939, 35, 4673, t2=t1+(0, 5)) -> (4939, 90, 4673, t3=t2+(1, 6))	2	142
(4579, 77, 2183, t1) & (4579, 186, 4579, t2=t1+(0, 6)) -> (4579, 186, 4579, t3=t2+(1, 4))	2	143
(4932, 197, 2479, t1) & (4932, 24, 3760, t2=t1+(0, 6)) -> (4932, 197, 4932, t3=t2+(1, 2))	2	144
(219, 113, 3668, t1) & (3668, 191, 219, t2=t1+(0, 4)) -> (3668, 191, 219, t3=t2+(1, 5))	2	145
(398, 73, 2397, t1) & (398, 50, 4542, t2=t1+(0, 5)) -> (2397, 50, 4542, t3=t2+(1, 3))	2	146
(497, 130, 4890, t1) & (1892, 178, 497, t2=t1+(0, 5)) -> (497, 178, 1892, t3=t2+(1, 3))	2	147
(152, 198, 3205, t1) & (3205, 26, 152, t2=t1+(0, 4)) -> (152, 198, 152, t3=t2+(1, 4))	2	148
(3958, 68, 4020, t1) & (882, 11, 3958, t2=t1+(0, 7)) -> (3958, 68, 3958, t3=t2+(1, 5))	2	149
(4043, 2, 2437, t1) -> (2437, 2, 4043, t2=t1+(1, 7))	1	150
(3077, 108, 4539, t1) -> (4539, 108, 4539, t2=t1+(1, 4))	1	151
(4345, 89, 1398, t1) -> (1398, 89, 1398, t2=t1+(1, 6))	1	152
(3680, 109, 3028, t1) -> (3028, 109, 3028, t2=t1+(1, 5))	1	153
(3710, 173, 1254, t1) -> (3710, 173, 1254, t2=t1+(1, 4))	1	154
(1899, 181, 1519, t1) -> (1899, 181, 1519, t2=t1+(1, 6))	1	155
(1204, 152, 4834, t1) -> (1204, 152, 4834, t2=t1+(1, 3))	1	156
(3358, 83, 2892, t1) -> (3358, 83, 3358, t2=t1+(1, 5))	1	157
(4209, 122, 2115, t1) -> (2115, 122, 4209, t2=t1+(1, 9))	1	158
(4722, 15, 540, t1) -> (540, 15, 540, t2=t1+(1, 5))	1	159
(2756, 71, 273, t1) -> (2756, 71, 273, t2=t1+(1, 3))	1	160
(3854, 7, 4532, t1) -> (4532, 7, 3854, t2=t1+(1, 2))	1	161
(3632, 117, 4696, t1) -> (4696, 117, 4696, t2=t1+(1, 8))	1	162
(2019, 61, 420, t1) -> (420, 61, 420, t2=t1+(1, 10))	1	163
(3822, 165, 3807, t1) -> (3807, 165, 3822, t2=t1+(1, 2))	1	164
(2775, 180, 3908, t1) -> (3908, 180, 2775, t2=t1+(1, 3))	1	165
(2894, 140, 1716, t1) -> (1716, 140, 2894, t2=t1+(1, 4))	1	166
(12, 22, 4483, t1) -> (4483, 22, 12, t2=t1+(1, 5))	1	167
(1845, 118, 1792, t1) -> (1792, 118, 1792, t2=t1+(1, 4))	1	168
(680, 181, 3914, t1) -> (680, 181, 680, t2=t1+(1, 2))	1	169
(4309, 145, 215, t1) -> (4309, 145, 4309, t2=t1+(1, 7))	1	170
(1157, 108, 4669, t1) -> (1157, 108, 1157, t2=t1+(1, 6))	1	171
(4380, 85, 637, t1) -> (637, 85, 637, t2=t1+(1, 3))	1	172
(506, 76, 339, t1) -> (506, 76, 506, t2=t1+(1, 7))	1	173
(3458, 79, 791, t1) -> (791, 79, 791, t2=t1+(1, 6))	1	174
(3064, 123, 4836, t1) -> (4836, 123, 4836, t2=t1+(1, 7))	1	175
(4284, 30, 3456, t1) -> (4284, 30, 3456, t2=t1+(1, 7))	1	176
(1432, 122, 892, t1) -> (892, 122, 892, t2=t1+(1, 5))	1	177
(2688, 76, 3781, t1) -> (3781, 76, 3781, t2=t1+(1, 7))	1	178
(4359, 198, 3987, t1) -> (3987, 198, 3987, t2=t1+(1, 9))	1	179
(1720, 75, 2903, t1) -> (2903, 75, 1720, t2=t1+(1, 5))	1	180
(1622, 13, 3896, t1) -> (3896, 13, 3896, t2=t1+(1, 7))	1	181
(3464, 54, 3954, t1) -> (3464, 54, 3954, t2=t1+(1, 7))	1	182
(861, 91, 420, t1) -> (861, 91, 861, t2=t1+(1, 3))	1	183
(3504, 51, 772, t1) -> (3504, 51, 3504, t2=t1+(1, 5))	1	184
(4267, 95, 1236, t1) -> (4267, 95, 1236, t2=t1+(1, 3))	1	185
(533, 145, 942, t1) -> (942, 145, 942, t2=t1+(1, 6))	1	186
(215, 25, 4908, t1) -> (215, 25, 215, t2=t1+(1, 6))	1	187
(4618, 35, 4786, t1) -> (4786, 35, 4786, t2=t1+(1, 5))	1	188
(371, 92, 1374, t1) -> (1374, 92, 1374, t2=t1+(1, 8))	1	189
(2453, 98, 4296, t1) -> (2453, 98, 2453, t2=t1+(1, 1))	1	190
(3040, 140, 2284, t1) -> (3040, 140, 2284, t2=t1+(1, 7))	1	191
(1931, 95, 1610, t1) -> (1610, 95, 1610, t2=t1+(1, 4))	1	192
(471, 71, 2705, t1) -> (2705, 71, 471, t2=t1+(1, 2))	1	193
(1067, 129, 1458, t1) -> (1067, 129, 1067, t2=t1+(1, 6))	1	194
(469, 54, 2192, t1) -> (469, 54, 2192, t2=t1+(1, 3))	1	195
(1933, 65, 2357, t1) -> (1933, 65, 2357, t2=t1+(1, 6))	1	196
(3248, 17, 4200, t1) -> (3248, 17, 3248, t2=t1+(1, 8))	1	197
(4814, 98, 3932, t1) -> (3932, 98, 3932, t2=t1+(1, 8))	1	198
(17, 163, 950, t1) -> (950, 163, 17, t2=t1+(1, 4))	1	199
(387, 25, 2252, t1) -> (2252, 25, 387, t2=t1+(1, 7))	1	200
(2169, 136, 3945, t1) -> (3945, 136, 2169, t2=t1+(1, 3))	1	201
(1448, 102, 866, t1) -> (866, 102, 1448, t2=t1+(1, 4))	1	202
(4788, 186, 4432, t1) -> (4432, 186, 4788, t2=t1+(1, 2))	1	203
(755, 120, 700, t1) -> (755, 120, 700, t2=t1+(1, 12))	1	204
(4995, 129, 964, t1) -> (4995, 129, 4995, t2=t1+(1, 2))	1	205
(261, 48, 4996, t1) -> (261, 48, 4996, t2=t1+(1, 3))	1	206
(1139, 94, 4953, t1) -> (1139, 94, 1139, t2=t1+(1, 6))	1	207
(4763, 24, 4557, t1) -> (4763, 24, 4557, t2=t1+(1, 4))	1	208
(3481, 86, 4500, t1) -> (3481, 86, 4500, t2=t1+(1, 7))	1	209
(2642, 179, 4066, t1) -> (2642, 179, 4066, t2=t1+(1, 6))	1	210
(1676, 5, 2249, t1) -> (2249, 5, 1676, t2=t1+(1, 5))	1	211
(533, 71, 4841, t1) -> (533, 71, 533, t2=t1+(1, 5))	1	212
(4509, 129, 4305, t1) -> (4305, 129, 4305, t2=t1+(1, 11))	1	213
(3400, 1, 3875, t1) -> (3400, 1, 3400, t2=t1+(1, 5))	1	214
(4675, 76, 2965, t1) -> (4675, 76, 2965, t2=t1+(1, 7))	1	215
(1181, 157, 4412, t1) -> (4412, 157, 4412, t2=t1+(1, 1))	1	216
(4010, 167, 630, t1) -> (4010, 167, 630, t2=t1+(1, 4))	1	217
(467, 59, 760, t1) -> (467, 59, 760, t2=t1+(1, 5))	1	218
(2882, 55, 737, t1) -> (737, 55, 2882, t2=t1+(1, 2))	1	219
(2850, 177, 354, t1) -> (2850, 177, 354, t2=t1+(1, 6))	1	220
(4837, 185, 1374, t1) -> (4837, 185, 1374, t2=t1+(1, 6))	1	221
(1543, 130, 3045, t1) -> (1543, 130, 3045, t2=t1+(1, 7))	1	222
(3261, 144, 4310, t1) -> (4310, 144, 4310, t2=t1+(1, 2))	1	223
(3575, 14, 2160, t1) -> (3575, 14, 2160, t2=t1+(1, 5))	1	224
(3002, 121, 2285, t1) -> (2285, 121, 3002, t2=t1+(1, 9))	1	225
(2330, 197, 3098, t1) -> (3098, 197, 2330, t2=t1+(1, 10))	1	226
(4774, 77, 932, t1) -> (932, 77, 932, t2=t1+(1, 6))	1	227
(1948, 197, 2737, t1) -> (2737, 197, 1948, t2=t1+(1, 6))	1	228
(9, 124, 590, t1) -> (9, 124, 590, t2=t1+(1, 3))	1	229
(4640, 22, 810, t1) -> (4640, 22, 810, t2=t1+(1, 4))	1	230
(4866, 30, 3630, t1) -> (3630, 30, 4866, t2=t1+(1, 7))	1	231
(2286, 150, 2160, t1) -> (2160, 150, 2160, t2=t1+(1, 7))	1	232
(4199, 85, 4477, t1) -> (4477, 85, 4199, t2=t1+(1, 9))	1	233
(3005, 165, 3949, t1) -> (3005, 165, 3005, t2=t1+(1, 5))	1	234
(1905, 165, 1484, t1) -> (1905, 165, 1905, t2=t1+(1, 7))	1	235
(4690, 68, 4942, t1) -> (4942, 68, 4690, t2=t1+(1, 2))	1	236
(2330, 181, 636, t1) -> (636, 181, 636, t2=t1+(1, 6))	1	237
(4362, 196, 2930, t1) -> (2930, 196, 2930, t2=t1+(1, 2))	1	238
(1334, 21, 126, t1) -> (126, 21, 1334, t2=t1+(1, 5))	1	239
(2843, 189, 3840, t1) -> (3840, 189, 2843, t2=t1+(1, 8))	1	240
(675, 151, 1367, t1) -> (1367, 151, 1367, t2=t1+(1, 6))	1	241
(4042, 66, 69, t1) -> (69, 66, 69, t2=t1+(1, 5))	1	242
(1445, 118, 4698, t1) -> (4698, 118, 4698, t2=t1+(1, 6))	1	243
(4899, 179, 2580, t1) -> (4899, 179, 2580, t2=t1+(1, 2))	1	244
(914, 171, 4571, t1) -> (4571, 171, 4571, t2=t1+(1, 7))	1	245
(2400, 199, 1478, t1) -> (1478, 199, 1478, t2=t1+(1, 3))	1	246
(4126, 151, 91, t1) -> (91, 151, 4126, t2=t1+(1, 7))	1	247
(4024, 182, 1340, t1) -> (1340, 182, 4024, t2=t1+(1, 7))	1	248
(4327, 87, 2419, t1) -> (4327, 87, 4327, t2=t1+(1, 8))	1	249
(2844, 165, 2478, t1) -> (2478, 165, 2844, t2=t1+(1, 4))	1	250
(3753, 125, 2186, t1) -> (3753, 125, 2186, t2=t1+(1, 8))	1	251
(4269, 135, 2089, t1) -> (4269, 135, 2089, t2=t1+(1, 5))	1	252
(7, 143, 508, t1) -> (508, 143, 7, t2=t1+(1, 5))	1	253
(2668, 158, 1651, t1) -> (2668, 158, 2668, t2=t1+(1, 7))	1	254
(1125, 8, 364, t1) -> (1125, 8, 364, t2=t1+(1, 2))	1	255
(4511, 47, 3971, t1) -> (3971, 47, 4511, t2=t1+(1, 3))	1	256
(3003, 167, 2785, t1) -> (3003, 167, 2785, t2=t1+(1, 6))	1	257
(4759, 143, 4656, t1) -> (4759, 143, 4759, t2=t1+(1, 5))	1	258
(4280, 142, 487, t1) -> (487, 142, 4280, t2=t1+(1, 2))	1	259
(486, 160, 3158, t1) -> (3158, 160, 486, t2=t1+(1, 9))	1	260
(1407, 167, 3933, t1) -> (1407, 167, 3933, t2=t1+(1, 5))	1	261
(3881, 70, 3325, t1) -> (3881, 70, 3325, t2=t1+(1, 6))	1	262
(2091, 89, 1863, t1) -> (2091, 89, 1863, t2=t1+(1, 4))	1	263
(1076, 105, 2252, t1) -> (1076, 105, 1076, t2=t1+(1, 4))	1	264
(66, 197, 4380, t1) -> (66, 197, 66, t2=t1+(1, 5))	1	265
(633, 142, 4762, t1) -> (633, 142, 633, t2=t1+(1, 8))	1	266
(2268, 39, 622, t1) -> (622, 39, 622, t2=t1+(1, 5))	1	267
(3421, 11, 573, t1) -> (3421, 11, 573, t2=t1+(1, 3))	1	268
(2065, 125, 3999, t1) -> (2065, 125, 3999, t2=t1+(1, 9))	1	269
(2368, 123, 4090, t1) -> (2368, 123, 4090, t2=t1+(1, 4))	1	270
(2318, 138, 3125, t1) -> (2318, 138, 3125, t2=t1+(1, 6))	1	271
(1179, 99, 3675, t1) -> (3675, 99, 1179, t2=t1+(1, 3))	1	272
(3406, 51, 1548, t1) -> (3406, 51, 1548, t2=t1+(1, 4))	1	273
(1037, 64, 3698, t1) -> (3698, 64, 1037, t2=t1+(1, 2))	1	274
(1286, 36, 3971, t1) -> (3971, 36, 3971, t2=t1+(1, 1))	1	275
(511, 191, 4762, t1) -> (4762, 191, 511, t2=t1+(1, 3))	1	276
(794, 84, 396, t1) -> (396, 84, 794, t2=t1+(1, 5))	1	277
(1221, 71, 267, t1) -> (267, 71, 267, t2=t1+(1, 8))	1	278
(3899, 180, 140, t1) -> (140, 180, 3899, t2=t1+(1, 1))	1	279
(3185, 181, 4114, t1) -> (3185, 181, 4114, t2=t1+(1, 7))	1	280
(3402, 93, 3945, t1) -> (3402, 93, 3945, t2=t1+(1, 5))	1	281
(4026, 58, 2606, t1) -> (4026, 58, 2606, t2=t1+(1, 6))	1	282
(2217, 53, 277, t1) -> (2217, 53, 2217, t2=t1+(1, 3))	1	283
(3324, 53, 1361, t1) -> (3324, 53, 1361, t2=t1+(1, 5))	1	284
(1671, 186, 1166, t1) -> (1166, 186, 1166, t2=t1+(1, 2))	1	285
(3777, 162, 2969, t1) -> (2969, 162, 2969, t2=t1+(1, 2))	1	286
(3022, 77, 669, t1) -> (669, 77, 669, t2=t1+(1, 3))	1	287
(3309, 196, 3254, t1) -> (3254, 196, 3309, t2=t1+(1, 6))	1	288
(722, 155, 2917, t1) -> (2917, 155, 2917, t2=t1+(1, 2))	1	289
(4423, 121, 1816, t1) -> (4423, 121, 4423, t2=t1+(1, 5))	1	290
(550, 33, 1232, t1) -> (1232, 33, 1232, t2=t1+(1, 8))	1	291
(1512, 180, 2030, t1) -> (1512, 180, 2030, t2=t1+(1, 3))	1	292
(1652, 156, 3484, t1) -> (3484, 156, 3484, t2=t1+(1, 7))	1	293
(3468, 119, 3863, t1) -> (3468, 119, 3863, t2=t1+(1, 3))	1	294
(484, 123, 920, t1) -> (484, 123, 484, t2=t1+(1, 6))	1	295
(1189, 158, 3420, t1) -> (3420, 158, 3420, t2=t1+(1, 3))	1	296
(1807, 77, 4807, t1) -> (1807, 77, 1807, t2=t1+(1, 3))	1	297
(143, 137, 4072, t1) -> (4072, 137, 143, t2=t1+(1, 13))	1	298
(2593, 21, 2884, t1) -> (2593, 21, 2593, t2=t1+(1, 4))	1	299
(2199, 178, 2909, t1) -> (2199, 178, 2199, t2=t1+(1, 5))	1	300
(2562, 45, 4604, t1) -> (4604, 45, 4604, t2=t1+(1, 4))	1	301
(1730, 111, 4494, t1) -> (4494, 111, 1730, t2=t1+(1, 8))	1	302
(2535, 161, 4757, t1) -> (4757, 161, 4757, t2=t1+(1, 7))	1	303
(1955, 199, 2526, t1) -> (2526, 199, 2526, t2=t1+(1, 2))	1	304
(4800, 82, 2795, t1) -> (2795, 82, 2795, t2=t1+(1, 7))	1	305
(2631, 84, 202, t1) -> (202, 84, 202, t2=t1+(1, 9))	1	306
(1247, 96, 4804, t1) -> (4804, 96, 1247, t2=t1+(1, 8))	1	307
(1661, 174, 511, t1) -> (1661, 174, 511, t2=t1+(1, 4))	1	308
(4036, 29, 2604, t1) -> (4036, 29, 4036, t2=t1+(1, 5))	1	309
(2626, 96, 2446, t1) -> (2446, 96, 2446, t2=t1+(1, 6))	1	310
(1562, 180, 1200, t1) -> (1200, 180, 1562, t2=t1+(1, 5))	1	311
(158, 66, 3730, t1) -> (3730, 66, 3730, t2=t1+(1, 3))	1	312
(823, 160, 3498, t1) -> (823, 160, 823, t2=t1+(1, 3))	1	313
(3838, 32, 1043, t1) -> (1043, 32, 3838, t2=t1+(1, 4))	1	314
(3836, 108, 1280, t1) -> (1280, 108, 3836, t2=t1+(1, 2))	1	315
(2198, 120, 1706, t1) -> (1706, 120, 2198, t2=t1+(1, 3))	1	316
(612, 106, 3430, t1) -> (3430, 106, 612, t2=t1+(1, 5))	1	317
(3876, 16, 546, t1) -> (3876, 16, 3876, t2=t1+(1, 5))	1	318
(40, 176, 3907, t1) -> (3907, 176, 3907, t2=t1+(1, 5))	1	319
(1848, 11, 4699, t1) -> (1848, 11, 4699, t2=t1+(1, 4))	1	320
(2679, 79, 2875, t1) -> (2679, 79, 2679, t2=t1+(1, 3))	1	321
(3027, 23, 154, t1) -> (154, 23, 154, t2=t1+(1, 4))	1	322
(2224, 150, 3335, t1) -> (2224, 150, 2224, t2=t1+(1, 5))	1	323
(4648, 96, 342, t1) -> (342, 96, 4648, t2=t1+(1, 4))	1	324
(4432, 171, 2601, t1) -> (2601, 171, 4432, t2=t1+(1, 6))	1	325
(1856, 106, 1905, t1) -> (1856, 106, 1856, t2=t1+(1, 3))	1	326
(3559, 122, 3730, t1) -> (3730, 122, 3730, t2=t1+(1, 2))	1	327
(3133, 181, 3526, t1) -> (3526, 181, 3526, t2=t1+(1, 3))	1	328
(4248, 63, 4308, t1) -> (4308, 63, 4248, t2=t1+(1, 8))	1	329
(817, 163, 2865, t1) -> (2865, 163, 817, t2=t1+(1, 4))	1	330
(492, 38, 1193, t1) -> (1193, 38, 1193, t2=t1+(1, 6))	1	331
(2070, 104, 2284, t1) -> (2070, 104, 2070, t2=t1+(1, 4))	1	332
(3037, 137, 228, t1) -> (228, 137, 3037, t2=t1+(1, 6))	1	333
(2663, 159, 1876, t1) -> (1876, 159, 1876, t2=t1+(1, 8))	1	334
(4978, 46, 4660, t1) -> (4978, 46, 4978, t2=t1+(1, 8))	1	335
(3653, 56, 2932, t1) -> (2932, 56, 3653, t2=t1+(1, 7))	1	336
(4406, 195, 727, t1) -> (4406, 195, 727, t2=t1+(1, 3))	1	337
(4689, 43, 1110, t1) -> (4689, 43, 4689, t2=t1+(1, 5))	1	338
(1488, 199, 543, t1) -> (543, 199, 1488, t2=t1+(1, 6))	1	339
(4083, 164, 234, t1) -> (234, 164, 234, t2=t1+(1, 4))	1	340
(4983, 190, 2160, t1) -> (2160, 190, 2160, t2=t1+(1, 5))	1	341
(2103, 158, 2297, t1) -> (2297, 158, 2103, t2=t1+(1, 7))	1	342
(345, 41, 4085, t1) -> (345, 41, 4085, t2=t1+(1, 3))	1	343
(145, 44, 4220, t1) -> (145, 44, 4220, t2=t1+(1, 2))	1	344
(3919, 126, 1155, t1) -> (3919, 126, 1155, t2=t1+(1, 4))	1	345
(932, 31, 1741, t1) -> (932, 31, 932, t2=t1+(1, 6))	1	346
(4032, 75, 2168, t1) -> (2168, 75, 2168, t2=t1+(1, 6))	1	347
(4190, 72, 3828, t1) -> (4190, 72, 4190, t2=t1+(1, 8))	1	348
(4762, 162, 1695, t1) -> (4762, 162, 1695, t2=t1+(1, 1))	1	349
