(1649, 49, 3219, t1) & (1179, 95, 845, t2=t1+(0, 4)) & (3219, 77, 1179, t3=t2+(0, 6)) -> (845, 95, 1649, t4=t3+(1, 6))	3	0
(2834, 161, 1318, t1) & (2648, 7, 3412, t2=t1+(0, 3)) & (2648, 192, 1318, t3=t2+(0, 3)) -> (2648, 192, 2834, t4=t3+(1, 5))	3	1
(3260, 25, 1520, t1) & (2540, 116, 602, t2=t1+(0, 4)) & (1520, 190, 2540, t3=t2+(0, 4)) -> (2540, 25, 2540, t4=t3+(1, 5))	3	2
(3054, 48, 2698, t1) & (4082, 46, 2603, t2=t1+(0, 4)) & (4082, 38, 2698, t3=t2+(0, 6)) -> (3054, 48, 4082, t4=t3+(1, 6))	3	3
(3763, 111, 3994, t1) & (1968, 185, 293, t2=t1+(0, 5)) & (1968, 191, 3994, t3=t2+(0, 2)) -> (1968, 191, 3763, t4=t3+(1, 4))	3	4
(1631, 179, 2010, t1) & (4178, 138, 3332, t2=t1+(0, 8)) & (2010, 42, 3332, t3=t2+(0, 6)) -> (4178, 42, 2010, t4=t3+(1, 5))	3	5
(1198, 179, 1926, t1) & (1935, 110, 336, t2=t1+(0, 5)) & (336, 148, 1926, t3=t2+(0, 2)) -> (336, 179, 336, t4=t3+(1, 5))	3	6
(4284, 41, 97, t1) & (2801, 146, 1382, t2=t1+(0, 5)) & (1382, 19, 97, t3=t2+(0, 6)) -> (97, 146, 1382, t4=t3+(1, 4))	3	7
(978, 174, 503, t1) & (652, 184, 17, t2=t1+(0, 7)) & (652, 1, 503, t3=t2+(0, 7)) -> (652, 174, 503, t4=t3+(1, 7))	3	8
(4259, 108, 4589, t1) & (1481, 17, 1145, t2=t1+(0, 3)) & (4259, 45, 1145, t3=t2+(0, 9)) -> (1145, 17, 4259, t4=t3+(1, 3))	3	9
(3789, 62, 762, t1) & (1406, 10, 4072, t2=t1+(0, 3)) & (762, 155, 4072, t3=t2+(0, 3)) -> (1406, 10, 1406, t4=t3+(1, 7))	3	10
(1721, 128, 3659, t1) & (3829, 61, 2786, t2=t1+(0, 2)) & (1721, 144, 2786, t3=t2+(0, 2)) -> (3659, 61, 3659, t4=t3+(1, 4))	3	11
(4171, 37, 4211, t1) & (584, 187, 4163, t2=t1+(0, 2)) & (4163, 101, 4211, t3=t2+(0, 9)) -> (4171, 187, 4163, t4=t3+(1, 3))	3	12
(3837, 198, 3333, t1) & (4230, 58, 937, t2=t1+(0, 5)) & (3333, 45, 4230, t3=t2+(0, 5)) -> (3837, 198, 937, t4=t3+(1, 8))	3	13
(1734, 129, 1362, t1) & (4323, 191, 4417, t2=t1+(0, 2)) & (4417, 82, 1734, t3=t2+(0, 4)) -> (4417, 82, 4323, t4=t3+(1, 5))	3	14
(3847, 5, 3393, t1) & (2939, 170, 2276, t2=t1+(0, 5)) & (2276, 155, 3393, t3=t2+(0, 2)) -> (2276, 5, 2276, t4=t3+(1, 9))	3	15
(2856, 22, 4996, t1) & (6, 191, 2112, t2=t1+(0, 4)) & (6, 166, 2856, t3=t2+(0, 4)) -> (2856, 22, 6, t4=t3+(1, 7))	3	16
(267, 111, 2547, t1) & (888, 75, 4167, t2=t1+(0, 5)) & (267, 49, 4167, t3=t2+(0, 2)) -> (4167, 49, 4167, t4=t3+(1, 9))	3	17
(4017, 71, 3027, t1) & (4504, 60, 2130, t2=t1+(0, 8)) & (2130, 135, 4017, t3=t2+(0, 11)) -> (4017, 60, 4017, t4=t3+(1, 3))	3	18
(2743, 64, 4080, t1) & (4293, 100, 3453, t2=t1+(0, 5)) & (4293, 8, 2743, t3=t2+(0, 4)) -> (4293, 8, 3453, t4=t3+(1, 5))	3	19
(2622, 153, 3184, t1) & (3491, 163, 1480, t2=t1+(0, 5)) & (3184, 119, 3491, t3=t2+(0, 3)) -> (3184, 153, 2622, t4=t3+(1, 5))	3	20
(1451, 185, 1199, t1) & (3535, 173, 4837, t2=t1+(0, 5)) & (3535, 87, 1199, t3=t2+(0, 8)) -> (4837, 87, 4837, t4=t3+(1, 1))	3	21
(2474, 50, 3735, t1) & (4266, 123, 2428, t2=t1+(0, 6)) & (2428, 167, 3735, t3=t2+(0, 4)) -> (3735, 167, 3735, t4=t3+(1, 4))	3	22
(1904, 74, 2713, t1) & (1507, 4, 1547, t2=t1+(0, 4)) & (2713, 199, 1547, t3=t2+(0, 8)) -> (1547, 4, 2713, t4=t3+(1, 2))	3	23
(1952, 146, 475, t1) & (4040, 33, 500, t2=t1+(0, 8)) & (1952, 107, 500, t3=t2+(0, 4)) -> (1952, 107, 1952, t4=t3+(1, 3))	3	24
(4064, 38, 374, t1) & (374, 154, 4064, t2=t1+(0, 10)) -> (4064, 38, 4064, t3=t2+(1, 2))	2	25
(949, 169, 2137, t1) & (2871, 155, 949, t2=t1+(0, 3)) -> (949, 169, 2871, t3=t2+(1, 3))	2	26
(1867, 54, 2, t1) & (1867, 67, 1867, t2=t1+(0, 5)) -> (1867, 67, 1867, t3=t2+(1, 3))	2	27
(1628, 108, 3961, t1) & (3787, 86, 1628, t2=t1+(0, 4)) -> (1628, 86, 3787, t3=t2+(1, 4))	2	28
(1148, 83, 1523, t1) & (1148, 80, 4694, t2=t1+(0, 6)) -> (1523, 80, 4694, t3=t2+(1, 4))	2	29
(3953, 40, 2795, t1) & (1574, 133, 3953, t2=t1+(0, 4)) -> (3953, 133, 3953, t3=t2+(1, 1))	2	30
(4051, 157, 833, t1) & (4051, 29, 3205, t2=t1+(0, 6)) -> (3205, 29, 4051, t3=t2+(1, 3))	2	31
(1692, 191, 4012, t1) & (4012, 86, 4012, t2=t1+(0, 5)) -> (4012, 191, 4012, t3=t2+(1, 5))	2	32
(3265, 155, 4928, t1) & (3265, 59, 3265, t2=t1+(0, 9)) -> (4928, 59, 4928, t3=t2+(1, 7))	2	33
(3635, 170, 3050, t1) & (3050, 99, 3050, t2=t1+(0, 3)) -> (3050, 170, 3050, t3=t2+(1, 3))	2	34
(4372, 46, 2360, t1) & (4372, 98, 4372, t2=t1+(0, 2)) -> (4372, 46, 4372, t3=t2+(1, 1))	2	35
(3626, 176, 713, t1) & (713, 6, 713, t2=t1+(0, 7)) -> (3626, 176, 713, t3=t2+(1, 4))	2	36
(4188, 32, 3608, t1) & (4188, 54, 4188, t2=t1+(0, 5)) -> (4188, 54, 4188, t3=t2+(1, 2))	2	37
(1636, 192, 2849, t1) & (2849, 50, 1019, t2=t1+(0, 6)) -> (2849, 192, 1636, t3=t2+(1, 7))	2	38
(4567, 9, 4619, t1) & (4567, 95, 1485, t2=t1+(0, 5)) -> (1485, 95, 4619, t3=t2+(1, 6))	2	39
(3766, 160, 4713, t1) & (4713, 173, 4727, t2=t1+(0, 5)) -> (3766, 173, 3766, t3=t2+(1, 3))	2	40
(450, 186, 1397, t1) & (450, 32, 1406, t2=t1+(0, 6)) -> (450, 186, 1397, t3=t2+(1, 2))	2	41
(2916, 126, 1804, t1) & (2916, 37, 3963, t2=t1+(0, 7)) -> (1804, 126, 2916, t3=t2+(1, 7))	2	42
(2017, 23, 4649, t1) & (2951, 66, 2017, t2=t1+(0, 7)) -> (2017, 66, 2951, t3=t2+(1, 1))	2	43
(3482, 14, 2957, t1) & (2957, 69, 3482, t2=t1+(0, 6)) -> (3482, 69, 3482, t3=t2+(1, 4))	2	44
(2637, 152, 1207, t1) & (3507, 38, 2637, t2=t1+(0, 7)) -> (1207, 38, 2637, t3=t2+(1, 2))	2	45
(628, 165, 1332, t1) & (4401, 48, 1332, t2=t1+(0, 5)) -> (628, 165, 4401, t3=t2+(1, 3))	2	46
(4594, 169, 785, t1) & (10, 198, 785, t2=t1+(0, 6)) -> (785, 198, 4594, t3=t2+(1, 5))	2	47
(1921, 181, 3377, t1) & (1921, 83, 652, t2=t1+(0, 3)) -> (652, 181, 1921, t3=t2+(1, 5))	2	48
(4767, 51, 4096, t1) & (4096, 125, 4767, t2=t1+(0, 3)) -> (4096, 125, 4096, t3=t2+(1, 8))	2	49
(1931, 148, 4898, t1) & (4898, 3, 1234, t2=t1+(0, 6)) -> (1234, 148, 1931, t3=t2+(1, 4))	2	50
(2984, 175, 1253, t1) & (4748, 36, 2984, t2=t1+(0, 2)) -> (1253, 175, 1253, t3=t2+(1, 6))	2	51
(2846, 62, 4158, t1) & (4970, 37, 2846, t2=t1+(0, 4)) -> (4970, 37, 4970, t3=t2+(1, 6))	2	52
(4420, 147, 2636, t1) & (2636, 136, 4420, t2=t1+(0, 5)) -> (2636, 147, 4420, t3=t2+(1, 5))	2	53
(2643, 1, 4365, t1) & (319, 18, 2643, t2=t1+(0, 4)) -> (4365, 18, 4365, t3=t2+(1, 10))	2	54
(3627, 99, 473, t1) & (480, 53, 3627, t2=t1+(0, 5)) -> (3627, 99, 473, t3=t2+(1, 4))	2	55
(1742, 101, 3492, t1) & (66, 79, 3492, t2=t1+(0, 6)) -> (66, 101, 66, t3=t2+(1, 7))	2	56
(2174, 168, 2080, t1) & (2901, 102, 2080, t2=t1+(0, 10)) -> (2080, 102, 2080, t3=t2+(1, 6))	2	57
(3787, 133, 3071, t1) & (3071, 115, 4760, t2=t1+(0, 5)) -> (3071, 133, 3787, t3=t2+(1, 11))	2	58
(3625, 163, 2154, t1) & (2154, 19, 2154, t2=t1+(0, 7)) -> (2154, 19, 3625, t3=t2+(1, 3))	2	59
(3762, 56, 3096, t1) & (3096, 35, 2501, t2=t1+(0, 5)) -> (3762, 35, 2501, t3=t2+(1, 4))	2	60
(4750, 103, 3302, t1) & (1826, 12, 3302, t2=t1+(0, 6)) -> (4750, 103, 3302, t3=t2+(1, 3))	2	61
(956, 41, 3727, t1) & (737, 86, 3727, t2=t1+(0, 5)) -> (3727, 86, 3727, t3=t2+(1, 6))	2	62
(4249, 127, 747, t1) & (3183, 30, 4249, t2=t1+(0, 8)) -> (4249, 30, 747, t3=t2+(1, 1))	2	63
(3143, 68, 122, t1) & (2070, 156, 122, t2=t1+(0, 5)) -> (3143, 68, 122, t3=t2+(1, 2))	2	64
(2677, 161, 3909, t1) & (2677, 25, 3909, t2=t1+(0, 6)) -> (3909, 25, 2677, t3=t2+(1, 7))	2	65
(4958, 170, 4078, t1) & (3179, 132, 4958, t2=t1+(0, 3)) -> (4958, 132, 4078, t3=t2+(1, 6))	2	66
(4920, 67, 884, t1) & (4920, 100, 4920, t2=t1+(0, 4)) -> (884, 67, 4920, t3=t2+(1, 4))	2	67
(4485, 172, 4535, t1) & (330, 81, 4535, t2=t1+(0, 6)) -> (4485, 172, 330, t3=t2+(1, 2))	2	68
(413, 161, 4183, t1) & (4183, 132, 2828, t2=t1+(0, 6)) -> (4183, 132, 4183, t3=t2+(1, 3))	2	69
(683, 29, 301, t1) & (222, 44, 301, t2=t1+(0, 4)) -> (301, 44, 301, t3=t2+(1, 1))	2	70
(873, 47, 3232, t1) & (2481, 198, 873, t2=t1+(0, 6)) -> (873, 47, 3232, t3=t2+(1, 2))	2	71
(1411, 74, 1860, t1) & (1860, 28, 1008, t2=t1+(0, 4)) -> (1860, 28, 1860, t3=t2+(1, 9))	2	72
(4592, 118, 3319, t1) & (82, 47, 3319, t2=t1+(0, 7)) -> (4592, 118, 4592, t3=t2+(1, 5))	2	73
(126, 190, 3316, t1) & (126, 40, 4987, t2=t1+(0, 8)) -> (126, 40, 126, t3=t2+(1, 3))	2	74
(4287, 95, 1824, t1) & (1824, 198, 1824, t2=t1+(0, 6)) -> (1824, 198, 1824, t3=t2+(1, 3))	2	75
(3001, 78, 1175, t1) & (3001, 108, 3505, t2=t1+(0, 5)) -> (3001, 108, 3001, t3=t2+(1, 6))	2	76
(2032, 9, 1026, t1) & (1026, 185, 2032, t2=t1+(0, 6)) -> (2032, 9, 2032, t3=t2+(1, 5))	2	77
(1842, 34, 4504, t1) & (1842, 31, 4328, t2=t1+(0, 4)) -> (1842, 31, 4328, t3=t2+(1, 6))	2	78
(946, 190, 1766, t1) & (946, 92, 946, t2=t1+(0, 1)) -> (946, 92, 946, t3=t2+(1, 4))	2	79
(3286, 145, 699, t1) & (699, 79, 3286, t2=t1+(0, 2)) -> (3286, 79, 699, t3=t2+(1, 6))	2	80
(145, 167, 268, t1) & (145, 195, 145, t2=t1+(0, 6)) -> (145, 195, 145, t3=t2+(1, 9))	2	81
(280, 93, 4050, t1) & (4050, 179, 3129, t2=t1+(0, 5)) -> (4050, 179, 3129, t3=t2+(1, 4))	2	82
(3408, 91, 2893, t1) & (3408, 17, 2893, t2=t1+(0, 5)) -> (3408, 91, 2893, t3=t2+(1, 2))	2	83
(4417, 30, 3591, t1) & (3591, 66, 1674, t2=t1+(0, 7)) -> (4417, 66, 1674, t3=t2+(1, 8))	2	84
(2879, 6, 1084, t1) & (1084, 9, 1014, t2=t1+(0, 9)) -> (2879, 9, 1014, t3=t2+(1, 2))	2	85
(3346, 101, 733, t1) & (733, 193, 2407, t2=t1+(0, 8)) -> (733, 101, 733, t3=t2+(1, 3))	2	86
(2807, 164, 4374, t1) & (2807, 11, 4374, t2=t1+(0, 4)) -> (4374, 11, 2807, t3=t2+(1, 7))	2	87
(4533, 163, 101, t1) & (101, 155, 4533, t2=t1+(0, 3)) -> (101, 163, 4533, t3=t2+(1, 8))	2	88
(149, 69, 641, t1) & (4922, 25, 641, t2=t1+(0, 5)) -> (149, 25, 4922, t3=t2+(1, 2))	2	89
(3611, 25, 345, t1) & (417, 122, 3611, t2=t1+(0, 9)) -> (3611, 25, 345, t3=t2+(1, 5))	2	90
(521, 55, 3190, t1) & (521, 167, 878, t2=t1+(0, 11)) -> (521, 55, 3190, t3=t2+(1, 5))	2	91
(4385, 176, 1009, t1) & (1009, 187, 2632, t2=t1+(0, 6)) -> (1009, 176, 1009, t3=t2+(1, 3))	2	92
(716, 91, 410, t1) & (716, 29, 2186, t2=t1+(0, 8)) -> (410, 91, 2186, t3=t2+(1, 9))	2	93
(2184, 23, 3867, t1) & (4868, 171, 3867, t2=t1+(0, 3)) -> (3867, 171, 4868, t3=t2+(1, 4))	2	94
(4853, 191, 2552, t1) & (2552, 91, 1055, t2=t1+(0, 6)) -> (1055, 191, 4853, t3=t2+(1, 4))	2	95
(4830, 127, 4370, t1) & (2573, 86, 4830, t2=t1+(0, 4)) -> (2573, 86, 4830, t3=t2+(1, 6))	2	96
(4804, 73, 2951, t1) & (4979, 27, 2951, t2=t1+(0, 3)) -> (4979, 27, 4979, t3=t2+(1, 4))	2	97
(1239, 86, 792, t1) & (2377, 137, 1239, t2=t1+(0, 7)) -> (2377, 86, 1239, t3=t2+(1, 7))	2	98
(2774, 59, 4399, t1) & (1448, 95, 4399, t2=t1+(0, 4)) -> (4399, 95, 4399, t3=t2+(1, 3))	2	99
(767, 158, 4930, t1) & (4930, 106, 4930, t2=t1+(0, 2)) -> (4930, 158, 4930, t3=t2+(1, 6))	2	100
(3209, 68, 45, t1) & (45, 115, 45, t2=t1+(0, 3)) -> (3209, 68, 3209, t3=t2+(1, 9))	2	101
(4755, 76, 4069, t1) & (4755, 130, 4069, t2=t1+(0, 3)) -> (4755, 76, 4755, t3=t2+(1, 3))	2	102
(3005, 143, 893, t1) & (3005, 39, 391, t2=t1+(0, 5)) -> (3005, 39, 893, t3=t2+(1, 11))	2	103
(4112, 79, 3827, t1) & (4112, 8, 1533, t2=t1+(0, 8)) -> (4112, 8, 4112, t3=t2+(1, 7))	2	104
(1050, 171, 3009, t1) & (1050, 119, 1050, t2=t1+(0, 5)) -> (3009, 119, 1050, t3=t2+(1, 2))	2	105
(2338, 56, 2966, t1) & (2338, 192, 406, t2=t1+(0, 2)) -> (2966, 192, 2338, t3=t2+(1, 4))	2	106
(2739, 77, 2587, t1) & (2562, 114, 2739, t2=t1+(0, 6)) -> (2739, 114, 2587, t3=t2+(1, 4))	2	107
(4926, 127, 1569, t1) & (1569, 171, 4920, t2=t1+(0, 9)) -> (4920, 171, 1569, t3=t2+(1, 4))	2	108
(4977, 68, 453, t1) & (4977, 25, 185, t2=t1+(0, 7)) -> (4977, 68, 453, t3=t2+(1, 3))	2	109
(1776, 185, 2970, t1) & (1390, 37, 2970, t2=t1+(0, 4)) -> (2970, 185, 1390, t3=t2+(1, 7))	2	110
(2610, 175, 4875, t1) & (4875, 153, 2610, t2=t1+(0, 5)) -> (4875, 153, 4875, t3=t2+(1, 3))	2	111
(216, 126, 674, t1) & (685, 174, 216, t2=t1+(0, 6)) -> (216, 126, 216, t3=t2+(1, 4))	2	112
(281, 131, 1817, t1) & (2561, 62, 1817, t2=t1+(0, 6)) -> (281, 131, 281, t3=t2+(1, 3))	2	113
(1594, 177, 4483, t1) & (2816, 142, 1594, t2=t1+(0, 7)) -> (1594, 177, 1594, t3=t2+(1, 5))	2	114
(4183, 131, 4309, t1) & (4183, 160, 4183, t2=t1+(0, 7)) -> (4309, 131, 4309, t3=t2+(1, 4))	2	115
(2307, 149, 4906, t1) & (2192, 182, 2307, t2=t1+(0, 3)) -> (2307, 149, 2192, t3=t2+(1, 3))	2	116
(4323, 121, 3062, t1) & (3062, 196, 4323, t2=t1+(0, 5)) -> (3062, 121, 4323, t3=t2+(1, 8))	2	117
(3837, 112, 1395, t1) & (1395, 36, 1542, t2=t1+(0, 11)) -> (1395, 112, 1542, t3=t2+(1, 4))	2	118
(4823, 176, 4845, t1) & (2931, 180, 4823, t2=t1+(0, 4)) -> (4823, 180, 4845, t3=t2+(1, 4))	2	119
(1098, 128, 3065, t1) & (3065, 90, 3454, t2=t1+(0, 6)) -> (3454, 90, 3065, t3=t2+(1, 3))	2	120
(3764, 56, 2102, t1) & (3040, 154, 2102, t2=t1+(0, 4)) -> (2102, 154, 3764, t3=t2+(1, 12))	2	121
(1877, 144, 3061, t1) & (3843, 156, 1877, t2=t1+(0, 4)) -> (1877, 144, 1877, t3=t2+(1, 5))	2	122
(3528, 77, 3431, t1) & (3343, 143, 3528, t2=t1+(0, 4)) -> (3528, 143, 3343, t3=t2+(1, 3))	2	123
(876, 28, 4374, t1) & (3657, 68, 4374, t2=t1+(0, 2)) -> (4374, 68, 4374, t3=t2+(1, 11))	2	124
(4105, 137, 4369, t1) -> (4105, 137, 4369, t2=t1+(1, 3))	1	125
(4785, 73, 1145, t1) -> (4785, 73, 1145, t2=t1+(1, 1))	1	126
(3305, 10, 4756, t1) -> (4756, 10, 4756, t2=t1+(1, 4))	1	127
(1649, 14, 2218, t1) -> (2218, 14, 2218, t2=t1+(1, 10))	1	128
(52, 19, 3426, t1) -> (52, 19, 3426, t2=t1+(1, 2))	1	129
(1205, 124, 2063, t1) -> (2063, 124, 1205, t2=t1+(1, 3))	1	130
(4613, 63, 2213, t1) -> (2213, 63, 4613, t2=t1+(1, 3))	1	131
(3565, 60, 2800, t1) -> (3565, 60, 2800, t2=t1+(1, 8))	1	132
(4986, 90, 4511, t1) -> (4986, 90, 4986, t2=t1+(1, 5))	1	133
(4541, 120, 2094, t1) -> (2094, 120, 2094, t2=t1+(1, 5))	1	134
(3844, 112, 1539, t1) -> (3844, 112, 1539, t2=t1+(1, 4))	1	135
(4710, 43, 1216, t1) -> (4710, 43, 4710, t2=t1+(1, 5))	1	136
(1822, 0, 3950, t1) -> (1822, 0, 1822, t2=t1+(1, 1))	1	137
(3891, 39, 899, t1) -> (3891, 39, 3891, t2=t1+(1, 3))	1	138
(4231, 47, 4575, t1) -> (4231, 47, 4231, t2=t1+(1, 6))	1	139
(119, 20, 4289, t1) -> (119, 20, 4289, t2=t1+(1, 11))	1	140
(2169, 41, 1559, t1) -> (1559, 41, 1559, t2=t1+(1, 8))	1	141
(319, 132, 2526, t1) -> (2526, 132, 319, t2=t1+(1, 7))	1	142
(1770, 71, 1151, t1) -> (1770, 71, 1151, t2=t1+(1, 3))	1	143
(4199, 18, 1829, t1) -> (1829, 18, 4199, t2=t1+(1, 5))	1	144
(2813, 51, 4361, t1) -> (4361, 51, 4361, t2=t1+(1, 4))	1	145
(209, 42, 4019, t1) -> (4019, 42, 4019, t2=t1+(1, 5))	1	146
(2475, 169, 645, t1) -> (2475, 169, 645, t2=t1+(1, 6))	1	147
(1570, 30, 4626, t1) -> (4626, 30, 1570, t2=t1+(1, 9))	1	148
(2675, 23, 558, t1) -> (558, 23, 558, t2=t1+(1, 4))	1	149
(2742, 163, 1615, t1) -> (1615, 163, 1615, t2=t1+(1, 6))	1	150
(2223, 12, 3056, t1) -> (2223, 12, 3056, t2=t1+(1, 5))	1	151
(2820, 49, 4542, t1) -> (2820, 49, 4542, t2=t1+(1, 3))	1	152
(285, 137, 4660, t1) -> (4660, 137, 285, t2=t1+(1, 3))	1	153
(2658, 156, 3763, t1) -> (3763, 156, 3763, t2=t1+(1, 4))	1	154
(1862, 66, 994, t1) -> (1862, 66, 994, t2=t1+(1, 7))	1	155
(1548, 48, 3613, t1) -> (1548, 48, 1548, t2=t1+(1, 7))	1	156
(2529, 141, 878, t1) -> (878, 141, 878, t2=t1+(1, 8))	1	157
(3473, 143, 4166, t1) -> (3473, 143, 4166, t2=t1+(1, 3))	1	158
(2498, 12, 3408, t1) -> (2498, 12, 3408, t2=t1+(1, 6))	1	159
(4023, 58, 2896, t1) -> (4023, 58, 4023, t2=t1+(1, 4))	1	160
(2108, 8, 211, t1) -> (211, 8, 2108, t2=t1+(1, 5))	1	161
(1671, 98, 2237, t1) -> (1671, 98, 1671, t2=t1+(1, 2))	1	162
(577, 0, 2491, t1) -> (577, 0, 2491, t2=t1+(1, 2))	1	163
(3092, 7, 3525, t1) -> (3525, 7, 3525, t2=t1+(1, 4))	1	164
(1197, 134, 4299, t1) -> (4299, 134, 4299, t2=t1+(1, 8))	1	165
(3783, 92, 3085, t1) -> (3085, 92, 3085, t2=t1+(1, 5))	1	166
(3087, 58, 3787, t1) -> (3087, 58, 3087, t2=t1+(1, 2))	1	167
(3531, 87, 4741, t1) -> (3531, 87, 3531, t2=t1+(1, 7))	1	168
(4952, 77, 4414, t1) -> (4414, 77, 4414, t2=t1+(1, 5))	1	169
(4143, 0, 1788, t1) -> (1788, 0, 4143, t2=t1+(1, 5))	1	170
(1385, 7, 3834, t1) -> (3834, 7, 3834, t2=t1+(1, 5))	1	171
(452, 85, 490, t1) -> (452, 85, 490, t2=t1+(1, 2))	1	172
(4177, 105, 62, t1) -> (62, 105, 62, t2=t1+(1, 4))	1	173
(2264, 30, 4174, t1) -> (4174, 30, 4174, t2=t1+(1, 6))	1	174
(4009, 8, 3209, t1) -> (4009, 8, 3209, t2=t1+(1, 1))	1	175
(2947, 191, 1435, t1) -> (1435, 191, 2947, t2=t1+(1, 2))	1	176
(3160, 188, 2350, t1) -> (2350, 188, 3160, t2=t1+(1, 6))	1	177
(1069, 140, 4412, t1) -> (4412, 140, 1069, t2=t1+(1, 3))	1	178
(148, 41, 4288, t1) -> (4288, 41, 148, t2=t1+(1, 4))	1	179
(1170, 181, 1017, t1) -> (1170, 181, 1017, t2=t1+(1, 5))	1	180
(1314, 16, 13, t1) -> (13, 16, 1314, t2=t1+(1, 6))	1	181
(4822, 113, 54, t1) -> (4822, 113, 4822, t2=t1+(1, 5))	1	182
(756, 21, 4169, t1) -> (4169, 21, 756, t2=t1+(1, 2))	1	183
(4255, 123, 1630, t1) -> (4255, 123, 4255, t2=t1+(1, 5))	1	184
(3231, 143, 1652, t1) -> (1652, 143, 3231, t2=t1+(1, 4))	1	185
(3578, 107, 1196, t1) -> (3578, 107, 3578, t2=t1+(1, 4))	1	186
(240, 102, 105, t1) -> (240, 102, 240, t2=t1+(1, 4))	1	187
(4548, 79, 2367, t1) -> (4548, 79, 4548, t2=t1+(1, 3))	1	188
(3203, 107, 2428, t1) -> (2428, 107, 2428, t2=t1+(1, 7))	1	189
(2234, 199, 840, t1) -> (2234, 199, 2234, t2=t1+(1, 4))	1	190
(1903, 79, 2611, t1) -> (2611, 79, 1903, t2=t1+(1, 5))	1	191
(224, 180, 1090, t1) -> (224, 180, 1090, t2=t1+(1, 7))	1	192
(10, 157, 2565, t1) -> (10, 157, 2565, t2=t1+(1, 7))	1	193
(973, 7, 1938, t1) -> (1938, 7, 1938, t2=t1+(1, 6))	1	194
(3491, 30, 3093, t1) -> (3491, 30, 3093, t2=t1+(1, 4))	1	195
(2786, 160, 1453, t1) -> (1453, 160, 1453, t2=t1+(1, 4))	1	196
(468, 184, 1483, t1) -> (468, 184, 468, t2=t1+(1, 7))	1	197
(3570, 38, 601, t1) -> (3570, 38, 601, t2=t1+(1, 2))	1	198
(4442, 55, 440, t1) -> (440, 55, 4442, t2=t1+(1, 7))	1	199
(1352, 111, 4849, t1) -> (1352, 111, 4849, t2=t1+(1, 4))	1	200
(4472, 83, 3033, t1) -> (4472, 83, 3033, t2=t1+(1, 4))	1	201
(808, 40, 772, t1) -> (772, 40, 808, t2=t1+(1, 11))	1	202
(2250, 99, 2533, t1) -> (2533, 99, 2533, t2=t1+(1, 7))	1	203
(3313, 41, 2808, t1) -> (2808, 41, 2808, t2=t1+(1, 3))	1	204
(304, 100, 4025, t1) -> (4025, 100, 4025, t2=t1+(1, 8))	1	205
(883, 141, 4746, t1) -> (883, 141, 883, t2=t1+(1, 5))	1	206
(2649, 56, 1307, t1) -> (1307, 56, 2649, t2=t1+(1, 2))	1	207
(1519, 63, 2844, t1) -> (1519, 63, 2844, t2=t1+(1, 6))	1	208
(3812, 145, 4646, t1) -> (3812, 145, 4646, t2=t1+(1, 2))	1	209
(1898, 51, 4253, t1) -> (4253, 51, 1898, t2=t1+(1, 7))	1	210
(3914, 88, 2713, t1) -> (3914, 88, 2713, t2=t1+(1, 8))	1	211
(1799, 187, 324, t1) -> (1799, 187, 324, t2=t1+(1, 3))	1	212
(2886, 162, 758, t1) -> (2886, 162, 758, t2=t1+(1, 5))	1	213
(1516, 59, 69, t1) -> (1516, 59, 1516, t2=t1+(1, 5))	1	214
(3230, 95, 3293, t1) -> (3293, 95, 3293, t2=t1+(1, 5))	1	215
(1675, 188, 960, t1) -> (960, 188, 1675, t2=t1+(1, 4))	1	216
(3170, 152, 3877, t1) -> (3877, 152, 3877, t2=t1+(1, 9))	1	217
(1911, 17, 246, t1) -> (246, 17, 246, t2=t1+(1, 8))	1	218
(852, 31, 2188, t1) -> (852, 31, 2188, t2=t1+(1, 3))	1	219
(91, 31, 1408, t1) -> (1408, 31, 1408, t2=t1+(1, 12))	1	220
(4519, 104, 668, t1) -> (668, 104, 4519, t2=t1+(1, 6))	1	221
(1035, 58, 3015, t1) -> (1035, 58, 1035, t2=t1+(1, 6))	1	222
(663, 91, 2271, t1) -> (663, 91, 2271, t2=t1+(1, 5))	1	223
(2714, 27, 1166, t1) -> (1166, 27, 2714, t2=t1+(1, 7))	1	224
(4157, 108, 4165, t1) -> (4165, 108, 4157, t2=t1+(1, 5))	1	225
(618, 43, 4300, t1) -> (4300, 43, 618, t2=t1+(1, 2))	1	226
(4006, 13, 4112, t1) -> (4112, 13, 4006, t2=t1+(1, 2))	1	227
(3035, 125, 3437, t1) -> (3035, 125, 3437, t2=t1+(1, 6))	1	228
(1320, 122, 899, t1) -> (1320, 122, 1320, t2=t1+(1, 10))	1	229
(2330, 52, 541, t1) -> (541, 52, 541, t2=t1+(1, 3))	1	230
(3299, 79, 541, t1) -> (541, 79, 3299, t2=t1+(1, 2))	1	231
(3909, 80, 2839, t1) -> (2839, 80, 2839, t2=t1+(1, 6))	1	232
(4539, 166, 3484, t1) -> (4539, 166, 3484, t2=t1+(1, 3))	1	233
(168, 88, 235, t1) -> (235, 88, 235, t2=t1+(1, 4))	1	234
(2074, 88, 3134, t1) -> (3134, 88, 2074, t2=t1+(1, 1))	1	235
(1957, 52, 1734, t1) -> (1957, 52, 1734, t2=t1+(1, 5))	1	236
(2865, 197, 4197, t1) -> (2865, 197, 4197, t2=t1+(1, 4))	1	237
(1604, 19, 1362, t1) -> (1362, 19, 1362, t2=t1+(1, 3))	1	238
(1157, 22, 2158, t1) -> (2158, 22, 2158, t2=t1+(1, 8))	1	239
(3511, 150, 4530, t1) -> (3511, 150, 4530, t2=t1+(1, 4))	1	240
(595, 54, 3275, t1) -> (3275, 54, 595, t2=t1+(1, 10))	1	241
(2999, 58, 1686, t1) -> (2999, 58, 1686, t2=t1+(1, 2))	1	242
(1546, 23, 4215, t1) -> (4215, 23, 1546, t2=t1+(1, 5))	1	243
(1764, 130, 3162, t1) -> (1764, 130, 1764, t2=t1+(1, 8))	1	244
(2480, 199, 222, t1) -> (2480, 199, 2480, t2=t1+(1, 4))	1	245
(3849, 142, 4707, t1) -> (4707, 142, 4707, t2=t1+(1, 5))	1	246
(932, 169, 3753, t1) -> (3753, 169, 3753, t2=t1+(1, 3))	1	247
(4509, 169, 1585, t1) -> (4509, 169, 1585, t2=t1+(1, 7))	1	248
(2851, 107, 2535, t1) -> (2535, 107, 2851, t2=t1+(1, 2))	1	249
(18, 65, 2592, t1) -> (2592, 65, 18, t2=t1+(1, 10))	1	250
(4898, 51, 1202, t1) -> (1202, 51, 1202, t2=t1+(1, 8))	1	251
(3974, 186, 3456, t1) -> (3456, 186, 3974, t2=t1+(1, 7))	1	252
(431, 91, 499, t1) -> (499, 91, 499, t2=t1+(1, 6))	1	253
(2980, 142, 1229, t1) -> (1229, 142, 1229, t2=t1+(1, 9))	1	254
(2202, 40, 726, t1) -> (2202, 40, 726, t2=t1+(1, 2))	1	255
(3125, 140, 2460, t1) -> (3125, 140, 2460, t2=t1+(1, 4))	1	256
(3635, 35, 2485, t1) -> (2485, 35, 3635, t2=t1+(1, 2))	1	257
(661, 149, 1552, t1) -> (661, 149, 1552, t2=t1+(1, 2))	1	258
(2920, 13, 3605, t1) -> (2920, 13, 2920, t2=t1+(1, 8))	1	259
(1367, 190, 687, t1) -> (687, 190, 687, t2=t1+(1, 6))	1	260
(520, 54, 723, t1) -> (723, 54, 723, t2=t1+(1, 7))	1	261
(3254, 125, 2337, t1) -> (3254, 125, 3254, t2=t1+(1, 7))	1	262
(3664, 119, 2184, t1) -> (2184, 119, 2184, t2=t1+(1, 5))	1	263
(2044, 116, 2237, t1) -> (2044, 116, 2237, t2=t1+(1, 6))	1	264
(342, 149, 343, t1) -> (342, 149, 342, t2=t1+(1, 4))	1	265
(2093, 15, 1391, t1) -> (1391, 15, 1391, t2=t1+(1, 5))	1	266
(190, 65, 236, t1) -> (236, 65, 236, t2=t1+(1, 5))	1	267
(1077, 15, 3530, t1) -> (3530, 15, 1077, t2=t1+(1, 4))	1	268
(3615, 156, 3947, t1) -> (3947, 156, 3615, t2=t1+(1, 2))	1	269
(563, 6, 4707, t1) -> (4707, 6, 4707, t2=t1+(1, 5))	1	270
(3736, 125, 381, t1) -> (381, 125, 381, t2=t1+(1, 6))	1	271
(4383, 157, 685, t1) -> (4383, 157, 4383, t2=t1+(1, 4))	1	272
(1285, 137, 2017, t1) -> (2017, 137, 1285, t2=t1+(1, 4))	1	273
(1020, 156, 3641, t1) -> (3641, 156, 3641, t2=t1+(1, 6))	1	274
(4464, 94, 2875, t1) -> (4464, 94, 2875, t2=t1+(1, 6))	1	275
(2911, 49, 2754, t1) -> (2911, 49, 2754, t2=t1+(1, 9))	1	276
(1517, 24, 3754, t1) -> (1517, 24, 1517, t2=t1+(1, 6))	1	277
(3665, 164, 4611, t1) -> (3665, 164, 3665, t2=t1+(1, 3))	1	278
(369, 24, 568, t1) -> (568, 24, 568, t2=t1+(1, 3))	1	279
(3490, 79, 1872, t1) -> (3490, 79, 1872, t2=t1+(1, 5))	1	280
(4060, 114, 4107, t1) -> (4107, 114, 4107, t2=t1+(1, 6))	1	281
(2691, 38, 1527, t1) -> (2691, 38, 1527, t2=t1+(1, 9))	1	282
(4659, 133, 2969, t1) -> (4659, 133, 4659, t2=t1+(1, 8))	1	283
(1637, 44, 4443, t1) -> (4443, 44, 1637, t2=t1+(1, 3))	1	284
(4769, 148, 2464, t1) -> (2464, 148, 2464, t2=t1+(1, 3))	1	285
(928, 126, 1963, t1) -> (1963, 126, 928, t2=t1+(1, 4))	1	286
(3503, 98, 1036, t1) -> (1036, 98, 3503, t2=t1+(1, 3))	1	287
(3123, 8, 490, t1) -> (3123, 8, 3123, t2=t1+(1, 4))	1	288
(499, 127, 3744, t1) -> (499, 127, 3744, t2=t1+(1, 7))	1	289
(1490, 153, 2510, t1) -> (1490, 153, 2510, t2=t1+(1, 3))	1	290
(765, 109, 770, t1) -> (765, 109, 770, t2=t1+(1, 7))	1	291
(3857, 169, 159, t1) -> (3857, 169, 3857, t2=t1+(1, 7))	1	292
(4177, 45, 4303, t1) -> (4177, 45, 4177, t2=t1+(1, 6))	1	293
(2763, 162, 2870, t1) -> (2763, 162, 2763, t2=t1+(1, 6))	1	294
(3866, 159, 3938, t1) -> (3938, 159, 3938, t2=t1+(1, 3))	1	295
(903, 129, 859, t1) -> (859, 129, 859, t2=t1+(1, 5))	1	296
(4649, 2, 343, t1) -> (343, 2, 4649, t2=t1+(1, 7))	1	297
(4883, 88, 4935, t1) -> (4935, 88, 4935, t2=t1+(1, 9))	1	298
(2211, 98, 3160, t1) -> (2211, 98, 3160, t2=t1+(1, 9))	1	299
(658, 66, 3371, t1) -> (658, 66, 658, t2=t1+(1, 5))	1	300
(4159, 12, 2361, t1) -> (4159, 12, 4159, t2=t1+(1, 6))	1	301
(2105, 20, 2272, t1) -> (2272, 20, 2105, t2=t1+(1, 5))	1	302
(3110, 13, 3759, t1) -> (3759, 13, 3110, t2=t1+(1, 3))	1	303
(3791, 112, 2623, t1) -> (2623, 112, 3791, t2=t1+(1, 7))	1	304
(2783, 160, 1393, t1) -> (1393, 160, 2783, t2=t1+(1, 5))	1	305
(3811, 171, 3716, t1) -> (3716, 171, 3811, t2=t1+(1, 4))	1	306
(4130, 189, 2712, t1) -> (4130, 189, 2712, t2=t1+(1, 4))	1	307
(756, 5, 1398, t1) -> (1398, 5, 756, t2=t1+(1, 6))	1	308
(2255, 108, 517, t1) -> (517, 108, 517, t2=t1+(1, 3))	1	309
(2142, 107, 4141, t1) -> (2142, 107, 4141, t2=t1+(1, 9))	1	310
(3614, 94, 1532, t1) -> (3614, 94, 1532, t2=t1+(1, 4))	1	311
(1679, 27, 962, t1) -> (1679, 27, 1679, t2=t1+(1, 6))	1	312
(4473, 60, 3183, t1) -> (3183, 60, 4473, t2=t1+(1, 2))	1	313
(211, 164, 1516, t1) -> (211, 164, 211, t2=t1+(1, 4))	1	314
(2327, 113, 4139, t1) -> (4139, 113, 4139, t2=t1+(1, 4))	1	315
(499, 68, 2395, t1) -> (2395, 68, 499, t2=t1+(1, 6))	1	316
(2033, 172, 3020, t1) -> (2033, 172, 3020, t2=t1+(1, 2))	1	317
(1547, 158, 4183, t1) -> (4183, 158, 4183, t2=t1+(1, 2))	1	318
(100, 137, 4661, t1) -> (100, 137, 4661, t2=t1+(1, 5))	1	319
(574, 94, 866, t1) -> (866, 94, 866, t2=t1+(1, 6))	1	320
(4759, 183, 1977, t1) -> (1977, 183, 1977, t2=t1+(1, 4))	1	321
(1118, 24, 1818, t1) -> (1118, 24, 1818, t2=t1+(1, 6))	1	322
(2555, 75, 2447, t1) -> (2555, 75, 2555, t2=t1+(1, 9))	1	323
(4240, 77, 4929, t1) -> (4240, 77, 4929, t2=t1+(1, 4))	1	324
(940, 44, 1233, t1) -> (940, 44, 1233, t2=t1+(1, 5))	1	325
(1642, 147, 2745, t1) -> (1642, 147, 1642, t2=t1+(1, 4))	1	326
(6, 196, 4330, t1) -> (4330, 196, 6, t2=t1+(1, 7))	1	327
(2867, 176, 2403, t1) -> (2867, 176, 2403, t2=t1+(1, 5))	1	328
(1264, 151, 1879, t1) -> (1264, 151, 1879, t2=t1+(1, 1))	1	329
(3876, 89, 2952, t1) -> (2952, 89, 2952, t2=t1+(1, 3))	1	330
(1499, 159, 928, t1) -> (1499, 159, 928, t2=t1+(1, 2))	1	331
(42, 196, 4324, t1) -> (42, 196, 4324, t2=t1+(1, 5))	1	332
(3891, 118, 1941, t1) -> (3891, 118, 3891, t2=t1+(1, 5))	1	333
(1212, 87, 105, t1) -> (105, 87, 1212, t2=t1+(1, 6))	1	334
(354, 25, 3433, t1) -> (354, 25, 3433, t2=t1+(1, 10))	1	335
(2967, 119, 1472, t1) -> (2967, 119, 1472, t2=t1+(1, 4))	1	336
(3661, 139, 3546, t1) -> (3546, 139, 3546, t2=t1+(1, 11))	1	337
(4610, 30, 732, t1) -> (4610, 30, 732, t2=t1+(1, 3))	1	338
(1106, 78, 2543, t1) -> (1106, 78, 2543, t2=t1+(1, 8))	1	339
(3633, 93, 1711, t1) -> (1711, 93, 1711, t2=t1+(1, 3))	1	340
(601, 91, 607, t1) -> (601, 91, 601, t2=t1+(1, 2))	1	341
(1141, 159, 1095, t1) -> (1141, 159, 1141, t2=t1+(1, 7))	1	342
(3538, 165, 1522, t1) -> (3538, 165, 3538, t2=t1+(1, 7))	1	343
(1898, 24, 3909, t1) -> (1898, 24, 1898, t2=t1+(1, 5))	1	344
(2882, 145, 2897, t1) -> (2882, 145, 2897, t2=t1+(1, 5))	1	345
(94, 34, 3869, t1) -> (3869, 34, 3869, t2=t1+(1, 2))	1	346
(2202, 169, 3567, t1) -> (2202, 169, 2202, t2=t1+(1, 3))	1	347
(946, 27, 2625, t1) -> (946, 27, 946, t2=t1+(1, 3))	1	348
(4165, 117, 2243, t1) -> (4165, 117, 4165, t2=t1+(1, 4))	1	349
(1125, 57, 1525, t1) -> (1125, 57, 1125, t2=t1+(1, 5))	1	350
(2000, 153, 4193, t1) -> (4193, 153, 4193, t2=t1+(1, 5))	1	351
(907, 151, 2601, t1) -> (2601, 151, 2601, t2=t1+(1, 5))	1	352
(978, 24, 4826, t1) -> (4826, 24, 4826, t2=t1+(1, 6))	1	353
(3567, 150, 1905, t1) -> (1905, 150, 1905, t2=t1+(1, 7))	1	354
(3306, 36, 4720, t1) -> (3306, 36, 4720, t2=t1+(1, 3))	1	355
(1281, 147, 574, t1) -> (1281, 147, 574, t2=t1+(1, 3))	1	356
(455, 196, 3916, t1) -> (3916, 196, 455, t2=t1+(1, 10))	1	357
(2517, 33, 1675, t1) -> (1675, 33, 1675, t2=t1+(1, 5))	1	358
(2295, 154, 4491, t1) -> (2295, 154, 2295, t2=t1+(1, 7))	1	359
(3452, 41, 2225, t1) -> (3452, 41, 3452, t2=t1+(1, 3))	1	360
(3305, 181, 3640, t1) -> (3305, 181, 3305, t2=t1+(1, 1))	1	361
(164, 102, 3529, t1) -> (3529, 102, 3529, t2=t1+(1, 5))	1	362
(192, 27, 2062, t1) -> (192, 27, 192, t2=t1+(1, 9))	1	363
(3546, 147, 3584, t1) -> (3546, 147, 3584, t2=t1+(1, 7))	1	364
(2303, 31, 376, t1) -> (376, 31, 376, t2=t1+(1, 2))	1	365
(1367, 5, 2706, t1) -> (1367, 5, 2706, t2=t1+(1, 4))	1	366
(3657, 190, 4688, t1) -> (3657, 190, 3657, t2=t1+(1, 6))	1	367
(1021, 117, 4156, t1) -> (4156, 117, 1021, t2=t1+(1, 5))	1	368
(2548, 144, 711, t1) -> (2548, 144, 2548, t2=t1+(1, 5))	1	369
(3668, 117, 1146, t1) -> (3668, 117, 3668, t2=t1+(1, 3))	1	370
(1397, 0, 2163, t1) -> (2163, 0, 2163, t2=t1+(1, 9))	1	371
(1662, 137, 2706, t1) -> (2706, 137, 1662, t2=t1+(1, 3))	1	372
(697, 33, 630, t1) -> (697, 33, 697, t2=t1+(1, 4))	1	373
(2030, 65, 1100, t1) -> (1100, 65, 1100, t2=t1+(1, 5))	1	374
(1994, 150, 1761, t1) -> (1994, 150, 1761, t2=t1+(1, 7))	1	375
(2437, 77, 3822, t1) -> (3822, 77, 2437, t2=t1+(1, 4))	1	376
(309, 18, 2140, t1) -> (2140, 18, 2140, t2=t1+(1, 7))	1	377
(946, 90, 4889, t1) -> (4889, 90, 946, t2=t1+(1, 5))	1	378
(2336, 38, 3838, t1) -> (3838, 38, 3838, t2=t1+(1, 9))	1	379
(251, 18, 2192, t1) -> (251, 18, 251, t2=t1+(1, 6))	1	380
(4982, 186, 2491, t1) -> (4982, 186, 4982, t2=t1+(1, 3))	1	381
(113, 135, 1898, t1) -> (113, 135, 113, t2=t1+(1, 2))	1	382
(2036, 23, 3070, t1) -> (3070, 23, 3070, t2=t1+(1, 4))	1	383
(4832, 44, 4025, t1) -> (4832, 44, 4025, t2=t1+(1, 8))	1	384
(2736, 153, 4373, t1) -> (2736, 153, 2736, t2=t1+(1, 5))	1	385
(1174, 20, 1433, t1) -> (1433, 20, 1433, t2=t1+(1, 4))	1	386
(3402, 1, 3578, t1) -> (3402, 1, 3578, t2=t1+(1, 3))	1	387
(749, 65, 1121, t1) -> (749, 65, 1121, t2=t1+(1, 8))	1	388
(4932, 193, 3722, t1) -> (3722, 193, 4932, t2=t1+(1, 2))	1	389
(4868, 36, 121, t1) -> (4868, 36, 121, t2=t1+(1, 10))	1	390
(1732, 13, 3698, t1) -> (3698, 13, 1732, t2=t1+(1, 3))	1	391
(1610, 128, 3257, t1) -> (1610, 128, 1610, t2=t1+(1, 6))	1	392
(223, 105, 4633, t1) -> (4633, 105, 4633, t2=t1+(1, 1))	1	393
(1030, 65, 1267, t1) -> (1030, 65, 1267, t2=t1+(1, 4))	1	394
(2381, 81, 4613, t1) -> (4613, 81, 2381, t2=t1+(1, 7))	1	395
(1414, 57, 4958, t1) -> (4958, 57, 1414, t2=t1+(1, 3))	1	396
(3113, 18, 3142, t1) -> (3113, 18, 3142, t2=t1+(1, 6))	1	397
(4456, 185, 700, t1) -> (4456, 185, 700, t2=t1+(1, 5))	1	398
(4637, 31, 2102, t1) -> (2102, 31, 4637, t2=t1+(1, 5))	1	399
(1905, 126, 510, t1) -> (1905, 126, 1905, t2=t1+(1, 2))	1	400
(3156, 124, 3568, t1) -> (3156, 124, 3156, t2=t1+(1, 4))	1	401
(1423, 154, 945, t1) -> (945, 154, 1423, t2=t1+(1, 1))	1	402
(2677, 136, 1034, t1) -> (2677, 136, 1034, t2=t1+(1, 8))	1	403
(4583, 111, 3418, t1) -> (4583, 111, 4583, t2=t1+(1, 8))	1	404
(2173, 186, 1267, t1) -> (2173, 186, 1267, t2=t1+(1, 8))	1	405
(2739, 69, 192, t1) -> (192, 69, 192, t2=t1+(1, 4))	1	406
(3037, 187, 663, t1) -> (663, 187, 663, t2=t1+(1, 7))	1	407
(39, 46, 2552, t1) -> (2552, 46, 2552, t2=t1+(1, 8))	1	408
(2239, 145, 1599, t1) -> (1599, 145, 2239, t2=t1+(1, 10))	1	409
(2560, 186, 2941, t1) -> (2560, 186, 2560, t2=t1+(1, 2))	1	410
(3010, 152, 1577, t1) -> (3010, 152, 1577, t2=t1+(1, 5))	1	411
(496, 35, 2596, t1) -> (496, 35, 496, t2=t1+(1, 6))	1	412
(142, 40, 955, t1) -> (955, 40, 955, t2=t1+(1, 6))	1	413
(4897, 94, 1872, t1) -> (4897, 94, 1872, t2=t1+(1, 3))	1	414
(4228, 165, 3731, t1) -> (3731, 165, 3731, t2=t1+(1, 8))	1	415
(2465, 156, 375, t1) -> (375, 156, 375, t2=t1+(1, 7))	1	416
(3483, 168, 2194, t1) -> (3483, 168, 3483, t2=t1+(1, 7))	1	417
(315, 52, 2701, t1) -> (315, 52, 2701, t2=t1+(1, 4))	1	418
(3651, 55, 271, t1) -> (3651, 55, 3651, t2=t1+(1, 7))	1	419
(1718, 182, 3355, t1) -> (3355, 182, 1718, t2=t1+(1, 2))	1	420
(2356, 84, 1811, t1) -> (1811, 84, 2356, t2=t1+(1, 5))	1	421
(558, 122, 1484, t1) -> (558, 122, 1484, t2=t1+(1, 5))	1	422
(18, 31, 2089, t1) -> (18, 31, 2089, t2=t1+(1, 4))	1	423
(4008, 109, 2932, t1) -> (4008, 109, 4008, t2=t1+(1, 4))	1	424
(695, 113, 1955, t1) -> (695, 113, 1955, t2=t1+(1, 4))	1	425
(593, 189, 2792, t1) -> (593, 189, 593, t2=t1+(1, 6))	1	426
(4155, 87, 586, t1) -> (586, 87, 586, t2=t1+(1, 7))	1	427
(3820, 3, 1363, t1) -> (3820, 3, 1363, t2=t1+(1, 6))	1	428
(3489, 186, 4035, t1) -> (4035, 186, 3489, t2=t1+(1, 5))	1	429
(4509, 175, 2723, t1) -> (2723, 175, 4509, t2=t1+(1, 3))	1	430
(1510, 163, 1224, t1) -> (1510, 163, 1510, t2=t1+(1, 1))	1	431
(4299, 181, 3083, t1) -> (4299, 181, 3083, t2=t1+(1, 2))	1	432
(118, 3, 1299, t1) -> (1299, 3, 118, t2=t1+(1, 4))	1	433
(2153, 64, 4654, t1) -> (2153, 64, 2153, t2=t1+(1, 4))	1	434
(1430, 125, 3069, t1) -> (3069, 125, 1430, t2=t1+(1, 8))	1	435
(690, 78, 1759, t1) -> (1759, 78, 1759, t2=t1+(1, 2))	1	436
(1434, 19, 4106, t1) -> (4106, 19, 4106, t2=t1+(1, 7))	1	437
(3420, 108, 4707, t1) -> (3420, 108, 3420, t2=t1+(1, 1))	1	438
(422, 186, 4245, t1) -> (4245, 186, 4245, t2=t1+(1, 5))	1	439
(1716, 28, 3162, t1) -> (3162, 28, 1716, t2=t1+(1, 4))	1	440
(625, 125, 4415, t1) -> (4415, 125, 4415, t2=t1+(1, 1))	1	441
(23, 65, 3601, t1) -> (3601, 65, 23, t2=t1+(1, 1))	1	442
(3856, 113, 2448, t1) -> (2448, 113, 2448, t2=t1+(1, 5))	1	443
(3057, 140, 1952, t1) -> (1952, 140, 1952, t2=t1+(1, 4))	1	444
(228, 190, 597, t1) -> (228, 190, 597, t2=t1+(1, 5))	1	445
(4177, 69, 4607, t1) -> (4607, 69, 4607, t2=t1+(1, 3))	1	446
(1, 20, 930, t1) -> (930, 20, 930, t2=t1+(1, 4))	1	447
(2609, 57, 4307, t1) -> (4307, 57, 4307, t2=t1+(1, 2))	1	448
(3785, 70, 1524, t1) -> (3785, 70, 1524, t2=t1+(1, 7))	1	449
(2041, 126, 1762, t1) -> (2041, 126, 1762, t2=t1+(1, 6))	1	450
(2838, 31, 3752, t1) -> (3752, 31, 3752, t2=t1+(1, 4))	1	451
(2807, 124, 1523, t1) -> (2807, 124, 2807, t2=t1+(1, 5))	1	452
(4201, 33, 2751, t1) -> (4201, 33, 4201, t2=t1+(1, 3))	1	453
(3751, 158, 1592, t1) -> (1592, 158, 1592, t2=t1+(1, 1))	1	454
(704, 141, 2887, t1) -> (2887, 141, 704, t2=t1+(1, 2))	1	455
(2785, 128, 4219, t1) -> (2785, 128, 2785, t2=t1+(1, 7))	1	456
(2719, 119, 149, t1) -> (2719, 119, 2719, t2=t1+(1, 7))	1	457
(4976, 181, 4119, t1) -> (4976, 181, 4976, t2=t1+(1, 7))	1	458
(2583, 188, 4832, t1) -> (2583, 188, 2583, t2=t1+(1, 3))	1	459
(363, 109, 3084, t1) -> (363, 109, 3084, t2=t1+(1, 6))	1	460
(3365, 99, 2729, t1) -> (3365, 99, 3365, t2=t1+(1, 2))	1	461
(3656, 25, 3208, t1) -> (3208, 25, 3656, t2=t1+(1, 5))	1	462
(1355, 158, 3432, t1) -> (1355, 158, 1355, t2=t1+(1, 5))	1	463
(2964, 36, 4223, t1) -> (4223, 36, 2964, t2=t1+(1, 3))	1	464
(3927, 43, 3699, t1) -> (3699, 43, 3927, t2=t1+(1, 3))	1	465
(2416, 25, 2477, t1) -> (2416, 25, 2416, t2=t1+(1, 2))	1	466
(1282, 143, 2032, t1) -> (2032, 143, 2032, t2=t1+(1, 3))	1	467
(3129, 76, 1612, t1) -> (3129, 76, 1612, t2=t1+(1, 5))	1	468
(3108, 60, 3110, t1) -> (3110, 60, 3108, t2=t1+(1, 4))	1	469
(1020, 166, 2946, t1) -> (1020, 166, 1020, t2=t1+(1, 8))	1	470
(4300, 22, 4871, t1) -> (4871, 22, 4871, t2=t1+(1, 3))	1	471
(636, 74, 3570, t1) -> (636, 74, 636, t2=t1+(1, 5))	1	472
(2943, 128, 2324, t1) -> (2943, 128, 2324, t2=t1+(1, 2))	1	473
(1729, 186, 29, t1) -> (29, 186, 29, t2=t1+(1, 9))	1	474
(4569, 18, 4497, t1) -> (4569, 18, 4497, t2=t1+(1, 8))	1	475
(2105, 23, 202, t1) -> (2105, 23, 2105, t2=t1+(1, 3))	1	476
(1613, 95, 2365, t1) -> (1613, 95, 2365, t2=t1+(1, 5))	1	477
(2068, 41, 2520, t1) -> (2068, 41, 2520, t2=t1+(1, 6))	1	478
(496, 152, 3332, t1) -> (3332, 152, 3332, t2=t1+(1, 9))	1	479
(1345, 59, 3043, t1) -> (3043, 59, 1345, t2=t1+(1, 7))	1	480
(4481, 36, 3592, t1) -> (3592, 36, 3592, t2=t1+(1, 5))	1	481
(3136, 41, 4131, t1) -> (4131, 41, 3136, t2=t1+(1, 5))	1	482
(1714, 15, 556, t1) -> (556, 15, 1714, t2=t1+(1, 5))	1	483
(4280, 189, 95, t1) -> (95, 189, 4280, t2=t1+(1, 6))	1	484
(1127, 15, 203, t1) -> (1127, 15, 203, t2=t1+(1, 3))	1	485
(112, 42, 1028, t1) -> (1028, 42, 112, t2=t1+(1, 5))	1	486
(4610, 112, 2108, t1) -> (4610, 112, 2108, t2=t1+(1, 6))	1	487
(1327, 23, 4115, t1) -> (4115, 23, 4115, t2=t1+(1, 6))	1	488
(3505, 57, 826, t1) -> (826, 57, 826, t2=t1+(1, 3))	1	489
(3408, 162, 1392, t1) -> (3408, 162, 3408, t2=t1+(1, 4))	1	490
(1117, 81, 3040, t1) -> (1117, 81, 1117, t2=t1+(1, 6))	1	491
(524, 17, 416, t1) -> (524, 17, 416, t2=t1+(1, 4))	1	492
(3238, 27, 3427, t1) -> (3427, 27, 3427, t2=t1+(1, 8))	1	493
(3163, 121, 1457, t1) -> (1457, 121, 3163, t2=t1+(1, 2))	1	494
(4770, 116, 332, t1) -> (332, 116, 4770, t2=t1+(1, 3))	1	495
(1636, 92, 15, t1) -> (15, 92, 15, t2=t1+(1, 6))	1	496
(2532, 196, 4089, t1) -> (2532, 196, 4089, t2=t1+(1, 4))	1	497
(3022, 86, 3150, t1) -> (3150, 86, 3022, t2=t1+(1, 3))	1	498
(4749, 52, 2785, t1) -> (4749, 52, 2785, t2=t1+(1, 3))	1	499
(1807, 89, 2632, t1) -> (1807, 89, 1807, t2=t1+(1, 4))	1	500
(4649, 41, 1433, t1) -> (4649, 41, 1433, t2=t1+(1, 5))	1	501
(1905, 47, 4118, t1) -> (1905, 47, 1905, t2=t1+(1, 2))	1	502
(1659, 163, 878, t1) -> (878, 163, 878, t2=t1+(1, 1))	1	503
(60, 165, 1799, t1) -> (60, 165, 1799, t2=t1+(1, 5))	1	504
(2773, 49, 1802, t1) -> (1802, 49, 1802, t2=t1+(1, 6))	1	505
(3875, 97, 4614, t1) -> (3875, 97, 4614, t2=t1+(1, 2))	1	506
(1566, 129, 3866, t1) -> (1566, 129, 1566, t2=t1+(1, 5))	1	507
(2385, 11, 1592, t1) -> (1592, 11, 1592, t2=t1+(1, 7))	1	508
(2008, 141, 4339, t1) -> (2008, 141, 4339, t2=t1+(1, 4))	1	509
(1734, 171, 4480, t1) -> (1734, 171, 4480, t2=t1+(1, 4))	1	510
(2579, 23, 3597, t1) -> (3597, 23, 3597, t2=t1+(1, 4))	1	511
(201, 111, 2891, t1) -> (2891, 111, 2891, t2=t1+(1, 9))	1	512
(667, 87, 4843, t1) -> (667, 87, 4843, t2=t1+(1, 1))	1	513
(847, 136, 66, t1) -> (66, 136, 66, t2=t1+(1, 5))	1	514
(759, 7, 4717, t1) -> (759, 7, 759, t2=t1+(1, 7))	1	515
(2457, 71, 3408, t1) -> (2457, 71, 2457, t2=t1+(1, 7))	1	516
(1123, 160, 3113, t1) -> (3113, 160, 1123, t2=t1+(1, 6))	1	517
(1061, 127, 1124, t1) -> (1124, 127, 1061, t2=t1+(1, 5))	1	518
(2060, 58, 2535, t1) -> (2060, 58, 2535, t2=t1+(1, 3))	1	519
(676, 186, 4843, t1) -> (4843, 186, 4843, t2=t1+(1, 3))	1	520
(2940, 152, 3913, t1) -> (3913, 152, 3913, t2=t1+(1, 3))	1	521
(3676, 19, 1682, t1) -> (3676, 19, 3676, t2=t1+(1, 4))	1	522
(2870, 95, 892, t1) -> (2870, 95, 2870, t2=t1+(1, 4))	1	523
(2382, 20, 4973, t1) -> (4973, 20, 4973, t2=t1+(1, 9))	1	524
