(858, 35, 707, t1) & (454, 7, 983, t2=t1+(0, 3)) & (454, 42, 983, t3=t2+(0, 2)) -> (858, 14, 454, t4=t3+(1, 7))	3	0
(562, 28, 231, t1) & (305, 21, 428, t2=t1+(0, 6)) & (562, 15, 305, t3=t2+(0, 6)) -> (231, 28, 221, t4=t3+(1, 5))	3	1
(957, 33, 989, t1) & (40, 7, 899, t2=t1+(0, 4)) & (989, 33, 40, t3=t2+(0, 7)) -> (989, 45, 394, t4=t3+(1, 7))	3	2
(416, 11, 329, t1) & (773, 37, 579, t2=t1+(0, 10)) & (677, 19, 773, t3=t2+(0, 3)) -> (579, 34, 416, t4=t3+(1, 4))	3	3
(16, 1, 860, t1) & (706, 46, 872, t2=t1+(0, 1)) & (706, 41, 872, t3=t2+(0, 2)) -> (706, 41, 860, t4=t3+(1, 6))	3	4
(42, 39, 399, t1) & (615, 15, 25, t2=t1+(0, 3)) & (42, 49, 25, t3=t2+(0, 3)) -> (259, 46, 42, t4=t3+(1, 8))	3	5
(76, 16, 167, t1) & (668, 29, 985, t2=t1+(0, 4)) & (920, 28, 76, t3=t2+(0, 3)) -> (920, 49, 668, t4=t3+(1, 4))	3	6
(937, 9, 226, t1) & (985, 16, 887, t2=t1+(0, 3)) & (887, 13, 996, t3=t2+(0, 5)) -> (887, 32, 226, t4=t3+(1, 6))	3	7
(678, 32, 805, t1) & (774, 45, 277, t2=t1+(0, 6)) & (546, 45, 277, t3=t2+(0, 4)) -> (805, 47, 546, t4=t3+(1, 3))	3	8
(787, 36, 585, t1) & (616, 42, 351, t2=t1+(0, 6)) & (205, 11, 351, t3=t2+(0, 5)) -> (787, 41, 205, t4=t3+(1, 2))	3	9
(515, 30, 859, t1) & (967, 35, 291, t2=t1+(0, 7)) & (613, 23, 291, t3=t2+(0, 5)) -> (291, 20, 859, t4=t3+(1, 4))	3	10
(298, 40, 985, t1) & (107, 35, 608, t2=t1+(0, 5)) & (851, 5, 985, t3=t2+(0, 6)) -> (298, 35, 107, t4=t3+(1, 5))	3	11
(303, 47, 105, t1) & (734, 18, 822, t2=t1+(0, 11)) & (931, 48, 105, t3=t2+(0, 4)) -> (105, 2, 822, t4=t3+(1, 3))	3	12
(972, 31, 331, t1) & (220, 26, 142, t2=t1+(0, 5)) & (331, 26, 331, t3=t2+(0, 3)) -> (142, 35, 331, t4=t3+(1, 6))	3	13
(534, 47, 593, t1) & (481, 49, 530, t2=t1+(0, 3)) & (481, 22, 698, t3=t2+(0, 4)) -> (593, 47, 481, t4=t3+(1, 4))	3	14
(44, 11, 365, t1) & (861, 32, 934, t2=t1+(0, 6)) & (998, 28, 861, t3=t2+(0, 5)) -> (44, 1, 934, t4=t3+(1, 6))	3	15
(111, 18, 38, t1) & (908, 15, 31, t2=t1+(0, 4)) & (887, 40, 31, t3=t2+(0, 7)) -> (908, 14, 38, t4=t3+(1, 6))	3	16
(646, 47, 88, t1) & (623, 38, 883, t2=t1+(0, 4)) & (646, 45, 883, t3=t2+(0, 4)) -> (606, 35, 883, t4=t3+(1, 2))	3	17
(698, 40, 376, t1) & (139, 40, 767, t2=t1+(0, 6)) & (767, 38, 376, t3=t2+(0, 3)) -> (767, 41, 376, t4=t3+(1, 6))	3	18
(122, 15, 143, t1) & (501, 25, 621, t2=t1+(0, 5)) & (736, 0, 621, t3=t2+(0, 4)) -> (122, 6, 621, t4=t3+(1, 5))	3	19
(44, 4, 184, t1) & (425, 37, 203, t2=t1+(0, 5)) & (629, 1, 425, t3=t2+(0, 5)) -> (44, 42, 629, t4=t3+(1, 3))	3	20
(578, 43, 48, t1) & (124, 18, 81, t2=t1+(0, 4)) & (862, 6, 578, t3=t2+(0, 8)) -> (48, 49, 124, t4=t3+(1, 9))	3	21
(426, 45, 62, t1) & (468, 8, 912, t2=t1+(0, 1)) & (62, 4, 426, t3=t2+(0, 4)) -> (912, 1, 62, t4=t3+(1, 10))	3	22
(155, 14, 86, t1) & (261, 49, 13, t2=t1+(0, 8)) & (155, 23, 13, t3=t2+(0, 5)) -> (261, 41, 790, t4=t3+(1, 7))	3	23
(458, 10, 486, t1) & (907, 18, 910, t2=t1+(0, 5)) & (910, 22, 737, t3=t2+(0, 3)) -> (907, 33, 458, t4=t3+(1, 5))	3	24
(71, 13, 35, t1) & (296, 21, 845, t2=t1+(0, 3)) & (845, 16, 963, t3=t2+(0, 7)) -> (35, 32, 845, t4=t3+(1, 3))	3	25
(160, 49, 815, t1) & (304, 6, 37, t2=t1+(0, 4)) & (836, 39, 160, t3=t2+(0, 4)) -> (304, 31, 160, t4=t3+(1, 7))	3	26
(343, 44, 937, t1) & (534, 37, 205, t2=t1+(0, 5)) & (343, 24, 43, t3=t2+(0, 7)) -> (534, 38, 343, t4=t3+(1, 8))	3	27
(140, 42, 624, t1) & (348, 5, 12, t2=t1+(0, 7)) & (854, 29, 348, t3=t2+(0, 3)) -> (854, 12, 140, t4=t3+(1, 5))	3	28
(21, 31, 711, t1) & (707, 43, 837, t2=t1+(0, 9)) & (459, 33, 711, t3=t2+(0, 4)) -> (837, 17, 711, t4=t3+(1, 6))	3	29
(393, 35, 628, t1) & (242, 41, 272, t2=t1+(0, 4)) & (666, 0, 628, t3=t2+(0, 6)) -> (628, 8, 242, t4=t3+(1, 5))	3	30
(487, 31, 262, t1) & (959, 40, 428, t2=t1+(0, 9)) & (262, 41, 127, t3=t2+(0, 7)) -> (428, 42, 262, t4=t3+(1, 6))	3	31
(92, 8, 393, t1) & (115, 8, 490, t2=t1+(0, 4)) & (393, 27, 120, t3=t2+(0, 8)) -> (120, 28, 115, t4=t3+(1, 5))	3	32
(465, 48, 686, t1) & (606, 41, 133, t2=t1+(0, 10)) & (686, 5, 817, t3=t2+(0, 4)) -> (606, 42, 817, t4=t3+(1, 5))	3	33
(242, 4, 401, t1) & (819, 38, 452, t2=t1+(0, 6)) & (603, 16, 452, t3=t2+(0, 3)) -> (819, 23, 401, t4=t3+(1, 5))	3	34
(149, 1, 461, t1) & (674, 16, 160, t2=t1+(0, 5)) & (670, 5, 674, t3=t2+(0, 7)) -> (149, 30, 674, t4=t3+(1, 3))	3	35
(628, 24, 443, t1) & (272, 22, 125, t2=t1+(0, 4)) & (272, 37, 443, t3=t2+(0, 4)) -> (541, 9, 272, t4=t3+(1, 3))	3	36
(780, 23, 400, t1) & (135, 47, 737, t2=t1+(0, 6)) & (174, 22, 400, t3=t2+(0, 8)) -> (135, 42, 400, t4=t3+(1, 3))	3	37
(524, 31, 488, t1) & (294, 42, 808, t2=t1+(0, 8)) & (488, 40, 294, t3=t2+(0, 5)) -> (294, 9, 294, t4=t3+(1, 6))	3	38
(105, 32, 844, t1) & (3, 24, 820, t2=t1+(0, 8)) & (844, 5, 917, t3=t2+(0, 2)) -> (820, 14, 917, t4=t3+(1, 4))	3	39
(570, 6, 373, t1) & (466, 47, 93, t2=t1+(0, 5)) & (373, 33, 274, t3=t2+(0, 7)) -> (373, 32, 466, t4=t3+(1, 7))	3	40
(671, 14, 954, t1) & (250, 34, 982, t2=t1+(0, 9)) & (954, 3, 890, t3=t2+(0, 6)) -> (250, 36, 890, t4=t3+(1, 3))	3	41
(439, 33, 184, t1) & (561, 8, 600, t2=t1+(0, 3)) & (290, 22, 561, t3=t2+(0, 4)) -> (561, 36, 184, t4=t3+(1, 9))	3	42
(665, 24, 317, t1) & (511, 10, 37, t2=t1+(0, 7)) & (665, 32, 665, t3=t2+(0, 6)) -> (665, 14, 37, t4=t3+(1, 3))	3	43
(471, 13, 616, t1) & (39, 40, 718, t2=t1+(0, 5)) & (122, 27, 471, t3=t2+(0, 7)) -> (718, 31, 616, t4=t3+(1, 6))	3	44
(299, 18, 561, t1) & (466, 9, 496, t2=t1+(0, 2)) & (561, 44, 612, t3=t2+(0, 5)) -> (561, 12, 496, t4=t3+(1, 8))	3	45
(666, 5, 595, t1) & (984, 36, 763, t2=t1+(0, 2)) & (763, 30, 436, t3=t2+(0, 6)) -> (436, 25, 595, t4=t3+(1, 4))	3	46
(394, 24, 836, t1) & (349, 32, 346, t2=t1+(0, 7)) & (246, 25, 836, t3=t2+(0, 8)) -> (836, 15, 346, t4=t3+(1, 4))	3	47
(89, 49, 856, t1) & (209, 9, 997, t2=t1+(0, 5)) & (997, 4, 856, t3=t2+(0, 6)) -> (209, 20, 253, t4=t3+(1, 7))	3	48
(756, 20, 358, t1) & (97, 1, 575, t2=t1+(0, 4)) & (756, 7, 97, t3=t2+(0, 6)) -> (358, 12, 358, t4=t3+(1, 4))	3	49
(684, 45, 872, t1) & (256, 43, 958, t2=t1+(0, 3)) & (958, 27, 256, t3=t2+(0, 5)) -> (684, 38, 256, t4=t3+(1, 10))	3	50
(688, 12, 460, t1) & (483, 35, 66, t2=t1+(0, 3)) & (460, 32, 547, t3=t2+(0, 6)) -> (547, 8, 66, t4=t3+(1, 2))	3	51
(153, 28, 709, t1) & (26, 42, 445, t2=t1+(0, 3)) & (777, 43, 709, t3=t2+(0, 7)) -> (445, 35, 709, t4=t3+(1, 5))	3	52
(247, 31, 82, t1) & (632, 18, 769, t2=t1+(0, 6)) & (656, 37, 247, t3=t2+(0, 6)) -> (632, 44, 656, t4=t3+(1, 5))	3	53
(900, 36, 154, t1) & (902, 33, 236, t2=t1+(0, 3)) & (856, 3, 900, t3=t2+(0, 3)) -> (236, 32, 154, t4=t3+(1, 6))	3	54
(220, 0, 691, t1) & (272, 39, 614, t2=t1+(0, 5)) & (386, 27, 272, t3=t2+(0, 2)) -> (272, 0, 220, t4=t3+(1, 5))	3	55
(239, 44, 4, t1) & (334, 20, 366, t2=t1+(0, 8)) & (779, 10, 4, t3=t2+(0, 3)) -> (4, 44, 334, t4=t3+(1, 2))	3	56
(939, 13, 629, t1) & (340, 14, 266, t2=t1+(0, 6)) & (939, 42, 852, t3=t2+(0, 4)) -> (340, 25, 629, t4=t3+(1, 10))	3	57
(942, 31, 257, t1) & (21, 40, 773, t2=t1+(0, 4)) & (257, 23, 21, t3=t2+(0, 3)) -> (439, 31, 257, t4=t3+(1, 1))	3	58
(925, 32, 167, t1) & (142, 28, 988, t2=t1+(0, 6)) & (797, 23, 925, t3=t2+(0, 3)) -> (988, 29, 167, t4=t3+(1, 4))	3	59
(87, 45, 328, t1) & (409, 17, 782, t2=t1+(0, 10)) & (328, 43, 87, t3=t2+(0, 4)) -> (409, 21, 87, t4=t3+(1, 5))	3	60
(714, 28, 733, t1) & (891, 35, 796, t2=t1+(0, 6)) & (714, 25, 7, t3=t2+(0, 5)) -> (714, 25, 891, t4=t3+(1, 6))	3	61
(725, 11, 117, t1) & (856, 39, 305, t2=t1+(0, 6)) & (388, 0, 117, t3=t2+(0, 2)) -> (856, 28, 725, t4=t3+(1, 5))	3	62
(956, 46, 792, t1) & (422, 26, 372, t2=t1+(0, 6)) & (956, 36, 956, t3=t2+(0, 1)) -> (956, 45, 422, t4=t3+(1, 4))	3	63
(420, 22, 430, t1) & (781, 31, 967, t2=t1+(0, 3)) & (781, 32, 781, t3=t2+(0, 10)) -> (430, 31, 781, t4=t3+(1, 6))	3	64
(841, 43, 379, t1) & (349, 34, 488, t2=t1+(0, 4)) & (841, 48, 492, t3=t2+(0, 6)) -> (841, 42, 349, t4=t3+(1, 1))	3	65
(608, 42, 559, t1) & (633, 23, 637, t2=t1+(0, 4)) & (559, 44, 633, t3=t2+(0, 6)) -> (559, 23, 236, t4=t3+(1, 8))	3	66
(294, 33, 484, t1) & (871, 25, 649, t2=t1+(0, 6)) & (901, 3, 649, t3=t2+(0, 5)) -> (484, 7, 871, t4=t3+(1, 8))	3	67
(851, 39, 952, t1) & (379, 37, 623, t2=t1+(0, 1)) & (952, 10, 952, t3=t2+(0, 7)) -> (623, 49, 851, t4=t3+(1, 1))	3	68
(992, 37, 118, t1) & (965, 7, 290, t2=t1+(0, 3)) & (290, 26, 392, t3=t2+(0, 5)) -> (992, 23, 290, t4=t3+(1, 7))	3	69
(439, 34, 748, t1) & (217, 5, 862, t2=t1+(0, 1)) & (751, 45, 748, t3=t2+(0, 6)) -> (862, 28, 751, t4=t3+(1, 7))	3	70
(312, 32, 930, t1) & (90, 29, 275, t2=t1+(0, 6)) & (312, 43, 524, t3=t2+(0, 4)) -> (275, 24, 312, t4=t3+(1, 2))	3	71
(163, 9, 390, t1) & (432, 9, 334, t2=t1+(0, 4)) & (432, 47, 390, t3=t2+(0, 2)) -> (432, 24, 390, t4=t3+(1, 1))	3	72
(568, 39, 560, t1) & (454, 13, 770, t2=t1+(0, 4)) & (795, 6, 560, t3=t2+(0, 4)) -> (770, 3, 560, t4=t3+(1, 3))	3	73
(828, 10, 126, t1) & (516, 4, 175, t2=t1+(0, 5)) & (175, 26, 126, t3=t2+(0, 5)) -> (828, 1, 175, t4=t3+(1, 4))	3	74
(199, 29, 728, t1) & (834, 39, 0, t2=t1+(0, 3)) & (588, 7, 199, t3=t2+(0, 4)) -> (728, 26, 0, t4=t3+(1, 6))	3	75
(674, 1, 496, t1) & (969, 36, 395, t2=t1+(0, 7)) & (40, 35, 496, t3=t2+(0, 5)) -> (496, 8, 969, t4=t3+(1, 6))	3	76
(99, 41, 871, t1) & (279, 44, 390, t2=t1+(0, 2)) & (902, 32, 99, t3=t2+(0, 5)) -> (390, 32, 99, t4=t3+(1, 7))	3	77
(75, 38, 595, t1) & (208, 44, 372, t2=t1+(0, 2)) & (208, 41, 767, t3=t2+(0, 4)) -> (595, 35, 208, t4=t3+(1, 2))	3	78
(885, 16, 164, t1) & (759, 44, 433, t2=t1+(0, 5)) & (759, 0, 105, t3=t2+(0, 2)) -> (164, 8, 105, t4=t3+(1, 3))	3	79
(575, 27, 833, t1) & (718, 28, 715, t2=t1+(0, 3)) & (572, 22, 833, t3=t2+(0, 4)) -> (715, 0, 833, t4=t3+(1, 13))	3	80
(733, 13, 513, t1) & (355, 9, 646, t2=t1+(0, 2)) & (355, 7, 513, t3=t2+(0, 8)) -> (355, 48, 339, t4=t3+(1, 5))	3	81
(153, 0, 400, t1) & (86, 17, 197, t2=t1+(0, 5)) & (153, 40, 197, t3=t2+(0, 9)) -> (153, 4, 86, t4=t3+(1, 4))	3	82
(310, 2, 195, t1) & (168, 10, 191, t2=t1+(0, 4)) & (168, 24, 320, t3=t2+(0, 8)) -> (320, 13, 310, t4=t3+(1, 3))	3	83
(31, 9, 519, t1) & (381, 5, 525, t2=t1+(0, 3)) & (381, 41, 12, t3=t2+(0, 3)) -> (381, 47, 519, t4=t3+(1, 5))	3	84
(15, 34, 94, t1) & (223, 3, 750, t2=t1+(0, 1)) & (750, 26, 350, t3=t2+(0, 1)) -> (223, 45, 15, t4=t3+(1, 7))	3	85
(86, 10, 10, t1) & (363, 34, 849, t2=t1+(0, 6)) & (86, 1, 919, t3=t2+(0, 2)) -> (86, 1, 363, t4=t3+(1, 4))	3	86
(0, 13, 898, t1) & (529, 20, 665, t2=t1+(0, 6)) & (791, 23, 0, t3=t2+(0, 8)) -> (665, 22, 0, t4=t3+(1, 8))	3	87
(25, 49, 534, t1) & (58, 2, 386, t2=t1+(0, 6)) & (25, 20, 386, t3=t2+(0, 6)) -> (386, 5, 464, t4=t3+(1, 3))	3	88
(851, 35, 839, t1) & (283, 45, 122, t2=t1+(0, 3)) & (839, 38, 283, t3=t2+(0, 5)) -> (351, 22, 122, t4=t3+(1, 4))	3	89
(483, 27, 450, t1) & (734, 36, 656, t2=t1+(0, 1)) & (730, 11, 656, t3=t2+(0, 4)) -> (450, 5, 730, t4=t3+(1, 4))	3	90
(647, 36, 40, t1) & (515, 16, 86, t2=t1+(0, 5)) & (61, 24, 515, t3=t2+(0, 6)) -> (515, 5, 40, t4=t3+(1, 5))	3	91
(827, 13, 373, t1) & (541, 34, 525, t2=t1+(0, 8)) & (165, 42, 525, t3=t2+(0, 4)) -> (541, 49, 827, t4=t3+(1, 7))	3	92
(545, 35, 598, t1) & (648, 42, 440, t2=t1+(0, 6)) & (545, 42, 922, t3=t2+(0, 2)) -> (545, 37, 440, t4=t3+(1, 4))	3	93
(240, 6, 814, t1) & (509, 28, 543, t2=t1+(0, 9)) & (543, 33, 538, t3=t2+(0, 10)) -> (543, 4, 814, t4=t3+(1, 5))	3	94
(308, 43, 889, t1) & (48, 2, 18, t2=t1+(0, 6)) & (889, 23, 847, t3=t2+(0, 7)) -> (847, 46, 48, t4=t3+(1, 6))	3	95
(141, 31, 694, t1) & (565, 42, 173, t2=t1+(0, 6)) & (694, 38, 141, t3=t2+(0, 1)) -> (141, 25, 173, t4=t3+(1, 4))	3	96
(221, 43, 812, t1) & (590, 32, 590, t2=t1+(0, 3)) & (812, 40, 590, t3=t2+(0, 6)) -> (221, 31, 566, t4=t3+(1, 4))	3	97
(388, 7, 464, t1) & (385, 42, 638, t2=t1+(0, 3)) & (801, 36, 385, t3=t2+(0, 4)) -> (464, 10, 801, t4=t3+(1, 3))	3	98
(553, 11, 364, t1) & (76, 42, 873, t2=t1+(0, 10)) & (873, 43, 880, t3=t2+(0, 6)) -> (880, 29, 364, t4=t3+(1, 6))	3	99
(274, 12, 726, t1) & (701, 10, 537, t2=t1+(0, 6)) -> (701, 40, 726, t3=t2+(1, 3))	2	100
(126, 13, 525, t1) & (255, 38, 842, t2=t1+(0, 5)) -> (255, 17, 525, t3=t2+(1, 6))	2	101
(946, 10, 888, t1) & (10, 4, 937, t2=t1+(0, 5)) -> (10, 40, 888, t3=t2+(1, 2))	2	102
(388, 27, 983, t1) & (857, 48, 606, t2=t1+(0, 3)) -> (388, 34, 606, t3=t2+(1, 4))	2	103
(160, 20, 195, t1) & (826, 27, 503, t2=t1+(0, 3)) -> (195, 42, 503, t3=t2+(1, 6))	2	104
(893, 27, 900, t1) & (901, 44, 243, t2=t1+(0, 6)) -> (900, 46, 901, t3=t2+(1, 4))	2	105
(648, 8, 372, t1) & (829, 6, 976, t2=t1+(0, 5)) -> (829, 41, 648, t3=t2+(1, 4))	2	106
(961, 24, 358, t1) & (283, 44, 971, t2=t1+(0, 7)) -> (358, 38, 971, t3=t2+(1, 8))	2	107
(911, 46, 670, t1) & (553, 8, 801, t2=t1+(0, 6)) -> (670, 27, 553, t3=t2+(1, 8))	2	108
(914, 36, 269, t1) & (29, 11, 998, t2=t1+(0, 7)) -> (914, 24, 29, t3=t2+(1, 2))	2	109
(954, 39, 69, t1) & (257, 45, 57, t2=t1+(0, 5)) -> (57, 31, 69, t3=t2+(1, 6))	2	110
(795, 48, 959, t1) & (973, 43, 382, t2=t1+(0, 6)) -> (973, 32, 959, t3=t2+(1, 6))	2	111
(327, 44, 235, t1) & (404, 16, 253, t2=t1+(0, 8)) -> (327, 19, 404, t3=t2+(1, 5))	2	112
(797, 4, 507, t1) & (302, 42, 718, t2=t1+(0, 8)) -> (718, 5, 797, t3=t2+(1, 8))	2	113
(517, 2, 61, t1) & (956, 25, 879, t2=t1+(0, 7)) -> (517, 6, 879, t3=t2+(1, 6))	2	114
(726, 2, 175, t1) & (216, 25, 318, t2=t1+(0, 3)) -> (175, 19, 318, t3=t2+(1, 6))	2	115
(279, 23, 919, t1) & (470, 37, 607, t2=t1+(0, 5)) -> (470, 20, 279, t3=t2+(1, 3))	2	116
(174, 12, 702, t1) & (610, 37, 189, t2=t1+(0, 9)) -> (174, 4, 189, t3=t2+(1, 4))	2	117
(590, 22, 598, t1) & (787, 23, 45, t2=t1+(0, 3)) -> (787, 14, 590, t3=t2+(1, 10))	2	118
(159, 36, 699, t1) & (576, 23, 577, t2=t1+(0, 6)) -> (577, 8, 699, t3=t2+(1, 6))	2	119
(27, 23, 383, t1) & (350, 18, 441, t2=t1+(0, 2)) -> (350, 24, 27, t3=t2+(1, 2))	2	120
(858, 17, 290, t1) & (851, 9, 566, t2=t1+(0, 3)) -> (851, 26, 858, t3=t2+(1, 4))	2	121
(851, 37, 623, t1) & (286, 48, 196, t2=t1+(0, 11)) -> (196, 25, 623, t3=t2+(1, 4))	2	122
(5, 15, 164, t1) & (132, 40, 42, t2=t1+(0, 4)) -> (132, 32, 5, t3=t2+(1, 4))	2	123
(928, 8, 340, t1) & (203, 4, 198, t2=t1+(0, 6)) -> (340, 35, 203, t3=t2+(1, 10))	2	124
(600, 8, 810, t1) & (374, 5, 328, t2=t1+(0, 3)) -> (374, 41, 810, t3=t2+(1, 9))	2	125
(929, 44, 995, t1) & (980, 42, 920, t2=t1+(0, 7)) -> (980, 38, 995, t3=t2+(1, 4))	2	126
(221, 44, 689, t1) & (190, 14, 985, t2=t1+(0, 5)) -> (221, 24, 190, t3=t2+(1, 10))	2	127
(393, 15, 595, t1) & (264, 21, 970, t2=t1+(0, 1)) -> (970, 24, 393, t3=t2+(1, 4))	2	128
(932, 0, 986, t1) & (483, 30, 0, t2=t1+(0, 7)) -> (986, 41, 483, t3=t2+(1, 6))	2	129
(246, 30, 597, t1) & (340, 14, 590, t2=t1+(0, 6)) -> (590, 23, 246, t3=t2+(1, 2))	2	130
(488, 20, 608, t1) & (407, 30, 287, t2=t1+(0, 6)) -> (407, 16, 488, t3=t2+(1, 2))	2	131
(766, 10, 108, t1) & (324, 29, 552, t2=t1+(0, 5)) -> (108, 32, 324, t3=t2+(1, 6))	2	132
(525, 33, 525, t1) & (319, 45, 563, t2=t1+(0, 5)) -> (563, 33, 525, t3=t2+(1, 7))	2	133
(49, 7, 460, t1) & (749, 20, 384, t2=t1+(0, 7)) -> (49, 44, 749, t3=t2+(1, 5))	2	134
(402, 3, 256, t1) & (791, 47, 141, t2=t1+(0, 6)) -> (402, 35, 791, t3=t2+(1, 3))	2	135
(119, 24, 903, t1) & (803, 40, 177, t2=t1+(0, 3)) -> (903, 36, 803, t3=t2+(1, 3))	2	136
(522, 18, 234, t1) & (745, 1, 37, t2=t1+(0, 3)) -> (37, 44, 522, t3=t2+(1, 5))	2	137
(845, 26, 363, t1) & (35, 44, 64, t2=t1+(0, 1)) -> (363, 33, 64, t3=t2+(1, 5))	2	138
(847, 26, 423, t1) & (213, 22, 147, t2=t1+(0, 5)) -> (847, 7, 147, t3=t2+(1, 2))	2	139
(183, 15, 337, t1) & (369, 28, 751, t2=t1+(0, 6)) -> (337, 23, 751, t3=t2+(1, 6))	2	140
(559, 40, 445, t1) & (2, 26, 50, t2=t1+(0, 3)) -> (50, 15, 559, t3=t2+(1, 6))	2	141
(227, 46, 330, t1) & (812, 21, 634, t2=t1+(0, 7)) -> (330, 21, 634, t3=t2+(1, 5))	2	142
(749, 23, 169, t1) & (230, 15, 466, t2=t1+(0, 10)) -> (749, 27, 466, t3=t2+(1, 3))	2	143
(43, 44, 729, t1) & (518, 42, 453, t2=t1+(0, 7)) -> (729, 18, 518, t3=t2+(1, 6))	2	144
(474, 35, 65, t1) & (945, 32, 24, t2=t1+(0, 2)) -> (65, 24, 945, t3=t2+(1, 5))	2	145
(611, 17, 499, t1) & (954, 48, 258, t2=t1+(0, 4)) -> (954, 21, 611, t3=t2+(1, 5))	2	146
(884, 35, 103, t1) & (956, 2, 226, t2=t1+(0, 1)) -> (103, 8, 956, t3=t2+(1, 7))	2	147
(367, 12, 481, t1) & (616, 48, 840, t2=t1+(0, 6)) -> (616, 37, 481, t3=t2+(1, 3))	2	148
(343, 14, 262, t1) & (555, 23, 363, t2=t1+(0, 3)) -> (363, 42, 262, t3=t2+(1, 5))	2	149
(999, 29, 5, t1) & (531, 23, 675, t2=t1+(0, 6)) -> (999, 41, 675, t3=t2+(1, 3))	2	150
(881, 29, 503, t1) & (27, 40, 174, t2=t1+(0, 8)) -> (881, 7, 174, t3=t2+(1, 1))	2	151
(694, 22, 644, t1) & (134, 9, 998, t2=t1+(0, 9)) -> (134, 34, 694, t3=t2+(1, 2))	2	152
(596, 5, 266, t1) & (29, 46, 176, t2=t1+(0, 2)) -> (29, 15, 596, t3=t2+(1, 1))	2	153
(375, 32, 822, t1) & (280, 1, 441, t2=t1+(0, 8)) -> (822, 19, 441, t3=t2+(1, 4))	2	154
(753, 34, 754, t1) & (738, 18, 326, t2=t1+(0, 5)) -> (754, 7, 326, t3=t2+(1, 7))	2	155
(815, 16, 547, t1) & (363, 25, 617, t2=t1+(0, 10)) -> (815, 33, 617, t3=t2+(1, 8))	2	156
(663, 19, 69, t1) & (524, 20, 984, t2=t1+(0, 3)) -> (984, 48, 69, t3=t2+(1, 9))	2	157
(544, 31, 669, t1) & (261, 27, 306, t2=t1+(0, 3)) -> (261, 17, 669, t3=t2+(1, 5))	2	158
(234, 27, 329, t1) & (646, 28, 795, t2=t1+(0, 5)) -> (234, 3, 646, t3=t2+(1, 3))	2	159
(307, 24, 144, t1) & (656, 5, 892, t2=t1+(0, 7)) -> (656, 25, 144, t3=t2+(1, 5))	2	160
(438, 6, 18, t1) & (699, 2, 361, t2=t1+(0, 3)) -> (18, 37, 361, t3=t2+(1, 5))	2	161
(400, 34, 394, t1) & (917, 4, 856, t2=t1+(0, 4)) -> (917, 6, 400, t3=t2+(1, 3))	2	162
(556, 23, 790, t1) & (404, 7, 906, t2=t1+(0, 3)) -> (790, 22, 404, t3=t2+(1, 2))	2	163
(766, 47, 666, t1) & (275, 35, 69, t2=t1+(0, 9)) -> (275, 24, 766, t3=t2+(1, 5))	2	164
(599, 3, 832, t1) & (78, 36, 378, t2=t1+(0, 13)) -> (378, 27, 599, t3=t2+(1, 4))	2	165
(547, 27, 849, t1) & (287, 9, 183, t2=t1+(0, 5)) -> (547, 27, 287, t3=t2+(1, 6))	2	166
(11, 42, 951, t1) & (897, 48, 806, t2=t1+(0, 3)) -> (806, 45, 11, t3=t2+(1, 2))	2	167
(981, 33, 932, t1) & (768, 4, 721, t2=t1+(0, 10)) -> (932, 4, 768, t3=t2+(1, 5))	2	168
(846, 40, 250, t1) & (801, 8, 928, t2=t1+(0, 5)) -> (846, 18, 928, t3=t2+(1, 8))	2	169
(548, 17, 130, t1) & (680, 49, 50, t2=t1+(0, 6)) -> (548, 13, 680, t3=t2+(1, 6))	2	170
(574, 23, 54, t1) & (765, 43, 714, t2=t1+(0, 9)) -> (765, 18, 574, t3=t2+(1, 1))	2	171
(884, 24, 587, t1) & (439, 27, 572, t2=t1+(0, 3)) -> (884, 27, 439, t3=t2+(1, 6))	2	172
(44, 4, 678, t1) & (329, 23, 5, t2=t1+(0, 7)) -> (678, 46, 5, t3=t2+(1, 7))	2	173
(915, 28, 375, t1) & (255, 41, 795, t2=t1+(0, 4)) -> (795, 13, 375, t3=t2+(1, 8))	2	174
(351, 41, 542, t1) & (993, 29, 453, t2=t1+(0, 5)) -> (993, 23, 351, t3=t2+(1, 5))	2	175
(442, 26, 252, t1) & (227, 2, 742, t2=t1+(0, 3)) -> (227, 8, 252, t3=t2+(1, 5))	2	176
(308, 25, 895, t1) & (768, 37, 831, t2=t1+(0, 3)) -> (831, 40, 895, t3=t2+(1, 8))	2	177
(448, 46, 364, t1) & (29, 46, 488, t2=t1+(0, 4)) -> (364, 38, 488, t3=t2+(1, 8))	2	178
(383, 12, 622, t1) & (299, 7, 681, t2=t1+(0, 3)) -> (383, 43, 681, t3=t2+(1, 3))	2	179
(779, 43, 473, t1) & (216, 37, 791, t2=t1+(0, 4)) -> (779, 1, 791, t3=t2+(1, 4))	2	180
(347, 25, 50, t1) & (194, 20, 627, t2=t1+(0, 11)) -> (347, 5, 194, t3=t2+(1, 5))	2	181
(340, 19, 171, t1) & (699, 7, 593, t2=t1+(0, 5)) -> (593, 7, 340, t3=t2+(1, 4))	2	182
(632, 10, 493, t1) & (372, 30, 271, t2=t1+(0, 7)) -> (632, 1, 271, t3=t2+(1, 3))	2	183
(782, 2, 782, t1) & (504, 14, 777, t2=t1+(0, 12)) -> (782, 35, 504, t3=t2+(1, 3))	2	184
(351, 13, 259, t1) & (948, 45, 484, t2=t1+(0, 3)) -> (484, 2, 259, t3=t2+(1, 3))	2	185
(892, 37, 57, t1) & (45, 10, 166, t2=t1+(0, 3)) -> (166, 34, 57, t3=t2+(1, 6))	2	186
(569, 41, 845, t1) & (17, 18, 289, t2=t1+(0, 9)) -> (17, 27, 845, t3=t2+(1, 4))	2	187
(34, 22, 207, t1) & (18, 39, 613, t2=t1+(0, 5)) -> (18, 1, 207, t3=t2+(1, 1))	2	188
(697, 20, 453, t1) & (856, 28, 901, t2=t1+(0, 8)) -> (901, 2, 697, t3=t2+(1, 3))	2	189
(260, 49, 659, t1) & (800, 41, 947, t2=t1+(0, 3)) -> (260, 21, 947, t3=t2+(1, 6))	2	190
(346, 10, 87, t1) & (206, 6, 870, t2=t1+(0, 1)) -> (87, 34, 206, t3=t2+(1, 8))	2	191
(948, 30, 139, t1) & (295, 15, 662, t2=t1+(0, 6)) -> (662, 10, 948, t3=t2+(1, 4))	2	192
(177, 34, 158, t1) & (310, 42, 673, t2=t1+(0, 8)) -> (158, 27, 310, t3=t2+(1, 4))	2	193
(96, 28, 901, t1) & (218, 34, 883, t2=t1+(0, 8)) -> (901, 26, 883, t3=t2+(1, 3))	2	194
(601, 45, 711, t1) & (368, 43, 372, t2=t1+(0, 7)) -> (711, 43, 372, t3=t2+(1, 9))	2	195
(973, 26, 66, t1) & (94, 29, 440, t2=t1+(0, 2)) -> (66, 20, 94, t3=t2+(1, 7))	2	196
(378, 35, 189, t1) & (328, 35, 157, t2=t1+(0, 9)) -> (157, 18, 378, t3=t2+(1, 3))	2	197
(185, 20, 148, t1) & (973, 17, 317, t2=t1+(0, 4)) -> (317, 22, 185, t3=t2+(1, 5))	2	198
(386, 28, 931, t1) & (363, 44, 141, t2=t1+(0, 4)) -> (931, 25, 363, t3=t2+(1, 4))	2	199
(596, 47, 91, t1) -> (962, 20, 91, t2=t1+(1, 2))	1	200
(588, 25, 997, t1) -> (588, 39, 997, t2=t1+(1, 4))	1	201
(644, 38, 484, t1) -> (166, 36, 484, t2=t1+(1, 9))	1	202
(227, 31, 156, t1) -> (586, 40, 156, t2=t1+(1, 4))	1	203
(385, 29, 526, t1) -> (385, 37, 599, t2=t1+(1, 4))	1	204
(140, 46, 770, t1) -> (770, 13, 770, t2=t1+(1, 7))	1	205
(677, 5, 737, t1) -> (679, 25, 677, t2=t1+(1, 5))	1	206
(46, 6, 34, t1) -> (512, 12, 34, t2=t1+(1, 5))	1	207
(170, 35, 667, t1) -> (429, 44, 667, t2=t1+(1, 6))	1	208
(925, 37, 677, t1) -> (226, 29, 677, t2=t1+(1, 5))	1	209
(716, 28, 710, t1) -> (716, 40, 72, t2=t1+(1, 4))	1	210
(684, 32, 220, t1) -> (684, 15, 642, t2=t1+(1, 4))	1	211
(629, 3, 107, t1) -> (629, 33, 355, t2=t1+(1, 6))	1	212
(685, 31, 532, t1) -> (685, 44, 672, t2=t1+(1, 5))	1	213
(847, 12, 73, t1) -> (591, 47, 73, t2=t1+(1, 8))	1	214
(122, 33, 401, t1) -> (122, 30, 346, t2=t1+(1, 5))	1	215
(482, 26, 166, t1) -> (566, 49, 482, t2=t1+(1, 6))	1	216
(558, 23, 109, t1) -> (558, 45, 145, t2=t1+(1, 7))	1	217
(894, 48, 180, t1) -> (757, 8, 180, t2=t1+(1, 3))	1	218
(831, 38, 623, t1) -> (623, 11, 551, t2=t1+(1, 8))	1	219
(955, 15, 145, t1) -> (145, 48, 955, t2=t1+(1, 6))	1	220
(572, 10, 669, t1) -> (809, 4, 669, t2=t1+(1, 5))	1	221
(999, 32, 660, t1) -> (438, 45, 660, t2=t1+(1, 3))	1	222
(37, 40, 797, t1) -> (737, 4, 37, t2=t1+(1, 6))	1	223
(277, 30, 497, t1) -> (277, 41, 497, t2=t1+(1, 3))	1	224
(748, 21, 275, t1) -> (275, 6, 748, t2=t1+(1, 6))	1	225
(205, 19, 375, t1) -> (205, 47, 205, t2=t1+(1, 4))	1	226
(882, 34, 1, t1) -> (882, 1, 882, t2=t1+(1, 5))	1	227
(870, 13, 883, t1) -> (161, 23, 883, t2=t1+(1, 4))	1	228
(84, 44, 670, t1) -> (84, 13, 84, t2=t1+(1, 4))	1	229
(173, 13, 120, t1) -> (173, 9, 750, t2=t1+(1, 5))	1	230
(402, 0, 806, t1) -> (719, 33, 402, t2=t1+(1, 4))	1	231
(202, 34, 617, t1) -> (617, 13, 617, t2=t1+(1, 2))	1	232
(905, 7, 454, t1) -> (476, 2, 905, t2=t1+(1, 10))	1	233
(933, 36, 519, t1) -> (519, 11, 616, t2=t1+(1, 6))	1	234
(838, 17, 615, t1) -> (615, 39, 838, t2=t1+(1, 4))	1	235
(794, 13, 994, t1) -> (994, 2, 794, t2=t1+(1, 1))	1	236
(15, 8, 980, t1) -> (15, 8, 866, t2=t1+(1, 2))	1	237
(410, 23, 38, t1) -> (38, 37, 410, t2=t1+(1, 3))	1	238
(291, 21, 230, t1) -> (291, 46, 291, t2=t1+(1, 3))	1	239
(849, 20, 701, t1) -> (701, 12, 881, t2=t1+(1, 6))	1	240
(308, 9, 206, t1) -> (344, 37, 308, t2=t1+(1, 5))	1	241
(134, 15, 937, t1) -> (207, 14, 937, t2=t1+(1, 8))	1	242
(285, 38, 258, t1) -> (285, 7, 509, t2=t1+(1, 5))	1	243
(830, 1, 986, t1) -> (614, 21, 986, t2=t1+(1, 7))	1	244
(462, 12, 704, t1) -> (704, 30, 725, t2=t1+(1, 4))	1	245
(784, 26, 718, t1) -> (51, 25, 784, t2=t1+(1, 4))	1	246
(619, 17, 113, t1) -> (652, 0, 113, t2=t1+(1, 8))	1	247
(282, 19, 940, t1) -> (940, 1, 940, t2=t1+(1, 7))	1	248
(287, 29, 440, t1) -> (440, 38, 287, t2=t1+(1, 7))	1	249
(468, 8, 804, t1) -> (468, 6, 492, t2=t1+(1, 8))	1	250
(575, 1, 784, t1) -> (575, 4, 784, t2=t1+(1, 4))	1	251
(257, 35, 101, t1) -> (101, 24, 994, t2=t1+(1, 3))	1	252
(198, 5, 395, t1) -> (198, 23, 891, t2=t1+(1, 6))	1	253
(379, 18, 117, t1) -> (379, 40, 379, t2=t1+(1, 4))	1	254
(206, 41, 756, t1) -> (206, 44, 241, t2=t1+(1, 7))	1	255
(252, 10, 868, t1) -> (863, 43, 868, t2=t1+(1, 8))	1	256
(78, 38, 326, t1) -> (145, 23, 326, t2=t1+(1, 4))	1	257
(682, 32, 134, t1) -> (134, 23, 134, t2=t1+(1, 7))	1	258
(658, 49, 599, t1) -> (599, 48, 10, t2=t1+(1, 2))	1	259
(754, 20, 712, t1) -> (287, 43, 712, t2=t1+(1, 8))	1	260
(197, 6, 135, t1) -> (135, 41, 316, t2=t1+(1, 7))	1	261
(577, 49, 861, t1) -> (861, 44, 861, t2=t1+(1, 3))	1	262
(727, 42, 221, t1) -> (19, 5, 727, t2=t1+(1, 6))	1	263
(311, 29, 224, t1) -> (224, 16, 311, t2=t1+(1, 4))	1	264
(745, 17, 878, t1) -> (663, 42, 878, t2=t1+(1, 7))	1	265
(945, 4, 150, t1) -> (7, 0, 945, t2=t1+(1, 2))	1	266
(408, 12, 384, t1) -> (33, 31, 408, t2=t1+(1, 5))	1	267
(119, 14, 810, t1) -> (810, 36, 815, t2=t1+(1, 5))	1	268
(396, 40, 218, t1) -> (218, 26, 20, t2=t1+(1, 3))	1	269
(877, 29, 274, t1) -> (877, 13, 390, t2=t1+(1, 4))	1	270
(197, 10, 180, t1) -> (180, 9, 197, t2=t1+(1, 6))	1	271
(672, 6, 300, t1) -> (672, 29, 166, t2=t1+(1, 6))	1	272
(82, 5, 19, t1) -> (34, 29, 19, t2=t1+(1, 5))	1	273
(279, 0, 315, t1) -> (315, 11, 149, t2=t1+(1, 5))	1	274
(504, 46, 792, t1) -> (792, 25, 69, t2=t1+(1, 8))	1	275
(246, 29, 209, t1) -> (246, 28, 246, t2=t1+(1, 7))	1	276
(220, 38, 731, t1) -> (297, 1, 220, t2=t1+(1, 1))	1	277
(969, 23, 361, t1) -> (969, 15, 361, t2=t1+(1, 4))	1	278
(66, 40, 739, t1) -> (387, 10, 739, t2=t1+(1, 9))	1	279
(829, 39, 101, t1) -> (829, 4, 899, t2=t1+(1, 7))	1	280
(106, 16, 417, t1) -> (106, 10, 106, t2=t1+(1, 1))	1	281
(768, 28, 234, t1) -> (234, 23, 768, t2=t1+(1, 5))	1	282
(407, 11, 585, t1) -> (585, 41, 335, t2=t1+(1, 5))	1	283
(120, 12, 738, t1) -> (738, 4, 738, t2=t1+(1, 2))	1	284
(191, 26, 564, t1) -> (564, 9, 64, t2=t1+(1, 7))	1	285
(149, 5, 727, t1) -> (727, 36, 77, t2=t1+(1, 6))	1	286
(65, 40, 344, t1) -> (330, 5, 344, t2=t1+(1, 3))	1	287
(109, 40, 99, t1) -> (109, 24, 99, t2=t1+(1, 5))	1	288
(567, 14, 969, t1) -> (964, 12, 969, t2=t1+(1, 2))	1	289
(680, 41, 183, t1) -> (857, 5, 183, t2=t1+(1, 8))	1	290
(349, 33, 460, t1) -> (349, 33, 460, t2=t1+(1, 4))	1	291
(742, 26, 937, t1) -> (742, 11, 742, t2=t1+(1, 6))	1	292
(376, 19, 167, t1) -> (941, 18, 376, t2=t1+(1, 6))	1	293
(933, 33, 987, t1) -> (142, 1, 987, t2=t1+(1, 4))	1	294
(365, 7, 110, t1) -> (110, 31, 365, t2=t1+(1, 2))	1	295
(768, 12, 590, t1) -> (590, 12, 36, t2=t1+(1, 7))	1	296
(423, 45, 27, t1) -> (27, 26, 3, t2=t1+(1, 6))	1	297
(249, 24, 847, t1) -> (709, 22, 847, t2=t1+(1, 8))	1	298
(799, 2, 583, t1) -> (583, 1, 286, t2=t1+(1, 2))	1	299
