(1288, 97, 1398, t1) & (4617, 190, 804, t2=t1+(0, 6)) & (1288, 181, 804, t3=t2+(0, 8)) -> (1288, 181, 1288, t4=t3+(1, 2))	3	0
(2418, 106, 2330, t1) & (4725, 97, 4292, t2=t1+(0, 1)) & (2418, 106, 4725, t3=t2+(0, 2)) -> (4725, 97, 4725, t4=t3+(1, 3))	3	1
(3220, 170, 4419, t1) & (3492, 107, 3871, t2=t1+(0, 4)) & (3220, 25, 3871, t3=t2+(0, 2)) -> (3220, 170, 4419, t4=t3+(1, 3))	3	2
(2240, 30, 3021, t1) & (1815, 168, 2533, t2=t1+(0, 5)) & (2240, 173, 1815, t3=t2+(0, 5)) -> (2240, 30, 1815, t4=t3+(1, 3))	3	3
(4856, 87, 1481, t1) & (3259, 73, 2940, t2=t1+(0, 1)) & (1481, 106, 3259, t3=t2+(0, 4)) -> (1481, 87, 3259, t4=t3+(1, 3))	3	4
(4281, 91, 4741, t1) & (1164, 144, 4824, t2=t1+(0, 7)) & (4741, 7, 1164, t3=t2+(0, 9)) -> (1164, 91, 4281, t4=t3+(1, 6))	3	5
(1118, 65, 1586, t1) & (1670, 87, 1689, t2=t1+(0, 3)) & (1586, 55, 1689, t3=t2+(0, 8)) -> (1689, 65, 1118, t4=t3+(1, 7))	3	6
(738, 123, 2916, t1) & (814, 109, 3997, t2=t1+(0, 7)) & (814, 4, 2916, t3=t2+(0, 3)) -> (814, 109, 814, t4=t3+(1, 5))	3	7
(3082, 122, 4088, t1) & (4305, 154, 3214, t2=t1+(0, 4)) & (3082, 93, 4305, t3=t2+(0, 5)) -> (3082, 93, 4305, t4=t3+(1, 5))	3	8
(1357, 106, 1466, t1) & (2083, 131, 1535, t2=t1+(0, 6)) & (1357, 21, 1535, t3=t2+(0, 5)) -> (1535, 131, 1535, t4=t3+(1, 7))	3	9
(1718, 70, 735, t1) & (2889, 42, 3690, t2=t1+(0, 5)) & (3690, 128, 735, t3=t2+(0, 8)) -> (3690, 42, 3690, t4=t3+(1, 9))	3	10
(1935, 131, 833, t1) & (533, 75, 1613, t2=t1+(0, 3)) & (833, 172, 533, t3=t2+(0, 3)) -> (833, 172, 1613, t4=t3+(1, 4))	3	11
(625, 93, 3977, t1) & (3936, 95, 336, t2=t1+(0, 4)) & (336, 28, 625, t3=t2+(0, 4)) -> (3936, 95, 336, t4=t3+(1, 3))	3	12
(3724, 190, 2257, t1) & (1987, 11, 3215, t2=t1+(0, 4)) & (2257, 139, 3215, t3=t2+(0, 9)) -> (2257, 139, 1987, t4=t3+(1, 3))	3	13
(2361, 115, 1851, t1) & (2904, 190, 2396, t2=t1+(0, 7)) & (2904, 130, 1851, t3=t2+(0, 6)) -> (1851, 190, 1851, t4=t3+(1, 5))	3	14
(3488, 190, 4460, t1) & (1601, 148, 2660, t2=t1+(0, 3)) & (4460, 91, 2660, t3=t2+(0, 2)) -> (1601, 190, 1601, t4=t3+(1, 1))	3	15
(3330, 183, 1727, t1) & (3851, 87, 1017, t2=t1+(0, 8)) & (1017, 133, 1727, t3=t2+(0, 4)) -> (3330, 133, 1017, t4=t3+(1, 9))	3	16
(2757, 127, 3492, t1) & (1837, 7, 1032, t2=t1+(0, 1)) & (1837, 99, 3492, t3=t2+(0, 4)) -> (1837, 7, 1837, t4=t3+(1, 9))	3	17
(3425, 109, 3711, t1) & (2559, 190, 2627, t2=t1+(0, 4)) & (3711, 106, 2627, t3=t2+(0, 4)) -> (3711, 109, 2627, t4=t3+(1, 3))	3	18
(2549, 106, 4382, t1) & (3960, 121, 2456, t2=t1+(0, 5)) & (2549, 168, 2456, t3=t2+(0, 7)) -> (3960, 168, 3960, t4=t3+(1, 8))	3	19
(4693, 14, 1108, t1) & (643, 73, 3899, t2=t1+(0, 4)) & (4693, 55, 643, t3=t2+(0, 3)) -> (4693, 73, 643, t4=t3+(1, 2))	3	20
(4075, 91, 2808, t1) & (1886, 77, 273, t2=t1+(0, 5)) & (273, 136, 4075, t3=t2+(0, 4)) -> (273, 91, 1886, t4=t3+(1, 5))	3	21
(2635, 178, 2693, t1) & (4469, 158, 4047, t2=t1+(0, 5)) & (4047, 30, 2693, t3=t2+(0, 7)) -> (4047, 178, 2693, t4=t3+(1, 1))	3	22
(2985, 65, 938, t1) & (1513, 161, 3090, t2=t1+(0, 10)) & (938, 47, 1513, t3=t2+(0, 7)) -> (938, 161, 1513, t4=t3+(1, 7))	3	23
(2018, 66, 803, t1) & (4830, 98, 4154, t2=t1+(0, 5)) & (4154, 176, 803, t3=t2+(0, 2)) -> (803, 98, 4154, t4=t3+(1, 5))	3	24
(3856, 131, 3693, t1) & (854, 66, 4218, t2=t1+(0, 7)) & (854, 190, 3856, t3=t2+(0, 3)) -> (4218, 131, 854, t4=t3+(1, 1))	3	25
(3637, 146, 3361, t1) & (902, 17, 4598, t2=t1+(0, 2)) & (4598, 97, 3637, t3=t2+(0, 10)) -> (3361, 97, 3361, t4=t3+(1, 4))	3	26
(2806, 158, 3494, t1) & (2051, 145, 563, t2=t1+(0, 4)) & (2051, 109, 2806, t3=t2+(0, 3)) -> (3494, 158, 2806, t4=t3+(1, 2))	3	27
(1282, 89, 3974, t1) & (3563, 168, 4779, t2=t1+(0, 4)) & (3563, 102, 3974, t3=t2+(0, 5)) -> (4779, 102, 3974, t4=t3+(1, 7))	3	28
(1407, 136, 4567, t1) & (3191, 19, 885, t2=t1+(0, 6)) & (3191, 87, 1407, t3=t2+(0, 5)) -> (3191, 136, 4567, t4=t3+(1, 6))	3	29
(254, 197, 4368, t1) & (2755, 10, 4654, t2=t1+(0, 7)) & (254, 64, 2755, t3=t2+(0, 1)) -> (4654, 197, 254, t4=t3+(1, 3))	3	30
(4031, 3, 4959, t1) & (4349, 50, 4215, t2=t1+(0, 4)) & (4031, 60, 4349, t3=t2+(0, 0)) -> (4349, 3, 4349, t4=t3+(1, 7))	3	31
(2540, 95, 592, t1) & (462, 55, 4343, t2=t1+(0, 7)) & (4343, 172, 592, t3=t2+(0, 5)) -> (462, 55, 2540, t4=t3+(1, 7))	3	32
(86, 181, 1852, t1) & (1387, 85, 3960, t2=t1+(0, 3)) & (3960, 106, 1852, t3=t2+(0, 9)) -> (3960, 85, 1852, t4=t3+(1, 1))	3	33
(4309, 139, 2700, t1) & (2262, 197, 4605, t2=t1+(0, 7)) & (4605, 0, 4309, t3=t2+(0, 4)) -> (4309, 0, 2700, t4=t3+(1, 2))	3	34
(2418, 91, 3825, t1) & (498, 173, 3025, t2=t1+(0, 9)) & (3825, 65, 498, t3=t2+(0, 6)) -> (3825, 65, 2418, t4=t3+(1, 5))	3	35
(1728, 55, 4676, t1) & (3601, 60, 4893, t2=t1+(0, 7)) & (1728, 17, 3601, t3=t2+(0, 6)) -> (3601, 17, 4893, t4=t3+(1, 6))	3	36
(2441, 131, 2113, t1) & (549, 32, 1650, t2=t1+(0, 4)) & (2441, 26, 549, t3=t2+(0, 8)) -> (549, 131, 2113, t4=t3+(1, 5))	3	37
(3869, 66, 3280, t1) & (4441, 78, 4446, t2=t1+(0, 6)) & (4446, 142, 3280, t3=t2+(0, 5)) -> (4446, 78, 3280, t4=t3+(1, 6))	3	38
(554, 31, 1108, t1) & (4183, 156, 3240, t2=t1+(0, 7)) & (1108, 154, 3240, t3=t2+(0, 3)) -> (554, 154, 3240, t4=t3+(1, 3))	3	39
(1364, 28, 3734, t1) & (3530, 109, 4797, t2=t1+(0, 5)) & (4797, 106, 3734, t3=t2+(0, 3)) -> (4797, 109, 3530, t4=t3+(1, 3))	3	40
(3635, 30, 971, t1) & (603, 170, 4630, t2=t1+(0, 5)) & (971, 149, 4630, t3=t2+(0, 7)) -> (603, 149, 603, t4=t3+(1, 5))	3	41
(4917, 173, 1325, t1) & (677, 177, 1053, t2=t1+(0, 1)) & (677, 70, 4917, t3=t2+(0, 6)) -> (4917, 173, 677, t4=t3+(1, 9))	3	42
(4313, 21, 1133, t1) & (610, 41, 1954, t2=t1+(0, 4)) & (610, 156, 4313, t3=t2+(0, 1)) -> (1133, 156, 1954, t4=t3+(1, 5))	3	43
(1722, 187, 4041, t1) & (3704, 115, 3827, t2=t1+(0, 4)) & (3704, 30, 1722, t3=t2+(0, 6)) -> (3827, 187, 3827, t4=t3+(1, 7))	3	44
(1454, 128, 598, t1) & (2682, 190, 4520, t2=t1+(0, 11)) & (1454, 73, 4520, t3=t2+(0, 3)) -> (2682, 128, 1454, t4=t3+(1, 7))	3	45
(1389, 9, 2858, t1) & (4300, 174, 4529, t2=t1+(0, 7)) & (1389, 66, 4300, t3=t2+(0, 2)) -> (1389, 9, 4300, t4=t3+(1, 6))	3	46
(588, 73, 4795, t1) & (3608, 119, 1575, t2=t1+(0, 1)) & (4795, 77, 3608, t3=t2+(0, 3)) -> (1575, 119, 3608, t4=t3+(1, 3))	3	47
(2120, 35, 4422, t1) & (2502, 60, 3609, t2=t1+(0, 5)) & (2502, 193, 2120, t3=t2+(0, 0)) -> (2502, 35, 2120, t4=t3+(1, 5))	3	48
(2073, 62, 3891, t1) & (931, 12, 112, t2=t1+(0, 4)) & (3891, 106, 112, t3=t2+(0, 11)) -> (931, 12, 112, t4=t3+(1, 3))	3	49
(2159, 9, 3143, t1) & (4880, 73, 727, t2=t1+(0, 5)) & (2159, 191, 4880, t3=t2+(0, 4)) -> (2159, 9, 727, t4=t3+(1, 9))	3	50
(3216, 95, 4311, t1) & (542, 34, 2968, t2=t1+(0, 6)) & (542, 162, 4311, t3=t2+(0, 2)) -> (542, 34, 2968, t4=t3+(1, 4))	3	51
(3338, 7, 1042, t1) & (4793, 73, 1552, t2=t1+(0, 5)) & (1042, 171, 1552, t3=t2+(0, 7)) -> (1042, 171, 1042, t4=t3+(1, 5))	3	52
(450, 166, 4996, t1) & (1568, 189, 2546, t2=t1+(0, 3)) & (1568, 74, 450, t3=t2+(0, 3)) -> (450, 189, 4996, t4=t3+(1, 5))	3	53
(3610, 190, 4307, t1) & (2286, 168, 1945, t2=t1+(0, 5)) & (1945, 60, 3610, t3=t2+(0, 8)) -> (4307, 60, 3610, t4=t3+(1, 5))	3	54
(3334, 145, 3228, t1) & (4845, 94, 4092, t2=t1+(0, 4)) & (4092, 144, 3228, t3=t2+(0, 6)) -> (4845, 144, 4845, t4=t3+(1, 7))	3	55
(4610, 73, 930, t1) & (588, 87, 4819, t2=t1+(0, 4)) & (930, 131, 4819, t3=t2+(0, 4)) -> (4610, 87, 930, t4=t3+(1, 6))	3	56
(2580, 128, 2667, t1) & (1775, 173, 2210, t2=t1+(0, 7)) & (2580, 17, 2210, t3=t2+(0, 4)) -> (2667, 173, 2210, t4=t3+(1, 6))	3	57
(3057, 27, 2847, t1) & (230, 162, 1965, t2=t1+(0, 4)) & (3057, 9, 1965, t3=t2+(0, 3)) -> (230, 162, 2847, t4=t3+(1, 7))	3	58
(467, 133, 4547, t1) & (2676, 34, 2130, t2=t1+(0, 4)) & (2676, 175, 4547, t3=t2+(0, 6)) -> (2130, 175, 467, t4=t3+(1, 3))	3	59
(3383, 99, 3835, t1) & (2432, 136, 4992, t2=t1+(0, 5)) & (2432, 128, 3835, t3=t2+(0, 7)) -> (3383, 99, 4992, t4=t3+(1, 7))	3	60
(782, 74, 1704, t1) & (645, 80, 2185, t2=t1+(0, 3)) & (1704, 25, 2185, t3=t2+(0, 4)) -> (1704, 25, 2185, t4=t3+(1, 4))	3	61
(1435, 168, 1894, t1) & (3691, 81, 869, t2=t1+(0, 5)) & (1435, 149, 3691, t3=t2+(0, 4)) -> (869, 168, 1435, t4=t3+(1, 4))	3	62
(1899, 126, 4062, t1) & (4977, 34, 1456, t2=t1+(0, 4)) & (1899, 89, 4977, t3=t2+(0, 8)) -> (4062, 126, 1899, t4=t3+(1, 1))	3	63
(3401, 98, 992, t1) & (3709, 106, 4151, t2=t1+(0, 4)) & (992, 69, 4151, t3=t2+(0, 2)) -> (3401, 69, 992, t4=t3+(1, 10))	3	64
(4731, 86, 971, t1) & (4557, 190, 3164, t2=t1+(0, 6)) & (4731, 5, 3164, t3=t2+(0, 5)) -> (3164, 86, 4731, t4=t3+(1, 4))	3	65
(3394, 60, 4381, t1) & (2532, 118, 3875, t2=t1+(0, 4)) & (2532, 154, 4381, t3=t2+(0, 5)) -> (4381, 118, 3394, t4=t3+(1, 1))	3	66
(3072, 131, 1837, t1) & (1208, 70, 4100, t2=t1+(0, 7)) & (3072, 136, 1208, t3=t2+(0, 7)) -> (4100, 131, 3072, t4=t3+(1, 5))	3	67
(2997, 34, 3206, t1) & (1297, 9, 3422, t2=t1+(0, 6)) & (3422, 25, 3206, t3=t2+(0, 0)) -> (2997, 9, 1297, t4=t3+(1, 4))	3	68
(4849, 133, 4887, t1) & (4470, 168, 2147, t2=t1+(0, 3)) & (4887, 168, 4470, t3=t2+(0, 6)) -> (4887, 168, 4887, t4=t3+(1, 3))	3	69
(4087, 25, 109, t1) & (3083, 114, 927, t2=t1+(0, 1)) & (4087, 145, 3083, t3=t2+(0, 9)) -> (927, 25, 109, t4=t3+(1, 6))	3	70
(280, 67, 1600, t1) & (4244, 67, 2693, t2=t1+(0, 6)) & (2693, 9, 280, t3=t2+(0, 4)) -> (280, 67, 4244, t4=t3+(1, 5))	3	71
(3727, 130, 1000, t1) & (3852, 131, 3408, t2=t1+(0, 5)) & (3408, 126, 3727, t3=t2+(0, 6)) -> (3727, 131, 1000, t4=t3+(1, 2))	3	72
(4221, 162, 2888, t1) & (1996, 87, 4957, t2=t1+(0, 5)) & (2888, 168, 4957, t3=t2+(0, 3)) -> (2888, 87, 4221, t4=t3+(1, 3))	3	73
(279, 81, 261, t1) & (3294, 93, 425, t2=t1+(0, 2)) & (425, 30, 279, t3=t2+(0, 6)) -> (279, 30, 425, t4=t3+(1, 4))	3	74
(1360, 98, 3906, t1) & (4353, 167, 260, t2=t1+(0, 8)) & (1360, 158, 260, t3=t2+(0, 2)) -> (260, 158, 1360, t4=t3+(1, 9))	3	75
(2186, 181, 1084, t1) & (4234, 74, 2659, t2=t1+(0, 5)) & (1084, 9, 2659, t3=t2+(0, 2)) -> (2186, 181, 1084, t4=t3+(1, 3))	3	76
(3211, 22, 3415, t1) & (1423, 54, 4372, t2=t1+(0, 5)) & (3211, 119, 4372, t3=t2+(0, 7)) -> (3211, 54, 3211, t4=t3+(1, 4))	3	77
(4786, 120, 4492, t1) & (3064, 73, 3491, t2=t1+(0, 5)) & (4492, 25, 3064, t3=t2+(0, 3)) -> (3064, 120, 4492, t4=t3+(1, 2))	3	78
(3470, 74, 3702, t1) & (2594, 167, 433, t2=t1+(0, 5)) & (2594, 25, 3702, t3=t2+(0, 7)) -> (433, 25, 3470, t4=t3+(1, 3))	3	79
(1223, 173, 5, t1) & (1117, 45, 4543, t2=t1+(0, 4)) & (1223, 190, 4543, t3=t2+(0, 4)) -> (1223, 190, 1223, t4=t3+(1, 5))	3	80
(4080, 65, 1766, t1) & (1661, 94, 2291, t2=t1+(0, 7)) & (1661, 172, 1766, t3=t2+(0, 6)) -> (1661, 65, 2291, t4=t3+(1, 7))	3	81
(54, 184, 2672, t1) & (1105, 73, 3930, t2=t1+(0, 7)) & (54, 109, 3930, t3=t2+(0, 7)) -> (2672, 73, 2672, t4=t3+(1, 7))	3	82
(690, 71, 4372, t1) & (3100, 75, 3983, t2=t1+(0, 8)) & (3983, 87, 690, t3=t2+(0, 8)) -> (4372, 87, 690, t4=t3+(1, 3))	3	83
(721, 66, 184, t1) & (1187, 5, 1257, t2=t1+(0, 6)) & (184, 128, 1187, t3=t2+(0, 4)) -> (721, 66, 1257, t4=t3+(1, 5))	3	84
(4051, 173, 625, t1) & (3335, 181, 2026, t2=t1+(0, 10)) & (625, 4, 3335, t3=t2+(0, 4)) -> (2026, 181, 3335, t4=t3+(1, 5))	3	85
(191, 172, 3765, t1) & (4866, 119, 2946, t2=t1+(0, 3)) & (2946, 67, 3765, t3=t2+(0, 6)) -> (3765, 67, 3765, t4=t3+(1, 7))	3	86
(4497, 178, 3801, t1) & (4981, 120, 4824, t2=t1+(0, 5)) & (3801, 173, 4981, t3=t2+(0, 4)) -> (4824, 178, 3801, t4=t3+(1, 10))	3	87
(3851, 142, 4943, t1) & (103, 93, 2994, t2=t1+(0, 7)) & (3851, 36, 2994, t3=t2+(0, 5)) -> (103, 93, 2994, t4=t3+(1, 9))	3	88
(1888, 66, 1423, t1) & (1567, 80, 4708, t2=t1+(0, 6)) & (1567, 136, 1423, t3=t2+(0, 5)) -> (1423, 136, 1423, t4=t3+(1, 4))	3	89
(2914, 91, 4605, t1) & (4092, 67, 936, t2=t1+(0, 4)) & (936, 131, 4605, t3=t2+(0, 4)) -> (936, 67, 936, t4=t3+(1, 5))	3	90
(3162, 113, 3500, t1) & (1282, 80, 4354, t2=t1+(0, 4)) & (1282, 62, 3162, t3=t2+(0, 5)) -> (3162, 62, 1282, t4=t3+(1, 3))	3	91
(3444, 85, 1145, t1) & (4423, 115, 1830, t2=t1+(0, 5)) & (3444, 91, 4423, t3=t2+(0, 5)) -> (3444, 91, 3444, t4=t3+(1, 2))	3	92
(1924, 133, 295, t1) & (1865, 93, 2634, t2=t1+(0, 9)) & (1865, 172, 1924, t3=t2+(0, 7)) -> (1865, 93, 2634, t4=t3+(1, 2))	3	93
(4625, 148, 490, t1) & (3606, 73, 2874, t2=t1+(0, 9)) & (2874, 120, 4625, t3=t2+(0, 6)) -> (4625, 120, 4625, t4=t3+(1, 7))	3	94
(805, 115, 3404, t1) & (3396, 198, 3065, t2=t1+(0, 10)) & (3065, 7, 805, t3=t2+(0, 8)) -> (3065, 115, 3396, t4=t3+(1, 4))	3	95
(455, 12, 678, t1) & (2276, 22, 3738, t2=t1+(0, 6)) & (455, 133, 2276, t3=t2+(0, 6)) -> (678, 133, 3738, t4=t3+(1, 9))	3	96
(3272, 71, 650, t1) & (3224, 106, 1729, t2=t1+(0, 5)) & (3272, 0, 1729, t3=t2+(0, 10)) -> (3272, 71, 1729, t4=t3+(1, 3))	3	97
(2808, 189, 1464, t1) & (2557, 86, 1862, t2=t1+(0, 11)) & (2557, 156, 2808, t3=t2+(0, 5)) -> (1862, 156, 1862, t4=t3+(1, 5))	3	98
(1013, 165, 1709, t1) & (3285, 98, 3627, t2=t1+(0, 3)) & (1709, 87, 3627, t3=t2+(0, 6)) -> (1013, 165, 3627, t4=t3+(1, 4))	3	99
(2333, 191, 2191, t1) & (807, 59, 2333, t2=t1+(0, 1)) -> (2333, 191, 807, t3=t2+(1, 4))	2	100
(3705, 21, 2545, t1) & (3493, 98, 3705, t2=t1+(0, 4)) -> (3493, 21, 2545, t3=t2+(1, 4))	2	101
(501, 80, 2664, t1) & (501, 75, 2664, t2=t1+(0, 6)) -> (2664, 75, 501, t3=t2+(1, 7))	2	102
(268, 41, 4893, t1) & (3688, 181, 4893, t2=t1+(0, 1)) -> (3688, 41, 4893, t3=t2+(1, 4))	2	103
(3347, 73, 4381, t1) & (4381, 173, 4381, t2=t1+(0, 7)) -> (3347, 73, 4381, t3=t2+(1, 5))	2	104
(2434, 158, 847, t1) & (1382, 156, 847, t2=t1+(0, 4)) -> (1382, 158, 1382, t3=t2+(1, 8))	2	105
(1570, 77, 213, t1) & (1521, 25, 213, t2=t1+(0, 4)) -> (213, 25, 1570, t3=t2+(1, 8))	2	106
(4021, 55, 555, t1) & (4021, 11, 1762, t2=t1+(0, 4)) -> (555, 11, 555, t3=t2+(1, 5))	2	107
(2646, 73, 2595, t1) & (3340, 168, 2595, t2=t1+(0, 2)) -> (3340, 73, 2595, t3=t2+(1, 3))	2	108
(3916, 136, 491, t1) & (3916, 190, 3083, t2=t1+(0, 8)) -> (3083, 190, 3083, t3=t2+(1, 6))	2	109
(4077, 190, 3342, t1) & (4077, 8, 48, t2=t1+(0, 7)) -> (3342, 8, 4077, t3=t2+(1, 2))	2	110
(1963, 95, 4715, t1) & (1963, 190, 3639, t2=t1+(0, 5)) -> (1963, 190, 3639, t3=t2+(1, 6))	2	111
(1439, 84, 260, t1) & (136, 111, 260, t2=t1+(0, 10)) -> (260, 84, 136, t3=t2+(1, 3))	2	112
(3516, 190, 3606, t1) & (3606, 121, 3606, t2=t1+(0, 8)) -> (3516, 121, 3606, t3=t2+(1, 1))	2	113
(4508, 189, 142, t1) & (4508, 89, 4067, t2=t1+(0, 5)) -> (4067, 189, 4067, t3=t2+(1, 4))	2	114
(2204, 87, 147, t1) & (147, 12, 2204, t2=t1+(0, 1)) -> (147, 87, 2204, t3=t2+(1, 7))	2	115
(525, 184, 2597, t1) & (2597, 58, 525, t2=t1+(0, 8)) -> (2597, 184, 2597, t3=t2+(1, 1))	2	116
(592, 36, 4464, t1) & (4464, 10, 4365, t2=t1+(0, 3)) -> (4464, 10, 4464, t3=t2+(1, 4))	2	117
(1256, 186, 1173, t1) & (1173, 173, 596, t2=t1+(0, 3)) -> (596, 186, 596, t3=t2+(1, 8))	2	118
(2595, 115, 4488, t1) & (4488, 173, 3551, t2=t1+(0, 5)) -> (2595, 115, 3551, t3=t2+(1, 3))	2	119
(1282, 34, 4667, t1) & (2655, 28, 1282, t2=t1+(0, 4)) -> (4667, 34, 1282, t3=t2+(1, 5))	2	120
(1056, 83, 1176, t1) & (239, 69, 1056, t2=t1+(0, 6)) -> (1176, 69, 1176, t3=t2+(1, 8))	2	121
(2824, 64, 2766, t1) & (3570, 10, 2824, t2=t1+(0, 4)) -> (2824, 64, 2766, t3=t2+(1, 14))	2	122
(400, 133, 4888, t1) & (2917, 45, 400, t2=t1+(0, 3)) -> (400, 45, 400, t3=t2+(1, 4))	2	123
(303, 33, 1534, t1) & (1534, 96, 3946, t2=t1+(0, 6)) -> (303, 33, 303, t3=t2+(1, 8))	2	124
(2398, 139, 3295, t1) & (2398, 111, 4886, t2=t1+(0, 3)) -> (2398, 139, 2398, t3=t2+(1, 4))	2	125
(4549, 115, 3133, t1) & (3785, 0, 3133, t2=t1+(0, 4)) -> (3133, 0, 3133, t3=t2+(1, 1))	2	126
(906, 55, 3314, t1) & (1629, 190, 3314, t2=t1+(0, 5)) -> (3314, 190, 3314, t3=t2+(1, 1))	2	127
(1293, 128, 2367, t1) & (1293, 191, 643, t2=t1+(0, 7)) -> (2367, 128, 1293, t3=t2+(1, 5))	2	128
(230, 161, 4497, t1) & (4497, 67, 230, t2=t1+(0, 8)) -> (230, 67, 230, t3=t2+(1, 7))	2	129
(4189, 184, 1406, t1) & (4143, 25, 1406, t2=t1+(0, 8)) -> (4189, 184, 1406, t3=t2+(1, 6))	2	130
(4314, 67, 2416, t1) & (2416, 65, 2930, t2=t1+(0, 5)) -> (2416, 67, 4314, t3=t2+(1, 4))	2	131
(902, 0, 498, t1) & (3175, 71, 498, t2=t1+(0, 5)) -> (498, 71, 498, t3=t2+(1, 3))	2	132
(2104, 58, 4835, t1) & (970, 176, 2104, t2=t1+(0, 6)) -> (2104, 176, 970, t3=t2+(1, 6))	2	133
(1901, 145, 374, t1) & (1901, 91, 1915, t2=t1+(0, 4)) -> (1901, 145, 1915, t3=t2+(1, 6))	2	134
(4220, 60, 4200, t1) & (4322, 80, 4200, t2=t1+(0, 1)) -> (4220, 60, 4322, t3=t2+(1, 5))	2	135
(375, 119, 3642, t1) & (375, 80, 3642, t2=t1+(0, 4)) -> (375, 119, 375, t3=t2+(1, 2))	2	136
(996, 97, 3398, t1) & (4334, 75, 996, t2=t1+(0, 6)) -> (4334, 75, 996, t3=t2+(1, 7))	2	137
(3827, 80, 351, t1) & (351, 74, 1216, t2=t1+(0, 7)) -> (351, 74, 351, t3=t2+(1, 6))	2	138
(4479, 86, 4687, t1) & (4687, 87, 2556, t2=t1+(0, 2)) -> (4687, 86, 4479, t3=t2+(1, 3))	2	139
(1388, 133, 3634, t1) & (3634, 106, 1794, t2=t1+(0, 4)) -> (1388, 106, 3634, t3=t2+(1, 6))	2	140
(3474, 73, 2221, t1) & (2221, 74, 3474, t2=t1+(0, 4)) -> (2221, 73, 3474, t3=t2+(1, 3))	2	141
(3000, 74, 3498, t1) & (816, 142, 3498, t2=t1+(0, 6)) -> (3000, 74, 3498, t3=t2+(1, 4))	2	142
(1398, 93, 2472, t1) & (1398, 198, 3657, t2=t1+(0, 1)) -> (1398, 198, 1398, t3=t2+(1, 4))	2	143
(1423, 118, 1123, t1) & (1123, 7, 1423, t2=t1+(0, 9)) -> (1123, 7, 1123, t3=t2+(1, 6))	2	144
(1448, 71, 3898, t1) & (1448, 87, 3230, t2=t1+(0, 4)) -> (1448, 87, 1448, t3=t2+(1, 8))	2	145
(849, 88, 2313, t1) & (4607, 31, 2313, t2=t1+(0, 5)) -> (849, 88, 2313, t3=t2+(1, 3))	2	146
(3747, 173, 1822, t1) & (1822, 149, 2264, t2=t1+(0, 2)) -> (3747, 173, 2264, t3=t2+(1, 8))	2	147
(3814, 11, 1060, t1) & (1060, 176, 444, t2=t1+(0, 4)) -> (1060, 11, 1060, t3=t2+(1, 5))	2	148
(4803, 184, 1537, t1) & (1819, 118, 1537, t2=t1+(0, 6)) -> (1819, 184, 4803, t3=t2+(1, 3))	2	149
(2046, 127, 4537, t1) & (2046, 134, 2146, t2=t1+(0, 2)) -> (2046, 127, 2146, t3=t2+(1, 4))	2	150
(2752, 14, 4530, t1) & (2752, 99, 2752, t2=t1+(0, 2)) -> (2752, 99, 2752, t3=t2+(1, 4))	2	151
(53, 75, 1762, t1) & (53, 27, 53, t2=t1+(0, 4)) -> (1762, 75, 53, t3=t2+(1, 5))	2	152
(215, 189, 3556, t1) & (215, 178, 4057, t2=t1+(0, 7)) -> (4057, 178, 3556, t3=t2+(1, 6))	2	153
(2429, 119, 1320, t1) & (2429, 110, 4678, t2=t1+(0, 5)) -> (1320, 110, 1320, t3=t2+(1, 6))	2	154
(529, 97, 3165, t1) & (529, 107, 3942, t2=t1+(0, 5)) -> (3165, 97, 3165, t3=t2+(1, 5))	2	155
(527, 25, 2516, t1) & (2516, 7, 2516, t2=t1+(0, 7)) -> (527, 25, 2516, t3=t2+(1, 4))	2	156
(480, 91, 2368, t1) & (2674, 48, 2368, t2=t1+(0, 7)) -> (2674, 48, 2368, t3=t2+(1, 5))	2	157
(4675, 167, 671, t1) & (671, 190, 4675, t2=t1+(0, 2)) -> (671, 190, 4675, t3=t2+(1, 4))	2	158
(2583, 115, 1677, t1) & (2583, 34, 2583, t2=t1+(0, 5)) -> (2583, 115, 2583, t3=t2+(1, 3))	2	159
(740, 172, 4198, t1) & (4198, 17, 3450, t2=t1+(0, 3)) -> (740, 17, 4198, t3=t2+(1, 4))	2	160
(1817, 95, 2708, t1) & (1817, 6, 344, t2=t1+(0, 4)) -> (1817, 95, 344, t3=t2+(1, 7))	2	161
(4975, 60, 4769, t1) & (4769, 87, 4975, t2=t1+(0, 2)) -> (4769, 87, 4769, t3=t2+(1, 5))	2	162
(970, 93, 1479, t1) & (970, 136, 560, t2=t1+(0, 4)) -> (1479, 136, 1479, t3=t2+(1, 7))	2	163
(2582, 14, 3766, t1) & (3766, 95, 2455, t2=t1+(0, 6)) -> (2582, 14, 2582, t3=t2+(1, 4))	2	164
(3334, 67, 1930, t1) & (3334, 44, 3727, t2=t1+(0, 4)) -> (3727, 67, 3334, t3=t2+(1, 6))	2	165
(1436, 120, 1215, t1) & (532, 181, 1436, t2=t1+(0, 5)) -> (1215, 120, 1436, t3=t2+(1, 4))	2	166
(3924, 178, 3816, t1) & (3924, 158, 2995, t2=t1+(0, 6)) -> (3924, 178, 3924, t3=t2+(1, 8))	2	167
(690, 34, 3091, t1) & (690, 87, 4719, t2=t1+(0, 9)) -> (690, 34, 690, t3=t2+(1, 2))	2	168
(1931, 119, 4641, t1) & (4641, 93, 3471, t2=t1+(0, 3)) -> (4641, 93, 1931, t3=t2+(1, 9))	2	169
(4219, 32, 614, t1) & (4219, 28, 561, t2=t1+(0, 7)) -> (4219, 28, 4219, t3=t2+(1, 3))	2	170
(3518, 119, 3631, t1) & (3518, 168, 2733, t2=t1+(0, 4)) -> (2733, 119, 3518, t3=t2+(1, 3))	2	171
(2431, 28, 3038, t1) & (3363, 28, 2431, t2=t1+(0, 3)) -> (3038, 28, 2431, t3=t2+(1, 8))	2	172
(4094, 119, 4658, t1) & (4094, 41, 4094, t2=t1+(0, 6)) -> (4094, 41, 4094, t3=t2+(1, 9))	2	173
(451, 117, 2197, t1) & (2197, 126, 1328, t2=t1+(0, 4)) -> (451, 126, 2197, t3=t2+(1, 3))	2	174
(358, 91, 758, t1) & (626, 70, 758, t2=t1+(0, 5)) -> (758, 91, 758, t3=t2+(1, 6))	2	175
(2960, 64, 3381, t1) & (3381, 168, 3381, t2=t1+(0, 7)) -> (3381, 64, 3381, t3=t2+(1, 10))	2	176
(4650, 158, 4035, t1) & (4574, 97, 4650, t2=t1+(0, 7)) -> (4650, 97, 4650, t3=t2+(1, 8))	2	177
(606, 139, 471, t1) & (2961, 3, 471, t2=t1+(0, 4)) -> (471, 139, 471, t3=t2+(1, 3))	2	178
(2103, 150, 342, t1) & (2103, 181, 990, t2=t1+(0, 2)) -> (2103, 150, 2103, t3=t2+(1, 7))	2	179
(1961, 33, 1262, t1) & (2336, 80, 1262, t2=t1+(0, 3)) -> (1262, 33, 2336, t3=t2+(1, 4))	2	180
(3230, 142, 1144, t1) & (1144, 44, 1144, t2=t1+(0, 5)) -> (3230, 142, 3230, t3=t2+(1, 3))	2	181
(1336, 166, 3542, t1) & (1336, 7, 1336, t2=t1+(0, 5)) -> (3542, 7, 1336, t3=t2+(1, 2))	2	182
(3518, 169, 2545, t1) & (3518, 100, 3518, t2=t1+(0, 4)) -> (3518, 169, 3518, t3=t2+(1, 3))	2	183
(4192, 145, 2104, t1) & (2104, 34, 1459, t2=t1+(0, 5)) -> (2104, 145, 2104, t3=t2+(1, 3))	2	184
(3498, 197, 4096, t1) & (4096, 87, 3523, t2=t1+(0, 5)) -> (3523, 87, 3523, t3=t2+(1, 4))	2	185
(2270, 182, 3096, t1) & (3096, 197, 2270, t2=t1+(0, 7)) -> (2270, 197, 3096, t3=t2+(1, 3))	2	186
(1967, 32, 3514, t1) & (1967, 50, 448, t2=t1+(0, 3)) -> (1967, 32, 1967, t3=t2+(1, 4))	2	187
(4954, 19, 4957, t1) & (4957, 149, 1274, t2=t1+(0, 2)) -> (4957, 149, 1274, t3=t2+(1, 8))	2	188
(3214, 93, 1444, t1) & (3214, 4, 2548, t2=t1+(0, 5)) -> (3214, 4, 1444, t3=t2+(1, 3))	2	189
(2731, 168, 3487, t1) & (2731, 169, 1102, t2=t1+(0, 5)) -> (3487, 168, 1102, t3=t2+(1, 4))	2	190
(4784, 24, 1760, t1) & (4784, 139, 4452, t2=t1+(0, 5)) -> (1760, 139, 4452, t3=t2+(1, 5))	2	191
(832, 130, 3813, t1) & (3813, 66, 832, t2=t1+(0, 3)) -> (3813, 130, 832, t3=t2+(1, 7))	2	192
(2703, 152, 4006, t1) & (2703, 88, 800, t2=t1+(0, 6)) -> (2703, 152, 2703, t3=t2+(1, 2))	2	193
(1293, 190, 2791, t1) & (4161, 177, 2791, t2=t1+(0, 3)) -> (4161, 190, 2791, t3=t2+(1, 6))	2	194
(1588, 176, 1532, t1) & (1532, 162, 4265, t2=t1+(0, 6)) -> (1588, 176, 1588, t3=t2+(1, 6))	2	195
(4253, 32, 4583, t1) & (4253, 21, 2673, t2=t1+(0, 4)) -> (4583, 21, 4253, t3=t2+(1, 3))	2	196
(1627, 145, 3402, t1) & (3402, 49, 3402, t2=t1+(0, 7)) -> (3402, 145, 1627, t3=t2+(1, 6))	2	197
(2536, 158, 966, t1) & (966, 109, 2782, t2=t1+(0, 9)) -> (2536, 109, 966, t3=t2+(1, 7))	2	198
(2943, 173, 3820, t1) & (312, 35, 3820, t2=t1+(0, 7)) -> (312, 173, 3820, t3=t2+(1, 3))	2	199
(3008, 196, 3856, t1) -> (3008, 196, 3856, t2=t1+(1, 11))	1	200
(4150, 145, 4130, t1) -> (4130, 145, 4150, t2=t1+(1, 6))	1	201
(4343, 21, 1736, t1) -> (4343, 21, 4343, t2=t1+(1, 9))	1	202
(2675, 101, 1461, t1) -> (1461, 101, 2675, t2=t1+(1, 4))	1	203
(4730, 144, 2338, t1) -> (2338, 144, 2338, t2=t1+(1, 4))	1	204
(1120, 87, 3643, t1) -> (3643, 87, 3643, t2=t1+(1, 9))	1	205
(1713, 30, 2546, t1) -> (2546, 30, 1713, t2=t1+(1, 2))	1	206
(2432, 40, 62, t1) -> (62, 40, 2432, t2=t1+(1, 4))	1	207
(4336, 66, 3687, t1) -> (4336, 66, 3687, t2=t1+(1, 8))	1	208
(1136, 92, 821, t1) -> (1136, 92, 821, t2=t1+(1, 3))	1	209
(3453, 170, 4402, t1) -> (3453, 170, 4402, t2=t1+(1, 3))	1	210
(2504, 87, 2465, t1) -> (2504, 87, 2465, t2=t1+(1, 4))	1	211
(3726, 182, 2101, t1) -> (3726, 182, 2101, t2=t1+(1, 3))	1	212
(2056, 60, 3962, t1) -> (3962, 60, 3962, t2=t1+(1, 5))	1	213
(403, 34, 1630, t1) -> (1630, 34, 1630, t2=t1+(1, 2))	1	214
(747, 17, 4238, t1) -> (4238, 17, 747, t2=t1+(1, 4))	1	215
(3628, 173, 16, t1) -> (3628, 173, 16, t2=t1+(1, 11))	1	216
(3211, 45, 2388, t1) -> (2388, 45, 2388, t2=t1+(1, 6))	1	217
(4014, 126, 3999, t1) -> (4014, 126, 3999, t2=t1+(1, 5))	1	218
(2918, 99, 3795, t1) -> (3795, 99, 2918, t2=t1+(1, 3))	1	219
(1320, 181, 3789, t1) -> (1320, 181, 3789, t2=t1+(1, 5))	1	220
(238, 195, 4423, t1) -> (238, 195, 4423, t2=t1+(1, 6))	1	221
(2067, 84, 4980, t1) -> (4980, 84, 4980, t2=t1+(1, 7))	1	222
(637, 172, 3607, t1) -> (637, 172, 3607, t2=t1+(1, 6))	1	223
(1369, 169, 4749, t1) -> (1369, 169, 4749, t2=t1+(1, 5))	1	224
(74, 117, 3908, t1) -> (74, 117, 74, t2=t1+(1, 3))	1	225
(1681, 131, 2481, t1) -> (1681, 131, 2481, t2=t1+(1, 6))	1	226
(4426, 121, 98, t1) -> (98, 121, 98, t2=t1+(1, 3))	1	227
(1998, 28, 2873, t1) -> (1998, 28, 1998, t2=t1+(1, 3))	1	228
(2180, 196, 1451, t1) -> (2180, 196, 2180, t2=t1+(1, 2))	1	229
(4298, 171, 2746, t1) -> (4298, 171, 4298, t2=t1+(1, 3))	1	230
(4708, 120, 4861, t1) -> (4861, 120, 4861, t2=t1+(1, 8))	1	231
(29, 80, 3378, t1) -> (3378, 80, 3378, t2=t1+(1, 7))	1	232
(3321, 107, 3805, t1) -> (3805, 107, 3321, t2=t1+(1, 9))	1	233
(603, 19, 4803, t1) -> (4803, 19, 4803, t2=t1+(1, 7))	1	234
(4656, 32, 857, t1) -> (857, 32, 4656, t2=t1+(1, 6))	1	235
(238, 146, 4601, t1) -> (4601, 146, 238, t2=t1+(1, 1))	1	236
(917, 16, 2797, t1) -> (917, 16, 2797, t2=t1+(1, 7))	1	237
(3482, 95, 2422, t1) -> (2422, 95, 3482, t2=t1+(1, 3))	1	238
(3129, 146, 3803, t1) -> (3803, 146, 3129, t2=t1+(1, 4))	1	239
(2434, 92, 1231, t1) -> (1231, 92, 2434, t2=t1+(1, 7))	1	240
(1097, 166, 3801, t1) -> (3801, 166, 3801, t2=t1+(1, 6))	1	241
(3525, 66, 345, t1) -> (345, 66, 345, t2=t1+(1, 4))	1	242
(281, 195, 4291, t1) -> (281, 195, 281, t2=t1+(1, 12))	1	243
(240, 126, 935, t1) -> (240, 126, 935, t2=t1+(1, 3))	1	244
(1515, 128, 259, t1) -> (259, 128, 1515, t2=t1+(1, 3))	1	245
(4677, 198, 4992, t1) -> (4677, 198, 4992, t2=t1+(1, 2))	1	246
(3599, 167, 1782, t1) -> (3599, 167, 1782, t2=t1+(1, 9))	1	247
(469, 198, 3493, t1) -> (3493, 198, 469, t2=t1+(1, 5))	1	248
(396, 162, 1524, t1) -> (1524, 162, 396, t2=t1+(1, 8))	1	249
(2625, 197, 3375, t1) -> (2625, 197, 3375, t2=t1+(1, 3))	1	250
(2557, 41, 775, t1) -> (775, 41, 2557, t2=t1+(1, 3))	1	251
(2111, 197, 1652, t1) -> (1652, 197, 1652, t2=t1+(1, 4))	1	252
(1708, 64, 4857, t1) -> (1708, 64, 4857, t2=t1+(1, 10))	1	253
(850, 190, 803, t1) -> (850, 190, 803, t2=t1+(1, 4))	1	254
(3049, 9, 4527, t1) -> (3049, 9, 3049, t2=t1+(1, 5))	1	255
(2828, 87, 2270, t1) -> (2270, 87, 2270, t2=t1+(1, 4))	1	256
(4624, 86, 1570, t1) -> (4624, 86, 1570, t2=t1+(1, 6))	1	257
(4910, 36, 1974, t1) -> (4910, 36, 4910, t2=t1+(1, 5))	1	258
(1868, 177, 1762, t1) -> (1868, 177, 1762, t2=t1+(1, 3))	1	259
(2657, 128, 4378, t1) -> (4378, 128, 4378, t2=t1+(1, 9))	1	260
(524, 33, 4877, t1) -> (524, 33, 4877, t2=t1+(1, 6))	1	261
(2419, 10, 920, t1) -> (2419, 10, 920, t2=t1+(1, 5))	1	262
(1955, 17, 2703, t1) -> (1955, 17, 1955, t2=t1+(1, 4))	1	263
(1913, 15, 2062, t1) -> (1913, 15, 1913, t2=t1+(1, 2))	1	264
(1594, 41, 4272, t1) -> (4272, 41, 4272, t2=t1+(1, 4))	1	265
(1968, 170, 3393, t1) -> (3393, 170, 1968, t2=t1+(1, 6))	1	266
(3070, 119, 4972, t1) -> (3070, 119, 4972, t2=t1+(1, 3))	1	267
(4664, 162, 2521, t1) -> (4664, 162, 2521, t2=t1+(1, 3))	1	268
(3301, 136, 3782, t1) -> (3301, 136, 3782, t2=t1+(1, 2))	1	269
(2444, 96, 1719, t1) -> (2444, 96, 1719, t2=t1+(1, 4))	1	270
(508, 48, 3798, t1) -> (508, 48, 3798, t2=t1+(1, 8))	1	271
(501, 65, 633, t1) -> (633, 65, 633, t2=t1+(1, 5))	1	272
(2532, 98, 3294, t1) -> (2532, 98, 3294, t2=t1+(1, 1))	1	273
(4312, 30, 2283, t1) -> (4312, 30, 4312, t2=t1+(1, 5))	1	274
(2126, 91, 3097, t1) -> (2126, 91, 3097, t2=t1+(1, 8))	1	275
(2147, 69, 2940, t1) -> (2940, 69, 2147, t2=t1+(1, 3))	1	276
(3466, 109, 1875, t1) -> (1875, 109, 1875, t2=t1+(1, 3))	1	277
(1652, 136, 3221, t1) -> (3221, 136, 3221, t2=t1+(1, 5))	1	278
(1310, 97, 77, t1) -> (77, 97, 1310, t2=t1+(1, 10))	1	279
(4780, 130, 4891, t1) -> (4891, 130, 4891, t2=t1+(1, 4))	1	280
(1999, 190, 1459, t1) -> (1999, 190, 1999, t2=t1+(1, 7))	1	281
(2066, 9, 2710, t1) -> (2066, 9, 2066, t2=t1+(1, 7))	1	282
(4166, 49, 4494, t1) -> (4494, 49, 4166, t2=t1+(1, 6))	1	283
(3189, 60, 3175, t1) -> (3189, 60, 3175, t2=t1+(1, 3))	1	284
(4209, 41, 458, t1) -> (4209, 41, 4209, t2=t1+(1, 2))	1	285
(4422, 37, 3109, t1) -> (4422, 37, 4422, t2=t1+(1, 5))	1	286
(4451, 121, 429, t1) -> (429, 121, 429, t2=t1+(1, 1))	1	287
(300, 184, 3506, t1) -> (3506, 184, 300, t2=t1+(1, 7))	1	288
(2604, 4, 3732, t1) -> (3732, 4, 2604, t2=t1+(1, 1))	1	289
(3822, 96, 382, t1) -> (382, 96, 3822, t2=t1+(1, 3))	1	290
(4261, 109, 4990, t1) -> (4990, 109, 4261, t2=t1+(1, 4))	1	291
(2629, 9, 1290, t1) -> (1290, 9, 1290, t2=t1+(1, 8))	1	292
(1460, 136, 4120, t1) -> (4120, 136, 1460, t2=t1+(1, 4))	1	293
(2372, 64, 2097, t1) -> (2372, 64, 2372, t2=t1+(1, 4))	1	294
(1566, 17, 2555, t1) -> (2555, 17, 1566, t2=t1+(1, 8))	1	295
(4444, 148, 4401, t1) -> (4401, 148, 4444, t2=t1+(1, 5))	1	296
(638, 111, 3048, t1) -> (3048, 111, 638, t2=t1+(1, 6))	1	297
(4723, 167, 2951, t1) -> (4723, 167, 2951, t2=t1+(1, 6))	1	298
(1500, 56, 112, t1) -> (1500, 56, 112, t2=t1+(1, 10))	1	299
