(4484, 64, 244, t1) & (1150, 149, 1799, t2=t1+(0, 9)) & (4484, 70, 1150, t3=t2+(0, 8)) -> (244, 64, 4484, t4=t3+(1, 2))	3	0
(3199, 190, 4272, t1) & (2512, 129, 3816, t2=t1+(0, 2)) & (4272, 98, 3816, t3=t2+(0, 4)) -> (4272, 129, 4272, t4=t3+(1, 4))	3	1
(3532, 168, 4119, t1) & (3753, 89, 3128, t2=t1+(0, 4)) & (3532, 4, 3128, t3=t2+(0, 2)) -> (3128, 168, 3532, t4=t3+(1, 4))	3	2
(4981, 33, 1010, t1) & (1088, 23, 3351, t2=t1+(0, 6)) & (1010, 137, 1088, t3=t2+(0, 4)) -> (4981, 33, 1088, t4=t3+(1, 4))	3	3
(2508, 196, 259, t1) & (2885, 12, 3302, t2=t1+(0, 6)) & (2508, 65, 2885, t3=t2+(0, 5)) -> (2885, 196, 3302, t4=t3+(1, 6))	3	4
(3714, 44, 4882, t1) & (1010, 90, 3120, t2=t1+(0, 2)) & (4882, 143, 3120, t3=t2+(0, 2)) -> (3714, 90, 3120, t4=t3+(1, 2))	3	5
(4687, 67, 1233, t1) & (3099, 89, 318, t2=t1+(0, 2)) & (318, 90, 1233, t3=t2+(0, 6)) -> (1233, 90, 3099, t4=t3+(1, 2))	3	6
(2512, 5, 300, t1) & (1161, 8, 3047, t2=t1+(0, 3)) & (1161, 109, 2512, t3=t2+(0, 7)) -> (1161, 109, 300, t4=t3+(1, 6))	3	7
(4676, 192, 3044, t1) & (1138, 90, 2959, t2=t1+(0, 6)) & (3044, 157, 1138, t3=t2+(0, 8)) -> (4676, 157, 1138, t4=t3+(1, 5))	3	8
(4653, 143, 4707, t1) & (1431, 155, 1131, t2=t1+(0, 3)) & (4653, 133, 1131, t3=t2+(0, 3)) -> (4653, 155, 4653, t4=t3+(1, 5))	3	9
(821, 132, 967, t1) & (1854, 21, 4152, t2=t1+(0, 6)) & (821, 126, 4152, t3=t2+(0, 8)) -> (4152, 126, 967, t4=t3+(1, 7))	3	10
(2885, 99, 440, t1) & (3553, 14, 3340, t2=t1+(0, 5)) & (3340, 45, 2885, t3=t2+(0, 5)) -> (3340, 45, 2885, t4=t3+(1, 6))	3	11
(316, 146, 1503, t1) & (4981, 180, 4851, t2=t1+(0, 5)) & (316, 34, 4981, t3=t2+(0, 6)) -> (316, 146, 4851, t4=t3+(1, 4))	3	12
(3676, 28, 2104, t1) & (2916, 158, 4795, t2=t1+(0, 4)) & (3676, 28, 4795, t3=t2+(0, 5)) -> (3676, 158, 4795, t4=t3+(1, 5))	3	13
(2339, 123, 4790, t1) & (3350, 178, 186, t2=t1+(0, 8)) & (186, 28, 4790, t3=t2+(0, 3)) -> (4790, 178, 186, t4=t3+(1, 3))	3	14
(4933, 21, 4879, t1) & (1010, 55, 86, t2=t1+(0, 2)) & (4879, 143, 1010, t3=t2+(0, 3)) -> (1010, 55, 4933, t4=t3+(1, 4))	3	15
(420, 102, 3199, t1) & (4222, 4, 2522, t2=t1+(0, 2)) & (3199, 50, 4222, t3=t2+(0, 1)) -> (4222, 4, 420, t4=t3+(1, 6))	3	16
(2868, 108, 2653, t1) & (605, 67, 464, t2=t1+(0, 4)) & (464, 196, 2653, t3=t2+(0, 7)) -> (464, 196, 464, t4=t3+(1, 5))	3	17
(890, 129, 3134, t1) & (3199, 87, 3529, t2=t1+(0, 5)) & (3529, 74, 3134, t3=t2+(0, 7)) -> (3134, 129, 3199, t4=t3+(1, 10))	3	18
(2567, 168, 1297, t1) & (898, 34, 1910, t2=t1+(0, 6)) & (2567, 34, 1910, t3=t2+(0, 2)) -> (898, 34, 2567, t4=t3+(1, 6))	3	19
(3065, 48, 3183, t1) & (4552, 185, 4549, t2=t1+(0, 2)) & (3065, 172, 4549, t3=t2+(0, 8)) -> (4549, 185, 3183, t4=t3+(1, 4))	3	20
(1324, 140, 176, t1) & (1010, 87, 3234, t2=t1+(0, 5)) & (176, 34, 3234, t3=t2+(0, 5)) -> (176, 87, 3234, t4=t3+(1, 6))	3	21
(2845, 28, 2659, t1) & (1503, 20, 1550, t2=t1+(0, 4)) & (2659, 109, 1550, t3=t2+(0, 8)) -> (2659, 28, 2659, t4=t3+(1, 3))	3	22
(4013, 102, 822, t1) & (2178, 47, 749, t2=t1+(0, 7)) & (4013, 111, 2178, t3=t2+(0, 3)) -> (749, 111, 749, t4=t3+(1, 6))	3	23
(2526, 23, 288, t1) & (2626, 130, 2959, t2=t1+(0, 3)) & (2959, 7, 2526, t3=t2+(0, 4)) -> (2526, 130, 2526, t4=t3+(1, 2))	3	24
(4076, 21, 4112, t1) & (4653, 36, 3579, t2=t1+(0, 8)) & (3579, 64, 4112, t3=t2+(0, 7)) -> (3579, 36, 3579, t4=t3+(1, 4))	3	25
(186, 23, 1456, t1) & (3296, 168, 4151, t2=t1+(0, 4)) & (4151, 62, 186, t3=t2+(0, 7)) -> (186, 23, 3296, t4=t3+(1, 4))	3	26
(4736, 190, 2916, t1) & (2626, 59, 3443, t2=t1+(0, 6)) & (2916, 134, 2626, t3=t2+(0, 2)) -> (2626, 59, 2916, t4=t3+(1, 6))	3	27
(617, 72, 4879, t1) & (3676, 157, 4190, t2=t1+(0, 4)) & (3676, 168, 617, t3=t2+(0, 7)) -> (3676, 72, 4190, t4=t3+(1, 4))	3	28
(482, 98, 1728, t1) & (1335, 22, 242, t2=t1+(0, 3)) & (1335, 85, 482, t3=t2+(0, 8)) -> (1335, 22, 1728, t4=t3+(1, 4))	3	29
(3346, 168, 1313, t1) & (2484, 39, 3013, t2=t1+(0, 4)) & (2484, 80, 3346, t3=t2+(0, 3)) -> (3346, 80, 2484, t4=t3+(1, 5))	3	30
(4063, 177, 3689, t1) & (4020, 64, 2841, t2=t1+(0, 4)) & (4063, 160, 2841, t3=t2+(0, 4)) -> (3689, 64, 3689, t4=t3+(1, 3))	3	31
(749, 161, 4047, t1) & (677, 44, 689, t2=t1+(0, 7)) & (677, 23, 749, t3=t2+(0, 2)) -> (749, 44, 749, t4=t3+(1, 2))	3	32
(576, 50, 4847, t1) & (108, 28, 4082, t2=t1+(0, 5)) & (4082, 39, 576, t3=t2+(0, 4)) -> (4082, 28, 4847, t4=t3+(1, 5))	3	33
(2957, 73, 4185, t1) & (3679, 185, 3443, t2=t1+(0, 3)) & (3679, 91, 2957, t3=t2+(0, 4)) -> (3679, 91, 3443, t4=t3+(1, 4))	3	34
(4920, 16, 3618, t1) & (3837, 143, 2526, t2=t1+(0, 3)) & (4920, 177, 3837, t3=t2+(0, 5)) -> (4920, 177, 3837, t4=t3+(1, 2))	3	35
(1775, 157, 1224, t1) & (1910, 20, 396, t2=t1+(0, 1)) & (1910, 133, 1224, t3=t2+(0, 8)) -> (1775, 20, 1910, t4=t3+(1, 3))	3	36
(1135, 150, 1405, t1) & (3351, 172, 242, t2=t1+(0, 3)) & (1135, 178, 242, t3=t2+(0, 6)) -> (242, 178, 1405, t4=t3+(1, 4))	3	37
(2902, 95, 2813, t1) & (4030, 159, 1397, t2=t1+(0, 1)) & (4030, 23, 2813, t3=t2+(0, 3)) -> (1397, 159, 2813, t4=t3+(1, 2))	3	38
(3440, 90, 1863, t1) & (2600, 44, 622, t2=t1+(0, 2)) & (1863, 153, 2600, t3=t2+(0, 6)) -> (2600, 153, 1863, t4=t3+(1, 4))	3	39
(4626, 191, 2236, t1) & (1088, 116, 1362, t2=t1+(0, 5)) & (1088, 149, 2236, t3=t2+(0, 4)) -> (1362, 191, 1362, t4=t3+(1, 4))	3	40
(1704, 36, 2512, t1) & (2745, 155, 4360, t2=t1+(0, 2)) & (1704, 71, 4360, t3=t2+(0, 5)) -> (1704, 71, 1704, t4=t3+(1, 5))	3	41
(4086, 78, 108, t1) & (3529, 86, 158, t2=t1+(0, 1)) & (108, 190, 3529, t3=t2+(0, 6)) -> (3529, 190, 158, t4=t3+(1, 4))	3	42
(4454, 85, 2, t1) & (3983, 155, 3866, t2=t1+(0, 8)) & (3866, 135, 2, t3=t2+(0, 3)) -> (3866, 85, 3866, t4=t3+(1, 5))	3	43
(1297, 135, 3012, t1) & (3199, 157, 1074, t2=t1+(0, 6)) & (3012, 89, 1074, t3=t2+(0, 3)) -> (3012, 89, 1074, t4=t3+(1, 3))	3	44
(2866, 35, 1456, t1) & (2720, 188, 41, t2=t1+(0, 1)) & (2866, 149, 2720, t3=t2+(0, 6)) -> (1456, 188, 2720, t4=t3+(1, 7))	3	45
(1984, 157, 3689, t1) & (1487, 71, 4625, t2=t1+(0, 3)) & (3689, 51, 4625, t3=t2+(0, 4)) -> (4625, 71, 4625, t4=t3+(1, 2))	3	46
(179, 25, 2617, t1) & (1984, 161, 2805, t2=t1+(0, 8)) & (2617, 90, 2805, t3=t2+(0, 5)) -> (2617, 161, 179, t4=t3+(1, 3))	3	47
(1177, 35, 1728, t1) & (396, 164, 4152, t2=t1+(0, 7)) & (4152, 45, 1177, t3=t2+(0, 4)) -> (1177, 35, 1177, t4=t3+(1, 6))	3	48
(3700, 196, 744, t1) & (4559, 154, 4467, t2=t1+(0, 3)) & (4559, 172, 744, t3=t2+(0, 2)) -> (4559, 172, 744, t4=t3+(1, 6))	3	49
(1969, 155, 4076, t1) & (3722, 64, 3437, t2=t1+(0, 1)) & (1969, 122, 3722, t3=t2+(0, 5)) -> (3437, 155, 1969, t4=t3+(1, 5))	3	50
(1704, 107, 3258, t1) & (108, 168, 2795, t2=t1+(0, 8)) & (108, 25, 1704, t3=t2+(0, 0)) -> (1704, 107, 1704, t4=t3+(1, 7))	3	51
(3075, 100, 2980, t1) & (3532, 48, 4981, t2=t1+(0, 4)) & (4981, 171, 2980, t3=t2+(0, 9)) -> (4981, 171, 4981, t4=t3+(1, 2))	3	52
(3714, 161, 804, t1) & (167, 196, 1539, t2=t1+(0, 5)) & (804, 89, 167, t3=t2+(0, 2)) -> (1539, 196, 167, t4=t3+(1, 4))	3	53
(3368, 98, 2693, t1) & (61, 153, 2010, t2=t1+(0, 4)) & (2010, 164, 2693, t3=t2+(0, 3)) -> (2010, 164, 2693, t4=t3+(1, 3))	3	54
(981, 21, 4158, t1) & (4840, 35, 4222, t2=t1+(0, 6)) & (4158, 146, 4222, t3=t2+(0, 5)) -> (4158, 35, 4158, t4=t3+(1, 13))	3	55
(2693, 198, 3467, t1) & (2789, 65, 2285, t2=t1+(0, 5)) & (2693, 164, 2285, t3=t2+(0, 4)) -> (2285, 198, 2693, t4=t3+(1, 6))	3	56
(3380, 73, 1552, t1) & (3103, 129, 199, t2=t1+(0, 2)) & (1552, 180, 199, t3=t2+(0, 5)) -> (199, 180, 3103, t4=t3+(1, 4))	3	57
(1969, 160, 1026, t1) & (967, 83, 4698, t2=t1+(0, 4)) & (1026, 161, 967, t3=t2+(0, 9)) -> (1969, 83, 4698, t4=t3+(1, 7))	3	58
(1362, 32, 4084, t1) & (4386, 81, 2957, t2=t1+(0, 6)) & (1362, 22, 2957, t3=t2+(0, 1)) -> (2957, 81, 4386, t4=t3+(1, 4))	3	59
(4736, 170, 1885, t1) & (4101, 77, 1969, t2=t1+(0, 3)) & (4736, 31, 1969, t3=t2+(0, 10)) -> (4101, 170, 4736, t4=t3+(1, 6))	3	60
(2046, 86, 4791, t1) & (1877, 14, 4075, t2=t1+(0, 5)) & (4791, 51, 1877, t3=t2+(0, 7)) -> (2046, 86, 2046, t4=t3+(1, 4))	3	61
(3358, 133, 315, t1) & (1582, 4, 3131, t2=t1+(0, 5)) & (3358, 192, 1582, t3=t2+(0, 2)) -> (1582, 192, 3131, t4=t3+(1, 3))	3	62
(1868, 180, 2947, t1) & (4946, 65, 764, t2=t1+(0, 3)) & (1868, 168, 764, t3=t2+(0, 5)) -> (1868, 65, 764, t4=t3+(1, 6))	3	63
(4112, 195, 3331, t1) & (75, 14, 2805, t2=t1+(0, 4)) & (75, 51, 3331, t3=t2+(0, 4)) -> (75, 195, 3331, t4=t3+(1, 6))	3	64
(4777, 164, 1177, t1) & (2955, 153, 1051, t2=t1+(0, 5)) & (2955, 161, 1177, t3=t2+(0, 8)) -> (2955, 161, 2955, t4=t3+(1, 5))	3	65
(1133, 111, 1910, t1) & (3128, 29, 1687, t2=t1+(0, 4)) & (1687, 109, 1910, t3=t2+(0, 4)) -> (1133, 29, 1910, t4=t3+(1, 4))	3	66
(1151, 131, 671, t1) & (4030, 82, 2350, t2=t1+(0, 8)) & (671, 110, 4030, t3=t2+(0, 6)) -> (671, 82, 4030, t4=t3+(1, 3))	3	67
(61, 140, 4879, t1) & (2908, 131, 821, t2=t1+(0, 2)) & (61, 160, 2908, t3=t2+(0, 5)) -> (2908, 160, 61, t4=t3+(1, 5))	3	68
(1657, 73, 3455, t1) & (1578, 172, 3830, t2=t1+(0, 3)) & (1657, 118, 1578, t3=t2+(0, 2)) -> (1657, 118, 1578, t4=t3+(1, 2))	3	69
(1738, 51, 2735, t1) & (3957, 87, 1736, t2=t1+(0, 7)) & (1738, 70, 3957, t3=t2+(0, 7)) -> (1738, 70, 1736, t4=t3+(1, 8))	3	70
(2579, 55, 1969, t1) & (851, 148, 3727, t2=t1+(0, 4)) & (1969, 131, 851, t3=t2+(0, 7)) -> (1969, 131, 3727, t4=t3+(1, 5))	3	71
(315, 49, 2924, t1) & (2745, 51, 4221, t2=t1+(0, 2)) & (2924, 89, 2745, t3=t2+(0, 1)) -> (2924, 49, 2745, t4=t3+(1, 7))	3	72
(4335, 89, 2798, t1) & (1397, 143, 1297, t2=t1+(0, 4)) & (4335, 51, 1397, t3=t2+(0, 7)) -> (1397, 51, 1397, t4=t3+(1, 5))	3	73
(2173, 155, 4558, t1) & (717, 177, 1161, t2=t1+(0, 10)) & (2173, 102, 1161, t3=t2+(0, 4)) -> (717, 177, 717, t4=t3+(1, 6))	3	74
(2324, 157, 3346, t1) & (2508, 64, 3753, t2=t1+(0, 4)) & (3753, 139, 2324, t3=t2+(0, 4)) -> (3753, 157, 2324, t4=t3+(1, 6))	3	75
(2509, 172, 4213, t1) & (804, 61, 2722, t2=t1+(0, 8)) & (804, 90, 2509, t3=t2+(0, 3)) -> (804, 61, 804, t4=t3+(1, 3))	3	76
(3076, 172, 3680, t1) & (4079, 182, 3789, t2=t1+(0, 5)) & (3076, 5, 4079, t3=t2+(0, 8)) -> (3680, 182, 3789, t4=t3+(1, 6))	3	77
(2285, 180, 3680, t1) & (4879, 66, 1060, t2=t1+(0, 4)) & (1060, 22, 3680, t3=t2+(0, 5)) -> (2285, 66, 2285, t4=t3+(1, 6))	3	78
(3357, 48, 108, t1) & (4777, 168, 4739, t2=t1+(0, 1)) & (108, 73, 4777, t3=t2+(0, 8)) -> (3357, 168, 108, t4=t3+(1, 4))	3	79
(3830, 80, 3574, t1) & (2508, 180, 2545, t2=t1+(0, 2)) & (2545, 50, 3574, t3=t2+(0, 4)) -> (3830, 80, 3574, t4=t3+(1, 4))	3	80
(3440, 74, 236, t1) & (318, 173, 1402, t2=t1+(0, 2)) & (236, 48, 1402, t3=t2+(0, 6)) -> (3440, 48, 1402, t4=t3+(1, 5))	3	81
(61, 94, 3351, t1) & (2049, 5, 2508, t2=t1+(0, 2)) & (2049, 12, 3351, t3=t2+(0, 2)) -> (61, 5, 3351, t4=t3+(1, 2))	3	82
(2070, 134, 1868, t1) & (4042, 160, 2134, t2=t1+(0, 9)) & (2070, 74, 4042, t3=t2+(0, 5)) -> (2070, 74, 2134, t4=t3+(1, 6))	3	83
(3443, 99, 661, t1) & (4749, 48, 1687, t2=t1+(0, 4)) & (3443, 65, 1687, t3=t2+(0, 4)) -> (3443, 48, 3443, t4=t3+(1, 5))	3	84
(2988, 160, 1897, t1) & (3053, 36, 3443, t2=t1+(0, 8)) & (3443, 21, 2988, t3=t2+(0, 8)) -> (3443, 21, 2988, t4=t3+(1, 2))	3	85
(2916, 176, 119, t1) & (4515, 146, 1248, t2=t1+(0, 3)) & (4515, 5, 119, t3=t2+(0, 6)) -> (2916, 146, 119, t4=t3+(1, 9))	3	86
(1868, 168, 158, t1) & (1177, 34, 1742, t2=t1+(0, 2)) & (158, 129, 1177, t3=t2+(0, 3)) -> (1868, 168, 158, t4=t3+(1, 4))	3	87
(4946, 67, 2214, t1) & (318, 54, 2848, t2=t1+(0, 8)) & (2848, 97, 4946, t3=t2+(0, 3)) -> (2848, 54, 4946, t4=t3+(1, 5))	3	88
(2854, 83, 3368, t1) & (4777, 103, 4722, t2=t1+(0, 5)) & (4722, 171, 2854, t3=t2+(0, 7)) -> (2854, 83, 4777, t4=t3+(1, 7))	3	89
(4072, 36, 3443, t1) & (3421, 144, 3262, t2=t1+(0, 8)) & (4072, 70, 3421, t3=t2+(0, 8)) -> (4072, 70, 4072, t4=t3+(1, 3))	3	90
(4333, 60, 1827, t1) & (1476, 64, 4933, t2=t1+(0, 2)) & (4933, 144, 1827, t3=t2+(0, 5)) -> (4933, 64, 1476, t4=t3+(1, 4))	3	91
(1513, 70, 3165, t1) & (4834, 21, 124, t2=t1+(0, 2)) & (3165, 140, 4834, t3=t2+(0, 1)) -> (124, 21, 3165, t4=t3+(1, 5))	3	92
(2214, 133, 108, t1) & (1487, 67, 4870, t2=t1+(0, 5)) & (108, 71, 4870, t3=t2+(0, 5)) -> (108, 67, 2214, t4=t3+(1, 6))	3	93
(4840, 22, 3331, t1) & (2046, 70, 1161, t2=t1+(0, 6)) & (4840, 131, 2046, t3=t2+(0, 1)) -> (2046, 131, 4840, t4=t3+(1, 3))	3	94
(889, 93, 3526, t1) & (1704, 155, 4596, t2=t1+(0, 2)) & (3526, 137, 4596, t3=t2+(0, 9)) -> (3526, 93, 4596, t4=t3+(1, 3))	3	95
(4946, 168, 3079, t1) & (1362, 145, 2617, t2=t1+(0, 4)) & (3079, 89, 2617, t3=t2+(0, 3)) -> (2617, 168, 3079, t4=t3+(1, 2))	3	96
(318, 68, 3138, t1) & (2214, 148, 3367, t2=t1+(0, 5)) & (3367, 68, 318, t3=t2+(0, 4)) -> (2214, 148, 2214, t4=t3+(1, 4))	3	97
(124, 28, 2516, t1) & (3414, 85, 4779, t2=t1+(0, 2)) & (124, 75, 3414, t3=t2+(0, 5)) -> (124, 85, 2516, t4=t3+(1, 6))	3	98
(3537, 131, 4042, t1) & (4532, 146, 1764, t2=t1+(0, 4)) & (3537, 53, 1764, t3=t2+(0, 8)) -> (1764, 53, 3537, t4=t3+(1, 8))	3	99
(1710, 161, 3391, t1) & (3391, 144, 1268, t2=t1+(0, 5)) -> (3391, 144, 1268, t3=t2+(1, 5))	2	100
(2902, 81, 617, t1) & (4653, 71, 617, t2=t1+(0, 4)) -> (617, 71, 617, t3=t2+(1, 8))	2	101
(3503, 18, 2819, t1) & (975, 48, 3503, t2=t1+(0, 2)) -> (3503, 18, 3503, t3=t2+(1, 6))	2	102
(1456, 182, 4596, t1) & (4879, 64, 1456, t2=t1+(0, 5)) -> (1456, 182, 4879, t3=t2+(1, 5))	2	103
(3125, 179, 1248, t1) & (1248, 155, 3025, t2=t1+(0, 5)) -> (1248, 179, 1248, t3=t2+(1, 7))	2	104
(4653, 67, 1788, t1) & (4653, 74, 3199, t2=t1+(0, 6)) -> (4653, 67, 3199, t3=t2+(1, 6))	2	105
(296, 21, 2844, t1) & (1687, 109, 296, t2=t1+(0, 3)) -> (296, 21, 296, t3=t2+(1, 6))	2	106
(61, 131, 1523, t1) & (61, 29, 622, t2=t1+(0, 6)) -> (61, 29, 61, t3=t2+(1, 5))	2	107
(3816, 196, 4187, t1) & (176, 153, 3816, t2=t1+(0, 5)) -> (4187, 153, 4187, t3=t2+(1, 10))	2	108
(4213, 169, 1628, t1) & (1628, 64, 158, t2=t1+(0, 5)) -> (1628, 64, 158, t3=t2+(1, 3))	2	109
(975, 148, 3902, t1) & (3902, 83, 975, t2=t1+(0, 1)) -> (975, 148, 975, t3=t2+(1, 4))	2	110
(1324, 71, 4879, t1) & (4879, 155, 4879, t2=t1+(0, 3)) -> (1324, 71, 1324, t3=t2+(1, 4))	2	111
(1760, 34, 3532, t1) & (1760, 156, 804, t2=t1+(0, 3)) -> (1760, 156, 1760, t3=t2+(1, 4))	2	112
(3642, 161, 4653, t1) & (3642, 143, 3680, t2=t1+(0, 3)) -> (3642, 143, 3642, t3=t2+(1, 4))	2	113
(3391, 169, 2955, t1) & (3391, 6, 3391, t2=t1+(0, 3)) -> (3391, 6, 2955, t3=t2+(1, 3))	2	114
(1775, 184, 3957, t1) & (1775, 86, 1775, t2=t1+(0, 4)) -> (3957, 184, 1775, t3=t2+(1, 5))	2	115
(2938, 86, 1126, t1) & (1126, 62, 4080, t2=t1+(0, 5)) -> (4080, 62, 1126, t3=t2+(1, 8))	2	116
(89, 145, 2853, t1) & (2853, 112, 2853, t2=t1+(0, 6)) -> (2853, 145, 2853, t3=t2+(1, 7))	2	117
(3254, 196, 1476, t1) & (3254, 73, 1476, t2=t1+(0, 7)) -> (1476, 73, 3254, t3=t2+(1, 1))	2	118
(3838, 128, 3869, t1) & (3838, 146, 321, t2=t1+(0, 6)) -> (3869, 146, 321, t3=t2+(1, 6))	2	119
(124, 36, 4303, t1) & (124, 71, 2560, t2=t1+(0, 7)) -> (124, 71, 4303, t3=t2+(1, 8))	2	120
(4909, 39, 764, t1) & (677, 28, 764, t2=t1+(0, 5)) -> (4909, 39, 764, t3=t2+(1, 3))	2	121
(1499, 104, 3953, t1) & (1499, 180, 3357, t2=t1+(0, 6)) -> (3357, 104, 1499, t3=t2+(1, 1))	2	122
(22, 131, 3941, t1) & (22, 163, 75, t2=t1+(0, 6)) -> (3941, 163, 3941, t3=t2+(1, 7))	2	123
(4082, 70, 2509, t1) & (4082, 157, 4082, t2=t1+(0, 4)) -> (4082, 70, 4082, t3=t2+(1, 3))	2	124
(3033, 99, 540, t1) & (540, 172, 540, t2=t1+(0, 4)) -> (540, 172, 540, t3=t2+(1, 1))	2	125
(3778, 8, 1373, t1) & (3778, 80, 3778, t2=t1+(0, 5)) -> (3778, 80, 3778, t3=t2+(1, 4))	2	126
(540, 102, 61, t1) & (4080, 48, 61, t2=t1+(0, 5)) -> (61, 102, 540, t3=t2+(1, 5))	2	127
(4637, 148, 4193, t1) & (3753, 67, 4637, t2=t1+(0, 4)) -> (4637, 148, 4193, t3=t2+(1, 2))	2	128
(2789, 98, 3331, t1) & (3357, 93, 3331, t2=t1+(0, 6)) -> (3331, 93, 2789, t3=t2+(1, 5))	2	129
(2428, 137, 3014, t1) & (2428, 104, 2428, t2=t1+(0, 8)) -> (3014, 104, 2428, t3=t2+(1, 1))	2	130
(1071, 15, 3443, t1) & (1071, 180, 3443, t2=t1+(0, 4)) -> (1071, 15, 1071, t3=t2+(1, 5))	2	131
(309, 177, 4222, t1) & (4222, 95, 4193, t2=t1+(0, 3)) -> (4222, 177, 4222, t3=t2+(1, 3))	2	132
(3351, 73, 1380, t1) & (1380, 188, 1380, t2=t1+(0, 3)) -> (1380, 73, 1380, t3=t2+(1, 6))	2	133
(4708, 51, 4360, t1) & (4360, 122, 4360, t2=t1+(0, 8)) -> (4360, 51, 4360, t3=t2+(1, 5))	2	134
(3680, 165, 3524, t1) & (4793, 106, 3680, t2=t1+(0, 1)) -> (4793, 165, 4793, t3=t2+(1, 6))	2	135
(41, 81, 2827, t1) & (2827, 141, 12, t2=t1+(0, 12)) -> (2827, 141, 2827, t3=t2+(1, 9))	2	136
(1863, 66, 3099, t1) & (1863, 163, 1863, t2=t1+(0, 3)) -> (1863, 66, 3099, t3=t2+(1, 8))	2	137
(4187, 190, 315, t1) & (4187, 21, 839, t2=t1+(0, 4)) -> (4187, 190, 839, t3=t2+(1, 7))	2	138
(4386, 66, 393, t1) & (393, 67, 4386, t2=t1+(0, 4)) -> (393, 66, 4386, t3=t2+(1, 3))	2	139
(1391, 70, 4152, t1) & (4152, 21, 4152, t2=t1+(0, 6)) -> (4152, 70, 4152, t3=t2+(1, 3))	2	140
(3680, 25, 2681, t1) & (3680, 45, 3680, t2=t1+(0, 5)) -> (3680, 45, 3680, t3=t2+(1, 2))	2	141
(464, 180, 3722, t1) & (464, 22, 3120, t2=t1+(0, 6)) -> (3120, 180, 464, t3=t2+(1, 1))	2	142
(2329, 70, 4619, t1) & (2329, 153, 4619, t2=t1+(0, 4)) -> (2329, 153, 4619, t3=t2+(1, 8))	2	143
(4793, 12, 3066, t1) & (4653, 98, 3066, t2=t1+(0, 4)) -> (3066, 12, 4653, t3=t2+(1, 6))	2	144
(2739, 195, 4030, t1) & (2739, 146, 4582, t2=t1+(0, 2)) -> (4030, 146, 2739, t3=t2+(1, 1))	2	145
(2214, 48, 2959, t1) & (2959, 154, 22, t2=t1+(0, 5)) -> (2959, 154, 2214, t3=t2+(1, 5))	2	146
(3830, 50, 1131, t1) & (3830, 82, 3574, t2=t1+(0, 6)) -> (3574, 82, 1131, t3=t2+(1, 5))	2	147
(2760, 86, 2339, t1) & (2339, 169, 1978, t2=t1+(0, 6)) -> (2339, 86, 2339, t3=t2+(1, 7))	2	148
(60, 90, 804, t1) & (4386, 153, 60, t2=t1+(0, 3)) -> (60, 153, 60, t3=t2+(1, 2))	2	149
(4193, 138, 4420, t1) & (4420, 122, 1088, t2=t1+(0, 7)) -> (4420, 122, 1088, t3=t2+(1, 4))	2	150
(4020, 71, 3047, t1) & (4020, 28, 3680, t2=t1+(0, 6)) -> (4020, 28, 4020, t3=t2+(1, 8))	2	151
(3484, 182, 3169, t1) & (3169, 8, 686, t2=t1+(0, 8)) -> (3484, 182, 3484, t3=t2+(1, 5))	2	152
(4972, 73, 1764, t1) & (4972, 21, 4707, t2=t1+(0, 4)) -> (4707, 73, 4972, t3=t2+(1, 6))	2	153
(4879, 64, 3358, t1) & (4879, 165, 3358, t2=t1+(0, 3)) -> (4879, 64, 3358, t3=t2+(1, 2))	2	154
(1969, 79, 2724, t1) & (2724, 130, 3350, t2=t1+(0, 3)) -> (3350, 79, 3350, t3=t2+(1, 3))	2	155
(4676, 80, 3440, t1) & (3440, 149, 4676, t2=t1+(0, 4)) -> (4676, 149, 3440, t3=t2+(1, 6))	2	156
(970, 74, 89, t1) & (3414, 104, 89, t2=t1+(0, 7)) -> (89, 104, 970, t3=t2+(1, 1))	2	157
(2343, 34, 2560, t1) & (2054, 190, 2343, t2=t1+(0, 4)) -> (2560, 190, 2054, t3=t2+(1, 3))	2	158
(4077, 196, 2667, t1) & (2667, 104, 4077, t2=t1+(0, 10)) -> (2667, 196, 4077, t3=t2+(1, 6))	2	159
(2663, 120, 2351, t1) & (1877, 66, 2351, t2=t1+(0, 10)) -> (1877, 120, 2351, t3=t2+(1, 6))	2	160
(2217, 143, 2010, t1) & (301, 48, 2010, t2=t1+(0, 6)) -> (2010, 143, 2010, t3=t2+(1, 1))	2	161
(3199, 177, 1665, t1) & (1665, 12, 3199, t2=t1+(0, 7)) -> (3199, 12, 3199, t3=t2+(1, 5))	2	162
(4303, 187, 2305, t1) & (4303, 64, 2305, t2=t1+(0, 3)) -> (4303, 187, 4303, t3=t2+(1, 6))	2	163
(717, 163, 964, t1) & (3510, 145, 717, t2=t1+(0, 8)) -> (964, 163, 717, t3=t2+(1, 3))	2	164
(3340, 21, 244, t1) & (3340, 7, 124, t2=t1+(0, 5)) -> (3340, 7, 3340, t3=t2+(1, 7))	2	165
(4484, 154, 158, t1) & (4484, 21, 158, t2=t1+(0, 10)) -> (158, 154, 158, t3=t2+(1, 7))	2	166
(3053, 71, 1793, t1) & (3053, 65, 3199, t2=t1+(0, 4)) -> (3053, 71, 3199, t3=t2+(1, 5))	2	167
(1984, 187, 259, t1) & (1984, 168, 1984, t2=t1+(0, 4)) -> (1984, 187, 1984, t3=t2+(1, 7))	2	168
(808, 50, 509, t1) & (509, 190, 808, t2=t1+(0, 9)) -> (509, 190, 808, t3=t2+(1, 7))	2	169
(2917, 28, 3830, t1) & (2917, 106, 1657, t2=t1+(0, 6)) -> (1657, 106, 3830, t3=t2+(1, 4))	2	170
(1962, 44, 2587, t1) & (2134, 143, 2587, t2=t1+(0, 5)) -> (2587, 143, 1962, t3=t2+(1, 4))	2	171
(4981, 100, 750, t1) & (464, 138, 4981, t2=t1+(0, 9)) -> (750, 100, 4981, t3=t2+(1, 6))	2	172
(4190, 23, 777, t1) & (777, 172, 4190, t2=t1+(0, 3)) -> (4190, 172, 4190, t3=t2+(1, 6))	2	173
(2959, 196, 3331, t1) & (3331, 8, 3331, t2=t1+(0, 8)) -> (3331, 196, 3331, t3=t2+(1, 4))	2	174
(4140, 122, 2866, t1) & (2866, 7, 259, t2=t1+(0, 4)) -> (2866, 122, 259, t3=t2+(1, 10))	2	175
(3855, 177, 2942, t1) & (2942, 74, 3855, t2=t1+(0, 3)) -> (2942, 74, 3855, t3=t2+(1, 5))	2	176
(4076, 21, 931, t1) & (4729, 160, 4076, t2=t1+(0, 7)) -> (4076, 21, 931, t3=t2+(1, 6))	2	177
(3957, 157, 804, t1) & (3957, 124, 528, t2=t1+(0, 9)) -> (528, 157, 3957, t3=t2+(1, 4))	2	178
(3421, 166, 1391, t1) & (3421, 100, 4611, t2=t1+(0, 3)) -> (4611, 166, 4611, t3=t2+(1, 8))	2	179
(3590, 128, 4860, t1) & (2959, 77, 4860, t2=t1+(0, 5)) -> (4860, 77, 4860, t3=t2+(1, 5))	2	180
(4596, 64, 2955, t1) & (1877, 89, 2955, t2=t1+(0, 6)) -> (2955, 89, 2955, t3=t2+(1, 4))	2	181
(953, 104, 677, t1) & (953, 87, 677, t2=t1+(0, 4)) -> (953, 104, 677, t3=t2+(1, 7))	2	182
(3889, 44, 2534, t1) & (3889, 120, 4533, t2=t1+(0, 2)) -> (4533, 44, 4533, t3=t2+(1, 3))	2	183
(3199, 138, 757, t1) & (3199, 122, 757, t2=t1+(0, 1)) -> (3199, 122, 3199, t3=t2+(1, 3))	2	184
(3532, 71, 259, t1) & (3532, 90, 3532, t2=t1+(0, 3)) -> (3532, 90, 3532, t3=t2+(1, 5))	2	185
(831, 100, 1268, t1) & (1268, 33, 1026, t2=t1+(0, 4)) -> (1268, 33, 1268, t3=t2+(1, 6))	2	186
(1258, 120, 1274, t1) & (3983, 132, 1258, t2=t1+(0, 8)) -> (1258, 120, 1274, t3=t2+(1, 2))	2	187
(1822, 122, 1128, t1) & (1128, 110, 2263, t2=t1+(0, 2)) -> (2263, 122, 1822, t3=t2+(1, 7))	2	188
(4879, 22, 3779, t1) & (4879, 70, 4879, t2=t1+(0, 3)) -> (4879, 22, 4879, t3=t2+(1, 5))	2	189
(2137, 32, 4909, t1) & (2137, 196, 2626, t2=t1+(0, 5)) -> (4909, 32, 4909, t3=t2+(1, 7))	2	190
(4799, 22, 1855, t1) & (4799, 192, 1138, t2=t1+(0, 3)) -> (1855, 192, 1855, t3=t2+(1, 10))	2	191
(3099, 50, 1957, t1) & (2886, 196, 1957, t2=t1+(0, 11)) -> (3099, 50, 1957, t3=t2+(1, 4))	2	192
(1185, 161, 3199, t1) & (1185, 122, 4792, t2=t1+(0, 2)) -> (1185, 161, 3199, t3=t2+(1, 6))	2	193
(2907, 70, 890, t1) & (3869, 173, 2907, t2=t1+(0, 5)) -> (2907, 70, 2907, t3=t2+(1, 4))	2	194
(2907, 155, 764, t1) & (764, 185, 1267, t2=t1+(0, 2)) -> (764, 185, 764, t3=t2+(1, 9))	2	195
(4872, 29, 853, t1) & (440, 122, 853, t2=t1+(0, 3)) -> (853, 29, 4872, t3=t2+(1, 6))	2	196
(3526, 64, 2010, t1) & (3047, 51, 2010, t2=t1+(0, 6)) -> (3526, 51, 3047, t3=t2+(1, 5))	2	197
(2584, 133, 851, t1) & (851, 61, 2584, t2=t1+(0, 7)) -> (2584, 61, 851, t3=t2+(1, 2))	2	198
(3351, 114, 3670, t1) & (3351, 120, 4600, t2=t1+(0, 3)) -> (4600, 120, 3351, t3=t2+(1, 5))	2	199
(4622, 171, 3093, t1) -> (3093, 171, 3093, t2=t1+(1, 10))	1	200
(4909, 177, 4320, t1) -> (4909, 177, 4909, t2=t1+(1, 6))	1	201
(1003, 51, 1693, t1) -> (1693, 51, 1003, t2=t1+(1, 4))	1	202
(3789, 34, 4634, t1) -> (3789, 34, 4634, t2=t1+(1, 9))	1	203
(4931, 79, 2658, t1) -> (2658, 79, 4931, t2=t1+(1, 5))	1	204
(2874, 51, 3753, t1) -> (2874, 51, 2874, t2=t1+(1, 6))	1	205
(4077, 118, 244, t1) -> (244, 118, 244, t2=t1+(1, 3))	1	206
(3405, 182, 808, t1) -> (3405, 182, 3405, t2=t1+(1, 6))	1	207
(4933, 62, 4063, t1) -> (4933, 62, 4063, t2=t1+(1, 5))	1	208
(4696, 85, 2885, t1) -> (2885, 85, 2885, t2=t1+(1, 4))	1	209
(1453, 116, 322, t1) -> (322, 116, 322, t2=t1+(1, 10))	1	210
(3553, 6, 2396, t1) -> (3553, 6, 2396, t2=t1+(1, 8))	1	211
(1456, 19, 2214, t1) -> (1456, 19, 1456, t2=t1+(1, 4))	1	212
(4847, 66, 4303, t1) -> (4847, 66, 4847, t2=t1+(1, 6))	1	213
(622, 190, 1376, t1) -> (1376, 190, 1376, t2=t1+(1, 3))	1	214
(440, 131, 86, t1) -> (86, 131, 440, t2=t1+(1, 8))	1	215
(1822, 106, 3484, t1) -> (3484, 106, 3484, t2=t1+(1, 6))	1	216
(1969, 88, 1736, t1) -> (1969, 88, 1969, t2=t1+(1, 7))	1	217
(1734, 26, 670, t1) -> (1734, 26, 670, t2=t1+(1, 5))	1	218
(2512, 81, 2315, t1) -> (2512, 81, 2315, t2=t1+(1, 3))	1	219
(2957, 64, 4193, t1) -> (4193, 64, 4193, t2=t1+(1, 5))	1	220
(1610, 74, 1642, t1) -> (1642, 74, 1642, t2=t1+(1, 3))	1	221
(4221, 32, 77, t1) -> (4221, 32, 77, t2=t1+(1, 4))	1	222
(1126, 192, 464, t1) -> (464, 192, 464, t2=t1+(1, 3))	1	223
(3331, 80, 2693, t1) -> (2693, 80, 3331, t2=t1+(1, 7))	1	224
(1687, 122, 3484, t1) -> (1687, 122, 1687, t2=t1+(1, 4))	1	225
(4213, 64, 3789, t1) -> (3789, 64, 4213, t2=t1+(1, 3))	1	226
(440, 36, 464, t1) -> (440, 36, 440, t2=t1+(1, 4))	1	227
(2046, 168, 4566, t1) -> (4566, 168, 2046, t2=t1+(1, 6))	1	228
(364, 71, 750, t1) -> (364, 71, 364, t2=t1+(1, 4))	1	229
(4076, 77, 1020, t1) -> (1020, 77, 1020, t2=t1+(1, 9))	1	230
(848, 78, 4072, t1) -> (848, 78, 4072, t2=t1+(1, 7))	1	231
(3437, 149, 4628, t1) -> (3437, 149, 3437, t2=t1+(1, 4))	1	232
(4086, 166, 2723, t1) -> (2723, 166, 4086, t2=t1+(1, 7))	1	233
(4879, 133, 4637, t1) -> (4879, 133, 4879, t2=t1+(1, 3))	1	234
(3830, 3, 4637, t1) -> (4637, 3, 4637, t2=t1+(1, 4))	1	235
(1946, 62, 1263, t1) -> (1263, 62, 1946, t2=t1+(1, 2))	1	236
(576, 86, 2563, t1) -> (576, 86, 576, t2=t1+(1, 7))	1	237
(4072, 23, 4948, t1) -> (4948, 23, 4948, t2=t1+(1, 10))	1	238
(2109, 153, 4184, t1) -> (4184, 153, 4184, t2=t1+(1, 6))	1	239
(1542, 102, 4016, t1) -> (4016, 102, 1542, t2=t1+(1, 8))	1	240
(315, 168, 4213, t1) -> (315, 168, 315, t2=t1+(1, 7))	1	241
(949, 55, 1613, t1) -> (1613, 55, 949, t2=t1+(1, 4))	1	242
(1144, 51, 1088, t1) -> (1144, 51, 1144, t2=t1+(1, 5))	1	243
(259, 84, 464, t1) -> (464, 84, 464, t2=t1+(1, 3))	1	244
(3445, 75, 1703, t1) -> (3445, 75, 3445, t2=t1+(1, 7))	1	245
(2957, 191, 804, t1) -> (2957, 191, 2957, t2=t1+(1, 4))	1	246
(3199, 100, 315, t1) -> (3199, 100, 3199, t2=t1+(1, 6))	1	247
(2945, 70, 2025, t1) -> (2945, 70, 2945, t2=t1+(1, 6))	1	248
(4447, 82, 2237, t1) -> (2237, 82, 2237, t2=t1+(1, 8))	1	249
(863, 65, 4582, t1) -> (863, 65, 4582, t2=t1+(1, 6))	1	250
(2010, 89, 2866, t1) -> (2866, 89, 2010, t2=t1+(1, 9))	1	251
(4898, 90, 3076, t1) -> (4898, 90, 3076, t2=t1+(1, 7))	1	252
(3391, 7, 1183, t1) -> (3391, 7, 1183, t2=t1+(1, 6))	1	253
(1584, 39, 2214, t1) -> (2214, 39, 2214, t2=t1+(1, 3))	1	254
(61, 64, 1969, t1) -> (1969, 64, 1969, t2=t1+(1, 2))	1	255
(883, 44, 4073, t1) -> (883, 44, 883, t2=t1+(1, 3))	1	256
(3491, 144, 4072, t1) -> (3491, 144, 4072, t2=t1+(1, 3))	1	257
(3875, 15, 503, t1) -> (503, 15, 503, t2=t1+(1, 9))	1	258
(2025, 14, 1877, t1) -> (2025, 14, 1877, t2=t1+(1, 1))	1	259
(3199, 54, 4072, t1) -> (4072, 54, 4072, t2=t1+(1, 5))	1	260
(1131, 196, 2508, t1) -> (1131, 196, 2508, t2=t1+(1, 3))	1	261
(1138, 66, 3642, t1) -> (3642, 66, 3642, t2=t1+(1, 7))	1	262
(3722, 148, 4050, t1) -> (3722, 148, 3722, t2=t1+(1, 10))	1	263
(4981, 39, 4708, t1) -> (4981, 39, 4708, t2=t1+(1, 5))	1	264
(4042, 54, 2368, t1) -> (4042, 54, 4042, t2=t1+(1, 10))	1	265
(3855, 158, 2219, t1) -> (3855, 158, 3855, t2=t1+(1, 7))	1	266
(967, 188, 75, t1) -> (75, 188, 967, t2=t1+(1, 4))	1	267
(2200, 28, 3714, t1) -> (2200, 28, 2200, t2=t1+(1, 2))	1	268
(4152, 173, 4184, t1) -> (4152, 173, 4184, t2=t1+(1, 5))	1	269
(1726, 109, 3351, t1) -> (3351, 109, 3351, t2=t1+(1, 2))	1	270
(41, 62, 3529, t1) -> (3529, 62, 3529, t2=t1+(1, 1))	1	271
(316, 14, 3830, t1) -> (316, 14, 316, t2=t1+(1, 6))	1	272
(3065, 66, 3012, t1) -> (3012, 66, 3012, t2=t1+(1, 6))	1	273
(931, 21, 3443, t1) -> (931, 21, 3443, t2=t1+(1, 7))	1	274
(1578, 109, 124, t1) -> (1578, 109, 124, t2=t1+(1, 4))	1	275
(2370, 139, 3680, t1) -> (2370, 139, 2370, t2=t1+(1, 4))	1	276
(4003, 20, 898, t1) -> (4003, 20, 4003, t2=t1+(1, 4))	1	277
(2841, 75, 4076, t1) -> (4076, 75, 4076, t2=t1+(1, 7))	1	278
(2370, 28, 2783, t1) -> (2370, 28, 2370, t2=t1+(1, 7))	1	279
(2563, 54, 86, t1) -> (86, 54, 2563, t2=t1+(1, 5))	1	280
(817, 54, 980, t1) -> (817, 54, 980, t2=t1+(1, 5))	1	281
(2955, 23, 3014, t1) -> (2955, 23, 2955, t2=t1+(1, 3))	1	282
(2914, 31, 817, t1) -> (817, 31, 817, t2=t1+(1, 5))	1	283
(2783, 144, 1015, t1) -> (2783, 144, 1015, t2=t1+(1, 3))	1	284
(3676, 21, 4530, t1) -> (3676, 21, 4530, t2=t1+(1, 5))	1	285
(4386, 135, 4053, t1) -> (4053, 135, 4386, t2=t1+(1, 5))	1	286
(336, 89, 1748, t1) -> (1748, 89, 1748, t2=t1+(1, 3))	1	287
(3443, 21, 2508, t1) -> (2508, 21, 2508, t2=t1+(1, 3))	1	288
(3464, 21, 3680, t1) -> (3464, 21, 3464, t2=t1+(1, 11))	1	289
(4793, 158, 3957, t1) -> (4793, 158, 3957, t2=t1+(1, 5))	1	290
(2050, 130, 3526, t1) -> (2050, 130, 3526, t2=t1+(1, 8))	1	291
(2827, 28, 2356, t1) -> (2356, 28, 2827, t2=t1+(1, 4))	1	292
(4030, 28, 1009, t1) -> (4030, 28, 4030, t2=t1+(1, 5))	1	293
(4549, 146, 521, t1) -> (521, 146, 4549, t2=t1+(1, 7))	1	294
(1456, 132, 1748, t1) -> (1456, 132, 1748, t2=t1+(1, 2))	1	295
(4152, 131, 3391, t1) -> (4152, 131, 4152, t2=t1+(1, 3))	1	296
(318, 190, 4549, t1) -> (4549, 190, 4549, t2=t1+(1, 3))	1	297
(3680, 126, 846, t1) -> (3680, 126, 846, t2=t1+(1, 4))	1	298
(1704, 32, 3886, t1) -> (3886, 32, 3886, t2=t1+(1, 2))	1	299
