(38, 85, 1598, t1) & (2724, 113, 4611, t2=t1+(0, 4)) & (38, 47, 4611, t3=t2+(0, 4)) -> (4611, 85, 38, t4=t3+(1, 6))	3	0
(2369, 115, 3132, t1) & (1963, 85, 42, t2=t1+(0, 5)) & (42, 42, 3132, t3=t2+(0, 8)) -> (42, 85, 2369, t4=t3+(1, 4))	3	1
(2239, 159, 4834, t1) & (4558, 111, 3247, t2=t1+(0, 8)) & (4558, 63, 2239, t3=t2+(0, 5)) -> (4834, 63, 4558, t4=t3+(1, 6))	3	2
(400, 19, 3345, t1) & (2066, 146, 4419, t2=t1+(0, 3)) & (2066, 144, 3345, t3=t2+(0, 4)) -> (2066, 19, 400, t4=t3+(1, 5))	3	3
(4046, 191, 3010, t1) & (1419, 56, 2093, t2=t1+(0, 5)) & (4046, 80, 1419, t3=t2+(0, 4)) -> (1419, 80, 1419, t4=t3+(1, 7))	3	4
(3623, 15, 81, t1) & (2223, 17, 448, t2=t1+(0, 5)) & (2223, 113, 3623, t3=t2+(0, 11)) -> (3623, 17, 2223, t4=t3+(1, 3))	3	5
(2182, 101, 53, t1) & (1353, 168, 461, t2=t1+(0, 5)) & (461, 156, 2182, t3=t2+(0, 3)) -> (2182, 156, 2182, t4=t3+(1, 3))	3	6
(4341, 106, 1452, t1) & (3099, 29, 2952, t2=t1+(0, 3)) & (1452, 187, 3099, t3=t2+(0, 4)) -> (1452, 29, 4341, t4=t3+(1, 6))	3	7
(2464, 19, 2398, t1) & (3280, 176, 3763, t2=t1+(0, 7)) & (2398, 13, 3763, t3=t2+(0, 5)) -> (3763, 176, 2398, t4=t3+(1, 5))	3	8
(1796, 54, 2713, t1) & (3641, 65, 883, t2=t1+(0, 4)) & (3641, 27, 2713, t3=t2+(0, 3)) -> (883, 65, 3641, t4=t3+(1, 1))	3	9
(2269, 190, 1277, t1) & (3364, 33, 978, t2=t1+(0, 5)) & (2269, 11, 978, t3=t2+(0, 8)) -> (978, 11, 1277, t4=t3+(1, 4))	3	10
(354, 20, 1796, t1) & (4017, 111, 3561, t2=t1+(0, 7)) & (4017, 105, 1796, t3=t2+(0, 6)) -> (4017, 111, 4017, t4=t3+(1, 6))	3	11
(533, 67, 1365, t1) & (1022, 139, 4289, t2=t1+(0, 4)) & (1365, 43, 1022, t3=t2+(0, 7)) -> (1365, 67, 4289, t4=t3+(1, 4))	3	12
(3822, 169, 3499, t1) & (2183, 143, 4884, t2=t1+(0, 4)) & (4884, 31, 3822, t3=t2+(0, 2)) -> (2183, 169, 4884, t4=t3+(1, 7))	3	13
(4736, 27, 2691, t1) & (4148, 111, 2458, t2=t1+(0, 4)) & (4148, 128, 2691, t3=t2+(0, 2)) -> (4736, 111, 4148, t4=t3+(1, 1))	3	14
(1998, 61, 4172, t1) & (3960, 184, 3560, t2=t1+(0, 6)) & (4172, 161, 3960, t3=t2+(0, 3)) -> (3960, 61, 1998, t4=t3+(1, 3))	3	15
(3667, 29, 3426, t1) & (845, 98, 1016, t2=t1+(0, 5)) & (845, 126, 3426, t3=t2+(0, 7)) -> (845, 29, 3426, t4=t3+(1, 7))	3	16
(662, 33, 4742, t1) & (2902, 68, 4841, t2=t1+(0, 4)) & (4841, 181, 4742, t3=t2+(0, 6)) -> (4841, 181, 662, t4=t3+(1, 8))	3	17
(1115, 134, 187, t1) & (4777, 31, 4604, t2=t1+(0, 7)) & (187, 60, 4604, t3=t2+(0, 5)) -> (187, 31, 187, t4=t3+(1, 11))	3	18
(3909, 152, 3960, t1) & (4723, 95, 2851, t2=t1+(0, 3)) & (3960, 32, 4723, t3=t2+(0, 10)) -> (4723, 95, 4723, t4=t3+(1, 7))	3	19
(4988, 53, 4584, t1) & (2935, 50, 1524, t2=t1+(0, 2)) & (4584, 133, 2935, t3=t2+(0, 2)) -> (1524, 53, 2935, t4=t3+(1, 5))	3	20
(2426, 112, 3082, t1) & (3985, 159, 2208, t2=t1+(0, 5)) & (2208, 134, 3082, t3=t2+(0, 9)) -> (3082, 159, 2208, t4=t3+(1, 4))	3	21
(2722, 54, 142, t1) & (1695, 87, 2133, t2=t1+(0, 9)) & (2133, 163, 142, t3=t2+(0, 6)) -> (142, 54, 142, t4=t3+(1, 6))	3	22
(2446, 94, 4700, t1) & (3267, 181, 2621, t2=t1+(0, 8)) & (4700, 177, 3267, t3=t2+(0, 2)) -> (4700, 181, 4700, t4=t3+(1, 4))	3	23
(4497, 193, 1462, t1) & (4796, 130, 1387, t2=t1+(0, 6)) & (4796, 85, 1462, t3=t2+(0, 7)) -> (4796, 193, 4796, t4=t3+(1, 6))	3	24
(4521, 185, 1608, t1) & (1684, 75, 2651, t2=t1+(0, 5)) & (1608, 151, 2651, t3=t2+(0, 5)) -> (4521, 185, 2651, t4=t3+(1, 2))	3	25
(3660, 191, 1021, t1) & (833, 123, 3592, t2=t1+(0, 7)) & (833, 191, 3660, t3=t2+(0, 6)) -> (1021, 191, 1021, t4=t3+(1, 1))	3	26
(2798, 45, 229, t1) & (3941, 19, 2538, t2=t1+(0, 5)) & (3941, 15, 229, t3=t2+(0, 4)) -> (2798, 19, 229, t4=t3+(1, 4))	3	27
(820, 188, 1437, t1) & (1880, 154, 4484, t2=t1+(0, 2)) & (4484, 69, 820, t3=t2+(0, 6)) -> (820, 188, 820, t4=t3+(1, 3))	3	28
(521, 34, 538, t1) & (1481, 47, 4566, t2=t1+(0, 4)) & (538, 73, 1481, t3=t2+(0, 5)) -> (538, 34, 1481, t4=t3+(1, 7))	3	29
(3855, 198, 3167, t1) & (1676, 103, 1356, t2=t1+(0, 4)) & (1676, 87, 3167, t3=t2+(0, 8)) -> (3167, 87, 1676, t4=t3+(1, 8))	3	30
(803, 151, 4468, t1) & (1917, 137, 4361, t2=t1+(0, 4)) & (803, 121, 4361, t3=t2+(0, 6)) -> (803, 121, 803, t4=t3+(1, 4))	3	31
(2740, 24, 3313, t1) & (4828, 110, 4081, t2=t1+(0, 4)) & (4828, 74, 2740, t3=t2+(0, 2)) -> (4828, 24, 4828, t4=t3+(1, 9))	3	32
(3188, 198, 1582, t1) & (4681, 59, 730, t2=t1+(0, 7)) & (730, 31, 3188, t3=t2+(0, 7)) -> (730, 198, 1582, t4=t3+(1, 8))	3	33
(4785, 57, 4383, t1) & (4822, 103, 4208, t2=t1+(0, 2)) & (4383, 153, 4822, t3=t2+(0, 5)) -> (4822, 103, 4822, t4=t3+(1, 4))	3	34
(1723, 62, 3475, t1) & (4106, 103, 2486, t2=t1+(0, 4)) & (3475, 60, 2486, t3=t2+(0, 5)) -> (2486, 62, 4106, t4=t3+(1, 10))	3	35
(1378, 56, 3032, t1) & (2366, 190, 1502, t2=t1+(0, 5)) & (1378, 151, 2366, t3=t2+(0, 5)) -> (1502, 190, 3032, t4=t3+(1, 6))	3	36
(1972, 181, 4273, t1) & (1986, 27, 2820, t2=t1+(0, 3)) & (4273, 152, 2820, t3=t2+(0, 2)) -> (4273, 27, 1986, t4=t3+(1, 9))	3	37
(740, 52, 4427, t1) & (472, 154, 101, t2=t1+(0, 3)) & (472, 68, 740, t3=t2+(0, 6)) -> (101, 68, 4427, t4=t3+(1, 2))	3	38
(1529, 188, 4368, t1) & (4492, 2, 3200, t2=t1+(0, 4)) & (4492, 161, 1529, t3=t2+(0, 5)) -> (4492, 188, 4368, t4=t3+(1, 7))	3	39
(2853, 86, 806, t1) & (203, 193, 543, t2=t1+(0, 3)) & (203, 28, 806, t3=t2+(0, 3)) -> (806, 28, 543, t4=t3+(1, 3))	3	40
(293, 69, 56, t1) & (4014, 173, 4252, t2=t1+(0, 5)) & (4014, 69, 56, t3=t2+(0, 3)) -> (293, 69, 293, t4=t3+(1, 4))	3	41
(814, 76, 3209, t1) & (1149, 42, 577, t2=t1+(0, 6)) & (1149, 12, 3209, t3=t2+(0, 6)) -> (577, 12, 3209, t4=t3+(1, 5))	3	42
(2015, 18, 2374, t1) & (1763, 38, 2559, t2=t1+(0, 2)) & (2559, 35, 2374, t3=t2+(0, 1)) -> (2559, 35, 2559, t4=t3+(1, 5))	3	43
(2392, 147, 40, t1) & (210, 114, 4950, t2=t1+(0, 7)) & (2392, 94, 4950, t3=t2+(0, 1)) -> (2392, 147, 2392, t4=t3+(1, 7))	3	44
(1008, 151, 4822, t1) & (4622, 9, 4099, t2=t1+(0, 6)) & (1008, 135, 4622, t3=t2+(0, 5)) -> (4622, 9, 1008, t4=t3+(1, 5))	3	45
(1424, 171, 4981, t1) & (1840, 92, 1590, t2=t1+(0, 7)) & (1424, 148, 1590, t3=t2+(0, 8)) -> (1590, 171, 1590, t4=t3+(1, 1))	3	46
(2663, 164, 4055, t1) & (2812, 148, 4084, t2=t1+(0, 3)) & (2663, 14, 2812, t3=t2+(0, 7)) -> (2812, 164, 2812, t4=t3+(1, 3))	3	47
(677, 114, 4623, t1) & (4225, 57, 2803, t2=t1+(0, 5)) & (677, 70, 2803, t3=t2+(0, 5)) -> (2803, 70, 2803, t4=t3+(1, 6))	3	48
(3478, 168, 691, t1) & (3020, 86, 62, t2=t1+(0, 2)) & (62, 196, 3478, t3=t2+(0, 6)) -> (62, 168, 3478, t4=t3+(1, 3))	3	49
(2175, 163, 841, t1) & (2175, 32, 841, t2=t1+(0, 1)) -> (841, 32, 841, t3=t2+(1, 5))	2	50
(1889, 195, 1906, t1) & (1906, 188, 1889, t2=t1+(0, 1)) -> (1906, 195, 1906, t3=t2+(1, 5))	2	51
(3926, 46, 1609, t1) & (195, 29, 1609, t2=t1+(0, 4)) -> (195, 46, 3926, t3=t2+(1, 2))	2	52
(533, 73, 4493, t1) & (533, 43, 3612, t2=t1+(0, 3)) -> (533, 73, 533, t3=t2+(1, 5))	2	53
(4096, 127, 3898, t1) & (3898, 55, 3117, t2=t1+(0, 6)) -> (4096, 127, 3898, t3=t2+(1, 2))	2	54
(4431, 43, 2435, t1) & (272, 97, 2435, t2=t1+(0, 7)) -> (272, 97, 2435, t3=t2+(1, 5))	2	55
(1374, 108, 2296, t1) & (2296, 16, 947, t2=t1+(0, 8)) -> (2296, 16, 1374, t3=t2+(1, 5))	2	56
(282, 97, 4737, t1) & (4737, 128, 525, t2=t1+(0, 4)) -> (525, 128, 525, t3=t2+(1, 5))	2	57
(1141, 144, 4181, t1) & (1141, 196, 4997, t2=t1+(0, 4)) -> (1141, 144, 4997, t3=t2+(1, 6))	2	58
(276, 69, 914, t1) & (914, 58, 276, t2=t1+(0, 4)) -> (276, 69, 914, t3=t2+(1, 4))	2	59
(3131, 165, 3174, t1) & (3174, 29, 2818, t2=t1+(0, 4)) -> (3174, 165, 3174, t3=t2+(1, 6))	2	60
(718, 64, 3334, t1) & (718, 152, 3334, t2=t1+(0, 3)) -> (718, 152, 3334, t3=t2+(1, 3))	2	61
(2001, 131, 3932, t1) & (2001, 117, 1155, t2=t1+(0, 3)) -> (3932, 117, 2001, t3=t2+(1, 4))	2	62
(2094, 100, 2112, t1) & (407, 135, 2094, t2=t1+(0, 7)) -> (2112, 135, 2094, t3=t2+(1, 7))	2	63
(4875, 132, 3037, t1) & (2369, 58, 4875, t2=t1+(0, 4)) -> (4875, 132, 4875, t3=t2+(1, 7))	2	64
(2471, 126, 3106, t1) & (3106, 177, 1801, t2=t1+(0, 4)) -> (3106, 126, 1801, t3=t2+(1, 4))	2	65
(1687, 182, 3875, t1) & (1687, 175, 2424, t2=t1+(0, 3)) -> (2424, 175, 1687, t3=t2+(1, 1))	2	66
(2258, 98, 4153, t1) & (2258, 21, 460, t2=t1+(0, 9)) -> (2258, 21, 2258, t3=t2+(1, 8))	2	67
(3372, 145, 1392, t1) & (3372, 154, 1392, t2=t1+(0, 7)) -> (3372, 154, 1392, t3=t2+(1, 6))	2	68
(3317, 175, 3758, t1) & (3758, 23, 384, t2=t1+(0, 4)) -> (3317, 175, 3758, t3=t2+(1, 7))	2	69
(2603, 25, 4755, t1) & (2085, 6, 4755, t2=t1+(0, 8)) -> (2603, 6, 2085, t3=t2+(1, 5))	2	70
(252, 87, 3457, t1) & (252, 27, 2012, t2=t1+(0, 4)) -> (3457, 27, 2012, t3=t2+(1, 6))	2	71
(1884, 166, 4100, t1) & (3783, 77, 1884, t2=t1+(0, 6)) -> (3783, 166, 1884, t3=t2+(1, 9))	2	72
(1181, 41, 1232, t1) & (264, 174, 1232, t2=t1+(0, 3)) -> (264, 174, 264, t3=t2+(1, 3))	2	73
(4042, 140, 395, t1) & (395, 142, 4042, t2=t1+(0, 6)) -> (395, 142, 395, t3=t2+(1, 6))	2	74
(959, 44, 2877, t1) & (959, 77, 1134, t2=t1+(0, 0)) -> (959, 77, 2877, t3=t2+(1, 7))	2	75
(299, 36, 2143, t1) & (2143, 178, 2143, t2=t1+(0, 7)) -> (2143, 178, 2143, t3=t2+(1, 4))	2	76
(501, 2, 3634, t1) & (3634, 1, 501, t2=t1+(0, 6)) -> (3634, 2, 501, t3=t2+(1, 5))	2	77
(3801, 70, 3154, t1) & (3154, 20, 3154, t2=t1+(0, 4)) -> (3154, 70, 3154, t3=t2+(1, 3))	2	78
(48, 103, 2239, t1) & (2239, 133, 2239, t2=t1+(0, 5)) -> (48, 103, 48, t3=t2+(1, 3))	2	79
(374, 176, 3463, t1) & (1906, 141, 3463, t2=t1+(0, 9)) -> (1906, 176, 1906, t3=t2+(1, 6))	2	80
(155, 52, 1417, t1) & (1417, 56, 3637, t2=t1+(0, 4)) -> (1417, 56, 3637, t3=t2+(1, 3))	2	81
(326, 46, 4436, t1) & (326, 43, 134, t2=t1+(0, 5)) -> (4436, 43, 326, t3=t2+(1, 3))	2	82
(4692, 138, 1683, t1) & (1683, 52, 4692, t2=t1+(0, 3)) -> (4692, 52, 1683, t3=t2+(1, 3))	2	83
(3863, 187, 1997, t1) & (1997, 110, 3010, t2=t1+(0, 8)) -> (3010, 187, 3863, t3=t2+(1, 2))	2	84
(3542, 118, 2771, t1) & (3542, 140, 2644, t2=t1+(0, 4)) -> (3542, 118, 3542, t3=t2+(1, 5))	2	85
(2645, 11, 3215, t1) & (3215, 4, 2645, t2=t1+(0, 2)) -> (2645, 11, 3215, t3=t2+(1, 6))	2	86
(4272, 91, 2741, t1) & (4576, 122, 2741, t2=t1+(0, 4)) -> (4576, 122, 2741, t3=t2+(1, 5))	2	87
(538, 135, 1764, t1) & (1764, 37, 2696, t2=t1+(0, 8)) -> (2696, 37, 2696, t3=t2+(1, 4))	2	88
(370, 77, 2192, t1) & (2192, 38, 370, t2=t1+(0, 5)) -> (370, 38, 370, t3=t2+(1, 4))	2	89
(4217, 89, 1628, t1) & (1628, 131, 4217, t2=t1+(0, 3)) -> (4217, 89, 1628, t3=t2+(1, 4))	2	90
(1477, 26, 4363, t1) & (4363, 23, 4363, t2=t1+(0, 5)) -> (4363, 26, 1477, t3=t2+(1, 5))	2	91
(453, 73, 1388, t1) & (453, 113, 3117, t2=t1+(0, 2)) -> (453, 73, 1388, t3=t2+(1, 5))	2	92
(3450, 176, 3422, t1) & (3422, 91, 3052, t2=t1+(0, 8)) -> (3450, 91, 3422, t3=t2+(1, 3))	2	93
(1969, 155, 4754, t1) & (3991, 35, 4754, t2=t1+(0, 7)) -> (1969, 155, 1969, t3=t2+(1, 3))	2	94
(1510, 96, 2527, t1) & (852, 138, 1510, t2=t1+(0, 5)) -> (852, 138, 2527, t3=t2+(1, 10))	2	95
(3218, 44, 270, t1) & (3218, 131, 3218, t2=t1+(0, 1)) -> (3218, 131, 3218, t3=t2+(1, 5))	2	96
(3830, 144, 2134, t1) & (2134, 120, 2134, t2=t1+(0, 3)) -> (2134, 120, 2134, t3=t2+(1, 2))	2	97
(4138, 1, 942, t1) & (4138, 125, 942, t2=t1+(0, 5)) -> (4138, 125, 4138, t3=t2+(1, 8))	2	98
(1042, 190, 1821, t1) & (1042, 86, 1042, t2=t1+(0, 5)) -> (1821, 86, 1821, t3=t2+(1, 7))	2	99
(4007, 75, 922, t1) & (4007, 117, 556, t2=t1+(0, 4)) -> (556, 75, 4007, t3=t2+(1, 2))	2	100
(1880, 118, 4396, t1) & (4396, 102, 4396, t2=t1+(0, 6)) -> (1880, 118, 4396, t3=t2+(1, 5))	2	101
(941, 188, 1752, t1) & (941, 124, 1752, t2=t1+(0, 1)) -> (1752, 124, 941, t3=t2+(1, 4))	2	102
(1654, 30, 1982, t1) & (1654, 99, 1982, t2=t1+(0, 3)) -> (1982, 30, 1982, t3=t2+(1, 8))	2	103
(700, 18, 1572, t1) & (1039, 84, 1572, t2=t1+(0, 2)) -> (1572, 18, 1572, t3=t2+(1, 6))	2	104
(4215, 129, 1757, t1) & (1729, 150, 1757, t2=t1+(0, 6)) -> (1757, 150, 1757, t3=t2+(1, 1))	2	105
(1489, 180, 3164, t1) & (659, 177, 3164, t2=t1+(0, 4)) -> (1489, 177, 3164, t3=t2+(1, 6))	2	106
(4551, 85, 697, t1) & (697, 77, 3971, t2=t1+(0, 5)) -> (697, 85, 3971, t3=t2+(1, 7))	2	107
(236, 107, 3450, t1) & (3450, 94, 236, t2=t1+(0, 6)) -> (236, 94, 236, t3=t2+(1, 5))	2	108
(4166, 16, 1340, t1) & (855, 103, 4166, t2=t1+(0, 4)) -> (4166, 16, 1340, t3=t2+(1, 5))	2	109
(1719, 7, 1867, t1) & (1867, 183, 3473, t2=t1+(0, 4)) -> (1867, 183, 3473, t3=t2+(1, 8))	2	110
(1457, 98, 1306, t1) & (1306, 199, 1457, t2=t1+(0, 5)) -> (1457, 98, 1306, t3=t2+(1, 4))	2	111
(1675, 14, 4098, t1) & (4098, 185, 4098, t2=t1+(0, 4)) -> (4098, 185, 1675, t3=t2+(1, 4))	2	112
(2966, 51, 1688, t1) & (4122, 108, 2966, t2=t1+(0, 2)) -> (2966, 108, 2966, t3=t2+(1, 3))	2	113
(1770, 167, 769, t1) & (1770, 103, 1312, t2=t1+(0, 6)) -> (769, 167, 1770, t3=t2+(1, 4))	2	114
(3546, 50, 4150, t1) & (4648, 28, 4150, t2=t1+(0, 1)) -> (4648, 50, 4150, t3=t2+(1, 7))	2	115
(2239, 144, 383, t1) & (383, 96, 3862, t2=t1+(0, 9)) -> (383, 144, 2239, t3=t2+(1, 4))	2	116
(989, 108, 2187, t1) & (2713, 102, 989, t2=t1+(0, 8)) -> (2187, 102, 2713, t3=t2+(1, 2))	2	117
(451, 13, 1202, t1) & (451, 115, 451, t2=t1+(0, 5)) -> (451, 13, 1202, t3=t2+(1, 7))	2	118
(1527, 28, 2547, t1) & (1527, 99, 1527, t2=t1+(0, 2)) -> (1527, 99, 1527, t3=t2+(1, 2))	2	119
(1709, 174, 3300, t1) & (1709, 125, 1557, t2=t1+(0, 6)) -> (1709, 125, 3300, t3=t2+(1, 5))	2	120
(2204, 163, 1302, t1) & (3358, 157, 1302, t2=t1+(0, 5)) -> (2204, 157, 2204, t3=t2+(1, 2))	2	121
(4032, 27, 4890, t1) & (4890, 103, 2597, t2=t1+(0, 5)) -> (4890, 27, 2597, t3=t2+(1, 5))	2	122
(3163, 1, 552, t1) & (890, 113, 3163, t2=t1+(0, 7)) -> (552, 1, 552, t3=t2+(1, 6))	2	123
(3282, 129, 3387, t1) & (1478, 20, 3387, t2=t1+(0, 4)) -> (1478, 129, 3387, t3=t2+(1, 2))	2	124
(2203, 158, 2624, t1) & (3710, 182, 2624, t2=t1+(0, 6)) -> (2203, 182, 2624, t3=t2+(1, 6))	2	125
(3213, 127, 4153, t1) & (3213, 107, 3213, t2=t1+(0, 4)) -> (3213, 107, 4153, t3=t2+(1, 5))	2	126
(191, 83, 1801, t1) & (4561, 9, 1801, t2=t1+(0, 5)) -> (191, 9, 191, t3=t2+(1, 4))	2	127
(3792, 22, 4826, t1) & (3792, 193, 3792, t2=t1+(0, 7)) -> (4826, 22, 4826, t3=t2+(1, 6))	2	128
(1594, 166, 3489, t1) & (1594, 1, 1594, t2=t1+(0, 6)) -> (1594, 166, 1594, t3=t2+(1, 4))	2	129
(1062, 34, 3667, t1) & (1062, 164, 4017, t2=t1+(0, 4)) -> (1062, 164, 1062, t3=t2+(1, 6))	2	130
(4105, 150, 2893, t1) & (4095, 116, 2893, t2=t1+(0, 5)) -> (4105, 116, 4105, t3=t2+(1, 2))	2	131
(777, 171, 4903, t1) & (4903, 29, 3552, t2=t1+(0, 5)) -> (4903, 29, 3552, t3=t2+(1, 7))	2	132
(163, 122, 4178, t1) & (4178, 194, 388, t2=t1+(0, 4)) -> (4178, 122, 388, t3=t2+(1, 8))	2	133
(2046, 159, 2258, t1) & (2258, 8, 2258, t2=t1+(0, 4)) -> (2046, 159, 2258, t3=t2+(1, 1))	2	134
(3224, 126, 713, t1) & (4026, 42, 713, t2=t1+(0, 7)) -> (713, 126, 713, t3=t2+(1, 8))	2	135
(806, 177, 3416, t1) & (806, 41, 3416, t2=t1+(0, 10)) -> (806, 41, 806, t3=t2+(1, 6))	2	136
(3644, 134, 3352, t1) & (3644, 38, 902, t2=t1+(0, 8)) -> (3644, 38, 3352, t3=t2+(1, 6))	2	137
(2072, 22, 2564, t1) & (2564, 72, 2564, t2=t1+(0, 4)) -> (2072, 72, 2564, t3=t2+(1, 5))	2	138
(436, 178, 898, t1) & (1419, 125, 436, t2=t1+(0, 3)) -> (436, 125, 436, t3=t2+(1, 6))	2	139
(4804, 2, 2613, t1) & (4804, 193, 2613, t2=t1+(0, 2)) -> (2613, 2, 2613, t3=t2+(1, 8))	2	140
(2958, 189, 1344, t1) & (2958, 196, 982, t2=t1+(0, 5)) -> (2958, 189, 1344, t3=t2+(1, 5))	2	141
(127, 145, 2382, t1) & (609, 105, 2382, t2=t1+(0, 5)) -> (609, 105, 2382, t3=t2+(1, 3))	2	142
(2400, 14, 2248, t1) & (2648, 42, 2400, t2=t1+(0, 6)) -> (2248, 42, 2648, t3=t2+(1, 6))	2	143
(2155, 72, 4297, t1) & (4297, 181, 3921, t2=t1+(0, 7)) -> (4297, 181, 4297, t3=t2+(1, 2))	2	144
(210, 167, 3033, t1) & (210, 30, 3033, t2=t1+(0, 3)) -> (210, 167, 210, t3=t2+(1, 5))	2	145
(1111, 40, 3621, t1) & (1111, 15, 3621, t2=t1+(0, 1)) -> (1111, 15, 1111, t3=t2+(1, 5))	2	146
(2409, 91, 886, t1) & (886, 153, 409, t2=t1+(0, 6)) -> (886, 153, 886, t3=t2+(1, 11))	2	147
(965, 99, 4670, t1) & (30, 140, 965, t2=t1+(0, 6)) -> (965, 140, 965, t3=t2+(1, 2))	2	148
(618, 12, 4814, t1) & (2055, 112, 4814, t2=t1+(0, 6)) -> (4814, 112, 4814, t3=t2+(1, 2))	2	149
(2875, 37, 1310, t1) -> (1310, 37, 2875, t2=t1+(1, 3))	1	150
(4356, 186, 2371, t1) -> (4356, 186, 4356, t2=t1+(1, 8))	1	151
(2936, 87, 2748, t1) -> (2748, 87, 2936, t2=t1+(1, 4))	1	152
(3300, 26, 2989, t1) -> (3300, 26, 3300, t2=t1+(1, 5))	1	153
(3310, 28, 997, t1) -> (997, 28, 997, t2=t1+(1, 6))	1	154
(4193, 31, 1385, t1) -> (1385, 31, 4193, t2=t1+(1, 4))	1	155
(668, 197, 3889, t1) -> (3889, 197, 668, t2=t1+(1, 4))	1	156
(4078, 20, 4042, t1) -> (4078, 20, 4078, t2=t1+(1, 7))	1	157
(1494, 52, 2669, t1) -> (1494, 52, 1494, t2=t1+(1, 7))	1	158
(938, 143, 4603, t1) -> (4603, 143, 938, t2=t1+(1, 3))	1	159
(1592, 42, 442, t1) -> (442, 42, 442, t2=t1+(1, 3))	1	160
(2870, 150, 1489, t1) -> (1489, 150, 2870, t2=t1+(1, 7))	1	161
(172, 79, 55, t1) -> (172, 79, 172, t2=t1+(1, 2))	1	162
(3166, 126, 2916, t1) -> (2916, 126, 2916, t2=t1+(1, 4))	1	163
(1364, 66, 1410, t1) -> (1410, 66, 1364, t2=t1+(1, 4))	1	164
(93, 73, 3835, t1) -> (3835, 73, 3835, t2=t1+(1, 5))	1	165
(2864, 104, 4256, t1) -> (4256, 104, 4256, t2=t1+(1, 5))	1	166
(2792, 145, 1608, t1) -> (2792, 145, 2792, t2=t1+(1, 5))	1	167
(2995, 67, 1629, t1) -> (1629, 67, 2995, t2=t1+(1, 4))	1	168
(2165, 52, 777, t1) -> (777, 52, 777, t2=t1+(1, 7))	1	169
(1253, 162, 2876, t1) -> (2876, 162, 1253, t2=t1+(1, 7))	1	170
(4939, 151, 1728, t1) -> (1728, 151, 1728, t2=t1+(1, 4))	1	171
(3408, 122, 4482, t1) -> (4482, 122, 4482, t2=t1+(1, 5))	1	172
(3295, 126, 2637, t1) -> (2637, 126, 2637, t2=t1+(1, 4))	1	173
(3988, 117, 1212, t1) -> (3988, 117, 1212, t2=t1+(1, 5))	1	174
(1477, 41, 4849, t1) -> (4849, 41, 1477, t2=t1+(1, 2))	1	175
(246, 75, 2231, t1) -> (2231, 75, 246, t2=t1+(1, 4))	1	176
(3100, 10, 3689, t1) -> (3100, 10, 3100, t2=t1+(1, 5))	1	177
(3859, 170, 1989, t1) -> (1989, 170, 1989, t2=t1+(1, 1))	1	178
(1093, 5, 1090, t1) -> (1090, 5, 1093, t2=t1+(1, 5))	1	179
(1718, 26, 3728, t1) -> (1718, 26, 1718, t2=t1+(1, 3))	1	180
(1043, 33, 4863, t1) -> (4863, 33, 1043, t2=t1+(1, 4))	1	181
(3416, 97, 326, t1) -> (326, 97, 326, t2=t1+(1, 4))	1	182
(226, 99, 2549, t1) -> (226, 99, 226, t2=t1+(1, 6))	1	183
(1874, 83, 261, t1) -> (261, 83, 261, t2=t1+(1, 4))	1	184
(4121, 90, 3672, t1) -> (4121, 90, 4121, t2=t1+(1, 6))	1	185
(1587, 94, 2136, t1) -> (2136, 94, 2136, t2=t1+(1, 7))	1	186
(2036, 49, 1676, t1) -> (2036, 49, 1676, t2=t1+(1, 9))	1	187
(2172, 167, 4243, t1) -> (2172, 167, 2172, t2=t1+(1, 7))	1	188
(3674, 114, 2801, t1) -> (3674, 114, 3674, t2=t1+(1, 4))	1	189
(561, 59, 994, t1) -> (994, 59, 994, t2=t1+(1, 5))	1	190
(402, 129, 1124, t1) -> (402, 129, 402, t2=t1+(1, 6))	1	191
(2829, 41, 4304, t1) -> (4304, 41, 4304, t2=t1+(1, 6))	1	192
(3693, 120, 28, t1) -> (28, 120, 28, t2=t1+(1, 7))	1	193
(2033, 144, 3652, t1) -> (3652, 144, 3652, t2=t1+(1, 4))	1	194
(3256, 18, 2928, t1) -> (2928, 18, 3256, t2=t1+(1, 2))	1	195
(1230, 17, 2006, t1) -> (2006, 17, 2006, t2=t1+(1, 2))	1	196
(2864, 35, 4029, t1) -> (4029, 35, 4029, t2=t1+(1, 6))	1	197
(3142, 41, 1684, t1) -> (1684, 41, 3142, t2=t1+(1, 4))	1	198
(3232, 71, 547, t1) -> (547, 71, 547, t2=t1+(1, 5))	1	199
(2866, 5, 3071, t1) -> (3071, 5, 3071, t2=t1+(1, 8))	1	200
(3032, 3, 4705, t1) -> (3032, 3, 3032, t2=t1+(1, 6))	1	201
(4307, 64, 2047, t1) -> (2047, 64, 2047, t2=t1+(1, 2))	1	202
(3596, 96, 3447, t1) -> (3596, 96, 3596, t2=t1+(1, 8))	1	203
(3156, 118, 4977, t1) -> (4977, 118, 4977, t2=t1+(1, 6))	1	204
(4639, 8, 1614, t1) -> (1614, 8, 1614, t2=t1+(1, 5))	1	205
(1098, 94, 1632, t1) -> (1632, 94, 1098, t2=t1+(1, 5))	1	206
(168, 70, 4771, t1) -> (4771, 70, 4771, t2=t1+(1, 2))	1	207
(2941, 58, 2223, t1) -> (2223, 58, 2223, t2=t1+(1, 5))	1	208
(253, 128, 1518, t1) -> (253, 128, 1518, t2=t1+(1, 3))	1	209
(4018, 133, 3079, t1) -> (4018, 133, 4018, t2=t1+(1, 4))	1	210
(4294, 197, 1133, t1) -> (4294, 197, 4294, t2=t1+(1, 4))	1	211
(423, 184, 3222, t1) -> (423, 184, 3222, t2=t1+(1, 7))	1	212
(3447, 34, 688, t1) -> (688, 34, 688, t2=t1+(1, 6))	1	213
(510, 40, 1391, t1) -> (1391, 40, 510, t2=t1+(1, 5))	1	214
(3201, 83, 3713, t1) -> (3201, 83, 3713, t2=t1+(1, 6))	1	215
(2985, 123, 1037, t1) -> (2985, 123, 1037, t2=t1+(1, 8))	1	216
(1174, 165, 3093, t1) -> (1174, 165, 3093, t2=t1+(1, 5))	1	217
(2762, 44, 2983, t1) -> (2983, 44, 2762, t2=t1+(1, 8))	1	218
(2590, 58, 4560, t1) -> (2590, 58, 2590, t2=t1+(1, 5))	1	219
(3640, 2, 3668, t1) -> (3640, 2, 3668, t2=t1+(1, 3))	1	220
(3438, 174, 2024, t1) -> (3438, 174, 3438, t2=t1+(1, 6))	1	221
(3390, 53, 749, t1) -> (749, 53, 749, t2=t1+(1, 3))	1	222
(334, 120, 1070, t1) -> (1070, 120, 1070, t2=t1+(1, 9))	1	223
(2958, 15, 4004, t1) -> (4004, 15, 4004, t2=t1+(1, 8))	1	224
(4664, 152, 3394, t1) -> (3394, 152, 3394, t2=t1+(1, 7))	1	225
(150, 70, 646, t1) -> (150, 70, 646, t2=t1+(1, 6))	1	226
(4890, 30, 1636, t1) -> (4890, 30, 1636, t2=t1+(1, 3))	1	227
(1781, 63, 4699, t1) -> (1781, 63, 4699, t2=t1+(1, 5))	1	228
(3905, 82, 202, t1) -> (3905, 82, 202, t2=t1+(1, 7))	1	229
(4058, 42, 4844, t1) -> (4844, 42, 4058, t2=t1+(1, 2))	1	230
(1519, 97, 1953, t1) -> (1519, 97, 1953, t2=t1+(1, 3))	1	231
(2174, 60, 4175, t1) -> (4175, 60, 2174, t2=t1+(1, 1))	1	232
(1991, 145, 3397, t1) -> (1991, 145, 3397, t2=t1+(1, 8))	1	233
(1695, 97, 1373, t1) -> (1695, 97, 1373, t2=t1+(1, 6))	1	234
(1406, 152, 2032, t1) -> (1406, 152, 2032, t2=t1+(1, 9))	1	235
(1985, 149, 1724, t1) -> (1985, 149, 1985, t2=t1+(1, 6))	1	236
(4116, 69, 1570, t1) -> (1570, 69, 4116, t2=t1+(1, 1))	1	237
(2152, 126, 4294, t1) -> (2152, 126, 4294, t2=t1+(1, 9))	1	238
(4804, 194, 4056, t1) -> (4056, 194, 4804, t2=t1+(1, 5))	1	239
(4732, 42, 4780, t1) -> (4780, 42, 4732, t2=t1+(1, 6))	1	240
(3822, 63, 4938, t1) -> (4938, 63, 4938, t2=t1+(1, 4))	1	241
(1403, 63, 4972, t1) -> (1403, 63, 1403, t2=t1+(1, 2))	1	242
(3465, 83, 933, t1) -> (3465, 83, 933, t2=t1+(1, 7))	1	243
(3420, 155, 3979, t1) -> (3979, 155, 3420, t2=t1+(1, 4))	1	244
(906, 116, 2999, t1) -> (2999, 116, 906, t2=t1+(1, 5))	1	245
(2433, 82, 3017, t1) -> (3017, 82, 2433, t2=t1+(1, 4))	1	246
(3031, 98, 1652, t1) -> (3031, 98, 3031, t2=t1+(1, 7))	1	247
(4284, 50, 4942, t1) -> (4284, 50, 4942, t2=t1+(1, 5))	1	248
(348, 67, 432, t1) -> (432, 67, 432, t2=t1+(1, 5))	1	249
(1104, 127, 3438, t1) -> (3438, 127, 3438, t2=t1+(1, 4))	1	250
(2736, 89, 3608, t1) -> (2736, 89, 3608, t2=t1+(1, 6))	1	251
(4303, 74, 135, t1) -> (135, 74, 135, t2=t1+(1, 3))	1	252
(3636, 181, 204, t1) -> (3636, 181, 3636, t2=t1+(1, 3))	1	253
(3769, 103, 1182, t1) -> (1182, 103, 3769, t2=t1+(1, 2))	1	254
(3602, 65, 2697, t1) -> (3602, 65, 3602, t2=t1+(1, 3))	1	255
(1635, 187, 193, t1) -> (193, 187, 193, t2=t1+(1, 6))	1	256
(1610, 139, 4963, t1) -> (4963, 139, 4963, t2=t1+(1, 5))	1	257
(2352, 45, 3220, t1) -> (3220, 45, 3220, t2=t1+(1, 5))	1	258
(2808, 131, 1171, t1) -> (1171, 131, 2808, t2=t1+(1, 3))	1	259
(3147, 16, 3538, t1) -> (3147, 16, 3147, t2=t1+(1, 5))	1	260
(3529, 45, 3546, t1) -> (3546, 45, 3529, t2=t1+(1, 9))	1	261
(4650, 27, 2556, t1) -> (2556, 27, 2556, t2=t1+(1, 4))	1	262
(332, 43, 3172, t1) -> (3172, 43, 332, t2=t1+(1, 1))	1	263
(529, 120, 2037, t1) -> (529, 120, 529, t2=t1+(1, 3))	1	264
(2003, 154, 3103, t1) -> (3103, 154, 2003, t2=t1+(1, 4))	1	265
(1018, 1, 3906, t1) -> (1018, 1, 3906, t2=t1+(1, 3))	1	266
(3162, 191, 1736, t1) -> (3162, 191, 1736, t2=t1+(1, 5))	1	267
(2832, 181, 2633, t1) -> (2832, 181, 2832, t2=t1+(1, 5))	1	268
(996, 187, 3489, t1) -> (996, 187, 3489, t2=t1+(1, 7))	1	269
(4612, 175, 824, t1) -> (4612, 175, 824, t2=t1+(1, 6))	1	270
(2705, 51, 1256, t1) -> (1256, 51, 2705, t2=t1+(1, 2))	1	271
(4183, 123, 4630, t1) -> (4183, 123, 4183, t2=t1+(1, 1))	1	272
(1381, 182, 2693, t1) -> (2693, 182, 2693, t2=t1+(1, 9))	1	273
(2779, 120, 2793, t1) -> (2793, 120, 2793, t2=t1+(1, 1))	1	274
(3161, 163, 2073, t1) -> (2073, 163, 3161, t2=t1+(1, 8))	1	275
(2476, 160, 3789, t1) -> (3789, 160, 2476, t2=t1+(1, 3))	1	276
(602, 186, 1527, t1) -> (602, 186, 1527, t2=t1+(1, 8))	1	277
(2216, 143, 3032, t1) -> (3032, 143, 3032, t2=t1+(1, 8))	1	278
(2059, 60, 3457, t1) -> (3457, 60, 3457, t2=t1+(1, 6))	1	279
(4005, 191, 1831, t1) -> (1831, 191, 4005, t2=t1+(1, 2))	1	280
(2203, 11, 2660, t1) -> (2203, 11, 2203, t2=t1+(1, 11))	1	281
(3458, 30, 3748, t1) -> (3458, 30, 3458, t2=t1+(1, 7))	1	282
(416, 158, 4403, t1) -> (4403, 158, 416, t2=t1+(1, 3))	1	283
(377, 136, 2655, t1) -> (2655, 136, 2655, t2=t1+(1, 5))	1	284
(3296, 83, 1967, t1) -> (3296, 83, 1967, t2=t1+(1, 4))	1	285
(1851, 143, 1459, t1) -> (1459, 143, 1851, t2=t1+(1, 3))	1	286
(1645, 148, 4065, t1) -> (1645, 148, 4065, t2=t1+(1, 3))	1	287
(2752, 40, 4204, t1) -> (2752, 40, 2752, t2=t1+(1, 7))	1	288
(4329, 64, 3721, t1) -> (3721, 64, 3721, t2=t1+(1, 3))	1	289
(4601, 176, 2376, t1) -> (2376, 176, 4601, t2=t1+(1, 8))	1	290
(4971, 33, 4254, t1) -> (4971, 33, 4254, t2=t1+(1, 5))	1	291
(2583, 165, 293, t1) -> (2583, 165, 293, t2=t1+(1, 6))	1	292
(542, 118, 640, t1) -> (640, 118, 640, t2=t1+(1, 2))	1	293
(1767, 71, 4316, t1) -> (4316, 71, 1767, t2=t1+(1, 5))	1	294
(2773, 88, 744, t1) -> (744, 88, 744, t2=t1+(1, 7))	1	295
(667, 78, 3967, t1) -> (3967, 78, 3967, t2=t1+(1, 6))	1	296
(4713, 27, 349, t1) -> (4713, 27, 349, t2=t1+(1, 7))	1	297
(4494, 44, 4504, t1) -> (4494, 44, 4504, t2=t1+(1, 3))	1	298
(1302, 13, 2441, t1) -> (1302, 13, 1302, t2=t1+(1, 7))	1	299
(1397, 127, 4010, t1) -> (4010, 127, 1397, t2=t1+(1, 7))	1	300
(2356, 89, 421, t1) -> (2356, 89, 2356, t2=t1+(1, 2))	1	301
(2572, 8, 4685, t1) -> (2572, 8, 4685, t2=t1+(1, 4))	1	302
(1063, 60, 3829, t1) -> (3829, 60, 1063, t2=t1+(1, 7))	1	303
(1155, 25, 2154, t1) -> (2154, 25, 2154, t2=t1+(1, 7))	1	304
(801, 175, 2026, t1) -> (801, 175, 2026, t2=t1+(1, 6))	1	305
(4953, 70, 2900, t1) -> (2900, 70, 4953, t2=t1+(1, 3))	1	306
(11, 149, 2683, t1) -> (11, 149, 11, t2=t1+(1, 4))	1	307
(2931, 67, 3675, t1) -> (3675, 67, 2931, t2=t1+(1, 11))	1	308
(495, 150, 3727, t1) -> (3727, 150, 3727, t2=t1+(1, 2))	1	309
(4291, 129, 4449, t1) -> (4291, 129, 4291, t2=t1+(1, 4))	1	310
(3295, 195, 851, t1) -> (3295, 195, 851, t2=t1+(1, 8))	1	311
(3800, 124, 3413, t1) -> (3413, 124, 3413, t2=t1+(1, 5))	1	312
(409, 84, 4894, t1) -> (409, 84, 4894, t2=t1+(1, 4))	1	313
(632, 129, 1803, t1) -> (1803, 129, 1803, t2=t1+(1, 7))	1	314
(908, 134, 111, t1) -> (111, 134, 111, t2=t1+(1, 5))	1	315
(311, 28, 2907, t1) -> (311, 28, 311, t2=t1+(1, 5))	1	316
(3922, 94, 4691, t1) -> (4691, 94, 4691, t2=t1+(1, 7))	1	317
(4766, 95, 564, t1) -> (4766, 95, 4766, t2=t1+(1, 5))	1	318
(2096, 35, 624, t1) -> (2096, 35, 624, t2=t1+(1, 9))	1	319
(3038, 121, 1506, t1) -> (1506, 121, 3038, t2=t1+(1, 9))	1	320
(4024, 86, 524, t1) -> (524, 86, 4024, t2=t1+(1, 7))	1	321
(1061, 46, 4138, t1) -> (4138, 46, 1061, t2=t1+(1, 7))	1	322
(1125, 58, 4918, t1) -> (1125, 58, 1125, t2=t1+(1, 3))	1	323
(2147, 63, 4495, t1) -> (4495, 63, 2147, t2=t1+(1, 3))	1	324
(4605, 90, 640, t1) -> (640, 90, 640, t2=t1+(1, 5))	1	325
(1845, 170, 3003, t1) -> (1845, 170, 3003, t2=t1+(1, 5))	1	326
(2139, 107, 3736, t1) -> (2139, 107, 3736, t2=t1+(1, 4))	1	327
(3742, 144, 84, t1) -> (84, 144, 3742, t2=t1+(1, 9))	1	328
(3013, 49, 4886, t1) -> (4886, 49, 3013, t2=t1+(1, 7))	1	329
(2892, 147, 556, t1) -> (556, 147, 2892, t2=t1+(1, 4))	1	330
(1605, 135, 3868, t1) -> (1605, 135, 1605, t2=t1+(1, 7))	1	331
(1188, 164, 2291, t1) -> (1188, 164, 2291, t2=t1+(1, 7))	1	332
(2239, 15, 3748, t1) -> (3748, 15, 3748, t2=t1+(1, 8))	1	333
(1484, 116, 62, t1) -> (1484, 116, 1484, t2=t1+(1, 8))	1	334
(4072, 26, 4772, t1) -> (4772, 26, 4072, t2=t1+(1, 2))	1	335
(3763, 132, 4041, t1) -> (3763, 132, 3763, t2=t1+(1, 9))	1	336
(1492, 171, 4489, t1) -> (4489, 171, 1492, t2=t1+(1, 5))	1	337
(3247, 30, 4915, t1) -> (4915, 30, 4915, t2=t1+(1, 3))	1	338
(1928, 199, 4653, t1) -> (1928, 199, 4653, t2=t1+(1, 5))	1	339
(755, 151, 44, t1) -> (44, 151, 44, t2=t1+(1, 2))	1	340
(2158, 11, 325, t1) -> (325, 11, 2158, t2=t1+(1, 2))	1	341
(759, 105, 2080, t1) -> (759, 105, 2080, t2=t1+(1, 5))	1	342
(1934, 137, 3712, t1) -> (3712, 137, 1934, t2=t1+(1, 9))	1	343
(3083, 141, 2543, t1) -> (3083, 141, 2543, t2=t1+(1, 3))	1	344
(3074, 167, 150, t1) -> (150, 167, 3074, t2=t1+(1, 9))	1	345
(4886, 83, 334, t1) -> (4886, 83, 4886, t2=t1+(1, 7))	1	346
(1014, 152, 4602, t1) -> (4602, 152, 4602, t2=t1+(1, 3))	1	347
(255, 101, 3398, t1) -> (255, 101, 3398, t2=t1+(1, 4))	1	348
(4058, 160, 4577, t1) -> (4058, 160, 4577, t2=t1+(1, 4))	1	349
