(728, 95, 1231, t1) & (4086, 155, 4568, t2=t1+(0, 7)) & (1231, 45, 4568, t3=t2+(0, 10)) -> (728, 155, 1231, t4=t3+(1, 4))	3	0
(3042, 139, 1269, t1) & (525, 45, 3789, t2=t1+(0, 7)) & (1269, 145, 3789, t3=t2+(0, 5)) -> (3789, 45, 1269, t4=t3+(1, 5))	3	1
(1181, 22, 2668, t1) & (3857, 95, 1318, t2=t1+(0, 4)) & (3857, 157, 1181, t3=t2+(0, 6)) -> (3857, 95, 3857, t4=t3+(1, 7))	3	2
(4587, 136, 4736, t1) & (3643, 60, 3149, t2=t1+(0, 7)) & (3149, 13, 4736, t3=t2+(0, 2)) -> (4736, 136, 3643, t4=t3+(1, 7))	3	3
(4636, 2, 3841, t1) & (1263, 35, 437, t2=t1+(0, 6)) & (437, 95, 4636, t3=t2+(0, 5)) -> (3841, 2, 437, t4=t3+(1, 4))	3	4
(4016, 122, 1065, t1) & (1453, 13, 77, t2=t1+(0, 8)) & (4016, 40, 1453, t3=t2+(0, 5)) -> (4016, 13, 4016, t4=t3+(1, 4))	3	5
(3281, 137, 3312, t1) & (1602, 6, 4587, t2=t1+(0, 5)) & (3312, 142, 4587, t3=t2+(0, 5)) -> (4587, 137, 3312, t4=t3+(1, 11))	3	6
(2727, 116, 662, t1) & (3957, 145, 46, t2=t1+(0, 7)) & (3957, 178, 662, t3=t2+(0, 8)) -> (2727, 116, 3957, t4=t3+(1, 6))	3	7
(1020, 6, 745, t1) & (1251, 133, 964, t2=t1+(0, 7)) & (964, 147, 745, t3=t2+(0, 5)) -> (745, 147, 964, t4=t3+(1, 4))	3	8
(1668, 138, 1762, t1) & (1148, 177, 2292, t2=t1+(0, 6)) & (1148, 40, 1762, t3=t2+(0, 5)) -> (1668, 40, 1148, t4=t3+(1, 4))	3	9
(4450, 129, 1165, t1) & (4294, 133, 3997, t2=t1+(0, 5)) & (4450, 194, 4294, t3=t2+(0, 7)) -> (4294, 129, 4294, t4=t3+(1, 1))	3	10
(2074, 151, 1204, t1) & (4674, 61, 1304, t2=t1+(0, 4)) & (4674, 117, 1204, t3=t2+(0, 7)) -> (2074, 117, 1204, t4=t3+(1, 9))	3	11
(865, 129, 825, t1) & (2655, 61, 677, t2=t1+(0, 5)) & (865, 32, 677, t3=t2+(0, 5)) -> (865, 129, 2655, t4=t3+(1, 6))	3	12
(4000, 192, 1730, t1) & (4868, 177, 1637, t2=t1+(0, 6)) & (4000, 31, 4868, t3=t2+(0, 5)) -> (4000, 177, 1730, t4=t3+(1, 4))	3	13
(1792, 184, 2957, t1) & (1766, 173, 1551, t2=t1+(0, 1)) & (2957, 144, 1551, t3=t2+(0, 5)) -> (1551, 184, 2957, t4=t3+(1, 4))	3	14
(2868, 177, 1792, t1) & (315, 147, 2277, t2=t1+(0, 3)) & (315, 78, 2868, t3=t2+(0, 6)) -> (2868, 78, 315, t4=t3+(1, 12))	3	15
(4794, 147, 2243, t1) & (1747, 199, 4333, t2=t1+(0, 6)) & (4794, 83, 4333, t3=t2+(0, 6)) -> (4333, 147, 4794, t4=t3+(1, 6))	3	16
(2570, 82, 454, t1) & (1199, 78, 3897, t2=t1+(0, 5)) & (454, 8, 1199, t3=t2+(0, 7)) -> (454, 78, 454, t4=t3+(1, 8))	3	17
(4479, 78, 4853, t1) & (402, 120, 2471, t2=t1+(0, 4)) & (2471, 145, 4479, t3=t2+(0, 1)) -> (4479, 78, 402, t4=t3+(1, 8))	3	18
(3418, 110, 2421, t1) & (69, 153, 4965, t2=t1+(0, 5)) & (2421, 164, 4965, t3=t2+(0, 7)) -> (2421, 164, 69, t4=t3+(1, 7))	3	19
(4780, 37, 988, t1) & (4819, 163, 4409, t2=t1+(0, 2)) & (4409, 27, 988, t3=t2+(0, 6)) -> (4409, 37, 988, t4=t3+(1, 4))	3	20
(1769, 191, 3527, t1) & (1434, 59, 877, t2=t1+(0, 7)) & (3527, 20, 1434, t3=t2+(0, 7)) -> (3527, 191, 1434, t4=t3+(1, 4))	3	21
(2946, 60, 97, t1) & (1086, 132, 3701, t2=t1+(0, 4)) & (1086, 182, 2946, t3=t2+(0, 2)) -> (1086, 182, 1086, t4=t3+(1, 7))	3	22
(2949, 130, 2442, t1) & (3481, 45, 391, t2=t1+(0, 7)) & (391, 96, 2949, t3=t2+(0, 8)) -> (391, 96, 391, t4=t3+(1, 3))	3	23
(4482, 193, 1668, t1) & (1213, 0, 862, t2=t1+(0, 1)) & (1213, 95, 1668, t3=t2+(0, 4)) -> (1668, 0, 1213, t4=t3+(1, 10))	3	24
(3007, 183, 549, t1) & (3503, 157, 2591, t2=t1+(0, 2)) & (549, 46, 3503, t3=t2+(0, 3)) -> (2591, 157, 549, t4=t3+(1, 8))	3	25
(2233, 105, 4700, t1) & (3184, 11, 101, t2=t1+(0, 4)) & (101, 166, 2233, t3=t2+(0, 4)) -> (101, 166, 4700, t4=t3+(1, 4))	3	26
(3000, 122, 4345, t1) & (4215, 158, 4283, t2=t1+(0, 8)) & (3000, 177, 4283, t3=t2+(0, 5)) -> (4215, 177, 3000, t4=t3+(1, 3))	3	27
(1488, 0, 4556, t1) & (387, 145, 3994, t2=t1+(0, 5)) & (3994, 42, 1488, t3=t2+(0, 5)) -> (3994, 145, 1488, t4=t3+(1, 5))	3	28
(1128, 58, 3590, t1) & (3464, 192, 907, t2=t1+(0, 4)) & (907, 13, 1128, t3=t2+(0, 2)) -> (3590, 58, 907, t4=t3+(1, 2))	3	29
(2699, 18, 3133, t1) & (1724, 29, 3060, t2=t1+(0, 2)) & (1724, 166, 3133, t3=t2+(0, 7)) -> (1724, 18, 3133, t4=t3+(1, 4))	3	30
(63, 193, 3955, t1) & (2697, 137, 4478, t2=t1+(0, 6)) & (3955, 50, 2697, t3=t2+(0, 4)) -> (3955, 137, 2697, t4=t3+(1, 8))	3	31
(1355, 78, 1688, t1) & (4636, 131, 3229, t2=t1+(0, 5)) & (4636, 95, 1688, t3=t2+(0, 4)) -> (4636, 131, 1355, t4=t3+(1, 2))	3	32
(216, 78, 4295, t1) & (2017, 31, 4028, t2=t1+(0, 2)) & (4295, 16, 4028, t3=t2+(0, 4)) -> (2017, 16, 4028, t4=t3+(1, 1))	3	33
(1782, 119, 2944, t1) & (3063, 42, 4836, t2=t1+(0, 8)) & (3063, 75, 1782, t3=t2+(0, 2)) -> (4836, 75, 4836, t4=t3+(1, 8))	3	34
(1800, 70, 4188, t1) & (882, 67, 2638, t2=t1+(0, 8)) & (1800, 187, 2638, t3=t2+(0, 7)) -> (2638, 67, 1800, t4=t3+(1, 6))	3	35
(873, 44, 417, t1) & (108, 144, 3722, t2=t1+(0, 7)) & (873, 64, 3722, t3=t2+(0, 3)) -> (3722, 44, 873, t4=t3+(1, 3))	3	36
(1428, 76, 2262, t1) & (138, 182, 3958, t2=t1+(0, 6)) & (2262, 105, 3958, t3=t2+(0, 3)) -> (2262, 105, 2262, t4=t3+(1, 11))	3	37
(95, 42, 904, t1) & (2174, 128, 1890, t2=t1+(0, 4)) & (1890, 142, 95, t3=t2+(0, 2)) -> (1890, 142, 1890, t4=t3+(1, 4))	3	38
(3838, 198, 3440, t1) & (2068, 6, 3026, t2=t1+(0, 3)) & (3026, 121, 3838, t3=t2+(0, 7)) -> (3838, 198, 3026, t4=t3+(1, 5))	3	39
(2325, 60, 3219, t1) & (3349, 37, 2427, t2=t1+(0, 7)) & (3219, 136, 2427, t3=t2+(0, 4)) -> (2427, 136, 3219, t4=t3+(1, 6))	3	40
(814, 183, 4061, t1) & (4048, 85, 414, t2=t1+(0, 5)) & (814, 126, 414, t3=t2+(0, 6)) -> (414, 85, 414, t4=t3+(1, 5))	3	41
(3574, 183, 699, t1) & (1024, 40, 881, t2=t1+(0, 10)) & (1024, 139, 3574, t3=t2+(0, 5)) -> (1024, 139, 1024, t4=t3+(1, 4))	3	42
(3472, 58, 3050, t1) & (3244, 155, 4032, t2=t1+(0, 6)) & (3472, 46, 3244, t3=t2+(0, 8)) -> (4032, 46, 3244, t4=t3+(1, 3))	3	43
(2305, 62, 484, t1) & (2570, 153, 1913, t2=t1+(0, 6)) & (2305, 74, 2570, t3=t2+(0, 4)) -> (2570, 153, 2570, t4=t3+(1, 6))	3	44
(4607, 58, 2914, t1) & (3999, 95, 2476, t2=t1+(0, 7)) & (4607, 49, 3999, t3=t2+(0, 2)) -> (2476, 58, 2476, t4=t3+(1, 1))	3	45
(3458, 101, 794, t1) & (361, 120, 635, t2=t1+(0, 12)) & (3458, 128, 635, t3=t2+(0, 2)) -> (635, 120, 635, t4=t3+(1, 5))	3	46
(3243, 119, 3353, t1) & (2835, 151, 4239, t2=t1+(0, 5)) & (4239, 182, 3353, t3=t2+(0, 2)) -> (3243, 119, 3353, t4=t3+(1, 2))	3	47
(4999, 83, 3818, t1) & (4059, 40, 140, t2=t1+(0, 6)) & (140, 37, 3818, t3=t2+(0, 3)) -> (3818, 37, 3818, t4=t3+(1, 4))	3	48
(4479, 138, 2442, t1) & (3430, 50, 3566, t2=t1+(0, 4)) & (3566, 125, 4479, t3=t2+(0, 4)) -> (4479, 125, 3566, t4=t3+(1, 7))	3	49
(1763, 144, 2291, t1) & (1176, 197, 2951, t2=t1+(0, 3)) & (2291, 76, 2951, t3=t2+(0, 6)) -> (1176, 197, 2291, t4=t3+(1, 4))	3	50
(639, 37, 2066, t1) & (3272, 95, 3069, t2=t1+(0, 4)) & (3272, 120, 639, t3=t2+(0, 4)) -> (3069, 37, 2066, t4=t3+(1, 9))	3	51
(3230, 111, 3492, t1) & (2751, 173, 4813, t2=t1+(0, 4)) & (3230, 197, 2751, t3=t2+(0, 3)) -> (3230, 111, 2751, t4=t3+(1, 4))	3	52
(2396, 182, 503, t1) & (3202, 139, 3058, t2=t1+(0, 5)) & (503, 75, 3202, t3=t2+(0, 12)) -> (3202, 75, 2396, t4=t3+(1, 3))	3	53
(281, 130, 3003, t1) & (267, 101, 76, t2=t1+(0, 10)) & (267, 11, 281, t3=t2+(0, 3)) -> (267, 130, 3003, t4=t3+(1, 1))	3	54
(3020, 83, 4773, t1) & (1640, 16, 1136, t2=t1+(0, 3)) & (3020, 194, 1640, t3=t2+(0, 8)) -> (3020, 16, 1136, t4=t3+(1, 2))	3	55
(695, 146, 4295, t1) & (4385, 119, 3262, t2=t1+(0, 10)) & (695, 110, 4385, t3=t2+(0, 6)) -> (4385, 146, 695, t4=t3+(1, 2))	3	56
(2285, 129, 2934, t1) & (3789, 133, 403, t2=t1+(0, 5)) & (2934, 146, 403, t3=t2+(0, 10)) -> (403, 129, 2285, t4=t3+(1, 6))	3	57
(2289, 154, 830, t1) & (2237, 196, 2401, t2=t1+(0, 2)) & (2237, 29, 830, t3=t2+(0, 6)) -> (830, 29, 2289, t4=t3+(1, 2))	3	58
(1752, 49, 4461, t1) & (1887, 6, 1554, t2=t1+(0, 5)) & (1887, 95, 1752, t3=t2+(0, 3)) -> (1752, 95, 1752, t4=t3+(1, 11))	3	59
(30, 29, 3055, t1) & (3188, 32, 3395, t2=t1+(0, 3)) & (3188, 192, 3055, t3=t2+(0, 10)) -> (3188, 29, 3395, t4=t3+(1, 2))	3	60
(1127, 101, 4997, t1) & (4000, 40, 1443, t2=t1+(0, 8)) & (1127, 83, 4000, t3=t2+(0, 7)) -> (4997, 83, 1127, t4=t3+(1, 8))	3	61
(798, 32, 3425, t1) & (2989, 9, 2487, t2=t1+(0, 4)) & (3425, 70, 2989, t3=t2+(0, 2)) -> (3425, 32, 798, t4=t3+(1, 7))	3	62
(4886, 76, 2964, t1) & (1016, 60, 700, t2=t1+(0, 9)) & (1016, 13, 2964, t3=t2+(0, 7)) -> (2964, 60, 700, t4=t3+(1, 5))	3	63
(2232, 61, 4218, t1) & (1711, 1, 4926, t2=t1+(0, 6)) & (4218, 162, 4926, t3=t2+(0, 6)) -> (4926, 61, 4926, t4=t3+(1, 4))	3	64
(3945, 0, 447, t1) & (2020, 87, 2106, t2=t1+(0, 4)) & (447, 51, 2106, t3=t2+(0, 7)) -> (447, 0, 3945, t4=t3+(1, 8))	3	65
(2874, 147, 2621, t1) & (3771, 166, 503, t2=t1+(0, 5)) & (2874, 139, 503, t3=t2+(0, 2)) -> (2874, 139, 2874, t4=t3+(1, 5))	3	66
(59, 146, 4445, t1) & (183, 173, 258, t2=t1+(0, 7)) & (183, 146, 59, t3=t2+(0, 1)) -> (258, 146, 258, t4=t3+(1, 3))	3	67
(515, 162, 2147, t1) & (4206, 7, 3167, t2=t1+(0, 2)) & (4206, 4, 2147, t3=t2+(0, 4)) -> (4206, 162, 4206, t4=t3+(1, 3))	3	68
(1383, 32, 4122, t1) & (1219, 95, 3190, t2=t1+(0, 4)) & (1219, 162, 1383, t3=t2+(0, 1)) -> (1219, 95, 1219, t4=t3+(1, 4))	3	69
(4981, 64, 4400, t1) & (4079, 16, 3162, t2=t1+(0, 6)) & (3162, 142, 4400, t3=t2+(0, 2)) -> (4981, 16, 4400, t4=t3+(1, 7))	3	70
(1208, 33, 1236, t1) & (3380, 139, 496, t2=t1+(0, 6)) & (1208, 182, 3380, t3=t2+(0, 4)) -> (3380, 33, 3380, t4=t3+(1, 5))	3	71
(383, 4, 647, t1) & (114, 33, 2104, t2=t1+(0, 7)) & (114, 162, 647, t3=t2+(0, 8)) -> (2104, 162, 114, t4=t3+(1, 2))	3	72
(4810, 162, 3952, t1) & (3857, 133, 2982, t2=t1+(0, 10)) & (3857, 194, 4810, t3=t2+(0, 5)) -> (4810, 162, 3857, t4=t3+(1, 6))	3	73
(341, 173, 1961, t1) & (4643, 56, 4585, t2=t1+(0, 3)) & (4585, 69, 341, t3=t2+(0, 2)) -> (1961, 56, 341, t4=t3+(1, 1))	3	74
(4389, 119, 1302, t1) & (742, 95, 789, t2=t1+(0, 4)) & (789, 74, 1302, t3=t2+(0, 3)) -> (1302, 74, 1302, t4=t3+(1, 11))	3	75
(3054, 147, 1769, t1) & (2074, 24, 2471, t2=t1+(0, 5)) & (1769, 159, 2471, t3=t2+(0, 7)) -> (3054, 147, 2471, t4=t3+(1, 3))	3	76
(86, 173, 1710, t1) & (884, 144, 1959, t2=t1+(0, 8)) & (86, 4, 1959, t3=t2+(0, 7)) -> (1959, 4, 1959, t4=t3+(1, 3))	3	77
(3214, 191, 1526, t1) & (2776, 199, 505, t2=t1+(0, 8)) & (3214, 145, 505, t3=t2+(0, 5)) -> (3214, 145, 505, t4=t3+(1, 3))	3	78
(4535, 78, 1406, t1) & (82, 174, 3523, t2=t1+(0, 2)) & (82, 13, 1406, t3=t2+(0, 3)) -> (4535, 78, 1406, t4=t3+(1, 4))	3	79
(4384, 147, 3148, t1) & (2901, 126, 3114, t2=t1+(0, 7)) & (3114, 129, 3148, t3=t2+(0, 5)) -> (2901, 147, 3114, t4=t3+(1, 1))	3	80
(4870, 83, 3273, t1) & (3829, 145, 3543, t2=t1+(0, 5)) & (3273, 166, 3543, t3=t2+(0, 1)) -> (3273, 166, 3543, t4=t3+(1, 6))	3	81
(865, 164, 490, t1) & (1672, 33, 2129, t2=t1+(0, 2)) & (865, 166, 2129, t3=t2+(0, 6)) -> (865, 33, 2129, t4=t3+(1, 5))	3	82
(4755, 145, 4926, t1) & (2913, 9, 68, t2=t1+(0, 3)) & (2913, 191, 4755, t3=t2+(0, 5)) -> (2913, 145, 2913, t4=t3+(1, 4))	3	83
(1561, 25, 4490, t1) & (3082, 75, 4934, t2=t1+(0, 3)) & (3082, 33, 4490, t3=t2+(0, 2)) -> (3082, 25, 3082, t4=t3+(1, 7))	3	84
(4076, 0, 1462, t1) & (749, 173, 4957, t2=t1+(0, 1)) & (749, 64, 4076, t3=t2+(0, 2)) -> (4957, 173, 4076, t4=t3+(1, 4))	3	85
(3279, 41, 1337, t1) & (4014, 40, 3311, t2=t1+(0, 6)) & (3311, 78, 3279, t3=t2+(0, 6)) -> (3311, 41, 1337, t4=t3+(1, 5))	3	86
(3449, 151, 750, t1) & (1241, 58, 518, t2=t1+(0, 5)) & (750, 188, 518, t3=t2+(0, 5)) -> (750, 58, 750, t4=t3+(1, 9))	3	87
(2487, 173, 491, t1) & (2724, 164, 3640, t2=t1+(0, 6)) & (491, 177, 3640, t3=t2+(0, 2)) -> (3640, 173, 2724, t4=t3+(1, 4))	3	88
(4555, 13, 2777, t1) & (548, 162, 68, t2=t1+(0, 5)) & (4555, 120, 68, t3=t2+(0, 6)) -> (548, 13, 548, t4=t3+(1, 3))	3	89
(304, 146, 1451, t1) & (1163, 111, 860, t2=t1+(0, 5)) & (1451, 90, 860, t3=t2+(0, 7)) -> (860, 90, 1451, t4=t3+(1, 6))	3	90
(3891, 183, 3295, t1) & (981, 78, 3245, t2=t1+(0, 5)) & (981, 144, 3295, t3=t2+(0, 1)) -> (3891, 183, 3295, t4=t3+(1, 5))	3	91
(3508, 37, 3160, t1) & (2346, 13, 2631, t2=t1+(0, 5)) & (3160, 50, 2346, t3=t2+(0, 4)) -> (3508, 13, 3508, t4=t3+(1, 6))	3	92
(971, 166, 2586, t1) & (4188, 77, 3173, t2=t1+(0, 5)) & (3173, 47, 2586, t3=t2+(0, 11)) -> (971, 77, 4188, t4=t3+(1, 7))	3	93
(1596, 78, 1048, t1) & (2460, 76, 454, t2=t1+(0, 7)) & (2460, 101, 1596, t3=t2+(0, 10)) -> (2460, 76, 2460, t4=t3+(1, 5))	3	94
(4175, 100, 884, t1) & (821, 136, 2486, t2=t1+(0, 4)) & (821, 32, 4175, t3=t2+(0, 8)) -> (4175, 32, 821, t4=t3+(1, 3))	3	95
(633, 166, 1476, t1) & (2533, 95, 4137, t2=t1+(0, 1)) & (1476, 119, 4137, t3=t2+(0, 3)) -> (4137, 95, 633, t4=t3+(1, 6))	3	96
(3562, 159, 4852, t1) & (464, 198, 202, t2=t1+(0, 3)) & (202, 33, 4852, t3=t2+(0, 7)) -> (4852, 159, 202, t4=t3+(1, 2))	3	97
(610, 36, 2390, t1) & (1257, 120, 4839, t2=t1+(0, 7)) & (4839, 169, 2390, t3=t2+(0, 9)) -> (2390, 36, 2390, t4=t3+(1, 3))	3	98
(1029, 40, 867, t1) & (923, 172, 65, t2=t1+(0, 10)) & (923, 40, 867, t3=t2+(0, 8)) -> (867, 172, 1029, t4=t3+(1, 5))	3	99
(1321, 122, 2333, t1) & (377, 140, 1321, t2=t1+(0, 6)) -> (2333, 122, 377, t3=t2+(1, 4))	2	100
(1807, 136, 642, t1) & (1807, 32, 2475, t2=t1+(0, 6)) -> (1807, 32, 2475, t3=t2+(1, 2))	2	101
(4113, 46, 3881, t1) & (1318, 110, 4113, t2=t1+(0, 5)) -> (4113, 110, 3881, t3=t2+(1, 5))	2	102
(480, 168, 881, t1) & (246, 84, 881, t2=t1+(0, 6)) -> (480, 168, 881, t3=t2+(1, 5))	2	103
(2656, 28, 4107, t1) & (2656, 157, 4651, t2=t1+(0, 1)) -> (2656, 28, 2656, t3=t2+(1, 7))	2	104
(2382, 32, 63, t1) & (63, 168, 1135, t2=t1+(0, 4)) -> (63, 32, 63, t3=t2+(1, 4))	2	105
(1409, 187, 662, t1) & (662, 199, 2846, t2=t1+(0, 7)) -> (2846, 187, 1409, t3=t2+(1, 3))	2	106
(2984, 154, 1741, t1) & (1850, 136, 1741, t2=t1+(0, 8)) -> (1741, 154, 2984, t3=t2+(1, 4))	2	107
(4341, 120, 525, t1) & (4341, 40, 850, t2=t1+(0, 3)) -> (850, 40, 850, t3=t2+(1, 4))	2	108
(2460, 32, 1630, t1) & (2460, 58, 2888, t2=t1+(0, 5)) -> (2460, 32, 2460, t3=t2+(1, 4))	2	109
(864, 39, 1243, t1) & (864, 166, 4193, t2=t1+(0, 9)) -> (864, 166, 864, t3=t2+(1, 3))	2	110
(84, 83, 2524, t1) & (2524, 71, 4036, t2=t1+(0, 7)) -> (2524, 83, 4036, t3=t2+(1, 4))	2	111
(2284, 130, 808, t1) & (808, 59, 1620, t2=t1+(0, 5)) -> (1620, 59, 2284, t3=t2+(1, 5))	2	112
(660, 58, 121, t1) & (660, 136, 4350, t2=t1+(0, 4)) -> (660, 58, 660, t3=t2+(1, 6))	2	113
(4894, 33, 371, t1) & (4894, 123, 371, t2=t1+(0, 6)) -> (371, 33, 371, t3=t2+(1, 7))	2	114
(1864, 29, 165, t1) & (1864, 12, 1864, t2=t1+(0, 5)) -> (1864, 12, 1864, t3=t2+(1, 4))	2	115
(1180, 114, 2576, t1) & (1948, 110, 1180, t2=t1+(0, 4)) -> (1948, 114, 1948, t3=t2+(1, 5))	2	116
(3761, 146, 4509, t1) & (4509, 78, 1878, t2=t1+(0, 8)) -> (1878, 146, 1878, t3=t2+(1, 5))	2	117
(2156, 119, 3449, t1) & (3449, 194, 3449, t2=t1+(0, 5)) -> (3449, 194, 3449, t3=t2+(1, 3))	2	118
(2148, 182, 3574, t1) & (3574, 46, 3574, t2=t1+(0, 4)) -> (3574, 182, 3574, t3=t2+(1, 2))	2	119
(1285, 78, 67, t1) & (67, 58, 180, t2=t1+(0, 4)) -> (67, 78, 67, t3=t2+(1, 3))	2	120
(4025, 53, 4906, t1) & (4906, 146, 3319, t2=t1+(0, 9)) -> (4025, 146, 4906, t3=t2+(1, 7))	2	121
(4837, 136, 1530, t1) & (4837, 45, 1530, t2=t1+(0, 9)) -> (4837, 136, 1530, t3=t2+(1, 5))	2	122
(4618, 124, 4638, t1) & (4618, 71, 2276, t2=t1+(0, 4)) -> (4638, 71, 4638, t3=t2+(1, 2))	2	123
(1630, 33, 2696, t1) & (2501, 41, 2696, t2=t1+(0, 6)) -> (2696, 33, 2501, t3=t2+(1, 3))	2	124
(4168, 33, 45, t1) & (45, 125, 4168, t2=t1+(0, 4)) -> (45, 33, 45, t3=t2+(1, 3))	2	125
(380, 197, 1063, t1) & (457, 69, 1063, t2=t1+(0, 0)) -> (457, 197, 457, t3=t2+(1, 5))	2	126
(4997, 33, 4164, t1) & (4164, 46, 4501, t2=t1+(0, 4)) -> (4164, 33, 4997, t3=t2+(1, 5))	2	127
(2881, 69, 179, t1) & (2881, 123, 179, t2=t1+(0, 8)) -> (179, 69, 179, t3=t2+(1, 4))	2	128
(4699, 48, 4856, t1) & (4699, 32, 1282, t2=t1+(0, 4)) -> (4856, 32, 4699, t3=t2+(1, 6))	2	129
(2238, 35, 206, t1) & (2238, 75, 2238, t2=t1+(0, 4)) -> (2238, 75, 2238, t3=t2+(1, 4))	2	130
(1351, 152, 1008, t1) & (286, 47, 1351, t2=t1+(0, 5)) -> (1351, 47, 286, t3=t2+(1, 4))	2	131
(766, 130, 3059, t1) & (766, 60, 766, t2=t1+(0, 7)) -> (766, 130, 766, t3=t2+(1, 4))	2	132
(4246, 0, 1703, t1) & (4246, 59, 154, t2=t1+(0, 4)) -> (4246, 59, 4246, t3=t2+(1, 4))	2	133
(3514, 163, 1079, t1) & (1079, 154, 1883, t2=t1+(0, 6)) -> (1883, 163, 1883, t3=t2+(1, 2))	2	134
(334, 157, 2297, t1) & (2297, 50, 334, t2=t1+(0, 8)) -> (334, 157, 2297, t3=t2+(1, 3))	2	135
(1580, 114, 3326, t1) & (45, 4, 3326, t2=t1+(0, 8)) -> (3326, 4, 1580, t3=t2+(1, 3))	2	136
(1984, 197, 943, t1) & (1984, 2, 2016, t2=t1+(0, 4)) -> (943, 2, 1984, t3=t2+(1, 3))	2	137
(4293, 8, 1730, t1) & (4117, 105, 1730, t2=t1+(0, 4)) -> (1730, 105, 4293, t3=t2+(1, 8))	2	138
(3735, 169, 4837, t1) & (4837, 21, 1764, t2=t1+(0, 6)) -> (3735, 169, 3735, t3=t2+(1, 8))	2	139
(3684, 50, 888, t1) & (3684, 144, 2169, t2=t1+(0, 4)) -> (3684, 144, 2169, t3=t2+(1, 3))	2	140
(3724, 132, 3952, t1) & (2633, 105, 3724, t2=t1+(0, 2)) -> (3724, 105, 2633, t3=t2+(1, 5))	2	141
(2554, 68, 1138, t1) & (2685, 42, 2554, t2=t1+(0, 6)) -> (1138, 42, 2554, t3=t2+(1, 9))	2	142
(1517, 42, 1181, t1) & (1517, 55, 1181, t2=t1+(0, 5)) -> (1517, 42, 1517, t3=t2+(1, 4))	2	143
(355, 45, 1218, t1) & (1218, 145, 1081, t2=t1+(0, 5)) -> (1218, 145, 1218, t3=t2+(1, 7))	2	144
(2035, 64, 590, t1) & (590, 22, 590, t2=t1+(0, 8)) -> (2035, 22, 2035, t3=t2+(1, 3))	2	145
(2835, 32, 1016, t1) & (2835, 194, 1016, t2=t1+(0, 5)) -> (2835, 194, 2835, t3=t2+(1, 1))	2	146
(1142, 71, 411, t1) & (1142, 133, 1142, t2=t1+(0, 6)) -> (411, 133, 411, t3=t2+(1, 2))	2	147
(1723, 85, 3384, t1) & (1723, 162, 3196, t2=t1+(0, 5)) -> (1723, 85, 1723, t3=t2+(1, 6))	2	148
(4514, 184, 4862, t1) & (4862, 122, 4514, t2=t1+(0, 3)) -> (4514, 184, 4862, t3=t2+(1, 4))	2	149
(1001, 152, 1344, t1) & (1989, 177, 1001, t2=t1+(0, 4)) -> (1001, 177, 1989, t3=t2+(1, 6))	2	150
(1750, 0, 4119, t1) & (4119, 57, 4419, t2=t1+(0, 4)) -> (4119, 0, 1750, t3=t2+(1, 6))	2	151
(3444, 129, 840, t1) & (2783, 7, 840, t2=t1+(0, 9)) -> (840, 129, 840, t3=t2+(1, 4))	2	152
(1033, 163, 517, t1) & (1001, 190, 1033, t2=t1+(0, 4)) -> (1033, 190, 1033, t3=t2+(1, 4))	2	153
(1367, 70, 4672, t1) & (1367, 93, 1367, t2=t1+(0, 1)) -> (1367, 70, 4672, t3=t2+(1, 5))	2	154
(3973, 109, 3706, t1) & (3973, 124, 3706, t2=t1+(0, 7)) -> (3973, 109, 3706, t3=t2+(1, 7))	2	155
(2015, 32, 2616, t1) & (4890, 74, 2015, t2=t1+(0, 1)) -> (2015, 32, 2015, t3=t2+(1, 5))	2	156
(3337, 32, 2373, t1) & (1722, 93, 2373, t2=t1+(0, 1)) -> (1722, 32, 3337, t3=t2+(1, 6))	2	157
(3496, 76, 2644, t1) & (3496, 150, 2644, t2=t1+(0, 1)) -> (2644, 76, 2644, t3=t2+(1, 4))	2	158
(4447, 33, 3388, t1) & (240, 183, 3388, t2=t1+(0, 5)) -> (3388, 33, 4447, t3=t2+(1, 7))	2	159
(1212, 62, 400, t1) & (1212, 12, 1547, t2=t1+(0, 4)) -> (400, 62, 1212, t3=t2+(1, 4))	2	160
(4575, 75, 278, t1) & (4543, 39, 278, t2=t1+(0, 2)) -> (4543, 39, 278, t3=t2+(1, 4))	2	161
(1538, 120, 1472, t1) & (3086, 187, 1538, t2=t1+(0, 7)) -> (1538, 120, 3086, t3=t2+(1, 5))	2	162
(1287, 48, 3164, t1) & (1287, 100, 2419, t2=t1+(0, 8)) -> (1287, 100, 2419, t3=t2+(1, 8))	2	163
(3219, 110, 4697, t1) & (4272, 173, 3219, t2=t1+(0, 7)) -> (3219, 110, 3219, t3=t2+(1, 3))	2	164
(1608, 71, 450, t1) & (450, 164, 1608, t2=t1+(0, 6)) -> (450, 71, 1608, t3=t2+(1, 2))	2	165
(228, 174, 2745, t1) & (2745, 33, 3239, t2=t1+(0, 3)) -> (2745, 33, 228, t3=t2+(1, 5))	2	166
(2553, 18, 3803, t1) & (3803, 83, 4543, t2=t1+(0, 7)) -> (4543, 83, 3803, t3=t2+(1, 4))	2	167
(2934, 182, 2753, t1) & (2934, 122, 3063, t2=t1+(0, 3)) -> (2934, 122, 2753, t3=t2+(1, 9))	2	168
(2767, 37, 4846, t1) & (4846, 177, 2767, t2=t1+(0, 3)) -> (4846, 177, 4846, t3=t2+(1, 2))	2	169
(1946, 45, 1670, t1) & (1670, 36, 1670, t2=t1+(0, 4)) -> (1670, 45, 1670, t3=t2+(1, 4))	2	170
(4136, 31, 4552, t1) & (4552, 151, 688, t2=t1+(0, 3)) -> (688, 151, 688, t3=t2+(1, 4))	2	171
(889, 42, 3129, t1) & (556, 119, 889, t2=t1+(0, 9)) -> (556, 119, 889, t3=t2+(1, 2))	2	172
(2736, 83, 3438, t1) & (3438, 33, 3438, t2=t1+(0, 4)) -> (3438, 33, 3438, t3=t2+(1, 6))	2	173
(4092, 145, 825, t1) & (825, 46, 3619, t2=t1+(0, 2)) -> (825, 46, 4092, t3=t2+(1, 7))	2	174
(2751, 32, 2910, t1) & (2910, 192, 3281, t2=t1+(0, 1)) -> (2910, 32, 3281, t3=t2+(1, 5))	2	175
(3201, 123, 530, t1) & (530, 138, 3201, t2=t1+(0, 6)) -> (530, 138, 3201, t3=t2+(1, 2))	2	176
(3004, 58, 2437, t1) & (573, 174, 2437, t2=t1+(0, 2)) -> (2437, 58, 3004, t3=t2+(1, 6))	2	177
(68, 164, 1681, t1) & (142, 79, 1681, t2=t1+(0, 11)) -> (68, 164, 68, t3=t2+(1, 3))	2	178
(2363, 48, 11, t1) & (968, 22, 11, t2=t1+(0, 6)) -> (2363, 22, 968, t3=t2+(1, 6))	2	179
(1076, 58, 118, t1) & (118, 12, 748, t2=t1+(0, 6)) -> (1076, 12, 118, t3=t2+(1, 4))	2	180
(4661, 174, 248, t1) & (4360, 30, 248, t2=t1+(0, 2)) -> (248, 30, 4661, t3=t2+(1, 5))	2	181
(1485, 133, 3954, t1) & (3954, 41, 1485, t2=t1+(0, 6)) -> (1485, 133, 3954, t3=t2+(1, 5))	2	182
(2880, 154, 1576, t1) & (2880, 151, 1576, t2=t1+(0, 4)) -> (2880, 151, 2880, t3=t2+(1, 5))	2	183
(1449, 33, 3693, t1) & (1449, 33, 1449, t2=t1+(0, 5)) -> (1449, 33, 1449, t3=t2+(1, 3))	2	184
(2474, 59, 4422, t1) & (2474, 95, 890, t2=t1+(0, 4)) -> (4422, 59, 2474, t3=t2+(1, 2))	2	185
(4329, 183, 1509, t1) & (1953, 123, 1509, t2=t1+(0, 4)) -> (4329, 183, 1953, t3=t2+(1, 4))	2	186
(3639, 117, 1885, t1) & (1885, 132, 2148, t2=t1+(0, 2)) -> (2148, 117, 2148, t3=t2+(1, 5))	2	187
(74, 170, 884, t1) & (199, 198, 74, t2=t1+(0, 4)) -> (74, 170, 74, t3=t2+(1, 7))	2	188
(4411, 145, 1017, t1) & (4411, 50, 3869, t2=t1+(0, 9)) -> (3869, 50, 4411, t3=t2+(1, 1))	2	189
(2821, 158, 1346, t1) & (3884, 145, 2821, t2=t1+(0, 2)) -> (2821, 145, 3884, t3=t2+(1, 8))	2	190
(2320, 40, 2239, t1) & (4403, 89, 2320, t2=t1+(0, 3)) -> (4403, 40, 4403, t3=t2+(1, 6))	2	191
(1469, 114, 513, t1) & (1469, 33, 841, t2=t1+(0, 9)) -> (513, 33, 513, t3=t2+(1, 4))	2	192
(975, 154, 2247, t1) & (975, 25, 2247, t2=t1+(0, 10)) -> (975, 25, 2247, t3=t2+(1, 6))	2	193
(3513, 31, 4250, t1) & (4250, 191, 3513, t2=t1+(0, 3)) -> (3513, 191, 4250, t3=t2+(1, 3))	2	194
(2812, 62, 2507, t1) & (2154, 83, 2507, t2=t1+(0, 6)) -> (2812, 62, 2507, t3=t2+(1, 2))	2	195
(385, 6, 4076, t1) & (4076, 166, 4535, t2=t1+(0, 8)) -> (4076, 6, 4076, t3=t2+(1, 8))	2	196
(1221, 147, 3043, t1) & (3043, 95, 1428, t2=t1+(0, 4)) -> (1221, 147, 1221, t3=t2+(1, 3))	2	197
(1209, 120, 2947, t1) & (1209, 197, 1374, t2=t1+(0, 8)) -> (1209, 120, 1209, t3=t2+(1, 8))	2	198
(3487, 158, 4966, t1) & (3487, 33, 354, t2=t1+(0, 6)) -> (4966, 33, 3487, t3=t2+(1, 3))	2	199
(3821, 129, 90, t1) -> (90, 129, 90, t2=t1+(1, 7))	1	200
(391, 29, 2692, t1) -> (2692, 29, 391, t2=t1+(1, 4))	1	201
(1018, 114, 4340, t1) -> (1018, 114, 4340, t2=t1+(1, 7))	1	202
(4115, 174, 2013, t1) -> (2013, 174, 4115, t2=t1+(1, 5))	1	203
(1507, 197, 160, t1) -> (1507, 197, 160, t2=t1+(1, 6))	1	204
(553, 32, 1259, t1) -> (1259, 32, 553, t2=t1+(1, 5))	1	205
(2732, 25, 1601, t1) -> (1601, 25, 2732, t2=t1+(1, 9))	1	206
(4488, 46, 3641, t1) -> (4488, 46, 3641, t2=t1+(1, 7))	1	207
(4344, 37, 3380, t1) -> (3380, 37, 3380, t2=t1+(1, 7))	1	208
(3049, 166, 4076, t1) -> (4076, 166, 4076, t2=t1+(1, 4))	1	209
(1950, 151, 4266, t1) -> (4266, 151, 4266, t2=t1+(1, 6))	1	210
(3358, 82, 1369, t1) -> (1369, 82, 3358, t2=t1+(1, 7))	1	211
(2514, 82, 1009, t1) -> (1009, 82, 2514, t2=t1+(1, 8))	1	212
(3601, 26, 3141, t1) -> (3601, 26, 3601, t2=t1+(1, 9))	1	213
(1041, 175, 3861, t1) -> (1041, 175, 1041, t2=t1+(1, 4))	1	214
(1588, 67, 1560, t1) -> (1560, 67, 1560, t2=t1+(1, 4))	1	215
(2705, 11, 2844, t1) -> (2844, 11, 2844, t2=t1+(1, 2))	1	216
(1883, 39, 937, t1) -> (1883, 39, 937, t2=t1+(1, 5))	1	217
(2709, 24, 1789, t1) -> (1789, 24, 1789, t2=t1+(1, 4))	1	218
(4710, 6, 3743, t1) -> (3743, 6, 3743, t2=t1+(1, 10))	1	219
(2963, 10, 1161, t1) -> (2963, 10, 2963, t2=t1+(1, 3))	1	220
(1430, 132, 4236, t1) -> (1430, 132, 1430, t2=t1+(1, 5))	1	221
(1650, 175, 4926, t1) -> (1650, 175, 1650, t2=t1+(1, 2))	1	222
(4738, 197, 2845, t1) -> (4738, 197, 4738, t2=t1+(1, 3))	1	223
(3164, 120, 2968, t1) -> (2968, 120, 3164, t2=t1+(1, 4))	1	224
(2404, 11, 1697, t1) -> (1697, 11, 1697, t2=t1+(1, 6))	1	225
(582, 166, 4600, t1) -> (582, 166, 4600, t2=t1+(1, 8))	1	226
(3244, 22, 4879, t1) -> (3244, 22, 4879, t2=t1+(1, 8))	1	227
(2293, 114, 512, t1) -> (512, 114, 512, t2=t1+(1, 9))	1	228
(3834, 78, 3697, t1) -> (3697, 78, 3697, t2=t1+(1, 2))	1	229
(2198, 6, 683, t1) -> (2198, 6, 2198, t2=t1+(1, 9))	1	230
(320, 71, 3815, t1) -> (3815, 71, 3815, t2=t1+(1, 6))	1	231
(2408, 100, 1482, t1) -> (1482, 100, 1482, t2=t1+(1, 3))	1	232
(2769, 137, 917, t1) -> (917, 137, 2769, t2=t1+(1, 2))	1	233
(1596, 184, 3022, t1) -> (1596, 184, 1596, t2=t1+(1, 1))	1	234
(3938, 33, 3109, t1) -> (3109, 33, 3109, t2=t1+(1, 9))	1	235
(1484, 177, 4467, t1) -> (4467, 177, 1484, t2=t1+(1, 2))	1	236
(4631, 22, 4502, t1) -> (4631, 22, 4631, t2=t1+(1, 3))	1	237
(1619, 122, 1527, t1) -> (1619, 122, 1527, t2=t1+(1, 4))	1	238
(2787, 146, 712, t1) -> (2787, 146, 712, t2=t1+(1, 3))	1	239
(778, 154, 2555, t1) -> (778, 154, 778, t2=t1+(1, 3))	1	240
(855, 7, 23, t1) -> (855, 7, 23, t2=t1+(1, 6))	1	241
(3234, 13, 3636, t1) -> (3234, 13, 3636, t2=t1+(1, 4))	1	242
(1959, 94, 3073, t1) -> (3073, 94, 3073, t2=t1+(1, 4))	1	243
(136, 157, 4392, t1) -> (136, 157, 136, t2=t1+(1, 10))	1	244
(4080, 199, 1725, t1) -> (1725, 199, 1725, t2=t1+(1, 3))	1	245
(3287, 36, 4399, t1) -> (4399, 36, 3287, t2=t1+(1, 2))	1	246
(2997, 127, 1100, t1) -> (1100, 127, 2997, t2=t1+(1, 2))	1	247
(1025, 52, 1838, t1) -> (1025, 52, 1838, t2=t1+(1, 4))	1	248
(2043, 187, 4881, t1) -> (2043, 187, 2043, t2=t1+(1, 6))	1	249
(1981, 51, 580, t1) -> (1981, 51, 1981, t2=t1+(1, 5))	1	250
(1418, 105, 2449, t1) -> (1418, 105, 1418, t2=t1+(1, 1))	1	251
(66, 78, 736, t1) -> (66, 78, 66, t2=t1+(1, 2))	1	252
(2583, 39, 538, t1) -> (2583, 39, 2583, t2=t1+(1, 5))	1	253
(4821, 75, 4067, t1) -> (4067, 75, 4067, t2=t1+(1, 4))	1	254
(3817, 76, 3628, t1) -> (3628, 76, 3628, t2=t1+(1, 6))	1	255
(1577, 63, 99, t1) -> (1577, 63, 1577, t2=t1+(1, 3))	1	256
(4067, 84, 811, t1) -> (4067, 84, 4067, t2=t1+(1, 7))	1	257
(1815, 69, 4463, t1) -> (1815, 69, 1815, t2=t1+(1, 4))	1	258
(2456, 28, 341, t1) -> (2456, 28, 341, t2=t1+(1, 3))	1	259
(4112, 173, 4706, t1) -> (4706, 173, 4112, t2=t1+(1, 2))	1	260
(1630, 107, 2063, t1) -> (1630, 107, 1630, t2=t1+(1, 7))	1	261
(58, 59, 2924, t1) -> (58, 59, 58, t2=t1+(1, 6))	1	262
(4491, 93, 1167, t1) -> (4491, 93, 4491, t2=t1+(1, 10))	1	263
(4902, 95, 3612, t1) -> (4902, 95, 4902, t2=t1+(1, 5))	1	264
(1191, 83, 727, t1) -> (727, 83, 727, t2=t1+(1, 9))	1	265
(1046, 129, 3016, t1) -> (3016, 129, 3016, t2=t1+(1, 8))	1	266
(588, 41, 1510, t1) -> (1510, 41, 1510, t2=t1+(1, 7))	1	267
(4976, 136, 3478, t1) -> (4976, 136, 4976, t2=t1+(1, 9))	1	268
(4004, 166, 4418, t1) -> (4004, 166, 4418, t2=t1+(1, 5))	1	269
(4093, 141, 4938, t1) -> (4938, 141, 4938, t2=t1+(1, 2))	1	270
(2356, 13, 4536, t1) -> (4536, 13, 4536, t2=t1+(1, 4))	1	271
(2327, 154, 1204, t1) -> (1204, 154, 2327, t2=t1+(1, 6))	1	272
(3475, 8, 1488, t1) -> (3475, 8, 1488, t2=t1+(1, 7))	1	273
(1905, 72, 3482, t1) -> (3482, 72, 1905, t2=t1+(1, 1))	1	274
(4396, 78, 798, t1) -> (798, 78, 798, t2=t1+(1, 4))	1	275
(21, 144, 3971, t1) -> (3971, 144, 21, t2=t1+(1, 6))	1	276
(1672, 72, 2195, t1) -> (1672, 72, 1672, t2=t1+(1, 3))	1	277
(4082, 150, 3594, t1) -> (3594, 150, 4082, t2=t1+(1, 7))	1	278
(3799, 191, 323, t1) -> (3799, 191, 3799, t2=t1+(1, 6))	1	279
(2992, 110, 4503, t1) -> (4503, 110, 2992, t2=t1+(1, 8))	1	280
(1398, 136, 3444, t1) -> (3444, 136, 3444, t2=t1+(1, 5))	1	281
(1061, 40, 1361, t1) -> (1361, 40, 1361, t2=t1+(1, 4))	1	282
(4712, 144, 3001, t1) -> (4712, 144, 4712, t2=t1+(1, 3))	1	283
(2110, 94, 4517, t1) -> (2110, 94, 2110, t2=t1+(1, 6))	1	284
(3186, 13, 1232, t1) -> (1232, 13, 3186, t2=t1+(1, 3))	1	285
(4516, 194, 2042, t1) -> (2042, 194, 4516, t2=t1+(1, 3))	1	286
(4874, 33, 1720, t1) -> (1720, 33, 1720, t2=t1+(1, 4))	1	287
(2872, 169, 4313, t1) -> (2872, 169, 2872, t2=t1+(1, 8))	1	288
(2576, 82, 342, t1) -> (2576, 82, 2576, t2=t1+(1, 5))	1	289
(1538, 111, 4578, t1) -> (1538, 111, 4578, t2=t1+(1, 2))	1	290
(3226, 74, 2014, t1) -> (2014, 74, 2014, t2=t1+(1, 6))	1	291
(4246, 114, 4697, t1) -> (4246, 114, 4246, t2=t1+(1, 4))	1	292
(171, 136, 4777, t1) -> (171, 136, 171, t2=t1+(1, 5))	1	293
(4023, 168, 2630, t1) -> (4023, 168, 2630, t2=t1+(1, 8))	1	294
(2740, 176, 4497, t1) -> (2740, 176, 2740, t2=t1+(1, 2))	1	295
(2868, 136, 760, t1) -> (760, 136, 760, t2=t1+(1, 4))	1	296
(819, 83, 1703, t1) -> (1703, 83, 819, t2=t1+(1, 5))	1	297
(2739, 28, 525, t1) -> (2739, 28, 525, t2=t1+(1, 7))	1	298
(4583, 95, 2066, t1) -> (2066, 95, 2066, t2=t1+(1, 6))	1	299
