(2977, 180, 1288, t1) & (2642, 91, 1909, t2=t1+(0, 3)) & (1909, 15, 1288, t3=t2+(0, 0)) -> (1288, 15, 1909, t4=t3+(1, 3))	3	0
(4198, 25, 3790, t1) & (745, 100, 795, t2=t1+(0, 7)) & (3790, 79, 795, t3=t2+(0, 2)) -> (3790, 79, 4198, t4=t3+(1, 5))	3	1
(455, 45, 2592, t1) & (4739, 181, 1250, t2=t1+(0, 4)) & (1250, 167, 455, t3=t2+(0, 3)) -> (1250, 167, 2592, t4=t3+(1, 3))	3	2
(381, 20, 832, t1) & (1028, 4, 3730, t2=t1+(0, 5)) & (1028, 1, 832, t3=t2+(0, 4)) -> (1028, 20, 3730, t4=t3+(1, 7))	3	3
(2371, 195, 2350, t1) & (4120, 110, 1105, t2=t1+(0, 3)) & (4120, 20, 2371, t3=t2+(0, 4)) -> (1105, 110, 2371, t4=t3+(1, 4))	3	4
(3800, 26, 2241, t1) & (4169, 118, 1745, t2=t1+(0, 6)) & (1745, 78, 2241, t3=t2+(0, 0)) -> (1745, 78, 3800, t4=t3+(1, 5))	3	5
(4501, 174, 4233, t1) & (4305, 183, 3132, t2=t1+(0, 4)) & (4305, 139, 4233, t3=t2+(0, 5)) -> (4233, 183, 4305, t4=t3+(1, 7))	3	6
(2029, 189, 2444, t1) & (1756, 194, 690, t2=t1+(0, 7)) & (2444, 90, 1756, t3=t2+(0, 7)) -> (2444, 194, 1756, t4=t3+(1, 3))	3	7
(1798, 135, 2082, t1) & (3459, 195, 4872, t2=t1+(0, 6)) & (3459, 50, 1798, t3=t2+(0, 7)) -> (1798, 50, 3459, t4=t3+(1, 1))	3	8
(2176, 101, 4122, t1) & (2659, 14, 728, t2=t1+(0, 8)) & (728, 162, 4122, t3=t2+(0, 7)) -> (2176, 162, 2176, t4=t3+(1, 1))	3	9
(2817, 89, 887, t1) & (4932, 33, 3385, t2=t1+(0, 4)) & (4932, 6, 887, t3=t2+(0, 7)) -> (2817, 6, 887, t4=t3+(1, 3))	3	10
(1981, 102, 2928, t1) & (4894, 80, 2151, t2=t1+(0, 8)) & (4894, 81, 2928, t3=t2+(0, 5)) -> (2928, 80, 2151, t4=t3+(1, 8))	3	11
(501, 197, 3676, t1) & (3734, 173, 4384, t2=t1+(0, 7)) & (3676, 175, 4384, t3=t2+(0, 5)) -> (3676, 173, 4384, t4=t3+(1, 3))	3	12
(2776, 97, 4387, t1) & (1043, 121, 620, t2=t1+(0, 8)) & (2776, 74, 620, t3=t2+(0, 4)) -> (4387, 74, 620, t4=t3+(1, 2))	3	13
(155, 154, 657, t1) & (27, 58, 1895, t2=t1+(0, 5)) & (155, 5, 27, t3=t2+(0, 5)) -> (155, 5, 27, t4=t3+(1, 2))	3	14
(3297, 111, 1861, t1) & (4968, 44, 3375, t2=t1+(0, 1)) & (3375, 6, 1861, t3=t2+(0, 6)) -> (3375, 44, 3375, t4=t3+(1, 5))	3	15
(4491, 117, 4842, t1) & (2597, 44, 4940, t2=t1+(0, 7)) & (4842, 10, 2597, t3=t2+(0, 2)) -> (2597, 10, 4491, t4=t3+(1, 5))	3	16
(4788, 124, 4586, t1) & (362, 38, 4147, t2=t1+(0, 6)) & (4788, 76, 4147, t3=t2+(0, 7)) -> (4147, 124, 4147, t4=t3+(1, 5))	3	17
(2145, 69, 3234, t1) & (4652, 121, 4465, t2=t1+(0, 3)) & (2145, 189, 4465, t3=t2+(0, 4)) -> (3234, 189, 2145, t4=t3+(1, 7))	3	18
(4990, 63, 2733, t1) & (2846, 102, 3162, t2=t1+(0, 3)) & (3162, 47, 4990, t3=t2+(0, 6)) -> (4990, 47, 3162, t4=t3+(1, 5))	3	19
(2700, 93, 1486, t1) & (135, 20, 1648, t2=t1+(0, 3)) & (1486, 102, 135, t3=t2+(0, 9)) -> (1486, 102, 1648, t4=t3+(1, 5))	3	20
(2469, 100, 2476, t1) & (3884, 45, 4784, t2=t1+(0, 8)) & (3884, 86, 2469, t3=t2+(0, 6)) -> (3884, 86, 4784, t4=t3+(1, 6))	3	21
(2297, 2, 3793, t1) & (3977, 193, 4408, t2=t1+(0, 6)) & (3793, 136, 4408, t3=t2+(0, 6)) -> (2297, 136, 2297, t4=t3+(1, 6))	3	22
(238, 88, 2155, t1) & (3069, 81, 2370, t2=t1+(0, 2)) & (2155, 167, 2370, t3=t2+(0, 5)) -> (2155, 88, 2155, t4=t3+(1, 10))	3	23
(3968, 163, 115, t1) & (3450, 33, 2159, t2=t1+(0, 4)) & (2159, 107, 115, t3=t2+(0, 8)) -> (115, 33, 3450, t4=t3+(1, 2))	3	24
(1463, 16, 1435, t1) & (3850, 50, 3923, t2=t1+(0, 6)) & (1435, 182, 3923, t3=t2+(0, 7)) -> (1435, 50, 1435, t4=t3+(1, 4))	3	25
(2240, 48, 2686, t1) & (3353, 38, 4342, t2=t1+(0, 4)) & (3353, 127, 2240, t3=t2+(0, 9)) -> (3353, 48, 3353, t4=t3+(1, 3))	3	26
(3859, 119, 4972, t1) & (1612, 50, 145, t2=t1+(0, 1)) & (1612, 41, 4972, t3=t2+(0, 8)) -> (1612, 119, 145, t4=t3+(1, 4))	3	27
(1345, 129, 1006, t1) & (2654, 17, 4375, t2=t1+(0, 5)) & (1006, 151, 4375, t3=t2+(0, 4)) -> (1006, 17, 4375, t4=t3+(1, 2))	3	28
(171, 32, 4500, t1) & (517, 177, 395, t2=t1+(0, 8)) & (395, 3, 4500, t3=t2+(0, 4)) -> (395, 177, 517, t4=t3+(1, 4))	3	29
(483, 104, 476, t1) & (2183, 187, 3609, t2=t1+(0, 4)) & (2183, 180, 476, t3=t2+(0, 8)) -> (476, 104, 2183, t4=t3+(1, 2))	3	30
(2984, 164, 1621, t1) & (3220, 72, 3899, t2=t1+(0, 6)) & (3220, 64, 2984, t3=t2+(0, 2)) -> (3220, 64, 3899, t4=t3+(1, 4))	3	31
(2101, 133, 1156, t1) & (1922, 165, 2383, t2=t1+(0, 3)) & (1156, 191, 2383, t3=t2+(0, 10)) -> (2101, 191, 2383, t4=t3+(1, 4))	3	32
(1675, 151, 1737, t1) & (988, 54, 546, t2=t1+(0, 7)) & (1675, 145, 546, t3=t2+(0, 5)) -> (546, 145, 1675, t4=t3+(1, 1))	3	33
(746, 69, 1558, t1) & (4366, 97, 3956, t2=t1+(0, 0)) & (1558, 0, 4366, t3=t2+(0, 9)) -> (1558, 0, 3956, t4=t3+(1, 6))	3	34
(4686, 160, 4419, t1) & (4340, 113, 4008, t2=t1+(0, 6)) & (4008, 34, 4686, t3=t2+(0, 5)) -> (4686, 34, 4686, t4=t3+(1, 6))	3	35
(2890, 161, 1403, t1) & (4086, 117, 3897, t2=t1+(0, 1)) & (3897, 97, 1403, t3=t2+(0, 4)) -> (3897, 97, 1403, t4=t3+(1, 7))	3	36
(2446, 166, 2591, t1) & (3589, 10, 4181, t2=t1+(0, 6)) & (2446, 29, 3589, t3=t2+(0, 5)) -> (3589, 29, 4181, t4=t3+(1, 7))	3	37
(2543, 143, 3223, t1) & (2843, 141, 1899, t2=t1+(0, 5)) & (2843, 13, 2543, t3=t2+(0, 3)) -> (2843, 13, 2543, t4=t3+(1, 1))	3	38
(2582, 75, 1734, t1) & (148, 69, 1339, t2=t1+(0, 3)) & (1339, 29, 2582, t3=t2+(0, 4)) -> (1339, 29, 2582, t4=t3+(1, 6))	3	39
(768, 182, 1808, t1) & (717, 49, 1615, t2=t1+(0, 8)) & (1808, 91, 1615, t3=t2+(0, 6)) -> (1808, 182, 717, t4=t3+(1, 4))	3	40
(776, 156, 400, t1) & (187, 96, 399, t2=t1+(0, 5)) & (400, 33, 187, t3=t2+(0, 7)) -> (187, 156, 187, t4=t3+(1, 5))	3	41
(4579, 44, 402, t1) & (4974, 197, 857, t2=t1+(0, 5)) & (4579, 61, 857, t3=t2+(0, 5)) -> (402, 197, 4974, t4=t3+(1, 1))	3	42
(1612, 190, 3949, t1) & (1509, 182, 4148, t2=t1+(0, 6)) & (1509, 64, 3949, t3=t2+(0, 9)) -> (1612, 182, 1612, t4=t3+(1, 5))	3	43
(4353, 98, 1601, t1) & (1275, 127, 4376, t2=t1+(0, 3)) & (4376, 145, 4353, t3=t2+(0, 2)) -> (4376, 145, 1275, t4=t3+(1, 1))	3	44
(1980, 129, 2023, t1) & (1039, 119, 4610, t2=t1+(0, 5)) & (2023, 43, 4610, t3=t2+(0, 7)) -> (1980, 119, 1980, t4=t3+(1, 8))	3	45
(634, 179, 4115, t1) & (4555, 101, 2785, t2=t1+(0, 2)) & (4555, 25, 634, t3=t2+(0, 6)) -> (4555, 101, 4555, t4=t3+(1, 3))	3	46
(2228, 102, 3412, t1) & (1209, 169, 2843, t2=t1+(0, 7)) & (2843, 52, 3412, t3=t2+(0, 5)) -> (2228, 169, 3412, t4=t3+(1, 3))	3	47
(4823, 60, 3189, t1) & (1102, 26, 94, t2=t1+(0, 2)) & (94, 62, 3189, t3=t2+(0, 8)) -> (3189, 26, 94, t4=t3+(1, 5))	3	48
(1626, 79, 2692, t1) & (2969, 6, 795, t2=t1+(0, 2)) & (2692, 165, 2969, t3=t2+(0, 3)) -> (2692, 79, 2969, t4=t3+(1, 5))	3	49
(842, 165, 4194, t1) & (4208, 45, 4487, t2=t1+(0, 5)) & (4208, 199, 4194, t3=t2+(0, 6)) -> (4487, 165, 4194, t4=t3+(1, 1))	3	50
(2252, 89, 218, t1) & (947, 187, 3984, t2=t1+(0, 7)) & (2252, 19, 3984, t3=t2+(0, 7)) -> (2252, 187, 2252, t4=t3+(1, 3))	3	51
(4637, 137, 2989, t1) & (4300, 194, 1110, t2=t1+(0, 4)) & (2989, 114, 1110, t3=t2+(0, 8)) -> (1110, 194, 1110, t4=t3+(1, 7))	3	52
(3345, 95, 1771, t1) & (3523, 173, 2818, t2=t1+(0, 6)) & (3345, 121, 2818, t3=t2+(0, 9)) -> (3523, 173, 2818, t4=t3+(1, 3))	3	53
(4942, 108, 3182, t1) & (2820, 54, 159, t2=t1+(0, 6)) & (2820, 135, 4942, t3=t2+(0, 2)) -> (4942, 54, 2820, t4=t3+(1, 4))	3	54
(4048, 64, 3491, t1) & (2120, 60, 28, t2=t1+(0, 9)) & (28, 39, 4048, t3=t2+(0, 8)) -> (3491, 60, 28, t4=t3+(1, 1))	3	55
(283, 28, 2462, t1) & (25, 181, 2069, t2=t1+(0, 6)) & (2462, 161, 2069, t3=t2+(0, 8)) -> (2462, 181, 2462, t4=t3+(1, 4))	3	56
(1818, 87, 2601, t1) & (551, 186, 2169, t2=t1+(0, 5)) & (2169, 11, 1818, t3=t2+(0, 4)) -> (551, 11, 551, t4=t3+(1, 6))	3	57
(2293, 13, 3696, t1) & (1928, 19, 937, t2=t1+(0, 9)) & (3696, 67, 937, t3=t2+(0, 8)) -> (3696, 19, 937, t4=t3+(1, 6))	3	58
(4988, 179, 183, t1) & (868, 167, 4628, t2=t1+(0, 2)) & (183, 59, 868, t3=t2+(0, 6)) -> (183, 179, 4628, t4=t3+(1, 6))	3	59
(1150, 77, 373, t1) & (4875, 117, 565, t2=t1+(0, 8)) & (565, 62, 1150, t3=t2+(0, 4)) -> (565, 62, 1150, t4=t3+(1, 8))	3	60
(3430, 112, 1889, t1) & (4375, 105, 1425, t2=t1+(0, 2)) & (1889, 102, 4375, t3=t2+(0, 6)) -> (3430, 112, 3430, t4=t3+(1, 7))	3	61
(978, 175, 4701, t1) & (2190, 25, 2999, t2=t1+(0, 6)) & (2190, 100, 4701, t3=t2+(0, 2)) -> (2190, 175, 2190, t4=t3+(1, 6))	3	62
(4995, 174, 3489, t1) & (2419, 42, 865, t2=t1+(0, 2)) & (3489, 7, 2419, t3=t2+(0, 8)) -> (2419, 7, 3489, t4=t3+(1, 3))	3	63
(2004, 91, 1662, t1) & (1420, 4, 632, t2=t1+(0, 9)) & (1662, 137, 632, t3=t2+(0, 5)) -> (2004, 91, 1662, t4=t3+(1, 3))	3	64
(117, 116, 820, t1) & (4615, 92, 2425, t2=t1+(0, 3)) & (820, 139, 2425, t3=t2+(0, 8)) -> (2425, 116, 820, t4=t3+(1, 5))	3	65
(2280, 24, 4160, t1) & (4805, 5, 1320, t2=t1+(0, 7)) & (1320, 116, 4160, t3=t2+(0, 5)) -> (1320, 24, 2280, t4=t3+(1, 9))	3	66
(3185, 64, 2903, t1) & (690, 120, 1985, t2=t1+(0, 9)) & (2903, 83, 690, t3=t2+(0, 6)) -> (3185, 83, 3185, t4=t3+(1, 6))	3	67
(3708, 45, 4402, t1) & (1919, 163, 3496, t2=t1+(0, 9)) & (3496, 33, 3708, t3=t2+(0, 1)) -> (3708, 33, 3708, t4=t3+(1, 5))	3	68
(4583, 4, 84, t1) & (642, 108, 4944, t2=t1+(0, 1)) & (4583, 172, 642, t3=t2+(0, 4)) -> (84, 4, 4583, t4=t3+(1, 3))	3	69
(2607, 108, 2407, t1) & (3970, 71, 4481, t2=t1+(0, 8)) & (4481, 129, 2607, t3=t2+(0, 7)) -> (2407, 129, 4481, t4=t3+(1, 5))	3	70
(2224, 80, 4882, t1) & (219, 162, 695, t2=t1+(0, 2)) & (2224, 123, 219, t3=t2+(0, 5)) -> (2224, 123, 695, t4=t3+(1, 2))	3	71
(1905, 116, 21, t1) & (3056, 69, 506, t2=t1+(0, 3)) & (21, 92, 506, t3=t2+(0, 5)) -> (1905, 116, 506, t4=t3+(1, 7))	3	72
(3817, 68, 2667, t1) & (2456, 163, 4516, t2=t1+(0, 7)) & (4516, 5, 3817, t3=t2+(0, 5)) -> (2456, 5, 4516, t4=t3+(1, 5))	3	73
(3228, 143, 4561, t1) & (2671, 173, 3939, t2=t1+(0, 5)) & (3939, 138, 4561, t3=t2+(0, 5)) -> (4561, 138, 3939, t4=t3+(1, 6))	3	74
(2162, 52, 1520, t1) & (4155, 0, 4914, t2=t1+(0, 3)) & (2162, 198, 4155, t3=t2+(0, 8)) -> (2162, 0, 4155, t4=t3+(1, 9))	3	75
(82, 62, 3771, t1) & (4478, 72, 3509, t2=t1+(0, 6)) & (4478, 185, 3771, t3=t2+(0, 3)) -> (4478, 62, 3771, t4=t3+(1, 3))	3	76
(1054, 189, 1496, t1) & (2327, 100, 2188, t2=t1+(0, 10)) & (2188, 0, 1054, t3=t2+(0, 10)) -> (1054, 100, 2188, t4=t3+(1, 2))	3	77
(1265, 100, 843, t1) & (2012, 35, 2299, t2=t1+(0, 3)) & (1265, 68, 2299, t3=t2+(0, 6)) -> (1265, 100, 843, t4=t3+(1, 7))	3	78
(1835, 171, 4821, t1) & (4840, 41, 4659, t2=t1+(0, 7)) & (1835, 104, 4840, t3=t2+(0, 1)) -> (4840, 41, 1835, t4=t3+(1, 5))	3	79
(311, 46, 2389, t1) & (4407, 14, 1146, t2=t1+(0, 2)) & (1146, 105, 311, t3=t2+(0, 9)) -> (4407, 46, 4407, t4=t3+(1, 11))	3	80
(484, 71, 4764, t1) & (3763, 153, 2246, t2=t1+(0, 3)) & (2246, 129, 4764, t3=t2+(0, 7)) -> (484, 153, 3763, t4=t3+(1, 7))	3	81
(1029, 61, 4634, t1) & (830, 150, 4653, t2=t1+(0, 2)) & (4653, 110, 1029, t3=t2+(0, 4)) -> (830, 150, 1029, t4=t3+(1, 6))	3	82
(1550, 21, 615, t1) & (4704, 164, 831, t2=t1+(0, 4)) & (4704, 18, 1550, t3=t2+(0, 5)) -> (1550, 18, 615, t4=t3+(1, 8))	3	83
(2628, 167, 4307, t1) & (660, 96, 1197, t2=t1+(0, 4)) & (2628, 150, 660, t3=t2+(0, 4)) -> (4307, 150, 2628, t4=t3+(1, 4))	3	84
(3460, 1, 446, t1) & (4637, 112, 4613, t2=t1+(0, 6)) & (4637, 45, 3460, t3=t2+(0, 4)) -> (4613, 1, 4637, t4=t3+(1, 1))	3	85
(2590, 36, 4532, t1) & (546, 77, 4636, t2=t1+(0, 7)) & (546, 178, 4532, t3=t2+(0, 4)) -> (4532, 178, 2590, t4=t3+(1, 4))	3	86
(3002, 30, 4601, t1) & (3990, 109, 4354, t2=t1+(0, 5)) & (3990, 113, 3002, t3=t2+(0, 5)) -> (4354, 109, 3990, t4=t3+(1, 4))	3	87
(4548, 196, 3557, t1) & (581, 182, 3567, t2=t1+(0, 2)) & (581, 46, 4548, t3=t2+(0, 10)) -> (4548, 196, 4548, t4=t3+(1, 7))	3	88
(1198, 85, 181, t1) & (2258, 194, 680, t2=t1+(0, 5)) & (680, 116, 1198, t3=t2+(0, 7)) -> (1198, 194, 1198, t4=t3+(1, 5))	3	89
(2794, 110, 1038, t1) & (2655, 26, 4603, t2=t1+(0, 8)) & (4603, 184, 1038, t3=t2+(0, 2)) -> (2655, 184, 2794, t4=t3+(1, 3))	3	90
(4526, 117, 1915, t1) & (69, 73, 2079, t2=t1+(0, 5)) & (69, 86, 4526, t3=t2+(0, 7)) -> (69, 117, 4526, t4=t3+(1, 10))	3	91
(4319, 5, 2409, t1) & (3073, 198, 991, t2=t1+(0, 2)) & (4319, 83, 991, t3=t2+(0, 2)) -> (991, 5, 991, t4=t3+(1, 6))	3	92
(1152, 152, 1052, t1) & (4501, 54, 2750, t2=t1+(0, 7)) & (1052, 76, 4501, t3=t2+(0, 4)) -> (1152, 76, 4501, t4=t3+(1, 6))	3	93
(2511, 156, 1623, t1) & (1843, 42, 106, t2=t1+(0, 6)) & (2511, 179, 106, t3=t2+(0, 5)) -> (1843, 42, 2511, t4=t3+(1, 2))	3	94
(1721, 171, 922, t1) & (2946, 145, 850, t2=t1+(0, 0)) & (1721, 147, 850, t3=t2+(0, 5)) -> (850, 171, 850, t4=t3+(1, 4))	3	95
(2125, 169, 1787, t1) & (3624, 40, 4478, t2=t1+(0, 5)) & (4478, 25, 2125, t3=t2+(0, 8)) -> (2125, 25, 2125, t4=t3+(1, 6))	3	96
(608, 45, 911, t1) & (1927, 78, 3325, t2=t1+(0, 5)) & (3325, 76, 608, t3=t2+(0, 5)) -> (3325, 76, 608, t4=t3+(1, 6))	3	97
(3814, 121, 201, t1) & (1365, 99, 2210, t2=t1+(0, 8)) & (3814, 89, 2210, t3=t2+(0, 4)) -> (2210, 121, 3814, t4=t3+(1, 3))	3	98
(3619, 148, 3042, t1) & (2820, 57, 2723, t2=t1+(0, 5)) & (2820, 172, 3042, t3=t2+(0, 3)) -> (2820, 172, 3042, t4=t3+(1, 3))	3	99
(4411, 173, 3138, t1) & (504, 158, 1704, t2=t1+(0, 1)) & (1704, 112, 3138, t3=t2+(0, 2)) -> (1704, 173, 3138, t4=t3+(1, 1))	3	100
(3210, 41, 4833, t1) & (4538, 125, 4443, t2=t1+(0, 1)) & (4443, 94, 3210, t3=t2+(0, 7)) -> (4443, 125, 3210, t4=t3+(1, 2))	3	101
(3039, 4, 4984, t1) & (3322, 110, 4628, t2=t1+(0, 8)) & (4628, 186, 4984, t3=t2+(0, 3)) -> (4984, 186, 3039, t4=t3+(1, 7))	3	102
(1805, 138, 1755, t1) & (1341, 120, 972, t2=t1+(0, 2)) & (1755, 151, 972, t3=t2+(0, 2)) -> (1341, 120, 1755, t4=t3+(1, 2))	3	103
(4842, 85, 4106, t1) & (3559, 72, 4644, t2=t1+(0, 9)) & (3559, 199, 4106, t3=t2+(0, 6)) -> (4842, 199, 4106, t4=t3+(1, 2))	3	104
(1089, 180, 4764, t1) & (633, 142, 3568, t2=t1+(0, 3)) & (1089, 99, 633, t3=t2+(0, 6)) -> (1089, 180, 3568, t4=t3+(1, 3))	3	105
(3759, 62, 3631, t1) & (1697, 35, 2370, t2=t1+(0, 7)) & (3759, 73, 1697, t3=t2+(0, 5)) -> (2370, 62, 1697, t4=t3+(1, 3))	3	106
(2365, 182, 2644, t1) & (4603, 3, 3046, t2=t1+(0, 3)) & (3046, 155, 2644, t3=t2+(0, 8)) -> (2644, 155, 3046, t4=t3+(1, 4))	3	107
(2191, 154, 3228, t1) & (3486, 176, 3555, t2=t1+(0, 6)) & (3228, 69, 3486, t3=t2+(0, 3)) -> (3486, 154, 3555, t4=t3+(1, 6))	3	108
(2845, 107, 2885, t1) & (1181, 173, 2718, t2=t1+(0, 7)) & (2718, 115, 2845, t3=t2+(0, 7)) -> (2718, 107, 2845, t4=t3+(1, 5))	3	109
(3358, 15, 3427, t1) & (3825, 192, 3090, t2=t1+(0, 1)) & (3358, 76, 3090, t3=t2+(0, 6)) -> (3825, 76, 3427, t4=t3+(1, 5))	3	110
(2702, 149, 1567, t1) & (305, 30, 3445, t2=t1+(0, 5)) & (1567, 61, 3445, t3=t2+(0, 5)) -> (1567, 149, 2702, t4=t3+(1, 8))	3	111
(1688, 30, 4298, t1) & (863, 149, 4190, t2=t1+(0, 6)) & (1688, 95, 4190, t3=t2+(0, 3)) -> (4190, 30, 863, t4=t3+(1, 3))	3	112
(4975, 88, 4890, t1) & (2074, 113, 1103, t2=t1+(0, 3)) & (1103, 180, 4890, t3=t2+(0, 1)) -> (4975, 113, 4975, t4=t3+(1, 8))	3	113
(2701, 22, 1798, t1) & (4410, 2, 551, t2=t1+(0, 3)) & (1798, 21, 551, t3=t2+(0, 2)) -> (1798, 2, 551, t4=t3+(1, 1))	3	114
(4824, 18, 1397, t1) & (3251, 92, 1866, t2=t1+(0, 8)) & (1866, 173, 4824, t3=t2+(0, 7)) -> (4824, 92, 1866, t4=t3+(1, 3))	3	115
(2526, 28, 55, t1) & (4237, 46, 1680, t2=t1+(0, 5)) & (4237, 147, 2526, t3=t2+(0, 3)) -> (4237, 147, 4237, t4=t3+(1, 4))	3	116
(3824, 146, 1579, t1) & (2752, 109, 3770, t2=t1+(0, 8)) & (1579, 114, 2752, t3=t2+(0, 5)) -> (2752, 114, 3770, t4=t3+(1, 2))	3	117
(1286, 187, 3708, t1) & (3751, 123, 162, t2=t1+(0, 12)) & (3708, 68, 3751, t3=t2+(0, 12)) -> (3751, 68, 3751, t4=t3+(1, 6))	3	118
(4130, 30, 3962, t1) & (1826, 152, 3597, t2=t1+(0, 4)) & (1826, 31, 4130, t3=t2+(0, 1)) -> (1826, 152, 1826, t4=t3+(1, 6))	3	119
(28, 80, 2059, t1) & (1297, 9, 4536, t2=t1+(0, 4)) & (2059, 63, 1297, t3=t2+(0, 6)) -> (2059, 63, 4536, t4=t3+(1, 11))	3	120
(2911, 108, 2932, t1) & (2412, 32, 3095, t2=t1+(0, 6)) & (2932, 156, 2412, t3=t2+(0, 7)) -> (2911, 32, 2932, t4=t3+(1, 2))	3	121
(4158, 119, 1362, t1) & (4107, 15, 4862, t2=t1+(0, 3)) & (1362, 27, 4107, t3=t2+(0, 3)) -> (4107, 27, 1362, t4=t3+(1, 5))	3	122
(4553, 141, 1986, t1) & (1125, 34, 1938, t2=t1+(0, 8)) & (1986, 161, 1938, t3=t2+(0, 5)) -> (1938, 161, 1938, t4=t3+(1, 5))	3	123
(1523, 122, 3195, t1) & (1931, 184, 679, t2=t1+(0, 4)) & (1931, 199, 1523, t3=t2+(0, 6)) -> (1523, 122, 1931, t4=t3+(1, 1))	3	124
(403, 95, 2928, t1) & (2584, 23, 3180, t2=t1+(0, 6)) & (2928, 195, 2584, t3=t2+(0, 5)) -> (2584, 23, 2584, t4=t3+(1, 8))	3	125
(1796, 171, 2112, t1) & (2843, 73, 3950, t2=t1+(0, 5)) & (2843, 132, 1796, t3=t2+(0, 6)) -> (2112, 171, 1796, t4=t3+(1, 4))	3	126
(489, 167, 3224, t1) & (2651, 121, 1465, t2=t1+(0, 9)) & (489, 71, 2651, t3=t2+(0, 6)) -> (489, 121, 1465, t4=t3+(1, 4))	3	127
(4139, 2, 2716, t1) & (3456, 118, 4256, t2=t1+(0, 8)) & (3456, 5, 2716, t3=t2+(0, 5)) -> (3456, 5, 4139, t4=t3+(1, 6))	3	128
(474, 162, 1348, t1) & (2299, 51, 2807, t2=t1+(0, 7)) & (474, 7, 2299, t3=t2+(0, 6)) -> (2299, 162, 2299, t4=t3+(1, 5))	3	129
(2279, 180, 4462, t1) & (4412, 52, 456, t2=t1+(0, 7)) & (2279, 56, 456, t3=t2+(0, 6)) -> (2279, 180, 2279, t4=t3+(1, 5))	3	130
(510, 54, 3275, t1) & (4108, 49, 26, t2=t1+(0, 5)) & (3275, 102, 26, t3=t2+(0, 7)) -> (26, 102, 3275, t4=t3+(1, 5))	3	131
(3599, 197, 3580, t1) & (4108, 109, 3056, t2=t1+(0, 3)) & (3056, 26, 3599, t3=t2+(0, 5)) -> (3056, 109, 3599, t4=t3+(1, 5))	3	132
(2542, 118, 3044, t1) & (521, 98, 3139, t2=t1+(0, 4)) & (3139, 102, 2542, t3=t2+(0, 3)) -> (3139, 102, 3139, t4=t3+(1, 4))	3	133
(546, 180, 2758, t1) & (4635, 164, 4615, t2=t1+(0, 4)) & (2758, 34, 4615, t3=t2+(0, 6)) -> (2758, 180, 4615, t4=t3+(1, 5))	3	134
(3606, 189, 1291, t1) & (654, 47, 4283, t2=t1+(0, 4)) & (3606, 69, 4283, t3=t2+(0, 5)) -> (654, 47, 4283, t4=t3+(1, 5))	3	135
(2847, 137, 1144, t1) & (4722, 53, 4158, t2=t1+(0, 3)) & (2847, 43, 4158, t3=t2+(0, 6)) -> (1144, 53, 2847, t4=t3+(1, 7))	3	136
(1754, 63, 3536, t1) & (4594, 94, 77, t2=t1+(0, 4)) & (3536, 49, 77, t3=t2+(0, 4)) -> (4594, 94, 4594, t4=t3+(1, 4))	3	137
(230, 137, 3877, t1) & (1005, 145, 3676, t2=t1+(0, 3)) & (230, 129, 3676, t3=t2+(0, 5)) -> (3676, 145, 3676, t4=t3+(1, 6))	3	138
(3316, 41, 3284, t1) & (2774, 65, 4622, t2=t1+(0, 2)) & (3316, 118, 2774, t3=t2+(0, 11)) -> (4622, 41, 2774, t4=t3+(1, 4))	3	139
(3322, 181, 3204, t1) & (369, 164, 3709, t2=t1+(0, 6)) & (369, 180, 3322, t3=t2+(0, 5)) -> (3204, 180, 369, t4=t3+(1, 1))	3	140
(294, 105, 404, t1) & (542, 14, 1454, t2=t1+(0, 7)) & (542, 61, 294, t3=t2+(0, 2)) -> (1454, 61, 404, t4=t3+(1, 7))	3	141
(2603, 23, 966, t1) & (2775, 136, 2286, t2=t1+(0, 4)) & (966, 111, 2286, t3=t2+(0, 5)) -> (2286, 136, 2286, t4=t3+(1, 6))	3	142
(3332, 129, 2208, t1) & (2874, 26, 4477, t2=t1+(0, 3)) & (4477, 137, 2208, t3=t2+(0, 6)) -> (3332, 137, 4477, t4=t3+(1, 5))	3	143
(1860, 144, 53, t1) & (92, 3, 2738, t2=t1+(0, 3)) & (53, 33, 2738, t3=t2+(0, 4)) -> (2738, 3, 2738, t4=t3+(1, 4))	3	144
(4457, 190, 1093, t1) & (4939, 25, 3280, t2=t1+(0, 9)) & (3280, 28, 1093, t3=t2+(0, 4)) -> (3280, 25, 4457, t4=t3+(1, 7))	3	145
(2349, 59, 4002, t1) & (3455, 112, 3760, t2=t1+(0, 1)) & (3455, 173, 4002, t3=t2+(0, 4)) -> (4002, 59, 2349, t4=t3+(1, 3))	3	146
(2452, 119, 4127, t1) & (4006, 196, 668, t2=t1+(0, 8)) & (4127, 164, 4006, t3=t2+(0, 7)) -> (4127, 164, 4127, t4=t3+(1, 7))	3	147
(769, 143, 2455, t1) & (4713, 61, 1975, t2=t1+(0, 3)) & (1975, 131, 2455, t3=t2+(0, 12)) -> (2455, 131, 2455, t4=t3+(1, 6))	3	148
(133, 150, 2158, t1) & (323, 155, 27, t2=t1+(0, 4)) & (27, 199, 133, t3=t2+(0, 3)) -> (27, 199, 27, t4=t3+(1, 5))	3	149
(2762, 177, 2808, t1) & (1340, 7, 2045, t2=t1+(0, 4)) & (1340, 89, 2762, t3=t2+(0, 4)) -> (2808, 7, 2045, t4=t3+(1, 7))	3	150
(1802, 103, 4945, t1) & (2007, 76, 565, t2=t1+(0, 4)) & (4945, 199, 565, t3=t2+(0, 3)) -> (1802, 103, 1802, t4=t3+(1, 5))	3	151
(3591, 51, 4068, t1) & (200, 196, 4278, t2=t1+(0, 7)) & (4068, 1, 4278, t3=t2+(0, 2)) -> (3591, 196, 4278, t4=t3+(1, 5))	3	152
(2619, 64, 3988, t1) & (487, 129, 99, t2=t1+(0, 6)) & (3988, 64, 99, t3=t2+(0, 4)) -> (487, 129, 99, t4=t3+(1, 1))	3	153
(140, 108, 164, t1) & (982, 191, 2586, t2=t1+(0, 7)) & (140, 28, 2586, t3=t2+(0, 5)) -> (140, 108, 982, t4=t3+(1, 8))	3	154
(4569, 6, 3341, t1) & (4492, 135, 3027, t2=t1+(0, 5)) & (4569, 30, 3027, t3=t2+(0, 6)) -> (4492, 135, 4492, t4=t3+(1, 3))	3	155
(3520, 119, 3047, t1) & (1267, 25, 3463, t2=t1+(0, 3)) & (3520, 195, 3463, t3=t2+(0, 4)) -> (3047, 119, 3520, t4=t3+(1, 4))	3	156
(3653, 198, 1976, t1) & (4212, 14, 3101, t2=t1+(0, 2)) & (4212, 174, 3653, t3=t2+(0, 4)) -> (3653, 198, 3653, t4=t3+(1, 5))	3	157
(2717, 11, 4617, t1) & (1091, 140, 1436, t2=t1+(0, 3)) & (2717, 180, 1436, t3=t2+(0, 7)) -> (2717, 180, 1436, t4=t3+(1, 1))	3	158
(2796, 104, 4718, t1) & (588, 38, 3985, t2=t1+(0, 8)) & (4718, 199, 588, t3=t2+(0, 3)) -> (3985, 38, 3985, t4=t3+(1, 4))	3	159
(3900, 198, 1974, t1) & (1498, 73, 1581, t2=t1+(0, 8)) & (1974, 42, 1581, t3=t2+(0, 3)) -> (3900, 73, 1974, t4=t3+(1, 7))	3	160
(1301, 135, 4140, t1) & (1019, 169, 1742, t2=t1+(0, 12)) & (4140, 178, 1019, t3=t2+(0, 6)) -> (4140, 169, 4140, t4=t3+(1, 6))	3	161
(2878, 21, 4190, t1) & (4285, 55, 2996, t2=t1+(0, 4)) & (4285, 150, 2878, t3=t2+(0, 3)) -> (2996, 150, 4285, t4=t3+(1, 4))	3	162
(4821, 45, 2172, t1) & (2493, 101, 2359, t2=t1+(0, 3)) & (2359, 156, 4821, t3=t2+(0, 5)) -> (2359, 101, 4821, t4=t3+(1, 7))	3	163
(3734, 191, 4713, t1) & (2539, 59, 2519, t2=t1+(0, 5)) & (3734, 176, 2539, t3=t2+(0, 7)) -> (2539, 176, 3734, t4=t3+(1, 3))	3	164
(366, 73, 2586, t1) & (2070, 61, 3815, t2=t1+(0, 3)) & (366, 191, 3815, t3=t2+(0, 4)) -> (3815, 191, 2586, t4=t3+(1, 3))	3	165
(3504, 120, 2830, t1) & (4384, 26, 1499, t2=t1+(0, 5)) & (4384, 155, 2830, t3=t2+(0, 1)) -> (1499, 26, 4384, t4=t3+(1, 10))	3	166
(600, 55, 262, t1) & (569, 152, 4505, t2=t1+(0, 6)) & (569, 136, 600, t3=t2+(0, 8)) -> (262, 136, 600, t4=t3+(1, 4))	3	167
(182, 11, 4579, t1) & (3534, 159, 3963, t2=t1+(0, 6)) & (3963, 169, 182, t3=t2+(0, 7)) -> (3534, 169, 182, t4=t3+(1, 5))	3	168
(2531, 81, 3947, t1) & (4672, 92, 1149, t2=t1+(0, 4)) & (2531, 138, 4672, t3=t2+(0, 2)) -> (2531, 92, 2531, t4=t3+(1, 7))	3	169
(85, 73, 1430, t1) & (591, 85, 4690, t2=t1+(0, 4)) & (1430, 41, 4690, t3=t2+(0, 2)) -> (1430, 73, 4690, t4=t3+(1, 6))	3	170
(1428, 34, 110, t1) & (334, 49, 873, t2=t1+(0, 6)) & (334, 48, 1428, t3=t2+(0, 2)) -> (334, 49, 334, t4=t3+(1, 4))	3	171
(1787, 71, 551, t1) & (2487, 180, 2339, t2=t1+(0, 0)) & (1787, 97, 2487, t3=t2+(0, 4)) -> (1787, 180, 2487, t4=t3+(1, 3))	3	172
(1952, 143, 1472, t1) & (977, 111, 2376, t2=t1+(0, 4)) & (2376, 77, 1472, t3=t2+(0, 3)) -> (2376, 111, 2376, t4=t3+(1, 2))	3	173
(2764, 132, 1997, t1) & (3486, 143, 2476, t2=t1+(0, 3)) & (3486, 49, 2764, t3=t2+(0, 3)) -> (2764, 132, 2476, t4=t3+(1, 4))	3	174
(586, 84, 1793, t1) & (3097, 139, 3611, t2=t1+(0, 4)) & (1793, 134, 3611, t3=t2+(0, 3)) -> (1793, 134, 586, t4=t3+(1, 7))	3	175
(2559, 175, 2971, t1) & (685, 174, 4176, t2=t1+(0, 3)) & (2971, 36, 685, t3=t2+(0, 6)) -> (685, 175, 2971, t4=t3+(1, 2))	3	176
(3631, 99, 2621, t1) & (591, 168, 3836, t2=t1+(0, 8)) & (3836, 89, 3631, t3=t2+(0, 10)) -> (3631, 99, 2621, t4=t3+(1, 9))	3	177
(4527, 67, 1837, t1) & (2665, 156, 4459, t2=t1+(0, 7)) & (2665, 191, 4527, t3=t2+(0, 6)) -> (4459, 67, 4527, t4=t3+(1, 8))	3	178
(1047, 133, 772, t1) & (1607, 109, 2845, t2=t1+(0, 4)) & (2845, 76, 772, t3=t2+(0, 6)) -> (2845, 109, 2845, t4=t3+(1, 7))	3	179
(822, 125, 3243, t1) & (994, 121, 429, t2=t1+(0, 1)) & (429, 73, 822, t3=t2+(0, 5)) -> (429, 125, 822, t4=t3+(1, 4))	3	180
(1823, 163, 2267, t1) & (2710, 121, 2133, t2=t1+(0, 3)) & (2710, 158, 1823, t3=t2+(0, 5)) -> (2710, 158, 1823, t4=t3+(1, 1))	3	181
(1192, 195, 4083, t1) & (1227, 88, 3867, t2=t1+(0, 5)) & (1227, 88, 1192, t3=t2+(0, 2)) -> (1227, 195, 3867, t4=t3+(1, 6))	3	182
(730, 52, 1715, t1) & (1779, 103, 2041, t2=t1+(0, 6)) & (1779, 124, 1715, t3=t2+(0, 6)) -> (730, 52, 730, t4=t3+(1, 6))	3	183
(4786, 47, 495, t1) & (3468, 179, 4913, t2=t1+(0, 5)) & (4786, 94, 4913, t3=t2+(0, 2)) -> (3468, 179, 4786, t4=t3+(1, 9))	3	184
(1806, 25, 3087, t1) & (3971, 139, 4121, t2=t1+(0, 5)) & (3971, 151, 1806, t3=t2+(0, 2)) -> (3087, 25, 3971, t4=t3+(1, 2))	3	185
(32, 199, 1503, t1) & (854, 106, 304, t2=t1+(0, 5)) & (1503, 100, 854, t3=t2+(0, 6)) -> (32, 199, 32, t4=t3+(1, 3))	3	186
(3314, 177, 2245, t1) & (2296, 104, 591, t2=t1+(0, 4)) & (3314, 71, 591, t3=t2+(0, 3)) -> (2296, 104, 591, t4=t3+(1, 5))	3	187
(3263, 113, 1159, t1) & (4940, 177, 4318, t2=t1+(0, 5)) & (4318, 121, 3263, t3=t2+(0, 11)) -> (4940, 121, 4318, t4=t3+(1, 6))	3	188
(4318, 9, 1583, t1) & (4982, 163, 2805, t2=t1+(0, 5)) & (4982, 138, 1583, t3=t2+(0, 0)) -> (4982, 138, 4982, t4=t3+(1, 7))	3	189
(3648, 180, 743, t1) & (1762, 52, 268, t2=t1+(0, 4)) & (268, 27, 3648, t3=t2+(0, 6)) -> (268, 180, 268, t4=t3+(1, 4))	3	190
(395, 113, 1056, t1) & (2577, 68, 1468, t2=t1+(0, 5)) & (395, 167, 2577, t3=t2+(0, 3)) -> (1056, 167, 1056, t4=t3+(1, 6))	3	191
(277, 49, 4490, t1) & (211, 90, 4522, t2=t1+(0, 5)) & (211, 196, 277, t3=t2+(0, 6)) -> (4522, 49, 211, t4=t3+(1, 6))	3	192
(2869, 148, 3926, t1) & (4222, 131, 1561, t2=t1+(0, 2)) & (1561, 53, 3926, t3=t2+(0, 10)) -> (3926, 148, 4222, t4=t3+(1, 3))	3	193
(1017, 120, 2411, t1) & (1905, 50, 426, t2=t1+(0, 11)) & (426, 111, 1017, t3=t2+(0, 4)) -> (1017, 120, 2411, t4=t3+(1, 4))	3	194
(28, 172, 3597, t1) & (3887, 90, 2203, t2=t1+(0, 5)) & (3887, 159, 28, t3=t2+(0, 7)) -> (3887, 159, 3887, t4=t3+(1, 4))	3	195
(3859, 33, 10, t1) & (256, 72, 361, t2=t1+(0, 3)) & (3859, 104, 361, t3=t2+(0, 6)) -> (3859, 33, 361, t4=t3+(1, 6))	3	196
(208, 88, 558, t1) & (2588, 73, 3343, t2=t1+(0, 7)) & (558, 161, 3343, t3=t2+(0, 3)) -> (558, 161, 3343, t4=t3+(1, 7))	3	197
(1288, 133, 3, t1) & (508, 125, 4219, t2=t1+(0, 4)) & (4219, 18, 1288, t3=t2+(0, 2)) -> (1288, 133, 3, t4=t3+(1, 5))	3	198
(3826, 80, 3539, t1) & (1567, 149, 3884, t2=t1+(0, 4)) & (3884, 93, 3826, t3=t2+(0, 7)) -> (3826, 80, 3884, t4=t3+(1, 5))	3	199
(1616, 24, 2066, t1) & (1772, 107, 2158, t2=t1+(0, 5)) & (2158, 143, 1616, t3=t2+(0, 8)) -> (1616, 143, 1772, t4=t3+(1, 6))	3	200
(1562, 176, 800, t1) & (1485, 120, 2796, t2=t1+(0, 5)) & (1562, 138, 1485, t3=t2+(0, 3)) -> (1485, 176, 1562, t4=t3+(1, 8))	3	201
(3136, 67, 1738, t1) & (2877, 149, 534, t2=t1+(0, 3)) & (534, 74, 3136, t3=t2+(0, 4)) -> (1738, 67, 534, t4=t3+(1, 2))	3	202
(4448, 90, 1537, t1) & (902, 121, 3305, t2=t1+(0, 6)) & (902, 41, 1537, t3=t2+(0, 4)) -> (3305, 41, 902, t4=t3+(1, 1))	3	203
(1356, 29, 4313, t1) & (2238, 14, 4196, t2=t1+(0, 6)) & (4196, 38, 4313, t3=t2+(0, 4)) -> (2238, 38, 4196, t4=t3+(1, 1))	3	204
(3961, 177, 4443, t1) & (886, 125, 1454, t2=t1+(0, 5)) & (886, 52, 3961, t3=t2+(0, 7)) -> (886, 125, 886, t4=t3+(1, 2))	3	205
(4797, 194, 4815, t1) & (2019, 51, 2944, t2=t1+(0, 4)) & (4797, 48, 2019, t3=t2+(0, 6)) -> (4815, 51, 4815, t4=t3+(1, 5))	3	206
(2818, 7, 2347, t1) & (4476, 83, 4636, t2=t1+(0, 8)) & (4636, 197, 2818, t3=t2+(0, 3)) -> (2818, 197, 2347, t4=t3+(1, 7))	3	207
(1663, 145, 4502, t1) & (94, 0, 3281, t2=t1+(0, 4)) & (94, 118, 1663, t3=t2+(0, 6)) -> (1663, 118, 1663, t4=t3+(1, 4))	3	208
(4438, 141, 4158, t1) & (1501, 47, 3238, t2=t1+(0, 2)) & (1501, 125, 4438, t3=t2+(0, 3)) -> (4158, 141, 4158, t4=t3+(1, 6))	3	209
(3957, 191, 4600, t1) & (2735, 149, 56, t2=t1+(0, 4)) & (56, 46, 4600, t3=t2+(0, 7)) -> (4600, 191, 3957, t4=t3+(1, 4))	3	210
(1188, 168, 468, t1) & (3531, 178, 1532, t2=t1+(0, 3)) & (3531, 126, 468, t3=t2+(0, 6)) -> (1532, 126, 3531, t4=t3+(1, 7))	3	211
(2264, 112, 651, t1) & (3890, 129, 2371, t2=t1+(0, 6)) & (2264, 86, 2371, t3=t2+(0, 7)) -> (2264, 112, 651, t4=t3+(1, 6))	3	212
(243, 133, 4539, t1) & (105, 167, 861, t2=t1+(0, 7)) & (243, 93, 105, t3=t2+(0, 9)) -> (243, 133, 4539, t4=t3+(1, 4))	3	213
(2709, 181, 2433, t1) & (3528, 52, 4004, t2=t1+(0, 2)) & (3528, 16, 2433, t3=t2+(0, 5)) -> (4004, 16, 2433, t4=t3+(1, 11))	3	214
(3337, 20, 1046, t1) & (4496, 1, 1181, t2=t1+(0, 6)) & (3337, 186, 4496, t3=t2+(0, 5)) -> (3337, 20, 4496, t4=t3+(1, 7))	3	215
(1668, 3, 1302, t1) & (1804, 59, 4473, t2=t1+(0, 2)) & (4473, 36, 1302, t3=t2+(0, 12)) -> (1302, 3, 4473, t4=t3+(1, 7))	3	216
(3714, 95, 949, t1) & (4606, 111, 3963, t2=t1+(0, 5)) & (949, 18, 3963, t3=t2+(0, 6)) -> (4606, 95, 949, t4=t3+(1, 7))	3	217
(4952, 172, 2934, t1) & (3420, 14, 232, t2=t1+(0, 4)) & (232, 146, 4952, t3=t2+(0, 1)) -> (3420, 14, 4952, t4=t3+(1, 4))	3	218
(1918, 161, 1075, t1) & (1110, 89, 3518, t2=t1+(0, 3)) & (1075, 152, 3518, t3=t2+(0, 11)) -> (1110, 89, 1075, t4=t3+(1, 2))	3	219
(379, 179, 1169, t1) & (4628, 161, 2335, t2=t1+(0, 3)) & (379, 78, 2335, t3=t2+(0, 11)) -> (1169, 161, 379, t4=t3+(1, 4))	3	220
(29, 173, 2406, t1) & (905, 176, 724, t2=t1+(0, 10)) & (2406, 133, 724, t3=t2+(0, 6)) -> (724, 176, 724, t4=t3+(1, 1))	3	221
(1369, 77, 523, t1) & (2247, 80, 309, t2=t1+(0, 5)) & (309, 22, 1369, t3=t2+(0, 6)) -> (1369, 77, 309, t4=t3+(1, 5))	3	222
(4202, 119, 3241, t1) & (4206, 145, 552, t2=t1+(0, 2)) & (4202, 156, 4206, t3=t2+(0, 8)) -> (3241, 119, 4206, t4=t3+(1, 3))	3	223
(899, 115, 4868, t1) & (119, 43, 1395, t2=t1+(0, 3)) & (119, 151, 899, t3=t2+(0, 3)) -> (899, 43, 119, t4=t3+(1, 5))	3	224
(1346, 13, 1305, t1) & (3355, 157, 2411, t2=t1+(0, 7)) & (1305, 37, 2411, t3=t2+(0, 3)) -> (1305, 37, 3355, t4=t3+(1, 6))	3	225
(4647, 181, 2342, t1) & (3540, 74, 1589, t2=t1+(0, 4)) & (3540, 187, 2342, t3=t2+(0, 5)) -> (3540, 181, 3540, t4=t3+(1, 5))	3	226
(248, 152, 2479, t1) & (857, 127, 2583, t2=t1+(0, 6)) & (857, 143, 248, t3=t2+(0, 4)) -> (248, 152, 857, t4=t3+(1, 3))	3	227
(1016, 115, 2701, t1) & (275, 58, 252, t2=t1+(0, 3)) & (252, 165, 1016, t3=t2+(0, 5)) -> (275, 115, 2701, t4=t3+(1, 2))	3	228
(960, 77, 4251, t1) & (1525, 109, 1791, t2=t1+(0, 5)) & (960, 35, 1791, t3=t2+(0, 4)) -> (960, 109, 1525, t4=t3+(1, 6))	3	229
(2460, 110, 3340, t1) & (2178, 82, 4119, t2=t1+(0, 7)) & (3340, 134, 4119, t3=t2+(0, 4)) -> (2460, 134, 4119, t4=t3+(1, 5))	3	230
(333, 47, 892, t1) & (3376, 26, 3631, t2=t1+(0, 8)) & (333, 79, 3376, t3=t2+(0, 6)) -> (3376, 47, 333, t4=t3+(1, 1))	3	231
(2218, 108, 4804, t1) & (2855, 186, 738, t2=t1+(0, 5)) & (4804, 151, 2855, t3=t2+(0, 6)) -> (4804, 186, 4804, t4=t3+(1, 8))	3	232
(1973, 32, 4891, t1) & (4381, 59, 3284, t2=t1+(0, 9)) & (4891, 44, 3284, t3=t2+(0, 2)) -> (4891, 32, 3284, t4=t3+(1, 4))	3	233
(1337, 26, 3709, t1) & (711, 25, 4087, t2=t1+(0, 6)) & (4087, 151, 1337, t3=t2+(0, 8)) -> (4087, 25, 1337, t4=t3+(1, 4))	3	234
(1540, 87, 1190, t1) & (3976, 117, 841, t2=t1+(0, 4)) & (1190, 50, 3976, t3=t2+(0, 9)) -> (3976, 87, 841, t4=t3+(1, 3))	3	235
(2899, 135, 378, t1) & (4520, 185, 1008, t2=t1+(0, 6)) & (378, 80, 1008, t3=t2+(0, 8)) -> (378, 80, 4520, t4=t3+(1, 5))	3	236
(1720, 199, 2528, t1) & (3087, 73, 2492, t2=t1+(0, 6)) & (3087, 192, 1720, t3=t2+(0, 3)) -> (3087, 199, 3087, t4=t3+(1, 2))	3	237
(1727, 1, 3140, t1) & (4208, 63, 1398, t2=t1+(0, 3)) & (4208, 28, 1727, t3=t2+(0, 7)) -> (4208, 1, 4208, t4=t3+(1, 4))	3	238
(1573, 74, 3727, t1) & (3883, 122, 2913, t2=t1+(0, 8)) & (2913, 164, 1573, t3=t2+(0, 7)) -> (2913, 164, 2913, t4=t3+(1, 4))	3	239
(1814, 115, 4590, t1) & (3290, 57, 4818, t2=t1+(0, 5)) & (1814, 118, 3290, t3=t2+(0, 8)) -> (4818, 115, 1814, t4=t3+(1, 4))	3	240
(3918, 170, 4071, t1) & (4329, 14, 2886, t2=t1+(0, 8)) & (3918, 95, 4329, t3=t2+(0, 7)) -> (4329, 14, 3918, t4=t3+(1, 4))	3	241
(4118, 130, 4159, t1) & (1456, 99, 2223, t2=t1+(0, 7)) & (4118, 83, 2223, t3=t2+(0, 3)) -> (2223, 83, 4118, t4=t3+(1, 6))	3	242
(2955, 119, 1962, t1) & (2009, 156, 3794, t2=t1+(0, 3)) & (3794, 182, 2955, t3=t2+(0, 2)) -> (2955, 156, 2009, t4=t3+(1, 4))	3	243
(3186, 163, 1570, t1) & (2472, 14, 788, t2=t1+(0, 3)) & (2472, 27, 1570, t3=t2+(0, 1)) -> (2472, 14, 2472, t4=t3+(1, 7))	3	244
(223, 35, 3192, t1) & (4463, 24, 2348, t2=t1+(0, 6)) & (2348, 70, 3192, t3=t2+(0, 7)) -> (3192, 70, 223, t4=t3+(1, 2))	3	245
(3105, 166, 764, t1) & (2690, 49, 932, t2=t1+(0, 10)) & (2690, 146, 3105, t3=t2+(0, 6)) -> (3105, 49, 932, t4=t3+(1, 7))	3	246
(4790, 146, 3488, t1) & (4038, 179, 1307, t2=t1+(0, 5)) & (1307, 81, 3488, t3=t2+(0, 9)) -> (4790, 179, 1307, t4=t3+(1, 8))	3	247
(4520, 76, 4085, t1) & (3068, 2, 1825, t2=t1+(0, 1)) & (4085, 17, 1825, t3=t2+(0, 4)) -> (3068, 17, 4085, t4=t3+(1, 6))	3	248
(3342, 17, 944, t1) & (4843, 63, 3402, t2=t1+(0, 8)) & (3342, 34, 4843, t3=t2+(0, 2)) -> (4843, 34, 4843, t4=t3+(1, 5))	3	249
(3344, 49, 3834, t1) & (3447, 94, 4118, t2=t1+(0, 3)) & (3834, 102, 3447, t3=t2+(0, 5)) -> (3447, 49, 3447, t4=t3+(1, 3))	3	250
(4542, 39, 355, t1) & (3800, 8, 1478, t2=t1+(0, 5)) & (1478, 131, 4542, t3=t2+(0, 6)) -> (355, 8, 3800, t4=t3+(1, 2))	3	251
(4649, 40, 3470, t1) & (3630, 143, 1719, t2=t1+(0, 5)) & (4649, 139, 1719, t3=t2+(0, 1)) -> (3630, 139, 1719, t4=t3+(1, 5))	3	252
(701, 127, 2165, t1) & (2966, 176, 4688, t2=t1+(0, 6)) & (2165, 45, 2966, t3=t2+(0, 4)) -> (2165, 45, 701, t4=t3+(1, 4))	3	253
(2703, 135, 4583, t1) & (2319, 29, 1051, t2=t1+(0, 8)) & (2703, 193, 2319, t3=t2+(0, 3)) -> (4583, 29, 2703, t4=t3+(1, 4))	3	254
(4347, 158, 38, t1) & (2324, 43, 1688, t2=t1+(0, 1)) & (1688, 130, 4347, t3=t2+(0, 5)) -> (2324, 43, 1688, t4=t3+(1, 5))	3	255
(1542, 91, 571, t1) & (2513, 46, 1655, t2=t1+(0, 3)) & (571, 69, 1655, t3=t2+(0, 5)) -> (571, 46, 571, t4=t3+(1, 8))	3	256
(538, 97, 2889, t1) & (2729, 13, 4607, t2=t1+(0, 6)) & (538, 124, 4607, t3=t2+(0, 3)) -> (538, 13, 538, t4=t3+(1, 1))	3	257
(4753, 1, 99, t1) & (3040, 16, 66, t2=t1+(0, 3)) & (66, 179, 4753, t3=t2+(0, 5)) -> (66, 1, 66, t4=t3+(1, 5))	3	258
(2363, 72, 1560, t1) & (500, 80, 4619, t2=t1+(0, 8)) & (2363, 163, 4619, t3=t2+(0, 3)) -> (4619, 72, 500, t4=t3+(1, 5))	3	259
(3184, 87, 4776, t1) & (3154, 99, 4942, t2=t1+(0, 8)) & (4942, 139, 4776, t3=t2+(0, 4)) -> (4776, 87, 4776, t4=t3+(1, 5))	3	260
(2255, 169, 1855, t1) & (4157, 128, 4724, t2=t1+(0, 8)) & (2255, 100, 4724, t3=t2+(0, 5)) -> (2255, 169, 1855, t4=t3+(1, 7))	3	261
(909, 14, 4018, t1) & (2331, 174, 4390, t2=t1+(0, 5)) & (4390, 35, 909, t3=t2+(0, 3)) -> (2331, 14, 4018, t4=t3+(1, 2))	3	262
(2789, 99, 346, t1) & (2613, 192, 3082, t2=t1+(0, 8)) & (3082, 58, 2789, t3=t2+(0, 6)) -> (3082, 192, 346, t4=t3+(1, 2))	3	263
(1136, 130, 1548, t1) & (3057, 44, 4763, t2=t1+(0, 8)) & (3057, 100, 1548, t3=t2+(0, 6)) -> (1136, 44, 1548, t4=t3+(1, 5))	3	264
(3029, 150, 1550, t1) & (666, 141, 4657, t2=t1+(0, 1)) & (3029, 122, 666, t3=t2+(0, 8)) -> (3029, 122, 3029, t4=t3+(1, 10))	3	265
(2948, 108, 2337, t1) & (3044, 195, 1086, t2=t1+(0, 4)) & (2948, 31, 3044, t3=t2+(0, 6)) -> (3044, 31, 2337, t4=t3+(1, 6))	3	266
(3255, 160, 2027, t1) & (976, 34, 777, t2=t1+(0, 5)) & (3255, 2, 976, t3=t2+(0, 8)) -> (2027, 34, 3255, t4=t3+(1, 5))	3	267
(3171, 44, 218, t1) & (611, 45, 3134, t2=t1+(0, 7)) & (611, 75, 218, t3=t2+(0, 4)) -> (218, 44, 218, t4=t3+(1, 6))	3	268
(969, 6, 1850, t1) & (357, 92, 185, t2=t1+(0, 8)) & (1850, 69, 357, t3=t2+(0, 6)) -> (357, 69, 1850, t4=t3+(1, 3))	3	269
(4085, 22, 3039, t1) & (2405, 51, 4067, t2=t1+(0, 3)) & (4085, 92, 4067, t3=t2+(0, 7)) -> (2405, 92, 4067, t4=t3+(1, 5))	3	270
(4492, 26, 4098, t1) & (4104, 122, 1678, t2=t1+(0, 4)) & (4104, 181, 4098, t3=t2+(0, 5)) -> (4098, 26, 4492, t4=t3+(1, 2))	3	271
(4035, 81, 3895, t1) & (3918, 66, 4184, t2=t1+(0, 5)) & (3918, 197, 3895, t3=t2+(0, 3)) -> (4184, 81, 3918, t4=t3+(1, 5))	3	272
(3464, 37, 447, t1) & (3245, 25, 4133, t2=t1+(0, 8)) & (3464, 165, 4133, t3=t2+(0, 5)) -> (4133, 165, 4133, t4=t3+(1, 8))	3	273
(3400, 51, 2075, t1) & (2557, 133, 3201, t2=t1+(0, 3)) & (3201, 167, 3400, t3=t2+(0, 5)) -> (3400, 51, 2075, t4=t3+(1, 7))	3	274
(4422, 110, 4214, t1) & (3015, 194, 370, t2=t1+(0, 11)) & (4422, 157, 3015, t3=t2+(0, 7)) -> (3015, 110, 3015, t4=t3+(1, 1))	3	275
(2675, 185, 1345, t1) & (831, 185, 4528, t2=t1+(0, 1)) & (4528, 142, 2675, t3=t2+(0, 1)) -> (1345, 142, 4528, t4=t3+(1, 1))	3	276
(381, 18, 3092, t1) & (2672, 39, 4021, t2=t1+(0, 5)) & (4021, 22, 3092, t3=t2+(0, 4)) -> (3092, 18, 2672, t4=t3+(1, 10))	3	277
(2883, 153, 2627, t1) & (2837, 85, 2552, t2=t1+(0, 8)) & (2552, 115, 2627, t3=t2+(0, 8)) -> (2627, 85, 2552, t4=t3+(1, 5))	3	278
(2726, 179, 320, t1) & (2156, 21, 3077, t2=t1+(0, 7)) & (320, 23, 2156, t3=t2+(0, 5)) -> (320, 179, 2156, t4=t3+(1, 4))	3	279
(1137, 37, 2774, t1) & (1572, 165, 1084, t2=t1+(0, 7)) & (2774, 149, 1084, t3=t2+(0, 6)) -> (1084, 149, 1137, t4=t3+(1, 5))	3	280
(4044, 77, 1553, t1) & (2301, 198, 3780, t2=t1+(0, 10)) & (4044, 67, 2301, t3=t2+(0, 3)) -> (4044, 77, 4044, t4=t3+(1, 5))	3	281
(1271, 165, 2758, t1) & (796, 169, 1019, t2=t1+(0, 7)) & (796, 128, 1271, t3=t2+(0, 4)) -> (1271, 128, 1271, t4=t3+(1, 6))	3	282
(1774, 44, 4415, t1) & (1278, 152, 1573, t2=t1+(0, 5)) & (1774, 147, 1278, t3=t2+(0, 5)) -> (1278, 44, 1573, t4=t3+(1, 6))	3	283
(3484, 110, 1409, t1) & (1757, 96, 306, t2=t1+(0, 4)) & (306, 152, 1409, t3=t2+(0, 5)) -> (1757, 110, 1409, t4=t3+(1, 3))	3	284
(2414, 20, 3868, t1) & (3467, 16, 2003, t2=t1+(0, 8)) & (3868, 71, 2003, t3=t2+(0, 4)) -> (3868, 71, 3467, t4=t3+(1, 1))	3	285
(2349, 181, 4037, t1) & (375, 11, 4812, t2=t1+(0, 8)) & (375, 45, 2349, t3=t2+(0, 5)) -> (2349, 45, 375, t4=t3+(1, 3))	3	286
(2681, 188, 2582, t1) & (1806, 157, 1874, t2=t1+(0, 8)) & (1874, 64, 2681, t3=t2+(0, 2)) -> (1874, 64, 1874, t4=t3+(1, 7))	3	287
(1776, 62, 134, t1) & (1047, 140, 2761, t2=t1+(0, 4)) & (1047, 172, 1776, t3=t2+(0, 8)) -> (1776, 140, 1776, t4=t3+(1, 2))	3	288
(3551, 56, 1113, t1) & (4847, 138, 3834, t2=t1+(0, 4)) & (4847, 131, 1113, t3=t2+(0, 5)) -> (4847, 138, 1113, t4=t3+(1, 3))	3	289
(3167, 36, 451, t1) & (1077, 108, 4292, t2=t1+(0, 5)) & (4292, 131, 3167, t3=t2+(0, 2)) -> (4292, 131, 1077, t4=t3+(1, 4))	3	290
(334, 140, 3988, t1) & (3566, 191, 483, t2=t1+(0, 11)) & (334, 130, 3566, t3=t2+(0, 5)) -> (3988, 191, 483, t4=t3+(1, 9))	3	291
(608, 8, 459, t1) & (4529, 194, 45, t2=t1+(0, 1)) & (608, 90, 4529, t3=t2+(0, 6)) -> (459, 8, 45, t4=t3+(1, 9))	3	292
(2775, 159, 4891, t1) & (4754, 53, 1279, t2=t1+(0, 6)) & (4754, 137, 4891, t3=t2+(0, 3)) -> (4754, 53, 1279, t4=t3+(1, 5))	3	293
(4408, 125, 4221, t1) & (2342, 162, 3706, t2=t1+(0, 9)) & (4408, 122, 2342, t3=t2+(0, 3)) -> (4408, 125, 2342, t4=t3+(1, 5))	3	294
(628, 166, 2175, t1) & (4853, 47, 2987, t2=t1+(0, 2)) & (2987, 48, 628, t3=t2+(0, 8)) -> (2175, 48, 4853, t4=t3+(1, 6))	3	295
(1659, 125, 2493, t1) & (82, 139, 3209, t2=t1+(0, 5)) & (1659, 57, 3209, t3=t2+(0, 5)) -> (1659, 139, 2493, t4=t3+(1, 4))	3	296
(3294, 12, 2503, t1) & (4136, 50, 2357, t2=t1+(0, 6)) & (3294, 192, 4136, t3=t2+(0, 9)) -> (2357, 192, 2357, t4=t3+(1, 7))	3	297
(4683, 162, 1705, t1) & (4036, 113, 4486, t2=t1+(0, 7)) & (4486, 182, 4683, t3=t2+(0, 6)) -> (4036, 113, 4486, t4=t3+(1, 9))	3	298
(1580, 195, 3353, t1) & (2579, 197, 2788, t2=t1+(0, 5)) & (2788, 77, 3353, t3=t2+(0, 4)) -> (2788, 197, 3353, t4=t3+(1, 7))	3	299
(3439, 67, 386, t1) & (1437, 80, 746, t2=t1+(0, 8)) & (3439, 48, 1437, t3=t2+(0, 5)) -> (1437, 80, 746, t4=t3+(1, 6))	3	300
(1298, 84, 3287, t1) & (1860, 158, 4996, t2=t1+(0, 2)) & (1298, 86, 1860, t3=t2+(0, 8)) -> (1298, 84, 1860, t4=t3+(1, 7))	3	301
(872, 111, 1477, t1) & (2969, 61, 4770, t2=t1+(0, 4)) & (1477, 38, 4770, t3=t2+(0, 14)) -> (2969, 38, 1477, t4=t3+(1, 3))	3	302
(4027, 142, 577, t1) & (2637, 69, 4245, t2=t1+(0, 5)) & (4245, 136, 577, t3=t2+(0, 6)) -> (2637, 69, 577, t4=t3+(1, 3))	3	303
(4010, 93, 3144, t1) & (1094, 38, 3336, t2=t1+(0, 5)) & (3144, 15, 1094, t3=t2+(0, 0)) -> (3336, 15, 3144, t4=t3+(1, 12))	3	304
(2359, 48, 827, t1) & (4286, 173, 225, t2=t1+(0, 5)) & (225, 63, 2359, t3=t2+(0, 6)) -> (2359, 48, 225, t4=t3+(1, 7))	3	305
(2101, 69, 4343, t1) & (3204, 1, 2210, t2=t1+(0, 6)) & (3204, 183, 2101, t3=t2+(0, 10)) -> (3204, 183, 2101, t4=t3+(1, 10))	3	306
(1966, 6, 2651, t1) & (2989, 107, 3139, t2=t1+(0, 4)) & (2651, 127, 3139, t3=t2+(0, 5)) -> (3139, 6, 3139, t4=t3+(1, 5))	3	307
(3050, 145, 2292, t1) & (4929, 2, 4423, t2=t1+(0, 5)) & (2292, 101, 4423, t3=t2+(0, 6)) -> (4423, 2, 3050, t4=t3+(1, 4))	3	308
(1502, 56, 1203, t1) & (1632, 141, 3733, t2=t1+(0, 7)) & (1502, 103, 1632, t3=t2+(0, 5)) -> (1502, 103, 3733, t4=t3+(1, 2))	3	309
(1706, 96, 3335, t1) & (4867, 122, 2701, t2=t1+(0, 6)) & (3335, 190, 4867, t3=t2+(0, 8)) -> (2701, 190, 2701, t4=t3+(1, 3))	3	310
(4887, 12, 392, t1) & (1309, 170, 2412, t2=t1+(0, 7)) & (392, 5, 1309, t3=t2+(0, 3)) -> (4887, 12, 2412, t4=t3+(1, 5))	3	311
(443, 24, 2312, t1) & (4464, 24, 4715, t2=t1+(0, 5)) & (2312, 12, 4464, t3=t2+(0, 5)) -> (2312, 24, 443, t4=t3+(1, 7))	3	312
(1256, 182, 4270, t1) & (4567, 35, 2199, t2=t1+(0, 4)) & (2199, 14, 1256, t3=t2+(0, 7)) -> (2199, 182, 4270, t4=t3+(1, 1))	3	313
(3369, 151, 4238, t1) & (394, 123, 3156, t2=t1+(0, 7)) & (3156, 78, 4238, t3=t2+(0, 4)) -> (3156, 123, 3156, t4=t3+(1, 3))	3	314
(713, 41, 4940, t1) & (214, 12, 1213, t2=t1+(0, 4)) & (1213, 92, 713, t3=t2+(0, 5)) -> (214, 92, 1213, t4=t3+(1, 9))	3	315
(2616, 179, 4178, t1) & (4113, 187, 1446, t2=t1+(0, 9)) & (1446, 99, 2616, t3=t2+(0, 6)) -> (2616, 179, 4178, t4=t3+(1, 6))	3	316
(3207, 69, 4457, t1) & (4261, 69, 4412, t2=t1+(0, 2)) & (3207, 18, 4412, t3=t2+(0, 8)) -> (3207, 18, 4457, t4=t3+(1, 4))	3	317
(3346, 17, 2911, t1) & (3975, 86, 1520, t2=t1+(0, 2)) & (2911, 80, 3975, t3=t2+(0, 5)) -> (2911, 80, 2911, t4=t3+(1, 1))	3	318
(4250, 0, 4740, t1) & (1343, 11, 2859, t2=t1+(0, 6)) & (4740, 86, 2859, t3=t2+(0, 2)) -> (4250, 86, 4740, t4=t3+(1, 4))	3	319
(4274, 170, 1485, t1) & (2152, 87, 4710, t2=t1+(0, 4)) & (4710, 83, 1485, t3=t2+(0, 4)) -> (4710, 170, 2152, t4=t3+(1, 3))	3	320
(1623, 120, 2459, t1) & (4499, 35, 3615, t2=t1+(0, 5)) & (4499, 98, 1623, t3=t2+(0, 1)) -> (4499, 98, 2459, t4=t3+(1, 5))	3	321
(4259, 184, 1672, t1) & (2201, 61, 763, t2=t1+(0, 5)) & (2201, 44, 1672, t3=t2+(0, 6)) -> (763, 61, 1672, t4=t3+(1, 3))	3	322
(4050, 97, 2219, t1) & (3275, 133, 4615, t2=t1+(0, 3)) & (2219, 103, 4615, t3=t2+(0, 6)) -> (2219, 103, 4050, t4=t3+(1, 9))	3	323
(4621, 18, 298, t1) & (4897, 25, 2406, t2=t1+(0, 6)) & (4621, 34, 4897, t3=t2+(0, 2)) -> (298, 18, 298, t4=t3+(1, 3))	3	324
(4442, 109, 3639, t1) & (130, 6, 3510, t2=t1+(0, 4)) & (3639, 174, 130, t3=t2+(0, 4)) -> (130, 6, 130, t4=t3+(1, 3))	3	325
(1307, 125, 2463, t1) & (2858, 184, 2136, t2=t1+(0, 8)) & (2858, 104, 2463, t3=t2+(0, 9)) -> (2463, 125, 2463, t4=t3+(1, 5))	3	326
(628, 163, 4800, t1) & (4324, 65, 2305, t2=t1+(0, 9)) & (4324, 130, 628, t3=t2+(0, 7)) -> (2305, 130, 628, t4=t3+(1, 7))	3	327
(3213, 120, 1087, t1) & (944, 41, 4364, t2=t1+(0, 7)) & (3213, 20, 4364, t3=t2+(0, 4)) -> (1087, 41, 3213, t4=t3+(1, 2))	3	328
(3778, 11, 879, t1) & (3672, 78, 657, t2=t1+(0, 6)) & (657, 172, 879, t3=t2+(0, 6)) -> (879, 172, 879, t4=t3+(1, 2))	3	329
(4326, 158, 2078, t1) & (4705, 36, 1654, t2=t1+(0, 5)) & (2078, 43, 1654, t3=t2+(0, 5)) -> (2078, 158, 4326, t4=t3+(1, 6))	3	330
(3303, 57, 91, t1) & (526, 148, 2136, t2=t1+(0, 6)) & (2136, 108, 91, t3=t2+(0, 8)) -> (3303, 57, 2136, t4=t3+(1, 7))	3	331
(2582, 38, 3985, t1) & (1616, 51, 3046, t2=t1+(0, 5)) & (2582, 99, 1616, t3=t2+(0, 4)) -> (3985, 38, 2582, t4=t3+(1, 4))	3	332
(298, 143, 3232, t1) & (1246, 56, 4499, t2=t1+(0, 5)) & (4499, 151, 298, t3=t2+(0, 3)) -> (4499, 56, 3232, t4=t3+(1, 5))	3	333
(525, 13, 4417, t1) & (399, 11, 4638, t2=t1+(0, 5)) & (4638, 91, 4417, t3=t2+(0, 1)) -> (399, 13, 4417, t4=t3+(1, 6))	3	334
(4048, 124, 1472, t1) & (2605, 119, 2562, t2=t1+(0, 5)) & (1472, 30, 2562, t3=t2+(0, 4)) -> (2605, 119, 2562, t4=t3+(1, 6))	3	335
(3500, 104, 1491, t1) & (4805, 152, 263, t2=t1+(0, 6)) & (3500, 179, 263, t3=t2+(0, 6)) -> (4805, 179, 4805, t4=t3+(1, 4))	3	336
(1814, 45, 909, t1) & (3661, 43, 1902, t2=t1+(0, 4)) & (3661, 37, 909, t3=t2+(0, 5)) -> (909, 45, 3661, t4=t3+(1, 3))	3	337
(3905, 194, 3487, t1) & (620, 89, 1723, t2=t1+(0, 5)) & (1723, 128, 3487, t3=t2+(0, 3)) -> (3487, 89, 3905, t4=t3+(1, 1))	3	338
(3045, 27, 1884, t1) & (202, 3, 3086, t2=t1+(0, 7)) & (3045, 71, 202, t3=t2+(0, 7)) -> (3086, 71, 3045, t4=t3+(1, 4))	3	339
(1400, 18, 4121, t1) & (4824, 146, 537, t2=t1+(0, 8)) & (4121, 44, 537, t3=t2+(0, 5)) -> (4121, 44, 4121, t4=t3+(1, 5))	3	340
(222, 136, 3078, t1) & (2807, 167, 4268, t2=t1+(0, 6)) & (3078, 175, 4268, t3=t2+(0, 7)) -> (3078, 136, 4268, t4=t3+(1, 6))	3	341
(4906, 77, 4931, t1) & (1209, 104, 4113, t2=t1+(0, 3)) & (4931, 107, 1209, t3=t2+(0, 4)) -> (4931, 107, 4931, t4=t3+(1, 3))	3	342
(4187, 35, 1371, t1) & (1157, 195, 3242, t2=t1+(0, 4)) & (3242, 146, 1371, t3=t2+(0, 7)) -> (3242, 146, 1371, t4=t3+(1, 5))	3	343
(964, 94, 1480, t1) & (1599, 47, 4277, t2=t1+(0, 4)) & (4277, 85, 964, t3=t2+(0, 5)) -> (4277, 94, 964, t4=t3+(1, 7))	3	344
(392, 81, 2888, t1) & (1708, 38, 3233, t2=t1+(0, 4)) & (2888, 1, 3233, t3=t2+(0, 2)) -> (392, 38, 3233, t4=t3+(1, 7))	3	345
(3168, 81, 2445, t1) & (3364, 105, 4353, t2=t1+(0, 5)) & (2445, 154, 3364, t3=t2+(0, 6)) -> (3168, 105, 2445, t4=t3+(1, 6))	3	346
(4846, 34, 2238, t1) & (477, 195, 180, t2=t1+(0, 5)) & (180, 127, 4846, t3=t2+(0, 5)) -> (2238, 195, 180, t4=t3+(1, 2))	3	347
(4614, 67, 1036, t1) & (1032, 31, 3678, t2=t1+(0, 5)) & (1032, 36, 1036, t3=t2+(0, 7)) -> (1032, 67, 4614, t4=t3+(1, 4))	3	348
(2630, 115, 2385, t1) & (1802, 63, 1402, t2=t1+(0, 6)) & (1802, 97, 2385, t3=t2+(0, 5)) -> (1802, 115, 1802, t4=t3+(1, 5))	3	349
(3443, 1, 3236, t1) & (730, 110, 1576, t2=t1+(0, 11)) & (1576, 124, 3236, t3=t2+(0, 6)) -> (730, 110, 3236, t4=t3+(1, 5))	3	350
(1515, 69, 2536, t1) & (2342, 160, 651, t2=t1+(0, 2)) & (1515, 162, 2342, t3=t2+(0, 5)) -> (2536, 162, 1515, t4=t3+(1, 3))	3	351
(1121, 154, 3120, t1) & (75, 164, 4827, t2=t1+(0, 7)) & (3120, 176, 75, t3=t2+(0, 10)) -> (75, 176, 3120, t4=t3+(1, 6))	3	352
(2984, 79, 9, t1) & (3477, 93, 3639, t2=t1+(0, 6)) & (3639, 198, 2984, t3=t2+(0, 8)) -> (2984, 198, 2984, t4=t3+(1, 7))	3	353
(3983, 180, 1012, t1) & (383, 98, 2780, t2=t1+(0, 9)) & (3983, 171, 383, t3=t2+(0, 3)) -> (3983, 98, 383, t4=t3+(1, 5))	3	354
(1604, 82, 94, t1) & (4040, 196, 1769, t2=t1+(0, 3)) & (1604, 12, 1769, t3=t2+(0, 6)) -> (1769, 82, 1604, t4=t3+(1, 1))	3	355
(116, 141, 3555, t1) & (1291, 195, 3902, t2=t1+(0, 2)) & (3555, 148, 1291, t3=t2+(0, 4)) -> (3555, 141, 3555, t4=t3+(1, 2))	3	356
(2687, 26, 3084, t1) & (1047, 179, 4619, t2=t1+(0, 6)) & (1047, 40, 2687, t3=t2+(0, 7)) -> (1047, 40, 2687, t4=t3+(1, 4))	3	357
(984, 126, 2913, t1) & (1972, 65, 4068, t2=t1+(0, 6)) & (4068, 14, 984, t3=t2+(0, 5)) -> (984, 126, 984, t4=t3+(1, 6))	3	358
(257, 90, 952, t1) & (2105, 53, 3402, t2=t1+(0, 2)) & (3402, 159, 257, t3=t2+(0, 2)) -> (2105, 90, 257, t4=t3+(1, 6))	3	359
(2392, 24, 3855, t1) & (4135, 12, 3261, t2=t1+(0, 6)) & (2392, 58, 3261, t3=t2+(0, 3)) -> (4135, 24, 3855, t4=t3+(1, 5))	3	360
(3114, 121, 3773, t1) & (2344, 170, 27, t2=t1+(0, 8)) & (2344, 187, 3773, t3=t2+(0, 2)) -> (3773, 187, 3773, t4=t3+(1, 4))	3	361
(1485, 32, 2733, t1) & (2841, 54, 2521, t2=t1+(0, 6)) & (1485, 74, 2841, t3=t2+(0, 8)) -> (2841, 32, 2733, t4=t3+(1, 5))	3	362
(1443, 141, 4526, t1) & (540, 12, 3388, t2=t1+(0, 9)) & (1443, 148, 3388, t3=t2+(0, 4)) -> (3388, 12, 3388, t4=t3+(1, 5))	3	363
(579, 5, 1912, t1) & (4151, 67, 4478, t2=t1+(0, 4)) & (4478, 117, 579, t3=t2+(0, 9)) -> (1912, 117, 4478, t4=t3+(1, 7))	3	364
(4241, 104, 1111, t1) & (3357, 105, 3283, t2=t1+(0, 7)) & (3357, 46, 1111, t3=t2+(0, 3)) -> (1111, 46, 1111, t4=t3+(1, 4))	3	365
(3100, 63, 4113, t1) & (3992, 107, 827, t2=t1+(0, 3)) & (3100, 141, 827, t3=t2+(0, 10)) -> (3100, 107, 4113, t4=t3+(1, 5))	3	366
(2561, 175, 2992, t1) & (3232, 181, 3617, t2=t1+(0, 8)) & (2992, 1, 3232, t3=t2+(0, 4)) -> (3617, 1, 2992, t4=t3+(1, 2))	3	367
(3062, 167, 2344, t1) & (3754, 103, 1623, t2=t1+(0, 5)) & (2344, 159, 1623, t3=t2+(0, 8)) -> (2344, 159, 3062, t4=t3+(1, 5))	3	368
(3816, 25, 236, t1) & (840, 23, 816, t2=t1+(0, 3)) & (236, 33, 816, t3=t2+(0, 5)) -> (236, 23, 816, t4=t3+(1, 3))	3	369
(167, 120, 4443, t1) & (2080, 180, 824, t2=t1+(0, 4)) & (824, 184, 4443, t3=t2+(0, 6)) -> (167, 180, 824, t4=t3+(1, 9))	3	370
(1969, 124, 413, t1) & (3301, 102, 3051, t2=t1+(0, 5)) & (413, 32, 3051, t3=t2+(0, 2)) -> (413, 32, 3051, t4=t3+(1, 6))	3	371
(649, 109, 4688, t1) & (2794, 20, 3729, t2=t1+(0, 3)) & (4688, 109, 2794, t3=t2+(0, 9)) -> (3729, 109, 4688, t4=t3+(1, 1))	3	372
(2796, 195, 4639, t1) & (3359, 64, 4853, t2=t1+(0, 6)) & (2796, 120, 4853, t3=t2+(0, 6)) -> (4639, 120, 2796, t4=t3+(1, 2))	3	373
(2747, 142, 4174, t1) & (2590, 176, 3124, t2=t1+(0, 3)) & (4174, 98, 2590, t3=t2+(0, 6)) -> (3124, 176, 4174, t4=t3+(1, 3))	3	374
(1237, 6, 905, t1) & (4012, 54, 4953, t2=t1+(0, 5)) & (4953, 76, 905, t3=t2+(0, 5)) -> (905, 54, 905, t4=t3+(1, 8))	3	375
(2403, 37, 4555, t1) & (3030, 16, 708, t2=t1+(0, 3)) & (2403, 193, 3030, t3=t2+(0, 6)) -> (3030, 37, 2403, t4=t3+(1, 3))	3	376
(1106, 61, 2140, t1) & (500, 184, 3235, t2=t1+(0, 2)) & (500, 188, 2140, t3=t2+(0, 4)) -> (2140, 61, 2140, t4=t3+(1, 4))	3	377
(4698, 192, 3832, t1) & (3529, 61, 361, t2=t1+(0, 6)) & (3529, 136, 3832, t3=t2+(0, 6)) -> (4698, 136, 4698, t4=t3+(1, 5))	3	378
(2904, 132, 596, t1) & (4436, 50, 4222, t2=t1+(0, 5)) & (4222, 176, 596, t3=t2+(0, 6)) -> (4222, 176, 596, t4=t3+(1, 4))	3	379
(284, 3, 1687, t1) & (4535, 138, 3000, t2=t1+(0, 4)) & (3000, 191, 1687, t3=t2+(0, 4)) -> (1687, 138, 3000, t4=t3+(1, 2))	3	380
(3683, 53, 1464, t1) & (811, 142, 1762, t2=t1+(0, 8)) & (811, 175, 3683, t3=t2+(0, 3)) -> (3683, 175, 1762, t4=t3+(1, 8))	3	381
(2258, 14, 3416, t1) & (1867, 42, 4434, t2=t1+(0, 1)) & (1867, 152, 2258, t3=t2+(0, 2)) -> (2258, 152, 2258, t4=t3+(1, 7))	3	382
(2172, 19, 2154, t1) & (3176, 190, 264, t2=t1+(0, 4)) & (3176, 168, 2172, t3=t2+(0, 8)) -> (3176, 168, 264, t4=t3+(1, 8))	3	383
(31, 14, 188, t1) & (751, 155, 1257, t2=t1+(0, 4)) & (188, 17, 751, t3=t2+(0, 6)) -> (188, 17, 188, t4=t3+(1, 2))	3	384
(4804, 60, 2243, t1) & (3780, 91, 4238, t2=t1+(0, 7)) & (4238, 160, 2243, t3=t2+(0, 2)) -> (4804, 160, 2243, t4=t3+(1, 6))	3	385
(4292, 32, 3472, t1) & (3109, 10, 2804, t2=t1+(0, 2)) & (4292, 23, 3109, t3=t2+(0, 9)) -> (2804, 23, 2804, t4=t3+(1, 2))	3	386
(1761, 64, 3490, t1) & (527, 50, 2774, t2=t1+(0, 4)) & (3490, 90, 527, t3=t2+(0, 5)) -> (527, 64, 527, t4=t3+(1, 10))	3	387
(2029, 114, 3566, t1) & (2222, 51, 1184, t2=t1+(0, 4)) & (1184, 27, 3566, t3=t2+(0, 5)) -> (3566, 51, 3566, t4=t3+(1, 9))	3	388
(673, 13, 2254, t1) & (261, 102, 2427, t2=t1+(0, 7)) & (2427, 68, 673, t3=t2+(0, 3)) -> (2427, 68, 261, t4=t3+(1, 9))	3	389
(4599, 155, 899, t1) & (2245, 135, 3576, t2=t1+(0, 5)) & (4599, 17, 3576, t3=t2+(0, 3)) -> (3576, 135, 2245, t4=t3+(1, 11))	3	390
(4477, 10, 2532, t1) & (4138, 186, 2821, t2=t1+(0, 9)) & (4138, 81, 4477, t3=t2+(0, 6)) -> (2821, 81, 2532, t4=t3+(1, 4))	3	391
(1893, 149, 996, t1) & (2613, 125, 2505, t2=t1+(0, 5)) & (2613, 55, 1893, t3=t2+(0, 8)) -> (1893, 149, 2505, t4=t3+(1, 3))	3	392
(4520, 184, 4764, t1) & (1255, 96, 1916, t2=t1+(0, 4)) & (1255, 47, 4764, t3=t2+(0, 2)) -> (1255, 47, 1255, t4=t3+(1, 3))	3	393
(4198, 39, 1124, t1) & (912, 27, 3949, t2=t1+(0, 6)) & (912, 161, 4198, t3=t2+(0, 1)) -> (1124, 27, 4198, t4=t3+(1, 4))	3	394
(361, 48, 627, t1) & (4237, 129, 125, t2=t1+(0, 1)) & (4237, 69, 361, t3=t2+(0, 2)) -> (4237, 129, 125, t4=t3+(1, 2))	3	395
(1141, 119, 437, t1) & (299, 177, 2141, t2=t1+(0, 7)) & (1141, 21, 299, t3=t2+(0, 4)) -> (1141, 21, 2141, t4=t3+(1, 9))	3	396
(943, 116, 4081, t1) & (2605, 135, 3309, t2=t1+(0, 5)) & (2605, 192, 943, t3=t2+(0, 2)) -> (2605, 116, 943, t4=t3+(1, 2))	3	397
(4415, 6, 1647, t1) & (813, 124, 1664, t2=t1+(0, 11)) & (813, 62, 4415, t3=t2+(0, 5)) -> (4415, 6, 813, t4=t3+(1, 9))	3	398
(418, 138, 4762, t1) & (3611, 147, 1094, t2=t1+(0, 4)) & (1094, 190, 418, t3=t2+(0, 5)) -> (418, 190, 4762, t4=t3+(1, 5))	3	399
(4618, 65, 3340, t1) & (3340, 91, 70, t2=t1+(0, 6)) -> (70, 65, 4618, t3=t2+(1, 4))	2	400
(3207, 101, 807, t1) & (2733, 8, 807, t2=t1+(0, 3)) -> (807, 8, 807, t3=t2+(1, 7))	2	401
(2293, 11, 1095, t1) & (1095, 68, 1095, t2=t1+(0, 3)) -> (1095, 68, 1095, t3=t2+(1, 5))	2	402
(1478, 102, 803, t1) & (4090, 187, 803, t2=t1+(0, 5)) -> (803, 102, 4090, t3=t2+(1, 5))	2	403
(4065, 133, 1958, t1) & (4065, 111, 4065, t2=t1+(0, 4)) -> (4065, 111, 4065, t3=t2+(1, 5))	2	404
(1437, 138, 4455, t1) & (1437, 38, 1437, t2=t1+(0, 4)) -> (1437, 138, 1437, t3=t2+(1, 6))	2	405
(2711, 160, 2158, t1) & (2237, 94, 2711, t2=t1+(0, 8)) -> (2711, 160, 2237, t3=t2+(1, 8))	2	406
(1773, 64, 1820, t1) & (1820, 187, 1179, t2=t1+(0, 4)) -> (1179, 64, 1773, t3=t2+(1, 8))	2	407
(4658, 35, 2603, t1) & (4658, 199, 4658, t2=t1+(0, 3)) -> (4658, 199, 4658, t3=t2+(1, 7))	2	408
(2087, 136, 21, t1) & (4237, 16, 2087, t2=t1+(0, 9)) -> (21, 136, 21, t3=t2+(1, 5))	2	409
(901, 17, 4083, t1) & (901, 167, 4083, t2=t1+(0, 4)) -> (901, 167, 901, t3=t2+(1, 8))	2	410
(1935, 3, 251, t1) & (1935, 28, 178, t2=t1+(0, 2)) -> (1935, 3, 251, t3=t2+(1, 2))	2	411
(2918, 183, 1904, t1) & (2918, 30, 2918, t2=t1+(0, 6)) -> (2918, 30, 1904, t3=t2+(1, 2))	2	412
(4282, 106, 2897, t1) & (4282, 165, 4951, t2=t1+(0, 5)) -> (2897, 106, 2897, t3=t2+(1, 4))	2	413
(2811, 74, 4860, t1) & (2811, 191, 1626, t2=t1+(0, 2)) -> (4860, 74, 2811, t3=t2+(1, 3))	2	414
(4296, 122, 3455, t1) & (3131, 181, 4296, t2=t1+(0, 5)) -> (3455, 181, 4296, t3=t2+(1, 4))	2	415
(956, 39, 812, t1) & (812, 41, 956, t2=t1+(0, 3)) -> (956, 41, 956, t3=t2+(1, 6))	2	416
(2825, 62, 431, t1) & (2608, 51, 2825, t2=t1+(0, 2)) -> (431, 62, 2608, t3=t2+(1, 7))	2	417
(4946, 192, 1861, t1) & (2487, 46, 1861, t2=t1+(0, 10)) -> (1861, 192, 4946, t3=t2+(1, 3))	2	418
(485, 45, 2558, t1) & (485, 148, 4950, t2=t1+(0, 9)) -> (4950, 45, 2558, t3=t2+(1, 6))	2	419
(217, 88, 63, t1) & (217, 99, 63, t2=t1+(0, 3)) -> (63, 99, 217, t3=t2+(1, 1))	2	420
(2671, 175, 4200, t1) & (4200, 64, 3617, t2=t1+(0, 6)) -> (4200, 64, 2671, t3=t2+(1, 7))	2	421
(3125, 94, 2549, t1) & (2549, 171, 4970, t2=t1+(0, 3)) -> (4970, 94, 2549, t3=t2+(1, 3))	2	422
(4934, 172, 2238, t1) & (987, 118, 2238, t2=t1+(0, 0)) -> (2238, 172, 4934, t3=t2+(1, 3))	2	423
(1250, 49, 3848, t1) & (3848, 27, 3848, t2=t1+(0, 7)) -> (1250, 27, 3848, t3=t2+(1, 6))	2	424
(1928, 56, 1176, t1) & (110, 191, 1928, t2=t1+(0, 5)) -> (110, 191, 1928, t3=t2+(1, 6))	2	425
(4098, 64, 2359, t1) & (2359, 20, 3977, t2=t1+(0, 7)) -> (2359, 64, 4098, t3=t2+(1, 5))	2	426
(2307, 77, 2451, t1) & (2451, 110, 4337, t2=t1+(0, 5)) -> (2451, 110, 2307, t3=t2+(1, 1))	2	427
(1812, 112, 3936, t1) & (1812, 115, 3936, t2=t1+(0, 6)) -> (3936, 112, 1812, t3=t2+(1, 3))	2	428
(4374, 195, 565, t1) & (1106, 196, 565, t2=t1+(0, 9)) -> (1106, 196, 1106, t3=t2+(1, 4))	2	429
(4650, 10, 3788, t1) & (4650, 140, 3788, t2=t1+(0, 7)) -> (4650, 140, 3788, t3=t2+(1, 3))	2	430
(1069, 17, 3004, t1) & (3004, 116, 4739, t2=t1+(0, 2)) -> (4739, 17, 3004, t3=t2+(1, 3))	2	431
(4622, 116, 683, t1) & (4622, 141, 2000, t2=t1+(0, 6)) -> (4622, 141, 683, t3=t2+(1, 6))	2	432
(4034, 17, 2470, t1) & (4137, 49, 4034, t2=t1+(0, 4)) -> (4034, 17, 4034, t3=t2+(1, 4))	2	433
(3377, 180, 1104, t1) & (3377, 43, 3980, t2=t1+(0, 2)) -> (3377, 180, 1104, t3=t2+(1, 5))	2	434
(2962, 89, 507, t1) & (2962, 172, 2962, t2=t1+(0, 4)) -> (507, 172, 2962, t3=t2+(1, 3))	2	435
(1960, 35, 33, t1) & (1960, 114, 2033, t2=t1+(0, 7)) -> (2033, 35, 33, t3=t2+(1, 7))	2	436
(1713, 121, 2428, t1) & (2428, 163, 2428, t2=t1+(0, 3)) -> (2428, 121, 2428, t3=t2+(1, 4))	2	437
(173, 92, 2706, t1) & (173, 69, 1660, t2=t1+(0, 5)) -> (2706, 92, 173, t3=t2+(1, 8))	2	438
(1831, 8, 3243, t1) & (3243, 179, 154, t2=t1+(0, 7)) -> (3243, 179, 154, t3=t2+(1, 2))	2	439
(4988, 16, 1130, t1) & (4988, 126, 1130, t2=t1+(0, 4)) -> (1130, 126, 4988, t3=t2+(1, 3))	2	440
(4718, 89, 3418, t1) & (3517, 127, 4718, t2=t1+(0, 7)) -> (4718, 89, 3418, t3=t2+(1, 5))	2	441
(388, 95, 1471, t1) & (388, 197, 388, t2=t1+(0, 8)) -> (388, 197, 388, t3=t2+(1, 4))	2	442
(553, 61, 2754, t1) & (253, 140, 2754, t2=t1+(0, 3)) -> (2754, 140, 2754, t3=t2+(1, 5))	2	443
(890, 141, 432, t1) & (432, 190, 1200, t2=t1+(0, 7)) -> (890, 141, 1200, t3=t2+(1, 3))	2	444
(3987, 22, 2280, t1) & (3987, 113, 3987, t2=t1+(0, 2)) -> (3987, 113, 3987, t3=t2+(1, 7))	2	445
(876, 145, 4297, t1) & (876, 83, 876, t2=t1+(0, 5)) -> (876, 83, 876, t3=t2+(1, 5))	2	446
(815, 66, 17, t1) & (2107, 169, 815, t2=t1+(0, 6)) -> (17, 66, 815, t3=t2+(1, 7))	2	447
(2724, 26, 1055, t1) & (1063, 0, 2724, t2=t1+(0, 8)) -> (2724, 26, 1055, t3=t2+(1, 4))	2	448
(2787, 155, 3284, t1) & (3284, 47, 2787, t2=t1+(0, 1)) -> (3284, 155, 3284, t3=t2+(1, 7))	2	449
(248, 135, 3236, t1) & (4383, 158, 3236, t2=t1+(0, 2)) -> (248, 158, 248, t3=t2+(1, 5))	2	450
(1561, 146, 204, t1) & (1561, 165, 3155, t2=t1+(0, 7)) -> (1561, 146, 3155, t3=t2+(1, 4))	2	451
(929, 134, 2473, t1) & (929, 142, 3823, t2=t1+(0, 3)) -> (2473, 134, 929, t3=t2+(1, 3))	2	452
(4673, 3, 4684, t1) & (4673, 86, 4457, t2=t1+(0, 4)) -> (4457, 3, 4673, t3=t2+(1, 4))	2	453
(3154, 71, 545, t1) & (545, 96, 4544, t2=t1+(0, 8)) -> (545, 71, 545, t3=t2+(1, 1))	2	454
(3772, 8, 1899, t1) & (1899, 141, 3772, t2=t1+(0, 7)) -> (1899, 141, 1899, t3=t2+(1, 2))	2	455
(955, 187, 2971, t1) & (955, 0, 2971, t2=t1+(0, 7)) -> (2971, 0, 2971, t3=t2+(1, 5))	2	456
(3129, 148, 2769, t1) & (3129, 164, 4952, t2=t1+(0, 5)) -> (3129, 148, 3129, t3=t2+(1, 5))	2	457
(4455, 107, 3742, t1) & (3742, 40, 4455, t2=t1+(0, 11)) -> (4455, 40, 3742, t3=t2+(1, 5))	2	458
(2171, 49, 1609, t1) & (3254, 53, 2171, t2=t1+(0, 3)) -> (1609, 53, 2171, t3=t2+(1, 5))	2	459
(688, 179, 404, t1) & (688, 148, 2521, t2=t1+(0, 6)) -> (688, 148, 688, t3=t2+(1, 5))	2	460
(1919, 25, 607, t1) & (607, 140, 607, t2=t1+(0, 6)) -> (607, 140, 607, t3=t2+(1, 2))	2	461
(2598, 134, 2176, t1) & (2176, 101, 2125, t2=t1+(0, 4)) -> (2598, 134, 2176, t3=t2+(1, 6))	2	462
(4950, 147, 3518, t1) & (3518, 55, 1331, t2=t1+(0, 4)) -> (1331, 147, 3518, t3=t2+(1, 6))	2	463
(3502, 1, 3191, t1) & (3502, 99, 3191, t2=t1+(0, 7)) -> (3502, 99, 3502, t3=t2+(1, 4))	2	464
(21, 152, 2641, t1) & (21, 34, 2641, t2=t1+(0, 5)) -> (2641, 34, 21, t3=t2+(1, 5))	2	465
(3315, 97, 463, t1) & (463, 23, 2481, t2=t1+(0, 3)) -> (463, 97, 463, t3=t2+(1, 4))	2	466
(1998, 168, 3600, t1) & (1854, 25, 1998, t2=t1+(0, 4)) -> (1998, 25, 1998, t3=t2+(1, 4))	2	467
(4676, 158, 2576, t1) & (1031, 8, 2576, t2=t1+(0, 5)) -> (2576, 8, 2576, t3=t2+(1, 6))	2	468
(2956, 186, 3134, t1) & (2956, 33, 3662, t2=t1+(0, 5)) -> (3662, 186, 2956, t3=t2+(1, 6))	2	469
(3193, 79, 2997, t1) & (869, 130, 2997, t2=t1+(0, 7)) -> (3193, 130, 2997, t3=t2+(1, 6))	2	470
(763, 102, 4739, t1) & (763, 140, 2642, t2=t1+(0, 5)) -> (763, 140, 4739, t3=t2+(1, 10))	2	471
(2384, 194, 2154, t1) & (2154, 78, 3313, t2=t1+(0, 7)) -> (3313, 78, 3313, t3=t2+(1, 7))	2	472
(1364, 77, 3044, t1) & (3819, 90, 3044, t2=t1+(0, 5)) -> (3044, 90, 1364, t3=t2+(1, 4))	2	473
(4208, 78, 4989, t1) & (1885, 89, 4989, t2=t1+(0, 6)) -> (4989, 78, 4989, t3=t2+(1, 4))	2	474
(4758, 82, 3295, t1) & (918, 127, 3295, t2=t1+(0, 6)) -> (3295, 82, 3295, t3=t2+(1, 8))	2	475
(646, 151, 2218, t1) & (646, 91, 646, t2=t1+(0, 2)) -> (646, 151, 646, t3=t2+(1, 5))	2	476
(2539, 37, 286, t1) & (1627, 37, 2539, t2=t1+(0, 8)) -> (2539, 37, 1627, t3=t2+(1, 10))	2	477
(49, 191, 3151, t1) & (49, 10, 4283, t2=t1+(0, 9)) -> (49, 10, 4283, t3=t2+(1, 8))	2	478
(3663, 42, 4611, t1) & (4611, 38, 4611, t2=t1+(0, 5)) -> (4611, 38, 3663, t3=t2+(1, 7))	2	479
(1704, 21, 2384, t1) & (2384, 96, 2487, t2=t1+(0, 7)) -> (2384, 21, 2384, t3=t2+(1, 4))	2	480
(4095, 173, 2357, t1) & (4095, 40, 2357, t2=t1+(0, 3)) -> (2357, 40, 4095, t3=t2+(1, 2))	2	481
(2514, 116, 1301, t1) & (1301, 22, 1301, t2=t1+(0, 3)) -> (1301, 116, 1301, t3=t2+(1, 6))	2	482
(4247, 72, 3458, t1) & (4247, 135, 3458, t2=t1+(0, 7)) -> (4247, 72, 3458, t3=t2+(1, 11))	2	483
(3525, 7, 3600, t1) & (171, 41, 3600, t2=t1+(0, 4)) -> (3600, 7, 3600, t3=t2+(1, 5))	2	484
(1763, 127, 1953, t1) & (1953, 115, 1763, t2=t1+(0, 5)) -> (1763, 127, 1953, t3=t2+(1, 4))	2	485
(3406, 67, 2364, t1) & (2364, 88, 3406, t2=t1+(0, 2)) -> (3406, 88, 2364, t3=t2+(1, 3))	2	486
(1473, 153, 3482, t1) & (2270, 55, 1473, t2=t1+(0, 3)) -> (3482, 153, 2270, t3=t2+(1, 4))	2	487
(180, 12, 925, t1) & (180, 23, 925, t2=t1+(0, 4)) -> (925, 23, 180, t3=t2+(1, 4))	2	488
(1127, 5, 1702, t1) & (3921, 168, 1127, t2=t1+(0, 6)) -> (1127, 168, 1127, t3=t2+(1, 5))	2	489
(565, 198, 3785, t1) & (565, 134, 3785, t2=t1+(0, 4)) -> (565, 134, 3785, t3=t2+(1, 3))	2	490
(3117, 68, 4970, t1) & (4970, 28, 4222, t2=t1+(0, 7)) -> (4970, 28, 4970, t3=t2+(1, 6))	2	491
(3097, 137, 3923, t1) & (4081, 137, 3923, t2=t1+(0, 8)) -> (3923, 137, 4081, t3=t2+(1, 2))	2	492
(2023, 52, 2657, t1) & (2657, 131, 4956, t2=t1+(0, 4)) -> (4956, 131, 2657, t3=t2+(1, 6))	2	493
(2645, 101, 4085, t1) & (2645, 36, 4085, t2=t1+(0, 7)) -> (2645, 36, 4085, t3=t2+(1, 7))	2	494
(124, 180, 1246, t1) & (4987, 69, 1246, t2=t1+(0, 7)) -> (1246, 180, 124, t3=t2+(1, 4))	2	495
(1505, 172, 330, t1) & (1505, 136, 1505, t2=t1+(0, 6)) -> (1505, 136, 1505, t3=t2+(1, 4))	2	496
(1740, 41, 3643, t1) & (3643, 45, 877, t2=t1+(0, 3)) -> (3643, 45, 1740, t3=t2+(1, 6))	2	497
(2775, 39, 4256, t1) & (379, 82, 4256, t2=t1+(0, 9)) -> (2775, 39, 2775, t3=t2+(1, 10))	2	498
(2371, 27, 1726, t1) & (1726, 158, 3783, t2=t1+(0, 2)) -> (1726, 27, 1726, t3=t2+(1, 4))	2	499
(1861, 92, 3818, t1) -> (3818, 92, 1861, t2=t1+(1, 8))	1	500
(2649, 86, 2609, t1) -> (2609, 86, 2649, t2=t1+(1, 3))	1	501
(69, 113, 1580, t1) -> (69, 113, 1580, t2=t1+(1, 8))	1	502
(1599, 55, 310, t1) -> (310, 55, 1599, t2=t1+(1, 3))	1	503
(2943, 15, 23, t1) -> (2943, 15, 23, t2=t1+(1, 4))	1	504
(1361, 97, 229, t1) -> (229, 97, 1361, t2=t1+(1, 12))	1	505
(3796, 12, 586, t1) -> (586, 12, 3796, t2=t1+(1, 5))	1	506
(3507, 147, 323, t1) -> (3507, 147, 3507, t2=t1+(1, 7))	1	507
(273, 9, 3574, t1) -> (3574, 9, 3574, t2=t1+(1, 7))	1	508
(4994, 10, 3838, t1) -> (4994, 10, 3838, t2=t1+(1, 6))	1	509
(3265, 129, 2038, t1) -> (3265, 129, 3265, t2=t1+(1, 8))	1	510
(714, 136, 2357, t1) -> (2357, 136, 714, t2=t1+(1, 7))	1	511
(2459, 98, 4940, t1) -> (2459, 98, 4940, t2=t1+(1, 4))	1	512
(1066, 187, 33, t1) -> (1066, 187, 33, t2=t1+(1, 7))	1	513
(1957, 144, 2512, t1) -> (2512, 144, 1957, t2=t1+(1, 6))	1	514
(3277, 66, 2306, t1) -> (2306, 66, 3277, t2=t1+(1, 8))	1	515
(4462, 187, 1920, t1) -> (1920, 187, 1920, t2=t1+(1, 3))	1	516
(1392, 181, 4558, t1) -> (4558, 181, 4558, t2=t1+(1, 5))	1	517
(1291, 111, 3397, t1) -> (1291, 111, 1291, t2=t1+(1, 8))	1	518
(4515, 128, 1475, t1) -> (4515, 128, 1475, t2=t1+(1, 6))	1	519
(1261, 188, 813, t1) -> (813, 188, 813, t2=t1+(1, 13))	1	520
(4494, 189, 2571, t1) -> (2571, 189, 2571, t2=t1+(1, 5))	1	521
(1070, 97, 4180, t1) -> (1070, 97, 1070, t2=t1+(1, 3))	1	522
(267, 45, 285, t1) -> (285, 45, 267, t2=t1+(1, 5))	1	523
(715, 135, 1905, t1) -> (1905, 135, 715, t2=t1+(1, 9))	1	524
