(2386, 194, 670, t1) & (4139, 17, 3041, t2=t1+(0, 2)) & (3041, 194, 670, t3=t2+(0, 8)) -> (3041, 194, 670, t4=t3+(1, 7))	3	0
(2465, 105, 743, t1) & (4127, 98, 1227, t2=t1+(0, 4)) & (743, 14, 1227, t3=t2+(0, 8)) -> (1227, 14, 4127, t4=t3+(1, 5))	3	1
(2741, 154, 4656, t1) & (3146, 13, 418, t2=t1+(0, 8)) & (2741, 139, 418, t3=t2+(0, 2)) -> (418, 154, 2741, t4=t3+(1, 7))	3	2
(4005, 166, 4268, t1) & (1732, 35, 4953, t2=t1+(0, 10)) & (4005, 92, 4953, t3=t2+(0, 3)) -> (4268, 35, 4005, t4=t3+(1, 1))	3	3
(2641, 153, 3074, t1) & (81, 162, 3340, t2=t1+(0, 2)) & (81, 190, 2641, t3=t2+(0, 2)) -> (81, 162, 2641, t4=t3+(1, 9))	3	4
(1623, 138, 929, t1) & (3387, 84, 2739, t2=t1+(0, 8)) & (3387, 16, 929, t3=t2+(0, 9)) -> (2739, 84, 3387, t4=t3+(1, 5))	3	5
(4643, 119, 3487, t1) & (341, 186, 3550, t2=t1+(0, 7)) & (4643, 167, 3550, t3=t2+(0, 7)) -> (3550, 119, 3550, t4=t3+(1, 6))	3	6
(652, 82, 4819, t1) & (556, 42, 1449, t2=t1+(0, 8)) & (556, 80, 4819, t3=t2+(0, 3)) -> (1449, 42, 652, t4=t3+(1, 7))	3	7
(109, 38, 4891, t1) & (1780, 102, 2979, t2=t1+(0, 5)) & (1780, 189, 109, t3=t2+(0, 8)) -> (109, 102, 109, t4=t3+(1, 3))	3	8
(2487, 29, 2195, t1) & (534, 48, 467, t2=t1+(0, 6)) & (534, 56, 2487, t3=t2+(0, 7)) -> (2487, 29, 2487, t4=t3+(1, 4))	3	9
(2246, 93, 4066, t1) & (239, 84, 4906, t2=t1+(0, 8)) & (2246, 87, 4906, t3=t2+(0, 6)) -> (2246, 87, 4066, t4=t3+(1, 5))	3	10
(1320, 157, 2102, t1) & (2484, 102, 189, t2=t1+(0, 5)) & (2484, 164, 1320, t3=t2+(0, 4)) -> (189, 164, 2102, t4=t3+(1, 8))	3	11
(2528, 117, 4968, t1) & (3056, 155, 4701, t2=t1+(0, 4)) & (2528, 75, 4701, t3=t2+(0, 4)) -> (2528, 75, 2528, t4=t3+(1, 2))	3	12
(4782, 172, 4500, t1) & (4326, 162, 15, t2=t1+(0, 4)) & (4782, 160, 15, t3=t2+(0, 3)) -> (4782, 172, 4500, t4=t3+(1, 7))	3	13
(2405, 136, 460, t1) & (4623, 81, 2419, t2=t1+(0, 7)) & (2419, 19, 460, t3=t2+(0, 5)) -> (4623, 81, 2419, t4=t3+(1, 5))	3	14
(2350, 107, 1526, t1) & (3264, 149, 517, t2=t1+(0, 3)) & (2350, 71, 3264, t3=t2+(0, 4)) -> (2350, 107, 517, t4=t3+(1, 4))	3	15
(2081, 153, 1534, t1) & (120, 15, 2338, t2=t1+(0, 7)) & (2081, 6, 120, t3=t2+(0, 9)) -> (2081, 6, 120, t4=t3+(1, 2))	3	16
(1394, 10, 4761, t1) & (1756, 14, 1251, t2=t1+(0, 8)) & (1251, 11, 1394, t3=t2+(0, 1)) -> (1394, 11, 1251, t4=t3+(1, 5))	3	17
(773, 188, 2336, t1) & (3539, 93, 3430, t2=t1+(0, 5)) & (3539, 168, 2336, t3=t2+(0, 5)) -> (773, 188, 3539, t4=t3+(1, 4))	3	18
(4666, 65, 4151, t1) & (3670, 22, 3464, t2=t1+(0, 6)) & (4151, 28, 3670, t3=t2+(0, 3)) -> (4151, 28, 3670, t4=t3+(1, 4))	3	19
(4685, 25, 697, t1) & (1714, 4, 2693, t2=t1+(0, 5)) & (2693, 111, 4685, t3=t2+(0, 6)) -> (697, 25, 4685, t4=t3+(1, 6))	3	20
(2892, 49, 2432, t1) & (4564, 142, 2935, t2=t1+(0, 3)) & (2892, 179, 4564, t3=t2+(0, 9)) -> (2935, 49, 2935, t4=t3+(1, 10))	3	21
(763, 55, 3887, t1) & (1375, 167, 1507, t2=t1+(0, 3)) & (1507, 94, 3887, t3=t2+(0, 7)) -> (763, 167, 3887, t4=t3+(1, 4))	3	22
(1959, 46, 155, t1) & (4313, 48, 2999, t2=t1+(0, 5)) & (2999, 140, 1959, t3=t2+(0, 4)) -> (2999, 48, 4313, t4=t3+(1, 5))	3	23
(253, 43, 3125, t1) & (3965, 147, 1750, t2=t1+(0, 1)) & (253, 131, 3965, t3=t2+(0, 8)) -> (3965, 147, 253, t4=t3+(1, 3))	3	24
(2507, 195, 142, t1) & (3822, 165, 4887, t2=t1+(0, 5)) & (2507, 133, 3822, t3=t2+(0, 8)) -> (3822, 165, 4887, t4=t3+(1, 3))	3	25
(836, 77, 3645, t1) & (3396, 113, 2152, t2=t1+(0, 9)) & (3396, 127, 3645, t3=t2+(0, 4)) -> (836, 113, 2152, t4=t3+(1, 3))	3	26
(4772, 188, 4077, t1) & (1544, 194, 4778, t2=t1+(0, 6)) & (4077, 75, 1544, t3=t2+(0, 5)) -> (1544, 194, 4077, t4=t3+(1, 8))	3	27
(2274, 99, 847, t1) & (3745, 37, 3055, t2=t1+(0, 7)) & (847, 171, 3745, t3=t2+(0, 6)) -> (847, 99, 847, t4=t3+(1, 10))	3	28
(1135, 35, 1315, t1) & (3504, 122, 925, t2=t1+(0, 6)) & (925, 166, 1315, t3=t2+(0, 3)) -> (3504, 166, 3504, t4=t3+(1, 5))	3	29
(3522, 189, 716, t1) & (2542, 30, 3540, t2=t1+(0, 2)) & (716, 160, 3540, t3=t2+(0, 2)) -> (3522, 30, 3540, t4=t3+(1, 3))	3	30
(1175, 193, 3364, t1) & (2466, 89, 4391, t2=t1+(0, 4)) & (2466, 0, 1175, t3=t2+(0, 8)) -> (2466, 89, 2466, t4=t3+(1, 2))	3	31
(4270, 49, 1835, t1) & (1992, 189, 1075, t2=t1+(0, 6)) & (1835, 1, 1992, t3=t2+(0, 5)) -> (1835, 189, 1992, t4=t3+(1, 5))	3	32
(227, 176, 4747, t1) & (2289, 114, 2862, t2=t1+(0, 7)) & (2862, 122, 227, t3=t2+(0, 3)) -> (227, 114, 2862, t4=t3+(1, 4))	3	33
(42, 87, 3828, t1) & (2005, 49, 2479, t2=t1+(0, 5)) & (2479, 32, 42, t3=t2+(0, 5)) -> (2005, 49, 2479, t4=t3+(1, 5))	3	34
(3248, 65, 1936, t1) & (4466, 157, 3936, t2=t1+(0, 6)) & (1936, 107, 3936, t3=t2+(0, 3)) -> (4466, 107, 1936, t4=t3+(1, 8))	3	35
(847, 25, 3651, t1) & (1217, 180, 3162, t2=t1+(0, 5)) & (3162, 95, 847, t3=t2+(0, 3)) -> (3162, 180, 847, t4=t3+(1, 3))	3	36
(3200, 198, 3124, t1) & (2353, 163, 4572, t2=t1+(0, 3)) & (4572, 10, 3124, t3=t2+(0, 5)) -> (3200, 198, 2353, t4=t3+(1, 3))	3	37
(779, 8, 2149, t1) & (4348, 16, 1742, t2=t1+(0, 2)) & (779, 69, 1742, t3=t2+(0, 6)) -> (779, 69, 2149, t4=t3+(1, 3))	3	38
(4748, 54, 1815, t1) & (2323, 184, 114, t2=t1+(0, 3)) & (4748, 38, 2323, t3=t2+(0, 3)) -> (2323, 38, 2323, t4=t3+(1, 5))	3	39
(3287, 199, 1284, t1) & (3966, 142, 107, t2=t1+(0, 8)) & (3966, 106, 1284, t3=t2+(0, 5)) -> (3287, 199, 3966, t4=t3+(1, 4))	3	40
(3071, 107, 2833, t1) & (1813, 39, 4151, t2=t1+(0, 7)) & (4151, 81, 2833, t3=t2+(0, 7)) -> (3071, 107, 4151, t4=t3+(1, 3))	3	41
(3106, 163, 3778, t1) & (1387, 13, 4732, t2=t1+(0, 6)) & (3106, 197, 1387, t3=t2+(0, 3)) -> (1387, 163, 1387, t4=t3+(1, 9))	3	42
(1640, 167, 966, t1) & (1663, 93, 3319, t2=t1+(0, 7)) & (3319, 17, 966, t3=t2+(0, 6)) -> (1640, 93, 1663, t4=t3+(1, 3))	3	43
(1860, 64, 2761, t1) & (1275, 159, 4051, t2=t1+(0, 6)) & (4051, 16, 2761, t3=t2+(0, 2)) -> (2761, 159, 4051, t4=t3+(1, 6))	3	44
(1241, 23, 4415, t1) & (2475, 71, 4897, t2=t1+(0, 2)) & (4897, 44, 4415, t3=t2+(0, 3)) -> (4415, 23, 4897, t4=t3+(1, 1))	3	45
(674, 187, 1900, t1) & (328, 131, 1458, t2=t1+(0, 4)) & (674, 154, 328, t3=t2+(0, 2)) -> (674, 187, 1458, t4=t3+(1, 3))	3	46
(1433, 65, 1971, t1) & (4420, 174, 158, t2=t1+(0, 3)) & (4420, 85, 1433, t3=t2+(0, 4)) -> (158, 85, 4420, t4=t3+(1, 5))	3	47
(610, 139, 3922, t1) & (2835, 37, 4524, t2=t1+(0, 8)) & (610, 153, 2835, t3=t2+(0, 3)) -> (610, 139, 4524, t4=t3+(1, 4))	3	48
(4001, 35, 3036, t1) & (972, 128, 4344, t2=t1+(0, 5)) & (4344, 92, 4001, t3=t2+(0, 5)) -> (972, 92, 3036, t4=t3+(1, 6))	3	49
(4545, 94, 1730, t1) & (3295, 97, 78, t2=t1+(0, 3)) & (4545, 112, 3295, t3=t2+(0, 5)) -> (4545, 97, 4545, t4=t3+(1, 4))	3	50
(4464, 54, 437, t1) & (4326, 167, 2906, t2=t1+(0, 5)) & (4464, 144, 2906, t3=t2+(0, 4)) -> (4326, 144, 4464, t4=t3+(1, 8))	3	51
(4618, 199, 1601, t1) & (4129, 109, 3687, t2=t1+(0, 9)) & (1601, 16, 4129, t3=t2+(0, 3)) -> (4129, 199, 1601, t4=t3+(1, 7))	3	52
(823, 26, 1431, t1) & (4121, 158, 2718, t2=t1+(0, 8)) & (823, 139, 2718, t3=t2+(0, 4)) -> (823, 139, 4121, t4=t3+(1, 8))	3	53
(505, 73, 4295, t1) & (2347, 11, 1544, t2=t1+(0, 4)) & (2347, 31, 4295, t3=t2+(0, 5)) -> (505, 11, 4295, t4=t3+(1, 5))	3	54
(4551, 93, 2906, t1) & (1013, 59, 700, t2=t1+(0, 5)) & (700, 31, 4551, t3=t2+(0, 4)) -> (2906, 93, 2906, t4=t3+(1, 8))	3	55
(984, 133, 1527, t1) & (3669, 145, 674, t2=t1+(0, 3)) & (3669, 15, 1527, t3=t2+(0, 7)) -> (984, 133, 674, t4=t3+(1, 4))	3	56
(288, 101, 2659, t1) & (3698, 52, 4758, t2=t1+(0, 7)) & (288, 24, 4758, t3=t2+(0, 5)) -> (2659, 52, 288, t4=t3+(1, 3))	3	57
(4029, 162, 2607, t1) & (4667, 169, 3345, t2=t1+(0, 6)) & (3345, 34, 2607, t3=t2+(0, 11)) -> (4029, 169, 4667, t4=t3+(1, 3))	3	58
(1180, 180, 182, t1) & (1492, 120, 2618, t2=t1+(0, 4)) & (182, 14, 2618, t3=t2+(0, 3)) -> (182, 14, 1492, t4=t3+(1, 3))	3	59
(3779, 118, 140, t1) & (4313, 89, 1278, t2=t1+(0, 7)) & (140, 144, 1278, t3=t2+(0, 4)) -> (1278, 89, 1278, t4=t3+(1, 4))	3	60
(359, 129, 4080, t1) & (4691, 25, 1522, t2=t1+(0, 2)) & (359, 187, 1522, t3=t2+(0, 6)) -> (1522, 187, 1522, t4=t3+(1, 5))	3	61
(2263, 36, 4576, t1) & (2042, 67, 4407, t2=t1+(0, 8)) & (4407, 74, 2263, t3=t2+(0, 6)) -> (4576, 36, 4576, t4=t3+(1, 7))	3	62
(4748, 73, 4648, t1) & (2021, 39, 4040, t2=t1+(0, 4)) & (4040, 145, 4648, t3=t2+(0, 7)) -> (4648, 73, 4648, t4=t3+(1, 6))	3	63
(3889, 83, 2203, t1) & (1653, 18, 3663, t2=t1+(0, 2)) & (3663, 27, 2203, t3=t2+(0, 6)) -> (3663, 27, 3889, t4=t3+(1, 4))	3	64
(845, 191, 4464, t1) & (4251, 120, 635, t2=t1+(0, 6)) & (4464, 188, 635, t3=t2+(0, 2)) -> (845, 188, 4464, t4=t3+(1, 7))	3	65
(1181, 175, 4763, t1) & (166, 191, 2612, t2=t1+(0, 10)) & (4763, 118, 166, t3=t2+(0, 3)) -> (2612, 175, 166, t4=t3+(1, 3))	3	66
(1796, 183, 3533, t1) & (2047, 191, 3726, t2=t1+(0, 5)) & (1796, 150, 2047, t3=t2+(0, 2)) -> (2047, 150, 3726, t4=t3+(1, 5))	3	67
(1155, 79, 3255, t1) & (1544, 162, 2840, t2=t1+(0, 7)) & (1544, 181, 3255, t3=t2+(0, 4)) -> (1544, 162, 2840, t4=t3+(1, 8))	3	68
(1856, 21, 893, t1) & (4128, 94, 2744, t2=t1+(0, 4)) & (4128, 93, 1856, t3=t2+(0, 2)) -> (1856, 93, 4128, t4=t3+(1, 1))	3	69
(3129, 102, 2339, t1) & (2187, 41, 952, t2=t1+(0, 4)) & (3129, 91, 952, t3=t2+(0, 8)) -> (3129, 102, 2187, t4=t3+(1, 7))	3	70
(4392, 32, 2176, t1) & (2000, 53, 852, t2=t1+(0, 4)) & (2176, 185, 852, t3=t2+(0, 7)) -> (2000, 32, 2000, t4=t3+(1, 5))	3	71
(1445, 5, 3324, t1) & (276, 79, 2676, t2=t1+(0, 2)) & (3324, 17, 276, t3=t2+(0, 8)) -> (1445, 5, 1445, t4=t3+(1, 5))	3	72
(3127, 118, 4639, t1) & (1412, 137, 4594, t2=t1+(0, 2)) & (1412, 88, 3127, t3=t2+(0, 5)) -> (3127, 88, 1412, t4=t3+(1, 8))	3	73
(1658, 56, 2202, t1) & (2313, 136, 3988, t2=t1+(0, 5)) & (1658, 57, 2313, t3=t2+(0, 6)) -> (3988, 56, 3988, t4=t3+(1, 4))	3	74
(1826, 170, 1156, t1) & (1087, 14, 1166, t2=t1+(0, 7)) & (1166, 140, 1826, t3=t2+(0, 8)) -> (1087, 14, 1826, t4=t3+(1, 6))	3	75
(2752, 10, 1950, t1) & (1146, 175, 4390, t2=t1+(0, 3)) & (2752, 104, 1146, t3=t2+(0, 3)) -> (1950, 10, 4390, t4=t3+(1, 8))	3	76
(4852, 150, 3175, t1) & (459, 54, 2198, t2=t1+(0, 8)) & (2198, 96, 3175, t3=t2+(0, 9)) -> (2198, 54, 459, t4=t3+(1, 4))	3	77
(2944, 135, 3307, t1) & (3453, 93, 1087, t2=t1+(0, 5)) & (3307, 179, 3453, t3=t2+(0, 7)) -> (3307, 135, 3307, t4=t3+(1, 1))	3	78
(3928, 155, 214, t1) & (1129, 34, 4697, t2=t1+(0, 3)) & (3928, 140, 1129, t3=t2+(0, 3)) -> (1129, 140, 4697, t4=t3+(1, 3))	3	79
(4562, 94, 1083, t1) & (784, 195, 1750, t2=t1+(0, 5)) & (1083, 198, 784, t3=t2+(0, 9)) -> (1750, 195, 4562, t4=t3+(1, 3))	3	80
(741, 154, 1037, t1) & (3143, 16, 2500, t2=t1+(0, 10)) & (1037, 125, 2500, t3=t2+(0, 4)) -> (741, 154, 741, t4=t3+(1, 6))	3	81
(4395, 125, 15, t1) & (2998, 176, 1561, t2=t1+(0, 6)) & (2998, 84, 15, t3=t2+(0, 4)) -> (2998, 176, 4395, t4=t3+(1, 3))	3	82
(2918, 59, 3973, t1) & (3322, 70, 244, t2=t1+(0, 5)) & (244, 63, 3973, t3=t2+(0, 4)) -> (3973, 70, 3322, t4=t3+(1, 4))	3	83
(2322, 154, 1623, t1) & (3669, 121, 2919, t2=t1+(0, 5)) & (2919, 137, 1623, t3=t2+(0, 4)) -> (1623, 154, 1623, t4=t3+(1, 5))	3	84
(507, 86, 4820, t1) & (812, 73, 3030, t2=t1+(0, 1)) & (3030, 85, 507, t3=t2+(0, 4)) -> (3030, 86, 812, t4=t3+(1, 6))	3	85
(2107, 7, 4085, t1) & (1028, 32, 3955, t2=t1+(0, 6)) & (2107, 93, 3955, t3=t2+(0, 6)) -> (2107, 7, 2107, t4=t3+(1, 6))	3	86
(4501, 118, 1620, t1) & (3961, 80, 4812, t2=t1+(0, 7)) & (1620, 71, 4812, t3=t2+(0, 4)) -> (1620, 80, 4501, t4=t3+(1, 8))	3	87
(513, 131, 3183, t1) & (3928, 27, 3036, t2=t1+(0, 2)) & (3928, 112, 3183, t3=t2+(0, 4)) -> (3183, 27, 513, t4=t3+(1, 3))	3	88
(2807, 170, 777, t1) & (4025, 184, 1125, t2=t1+(0, 9)) & (1125, 31, 2807, t3=t2+(0, 6)) -> (777, 184, 1125, t4=t3+(1, 3))	3	89
(2692, 97, 1716, t1) & (1306, 33, 1328, t2=t1+(0, 3)) & (1306, 57, 1716, t3=t2+(0, 5)) -> (1328, 33, 1328, t4=t3+(1, 5))	3	90
(1845, 140, 4903, t1) & (605, 117, 4483, t2=t1+(0, 13)) & (4903, 38, 605, t3=t2+(0, 5)) -> (1845, 38, 1845, t4=t3+(1, 5))	3	91
(1002, 162, 4440, t1) & (216, 26, 2514, t2=t1+(0, 5)) & (1002, 102, 2514, t3=t2+(0, 4)) -> (1002, 162, 216, t4=t3+(1, 2))	3	92
(2566, 172, 772, t1) & (469, 188, 1701, t2=t1+(0, 4)) & (469, 100, 772, t3=t2+(0, 6)) -> (469, 100, 469, t4=t3+(1, 6))	3	93
(431, 192, 36, t1) & (2573, 171, 1702, t2=t1+(0, 5)) & (1702, 115, 431, t3=t2+(0, 8)) -> (36, 171, 431, t4=t3+(1, 3))	3	94
(124, 96, 1691, t1) & (4376, 182, 1202, t2=t1+(0, 7)) & (4376, 18, 1691, t3=t2+(0, 3)) -> (1202, 18, 1691, t4=t3+(1, 6))	3	95
(793, 17, 1687, t1) & (4318, 105, 1036, t2=t1+(0, 7)) & (1036, 162, 793, t3=t2+(0, 6)) -> (793, 105, 793, t4=t3+(1, 4))	3	96
(691, 126, 1644, t1) & (4429, 153, 125, t2=t1+(0, 2)) & (691, 143, 125, t3=t2+(0, 7)) -> (4429, 126, 691, t4=t3+(1, 3))	3	97
(4761, 84, 2795, t1) & (1231, 139, 3527, t2=t1+(0, 4)) & (4761, 181, 3527, t3=t2+(0, 5)) -> (4761, 139, 3527, t4=t3+(1, 2))	3	98
(73, 66, 2186, t1) & (4089, 153, 3695, t2=t1+(0, 3)) & (4089, 173, 73, t3=t2+(0, 3)) -> (73, 173, 4089, t4=t3+(1, 6))	3	99
(1311, 121, 2476, t1) & (2476, 161, 2374, t2=t1+(0, 7)) -> (2476, 161, 1311, t3=t2+(1, 4))	2	100
(125, 120, 2886, t1) & (2886, 183, 2886, t2=t1+(0, 4)) -> (2886, 183, 2886, t3=t2+(1, 7))	2	101
(1739, 89, 1846, t1) & (1739, 93, 2742, t2=t1+(0, 0)) -> (2742, 93, 1846, t3=t2+(1, 3))	2	102
(4239, 85, 333, t1) & (4239, 95, 4239, t2=t1+(0, 5)) -> (4239, 95, 4239, t3=t2+(1, 8))	2	103
(3320, 93, 147, t1) & (3320, 78, 147, t2=t1+(0, 9)) -> (147, 78, 147, t3=t2+(1, 4))	2	104
(522, 47, 4129, t1) & (4129, 125, 2585, t2=t1+(0, 3)) -> (2585, 47, 522, t3=t2+(1, 2))	2	105
(1087, 198, 2612, t1) & (2612, 68, 362, t2=t1+(0, 5)) -> (2612, 198, 362, t3=t2+(1, 8))	2	106
(4366, 155, 659, t1) & (659, 81, 4366, t2=t1+(0, 4)) -> (4366, 155, 659, t3=t2+(1, 6))	2	107
(4181, 32, 1057, t1) & (4181, 177, 1057, t2=t1+(0, 5)) -> (1057, 32, 1057, t3=t2+(1, 2))	2	108
(2267, 63, 3888, t1) & (2869, 20, 3888, t2=t1+(0, 3)) -> (3888, 63, 3888, t3=t2+(1, 5))	2	109
(3520, 17, 2598, t1) & (982, 3, 2598, t2=t1+(0, 2)) -> (982, 3, 982, t3=t2+(1, 3))	2	110
(3699, 141, 3976, t1) & (3950, 29, 3976, t2=t1+(0, 5)) -> (3976, 29, 3950, t3=t2+(1, 3))	2	111
(2326, 124, 2977, t1) & (2977, 182, 31, t2=t1+(0, 3)) -> (2977, 182, 2977, t3=t2+(1, 6))	2	112
(99, 159, 4139, t1) & (1893, 131, 99, t2=t1+(0, 3)) -> (4139, 131, 1893, t3=t2+(1, 7))	2	113
(2078, 196, 4920, t1) & (4920, 135, 4920, t2=t1+(0, 8)) -> (4920, 135, 4920, t3=t2+(1, 1))	2	114
(4214, 16, 1258, t1) & (3234, 107, 4214, t2=t1+(0, 4)) -> (4214, 107, 4214, t3=t2+(1, 4))	2	115
(1026, 41, 2993, t1) & (1026, 35, 3560, t2=t1+(0, 6)) -> (3560, 41, 2993, t3=t2+(1, 5))	2	116
(4384, 107, 4134, t1) & (546, 6, 4134, t2=t1+(0, 3)) -> (4134, 6, 4384, t3=t2+(1, 4))	2	117
(1341, 171, 3749, t1) & (3749, 165, 4743, t2=t1+(0, 9)) -> (3749, 165, 3749, t3=t2+(1, 4))	2	118
(4039, 57, 584, t1) & (2984, 175, 584, t2=t1+(0, 8)) -> (4039, 57, 4039, t3=t2+(1, 7))	2	119
(4940, 109, 4215, t1) & (2924, 184, 4940, t2=t1+(0, 9)) -> (4215, 184, 4940, t3=t2+(1, 8))	2	120
(284, 120, 2911, t1) & (2911, 36, 364, t2=t1+(0, 6)) -> (284, 36, 364, t3=t2+(1, 6))	2	121
(1250, 184, 1269, t1) & (1269, 148, 3905, t2=t1+(0, 3)) -> (1250, 184, 1269, t3=t2+(1, 7))	2	122
(1673, 88, 1303, t1) & (4689, 177, 1673, t2=t1+(0, 5)) -> (1673, 88, 4689, t3=t2+(1, 3))	2	123
(3570, 195, 3145, t1) & (3145, 108, 3570, t2=t1+(0, 7)) -> (3570, 108, 3570, t3=t2+(1, 7))	2	124
(1377, 181, 2675, t1) & (2675, 110, 4081, t2=t1+(0, 3)) -> (1377, 181, 2675, t3=t2+(1, 7))	2	125
(4688, 21, 988, t1) & (2349, 49, 988, t2=t1+(0, 2)) -> (2349, 21, 4688, t3=t2+(1, 3))	2	126
(1555, 32, 1044, t1) & (1044, 17, 1555, t2=t1+(0, 10)) -> (1555, 17, 1555, t3=t2+(1, 6))	2	127
(2118, 58, 1929, t1) & (4275, 138, 1929, t2=t1+(0, 7)) -> (1929, 138, 1929, t3=t2+(1, 4))	2	128
(1254, 123, 3619, t1) & (3328, 132, 3619, t2=t1+(0, 3)) -> (1254, 132, 3619, t3=t2+(1, 5))	2	129
(849, 138, 2986, t1) & (849, 1, 3959, t2=t1+(0, 7)) -> (2986, 1, 849, t3=t2+(1, 6))	2	130
(3729, 102, 4230, t1) & (3729, 86, 4230, t2=t1+(0, 4)) -> (4230, 86, 4230, t3=t2+(1, 4))	2	131
(248, 191, 1823, t1) & (248, 191, 4935, t2=t1+(0, 7)) -> (248, 191, 4935, t3=t2+(1, 7))	2	132
(3111, 90, 627, t1) & (627, 147, 581, t2=t1+(0, 3)) -> (627, 90, 3111, t3=t2+(1, 4))	2	133
(4757, 145, 4291, t1) & (4757, 7, 2011, t2=t1+(0, 6)) -> (4757, 7, 4757, t3=t2+(1, 2))	2	134
(4457, 36, 1829, t1) & (4457, 155, 3265, t2=t1+(0, 5)) -> (3265, 36, 4457, t3=t2+(1, 6))	2	135
(3215, 194, 3546, t1) & (3546, 70, 4602, t2=t1+(0, 3)) -> (4602, 70, 3546, t3=t2+(1, 4))	2	136
(1583, 136, 3763, t1) & (3323, 118, 1583, t2=t1+(0, 8)) -> (3323, 136, 1583, t3=t2+(1, 4))	2	137
(643, 6, 875, t1) & (875, 144, 3653, t2=t1+(0, 4)) -> (643, 6, 875, t3=t2+(1, 3))	2	138
(504, 47, 521, t1) & (504, 46, 521, t2=t1+(0, 5)) -> (521, 47, 521, t3=t2+(1, 5))	2	139
(3731, 57, 2062, t1) & (4584, 67, 2062, t2=t1+(0, 5)) -> (2062, 67, 3731, t3=t2+(1, 6))	2	140
(569, 76, 3792, t1) & (569, 126, 920, t2=t1+(0, 4)) -> (569, 126, 569, t3=t2+(1, 7))	2	141
(4621, 126, 2881, t1) & (100, 57, 4621, t2=t1+(0, 8)) -> (2881, 126, 2881, t3=t2+(1, 9))	2	142
(2442, 5, 3335, t1) & (2442, 119, 2442, t2=t1+(0, 1)) -> (2442, 5, 2442, t3=t2+(1, 6))	2	143
(4710, 17, 3688, t1) & (3688, 188, 4710, t2=t1+(0, 6)) -> (4710, 17, 4710, t3=t2+(1, 6))	2	144
(4196, 147, 3339, t1) & (4171, 146, 3339, t2=t1+(0, 3)) -> (3339, 147, 4196, t3=t2+(1, 4))	2	145
(4927, 68, 547, t1) & (4927, 8, 547, t2=t1+(0, 4)) -> (547, 8, 4927, t3=t2+(1, 4))	2	146
(3314, 104, 2982, t1) & (2982, 79, 958, t2=t1+(0, 7)) -> (2982, 79, 3314, t3=t2+(1, 2))	2	147
(4430, 36, 989, t1) & (4430, 54, 4430, t2=t1+(0, 2)) -> (4430, 54, 989, t3=t2+(1, 5))	2	148
(1255, 9, 709, t1) & (709, 101, 1663, t2=t1+(0, 7)) -> (709, 101, 709, t3=t2+(1, 5))	2	149
(3449, 189, 4522, t1) & (3449, 183, 3861, t2=t1+(0, 4)) -> (4522, 189, 3861, t3=t2+(1, 8))	2	150
(3882, 30, 3627, t1) & (3882, 169, 2666, t2=t1+(0, 5)) -> (3882, 169, 3882, t3=t2+(1, 3))	2	151
(3153, 181, 1088, t1) & (3153, 190, 3153, t2=t1+(0, 8)) -> (3153, 181, 3153, t3=t2+(1, 7))	2	152
(1038, 112, 3028, t1) & (4700, 105, 1038, t2=t1+(0, 4)) -> (1038, 105, 3028, t3=t2+(1, 3))	2	153
(3407, 0, 1187, t1) & (1187, 55, 3407, t2=t1+(0, 4)) -> (1187, 55, 1187, t3=t2+(1, 3))	2	154
(3689, 195, 2127, t1) & (4018, 157, 2127, t2=t1+(0, 5)) -> (4018, 157, 3689, t3=t2+(1, 2))	2	155
(1638, 54, 686, t1) & (4483, 177, 686, t2=t1+(0, 2)) -> (1638, 177, 4483, t3=t2+(1, 5))	2	156
(2554, 152, 2384, t1) & (2554, 54, 1646, t2=t1+(0, 4)) -> (2554, 54, 2554, t3=t2+(1, 10))	2	157
(3718, 77, 4346, t1) & (3718, 132, 3811, t2=t1+(0, 4)) -> (3718, 77, 4346, t3=t2+(1, 3))	2	158
(4602, 115, 3875, t1) & (4470, 163, 3875, t2=t1+(0, 6)) -> (4602, 163, 4602, t3=t2+(1, 3))	2	159
(1082, 14, 3021, t1) & (2988, 18, 3021, t2=t1+(0, 3)) -> (1082, 18, 3021, t3=t2+(1, 4))	2	160
(4127, 190, 74, t1) & (4127, 34, 4127, t2=t1+(0, 4)) -> (4127, 190, 4127, t3=t2+(1, 5))	2	161
(810, 162, 1775, t1) & (1775, 30, 4051, t2=t1+(0, 4)) -> (1775, 30, 810, t3=t2+(1, 2))	2	162
(4162, 172, 3521, t1) & (3521, 17, 3521, t2=t1+(0, 8)) -> (3521, 17, 3521, t3=t2+(1, 3))	2	163
(617, 140, 2770, t1) & (617, 105, 120, t2=t1+(0, 4)) -> (2770, 105, 2770, t3=t2+(1, 5))	2	164
(3341, 91, 920, t1) & (3341, 45, 4596, t2=t1+(0, 4)) -> (920, 91, 3341, t3=t2+(1, 5))	2	165
(1512, 67, 415, t1) & (1512, 103, 1512, t2=t1+(0, 4)) -> (1512, 103, 1512, t3=t2+(1, 4))	2	166
(3087, 183, 2580, t1) & (4527, 82, 2580, t2=t1+(0, 1)) -> (2580, 183, 3087, t3=t2+(1, 7))	2	167
(2373, 49, 1406, t1) & (1406, 106, 4871, t2=t1+(0, 7)) -> (1406, 49, 4871, t3=t2+(1, 4))	2	168
(3624, 92, 3827, t1) & (3624, 147, 1448, t2=t1+(0, 4)) -> (3624, 92, 3624, t3=t2+(1, 5))	2	169
(2341, 161, 3890, t1) & (205, 141, 2341, t2=t1+(0, 9)) -> (2341, 141, 2341, t3=t2+(1, 8))	2	170
(2151, 95, 3323, t1) & (1910, 46, 3323, t2=t1+(0, 5)) -> (3323, 95, 1910, t3=t2+(1, 4))	2	171
(3927, 13, 3388, t1) & (3388, 74, 710, t2=t1+(0, 5)) -> (3388, 13, 3927, t3=t2+(1, 6))	2	172
(2889, 92, 4863, t1) & (4863, 50, 1269, t2=t1+(0, 5)) -> (4863, 50, 2889, t3=t2+(1, 1))	2	173
(3376, 122, 4623, t1) & (3376, 57, 2795, t2=t1+(0, 4)) -> (2795, 57, 3376, t3=t2+(1, 7))	2	174
(3305, 44, 315, t1) & (315, 155, 2534, t2=t1+(0, 3)) -> (315, 44, 3305, t3=t2+(1, 4))	2	175
(4261, 174, 4136, t1) & (312, 119, 4136, t2=t1+(0, 5)) -> (4261, 119, 4136, t3=t2+(1, 7))	2	176
(344, 61, 3866, t1) & (3246, 120, 344, t2=t1+(0, 7)) -> (344, 61, 344, t3=t2+(1, 8))	2	177
(3015, 60, 1765, t1) & (1765, 124, 1019, t2=t1+(0, 4)) -> (1765, 60, 1765, t3=t2+(1, 4))	2	178
(1078, 85, 705, t1) & (705, 180, 1078, t2=t1+(0, 8)) -> (1078, 85, 705, t3=t2+(1, 2))	2	179
(2478, 162, 2327, t1) & (2327, 145, 1723, t2=t1+(0, 6)) -> (2478, 145, 2327, t3=t2+(1, 2))	2	180
(797, 148, 3273, t1) & (797, 189, 2082, t2=t1+(0, 1)) -> (3273, 148, 2082, t3=t2+(1, 2))	2	181
(3522, 85, 269, t1) & (416, 129, 3522, t2=t1+(0, 3)) -> (416, 85, 269, t3=t2+(1, 4))	2	182
(970, 8, 1572, t1) & (970, 141, 3805, t2=t1+(0, 5)) -> (3805, 8, 3805, t3=t2+(1, 5))	2	183
(1819, 95, 109, t1) & (3928, 57, 109, t2=t1+(0, 4)) -> (3928, 95, 109, t3=t2+(1, 5))	2	184
(3178, 110, 2644, t1) & (2644, 60, 3301, t2=t1+(0, 7)) -> (2644, 110, 3301, t3=t2+(1, 8))	2	185
(4333, 59, 96, t1) & (4333, 22, 4353, t2=t1+(0, 1)) -> (4333, 22, 4333, t3=t2+(1, 5))	2	186
(218, 167, 1480, t1) & (2367, 167, 218, t2=t1+(0, 4)) -> (218, 167, 218, t3=t2+(1, 2))	2	187
(4653, 20, 2798, t1) & (4312, 26, 4653, t2=t1+(0, 5)) -> (4312, 20, 4312, t3=t2+(1, 4))	2	188
(302, 175, 1083, t1) & (302, 46, 1083, t2=t1+(0, 5)) -> (1083, 46, 302, t3=t2+(1, 4))	2	189
(1743, 84, 2953, t1) & (460, 18, 1743, t2=t1+(0, 6)) -> (2953, 18, 1743, t3=t2+(1, 4))	2	190
(4994, 144, 1388, t1) & (1388, 40, 905, t2=t1+(0, 7)) -> (1388, 40, 905, t3=t2+(1, 11))	2	191
(36, 41, 2114, t1) & (36, 69, 36, t2=t1+(0, 4)) -> (2114, 41, 36, t3=t2+(1, 5))	2	192
(1886, 110, 1337, t1) & (1337, 165, 1337, t2=t1+(0, 4)) -> (1337, 110, 1337, t3=t2+(1, 5))	2	193
(2548, 140, 3385, t1) & (2548, 40, 2548, t2=t1+(0, 4)) -> (2548, 140, 2548, t3=t2+(1, 4))	2	194
(922, 0, 1430, t1) & (4345, 139, 1430, t2=t1+(0, 8)) -> (4345, 0, 1430, t3=t2+(1, 6))	2	195
(2531, 195, 884, t1) & (884, 122, 2531, t2=t1+(0, 6)) -> (884, 122, 2531, t3=t2+(1, 7))	2	196
(4084, 176, 445, t1) & (3160, 0, 4084, t2=t1+(0, 4)) -> (445, 176, 4084, t3=t2+(1, 5))	2	197
(179, 154, 4903, t1) & (4903, 123, 4903, t2=t1+(0, 6)) -> (4903, 154, 179, t3=t2+(1, 4))	2	198
(2987, 172, 2931, t1) & (2931, 152, 2987, t2=t1+(0, 5)) -> (2987, 152, 2987, t3=t2+(1, 7))	2	199
(1474, 191, 1148, t1) -> (1474, 191, 1474, t2=t1+(1, 1))	1	200
(3546, 70, 556, t1) -> (556, 70, 3546, t2=t1+(1, 11))	1	201
(3832, 64, 804, t1) -> (804, 64, 3832, t2=t1+(1, 5))	1	202
(4221, 67, 3893, t1) -> (3893, 67, 4221, t2=t1+(1, 4))	1	203
(2092, 26, 3645, t1) -> (3645, 26, 2092, t2=t1+(1, 4))	1	204
(4921, 139, 2965, t1) -> (2965, 139, 4921, t2=t1+(1, 7))	1	205
(1215, 11, 577, t1) -> (577, 11, 577, t2=t1+(1, 2))	1	206
(3002, 38, 1038, t1) -> (3002, 38, 3002, t2=t1+(1, 5))	1	207
(1810, 11, 4801, t1) -> (1810, 11, 1810, t2=t1+(1, 3))	1	208
(2795, 190, 4573, t1) -> (2795, 190, 4573, t2=t1+(1, 8))	1	209
(1347, 154, 281, t1) -> (1347, 154, 1347, t2=t1+(1, 7))	1	210
(1437, 142, 3584, t1) -> (1437, 142, 1437, t2=t1+(1, 10))	1	211
(4054, 5, 4608, t1) -> (4054, 5, 4608, t2=t1+(1, 5))	1	212
(3059, 159, 3557, t1) -> (3059, 159, 3059, t2=t1+(1, 4))	1	213
(726, 179, 4733, t1) -> (726, 179, 4733, t2=t1+(1, 11))	1	214
(690, 38, 3788, t1) -> (690, 38, 690, t2=t1+(1, 2))	1	215
(4345, 102, 2049, t1) -> (4345, 102, 2049, t2=t1+(1, 5))	1	216
(1493, 178, 4819, t1) -> (4819, 178, 4819, t2=t1+(1, 3))	1	217
(3110, 117, 1378, t1) -> (3110, 117, 3110, t2=t1+(1, 6))	1	218
(2490, 118, 2845, t1) -> (2845, 118, 2490, t2=t1+(1, 7))	1	219
(1113, 174, 1323, t1) -> (1113, 174, 1113, t2=t1+(1, 5))	1	220
(3881, 163, 3262, t1) -> (3881, 163, 3262, t2=t1+(1, 6))	1	221
(2494, 123, 2771, t1) -> (2494, 123, 2771, t2=t1+(1, 6))	1	222
(2924, 134, 4273, t1) -> (4273, 134, 4273, t2=t1+(1, 9))	1	223
(1398, 1, 3244, t1) -> (1398, 1, 3244, t2=t1+(1, 4))	1	224
(4766, 153, 43, t1) -> (4766, 153, 4766, t2=t1+(1, 4))	1	225
(580, 30, 4245, t1) -> (4245, 30, 580, t2=t1+(1, 8))	1	226
(792, 177, 931, t1) -> (792, 177, 931, t2=t1+(1, 3))	1	227
(4767, 83, 261, t1) -> (261, 83, 261, t2=t1+(1, 4))	1	228
(1600, 89, 3844, t1) -> (1600, 89, 1600, t2=t1+(1, 3))	1	229
(4407, 83, 4802, t1) -> (4407, 83, 4407, t2=t1+(1, 5))	1	230
(3913, 152, 2110, t1) -> (2110, 152, 3913, t2=t1+(1, 1))	1	231
(4878, 180, 44, t1) -> (44, 180, 4878, t2=t1+(1, 3))	1	232
(1693, 139, 3786, t1) -> (3786, 139, 3786, t2=t1+(1, 6))	1	233
(4145, 68, 1287, t1) -> (4145, 68, 4145, t2=t1+(1, 6))	1	234
(3655, 36, 2394, t1) -> (2394, 36, 2394, t2=t1+(1, 8))	1	235
(4977, 112, 3073, t1) -> (3073, 112, 3073, t2=t1+(1, 4))	1	236
(4470, 2, 3767, t1) -> (4470, 2, 3767, t2=t1+(1, 4))	1	237
(2868, 192, 859, t1) -> (2868, 192, 2868, t2=t1+(1, 5))	1	238
(3447, 103, 4977, t1) -> (3447, 103, 4977, t2=t1+(1, 7))	1	239
(2085, 53, 3648, t1) -> (2085, 53, 2085, t2=t1+(1, 3))	1	240
(3869, 65, 3837, t1) -> (3869, 65, 3837, t2=t1+(1, 4))	1	241
(3351, 124, 3264, t1) -> (3351, 124, 3351, t2=t1+(1, 4))	1	242
(942, 137, 4948, t1) -> (942, 137, 942, t2=t1+(1, 10))	1	243
(102, 60, 3160, t1) -> (102, 60, 3160, t2=t1+(1, 3))	1	244
(4357, 179, 572, t1) -> (4357, 179, 4357, t2=t1+(1, 9))	1	245
(4491, 9, 3515, t1) -> (4491, 9, 3515, t2=t1+(1, 7))	1	246
(1012, 126, 92, t1) -> (1012, 126, 1012, t2=t1+(1, 4))	1	247
(2768, 160, 804, t1) -> (804, 160, 804, t2=t1+(1, 5))	1	248
(4955, 43, 472, t1) -> (4955, 43, 472, t2=t1+(1, 6))	1	249
(2940, 100, 426, t1) -> (2940, 100, 2940, t2=t1+(1, 3))	1	250
(1893, 189, 1675, t1) -> (1675, 189, 1675, t2=t1+(1, 5))	1	251
(4614, 169, 860, t1) -> (860, 169, 4614, t2=t1+(1, 5))	1	252
(2807, 154, 766, t1) -> (766, 154, 766, t2=t1+(1, 2))	1	253
(4990, 10, 4538, t1) -> (4538, 10, 4990, t2=t1+(1, 7))	1	254
(248, 128, 238, t1) -> (248, 128, 248, t2=t1+(1, 3))	1	255
(1312, 115, 4950, t1) -> (1312, 115, 4950, t2=t1+(1, 4))	1	256
(1055, 69, 3975, t1) -> (3975, 69, 1055, t2=t1+(1, 3))	1	257
(2747, 35, 1315, t1) -> (1315, 35, 1315, t2=t1+(1, 7))	1	258
(2223, 1, 3269, t1) -> (3269, 1, 2223, t2=t1+(1, 6))	1	259
(1829, 31, 1317, t1) -> (1317, 31, 1317, t2=t1+(1, 5))	1	260
(627, 32, 2402, t1) -> (627, 32, 627, t2=t1+(1, 8))	1	261
(4543, 113, 1527, t1) -> (1527, 113, 1527, t2=t1+(1, 6))	1	262
(2724, 171, 4454, t1) -> (4454, 171, 2724, t2=t1+(1, 5))	1	263
(1290, 64, 4905, t1) -> (1290, 64, 1290, t2=t1+(1, 1))	1	264
(2216, 76, 2976, t1) -> (2976, 76, 2976, t2=t1+(1, 4))	1	265
(3426, 30, 3023, t1) -> (3023, 30, 3426, t2=t1+(1, 2))	1	266
(2450, 176, 2890, t1) -> (2450, 176, 2890, t2=t1+(1, 6))	1	267
(3027, 103, 15, t1) -> (15, 103, 15, t2=t1+(1, 4))	1	268
(2437, 53, 2971, t1) -> (2971, 53, 2437, t2=t1+(1, 4))	1	269
(1072, 193, 3679, t1) -> (1072, 193, 3679, t2=t1+(1, 3))	1	270
(4539, 88, 2951, t1) -> (2951, 88, 4539, t2=t1+(1, 10))	1	271
(2017, 57, 1414, t1) -> (1414, 57, 1414, t2=t1+(1, 7))	1	272
(3007, 121, 3590, t1) -> (3590, 121, 3007, t2=t1+(1, 3))	1	273
(2032, 121, 2907, t1) -> (2032, 121, 2907, t2=t1+(1, 7))	1	274
(4862, 84, 325, t1) -> (4862, 84, 325, t2=t1+(1, 3))	1	275
(2549, 168, 4966, t1) -> (4966, 168, 4966, t2=t1+(1, 3))	1	276
(3133, 130, 2630, t1) -> (3133, 130, 3133, t2=t1+(1, 8))	1	277
(3252, 65, 1568, t1) -> (3252, 65, 3252, t2=t1+(1, 5))	1	278
(1023, 133, 4769, t1) -> (4769, 133, 1023, t2=t1+(1, 5))	1	279
(3063, 89, 4221, t1) -> (4221, 89, 3063, t2=t1+(1, 3))	1	280
(3436, 128, 1449, t1) -> (1449, 128, 1449, t2=t1+(1, 5))	1	281
(1919, 183, 4499, t1) -> (1919, 183, 1919, t2=t1+(1, 8))	1	282
(2025, 5, 908, t1) -> (908, 5, 2025, t2=t1+(1, 5))	1	283
(3198, 161, 1464, t1) -> (1464, 161, 1464, t2=t1+(1, 3))	1	284
(182, 93, 3066, t1) -> (182, 93, 3066, t2=t1+(1, 4))	1	285
(1172, 165, 1995, t1) -> (1995, 165, 1172, t2=t1+(1, 5))	1	286
(4568, 41, 4528, t1) -> (4568, 41, 4528, t2=t1+(1, 4))	1	287
(1433, 101, 307, t1) -> (1433, 101, 307, t2=t1+(1, 11))	1	288
(748, 5, 3923, t1) -> (3923, 5, 3923, t2=t1+(1, 4))	1	289
(2204, 104, 4384, t1) -> (4384, 104, 4384, t2=t1+(1, 6))	1	290
(1510, 104, 3738, t1) -> (3738, 104, 1510, t2=t1+(1, 6))	1	291
(377, 133, 4243, t1) -> (4243, 133, 377, t2=t1+(1, 5))	1	292
(2500, 172, 3251, t1) -> (2500, 172, 3251, t2=t1+(1, 6))	1	293
(3201, 98, 4515, t1) -> (3201, 98, 3201, t2=t1+(1, 4))	1	294
(1909, 120, 1679, t1) -> (1909, 120, 1909, t2=t1+(1, 4))	1	295
(479, 132, 4162, t1) -> (4162, 132, 4162, t2=t1+(1, 5))	1	296
(464, 168, 2451, t1) -> (464, 168, 464, t2=t1+(1, 6))	1	297
(1264, 171, 2574, t1) -> (2574, 171, 2574, t2=t1+(1, 4))	1	298
(3055, 146, 177, t1) -> (177, 146, 177, t2=t1+(1, 8))	1	299
