(3103, 78, 756, t1) & (671, 148, 4036, t2=t1+(0, 3)) & (4036, 118, 3103, t3=t2+(0, 7)) -> (671, 78, 756, t4=t3+(1, 4))	3	0
(4794, 110, 684, t1) & (3704, 183, 1977, t2=t1+(0, 4)) & (684, 110, 1977, t3=t2+(0, 8)) -> (1977, 110, 1977, t4=t3+(1, 5))	3	1
(1295, 39, 4958, t1) & (4678, 146, 4693, t2=t1+(0, 7)) & (4678, 51, 1295, t3=t2+(0, 4)) -> (1295, 146, 1295, t4=t3+(1, 4))	3	2
(4182, 78, 64, t1) & (4275, 101, 3394, t2=t1+(0, 5)) & (64, 39, 3394, t3=t2+(0, 3)) -> (64, 78, 4275, t4=t3+(1, 4))	3	3
(4309, 3, 3838, t1) & (1649, 155, 2336, t2=t1+(0, 3)) & (4309, 195, 1649, t3=t2+(0, 7)) -> (4309, 3, 1649, t4=t3+(1, 10))	3	4
(2899, 165, 3681, t1) & (199, 191, 209, t2=t1+(0, 6)) & (3681, 77, 209, t3=t2+(0, 1)) -> (199, 77, 3681, t4=t3+(1, 3))	3	5
(3718, 118, 1413, t1) & (1977, 89, 186, t2=t1+(0, 5)) & (1413, 19, 186, t3=t2+(0, 5)) -> (186, 19, 1977, t4=t3+(1, 1))	3	6
(967, 15, 1695, t1) & (2385, 177, 4036, t2=t1+(0, 1)) & (1695, 179, 4036, t3=t2+(0, 5)) -> (4036, 15, 4036, t4=t3+(1, 8))	3	7
(452, 118, 4647, t1) & (2747, 28, 480, t2=t1+(0, 10)) & (480, 72, 4647, t3=t2+(0, 3)) -> (4647, 118, 452, t4=t3+(1, 5))	3	8
(462, 179, 345, t1) & (962, 58, 794, t2=t1+(0, 6)) & (345, 104, 794, t3=t2+(0, 3)) -> (462, 58, 345, t4=t3+(1, 3))	3	9
(2902, 140, 1002, t1) & (4686, 121, 3410, t2=t1+(0, 4)) & (4686, 111, 2902, t3=t2+(0, 7)) -> (4686, 111, 4686, t4=t3+(1, 2))	3	10
(663, 136, 431, t1) & (4517, 152, 4835, t2=t1+(0, 4)) & (431, 105, 4835, t3=t2+(0, 4)) -> (4835, 152, 431, t4=t3+(1, 1))	3	11
(1463, 190, 2118, t1) & (3653, 180, 1539, t2=t1+(0, 5)) & (1539, 171, 2118, t3=t2+(0, 2)) -> (2118, 180, 1463, t4=t3+(1, 4))	3	12
(1497, 51, 209, t1) & (1708, 143, 1675, t2=t1+(0, 3)) & (1708, 144, 1497, t3=t2+(0, 6)) -> (1497, 143, 1708, t4=t3+(1, 7))	3	13
(1165, 38, 2637, t1) & (1449, 56, 1283, t2=t1+(0, 3)) & (1283, 91, 1165, t3=t2+(0, 6)) -> (2637, 38, 1283, t4=t3+(1, 4))	3	14
(4621, 85, 1265, t1) & (4741, 135, 1015, t2=t1+(0, 3)) & (4741, 36, 1265, t3=t2+(0, 4)) -> (1265, 135, 4621, t4=t3+(1, 6))	3	15
(4400, 91, 1429, t1) & (2544, 153, 1649, t2=t1+(0, 5)) & (1649, 51, 1429, t3=t2+(0, 6)) -> (1649, 51, 4400, t4=t3+(1, 3))	3	16
(2385, 111, 4660, t1) & (1356, 143, 4193, t2=t1+(0, 8)) & (4660, 63, 1356, t3=t2+(0, 3)) -> (4660, 111, 1356, t4=t3+(1, 6))	3	17
(3941, 76, 1420, t1) & (4794, 97, 2857, t2=t1+(0, 4)) & (3941, 115, 4794, t3=t2+(0, 3)) -> (2857, 115, 1420, t4=t3+(1, 4))	3	18
(480, 150, 4741, t1) & (2841, 58, 462, t2=t1+(0, 5)) & (4741, 180, 2841, t3=t2+(0, 6)) -> (462, 180, 462, t4=t3+(1, 9))	3	19
(4625, 46, 4125, t1) & (2537, 21, 625, t2=t1+(0, 2)) & (4125, 162, 625, t3=t2+(0, 5)) -> (625, 46, 4625, t4=t3+(1, 1))	3	20
(4509, 87, 3477, t1) & (2281, 121, 798, t2=t1+(0, 4)) & (2281, 199, 3477, t3=t2+(0, 4)) -> (4509, 121, 3477, t4=t3+(1, 3))	3	21
(786, 42, 506, t1) & (1333, 180, 1971, t2=t1+(0, 6)) & (1333, 177, 506, t3=t2+(0, 7)) -> (1333, 180, 1333, t4=t3+(1, 9))	3	22
(480, 88, 4131, t1) & (3566, 111, 3324, t2=t1+(0, 4)) & (3324, 153, 4131, t3=t2+(0, 3)) -> (3324, 88, 3324, t4=t3+(1, 9))	3	23
(3300, 143, 1826, t1) & (4998, 25, 3272, t2=t1+(0, 7)) & (3272, 68, 1826, t3=t2+(0, 6)) -> (3272, 25, 1826, t4=t3+(1, 5))	3	24
(4602, 160, 964, t1) & (480, 154, 3209, t2=t1+(0, 7)) & (3209, 190, 964, t3=t2+(0, 5)) -> (964, 160, 4602, t4=t3+(1, 3))	3	25
(243, 147, 1138, t1) & (1165, 69, 462, t2=t1+(0, 2)) & (1165, 89, 1138, t3=t2+(0, 3)) -> (1138, 147, 1138, t4=t3+(1, 6))	3	26
(3414, 138, 1413, t1) & (51, 190, 2907, t2=t1+(0, 4)) & (3414, 55, 51, t3=t2+(0, 8)) -> (1413, 138, 3414, t4=t3+(1, 10))	3	27
(2383, 178, 2471, t1) & (4275, 56, 4117, t2=t1+(0, 6)) & (4117, 181, 2383, t3=t2+(0, 10)) -> (2383, 56, 4275, t4=t3+(1, 5))	3	28
(2140, 173, 837, t1) & (1118, 171, 468, t2=t1+(0, 5)) & (468, 134, 837, t3=t2+(0, 5)) -> (837, 171, 1118, t4=t3+(1, 3))	3	29
(4224, 191, 3959, t1) & (2792, 65, 1295, t2=t1+(0, 7)) & (3959, 116, 1295, t3=t2+(0, 6)) -> (1295, 116, 1295, t4=t3+(1, 4))	3	30
(1876, 14, 4131, t1) & (3583, 56, 3184, t2=t1+(0, 5)) & (3583, 51, 4131, t3=t2+(0, 6)) -> (1876, 14, 3184, t4=t3+(1, 8))	3	31
(1125, 111, 967, t1) & (2294, 57, 3498, t2=t1+(0, 3)) & (967, 103, 2294, t3=t2+(0, 1)) -> (2294, 103, 967, t4=t3+(1, 5))	3	32
(3477, 78, 967, t1) & (2505, 27, 2385, t2=t1+(0, 2)) & (2505, 80, 967, t3=t2+(0, 5)) -> (2385, 80, 3477, t4=t3+(1, 7))	3	33
(2338, 148, 2215, t1) & (1952, 130, 4711, t2=t1+(0, 4)) & (4711, 28, 2215, t3=t2+(0, 3)) -> (2215, 28, 2215, t4=t3+(1, 2))	3	34
(1027, 195, 325, t1) & (2472, 128, 697, t2=t1+(0, 6)) & (325, 85, 2472, t3=t2+(0, 5)) -> (2472, 195, 325, t4=t3+(1, 9))	3	35
(2385, 7, 453, t1) & (3653, 6, 4233, t2=t1+(0, 6)) & (3653, 112, 453, t3=t2+(0, 1)) -> (453, 7, 3653, t4=t3+(1, 5))	3	36
(4689, 97, 4696, t1) & (2675, 178, 2901, t2=t1+(0, 4)) & (2675, 136, 4696, t3=t2+(0, 3)) -> (4696, 178, 4696, t4=t3+(1, 7))	3	37
(355, 105, 376, t1) & (2030, 56, 3681, t2=t1+(0, 6)) & (355, 197, 3681, t3=t2+(0, 4)) -> (376, 197, 376, t4=t3+(1, 4))	3	38
(1413, 106, 4692, t1) & (2945, 165, 1165, t2=t1+(0, 7)) & (1413, 165, 2945, t3=t2+(0, 2)) -> (2945, 165, 1165, t4=t3+(1, 7))	3	39
(1820, 61, 4117, t1) & (2338, 164, 786, t2=t1+(0, 6)) & (1820, 59, 2338, t3=t2+(0, 6)) -> (4117, 164, 2338, t4=t3+(1, 4))	3	40
(914, 143, 815, t1) & (4635, 69, 4193, t2=t1+(0, 6)) & (4635, 199, 815, t3=t2+(0, 7)) -> (815, 199, 4193, t4=t3+(1, 9))	3	41
(3388, 102, 3903, t1) & (493, 115, 4502, t2=t1+(0, 10)) & (4502, 56, 3388, t3=t2+(0, 7)) -> (4502, 115, 4502, t4=t3+(1, 7))	3	42
(2801, 63, 651, t1) & (1684, 101, 1333, t2=t1+(0, 4)) & (651, 118, 1333, t3=t2+(0, 7)) -> (1333, 101, 1333, t4=t3+(1, 2))	3	43
(3306, 46, 382, t1) & (3783, 134, 118, t2=t1+(0, 5)) & (382, 51, 3783, t3=t2+(0, 9)) -> (3306, 46, 382, t4=t3+(1, 9))	3	44
(3938, 114, 1971, t1) & (1429, 191, 2368, t2=t1+(0, 5)) & (2368, 155, 3938, t3=t2+(0, 3)) -> (2368, 155, 1971, t4=t3+(1, 3))	3	45
(2063, 110, 4193, t1) & (1653, 76, 4476, t2=t1+(0, 1)) & (2063, 56, 1653, t3=t2+(0, 1)) -> (1653, 76, 4193, t4=t3+(1, 10))	3	46
(3042, 128, 2545, t1) & (3197, 119, 1235, t2=t1+(0, 9)) & (2545, 97, 1235, t3=t2+(0, 6)) -> (2545, 119, 2545, t4=t3+(1, 4))	3	47
(1534, 152, 1271, t1) & (4438, 89, 2945, t2=t1+(0, 2)) & (1271, 19, 2945, t3=t2+(0, 9)) -> (2945, 19, 1271, t4=t3+(1, 5))	3	48
(1812, 178, 3258, t1) & (2813, 56, 1235, t2=t1+(0, 4)) & (2813, 190, 1812, t3=t2+(0, 6)) -> (2813, 190, 1812, t4=t3+(1, 4))	3	49
(671, 150, 1027, t1) & (719, 147, 4696, t2=t1+(0, 4)) & (671, 13, 719, t3=t2+(0, 7)) -> (1027, 13, 671, t4=t3+(1, 2))	3	50
(972, 102, 2907, t1) & (3833, 83, 1795, t2=t1+(0, 5)) & (972, 59, 1795, t3=t2+(0, 3)) -> (2907, 59, 972, t4=t3+(1, 3))	3	51
(3478, 72, 4131, t1) & (995, 142, 2945, t2=t1+(0, 5)) & (4131, 69, 995, t3=t2+(0, 4)) -> (2945, 69, 4131, t4=t3+(1, 6))	3	52
(684, 152, 3299, t1) & (1361, 14, 652, t2=t1+(0, 8)) & (652, 3, 3299, t3=t2+(0, 7)) -> (652, 152, 652, t4=t3+(1, 4))	3	53
(1078, 67, 3963, t1) & (3324, 146, 140, t2=t1+(0, 8)) & (3963, 97, 140, t3=t2+(0, 3)) -> (1078, 146, 3963, t4=t3+(1, 4))	3	54
(2489, 49, 1820, t1) & (607, 75, 1467, t2=t1+(0, 2)) & (1820, 63, 607, t3=t2+(0, 4)) -> (1467, 75, 607, t4=t3+(1, 5))	3	55
(305, 121, 2028, t1) & (4117, 95, 4756, t2=t1+(0, 3)) & (4117, 23, 2028, t3=t2+(0, 1)) -> (4756, 95, 4117, t4=t3+(1, 5))	3	56
(2726, 111, 1580, t1) & (1381, 148, 3911, t2=t1+(0, 6)) & (1580, 180, 1381, t3=t2+(0, 6)) -> (1381, 148, 1381, t4=t3+(1, 5))	3	57
(684, 118, 3793, t1) & (2198, 180, 209, t2=t1+(0, 5)) & (3793, 87, 209, t3=t2+(0, 8)) -> (3793, 180, 2198, t4=t3+(1, 6))	3	58
(3421, 140, 1196, t1) & (2959, 190, 1703, t2=t1+(0, 4)) & (1703, 77, 3421, t3=t2+(0, 7)) -> (1703, 140, 3421, t4=t3+(1, 7))	3	59
(4036, 21, 1064, t1) & (308, 17, 4417, t2=t1+(0, 9)) & (4417, 70, 4036, t3=t2+(0, 7)) -> (4036, 21, 4036, t4=t3+(1, 5))	3	60
(3123, 3, 1529, t1) & (933, 121, 2762, t2=t1+(0, 7)) & (933, 32, 1529, t3=t2+(0, 7)) -> (1529, 121, 1529, t4=t3+(1, 1))	3	61
(2901, 177, 2028, t1) & (625, 184, 2849, t2=t1+(0, 10)) & (625, 16, 2901, t3=t2+(0, 8)) -> (625, 16, 2901, t4=t3+(1, 7))	3	62
(4476, 118, 3311, t1) & (1802, 134, 3464, t2=t1+(0, 3)) & (3464, 98, 3311, t3=t2+(0, 3)) -> (3464, 134, 3311, t4=t3+(1, 3))	3	63
(1621, 87, 1928, t1) & (589, 197, 4193, t2=t1+(0, 4)) & (589, 111, 1928, t3=t2+(0, 11)) -> (1928, 197, 4193, t4=t3+(1, 4))	3	64
(1165, 65, 4234, t1) & (1112, 61, 2545, t2=t1+(0, 6)) & (1165, 166, 2545, t3=t2+(0, 3)) -> (1165, 166, 2545, t4=t3+(1, 4))	3	65
(380, 111, 2080, t1) & (2130, 146, 4054, t2=t1+(0, 4)) & (2130, 40, 380, t3=t2+(0, 5)) -> (2130, 111, 2130, t4=t3+(1, 4))	3	66
(1381, 28, 914, t1) & (1165, 121, 376, t2=t1+(0, 6)) & (376, 154, 914, t3=t2+(0, 5)) -> (914, 121, 914, t4=t3+(1, 5))	3	67
(4531, 164, 949, t1) & (305, 100, 2945, t2=t1+(0, 12)) & (4531, 179, 2945, t3=t2+(0, 5)) -> (949, 179, 2945, t4=t3+(1, 7))	3	68
(1429, 88, 140, t1) & (4738, 98, 4472, t2=t1+(0, 3)) & (4472, 27, 140, t3=t2+(0, 3)) -> (140, 27, 4472, t4=t3+(1, 2))	3	69
(4476, 102, 558, t1) & (967, 82, 996, t2=t1+(0, 1)) & (996, 7, 558, t3=t2+(0, 4)) -> (558, 82, 996, t4=t3+(1, 6))	3	70
(3182, 14, 1012, t1) & (595, 111, 1767, t2=t1+(0, 5)) & (1767, 126, 1012, t3=t2+(0, 3)) -> (1767, 126, 1012, t4=t3+(1, 6))	3	71
(1473, 105, 1950, t1) & (3653, 61, 1204, t2=t1+(0, 3)) & (1473, 3, 3653, t3=t2+(0, 2)) -> (1204, 105, 3653, t4=t3+(1, 5))	3	72
(540, 92, 4125, t1) & (243, 177, 1802, t2=t1+(0, 4)) & (540, 89, 1802, t3=t2+(0, 6)) -> (540, 89, 1802, t4=t3+(1, 4))	3	73
(186, 72, 4456, t1) & (3476, 32, 4036, t2=t1+(0, 4)) & (186, 191, 3476, t3=t2+(0, 5)) -> (186, 72, 186, t4=t3+(1, 3))	3	74
(2132, 125, 1191, t1) & (967, 176, 4182, t2=t1+(0, 4)) & (2132, 194, 4182, t3=t2+(0, 8)) -> (967, 125, 4182, t4=t3+(1, 6))	3	75
(8, 121, 4794, t1) & (44, 148, 3724, t2=t1+(0, 4)) & (4794, 164, 44, t3=t2+(0, 2)) -> (44, 148, 44, t4=t3+(1, 3))	3	76
(4660, 41, 4182, t1) & (3174, 17, 380, t2=t1+(0, 4)) & (3174, 97, 4660, t3=t2+(0, 1)) -> (4660, 97, 3174, t4=t3+(1, 6))	3	77
(2938, 187, 2648, t1) & (4379, 120, 3166, t2=t1+(0, 5)) & (2648, 190, 4379, t3=t2+(0, 11)) -> (2648, 120, 2648, t4=t3+(1, 6))	3	78
(3451, 173, 2909, t1) & (1067, 59, 3903, t2=t1+(0, 10)) & (3903, 178, 3451, t3=t2+(0, 8)) -> (3451, 59, 3903, t4=t3+(1, 3))	3	79
(1928, 82, 996, t1) & (2140, 87, 28, t2=t1+(0, 4)) & (996, 195, 28, t3=t2+(0, 4)) -> (996, 82, 28, t4=t3+(1, 1))	3	80
(4034, 41, 2480, t1) & (847, 105, 2033, t2=t1+(0, 8)) & (2480, 168, 2033, t3=t2+(0, 6)) -> (2480, 41, 4034, t4=t3+(1, 2))	3	81
(4016, 31, 2947, t1) & (462, 120, 1791, t2=t1+(0, 2)) & (2947, 3, 1791, t3=t2+(0, 4)) -> (4016, 3, 462, t4=t3+(1, 4))	3	82
(4562, 114, 35, t1) & (706, 199, 3223, t2=t1+(0, 4)) & (4562, 3, 3223, t3=t2+(0, 4)) -> (4562, 199, 3223, t4=t3+(1, 9))	3	83
(376, 19, 642, t1) & (1056, 19, 1876, t2=t1+(0, 6)) & (1876, 134, 376, t3=t2+(0, 8)) -> (1876, 134, 642, t4=t3+(1, 4))	3	84
(2472, 185, 908, t1) & (4851, 132, 2439, t2=t1+(0, 2)) & (2472, 111, 4851, t3=t2+(0, 9)) -> (4851, 111, 908, t4=t3+(1, 6))	3	85
(1486, 47, 4125, t1) & (1356, 143, 3174, t2=t1+(0, 4)) & (3174, 95, 1486, t3=t2+(0, 4)) -> (1486, 47, 4125, t4=t3+(1, 7))	3	86
(3386, 121, 996, t1) & (3004, 114, 4193, t2=t1+(0, 7)) & (996, 85, 4193, t3=t2+(0, 4)) -> (3004, 114, 3386, t4=t3+(1, 4))	3	87
(468, 69, 3184, t1) & (2338, 111, 1483, t2=t1+(0, 6)) & (2338, 46, 3184, t3=t2+(0, 8)) -> (3184, 69, 3184, t4=t3+(1, 7))	3	88
(3903, 148, 2959, t1) & (3439, 39, 4526, t2=t1+(0, 5)) & (4526, 18, 2959, t3=t2+(0, 4)) -> (2959, 39, 4526, t4=t3+(1, 6))	3	89
(545, 32, 427, t1) & (2642, 121, 3670, t2=t1+(0, 8)) & (3670, 68, 545, t3=t2+(0, 5)) -> (3670, 68, 3670, t4=t3+(1, 5))	3	90
(355, 104, 453, t1) & (533, 134, 545, t2=t1+(0, 3)) & (545, 88, 355, t3=t2+(0, 5)) -> (355, 104, 533, t4=t3+(1, 8))	3	91
(887, 88, 396, t1) & (2899, 105, 3903, t2=t1+(0, 6)) & (396, 180, 3903, t3=t2+(0, 11)) -> (887, 180, 2899, t4=t3+(1, 5))	3	92
(3583, 144, 3446, t1) & (1015, 110, 1403, t2=t1+(0, 8)) & (3583, 144, 1403, t3=t2+(0, 3)) -> (3583, 144, 1403, t4=t3+(1, 2))	3	93
(8, 11, 1640, t1) & (500, 3, 925, t2=t1+(0, 8)) & (500, 47, 8, t3=t2+(0, 10)) -> (1640, 47, 500, t4=t3+(1, 4))	3	94
(3963, 88, 4959, t1) & (4756, 113, 4794, t2=t1+(0, 4)) & (4794, 98, 3963, t3=t2+(0, 4)) -> (4794, 98, 4794, t4=t3+(1, 5))	3	95
(0, 142, 4361, t1) & (2425, 3, 1329, t2=t1+(0, 2)) & (0, 74, 2425, t3=t2+(0, 6)) -> (0, 3, 0, t4=t3+(1, 4))	3	96
(1379, 40, 4693, t1) & (1078, 7, 1015, t2=t1+(0, 2)) & (4693, 111, 1015, t3=t2+(0, 8)) -> (4693, 40, 1379, t4=t3+(1, 4))	3	97
(3262, 144, 2385, t1) & (2323, 40, 1803, t2=t1+(0, 2)) & (2323, 155, 3262, t3=t2+(0, 4)) -> (2385, 144, 3262, t4=t3+(1, 7))	3	98
(1888, 137, 1895, t1) & (3182, 73, 500, t2=t1+(0, 3)) & (3182, 62, 1895, t3=t2+(0, 2)) -> (3182, 73, 1888, t4=t3+(1, 4))	3	99
(462, 180, 863, t1) & (863, 51, 462, t2=t1+(0, 11)) -> (462, 180, 462, t3=t2+(1, 3))	2	100
(2140, 179, 289, t1) & (289, 84, 4741, t2=t1+(0, 9)) -> (4741, 84, 4741, t3=t2+(1, 5))	2	101
(1276, 21, 2080, t1) & (2080, 191, 2080, t2=t1+(0, 5)) -> (2080, 191, 2080, t3=t2+(1, 4))	2	102
(1812, 82, 4517, t1) & (1812, 120, 1812, t2=t1+(0, 6)) -> (4517, 82, 4517, t3=t2+(1, 8))	2	103
(4696, 126, 1833, t1) & (1833, 122, 1833, t2=t1+(0, 3)) -> (1833, 126, 1833, t3=t2+(1, 6))	2	104
(2240, 178, 290, t1) & (290, 48, 290, t2=t1+(0, 4)) -> (290, 48, 290, t3=t2+(1, 3))	2	105
(964, 15, 3801, t1) & (964, 84, 1751, t2=t1+(0, 4)) -> (1751, 84, 3801, t3=t2+(1, 5))	2	106
(558, 134, 3184, t1) & (1197, 96, 3184, t2=t1+(0, 6)) -> (3184, 96, 558, t3=t2+(1, 5))	2	107
(1927, 82, 4131, t1) & (4232, 195, 4131, t2=t1+(0, 1)) -> (4131, 82, 4232, t3=t2+(1, 7))	2	108
(1240, 118, 209, t1) & (1240, 110, 3262, t2=t1+(0, 5)) -> (3262, 110, 1240, t3=t2+(1, 8))	2	109
(2544, 88, 453, t1) & (2544, 20, 453, t2=t1+(0, 1)) -> (2544, 88, 2544, t3=t2+(1, 6))	2	110
(663, 63, 2304, t1) & (663, 165, 663, t2=t1+(0, 3)) -> (663, 165, 663, t3=t2+(1, 4))	2	111
(3653, 102, 2955, t1) & (533, 23, 3653, t2=t1+(0, 8)) -> (3653, 23, 2955, t3=t2+(1, 11))	2	112
(1826, 111, 370, t1) & (370, 162, 1826, t2=t1+(0, 5)) -> (1826, 162, 1826, t3=t2+(1, 3))	2	113
(3564, 196, 3502, t1) & (3564, 158, 3502, t2=t1+(0, 7)) -> (3564, 158, 3564, t3=t2+(1, 4))	2	114
(28, 87, 1928, t1) & (28, 118, 111, t2=t1+(0, 3)) -> (28, 87, 1928, t3=t2+(1, 2))	2	115
(670, 3, 4958, t1) & (1833, 120, 4958, t2=t1+(0, 5)) -> (4958, 3, 4958, t3=t2+(1, 7))	2	116
(1820, 129, 4959, t1) & (1820, 55, 2073, t2=t1+(0, 5)) -> (4959, 55, 2073, t3=t2+(1, 8))	2	117
(2113, 40, 1977, t1) & (2113, 178, 4097, t2=t1+(0, 3)) -> (1977, 40, 2113, t3=t2+(1, 5))	2	118
(305, 135, 1545, t1) & (3166, 15, 1545, t2=t1+(0, 4)) -> (1545, 15, 3166, t3=t2+(1, 4))	2	119
(4959, 81, 1691, t1) & (1691, 111, 1691, t2=t1+(0, 3)) -> (4959, 81, 1691, t3=t2+(1, 8))	2	120
(1381, 129, 2759, t1) & (2759, 77, 3197, t2=t1+(0, 5)) -> (3197, 77, 3197, t3=t2+(1, 6))	2	121
(431, 190, 828, t1) & (2048, 118, 431, t2=t1+(0, 12)) -> (2048, 118, 2048, t3=t2+(1, 5))	2	122
(1675, 80, 2178, t1) & (209, 62, 1675, t2=t1+(0, 5)) -> (2178, 80, 1675, t3=t2+(1, 3))	2	123
(2304, 17, 684, t1) & (684, 84, 964, t2=t1+(0, 7)) -> (964, 84, 684, t3=t2+(1, 6))	2	124
(3853, 3, 2395, t1) & (3853, 121, 3853, t2=t1+(0, 7)) -> (3853, 3, 3853, t3=t2+(1, 2))	2	125
(4616, 116, 1078, t1) & (4616, 104, 1078, t2=t1+(0, 4)) -> (1078, 104, 1078, t3=t2+(1, 6))	2	126
(376, 190, 1615, t1) & (376, 52, 1615, t2=t1+(0, 4)) -> (1615, 52, 376, t3=t2+(1, 4))	2	127
(658, 121, 1077, t1) & (717, 150, 1077, t2=t1+(0, 10)) -> (658, 121, 1077, t3=t2+(1, 6))	2	128
(1237, 119, 2030, t1) & (1237, 139, 1237, t2=t1+(0, 8)) -> (2030, 139, 1237, t3=t2+(1, 6))	2	129
(1888, 119, 3165, t1) & (1086, 98, 3165, t2=t1+(0, 5)) -> (1888, 119, 3165, t3=t2+(1, 3))	2	130
(3801, 25, 1767, t1) & (4794, 57, 3801, t2=t1+(0, 4)) -> (4794, 25, 4794, t3=t2+(1, 5))	2	131
(2505, 105, 2929, t1) & (2929, 178, 4616, t2=t1+(0, 1)) -> (2929, 178, 2929, t3=t2+(1, 1))	2	132
(1017, 160, 4361, t1) & (1017, 42, 4349, t2=t1+(0, 5)) -> (4361, 160, 4349, t3=t2+(1, 1))	2	133
(64, 155, 2259, t1) & (2259, 121, 2259, t2=t1+(0, 6)) -> (2259, 155, 2259, t3=t2+(1, 5))	2	134
(4616, 106, 2938, t1) & (1820, 34, 4616, t2=t1+(0, 3)) -> (4616, 106, 4616, t3=t2+(1, 4))	2	135
(3903, 174, 2207, t1) & (2207, 164, 2207, t2=t1+(0, 3)) -> (2207, 174, 2207, t3=t2+(1, 5))	2	136
(3135, 178, 2675, t1) & (2509, 155, 2675, t2=t1+(0, 7)) -> (2509, 178, 2675, t3=t2+(1, 2))	2	137
(756, 40, 1125, t1) & (756, 43, 1864, t2=t1+(0, 5)) -> (1125, 43, 756, t3=t2+(1, 7))	2	138
(2792, 82, 4349, t1) & (4349, 188, 44, t2=t1+(0, 5)) -> (4349, 82, 2792, t3=t2+(1, 9))	2	139
(1015, 73, 1017, t1) & (1017, 8, 1015, t2=t1+(0, 3)) -> (1015, 8, 1015, t3=t2+(1, 6))	2	140
(325, 79, 4289, t1) & (3498, 144, 4289, t2=t1+(0, 6)) -> (325, 79, 4289, t3=t2+(1, 4))	2	141
(186, 61, 684, t1) & (186, 102, 186, t2=t1+(0, 9)) -> (684, 61, 684, t3=t2+(1, 2))	2	142
(2907, 83, 2214, t1) & (1595, 105, 2214, t2=t1+(0, 4)) -> (2214, 105, 1595, t3=t2+(1, 6))	2	143
(3903, 100, 2618, t1) & (3903, 154, 2696, t2=t1+(0, 5)) -> (3903, 100, 3903, t3=t2+(1, 1))	2	144
(4687, 94, 4027, t1) & (268, 197, 4027, t2=t1+(0, 10)) -> (4027, 197, 4687, t3=t2+(1, 3))	2	145
(3361, 25, 4182, t1) & (4738, 118, 3361, t2=t1+(0, 3)) -> (4182, 25, 4182, t3=t2+(1, 6))	2	146
(1826, 162, 2945, t1) & (235, 138, 2945, t2=t1+(0, 4)) -> (1826, 138, 1826, t3=t2+(1, 4))	2	147
(2637, 172, 3810, t1) & (2637, 1, 4370, t2=t1+(0, 5)) -> (4370, 172, 2637, t3=t2+(1, 5))	2	148
(785, 110, 962, t1) & (804, 140, 962, t2=t1+(0, 6)) -> (962, 110, 785, t3=t2+(1, 5))	2	149
(3873, 85, 199, t1) & (2929, 197, 3873, t2=t1+(0, 10)) -> (3873, 197, 2929, t3=t2+(1, 6))	2	150
(2958, 46, 3262, t1) & (3833, 104, 3262, t2=t1+(0, 4)) -> (3262, 104, 3262, t3=t2+(1, 2))	2	151
(3174, 26, 4756, t1) & (4756, 118, 305, t2=t1+(0, 3)) -> (305, 26, 305, t3=t2+(1, 3))	2	152
(4472, 69, 3166, t1) & (2194, 196, 4472, t2=t1+(0, 6)) -> (4472, 69, 2194, t3=t2+(1, 5))	2	153
(1675, 91, 585, t1) & (585, 119, 651, t2=t1+(0, 5)) -> (651, 91, 585, t3=t2+(1, 5))	2	154
(3903, 63, 1356, t1) & (1356, 181, 3861, t2=t1+(0, 5)) -> (1356, 63, 1356, t3=t2+(1, 7))	2	155
(3122, 105, 3004, t1) & (2348, 39, 3004, t2=t1+(0, 3)) -> (3004, 105, 2348, t3=t2+(1, 6))	2	156
(1497, 142, 2073, t1) & (1497, 56, 1497, t2=t1+(0, 5)) -> (1497, 142, 2073, t3=t2+(1, 5))	2	157
(1235, 180, 533, t1) & (1694, 132, 533, t2=t1+(0, 8)) -> (533, 180, 1235, t3=t2+(1, 3))	2	158
(653, 106, 4961, t1) & (653, 125, 4961, t2=t1+(0, 6)) -> (4961, 106, 653, t3=t2+(1, 4))	2	159
(4985, 98, 3626, t1) & (1621, 100, 3626, t2=t1+(0, 2)) -> (3626, 98, 1621, t3=t2+(1, 3))	2	160
(2338, 195, 140, t1) & (2338, 68, 136, t2=t1+(0, 4)) -> (136, 195, 136, t3=t2+(1, 6))	2	161
(186, 51, 4036, t1) & (1826, 132, 4036, t2=t1+(0, 0)) -> (186, 132, 4036, t3=t2+(1, 4))	2	162
(4958, 164, 3442, t1) & (4958, 140, 4958, t2=t1+(0, 7)) -> (4958, 164, 4958, t3=t2+(1, 8))	2	163
(1145, 50, 110, t1) & (110, 154, 1145, t2=t1+(0, 5)) -> (1145, 154, 110, t3=t2+(1, 6))	2	164
(3938, 13, 1377, t1) & (1377, 39, 3938, t2=t1+(0, 4)) -> (3938, 13, 1377, t3=t2+(1, 6))	2	165
(4929, 21, 2178, t1) & (2178, 187, 1295, t2=t1+(0, 4)) -> (2178, 187, 1295, t3=t2+(1, 2))	2	166
(500, 111, 2230, t1) & (2230, 183, 3936, t2=t1+(0, 4)) -> (500, 183, 3936, t3=t2+(1, 5))	2	167
(4400, 50, 3702, t1) & (3702, 1, 1012, t2=t1+(0, 1)) -> (3702, 1, 3702, t3=t2+(1, 5))	2	168
(4835, 198, 2870, t1) & (4835, 170, 4835, t2=t1+(0, 1)) -> (4835, 170, 4835, t3=t2+(1, 3))	2	169
(199, 111, 376, t1) & (2290, 185, 199, t2=t1+(0, 6)) -> (376, 185, 199, t3=t2+(1, 3))	2	170
(2747, 134, 4125, t1) & (2747, 105, 2544, t2=t1+(0, 3)) -> (2747, 134, 2747, t3=t2+(1, 2))	2	171
(1015, 47, 3299, t1) & (2030, 63, 3299, t2=t1+(0, 5)) -> (3299, 47, 3299, t3=t2+(1, 6))	2	172
(2382, 70, 2207, t1) & (2382, 120, 2338, t2=t1+(0, 4)) -> (2207, 120, 2338, t3=t2+(1, 3))	2	173
(4942, 147, 4846, t1) & (4846, 39, 4846, t2=t1+(0, 5)) -> (4942, 39, 4942, t3=t2+(1, 10))	2	174
(1176, 134, 1218, t1) & (1176, 153, 1132, t2=t1+(0, 3)) -> (1176, 134, 1132, t3=t2+(1, 4))	2	175
(1027, 97, 340, t1) & (1027, 62, 2385, t2=t1+(0, 4)) -> (340, 97, 2385, t3=t2+(1, 1))	2	176
(2118, 17, 2675, t1) & (4118, 59, 2675, t2=t1+(0, 6)) -> (2118, 59, 4118, t3=t2+(1, 2))	2	177
(2489, 111, 3272, t1) & (3272, 60, 4568, t2=t1+(0, 7)) -> (3272, 111, 4568, t3=t2+(1, 6))	2	178
(1880, 112, 4609, t1) & (4609, 178, 1880, t2=t1+(0, 10)) -> (4609, 112, 1880, t3=t2+(1, 3))	2	179
(140, 61, 295, t1) & (295, 47, 295, t2=t1+(0, 3)) -> (295, 47, 295, t3=t2+(1, 7))	2	180
(4724, 15, 4620, t1) & (4724, 122, 4724, t2=t1+(0, 3)) -> (4620, 122, 4724, t3=t2+(1, 6))	2	181
(2506, 67, 3209, t1) & (2506, 176, 3209, t2=t1+(0, 5)) -> (2506, 67, 2506, t3=t2+(1, 4))	2	182
(3653, 135, 1017, t1) & (3653, 191, 1866, t2=t1+(0, 6)) -> (3653, 191, 3653, t3=t2+(1, 5))	2	183
(3263, 14, 2335, t1) & (3456, 190, 3263, t2=t1+(0, 4)) -> (2335, 14, 3263, t3=t2+(1, 4))	2	184
(3394, 180, 431, t1) & (3394, 165, 3394, t2=t1+(0, 11)) -> (3394, 180, 431, t3=t2+(1, 3))	2	185
(382, 144, 44, t1) & (4693, 88, 44, t2=t1+(0, 5)) -> (44, 144, 382, t3=t2+(1, 6))	2	186
(4568, 181, 1413, t1) & (1413, 121, 4568, t2=t1+(0, 4)) -> (4568, 181, 4568, t3=t2+(1, 4))	2	187
(3299, 143, 3653, t1) & (4929, 191, 3653, t2=t1+(0, 8)) -> (4929, 191, 4929, t3=t2+(1, 5))	2	188
(3833, 197, 3888, t1) & (3833, 190, 3888, t2=t1+(0, 6)) -> (3888, 197, 3833, t3=t2+(1, 6))	2	189
(1064, 15, 1681, t1) & (1064, 146, 3370, t2=t1+(0, 4)) -> (3370, 15, 1681, t3=t2+(1, 4))	2	190
(1464, 134, 2714, t1) & (2714, 1, 558, t2=t1+(0, 9)) -> (1464, 1, 1464, t3=t2+(1, 6))	2	191
(2063, 178, 4091, t1) & (4091, 49, 2063, t2=t1+(0, 9)) -> (2063, 49, 4091, t3=t2+(1, 5))	2	192
(4565, 177, 2294, t1) & (2666, 143, 4565, t2=t1+(0, 4)) -> (2666, 143, 2666, t3=t2+(1, 5))	2	193
(2666, 51, 4609, t1) & (2666, 53, 2666, t2=t1+(0, 4)) -> (2666, 53, 2666, t3=t2+(1, 4))	2	194
(684, 148, 1015, t1) & (1015, 85, 1017, t2=t1+(0, 9)) -> (1015, 148, 684, t3=t2+(1, 9))	2	195
(937, 14, 3653, t1) & (937, 160, 937, t2=t1+(0, 5)) -> (937, 14, 937, t3=t2+(1, 7))	2	196
(1694, 129, 3080, t1) & (1694, 110, 4349, t2=t1+(0, 8)) -> (1694, 129, 4349, t3=t2+(1, 11))	2	197
(3893, 111, 2127, t1) & (3893, 42, 2348, t2=t1+(0, 5)) -> (3893, 111, 3893, t3=t2+(1, 8))	2	198
(2505, 62, 2771, t1) & (2048, 5, 2505, t2=t1+(0, 5)) -> (2048, 62, 2771, t3=t2+(1, 6))	2	199
(3263, 152, 4683, t1) -> (4683, 152, 3263, t2=t1+(1, 5))	1	200
(452, 111, 644, t1) -> (452, 111, 452, t2=t1+(1, 6))	1	201
(492, 51, 1159, t1) -> (492, 51, 1159, t2=t1+(1, 9))	1	202
(3263, 55, 1765, t1) -> (3263, 55, 1765, t2=t1+(1, 2))	1	203
(2030, 69, 2929, t1) -> (2030, 69, 2929, t2=t1+(1, 6))	1	204
(125, 111, 838, t1) -> (838, 111, 125, t2=t1+(1, 6))	1	205
(2140, 187, 4412, t1) -> (2140, 187, 4412, t2=t1+(1, 5))	1	206
(4693, 58, 1556, t1) -> (1556, 58, 1556, t2=t1+(1, 6))	1	207
(4034, 17, 2710, t1) -> (2710, 17, 2710, t2=t1+(1, 5))	1	208
(1104, 89, 299, t1) -> (1104, 89, 299, t2=t1+(1, 4))	1	209
(3824, 145, 541, t1) -> (541, 145, 541, t2=t1+(1, 5))	1	210
(1338, 83, 3704, t1) -> (3704, 83, 1338, t2=t1+(1, 5))	1	211
(1960, 146, 774, t1) -> (774, 146, 774, t2=t1+(1, 5))	1	212
(3963, 72, 3262, t1) -> (3963, 72, 3262, t2=t1+(1, 3))	1	213
(2240, 111, 1833, t1) -> (2240, 111, 2240, t2=t1+(1, 2))	1	214
(1895, 118, 2073, t1) -> (2073, 118, 1895, t2=t1+(1, 5))	1	215
(4929, 195, 972, t1) -> (4929, 195, 4929, t2=t1+(1, 3))	1	216
(1125, 118, 2472, t1) -> (2472, 118, 1125, t2=t1+(1, 3))	1	217
(4569, 6, 4293, t1) -> (4569, 6, 4569, t2=t1+(1, 6))	1	218
(774, 179, 64, t1) -> (774, 179, 774, t2=t1+(1, 2))	1	219
(1015, 91, 111, t1) -> (1015, 91, 1015, t2=t1+(1, 1))	1	220
(3682, 120, 4019, t1) -> (4019, 120, 4019, t2=t1+(1, 5))	1	221
(541, 112, 4929, t1) -> (541, 112, 4929, t2=t1+(1, 1))	1	222
(863, 164, 558, t1) -> (863, 164, 863, t2=t1+(1, 4))	1	223
(967, 95, 4656, t1) -> (967, 95, 4656, t2=t1+(1, 5))	1	224
(4686, 1, 268, t1) -> (4686, 1, 268, t2=t1+(1, 7))	1	225
(4959, 173, 452, t1) -> (4959, 173, 4959, t2=t1+(1, 4))	1	226
(3265, 97, 1694, t1) -> (1694, 97, 1694, t2=t1+(1, 9))	1	227
(1635, 106, 355, t1) -> (1635, 106, 1635, t2=t1+(1, 7))	1	228
(2870, 32, 1015, t1) -> (2870, 32, 1015, t2=t1+(1, 6))	1	229
(2338, 111, 125, t1) -> (125, 111, 2338, t2=t1+(1, 5))	1	230
(1137, 15, 2945, t1) -> (1137, 15, 1137, t2=t1+(1, 4))	1	231
(3566, 118, 140, t1) -> (140, 118, 3566, t2=t1+(1, 3))	1	232
(2668, 3, 841, t1) -> (841, 3, 841, t2=t1+(1, 4))	1	233
(625, 112, 4835, t1) -> (4835, 112, 4835, t2=t1+(1, 7))	1	234
(842, 110, 4359, t1) -> (842, 110, 4359, t2=t1+(1, 6))	1	235
(380, 118, 3502, t1) -> (3502, 118, 380, t2=t1+(1, 4))	1	236
(1826, 59, 342, t1) -> (1826, 59, 342, t2=t1+(1, 6))	1	237
(3653, 179, 838, t1) -> (838, 179, 3653, t2=t1+(1, 5))	1	238
(2472, 34, 3182, t1) -> (2472, 34, 3182, t2=t1+(1, 4))	1	239
(452, 190, 1110, t1) -> (1110, 190, 1110, t2=t1+(1, 3))	1	240
(2030, 144, 690, t1) -> (2030, 144, 2030, t2=t1+(1, 3))	1	241
(558, 134, 299, t1) -> (558, 134, 299, t2=t1+(1, 5))	1	242
(431, 106, 955, t1) -> (431, 106, 955, t2=t1+(1, 2))	1	243
(3720, 197, 1411, t1) -> (1411, 197, 3720, t2=t1+(1, 3))	1	244
(2630, 102, 1165, t1) -> (2630, 102, 2630, t2=t1+(1, 1))	1	245
(4193, 69, 51, t1) -> (51, 69, 51, t2=t1+(1, 9))	1	246
(2220, 197, 1781, t1) -> (1781, 197, 2220, t2=t1+(1, 7))	1	247
(72, 32, 3223, t1) -> (3223, 32, 72, t2=t1+(1, 4))	1	248
(4502, 3, 3133, t1) -> (4502, 3, 3133, t2=t1+(1, 7))	1	249
(2977, 56, 607, t1) -> (607, 56, 2977, t2=t1+(1, 5))	1	250
(2902, 182, 996, t1) -> (996, 182, 996, t2=t1+(1, 6))	1	251
(3258, 105, 2462, t1) -> (2462, 105, 2462, t2=t1+(1, 4))	1	252
(820, 111, 3080, t1) -> (820, 111, 820, t2=t1+(1, 3))	1	253
(1355, 148, 2862, t1) -> (2862, 148, 2862, t2=t1+(1, 5))	1	254
(186, 132, 2073, t1) -> (2073, 132, 2073, t2=t1+(1, 5))	1	255
(2977, 102, 1893, t1) -> (2977, 102, 1893, t2=t1+(1, 5))	1	256
(3135, 190, 2080, t1) -> (3135, 190, 2080, t2=t1+(1, 4))	1	257
(3941, 162, 4166, t1) -> (4166, 162, 3941, t2=t1+(1, 6))	1	258
(72, 114, 2178, t1) -> (2178, 114, 2178, t2=t1+(1, 4))	1	259
(4568, 153, 2230, t1) -> (2230, 153, 2230, t2=t1+(1, 2))	1	260
(480, 164, 1449, t1) -> (480, 164, 480, t2=t1+(1, 9))	1	261
(2338, 41, 4125, t1) -> (4125, 41, 4125, t2=t1+(1, 6))	1	262
(105, 6, 358, t1) -> (105, 6, 105, t2=t1+(1, 3))	1	263
(2368, 121, 4516, t1) -> (2368, 121, 4516, t2=t1+(1, 3))	1	264
(1413, 181, 191, t1) -> (191, 181, 1413, t2=t1+(1, 1))	1	265
(305, 47, 607, t1) -> (305, 47, 607, t2=t1+(1, 5))	1	266
(3283, 82, 1283, t1) -> (1283, 82, 3283, t2=t1+(1, 4))	1	267
(140, 15, 1895, t1) -> (1895, 15, 1895, t2=t1+(1, 6))	1	268
(255, 88, 1637, t1) -> (1637, 88, 255, t2=t1+(1, 4))	1	269
(4938, 82, 1893, t1) -> (4938, 82, 1893, t2=t1+(1, 4))	1	270
(3108, 145, 3653, t1) -> (3653, 145, 3653, t2=t1+(1, 2))	1	271
(651, 45, 670, t1) -> (651, 45, 651, t2=t1+(1, 7))	1	272
(1015, 58, 3863, t1) -> (3863, 58, 3863, t2=t1+(1, 6))	1	273
(3502, 111, 2369, t1) -> (3502, 111, 2369, t2=t1+(1, 7))	1	274
(1880, 190, 4628, t1) -> (4628, 190, 4628, t2=t1+(1, 5))	1	275
(4117, 195, 2920, t1) -> (2920, 195, 2920, t2=t1+(1, 2))	1	276
(4125, 152, 989, t1) -> (4125, 152, 4125, t2=t1+(1, 4))	1	277
(4502, 179, 3446, t1) -> (4502, 179, 4502, t2=t1+(1, 2))	1	278
(3012, 169, 4656, t1) -> (4656, 169, 3012, t2=t1+(1, 8))	1	279
(4267, 15, 51, t1) -> (4267, 15, 4267, t2=t1+(1, 5))	1	280
(1621, 113, 4660, t1) -> (4660, 113, 1621, t2=t1+(1, 4))	1	281
(4562, 68, 1413, t1) -> (4562, 68, 1413, t2=t1+(1, 4))	1	282
(1015, 56, 4117, t1) -> (4117, 56, 1015, t2=t1+(1, 6))	1	283
(1362, 8, 995, t1) -> (1362, 8, 1362, t2=t1+(1, 4))	1	284
(1675, 134, 3918, t1) -> (1675, 134, 1675, t2=t1+(1, 4))	1	285
(3283, 178, 4166, t1) -> (4166, 178, 3283, t2=t1+(1, 2))	1	286
(3324, 137, 1241, t1) -> (1241, 137, 1241, t2=t1+(1, 7))	1	287
(2206, 195, 4868, t1) -> (4868, 195, 2206, t2=t1+(1, 6))	1	288
(3288, 72, 4146, t1) -> (4146, 72, 4146, t2=t1+(1, 4))	1	289
(2216, 177, 1879, t1) -> (2216, 177, 2216, t2=t1+(1, 11))	1	290
(3911, 191, 3762, t1) -> (3911, 191, 3762, t2=t1+(1, 7))	1	291
(804, 3, 3185, t1) -> (804, 3, 3185, t2=t1+(1, 7))	1	292
(186, 178, 1795, t1) -> (186, 178, 1795, t2=t1+(1, 4))	1	293
(547, 107, 3731, t1) -> (547, 107, 3731, t2=t1+(1, 5))	1	294
(1500, 121, 4555, t1) -> (4555, 121, 1500, t2=t1+(1, 6))	1	295
(501, 163, 4687, t1) -> (501, 163, 4687, t2=t1+(1, 1))	1	296
(1977, 31, 2509, t1) -> (1977, 31, 1977, t2=t1+(1, 1))	1	297
(1056, 107, 4616, t1) -> (4616, 107, 4616, t2=t1+(1, 9))	1	298
(3874, 97, 1165, t1) -> (3874, 97, 3874, t2=t1+(1, 3))	1	299
