(4072, 99, 3637, t1) & (1853, 22, 2397, t2=t1+(0, 5)) & (1853, 80, 3637, t3=t2+(0, 8)) -> (1853, 80, 1853, t4=t3+(1, 4))	3	0
(1766, 66, 753, t1) & (3932, 87, 1182, t2=t1+(0, 3)) & (3932, 126, 1766, t3=t2+(0, 6)) -> (1766, 126, 3932, t4=t3+(1, 5))	3	1
(508, 143, 1034, t1) & (1390, 3, 1956, t2=t1+(0, 6)) & (1034, 97, 1956, t3=t2+(0, 6)) -> (1956, 97, 1034, t4=t3+(1, 3))	3	2
(2507, 67, 3423, t1) & (4866, 152, 2989, t2=t1+(0, 4)) & (4866, 2, 2507, t3=t2+(0, 7)) -> (2507, 152, 2989, t4=t3+(1, 3))	3	3
(1375, 18, 394, t1) & (1956, 165, 1913, t2=t1+(0, 4)) & (1913, 190, 394, t3=t2+(0, 3)) -> (1956, 18, 1913, t4=t3+(1, 3))	3	4
(837, 127, 2318, t1) & (389, 73, 2794, t2=t1+(0, 8)) & (2318, 47, 2794, t3=t2+(0, 3)) -> (837, 127, 2318, t4=t3+(1, 4))	3	5
(4866, 71, 3947, t1) & (4864, 36, 4447, t2=t1+(0, 3)) & (4866, 168, 4447, t3=t2+(0, 7)) -> (3947, 168, 4447, t4=t3+(1, 7))	3	6
(2998, 101, 3883, t1) & (535, 169, 1081, t2=t1+(0, 6)) & (535, 35, 2998, t3=t2+(0, 5)) -> (2998, 101, 2998, t4=t3+(1, 5))	3	7
(4638, 108, 1408, t1) & (1445, 93, 1046, t2=t1+(0, 3)) & (1408, 45, 1046, t3=t2+(0, 7)) -> (4638, 45, 1408, t4=t3+(1, 3))	3	8
(475, 124, 3427, t1) & (3032, 46, 4926, t2=t1+(0, 4)) & (3427, 59, 4926, t3=t2+(0, 6)) -> (4926, 59, 4926, t4=t3+(1, 5))	3	9
(4874, 147, 820, t1) & (2748, 107, 10, t2=t1+(0, 6)) & (4874, 138, 10, t3=t2+(0, 1)) -> (2748, 107, 10, t4=t3+(1, 5))	3	10
(3833, 145, 1138, t1) & (2131, 74, 3122, t2=t1+(0, 7)) & (3122, 151, 3833, t3=t2+(0, 4)) -> (3833, 74, 2131, t4=t3+(1, 2))	3	11
(2939, 50, 1739, t1) & (1956, 181, 1882, t2=t1+(0, 3)) & (1956, 24, 1739, t3=t2+(0, 7)) -> (1882, 181, 1882, t4=t3+(1, 6))	3	12
(2705, 73, 3546, t1) & (2648, 35, 3712, t2=t1+(0, 7)) & (2705, 114, 2648, t3=t2+(0, 4)) -> (3546, 73, 2705, t4=t3+(1, 5))	3	13
(3506, 27, 3179, t1) & (4072, 178, 4350, t2=t1+(0, 6)) & (3179, 178, 4350, t3=t2+(0, 1)) -> (3179, 178, 4350, t4=t3+(1, 4))	3	14
(2442, 194, 753, t1) & (1766, 54, 1572, t2=t1+(0, 5)) & (753, 134, 1572, t3=t2+(0, 4)) -> (1766, 54, 1572, t4=t3+(1, 5))	3	15
(3308, 45, 3633, t1) & (3546, 50, 4805, t2=t1+(0, 3)) & (3546, 106, 3633, t3=t2+(0, 2)) -> (4805, 106, 3633, t4=t3+(1, 5))	3	16
(705, 138, 1861, t1) & (4577, 180, 3985, t2=t1+(0, 1)) & (3985, 62, 705, t3=t2+(0, 4)) -> (3985, 180, 705, t4=t3+(1, 2))	3	17
(2098, 110, 4223, t1) & (3009, 184, 1132, t2=t1+(0, 2)) & (1132, 27, 2098, t3=t2+(0, 5)) -> (1132, 110, 2098, t4=t3+(1, 4))	3	18
(1029, 77, 2705, t1) & (3469, 86, 366, t2=t1+(0, 3)) & (3469, 98, 2705, t3=t2+(0, 5)) -> (366, 86, 3469, t4=t3+(1, 3))	3	19
(4636, 173, 3327, t1) & (753, 179, 3122, t2=t1+(0, 4)) & (3327, 177, 3122, t3=t2+(0, 4)) -> (4636, 177, 3327, t4=t3+(1, 5))	3	20
(1861, 117, 4706, t1) & (3557, 61, 4961, t2=t1+(0, 3)) & (4961, 10, 1861, t3=t2+(0, 3)) -> (4706, 10, 4961, t4=t3+(1, 3))	3	21
(3712, 35, 3848, t1) & (2240, 59, 1339, t2=t1+(0, 5)) & (2240, 82, 3712, t3=t2+(0, 7)) -> (2240, 35, 3712, t4=t3+(1, 2))	3	22
(3083, 129, 2406, t1) & (4044, 33, 3341, t2=t1+(0, 5)) & (3083, 199, 3341, t3=t2+(0, 5)) -> (4044, 199, 4044, t4=t3+(1, 3))	3	23
(874, 151, 4350, t1) & (4223, 84, 2835, t2=t1+(0, 3)) & (2835, 106, 874, t3=t2+(0, 3)) -> (2835, 151, 2835, t4=t3+(1, 9))	3	24
(635, 65, 2406, t1) & (3380, 113, 3985, t2=t1+(0, 2)) & (635, 127, 3985, t3=t2+(0, 11)) -> (3985, 65, 3985, t4=t3+(1, 2))	3	25
(1300, 139, 4350, t1) & (1508, 113, 4066, t2=t1+(0, 3)) & (1300, 191, 1508, t3=t2+(0, 7)) -> (4066, 191, 1508, t4=t3+(1, 7))	3	26
(4651, 128, 1716, t1) & (3167, 169, 2038, t2=t1+(0, 6)) & (3167, 68, 4651, t3=t2+(0, 9)) -> (4651, 68, 3167, t4=t3+(1, 8))	3	27
(4082, 144, 28, t1) & (4562, 79, 4011, t2=t1+(0, 6)) & (4562, 148, 28, t3=t2+(0, 3)) -> (28, 144, 28, t4=t3+(1, 5))	3	28
(1053, 21, 3009, t1) & (1349, 66, 2861, t2=t1+(0, 6)) & (3009, 9, 2861, t3=t2+(0, 7)) -> (2861, 9, 1349, t4=t3+(1, 6))	3	29
(4950, 40, 4439, t1) & (4234, 71, 3692, t2=t1+(0, 7)) & (3692, 92, 4950, t3=t2+(0, 8)) -> (4439, 92, 4950, t4=t3+(1, 5))	3	30
(4607, 91, 3593, t1) & (4447, 52, 1956, t2=t1+(0, 2)) & (4447, 74, 4607, t3=t2+(0, 7)) -> (4447, 91, 3593, t4=t3+(1, 2))	3	31
(2875, 63, 2201, t1) & (1699, 169, 3805, t2=t1+(0, 7)) & (2201, 107, 1699, t3=t2+(0, 6)) -> (1699, 63, 1699, t4=t3+(1, 5))	3	32
(3498, 191, 2873, t1) & (4730, 176, 2081, t2=t1+(0, 6)) & (3498, 91, 2081, t3=t2+(0, 3)) -> (3498, 176, 3498, t4=t3+(1, 6))	3	33
(2925, 34, 1029, t1) & (2131, 29, 2396, t2=t1+(0, 10)) & (2131, 179, 1029, t3=t2+(0, 2)) -> (2131, 179, 2396, t4=t3+(1, 2))	3	34
(3434, 133, 3879, t1) & (3330, 33, 2055, t2=t1+(0, 8)) & (3434, 102, 3330, t3=t2+(0, 2)) -> (3434, 33, 3330, t4=t3+(1, 7))	3	35
(4663, 33, 2501, t1) & (3985, 149, 2172, t2=t1+(0, 2)) & (4663, 20, 3985, t3=t2+(0, 5)) -> (3985, 149, 4663, t4=t3+(1, 8))	3	36
(2598, 126, 2606, t1) & (4577, 147, 10, t2=t1+(0, 8)) & (10, 120, 2598, t3=t2+(0, 8)) -> (2598, 147, 2606, t4=t3+(1, 6))	3	37
(4560, 118, 4648, t1) & (3033, 47, 2618, t2=t1+(0, 6)) & (4648, 36, 3033, t3=t2+(0, 4)) -> (2618, 36, 3033, t4=t3+(1, 3))	3	38
(2103, 108, 1989, t1) & (2249, 189, 2827, t2=t1+(0, 4)) & (1989, 85, 2249, t3=t2+(0, 6)) -> (1989, 108, 2103, t4=t3+(1, 4))	3	39
(3394, 93, 3805, t1) & (4677, 149, 1132, t2=t1+(0, 5)) & (1132, 109, 3394, t3=t2+(0, 5)) -> (4677, 109, 3394, t4=t3+(1, 3))	3	40
(2981, 186, 3092, t1) & (1630, 114, 3031, t2=t1+(0, 6)) & (3031, 51, 3092, t3=t2+(0, 7)) -> (3031, 186, 3031, t4=t3+(1, 5))	3	41
(993, 67, 603, t1) & (1488, 62, 3031, t2=t1+(0, 4)) & (993, 148, 3031, t3=t2+(0, 6)) -> (603, 148, 3031, t4=t3+(1, 3))	3	42
(3044, 22, 2096, t1) & (667, 2, 4270, t2=t1+(0, 6)) & (2096, 145, 4270, t3=t2+(0, 5)) -> (4270, 2, 2096, t4=t3+(1, 3))	3	43
(1583, 1, 3826, t1) & (4360, 167, 3808, t2=t1+(0, 6)) & (3808, 74, 1583, t3=t2+(0, 7)) -> (3808, 74, 4360, t4=t3+(1, 5))	3	44
(4223, 18, 2343, t1) & (4397, 150, 1716, t2=t1+(0, 7)) & (4223, 169, 1716, t3=t2+(0, 3)) -> (4223, 169, 1716, t4=t3+(1, 6))	3	45
(2639, 27, 4900, t1) & (4651, 53, 1375, t2=t1+(0, 4)) & (4651, 120, 2639, t3=t2+(0, 3)) -> (1375, 27, 4651, t4=t3+(1, 11))	3	46
(2406, 146, 1006, t1) & (420, 195, 1182, t2=t1+(0, 3)) & (1006, 71, 420, t3=t2+(0, 5)) -> (1182, 195, 1006, t4=t3+(1, 1))	3	47
(4929, 32, 4737, t1) & (3640, 84, 3032, t2=t1+(0, 7)) & (4737, 63, 3032, t3=t2+(0, 3)) -> (3032, 32, 4929, t4=t3+(1, 5))	3	48
(1121, 128, 1620, t1) & (1485, 11, 3211, t2=t1+(0, 3)) & (1485, 154, 1620, t3=t2+(0, 5)) -> (3211, 128, 1485, t4=t3+(1, 7))	3	49
(2606, 198, 3757, t1) & (4223, 123, 147, t2=t1+(0, 3)) & (147, 149, 3757, t3=t2+(0, 2)) -> (3757, 123, 3757, t4=t3+(1, 5))	3	50
(3823, 10, 621, t1) & (4607, 59, 610, t2=t1+(0, 3)) & (610, 47, 621, t3=t2+(0, 1)) -> (621, 47, 621, t4=t3+(1, 2))	3	51
(2055, 128, 820, t1) & (4926, 32, 3045, t2=t1+(0, 3)) & (820, 96, 4926, t3=t2+(0, 5)) -> (820, 128, 3045, t4=t3+(1, 7))	3	52
(2332, 22, 4961, t1) & (1000, 40, 4677, t2=t1+(0, 5)) & (1000, 130, 4961, t3=t2+(0, 7)) -> (1000, 22, 2332, t4=t3+(1, 4))	3	53
(1861, 145, 2131, t1) & (1439, 162, 2439, t2=t1+(0, 7)) & (1861, 173, 2439, t3=t2+(0, 6)) -> (2131, 173, 2439, t4=t3+(1, 2))	3	54
(1942, 93, 1173, t1) & (4926, 146, 3823, t2=t1+(0, 4)) & (1942, 50, 4926, t3=t2+(0, 2)) -> (4926, 146, 1942, t4=t3+(1, 5))	3	55
(2286, 80, 1583, t1) & (4209, 175, 2727, t2=t1+(0, 1)) & (2286, 142, 2727, t3=t2+(0, 6)) -> (2286, 142, 4209, t4=t3+(1, 5))	3	56
(3637, 197, 784, t1) & (1053, 168, 2400, t2=t1+(0, 7)) & (1053, 168, 784, t3=t2+(0, 4)) -> (784, 197, 784, t4=t3+(1, 2))	3	57
(3308, 138, 3092, t1) & (4961, 140, 4978, t2=t1+(0, 6)) & (3308, 34, 4961, t3=t2+(0, 6)) -> (4961, 34, 4961, t4=t3+(1, 3))	3	58
(3917, 6, 3968, t1) & (144, 125, 696, t2=t1+(0, 7)) & (3917, 76, 696, t3=t2+(0, 5)) -> (144, 76, 696, t4=t3+(1, 4))	3	59
(797, 181, 2069, t1) & (3710, 150, 4961, t2=t1+(0, 0)) & (797, 103, 3710, t3=t2+(0, 5)) -> (4961, 181, 797, t4=t3+(1, 7))	3	60
(1861, 169, 4495, t1) & (3985, 132, 4020, t2=t1+(0, 4)) & (3985, 86, 4495, t3=t2+(0, 6)) -> (1861, 169, 3985, t4=t3+(1, 3))	3	61
(2388, 88, 4223, t1) & (242, 9, 2318, t2=t1+(0, 6)) & (242, 58, 4223, t3=t2+(0, 1)) -> (242, 58, 4223, t4=t3+(1, 3))	3	62
(4811, 83, 4494, t1) & (4638, 89, 2240, t2=t1+(0, 4)) & (4494, 195, 4638, t3=t2+(0, 4)) -> (4811, 195, 2240, t4=t3+(1, 4))	3	63
(4961, 144, 4589, t1) & (3883, 174, 4066, t2=t1+(0, 2)) & (4066, 165, 4589, t3=t2+(0, 7)) -> (3883, 174, 4066, t4=t3+(1, 3))	3	64
(372, 47, 4929, t1) & (4006, 163, 3932, t2=t1+(0, 4)) & (372, 65, 3932, t3=t2+(0, 3)) -> (4929, 163, 3932, t4=t3+(1, 3))	3	65
(4964, 103, 4765, t1) & (4743, 148, 4234, t2=t1+(0, 5)) & (4234, 9, 4964, t3=t2+(0, 6)) -> (4234, 148, 4765, t4=t3+(1, 9))	3	66
(1752, 62, 4378, t1) & (3363, 107, 2910, t2=t1+(0, 6)) & (3363, 119, 1752, t3=t2+(0, 5)) -> (1752, 62, 1752, t4=t3+(1, 6))	3	67
(1940, 153, 2859, t1) & (3412, 170, 1452, t2=t1+(0, 2)) & (1452, 11, 2859, t3=t2+(0, 3)) -> (3412, 153, 2859, t4=t3+(1, 7))	3	68
(3937, 97, 1583, t1) & (4223, 147, 2090, t2=t1+(0, 5)) & (2090, 166, 1583, t3=t2+(0, 7)) -> (3937, 147, 2090, t4=t3+(1, 6))	3	69
(4613, 27, 1655, t1) & (4209, 10, 4737, t2=t1+(0, 3)) & (4737, 0, 1655, t3=t2+(0, 6)) -> (1655, 10, 4737, t4=t3+(1, 1))	3	70
(2836, 21, 28, t1) & (3423, 160, 420, t2=t1+(0, 4)) & (28, 145, 420, t3=t2+(0, 8)) -> (420, 21, 420, t4=t3+(1, 6))	3	71
(603, 120, 2234, t1) & (1543, 93, 2184, t2=t1+(0, 5)) & (603, 88, 1543, t3=t2+(0, 1)) -> (2234, 88, 603, t4=t3+(1, 3))	3	72
(491, 83, 4929, t1) & (1655, 26, 66, t2=t1+(0, 2)) & (66, 30, 4929, t3=t2+(0, 5)) -> (4929, 30, 4929, t4=t3+(1, 4))	3	73
(4350, 151, 4964, t1) & (1984, 87, 2643, t2=t1+(0, 5)) & (4964, 6, 1984, t3=t2+(0, 4)) -> (2643, 151, 4964, t4=t3+(1, 2))	3	74
(3464, 14, 672, t1) & (3442, 38, 1583, t2=t1+(0, 1)) & (3442, 124, 672, t3=t2+(0, 7)) -> (672, 124, 672, t4=t3+(1, 3))	3	75
(2293, 39, 1081, t1) & (4126, 22, 4350, t2=t1+(0, 8)) & (4126, 170, 2293, t3=t2+(0, 4)) -> (4350, 39, 4350, t4=t3+(1, 4))	3	76
(1997, 163, 394, t1) & (2238, 154, 4271, t2=t1+(0, 3)) & (4271, 54, 1997, t3=t2+(0, 5)) -> (394, 54, 394, t4=t3+(1, 3))	3	77
(1739, 155, 4598, t1) & (1029, 130, 498, t2=t1+(0, 7)) & (4598, 198, 1029, t3=t2+(0, 4)) -> (1739, 198, 4598, t4=t3+(1, 5))	3	78
(4929, 58, 4651, t1) & (50, 137, 4577, t2=t1+(0, 5)) & (4651, 164, 50, t3=t2+(0, 3)) -> (4651, 58, 50, t4=t3+(1, 7))	3	79
(874, 22, 1375, t1) & (3625, 121, 2638, t2=t1+(0, 9)) & (1375, 20, 2638, t3=t2+(0, 7)) -> (2638, 121, 1375, t4=t3+(1, 6))	3	80
(2240, 145, 3692, t1) & (4743, 151, 4990, t2=t1+(0, 5)) & (3692, 162, 4990, t3=t2+(0, 11)) -> (2240, 162, 3692, t4=t3+(1, 7))	3	81
(656, 168, 3380, t1) & (2547, 122, 3069, t2=t1+(0, 5)) & (656, 96, 2547, t3=t2+(0, 3)) -> (656, 122, 656, t4=t3+(1, 4))	3	82
(4192, 44, 3434, t1) & (2249, 61, 2249, t2=t1+(0, 7)) & (4192, 178, 2249, t3=t2+(0, 9)) -> (4192, 178, 4192, t4=t3+(1, 3))	3	83
(656, 130, 2184, t1) & (3412, 53, 67, t2=t1+(0, 5)) & (2184, 122, 3412, t3=t2+(0, 3)) -> (2184, 122, 3412, t4=t3+(1, 8))	3	84
(3547, 171, 4350, t1) & (2767, 62, 396, t2=t1+(0, 3)) & (396, 29, 4350, t3=t2+(0, 5)) -> (4350, 62, 2767, t4=t3+(1, 5))	3	85
(1029, 61, 3506, t1) & (673, 116, 4082, t2=t1+(0, 4)) & (1029, 112, 4082, t3=t2+(0, 9)) -> (673, 61, 3506, t4=t3+(1, 6))	3	86
(2406, 94, 2234, t1) & (1583, 116, 189, t2=t1+(0, 10)) & (189, 17, 2234, t3=t2+(0, 2)) -> (189, 116, 2406, t4=t3+(1, 2))	3	87
(4350, 152, 2982, t1) & (4215, 40, 4350, t2=t1+(0, 5)) & (4215, 55, 4350, t3=t2+(0, 6)) -> (4350, 40, 4350, t4=t3+(1, 3))	3	88
(422, 70, 1846, t1) & (3117, 103, 1375, t2=t1+(0, 5)) & (1375, 174, 422, t3=t2+(0, 6)) -> (1375, 103, 1846, t4=t3+(1, 2))	3	89
(3150, 131, 1143, t1) & (3885, 59, 4706, t2=t1+(0, 3)) & (3885, 163, 1143, t3=t2+(0, 3)) -> (3885, 59, 4706, t4=t3+(1, 5))	3	90
(3029, 198, 4964, t1) & (3122, 9, 2872, t2=t1+(0, 5)) & (3122, 8, 4964, t3=t2+(0, 6)) -> (2872, 8, 4964, t4=t3+(1, 7))	3	91
(513, 182, 1035, t1) & (3394, 3, 2955, t2=t1+(0, 8)) & (2955, 16, 1035, t3=t2+(0, 4)) -> (2955, 16, 2955, t4=t3+(1, 11))	3	92
(4533, 147, 2358, t1) & (1263, 187, 2096, t2=t1+(0, 4)) & (4533, 162, 2096, t3=t2+(0, 5)) -> (4533, 147, 4533, t4=t3+(1, 9))	3	93
(869, 102, 2240, t1) & (1006, 74, 192, t2=t1+(0, 4)) & (1006, 146, 869, t3=t2+(0, 7)) -> (1006, 102, 1006, t4=t3+(1, 1))	3	94
(183, 89, 1956, t1) & (1383, 16, 1716, t2=t1+(0, 6)) & (1383, 196, 183, t3=t2+(0, 8)) -> (1716, 16, 1383, t4=t3+(1, 4))	3	95
(1355, 198, 1537, t1) & (40, 40, 4866, t2=t1+(0, 6)) & (1355, 10, 4866, t3=t2+(0, 4)) -> (1355, 40, 1355, t4=t3+(1, 3))	3	96
(656, 85, 3470, t1) & (3760, 39, 3833, t2=t1+(0, 7)) & (3470, 78, 3833, t3=t2+(0, 8)) -> (3760, 39, 656, t4=t3+(1, 3))	3	97
(2501, 55, 2209, t1) & (1118, 24, 4772, t2=t1+(0, 5)) & (2209, 198, 4772, t3=t2+(0, 4)) -> (2501, 55, 4772, t4=t3+(1, 3))	3	98
(2131, 141, 335, t1) & (4209, 14, 2577, t2=t1+(0, 3)) & (2577, 124, 335, t3=t2+(0, 7)) -> (2577, 141, 2577, t4=t3+(1, 1))	3	99
(743, 198, 667, t1) & (3009, 58, 667, t2=t1+(0, 2)) -> (667, 58, 3009, t3=t2+(1, 7))	2	100
(3985, 48, 667, t1) & (3985, 9, 3985, t2=t1+(0, 8)) -> (3985, 9, 3985, t3=t2+(1, 7))	2	101
(2131, 42, 2501, t1) & (2131, 181, 2501, t2=t1+(0, 3)) -> (2131, 181, 2501, t3=t2+(1, 6))	2	102
(2748, 114, 4856, t1) & (1452, 121, 2748, t2=t1+(0, 3)) -> (2748, 114, 1452, t3=t2+(1, 4))	2	103
(4638, 186, 2321, t1) & (3506, 110, 2321, t2=t1+(0, 5)) -> (3506, 110, 3506, t3=t2+(1, 4))	2	104
(3011, 4, 3498, t1) & (3011, 15, 3498, t2=t1+(0, 1)) -> (3011, 15, 3498, t3=t2+(1, 7))	2	105
(1537, 167, 422, t1) & (1537, 153, 1520, t2=t1+(0, 2)) -> (1520, 167, 1537, t3=t2+(1, 5))	2	106
(3416, 24, 1572, t1) & (1572, 112, 3416, t2=t1+(0, 6)) -> (1572, 112, 1572, t3=t2+(1, 1))	2	107
(2021, 196, 3724, t1) & (3029, 140, 3724, t2=t1+(0, 5)) -> (3029, 140, 3029, t3=t2+(1, 8))	2	108
(3808, 97, 2981, t1) & (3808, 152, 3117, t2=t1+(0, 5)) -> (3808, 152, 3117, t3=t2+(1, 3))	2	109
(1445, 154, 2910, t1) & (1445, 136, 2910, t2=t1+(0, 4)) -> (2910, 154, 2910, t3=t2+(1, 6))	2	110
(2430, 183, 3401, t1) & (3401, 74, 3179, t2=t1+(0, 7)) -> (3179, 74, 2430, t3=t2+(1, 6))	2	111
(621, 90, 1739, t1) & (1739, 76, 1739, t2=t1+(0, 1)) -> (621, 90, 1739, t3=t2+(1, 6))	2	112
(66, 155, 3958, t1) & (3958, 106, 66, t2=t1+(0, 3)) -> (66, 106, 66, t3=t2+(1, 6))	2	113
(28, 133, 1141, t1) & (28, 167, 1141, t2=t1+(0, 6)) -> (1141, 133, 28, t3=t2+(1, 5))	2	114
(4846, 28, 2748, t1) & (2748, 19, 3498, t2=t1+(0, 2)) -> (2748, 19, 2748, t3=t2+(1, 3))	2	115
(4961, 106, 2620, t1) & (4961, 180, 4961, t2=t1+(0, 3)) -> (4961, 106, 4961, t3=t2+(1, 6))	2	116
(1439, 110, 3826, t1) & (1439, 190, 3826, t2=t1+(0, 5)) -> (3826, 110, 1439, t3=t2+(1, 6))	2	117
(3633, 188, 67, t1) & (67, 186, 259, t2=t1+(0, 1)) -> (3633, 188, 67, t3=t2+(1, 8))	2	118
(4223, 172, 331, t1) & (1034, 184, 4223, t2=t1+(0, 6)) -> (4223, 184, 1034, t3=t2+(1, 4))	2	119
(3985, 147, 1300, t1) & (1300, 39, 28, t2=t1+(0, 5)) -> (3985, 147, 3985, t3=t2+(1, 4))	2	120
(2351, 17, 4350, t1) & (2069, 27, 2351, t2=t1+(0, 3)) -> (4350, 27, 2351, t3=t2+(1, 7))	2	121
(4889, 38, 67, t1) & (67, 123, 245, t2=t1+(0, 4)) -> (4889, 123, 67, t3=t2+(1, 2))	2	122
(4082, 117, 884, t1) & (2021, 112, 884, t2=t1+(0, 4)) -> (884, 117, 884, t3=t2+(1, 9))	2	123
(4526, 137, 656, t1) & (4526, 94, 4101, t2=t1+(0, 6)) -> (4526, 94, 4101, t3=t2+(1, 6))	2	124
(2235, 31, 4322, t1) & (4322, 25, 4730, t2=t1+(0, 6)) -> (4730, 31, 4322, t3=t2+(1, 4))	2	125
(1488, 148, 1871, t1) & (1871, 103, 1488, t2=t1+(0, 4)) -> (1871, 103, 1871, t3=t2+(1, 6))	2	126
(43, 129, 1699, t1) & (1273, 127, 43, t2=t1+(0, 5)) -> (1273, 127, 1273, t3=t2+(1, 4))	2	127
(656, 160, 3622, t1) & (3622, 109, 656, t2=t1+(0, 5)) -> (656, 109, 3622, t3=t2+(1, 4))	2	128
(1620, 70, 4489, t1) & (1620, 123, 4350, t2=t1+(0, 7)) -> (1620, 70, 4489, t3=t2+(1, 6))	2	129
(4082, 23, 3427, t1) & (3469, 136, 3427, t2=t1+(0, 8)) -> (3427, 23, 3469, t3=t2+(1, 8))	2	130
(2537, 164, 3014, t1) & (1507, 155, 3014, t2=t1+(0, 7)) -> (3014, 164, 3014, t3=t2+(1, 3))	2	131
(4390, 139, 4961, t1) & (4961, 65, 1630, t2=t1+(0, 4)) -> (1630, 139, 4390, t3=t2+(1, 7))	2	132
(4447, 16, 2834, t1) & (4440, 103, 2834, t2=t1+(0, 6)) -> (2834, 103, 4447, t3=t2+(1, 9))	2	133
(4665, 87, 1665, t1) & (4665, 15, 4665, t2=t1+(0, 4)) -> (1665, 15, 4665, t3=t2+(1, 3))	2	134
(39, 131, 610, t1) & (39, 173, 2088, t2=t1+(0, 9)) -> (39, 173, 39, t3=t2+(1, 6))	2	135
(2445, 83, 2316, t1) & (1095, 110, 2445, t2=t1+(0, 3)) -> (1095, 83, 1095, t3=t2+(1, 5))	2	136
(1572, 127, 10, t1) & (1375, 146, 1572, t2=t1+(0, 3)) -> (1572, 146, 1572, t3=t2+(1, 8))	2	137
(2170, 158, 2748, t1) & (2170, 171, 656, t2=t1+(0, 1)) -> (656, 158, 2748, t3=t2+(1, 7))	2	138
(1143, 174, 2406, t1) & (2406, 145, 1132, t2=t1+(0, 2)) -> (1143, 145, 1132, t3=t2+(1, 4))	2	139
(2249, 6, 242, t1) & (2249, 63, 2748, t2=t1+(0, 1)) -> (2249, 6, 242, t3=t2+(1, 6))	2	140
(4440, 159, 737, t1) & (3553, 193, 4440, t2=t1+(0, 5)) -> (4440, 193, 3553, t3=t2+(1, 1))	2	141
(4440, 81, 4347, t1) & (4347, 0, 1143, t2=t1+(0, 8)) -> (4347, 81, 4347, t3=t2+(1, 5))	2	142
(3695, 191, 4848, t1) & (3695, 90, 4082, t2=t1+(0, 3)) -> (4848, 90, 4082, t3=t2+(1, 2))	2	143
(3285, 131, 1864, t1) & (1864, 86, 475, t2=t1+(0, 3)) -> (3285, 131, 475, t3=t2+(1, 6))	2	144
(518, 137, 3404, t1) & (4020, 153, 518, t2=t1+(0, 10)) -> (3404, 153, 518, t3=t2+(1, 9))	2	145
(2170, 21, 1132, t1) & (2170, 64, 1132, t2=t1+(0, 1)) -> (2170, 64, 1132, t3=t2+(1, 3))	2	146
(1620, 193, 426, t1) & (426, 124, 426, t2=t1+(0, 8)) -> (426, 124, 426, t3=t2+(1, 7))	2	147
(3179, 145, 1300, t1) & (3179, 75, 3481, t2=t1+(0, 2)) -> (3179, 75, 3481, t3=t2+(1, 8))	2	148
(3344, 1, 2872, t1) & (2872, 89, 3826, t2=t1+(0, 6)) -> (2872, 89, 2872, t3=t2+(1, 7))	2	149
(1672, 160, 1600, t1) & (1672, 189, 3469, t2=t1+(0, 4)) -> (1672, 189, 3469, t3=t2+(1, 9))	2	150
(603, 40, 1128, t1) & (1128, 7, 2727, t2=t1+(0, 4)) -> (603, 40, 2727, t3=t2+(1, 4))	2	151
(2069, 11, 3498, t1) & (3498, 53, 2069, t2=t1+(0, 8)) -> (3498, 11, 2069, t3=t2+(1, 4))	2	152
(1000, 150, 2445, t1) & (1000, 169, 1000, t2=t1+(0, 5)) -> (1000, 169, 2445, t3=t2+(1, 3))	2	153
(1084, 34, 3767, t1) & (3767, 3, 1084, t2=t1+(0, 3)) -> (1084, 3, 3767, t3=t2+(1, 5))	2	154
(3937, 121, 1081, t1) & (3937, 182, 3937, t2=t1+(0, 3)) -> (1081, 121, 3937, t3=t2+(1, 6))	2	155
(66, 98, 2342, t1) & (2342, 95, 3325, t2=t1+(0, 4)) -> (3325, 95, 2342, t3=t2+(1, 5))	2	156
(4044, 179, 3344, t1) & (3344, 35, 4802, t2=t1+(0, 4)) -> (4044, 35, 4802, t3=t2+(1, 5))	2	157
(2170, 100, 2939, t1) & (2170, 49, 4709, t2=t1+(0, 4)) -> (2170, 100, 2170, t3=t2+(1, 4))	2	158
(1583, 110, 3917, t1) & (3469, 3, 1583, t2=t1+(0, 5)) -> (3469, 3, 1583, t3=t2+(1, 8))	2	159
(1788, 31, 4743, t1) & (3546, 67, 4743, t2=t1+(0, 3)) -> (3546, 31, 4743, t3=t2+(1, 4))	2	160
(1034, 24, 2235, t1) & (1375, 4, 1034, t2=t1+(0, 3)) -> (1034, 4, 1375, t3=t2+(1, 3))	2	161
(2313, 155, 1879, t1) & (2313, 9, 1132, t2=t1+(0, 9)) -> (1132, 155, 1132, t3=t2+(1, 3))	2	162
(3416, 188, 672, t1) & (672, 138, 3416, t2=t1+(0, 6)) -> (3416, 188, 3416, t3=t2+(1, 4))	2	163
(4533, 182, 1141, t1) & (1141, 59, 4533, t2=t1+(0, 6)) -> (4533, 59, 4533, t3=t2+(1, 5))	2	164
(558, 136, 3553, t1) & (1132, 170, 558, t2=t1+(0, 3)) -> (558, 170, 1132, t3=t2+(1, 7))	2	165
(1294, 44, 4754, t1) & (2714, 16, 4754, t2=t1+(0, 9)) -> (4754, 16, 4754, t3=t2+(1, 3))	2	166
(2656, 20, 3520, t1) & (2321, 142, 2656, t2=t1+(0, 1)) -> (2656, 20, 2656, t3=t2+(1, 4))	2	167
(4719, 191, 2246, t1) & (2246, 67, 129, t2=t1+(0, 2)) -> (2246, 191, 4719, t3=t2+(1, 8))	2	168
(3692, 48, 1029, t1) & (3045, 113, 1029, t2=t1+(0, 6)) -> (1029, 48, 3045, t3=t2+(1, 4))	2	169
(3001, 119, 3506, t1) & (3506, 141, 3001, t2=t1+(0, 9)) -> (3506, 119, 3506, t3=t2+(1, 4))	2	170
(3552, 112, 4961, t1) & (3552, 48, 4961, t2=t1+(0, 5)) -> (4961, 48, 3552, t3=t2+(1, 6))	2	171
(1132, 10, 4432, t1) & (2131, 181, 1132, t2=t1+(0, 5)) -> (1132, 181, 4432, t3=t2+(1, 1))	2	172
(242, 49, 4495, t1) & (1375, 8, 242, t2=t1+(0, 11)) -> (4495, 49, 4495, t3=t2+(1, 5))	2	173
(2600, 163, 4350, t1) & (4350, 43, 4350, t2=t1+(0, 2)) -> (2600, 163, 4350, t3=t2+(1, 6))	2	174
(2069, 27, 40, t1) & (40, 52, 602, t2=t1+(0, 7)) -> (602, 27, 2069, t3=t2+(1, 2))	2	175
(2727, 77, 4053, t1) & (4100, 29, 4053, t2=t1+(0, 4)) -> (2727, 77, 4100, t3=t2+(1, 3))	2	176
(4783, 107, 2839, t1) & (2839, 111, 2839, t2=t1+(0, 4)) -> (2839, 111, 2839, t3=t2+(1, 6))	2	177
(3385, 101, 1143, t1) & (1143, 189, 428, t2=t1+(0, 6)) -> (3385, 189, 1143, t3=t2+(1, 7))	2	178
(2514, 154, 3471, t1) & (2514, 48, 2514, t2=t1+(0, 9)) -> (3471, 48, 2514, t3=t2+(1, 3))	2	179
(57, 37, 242, t1) & (57, 56, 4926, t2=t1+(0, 6)) -> (4926, 37, 242, t3=t2+(1, 7))	2	180
(4073, 28, 3296, t1) & (4073, 136, 3296, t2=t1+(0, 3)) -> (4073, 28, 4073, t3=t2+(1, 2))	2	181
(2027, 191, 1768, t1) & (92, 47, 1768, t2=t1+(0, 9)) -> (2027, 191, 2027, t3=t2+(1, 4))	2	182
(639, 185, 3917, t1) & (3917, 81, 3692, t2=t1+(0, 8)) -> (3917, 81, 3692, t3=t2+(1, 2))	2	183
(4134, 25, 2234, t1) & (4134, 164, 1355, t2=t1+(0, 4)) -> (4134, 164, 4134, t3=t2+(1, 5))	2	184
(2257, 153, 1583, t1) & (2257, 126, 2257, t2=t1+(0, 5)) -> (1583, 153, 2257, t3=t2+(1, 7))	2	185
(3557, 94, 1287, t1) & (2021, 17, 3557, t2=t1+(0, 4)) -> (3557, 17, 2021, t3=t2+(1, 2))	2	186
(3553, 16, 2827, t1) & (2827, 82, 4284, t2=t1+(0, 6)) -> (2827, 16, 2827, t3=t2+(1, 6))	2	187
(2778, 18, 603, t1) & (603, 144, 4101, t2=t1+(0, 4)) -> (2778, 18, 2778, t3=t2+(1, 6))	2	188
(2620, 79, 2333, t1) & (2620, 176, 4659, t2=t1+(0, 3)) -> (4659, 176, 4659, t3=t2+(1, 8))	2	189
(1355, 198, 3778, t1) & (3778, 67, 3778, t2=t1+(0, 5)) -> (1355, 198, 3778, t3=t2+(1, 5))	2	190
(1699, 167, 3029, t1) & (3772, 67, 1699, t2=t1+(0, 3)) -> (1699, 67, 3029, t3=t2+(1, 7))	2	191
(1439, 69, 67, t1) & (3122, 196, 67, t2=t1+(0, 2)) -> (67, 69, 3122, t3=t2+(1, 6))	2	192
(3106, 98, 2490, t1) & (225, 137, 2490, t2=t1+(0, 3)) -> (225, 98, 3106, t3=t2+(1, 6))	2	193
(2939, 69, 165, t1) & (3427, 73, 165, t2=t1+(0, 4)) -> (165, 73, 165, t3=t2+(1, 5))	2	194
(2250, 130, 4223, t1) & (4223, 132, 4990, t2=t1+(0, 3)) -> (4223, 130, 4990, t3=t2+(1, 7))	2	195
(2316, 69, 4447, t1) & (1970, 103, 2316, t2=t1+(0, 3)) -> (1970, 69, 1970, t3=t2+(1, 3))	2	196
(1989, 126, 161, t1) & (3545, 112, 1989, t2=t1+(0, 3)) -> (1989, 112, 1989, t3=t2+(1, 6))	2	197
(3184, 138, 4929, t1) & (4929, 176, 3184, t2=t1+(0, 4)) -> (4929, 176, 3184, t3=t2+(1, 4))	2	198
(4072, 56, 183, t1) & (4846, 138, 4072, t2=t1+(0, 5)) -> (4072, 138, 4072, t3=t2+(1, 5))	2	199
(1332, 97, 3344, t1) -> (3344, 97, 3344, t2=t1+(1, 8))	1	200
(3625, 92, 3940, t1) -> (3940, 92, 3625, t2=t1+(1, 2))	1	201
(242, 147, 1177, t1) -> (242, 147, 242, t2=t1+(1, 1))	1	202
(1571, 142, 3879, t1) -> (3879, 142, 1571, t2=t1+(1, 3))	1	203
(1628, 14, 3712, t1) -> (1628, 14, 1628, t2=t1+(1, 7))	1	204
(692, 194, 3937, t1) -> (3937, 194, 692, t2=t1+(1, 2))	1	205
(3640, 29, 1942, t1) -> (1942, 29, 1942, t2=t1+(1, 7))	1	206
(28, 8, 366, t1) -> (366, 8, 28, t2=t1+(1, 2))	1	207
(4940, 44, 2598, t1) -> (4940, 44, 4940, t2=t1+(1, 7))	1	208
(3372, 49, 10, t1) -> (10, 49, 3372, t2=t1+(1, 4))	1	209
(978, 166, 1100, t1) -> (978, 166, 1100, t2=t1+(1, 3))	1	210
(4846, 112, 4783, t1) -> (4783, 112, 4846, t2=t1+(1, 2))	1	211
(584, 21, 3640, t1) -> (584, 21, 3640, t2=t1+(1, 4))	1	212
(4648, 23, 2633, t1) -> (2633, 23, 2633, t2=t1+(1, 5))	1	213
(4044, 36, 2561, t1) -> (2561, 36, 2561, t2=t1+(1, 1))	1	214
(4279, 67, 1655, t1) -> (4279, 67, 4279, t2=t1+(1, 2))	1	215
(3150, 59, 1318, t1) -> (3150, 59, 3150, t2=t1+(1, 3))	1	216
(450, 72, 1034, t1) -> (450, 72, 1034, t2=t1+(1, 5))	1	217
(1524, 104, 1942, t1) -> (1942, 104, 1524, t2=t1+(1, 2))	1	218
(1903, 66, 378, t1) -> (1903, 66, 378, t2=t1+(1, 1))	1	219
(2154, 153, 4934, t1) -> (4934, 153, 4934, t2=t1+(1, 3))	1	220
(3799, 65, 2873, t1) -> (2873, 65, 3799, t2=t1+(1, 6))	1	221
(4440, 83, 4709, t1) -> (4709, 83, 4709, t2=t1+(1, 4))	1	222
(1384, 77, 517, t1) -> (1384, 77, 517, t2=t1+(1, 5))	1	223
(28, 84, 242, t1) -> (28, 84, 242, t2=t1+(1, 7))	1	224
(59, 181, 572, t1) -> (572, 181, 59, t2=t1+(1, 4))	1	225
(314, 183, 3583, t1) -> (3583, 183, 3583, t2=t1+(1, 2))	1	226
(2981, 147, 43, t1) -> (2981, 147, 43, t2=t1+(1, 3))	1	227
(2296, 18, 4107, t1) -> (2296, 18, 4107, t2=t1+(1, 5))	1	228
(4215, 46, 242, t1) -> (242, 46, 4215, t2=t1+(1, 8))	1	229
(603, 139, 2731, t1) -> (603, 139, 603, t2=t1+(1, 6))	1	230
(1861, 102, 2406, t1) -> (2406, 102, 2406, t2=t1+(1, 5))	1	231
(2243, 44, 46, t1) -> (2243, 44, 46, t2=t1+(1, 4))	1	232
(4529, 131, 1572, t1) -> (4529, 131, 4529, t2=t1+(1, 3))	1	233
(732, 4, 2748, t1) -> (732, 4, 2748, t2=t1+(1, 7))	1	234
(3879, 159, 3330, t1) -> (3330, 159, 3879, t2=t1+(1, 6))	1	235
(3083, 160, 4247, t1) -> (3083, 160, 4247, t2=t1+(1, 5))	1	236
(4835, 21, 4618, t1) -> (4835, 21, 4618, t2=t1+(1, 9))	1	237
(3778, 159, 2692, t1) -> (3778, 159, 2692, t2=t1+(1, 3))	1	238
(2333, 145, 2872, t1) -> (2872, 145, 2872, t2=t1+(1, 2))	1	239
(242, 188, 2321, t1) -> (2321, 188, 242, t2=t1+(1, 7))	1	240
(4143, 99, 322, t1) -> (322, 99, 4143, t2=t1+(1, 4))	1	241
(1857, 167, 2352, t1) -> (1857, 167, 1857, t2=t1+(1, 4))	1	242
(3434, 92, 369, t1) -> (3434, 92, 3434, t2=t1+(1, 11))	1	243
(2939, 95, 2856, t1) -> (2856, 95, 2939, t2=t1+(1, 9))	1	244
(696, 104, 1600, t1) -> (696, 104, 696, t2=t1+(1, 3))	1	245
(1991, 72, 3985, t1) -> (1991, 72, 1991, t2=t1+(1, 6))	1	246
(2293, 131, 2642, t1) -> (2293, 131, 2293, t2=t1+(1, 5))	1	247
(1625, 184, 1132, t1) -> (1132, 184, 1625, t2=t1+(1, 4))	1	248
(2406, 184, 1583, t1) -> (2406, 184, 2406, t2=t1+(1, 1))	1	249
(4128, 111, 3344, t1) -> (3344, 111, 3344, t2=t1+(1, 3))	1	250
(4223, 60, 1332, t1) -> (4223, 60, 1332, t2=t1+(1, 4))	1	251
(3808, 88, 3394, t1) -> (3808, 88, 3394, t2=t1+(1, 5))	1	252
(3404, 53, 1507, t1) -> (1507, 53, 3404, t2=t1+(1, 5))	1	253
(2939, 62, 2106, t1) -> (2106, 62, 2939, t2=t1+(1, 6))	1	254
(394, 121, 2296, t1) -> (2296, 121, 2296, t2=t1+(1, 6))	1	255
(3808, 156, 696, t1) -> (696, 156, 3808, t2=t1+(1, 5))	1	256
(3004, 186, 1699, t1) -> (1699, 186, 1699, t2=t1+(1, 6))	1	257
(4900, 158, 4659, t1) -> (4659, 158, 4900, t2=t1+(1, 5))	1	258
(2087, 150, 1384, t1) -> (1384, 150, 2087, t2=t1+(1, 3))	1	259
(3308, 120, 1572, t1) -> (3308, 120, 3308, t2=t1+(1, 2))	1	260
(4846, 0, 3165, t1) -> (3165, 0, 3165, t2=t1+(1, 7))	1	261
(3026, 53, 2069, t1) -> (2069, 53, 3026, t2=t1+(1, 7))	1	262
(3557, 2, 2517, t1) -> (3557, 2, 3557, t2=t1+(1, 6))	1	263
(3772, 4, 4082, t1) -> (3772, 4, 3772, t2=t1+(1, 3))	1	264
(66, 89, 4209, t1) -> (4209, 89, 4209, t2=t1+(1, 6))	1	265
(2970, 57, 2643, t1) -> (2643, 57, 2643, t2=t1+(1, 5))	1	266
(936, 181, 981, t1) -> (981, 181, 981, t2=t1+(1, 2))	1	267
(2620, 150, 4503, t1) -> (4503, 150, 4503, t2=t1+(1, 2))	1	268
(4743, 27, 4390, t1) -> (4390, 27, 4743, t2=t1+(1, 6))	1	269
(4846, 2, 1132, t1) -> (1132, 2, 4846, t2=t1+(1, 12))	1	270
(2100, 97, 610, t1) -> (2100, 97, 610, t2=t1+(1, 1))	1	271
(1519, 175, 259, t1) -> (259, 175, 259, t2=t1+(1, 5))	1	272
(3469, 198, 2043, t1) -> (3469, 198, 2043, t2=t1+(1, 8))	1	273
(4754, 151, 657, t1) -> (657, 151, 657, t2=t1+(1, 6))	1	274
(1263, 153, 2714, t1) -> (2714, 153, 2714, t2=t1+(1, 2))	1	275
(978, 188, 1956, t1) -> (978, 188, 1956, t2=t1+(1, 2))	1	276
(4020, 54, 1879, t1) -> (1879, 54, 4020, t2=t1+(1, 7))	1	277
(420, 77, 2406, t1) -> (2406, 77, 420, t2=t1+(1, 4))	1	278
(2027, 30, 1177, t1) -> (1177, 30, 1177, t2=t1+(1, 4))	1	279
(673, 124, 3695, t1) -> (673, 124, 673, t2=t1+(1, 4))	1	280
(667, 134, 2249, t1) -> (667, 134, 2249, t2=t1+(1, 5))	1	281
(967, 165, 2501, t1) -> (2501, 165, 967, t2=t1+(1, 1))	1	282
(2598, 136, 4929, t1) -> (2598, 136, 4929, t2=t1+(1, 5))	1	283
(2170, 4, 4215, t1) -> (4215, 4, 2170, t2=t1+(1, 6))	1	284
(4889, 158, 4440, t1) -> (4889, 158, 4440, t2=t1+(1, 8))	1	285
(165, 149, 4044, t1) -> (165, 149, 4044, t2=t1+(1, 4))	1	286
(2249, 172, 4811, t1) -> (2249, 172, 2249, t2=t1+(1, 7))	1	287
(572, 117, 2201, t1) -> (572, 117, 2201, t2=t1+(1, 9))	1	288
(2036, 12, 2553, t1) -> (2553, 12, 2553, t2=t1+(1, 3))	1	289
(422, 79, 1572, t1) -> (422, 79, 422, t2=t1+(1, 3))	1	290
(3625, 112, 1600, t1) -> (3625, 112, 1600, t2=t1+(1, 4))	1	291
(4529, 4, 4109, t1) -> (4109, 4, 4529, t2=t1+(1, 7))	1	292
(656, 75, 4440, t1) -> (4440, 75, 4440, t2=t1+(1, 4))	1	293
(4846, 83, 3862, t1) -> (4846, 83, 4846, t2=t1+(1, 5))	1	294
(4659, 50, 3985, t1) -> (4659, 50, 4659, t2=t1+(1, 5))	1	295
(1034, 194, 4783, t1) -> (1034, 194, 4783, t2=t1+(1, 7))	1	296
(656, 42, 4651, t1) -> (4651, 42, 656, t2=t1+(1, 3))	1	297
(1029, 142, 618, t1) -> (618, 142, 1029, t2=t1+(1, 4))	1	298
(744, 153, 3574, t1) -> (744, 153, 744, t2=t1+(1, 5))	1	299
