(772, 105, 3511, t1) & (2005, 184, 1625, t2=t1+(0, 5)) & (3511, 104, 2005, t3=t2+(0, 4)) -> (2005, 105, 772, t4=t3+(1, 2))	3	0
(3047, 64, 1826, t1) & (406, 48, 4364, t2=t1+(0, 5)) & (1826, 105, 4364, t3=t2+(0, 5)) -> (1826, 48, 406, t4=t3+(1, 5))	3	1
(4003, 123, 4750, t1) & (3399, 116, 4810, t2=t1+(0, 9)) & (3399, 124, 4003, t3=t2+(0, 8)) -> (3399, 124, 4810, t4=t3+(1, 3))	3	2
(4692, 95, 2701, t1) & (1521, 108, 1357, t2=t1+(0, 6)) & (4692, 134, 1357, t3=t2+(0, 8)) -> (2701, 108, 4692, t4=t3+(1, 6))	3	3
(4040, 152, 3484, t1) & (2041, 185, 892, t2=t1+(0, 3)) & (4040, 141, 892, t3=t2+(0, 5)) -> (892, 185, 4040, t4=t3+(1, 2))	3	4
(3127, 136, 2033, t1) & (4663, 30, 2242, t2=t1+(0, 7)) & (4663, 48, 2033, t3=t2+(0, 6)) -> (2242, 48, 4663, t4=t3+(1, 1))	3	5
(4016, 87, 2877, t1) & (4402, 101, 773, t2=t1+(0, 6)) & (4402, 183, 4016, t3=t2+(0, 4)) -> (4402, 87, 4016, t4=t3+(1, 1))	3	6
(4908, 64, 572, t1) & (490, 174, 3931, t2=t1+(0, 2)) & (490, 189, 572, t3=t2+(0, 4)) -> (572, 189, 572, t4=t3+(1, 3))	3	7
(1881, 177, 4061, t1) & (1346, 36, 4958, t2=t1+(0, 3)) & (1346, 23, 4061, t3=t2+(0, 4)) -> (4061, 23, 4061, t4=t3+(1, 3))	3	8
(1035, 39, 1897, t1) & (3757, 110, 4665, t2=t1+(0, 6)) & (3757, 171, 1897, t3=t2+(0, 1)) -> (1035, 110, 1897, t4=t3+(1, 4))	3	9
(406, 175, 1337, t1) & (1098, 104, 1870, t2=t1+(0, 7)) & (1098, 174, 1337, t3=t2+(0, 6)) -> (406, 175, 1098, t4=t3+(1, 3))	3	10
(2642, 132, 2114, t1) & (3969, 10, 2004, t2=t1+(0, 2)) & (3969, 128, 2642, t3=t2+(0, 5)) -> (2004, 10, 3969, t4=t3+(1, 4))	3	11
(3031, 74, 3211, t1) & (2520, 71, 2414, t2=t1+(0, 2)) & (2520, 133, 3031, t3=t2+(0, 5)) -> (2414, 74, 2520, t4=t3+(1, 6))	3	12
(26, 86, 3213, t1) & (625, 0, 89, t2=t1+(0, 5)) & (89, 128, 3213, t3=t2+(0, 4)) -> (89, 86, 3213, t4=t3+(1, 8))	3	13
(1603, 172, 1815, t1) & (4263, 107, 3182, t2=t1+(0, 5)) & (1815, 89, 3182, t3=t2+(0, 2)) -> (1815, 172, 1815, t4=t3+(1, 6))	3	14
(493, 40, 1620, t1) & (1585, 53, 1354, t2=t1+(0, 4)) & (1585, 11, 493, t3=t2+(0, 3)) -> (1354, 53, 493, t4=t3+(1, 4))	3	15
(2431, 80, 990, t1) & (3075, 26, 1052, t2=t1+(0, 2)) & (3075, 154, 990, t3=t2+(0, 8)) -> (3075, 26, 3075, t4=t3+(1, 6))	3	16
(27, 22, 1127, t1) & (2957, 22, 2950, t2=t1+(0, 2)) & (2950, 130, 1127, t3=t2+(0, 6)) -> (2950, 22, 2950, t4=t3+(1, 7))	3	17
(3030, 138, 3676, t1) & (1778, 121, 3419, t2=t1+(0, 7)) & (1778, 134, 3676, t3=t2+(0, 6)) -> (1778, 134, 1778, t4=t3+(1, 5))	3	18
(264, 144, 1632, t1) & (2756, 138, 3480, t2=t1+(0, 3)) & (2756, 142, 264, t3=t2+(0, 5)) -> (264, 138, 264, t4=t3+(1, 5))	3	19
(4226, 194, 3168, t1) & (4407, 132, 4352, t2=t1+(0, 8)) & (4407, 118, 4226, t3=t2+(0, 3)) -> (4352, 194, 4407, t4=t3+(1, 3))	3	20
(1760, 144, 3008, t1) & (1798, 135, 4358, t2=t1+(0, 10)) & (1798, 186, 3008, t3=t2+(0, 3)) -> (3008, 186, 4358, t4=t3+(1, 5))	3	21
(1451, 149, 43, t1) & (4253, 93, 3536, t2=t1+(0, 4)) & (43, 193, 4253, t3=t2+(0, 5)) -> (43, 149, 43, t4=t3+(1, 4))	3	22
(1701, 14, 4838, t1) & (4277, 48, 978, t2=t1+(0, 5)) & (978, 57, 4838, t3=t2+(0, 12)) -> (4277, 14, 4838, t4=t3+(1, 4))	3	23
(4561, 83, 4961, t1) & (1510, 69, 2591, t2=t1+(0, 7)) & (1510, 67, 4961, t3=t2+(0, 2)) -> (4561, 83, 4561, t4=t3+(1, 4))	3	24
(2973, 151, 3070, t1) & (1173, 54, 18, t2=t1+(0, 6)) & (1173, 114, 3070, t3=t2+(0, 10)) -> (3070, 54, 1173, t4=t3+(1, 7))	3	25
(4613, 178, 2944, t1) & (4475, 20, 482, t2=t1+(0, 5)) & (4613, 157, 482, t3=t2+(0, 5)) -> (4613, 20, 482, t4=t3+(1, 10))	3	26
(2453, 40, 481, t1) & (2195, 143, 1255, t2=t1+(0, 4)) & (1255, 193, 2453, t3=t2+(0, 4)) -> (2453, 193, 2453, t4=t3+(1, 4))	3	27
(2690, 87, 4336, t1) & (3360, 173, 213, t2=t1+(0, 6)) & (3360, 69, 4336, t3=t2+(0, 4)) -> (3360, 87, 4336, t4=t3+(1, 2))	3	28
(1021, 136, 2209, t1) & (2112, 84, 4167, t2=t1+(0, 7)) & (2209, 81, 2112, t3=t2+(0, 2)) -> (4167, 84, 2112, t4=t3+(1, 5))	3	29
(1687, 109, 2227, t1) & (865, 0, 2386, t2=t1+(0, 6)) & (865, 57, 2227, t3=t2+(0, 4)) -> (1687, 57, 865, t4=t3+(1, 4))	3	30
(1761, 65, 296, t1) & (598, 82, 9, t2=t1+(0, 2)) & (598, 134, 1761, t3=t2+(0, 2)) -> (1761, 134, 1761, t4=t3+(1, 4))	3	31
(3070, 189, 2328, t1) & (3006, 185, 3205, t2=t1+(0, 8)) & (3006, 52, 2328, t3=t2+(0, 5)) -> (3070, 185, 3205, t4=t3+(1, 6))	3	32
(1122, 84, 3840, t1) & (3467, 73, 1705, t2=t1+(0, 1)) & (1122, 194, 3467, t3=t2+(0, 4)) -> (3467, 84, 1122, t4=t3+(1, 8))	3	33
(4505, 18, 440, t1) & (1405, 165, 4436, t2=t1+(0, 6)) & (440, 132, 1405, t3=t2+(0, 8)) -> (1405, 18, 440, t4=t3+(1, 6))	3	34
(1054, 15, 245, t1) & (531, 38, 1875, t2=t1+(0, 8)) & (531, 133, 245, t3=t2+(0, 3)) -> (245, 133, 531, t4=t3+(1, 3))	3	35
(2991, 190, 1210, t1) & (675, 10, 2225, t2=t1+(0, 3)) & (2225, 33, 2991, t3=t2+(0, 3)) -> (2225, 10, 2991, t4=t3+(1, 11))	3	36
(2986, 127, 319, t1) & (1917, 173, 1441, t2=t1+(0, 4)) & (1441, 45, 2986, t3=t2+(0, 4)) -> (319, 127, 1441, t4=t3+(1, 4))	3	37
(4990, 195, 304, t1) & (345, 25, 4188, t2=t1+(0, 8)) & (4188, 4, 4990, t3=t2+(0, 6)) -> (304, 25, 4990, t4=t3+(1, 6))	3	38
(1667, 6, 2984, t1) & (4527, 145, 4035, t2=t1+(0, 7)) & (1667, 99, 4527, t3=t2+(0, 7)) -> (4527, 6, 4527, t4=t3+(1, 4))	3	39
(3320, 96, 1519, t1) & (3448, 78, 1778, t2=t1+(0, 3)) & (3320, 56, 1778, t3=t2+(0, 9)) -> (1778, 56, 1778, t4=t3+(1, 9))	3	40
(34, 177, 273, t1) & (263, 94, 2357, t2=t1+(0, 3)) & (263, 7, 273, t3=t2+(0, 9)) -> (273, 94, 263, t4=t3+(1, 8))	3	41
(218, 2, 3988, t1) & (933, 28, 4301, t2=t1+(0, 4)) & (3988, 150, 4301, t3=t2+(0, 6)) -> (3988, 2, 4301, t4=t3+(1, 5))	3	42
(4589, 153, 4059, t1) & (4617, 154, 576, t2=t1+(0, 1)) & (4589, 176, 576, t3=t2+(0, 6)) -> (4589, 153, 4589, t4=t3+(1, 4))	3	43
(1401, 177, 3893, t1) & (2364, 41, 2662, t2=t1+(0, 9)) & (3893, 44, 2364, t3=t2+(0, 7)) -> (3893, 177, 2662, t4=t3+(1, 3))	3	44
(2451, 57, 3225, t1) & (886, 121, 179, t2=t1+(0, 5)) & (886, 110, 2451, t3=t2+(0, 3)) -> (2451, 57, 886, t4=t3+(1, 3))	3	45
(3516, 84, 4551, t1) & (4506, 43, 2918, t2=t1+(0, 4)) & (3516, 36, 2918, t3=t2+(0, 6)) -> (2918, 84, 4551, t4=t3+(1, 5))	3	46
(3274, 152, 2359, t1) & (3473, 29, 1904, t2=t1+(0, 4)) & (3274, 59, 3473, t3=t2+(0, 4)) -> (3473, 59, 2359, t4=t3+(1, 6))	3	47
(1866, 28, 646, t1) & (305, 71, 1538, t2=t1+(0, 3)) & (305, 173, 646, t3=t2+(0, 3)) -> (646, 71, 646, t4=t3+(1, 4))	3	48
(2942, 114, 3749, t1) & (392, 65, 4588, t2=t1+(0, 7)) & (392, 98, 2942, t3=t2+(0, 1)) -> (2942, 98, 4588, t4=t3+(1, 5))	3	49
(1453, 194, 4741, t1) & (2308, 80, 2489, t2=t1+(0, 8)) & (2489, 191, 1453, t3=t2+(0, 2)) -> (2489, 80, 4741, t4=t3+(1, 8))	3	50
(1099, 105, 4995, t1) & (3569, 6, 4652, t2=t1+(0, 5)) & (3569, 78, 4995, t3=t2+(0, 5)) -> (3569, 105, 3569, t4=t3+(1, 6))	3	51
(430, 74, 1763, t1) & (1089, 102, 367, t2=t1+(0, 3)) & (430, 63, 1089, t3=t2+(0, 9)) -> (1763, 63, 1763, t4=t3+(1, 10))	3	52
(730, 110, 2012, t1) & (2141, 59, 661, t2=t1+(0, 9)) & (661, 111, 2012, t3=t2+(0, 1)) -> (2141, 111, 661, t4=t3+(1, 7))	3	53
(2467, 194, 4968, t1) & (972, 13, 380, t2=t1+(0, 7)) & (380, 29, 4968, t3=t2+(0, 5)) -> (380, 13, 4968, t4=t3+(1, 4))	3	54
(3385, 85, 1028, t1) & (2012, 59, 2306, t2=t1+(0, 6)) & (1028, 73, 2012, t3=t2+(0, 8)) -> (3385, 85, 2012, t4=t3+(1, 9))	3	55
(4340, 126, 3517, t1) & (2383, 6, 3206, t2=t1+(0, 7)) & (4340, 11, 2383, t3=t2+(0, 3)) -> (2383, 11, 2383, t4=t3+(1, 6))	3	56
(3398, 83, 2148, t1) & (45, 48, 2982, t2=t1+(0, 3)) & (2982, 76, 3398, t3=t2+(0, 3)) -> (3398, 48, 45, t4=t3+(1, 6))	3	57
(3629, 96, 3656, t1) & (3612, 184, 4895, t2=t1+(0, 7)) & (3612, 68, 3656, t3=t2+(0, 8)) -> (3612, 184, 4895, t4=t3+(1, 5))	3	58
(3134, 127, 2610, t1) & (1718, 56, 4428, t2=t1+(0, 6)) & (2610, 123, 4428, t3=t2+(0, 6)) -> (1718, 123, 2610, t4=t3+(1, 3))	3	59
(2287, 96, 2338, t1) & (3211, 94, 4605, t2=t1+(0, 3)) & (3211, 91, 2338, t3=t2+(0, 1)) -> (3211, 91, 3211, t4=t3+(1, 6))	3	60
(1344, 164, 4021, t1) & (695, 52, 3586, t2=t1+(0, 9)) & (1344, 93, 3586, t3=t2+(0, 4)) -> (4021, 93, 695, t4=t3+(1, 6))	3	61
(2168, 93, 1350, t1) & (2787, 53, 1048, t2=t1+(0, 9)) & (1048, 165, 2168, t3=t2+(0, 6)) -> (2787, 93, 2168, t4=t3+(1, 8))	3	62
(1699, 32, 204, t1) & (3385, 66, 1897, t2=t1+(0, 9)) & (1897, 22, 1699, t3=t2+(0, 7)) -> (1897, 22, 1897, t4=t3+(1, 7))	3	63
(4638, 113, 2745, t1) & (3967, 112, 4818, t2=t1+(0, 5)) & (4818, 12, 2745, t3=t2+(0, 5)) -> (4818, 112, 4818, t4=t3+(1, 6))	3	64
(3002, 39, 1851, t1) & (2860, 95, 2326, t2=t1+(0, 9)) & (3002, 121, 2860, t3=t2+(0, 4)) -> (3002, 39, 2860, t4=t3+(1, 5))	3	65
(3461, 44, 1876, t1) & (858, 164, 4586, t2=t1+(0, 4)) & (858, 153, 1876, t3=t2+(0, 5)) -> (1876, 153, 1876, t4=t3+(1, 3))	3	66
(1682, 5, 4735, t1) & (1067, 153, 3969, t2=t1+(0, 4)) & (3969, 180, 1682, t3=t2+(0, 6)) -> (4735, 153, 4735, t4=t3+(1, 8))	3	67
(3655, 85, 3522, t1) & (3275, 101, 3418, t2=t1+(0, 8)) & (3655, 158, 3418, t3=t2+(0, 8)) -> (3418, 158, 3275, t4=t3+(1, 9))	3	68
(2511, 77, 1803, t1) & (724, 197, 3055, t2=t1+(0, 3)) & (2511, 196, 724, t3=t2+(0, 4)) -> (724, 77, 1803, t4=t3+(1, 3))	3	69
(698, 47, 489, t1) & (1832, 107, 4076, t2=t1+(0, 5)) & (489, 105, 1832, t3=t2+(0, 1)) -> (4076, 107, 489, t4=t3+(1, 6))	3	70
(1679, 158, 3102, t1) & (1809, 60, 4252, t2=t1+(0, 6)) & (3102, 194, 4252, t3=t2+(0, 4)) -> (1679, 158, 4252, t4=t3+(1, 1))	3	71
(1731, 39, 4452, t1) & (1929, 157, 1073, t2=t1+(0, 2)) & (1929, 98, 4452, t3=t2+(0, 4)) -> (1929, 98, 1929, t4=t3+(1, 8))	3	72
(2880, 121, 2913, t1) & (2402, 128, 1068, t2=t1+(0, 4)) & (1068, 60, 2880, t3=t2+(0, 5)) -> (2913, 60, 1068, t4=t3+(1, 7))	3	73
(2929, 85, 552, t1) & (2916, 154, 2282, t2=t1+(0, 4)) & (2282, 148, 552, t3=t2+(0, 5)) -> (2282, 148, 2929, t4=t3+(1, 6))	3	74
(4893, 155, 1411, t1) & (2327, 187, 4738, t2=t1+(0, 8)) & (4893, 57, 2327, t3=t2+(0, 3)) -> (4893, 57, 4738, t4=t3+(1, 5))	3	75
(905, 106, 3693, t1) & (482, 157, 158, t2=t1+(0, 4)) & (158, 11, 3693, t3=t2+(0, 2)) -> (158, 157, 3693, t4=t3+(1, 6))	3	76
(221, 10, 3024, t1) & (4377, 187, 4598, t2=t1+(0, 3)) & (3024, 183, 4377, t3=t2+(0, 8)) -> (4377, 10, 4377, t4=t3+(1, 5))	3	77
(465, 69, 2653, t1) & (1803, 161, 754, t2=t1+(0, 4)) & (754, 169, 465, t3=t2+(0, 8)) -> (1803, 169, 465, t4=t3+(1, 4))	3	78
(218, 177, 852, t1) & (4051, 197, 4495, t2=t1+(0, 6)) & (4495, 81, 852, t3=t2+(0, 4)) -> (218, 81, 4495, t4=t3+(1, 2))	3	79
(2394, 153, 339, t1) & (336, 186, 623, t2=t1+(0, 3)) & (623, 91, 339, t3=t2+(0, 9)) -> (336, 91, 623, t4=t3+(1, 5))	3	80
(4481, 76, 4722, t1) & (602, 199, 1429, t2=t1+(0, 4)) & (1429, 85, 4722, t3=t2+(0, 6)) -> (4481, 76, 1429, t4=t3+(1, 7))	3	81
(2852, 163, 3954, t1) & (1147, 185, 370, t2=t1+(0, 7)) & (2852, 8, 370, t3=t2+(0, 4)) -> (2852, 185, 370, t4=t3+(1, 3))	3	82
(800, 170, 2352, t1) & (4493, 9, 4580, t2=t1+(0, 6)) & (4493, 154, 2352, t3=t2+(0, 3)) -> (800, 154, 800, t4=t3+(1, 3))	3	83
(2787, 130, 416, t1) & (3021, 116, 3256, t2=t1+(0, 6)) & (3021, 74, 416, t3=t2+(0, 4)) -> (3256, 74, 3021, t4=t3+(1, 3))	3	84
(3666, 113, 1222, t1) & (697, 160, 2104, t2=t1+(0, 3)) & (3666, 154, 697, t3=t2+(0, 4)) -> (697, 154, 697, t4=t3+(1, 6))	3	85
(1564, 14, 2858, t1) & (4397, 71, 749, t2=t1+(0, 5)) & (749, 131, 2858, t3=t2+(0, 2)) -> (749, 71, 2858, t4=t3+(1, 7))	3	86
(633, 175, 1910, t1) & (2358, 109, 3478, t2=t1+(0, 2)) & (1910, 27, 3478, t3=t2+(0, 5)) -> (3478, 27, 1910, t4=t3+(1, 5))	3	87
(1925, 71, 4722, t1) & (272, 73, 90, t2=t1+(0, 5)) & (4722, 144, 90, t3=t2+(0, 4)) -> (272, 73, 90, t4=t3+(1, 3))	3	88
(2976, 127, 4797, t1) & (252, 32, 225, t2=t1+(0, 7)) & (4797, 139, 252, t3=t2+(0, 0)) -> (4797, 139, 252, t4=t3+(1, 7))	3	89
(3185, 180, 2942, t1) & (1889, 168, 3601, t2=t1+(0, 3)) & (1889, 52, 2942, t3=t2+(0, 6)) -> (3601, 168, 2942, t4=t3+(1, 8))	3	90
(1150, 184, 4680, t1) & (2875, 118, 3440, t2=t1+(0, 4)) & (3440, 140, 4680, t3=t2+(0, 5)) -> (4680, 140, 4680, t4=t3+(1, 4))	3	91
(2470, 178, 550, t1) & (4777, 105, 3450, t2=t1+(0, 4)) & (3450, 72, 550, t3=t2+(0, 4)) -> (550, 178, 2470, t4=t3+(1, 2))	3	92
(3619, 21, 2080, t1) & (3990, 124, 196, t2=t1+(0, 4)) & (2080, 48, 196, t3=t2+(0, 10)) -> (196, 124, 196, t4=t3+(1, 3))	3	93
(1000, 83, 1071, t1) & (812, 74, 972, t2=t1+(0, 2)) & (1071, 5, 812, t3=t2+(0, 4)) -> (812, 83, 1071, t4=t3+(1, 3))	3	94
(2461, 145, 3724, t1) & (4489, 118, 1101, t2=t1+(0, 8)) & (4489, 192, 3724, t3=t2+(0, 9)) -> (2461, 192, 3724, t4=t3+(1, 7))	3	95
(3078, 110, 2468, t1) & (3452, 14, 4883, t2=t1+(0, 3)) & (3452, 76, 3078, t3=t2+(0, 3)) -> (3452, 76, 3452, t4=t3+(1, 7))	3	96
(2120, 73, 530, t1) & (1236, 112, 3739, t2=t1+(0, 2)) & (1236, 53, 2120, t3=t2+(0, 7)) -> (3739, 73, 3739, t4=t3+(1, 5))	3	97
(3069, 181, 4712, t1) & (985, 74, 1445, t2=t1+(0, 5)) & (4712, 55, 985, t3=t2+(0, 2)) -> (4712, 55, 985, t4=t3+(1, 9))	3	98
(3249, 97, 1181, t1) & (3293, 164, 2940, t2=t1+(0, 4)) & (1181, 46, 2940, t3=t2+(0, 5)) -> (3293, 46, 3293, t4=t3+(1, 4))	3	99
(1473, 25, 156, t1) & (2318, 166, 2227, t2=t1+(0, 2)) & (2318, 91, 1473, t3=t2+(0, 3)) -> (1473, 166, 156, t4=t3+(1, 8))	3	100
(4793, 35, 3093, t1) & (477, 175, 2488, t2=t1+(0, 3)) & (3093, 184, 477, t3=t2+(0, 7)) -> (3093, 175, 3093, t4=t3+(1, 2))	3	101
(4701, 116, 3182, t1) & (1275, 0, 627, t2=t1+(0, 8)) & (627, 57, 4701, t3=t2+(0, 11)) -> (4701, 116, 4701, t4=t3+(1, 3))	3	102
(1370, 53, 4981, t1) & (116, 180, 2357, t2=t1+(0, 6)) & (116, 174, 1370, t3=t2+(0, 9)) -> (2357, 53, 116, t4=t3+(1, 10))	3	103
(4123, 111, 3362, t1) & (3396, 179, 1018, t2=t1+(0, 9)) & (1018, 93, 4123, t3=t2+(0, 0)) -> (3362, 179, 1018, t4=t3+(1, 2))	3	104
(3265, 138, 313, t1) & (2017, 129, 1121, t2=t1+(0, 3)) & (3265, 130, 1121, t3=t2+(0, 2)) -> (3265, 138, 3265, t4=t3+(1, 6))	3	105
(2761, 48, 380, t1) & (4215, 71, 4151, t2=t1+(0, 5)) & (4151, 141, 2761, t3=t2+(0, 2)) -> (4215, 71, 4215, t4=t3+(1, 3))	3	106
(514, 27, 4814, t1) & (3048, 95, 4043, t2=t1+(0, 4)) & (3048, 62, 514, t3=t2+(0, 3)) -> (514, 62, 514, t4=t3+(1, 5))	3	107
(3443, 31, 3105, t1) & (4202, 63, 3369, t2=t1+(0, 5)) & (3443, 191, 3369, t3=t2+(0, 4)) -> (3443, 191, 3369, t4=t3+(1, 10))	3	108
(2795, 184, 2777, t1) & (714, 94, 3573, t2=t1+(0, 5)) & (3573, 79, 2777, t3=t2+(0, 4)) -> (3573, 79, 714, t4=t3+(1, 3))	3	109
(146, 106, 1255, t1) & (4088, 178, 681, t2=t1+(0, 5)) & (146, 40, 681, t3=t2+(0, 3)) -> (1255, 106, 146, t4=t3+(1, 1))	3	110
(4413, 7, 4903, t1) & (507, 97, 1746, t2=t1+(0, 6)) & (1746, 101, 4413, t3=t2+(0, 2)) -> (4413, 97, 4903, t4=t3+(1, 4))	3	111
(1858, 0, 3198, t1) & (2961, 62, 937, t2=t1+(0, 3)) & (3198, 104, 937, t3=t2+(0, 6)) -> (1858, 62, 937, t4=t3+(1, 4))	3	112
(901, 47, 2327, t1) & (635, 95, 2821, t2=t1+(0, 2)) & (635, 63, 2327, t3=t2+(0, 5)) -> (635, 95, 2821, t4=t3+(1, 7))	3	113
(1982, 102, 3830, t1) & (2241, 49, 2013, t2=t1+(0, 1)) & (2241, 128, 1982, t3=t2+(0, 10)) -> (2241, 49, 2241, t4=t3+(1, 2))	3	114
(2108, 55, 3639, t1) & (2733, 185, 2891, t2=t1+(0, 7)) & (3639, 1, 2891, t3=t2+(0, 4)) -> (3639, 55, 3639, t4=t3+(1, 7))	3	115
(4686, 189, 3979, t1) & (3475, 22, 3720, t2=t1+(0, 5)) & (3475, 23, 3979, t3=t2+(0, 2)) -> (4686, 23, 3979, t4=t3+(1, 4))	3	116
(3509, 3, 2025, t1) & (3824, 167, 3841, t2=t1+(0, 2)) & (3841, 165, 3509, t3=t2+(0, 4)) -> (3509, 167, 3824, t4=t3+(1, 3))	3	117
(3412, 93, 4620, t1) & (2729, 40, 3446, t2=t1+(0, 5)) & (2729, 50, 4620, t3=t2+(0, 5)) -> (3446, 40, 3446, t4=t3+(1, 4))	3	118
(3128, 100, 3236, t1) & (216, 179, 2503, t2=t1+(0, 7)) & (3236, 22, 2503, t3=t2+(0, 7)) -> (3128, 22, 3236, t4=t3+(1, 5))	3	119
(428, 37, 27, t1) & (1255, 162, 3617, t2=t1+(0, 6)) & (428, 156, 1255, t3=t2+(0, 11)) -> (1255, 37, 3617, t4=t3+(1, 5))	3	120
(2430, 154, 308, t1) & (4305, 28, 2688, t2=t1+(0, 2)) & (4305, 100, 2430, t3=t2+(0, 6)) -> (4305, 154, 2688, t4=t3+(1, 5))	3	121
(3996, 15, 4065, t1) & (2187, 34, 4533, t2=t1+(0, 8)) & (4065, 44, 4533, t3=t2+(0, 6)) -> (4533, 44, 4065, t4=t3+(1, 4))	3	122
(2915, 162, 222, t1) & (3498, 183, 2891, t2=t1+(0, 2)) & (2891, 30, 2915, t3=t2+(0, 3)) -> (222, 30, 2891, t4=t3+(1, 10))	3	123
(4834, 182, 2078, t1) & (3470, 53, 3437, t2=t1+(0, 3)) & (2078, 96, 3470, t3=t2+(0, 8)) -> (2078, 96, 2078, t4=t3+(1, 9))	3	124
(1382, 33, 4452, t1) & (4776, 124, 2522, t2=t1+(0, 4)) & (2522, 61, 1382, t3=t2+(0, 8)) -> (1382, 33, 4452, t4=t3+(1, 7))	3	125
(1440, 26, 3989, t1) & (2128, 176, 632, t2=t1+(0, 2)) & (2128, 189, 3989, t3=t2+(0, 8)) -> (3989, 189, 632, t4=t3+(1, 6))	3	126
(1057, 83, 1609, t1) & (597, 132, 621, t2=t1+(0, 6)) & (1609, 93, 597, t3=t2+(0, 6)) -> (1057, 93, 621, t4=t3+(1, 4))	3	127
(2897, 5, 2044, t1) & (2397, 37, 2724, t2=t1+(0, 4)) & (2397, 167, 2044, t3=t2+(0, 5)) -> (2397, 5, 2724, t4=t3+(1, 1))	3	128
(3149, 77, 4908, t1) & (1076, 166, 269, t2=t1+(0, 3)) & (4908, 144, 269, t3=t2+(0, 6)) -> (269, 166, 4908, t4=t3+(1, 2))	3	129
(1264, 142, 4272, t1) & (2348, 58, 4896, t2=t1+(0, 3)) & (4272, 23, 4896, t3=t2+(0, 9)) -> (4272, 58, 2348, t4=t3+(1, 4))	3	130
(2603, 188, 3447, t1) & (4289, 0, 1893, t2=t1+(0, 6)) & (3447, 71, 4289, t3=t2+(0, 2)) -> (1893, 188, 1893, t4=t3+(1, 8))	3	131
(4968, 190, 3277, t1) & (4474, 158, 3950, t2=t1+(0, 8)) & (3277, 20, 4474, t3=t2+(0, 5)) -> (3277, 190, 3277, t4=t3+(1, 5))	3	132
(3225, 17, 2192, t1) & (813, 54, 316, t2=t1+(0, 4)) & (3225, 23, 813, t3=t2+(0, 9)) -> (813, 54, 813, t4=t3+(1, 5))	3	133
(2705, 124, 4056, t1) & (2543, 193, 1211, t2=t1+(0, 9)) & (4056, 163, 2543, t3=t2+(0, 2)) -> (4056, 163, 4056, t4=t3+(1, 8))	3	134
(324, 40, 3005, t1) & (2214, 191, 3311, t2=t1+(0, 5)) & (2214, 141, 324, t3=t2+(0, 6)) -> (324, 141, 2214, t4=t3+(1, 5))	3	135
(3849, 116, 3987, t1) & (4856, 125, 3612, t2=t1+(0, 2)) & (3849, 50, 3612, t3=t2+(0, 1)) -> (3612, 125, 3987, t4=t3+(1, 1))	3	136
(3453, 32, 4649, t1) & (1071, 88, 1550, t2=t1+(0, 5)) & (4649, 180, 1071, t3=t2+(0, 2)) -> (4649, 88, 1550, t4=t3+(1, 5))	3	137
(1989, 30, 215, t1) & (346, 118, 4145, t2=t1+(0, 3)) & (4145, 119, 215, t3=t2+(0, 5)) -> (1989, 118, 1989, t4=t3+(1, 7))	3	138
(3910, 167, 1480, t1) & (3835, 5, 103, t2=t1+(0, 5)) & (103, 75, 3910, t3=t2+(0, 2)) -> (3910, 167, 3910, t4=t3+(1, 7))	3	139
(2747, 49, 64, t1) & (3826, 74, 2275, t2=t1+(0, 3)) & (2747, 7, 3826, t3=t2+(0, 3)) -> (2747, 74, 3826, t4=t3+(1, 7))	3	140
(2722, 44, 1538, t1) & (2612, 113, 4487, t2=t1+(0, 2)) & (2612, 130, 1538, t3=t2+(0, 5)) -> (1538, 113, 1538, t4=t3+(1, 5))	3	141
(4559, 181, 3627, t1) & (3680, 98, 2384, t2=t1+(0, 0)) & (2384, 37, 4559, t3=t2+(0, 6)) -> (2384, 37, 3680, t4=t3+(1, 2))	3	142
(2096, 146, 4641, t1) & (4967, 113, 4902, t2=t1+(0, 11)) & (4967, 38, 4641, t3=t2+(0, 6)) -> (4967, 146, 4967, t4=t3+(1, 4))	3	143
(4697, 127, 395, t1) & (613, 83, 1870, t2=t1+(0, 5)) & (395, 144, 613, t3=t2+(0, 4)) -> (395, 83, 395, t4=t3+(1, 3))	3	144
(2907, 23, 2903, t1) & (2672, 133, 566, t2=t1+(0, 4)) & (2903, 128, 2672, t3=t2+(0, 6)) -> (2903, 128, 2672, t4=t3+(1, 4))	3	145
(2491, 16, 1576, t1) & (1933, 191, 4008, t2=t1+(0, 4)) & (1933, 57, 1576, t3=t2+(0, 2)) -> (4008, 57, 1576, t4=t3+(1, 5))	3	146
(3255, 100, 996, t1) & (1520, 40, 4065, t2=t1+(0, 5)) & (1520, 171, 3255, t3=t2+(0, 5)) -> (1520, 171, 1520, t4=t3+(1, 3))	3	147
(54, 48, 509, t1) & (2008, 118, 2756, t2=t1+(0, 4)) & (54, 114, 2008, t3=t2+(0, 5)) -> (2008, 118, 54, t4=t3+(1, 6))	3	148
(3220, 17, 4809, t1) & (4996, 71, 3972, t2=t1+(0, 3)) & (3972, 186, 3220, t3=t2+(0, 7)) -> (3220, 17, 3972, t4=t3+(1, 4))	3	149
(1433, 10, 4022, t1) & (3994, 176, 2764, t2=t1+(0, 4)) & (4022, 121, 2764, t3=t2+(0, 4)) -> (2764, 10, 2764, t4=t3+(1, 5))	3	150
(4482, 27, 4961, t1) & (4186, 14, 575, t2=t1+(0, 6)) & (575, 37, 4482, t3=t2+(0, 7)) -> (4186, 37, 575, t4=t3+(1, 1))	3	151
(1716, 25, 2593, t1) & (851, 84, 3880, t2=t1+(0, 8)) & (2593, 164, 851, t3=t2+(0, 6)) -> (1716, 25, 2593, t4=t3+(1, 4))	3	152
(7, 192, 3792, t1) & (2664, 166, 4506, t2=t1+(0, 8)) & (7, 176, 4506, t3=t2+(0, 8)) -> (4506, 176, 7, t4=t3+(1, 1))	3	153
(506, 75, 548, t1) & (4411, 117, 3990, t2=t1+(0, 7)) & (548, 93, 3990, t3=t2+(0, 4)) -> (548, 117, 548, t4=t3+(1, 2))	3	154
(3473, 3, 4955, t1) & (45, 82, 3337, t2=t1+(0, 5)) & (3473, 52, 3337, t3=t2+(0, 2)) -> (45, 3, 45, t4=t3+(1, 4))	3	155
(1885, 16, 2398, t1) & (2041, 183, 1368, t2=t1+(0, 5)) & (2398, 130, 1368, t3=t2+(0, 3)) -> (1368, 130, 2041, t4=t3+(1, 3))	3	156
(4468, 198, 3858, t1) & (3437, 133, 179, t2=t1+(0, 3)) & (3858, 87, 3437, t3=t2+(0, 7)) -> (3437, 133, 3858, t4=t3+(1, 4))	3	157
(3631, 8, 1224, t1) & (1630, 153, 3652, t2=t1+(0, 3)) & (1630, 57, 3631, t3=t2+(0, 3)) -> (1224, 8, 1224, t4=t3+(1, 4))	3	158
(2782, 134, 3745, t1) & (2025, 15, 1384, t2=t1+(0, 4)) & (3745, 154, 2025, t3=t2+(0, 5)) -> (2025, 154, 2025, t4=t3+(1, 7))	3	159
(2661, 188, 367, t1) & (3197, 116, 971, t2=t1+(0, 4)) & (971, 120, 367, t3=t2+(0, 5)) -> (367, 116, 3197, t4=t3+(1, 2))	3	160
(727, 28, 4844, t1) & (4257, 41, 3640, t2=t1+(0, 6)) & (4844, 21, 4257, t3=t2+(0, 5)) -> (4257, 21, 3640, t4=t3+(1, 5))	3	161
(4197, 199, 1953, t1) & (2546, 82, 4175, t2=t1+(0, 3)) & (4197, 71, 4175, t3=t2+(0, 3)) -> (4175, 82, 4175, t4=t3+(1, 7))	3	162
(2397, 71, 11, t1) & (2612, 128, 3135, t2=t1+(0, 5)) & (2397, 61, 3135, t3=t2+(0, 3)) -> (3135, 71, 3135, t4=t3+(1, 6))	3	163
(118, 77, 1432, t1) & (453, 114, 1510, t2=t1+(0, 4)) & (118, 176, 453, t3=t2+(0, 8)) -> (453, 176, 118, t4=t3+(1, 10))	3	164
(272, 79, 4500, t1) & (4662, 45, 623, t2=t1+(0, 7)) & (623, 79, 272, t3=t2+(0, 4)) -> (4500, 79, 623, t4=t3+(1, 7))	3	165
(790, 7, 1058, t1) & (4055, 6, 4109, t2=t1+(0, 8)) & (4055, 43, 790, t3=t2+(0, 4)) -> (4055, 43, 4055, t4=t3+(1, 4))	3	166
(1886, 122, 2634, t1) & (403, 134, 1091, t2=t1+(0, 5)) & (403, 104, 2634, t3=t2+(0, 4)) -> (403, 134, 2634, t4=t3+(1, 12))	3	167
(180, 161, 922, t1) & (3176, 121, 2767, t2=t1+(0, 2)) & (2767, 188, 180, t3=t2+(0, 5)) -> (2767, 188, 922, t4=t3+(1, 10))	3	168
(4715, 161, 1138, t1) & (1220, 15, 3380, t2=t1+(0, 4)) & (1220, 131, 1138, t3=t2+(0, 3)) -> (1138, 131, 4715, t4=t3+(1, 7))	3	169
(4412, 52, 2660, t1) & (4106, 179, 504, t2=t1+(0, 4)) & (4106, 19, 2660, t3=t2+(0, 8)) -> (2660, 19, 504, t4=t3+(1, 3))	3	170
(3834, 181, 3450, t1) & (4061, 111, 138, t2=t1+(0, 2)) & (3834, 51, 4061, t3=t2+(0, 3)) -> (3834, 111, 4061, t4=t3+(1, 5))	3	171
(1628, 187, 2852, t1) & (1489, 110, 3385, t2=t1+(0, 7)) & (2852, 6, 1489, t3=t2+(0, 2)) -> (2852, 187, 1489, t4=t3+(1, 8))	3	172
(3957, 23, 424, t1) & (50, 34, 492, t2=t1+(0, 3)) & (492, 120, 424, t3=t2+(0, 4)) -> (424, 34, 492, t4=t3+(1, 7))	3	173
(2430, 174, 4541, t1) & (480, 119, 2792, t2=t1+(0, 5)) & (2430, 50, 480, t3=t2+(0, 9)) -> (2430, 119, 480, t4=t3+(1, 4))	3	174
(1733, 2, 3204, t1) & (3795, 66, 2119, t2=t1+(0, 6)) & (1733, 180, 2119, t3=t2+(0, 5)) -> (2119, 2, 2119, t4=t3+(1, 5))	3	175
(2149, 96, 4938, t1) & (2017, 121, 1309, t2=t1+(0, 3)) & (1309, 79, 2149, t3=t2+(0, 2)) -> (2017, 96, 2149, t4=t3+(1, 2))	3	176
(2888, 96, 4666, t1) & (2153, 191, 2639, t2=t1+(0, 6)) & (2639, 6, 4666, t3=t2+(0, 2)) -> (4666, 96, 4666, t4=t3+(1, 6))	3	177
(4732, 42, 512, t1) & (4402, 139, 4164, t2=t1+(0, 8)) & (4732, 177, 4402, t3=t2+(0, 5)) -> (4402, 42, 512, t4=t3+(1, 2))	3	178
(3534, 126, 1290, t1) & (1587, 13, 201, t2=t1+(0, 4)) & (1587, 129, 1290, t3=t2+(0, 10)) -> (3534, 126, 1587, t4=t3+(1, 5))	3	179
(984, 48, 1636, t1) & (3032, 40, 3781, t2=t1+(0, 1)) & (3781, 124, 984, t3=t2+(0, 6)) -> (984, 40, 3781, t4=t3+(1, 3))	3	180
(3023, 187, 443, t1) & (921, 90, 1276, t2=t1+(0, 3)) & (1276, 58, 443, t3=t2+(0, 2)) -> (443, 58, 1276, t4=t3+(1, 2))	3	181
(577, 144, 3159, t1) & (1119, 178, 4664, t2=t1+(0, 2)) & (577, 7, 4664, t3=t2+(0, 6)) -> (4664, 178, 4664, t4=t3+(1, 3))	3	182
(1043, 90, 39, t1) & (1353, 24, 3363, t2=t1+(0, 8)) & (3363, 33, 39, t3=t2+(0, 3)) -> (3363, 24, 39, t4=t3+(1, 7))	3	183
(135, 188, 4998, t1) & (3415, 91, 190, t2=t1+(0, 1)) & (135, 125, 3415, t3=t2+(0, 4)) -> (4998, 91, 135, t4=t3+(1, 5))	3	184
(4376, 198, 4631, t1) & (488, 18, 4625, t2=t1+(0, 6)) & (488, 188, 4631, t3=t2+(0, 5)) -> (4631, 198, 4625, t4=t3+(1, 5))	3	185
(762, 122, 1336, t1) & (1147, 84, 2262, t2=t1+(0, 6)) & (1336, 155, 1147, t3=t2+(0, 10)) -> (2262, 122, 1336, t4=t3+(1, 3))	3	186
(4075, 161, 3946, t1) & (3607, 40, 3113, t2=t1+(0, 4)) & (3113, 195, 3946, t3=t2+(0, 2)) -> (3607, 161, 3946, t4=t3+(1, 5))	3	187
(4868, 154, 2957, t1) & (158, 45, 3446, t2=t1+(0, 12)) & (158, 61, 2957, t3=t2+(0, 4)) -> (158, 61, 158, t4=t3+(1, 5))	3	188
(1245, 179, 949, t1) & (3502, 69, 4159, t2=t1+(0, 4)) & (3502, 37, 949, t3=t2+(0, 5)) -> (949, 179, 3502, t4=t3+(1, 5))	3	189
(1575, 38, 710, t1) & (122, 159, 3327, t2=t1+(0, 3)) & (1575, 111, 3327, t3=t2+(0, 6)) -> (3327, 159, 3327, t4=t3+(1, 3))	3	190
(3109, 174, 4280, t1) & (2334, 199, 3264, t2=t1+(0, 7)) & (3109, 22, 3264, t3=t2+(0, 3)) -> (3264, 199, 3109, t4=t3+(1, 4))	3	191
(616, 176, 838, t1) & (1350, 107, 3929, t2=t1+(0, 5)) & (616, 86, 1350, t3=t2+(0, 6)) -> (1350, 176, 838, t4=t3+(1, 4))	3	192
(3315, 32, 3728, t1) & (931, 48, 4029, t2=t1+(0, 4)) & (3728, 140, 4029, t3=t2+(0, 4)) -> (4029, 140, 4029, t4=t3+(1, 2))	3	193
(4388, 177, 4107, t1) & (912, 86, 490, t2=t1+(0, 7)) & (4388, 30, 490, t3=t2+(0, 6)) -> (912, 30, 912, t4=t3+(1, 2))	3	194
(1915, 91, 1355, t1) & (1021, 172, 3055, t2=t1+(0, 4)) & (1355, 9, 1021, t3=t2+(0, 5)) -> (1021, 172, 1021, t4=t3+(1, 2))	3	195
(3178, 105, 2255, t1) & (3356, 23, 2632, t2=t1+(0, 4)) & (2255, 175, 3356, t3=t2+(0, 1)) -> (3178, 23, 2255, t4=t3+(1, 7))	3	196
(671, 14, 3513, t1) & (427, 89, 65, t2=t1+(0, 4)) & (65, 133, 671, t3=t2+(0, 4)) -> (427, 133, 65, t4=t3+(1, 6))	3	197
(3161, 75, 3086, t1) & (4766, 46, 3915, t2=t1+(0, 8)) & (3915, 11, 3086, t3=t2+(0, 5)) -> (4766, 46, 3915, t4=t3+(1, 5))	3	198
(39, 16, 3556, t1) & (808, 192, 1544, t2=t1+(0, 2)) & (1544, 188, 39, t3=t2+(0, 2)) -> (1544, 16, 3556, t4=t3+(1, 4))	3	199
(1919, 66, 2858, t1) & (1919, 48, 4133, t2=t1+(0, 3)) -> (2858, 66, 4133, t3=t2+(1, 4))	2	200
(3657, 116, 2183, t1) & (3657, 92, 1074, t2=t1+(0, 4)) -> (1074, 92, 2183, t3=t2+(1, 9))	2	201
(1417, 174, 3492, t1) & (1417, 143, 3492, t2=t1+(0, 2)) -> (1417, 174, 3492, t3=t2+(1, 7))	2	202
(4221, 80, 1767, t1) & (4221, 149, 4221, t2=t1+(0, 4)) -> (4221, 80, 4221, t3=t2+(1, 4))	2	203
(895, 60, 3033, t1) & (3033, 134, 3239, t2=t1+(0, 7)) -> (3033, 60, 895, t3=t2+(1, 4))	2	204
(3520, 57, 4351, t1) & (4351, 87, 3520, t2=t1+(0, 7)) -> (4351, 57, 4351, t3=t2+(1, 3))	2	205
(1618, 162, 2338, t1) & (1618, 134, 12, t2=t1+(0, 2)) -> (12, 162, 1618, t3=t2+(1, 6))	2	206
(933, 29, 4790, t1) & (3797, 7, 4790, t2=t1+(0, 3)) -> (933, 7, 3797, t3=t2+(1, 1))	2	207
(4200, 140, 1055, t1) & (3042, 27, 4200, t2=t1+(0, 6)) -> (4200, 27, 4200, t3=t2+(1, 3))	2	208
(1714, 62, 2436, t1) & (3648, 46, 1714, t2=t1+(0, 3)) -> (3648, 62, 3648, t3=t2+(1, 10))	2	209
(1469, 0, 2755, t1) & (1469, 16, 2755, t2=t1+(0, 4)) -> (1469, 0, 1469, t3=t2+(1, 3))	2	210
(1859, 179, 234, t1) & (1859, 110, 1859, t2=t1+(0, 5)) -> (234, 179, 1859, t3=t2+(1, 1))	2	211
(4503, 3, 172, t1) & (172, 65, 3437, t2=t1+(0, 5)) -> (172, 3, 172, t3=t2+(1, 9))	2	212
(1630, 52, 1012, t1) & (2534, 132, 1012, t2=t1+(0, 2)) -> (1012, 132, 2534, t3=t2+(1, 10))	2	213
(634, 153, 2598, t1) & (594, 4, 2598, t2=t1+(0, 3)) -> (2598, 153, 2598, t3=t2+(1, 10))	2	214
(1078, 142, 1882, t1) & (1882, 52, 1882, t2=t1+(0, 8)) -> (1882, 52, 1078, t3=t2+(1, 4))	2	215
(612, 174, 4467, t1) & (2098, 194, 4467, t2=t1+(0, 5)) -> (4467, 174, 4467, t3=t2+(1, 6))	2	216
(4981, 67, 2763, t1) & (1577, 97, 2763, t2=t1+(0, 6)) -> (2763, 97, 4981, t3=t2+(1, 9))	2	217
(634, 146, 2995, t1) & (2573, 23, 634, t2=t1+(0, 9)) -> (2995, 23, 2995, t3=t2+(1, 5))	2	218
(3229, 94, 2132, t1) & (3229, 113, 521, t2=t1+(0, 4)) -> (3229, 94, 2132, t3=t2+(1, 4))	2	219
(1064, 141, 2117, t1) & (2208, 23, 2117, t2=t1+(0, 3)) -> (1064, 23, 2208, t3=t2+(1, 5))	2	220
(136, 117, 3000, t1) & (136, 136, 2986, t2=t1+(0, 5)) -> (136, 136, 2986, t3=t2+(1, 6))	2	221
(4751, 58, 3712, t1) & (4751, 107, 4549, t2=t1+(0, 10)) -> (4751, 107, 4751, t3=t2+(1, 4))	2	222
(1587, 170, 3255, t1) & (2766, 109, 3255, t2=t1+(0, 4)) -> (2766, 170, 2766, t3=t2+(1, 3))	2	223
(3499, 195, 443, t1) & (2536, 193, 443, t2=t1+(0, 3)) -> (443, 195, 443, t3=t2+(1, 2))	2	224
(3584, 4, 2314, t1) & (2314, 172, 3530, t2=t1+(0, 6)) -> (3530, 4, 3530, t3=t2+(1, 6))	2	225
(3797, 61, 2015, t1) & (3501, 157, 2015, t2=t1+(0, 6)) -> (3797, 61, 3501, t3=t2+(1, 5))	2	226
(1608, 102, 2241, t1) & (2086, 19, 1608, t2=t1+(0, 2)) -> (2086, 102, 1608, t3=t2+(1, 8))	2	227
(3341, 33, 2211, t1) & (4306, 177, 2211, t2=t1+(0, 3)) -> (2211, 33, 4306, t3=t2+(1, 8))	2	228
(4028, 23, 2407, t1) & (1629, 40, 2407, t2=t1+(0, 3)) -> (2407, 40, 4028, t3=t2+(1, 6))	2	229
(4190, 90, 423, t1) & (4190, 93, 2171, t2=t1+(0, 5)) -> (4190, 90, 4190, t3=t2+(1, 4))	2	230
(2217, 193, 3168, t1) & (2217, 21, 2217, t2=t1+(0, 8)) -> (2217, 21, 2217, t3=t2+(1, 6))	2	231
(4514, 17, 4471, t1) & (4514, 56, 4471, t2=t1+(0, 7)) -> (4514, 17, 4514, t3=t2+(1, 4))	2	232
(160, 197, 3343, t1) & (160, 132, 3899, t2=t1+(0, 6)) -> (160, 197, 3343, t3=t2+(1, 8))	2	233
(4940, 167, 2539, t1) & (2539, 138, 4294, t2=t1+(0, 4)) -> (4294, 138, 4940, t3=t2+(1, 5))	2	234
(2720, 142, 3463, t1) & (3791, 195, 3463, t2=t1+(0, 6)) -> (3463, 142, 3463, t3=t2+(1, 7))	2	235
(1101, 179, 1970, t1) & (1970, 130, 1101, t2=t1+(0, 3)) -> (1970, 179, 1970, t3=t2+(1, 1))	2	236
(649, 167, 1482, t1) & (1482, 6, 4758, t2=t1+(0, 7)) -> (4758, 6, 649, t3=t2+(1, 5))	2	237
(294, 154, 961, t1) & (961, 104, 294, t2=t1+(0, 2)) -> (294, 104, 961, t3=t2+(1, 5))	2	238
(1968, 61, 4719, t1) & (4719, 193, 1695, t2=t1+(0, 4)) -> (1968, 193, 1968, t3=t2+(1, 4))	2	239
(1509, 75, 3379, t1) & (1064, 8, 3379, t2=t1+(0, 9)) -> (1509, 8, 1064, t3=t2+(1, 7))	2	240
(4008, 172, 4376, t1) & (4008, 154, 2665, t2=t1+(0, 7)) -> (4008, 154, 4008, t3=t2+(1, 7))	2	241
(1974, 49, 2701, t1) & (1974, 147, 2701, t2=t1+(0, 7)) -> (1974, 147, 1974, t3=t2+(1, 4))	2	242
(3701, 102, 1922, t1) & (1922, 97, 3701, t2=t1+(0, 1)) -> (3701, 102, 3701, t3=t2+(1, 6))	2	243
(3059, 133, 3119, t1) & (3253, 158, 3059, t2=t1+(0, 3)) -> (3119, 158, 3059, t3=t2+(1, 3))	2	244
(4453, 175, 2196, t1) & (3776, 177, 4453, t2=t1+(0, 5)) -> (4453, 177, 4453, t3=t2+(1, 4))	2	245
(4075, 52, 3042, t1) & (4075, 11, 4075, t2=t1+(0, 1)) -> (3042, 11, 3042, t3=t2+(1, 6))	2	246
(4296, 64, 587, t1) & (4296, 18, 4296, t2=t1+(0, 9)) -> (4296, 18, 4296, t3=t2+(1, 6))	2	247
(4120, 56, 1729, t1) & (1729, 43, 1729, t2=t1+(0, 3)) -> (1729, 56, 1729, t3=t2+(1, 3))	2	248
(2469, 105, 3906, t1) & (2469, 166, 3581, t2=t1+(0, 6)) -> (2469, 166, 2469, t3=t2+(1, 4))	2	249
(2705, 91, 368, t1) & (2705, 21, 2705, t2=t1+(0, 5)) -> (2705, 91, 2705, t3=t2+(1, 6))	2	250
(3123, 81, 63, t1) & (539, 86, 63, t2=t1+(0, 3)) -> (63, 86, 63, t3=t2+(1, 3))	2	251
(1016, 41, 4662, t1) & (4662, 140, 2123, t2=t1+(0, 3)) -> (1016, 140, 1016, t3=t2+(1, 6))	2	252
(1045, 69, 4305, t1) & (4305, 52, 4305, t2=t1+(0, 5)) -> (1045, 52, 1045, t3=t2+(1, 4))	2	253
(1213, 113, 1125, t1) & (1213, 44, 3406, t2=t1+(0, 4)) -> (3406, 113, 1213, t3=t2+(1, 8))	2	254
(1092, 38, 884, t1) & (2118, 134, 1092, t2=t1+(0, 5)) -> (1092, 38, 2118, t3=t2+(1, 6))	2	255
(3276, 40, 3401, t1) & (2933, 149, 3276, t2=t1+(0, 3)) -> (3401, 40, 3401, t3=t2+(1, 6))	2	256
(57, 182, 1117, t1) & (1117, 187, 1117, t2=t1+(0, 6)) -> (57, 182, 57, t3=t2+(1, 4))	2	257
(2035, 41, 1174, t1) & (572, 60, 2035, t2=t1+(0, 2)) -> (2035, 41, 2035, t3=t2+(1, 5))	2	258
(289, 53, 3503, t1) & (289, 10, 343, t2=t1+(0, 5)) -> (289, 10, 289, t3=t2+(1, 7))	2	259
(3797, 57, 1215, t1) & (3797, 155, 4252, t2=t1+(0, 5)) -> (4252, 155, 3797, t3=t2+(1, 7))	2	260
(251, 170, 4408, t1) & (4408, 71, 4408, t2=t1+(0, 2)) -> (4408, 170, 4408, t3=t2+(1, 6))	2	261
(172, 178, 1554, t1) & (1554, 157, 773, t2=t1+(0, 8)) -> (1554, 157, 1554, t3=t2+(1, 5))	2	262
(4008, 34, 85, t1) & (767, 167, 85, t2=t1+(0, 5)) -> (767, 34, 767, t3=t2+(1, 6))	2	263
(3766, 44, 2037, t1) & (2037, 92, 343, t2=t1+(0, 8)) -> (3766, 92, 3766, t3=t2+(1, 3))	2	264
(3458, 17, 3154, t1) & (3154, 164, 3154, t2=t1+(0, 4)) -> (3154, 164, 3458, t3=t2+(1, 4))	2	265
(4421, 81, 2660, t1) & (4421, 17, 3730, t2=t1+(0, 5)) -> (4421, 81, 2660, t3=t2+(1, 8))	2	266
(3918, 66, 4606, t1) & (3918, 40, 1021, t2=t1+(0, 6)) -> (3918, 66, 3918, t3=t2+(1, 4))	2	267
(3828, 108, 4095, t1) & (4095, 25, 3656, t2=t1+(0, 5)) -> (3828, 25, 3656, t3=t2+(1, 5))	2	268
(1943, 86, 4195, t1) & (1605, 181, 1943, t2=t1+(0, 5)) -> (1943, 181, 1943, t3=t2+(1, 8))	2	269
(1100, 98, 2791, t1) & (1100, 118, 2551, t2=t1+(0, 5)) -> (1100, 118, 2551, t3=t2+(1, 3))	2	270
(3703, 23, 393, t1) & (393, 188, 3703, t2=t1+(0, 6)) -> (393, 23, 393, t3=t2+(1, 4))	2	271
(4407, 45, 614, t1) & (1135, 106, 614, t2=t1+(0, 3)) -> (614, 45, 614, t3=t2+(1, 3))	2	272
(2584, 171, 1349, t1) & (2925, 108, 2584, t2=t1+(0, 7)) -> (2584, 108, 2584, t3=t2+(1, 4))	2	273
(1470, 86, 762, t1) & (762, 116, 762, t2=t1+(0, 8)) -> (762, 86, 762, t3=t2+(1, 6))	2	274
(1179, 3, 2656, t1) & (1179, 123, 4147, t2=t1+(0, 6)) -> (1179, 123, 1179, t3=t2+(1, 5))	2	275
(4355, 99, 2526, t1) & (3028, 74, 4355, t2=t1+(0, 7)) -> (3028, 99, 4355, t3=t2+(1, 4))	2	276
(3241, 112, 1546, t1) & (4459, 74, 3241, t2=t1+(0, 7)) -> (3241, 112, 3241, t3=t2+(1, 3))	2	277
(2518, 56, 3004, t1) & (1613, 101, 3004, t2=t1+(0, 5)) -> (3004, 101, 3004, t3=t2+(1, 3))	2	278
(1547, 148, 3853, t1) & (3853, 22, 3853, t2=t1+(0, 3)) -> (1547, 148, 1547, t3=t2+(1, 6))	2	279
(3392, 171, 1913, t1) & (3392, 71, 3392, t2=t1+(0, 6)) -> (3392, 71, 3392, t3=t2+(1, 4))	2	280
(1015, 157, 1755, t1) & (4042, 121, 1755, t2=t1+(0, 4)) -> (1755, 121, 4042, t3=t2+(1, 6))	2	281
(4938, 59, 3432, t1) & (3654, 106, 4938, t2=t1+(0, 5)) -> (4938, 59, 3432, t3=t2+(1, 5))	2	282
(2993, 5, 1122, t1) & (1122, 5, 2993, t2=t1+(0, 5)) -> (2993, 5, 2993, t3=t2+(1, 3))	2	283
(3206, 191, 4176, t1) & (428, 144, 3206, t2=t1+(0, 5)) -> (4176, 144, 3206, t3=t2+(1, 2))	2	284
(2285, 80, 1287, t1) & (2285, 82, 4163, t2=t1+(0, 3)) -> (2285, 82, 2285, t3=t2+(1, 2))	2	285
(3298, 177, 4709, t1) & (4709, 53, 1086, t2=t1+(0, 7)) -> (4709, 177, 4709, t3=t2+(1, 7))	2	286
(2652, 14, 2701, t1) & (2701, 48, 2652, t2=t1+(0, 4)) -> (2701, 48, 2652, t3=t2+(1, 5))	2	287
(3277, 92, 3192, t1) & (3192, 125, 59, t2=t1+(0, 5)) -> (59, 125, 3192, t3=t2+(1, 11))	2	288
(2420, 14, 3062, t1) & (2420, 171, 2420, t2=t1+(0, 7)) -> (2420, 14, 2420, t3=t2+(1, 9))	2	289
(3364, 104, 2139, t1) & (3364, 94, 1771, t2=t1+(0, 4)) -> (1771, 94, 1771, t3=t2+(1, 9))	2	290
(283, 27, 129, t1) & (283, 28, 283, t2=t1+(0, 4)) -> (283, 27, 129, t3=t2+(1, 8))	2	291
(2015, 33, 1300, t1) & (2015, 153, 3774, t2=t1+(0, 4)) -> (2015, 33, 2015, t3=t2+(1, 7))	2	292
(4413, 124, 1066, t1) & (4413, 78, 2140, t2=t1+(0, 4)) -> (2140, 124, 4413, t3=t2+(1, 4))	2	293
(735, 84, 4326, t1) & (3016, 157, 735, t2=t1+(0, 10)) -> (4326, 84, 735, t3=t2+(1, 4))	2	294
(460, 170, 3514, t1) & (3514, 107, 1176, t2=t1+(0, 2)) -> (3514, 170, 3514, t3=t2+(1, 5))	2	295
(4344, 89, 2061, t1) & (3819, 92, 4344, t2=t1+(0, 9)) -> (2061, 92, 4344, t3=t2+(1, 3))	2	296
(3505, 154, 3002, t1) & (3505, 66, 3002, t2=t1+(0, 5)) -> (3002, 154, 3002, t3=t2+(1, 6))	2	297
(1750, 50, 201, t1) & (1750, 133, 416, t2=t1+(0, 6)) -> (416, 50, 416, t3=t2+(1, 4))	2	298
(2071, 95, 3318, t1) & (2071, 13, 2071, t2=t1+(0, 2)) -> (2071, 13, 2071, t3=t2+(1, 7))	2	299
(1236, 144, 689, t1) -> (689, 144, 689, t2=t1+(1, 9))	1	300
(2959, 55, 1387, t1) -> (2959, 55, 1387, t2=t1+(1, 3))	1	301
(1826, 6, 2410, t1) -> (2410, 6, 2410, t2=t1+(1, 7))	1	302
(3597, 194, 4500, t1) -> (4500, 194, 3597, t2=t1+(1, 7))	1	303
(2491, 192, 1459, t1) -> (2491, 192, 2491, t2=t1+(1, 5))	1	304
(3525, 43, 1958, t1) -> (3525, 43, 3525, t2=t1+(1, 9))	1	305
(3958, 98, 2426, t1) -> (2426, 98, 2426, t2=t1+(1, 8))	1	306
(2511, 60, 4732, t1) -> (2511, 60, 4732, t2=t1+(1, 6))	1	307
(2361, 81, 4486, t1) -> (4486, 81, 2361, t2=t1+(1, 5))	1	308
(504, 132, 543, t1) -> (543, 132, 543, t2=t1+(1, 3))	1	309
(1776, 63, 238, t1) -> (1776, 63, 238, t2=t1+(1, 3))	1	310
(2611, 59, 4312, t1) -> (2611, 59, 4312, t2=t1+(1, 2))	1	311
(3052, 171, 2130, t1) -> (3052, 171, 3052, t2=t1+(1, 10))	1	312
(4860, 65, 4420, t1) -> (4420, 65, 4420, t2=t1+(1, 5))	1	313
(504, 7, 2912, t1) -> (504, 7, 504, t2=t1+(1, 10))	1	314
(2440, 195, 3639, t1) -> (3639, 195, 2440, t2=t1+(1, 6))	1	315
(2233, 69, 3108, t1) -> (2233, 69, 3108, t2=t1+(1, 8))	1	316
(3328, 160, 3580, t1) -> (3328, 160, 3328, t2=t1+(1, 8))	1	317
(2649, 17, 4333, t1) -> (4333, 17, 4333, t2=t1+(1, 2))	1	318
(4537, 199, 1261, t1) -> (4537, 199, 4537, t2=t1+(1, 9))	1	319
(1048, 138, 2223, t1) -> (1048, 138, 2223, t2=t1+(1, 6))	1	320
(757, 148, 4795, t1) -> (4795, 148, 4795, t2=t1+(1, 10))	1	321
(4852, 178, 3798, t1) -> (3798, 178, 4852, t2=t1+(1, 6))	1	322
(2237, 61, 2682, t1) -> (2682, 61, 2682, t2=t1+(1, 4))	1	323
(313, 78, 4816, t1) -> (4816, 78, 313, t2=t1+(1, 7))	1	324
(4248, 141, 4462, t1) -> (4248, 141, 4462, t2=t1+(1, 3))	1	325
(2526, 58, 1482, t1) -> (1482, 58, 2526, t2=t1+(1, 3))	1	326
(2505, 186, 4032, t1) -> (4032, 186, 4032, t2=t1+(1, 8))	1	327
(4140, 55, 1155, t1) -> (4140, 55, 4140, t2=t1+(1, 4))	1	328
(4221, 34, 4413, t1) -> (4221, 34, 4413, t2=t1+(1, 6))	1	329
(4916, 157, 1071, t1) -> (4916, 157, 1071, t2=t1+(1, 4))	1	330
(3258, 105, 1218, t1) -> (1218, 105, 3258, t2=t1+(1, 7))	1	331
(2543, 185, 1328, t1) -> (1328, 185, 1328, t2=t1+(1, 4))	1	332
(3267, 139, 1062, t1) -> (3267, 139, 1062, t2=t1+(1, 4))	1	333
(3173, 117, 2196, t1) -> (2196, 117, 3173, t2=t1+(1, 7))	1	334
(462, 132, 50, t1) -> (462, 132, 50, t2=t1+(1, 3))	1	335
(4819, 76, 11, t1) -> (4819, 76, 4819, t2=t1+(1, 8))	1	336
(1845, 79, 1961, t1) -> (1845, 79, 1961, t2=t1+(1, 6))	1	337
(1186, 173, 2006, t1) -> (1186, 173, 2006, t2=t1+(1, 3))	1	338
(2523, 90, 1874, t1) -> (2523, 90, 2523, t2=t1+(1, 6))	1	339
(3072, 149, 1092, t1) -> (1092, 149, 3072, t2=t1+(1, 7))	1	340
(1904, 69, 740, t1) -> (740, 69, 740, t2=t1+(1, 6))	1	341
(4762, 33, 2786, t1) -> (4762, 33, 4762, t2=t1+(1, 7))	1	342
(1409, 45, 718, t1) -> (718, 45, 1409, t2=t1+(1, 7))	1	343
(2066, 65, 91, t1) -> (91, 65, 2066, t2=t1+(1, 1))	1	344
(1299, 58, 3935, t1) -> (1299, 58, 3935, t2=t1+(1, 8))	1	345
(252, 167, 1586, t1) -> (1586, 167, 252, t2=t1+(1, 1))	1	346
(561, 180, 825, t1) -> (825, 180, 825, t2=t1+(1, 10))	1	347
(4614, 192, 3626, t1) -> (4614, 192, 4614, t2=t1+(1, 5))	1	348
(492, 48, 4236, t1) -> (492, 48, 4236, t2=t1+(1, 4))	1	349
