(1187, 37, 548, t1) & (3709, 83, 1896, t2=t1+(0, 3)) & (3709, 191, 1187, t3=t2+(0, 9)) -> (3709, 191, 1187, t4=t3+(1, 7))	3	0
(1260, 46, 4428, t1) & (3976, 155, 1976, t2=t1+(0, 11)) & (4428, 30, 3976, t3=t2+(0, 8)) -> (1976, 46, 1976, t4=t3+(1, 4))	3	1
(638, 189, 3846, t1) & (2307, 7, 738, t2=t1+(0, 4)) & (738, 171, 638, t3=t2+(0, 5)) -> (638, 189, 638, t4=t3+(1, 8))	3	2
(1108, 72, 2370, t1) & (72, 97, 4279, t2=t1+(0, 3)) & (4279, 72, 2370, t3=t2+(0, 7)) -> (2370, 97, 2370, t4=t3+(1, 6))	3	3
(3821, 17, 676, t1) & (3076, 3, 867, t2=t1+(0, 3)) & (676, 171, 867, t3=t2+(0, 5)) -> (676, 171, 867, t4=t3+(1, 4))	3	4
(335, 130, 4980, t1) & (3845, 68, 300, t2=t1+(0, 6)) & (4980, 41, 300, t3=t2+(0, 9)) -> (300, 130, 300, t4=t3+(1, 8))	3	5
(198, 27, 3571, t1) & (145, 166, 1991, t2=t1+(0, 5)) & (145, 41, 3571, t3=t2+(0, 7)) -> (3571, 41, 145, t4=t3+(1, 4))	3	6
(1334, 113, 1914, t1) & (2696, 153, 4665, t2=t1+(0, 2)) & (4665, 198, 1334, t3=t2+(0, 4)) -> (4665, 153, 1334, t4=t3+(1, 5))	3	7
(4349, 56, 326, t1) & (4088, 62, 1445, t2=t1+(0, 4)) & (4088, 22, 4349, t3=t2+(0, 4)) -> (326, 56, 4088, t4=t3+(1, 9))	3	8
(2309, 14, 3065, t1) & (1643, 100, 1067, t2=t1+(0, 6)) & (1643, 40, 3065, t3=t2+(0, 4)) -> (1643, 40, 1643, t4=t3+(1, 4))	3	9
(3126, 12, 379, t1) & (4620, 71, 1185, t2=t1+(0, 4)) & (379, 197, 1185, t3=t2+(0, 3)) -> (379, 12, 3126, t4=t3+(1, 3))	3	10
(1592, 111, 4765, t1) & (1993, 170, 3278, t2=t1+(0, 3)) & (1993, 102, 1592, t3=t2+(0, 10)) -> (1592, 102, 4765, t4=t3+(1, 5))	3	11
(198, 68, 1950, t1) & (1950, 183, 3638, t2=t1+(0, 8)) & (1950, 159, 3638, t3=t2+(0, 5)) -> (1950, 183, 3638, t4=t3+(1, 5))	3	12
(1991, 16, 3636, t1) & (1930, 38, 613, t2=t1+(0, 9)) & (1991, 180, 1930, t3=t2+(0, 5)) -> (1991, 38, 1930, t4=t3+(1, 7))	3	13
(2352, 5, 2880, t1) & (4056, 137, 672, t2=t1+(0, 7)) & (2352, 84, 672, t3=t2+(0, 4)) -> (4056, 84, 672, t4=t3+(1, 6))	3	14
(4479, 142, 3742, t1) & (3211, 28, 1621, t2=t1+(0, 7)) & (4479, 176, 3211, t3=t2+(0, 1)) -> (4479, 176, 1621, t4=t3+(1, 3))	3	15
(1286, 191, 4096, t1) & (4400, 197, 3407, t2=t1+(0, 0)) & (4096, 113, 4400, t3=t2+(0, 4)) -> (3407, 113, 4400, t4=t3+(1, 4))	3	16
(2224, 26, 210, t1) & (1725, 68, 4462, t2=t1+(0, 11)) & (2224, 2, 1725, t3=t2+(0, 5)) -> (1725, 2, 210, t4=t3+(1, 10))	3	17
(4204, 23, 2479, t1) & (3524, 33, 644, t2=t1+(0, 8)) & (2479, 116, 644, t3=t2+(0, 5)) -> (2479, 23, 2479, t4=t3+(1, 5))	3	18
(4238, 113, 3542, t1) & (4991, 167, 1070, t2=t1+(0, 5)) & (4991, 36, 4238, t3=t2+(0, 11)) -> (4991, 36, 3542, t4=t3+(1, 3))	3	19
(2074, 66, 4268, t1) & (1082, 27, 2861, t2=t1+(0, 2)) & (2861, 102, 2074, t3=t2+(0, 5)) -> (2074, 27, 1082, t4=t3+(1, 8))	3	20
(2345, 124, 3332, t1) & (4320, 8, 1678, t2=t1+(0, 5)) & (2345, 53, 1678, t3=t2+(0, 4)) -> (1678, 124, 4320, t4=t3+(1, 4))	3	21
(2636, 109, 2821, t1) & (2400, 188, 54, t2=t1+(0, 4)) & (2821, 29, 54, t3=t2+(0, 5)) -> (2821, 188, 2821, t4=t3+(1, 4))	3	22
(2031, 160, 4140, t1) & (518, 69, 1544, t2=t1+(0, 4)) & (2031, 176, 1544, t3=t2+(0, 6)) -> (4140, 69, 2031, t4=t3+(1, 8))	3	23
(3675, 54, 3649, t1) & (3791, 127, 79, t2=t1+(0, 4)) & (3649, 195, 79, t3=t2+(0, 3)) -> (3649, 54, 79, t4=t3+(1, 5))	3	24
(876, 84, 1233, t1) & (968, 32, 2520, t2=t1+(0, 11)) & (2520, 176, 876, t3=t2+(0, 8)) -> (2520, 32, 876, t4=t3+(1, 8))	3	25
(2774, 191, 1097, t1) & (2908, 26, 4923, t2=t1+(0, 7)) & (2908, 35, 2774, t3=t2+(0, 3)) -> (1097, 35, 2774, t4=t3+(1, 7))	3	26
(4273, 50, 3860, t1) & (1480, 38, 4783, t2=t1+(0, 7)) & (1480, 182, 3860, t3=t2+(0, 4)) -> (4273, 38, 1480, t4=t3+(1, 4))	3	27
(3374, 102, 109, t1) & (3533, 70, 3714, t2=t1+(0, 1)) & (3533, 3, 3374, t3=t2+(0, 2)) -> (109, 70, 3374, t4=t3+(1, 4))	3	28
(4559, 127, 3593, t1) & (4154, 133, 3911, t2=t1+(0, 5)) & (4559, 20, 4154, t3=t2+(0, 3)) -> (3911, 127, 3911, t4=t3+(1, 6))	3	29
(783, 8, 3333, t1) & (3929, 20, 2805, t2=t1+(0, 5)) & (2805, 49, 3333, t3=t2+(0, 6)) -> (783, 20, 3333, t4=t3+(1, 7))	3	30
(2063, 45, 648, t1) & (4426, 6, 1288, t2=t1+(0, 7)) & (1288, 10, 2063, t3=t2+(0, 7)) -> (648, 45, 1288, t4=t3+(1, 6))	3	31
(337, 158, 2734, t1) & (2882, 19, 323, t2=t1+(0, 5)) & (2734, 1, 2882, t3=t2+(0, 5)) -> (2882, 19, 2734, t4=t3+(1, 4))	3	32
(3989, 11, 2493, t1) & (526, 152, 2905, t2=t1+(0, 3)) & (526, 194, 2493, t3=t2+(0, 6)) -> (526, 11, 2493, t4=t3+(1, 7))	3	33
(3294, 141, 3957, t1) & (1549, 176, 3337, t2=t1+(0, 7)) & (3294, 12, 1549, t3=t2+(0, 3)) -> (3957, 141, 3337, t4=t3+(1, 6))	3	34
(247, 190, 869, t1) & (1188, 198, 3171, t2=t1+(0, 5)) & (869, 52, 3171, t3=t2+(0, 6)) -> (247, 190, 3171, t4=t3+(1, 5))	3	35
(3210, 164, 4482, t1) & (4134, 53, 3723, t2=t1+(0, 9)) & (4482, 189, 4134, t3=t2+(0, 4)) -> (4482, 189, 4134, t4=t3+(1, 4))	3	36
(4362, 134, 1667, t1) & (1246, 157, 587, t2=t1+(0, 9)) & (587, 121, 1667, t3=t2+(0, 10)) -> (1667, 157, 1246, t4=t3+(1, 5))	3	37
(3558, 82, 3925, t1) & (1640, 160, 1978, t2=t1+(0, 6)) & (3558, 198, 1978, t3=t2+(0, 6)) -> (1978, 160, 1978, t4=t3+(1, 2))	3	38
(3974, 85, 1997, t1) & (1668, 140, 2965, t2=t1+(0, 5)) & (2965, 169, 1997, t3=t2+(0, 7)) -> (1668, 169, 1997, t4=t3+(1, 5))	3	39
(1049, 5, 1709, t1) & (1808, 128, 3357, t2=t1+(0, 4)) & (1049, 187, 3357, t3=t2+(0, 2)) -> (3357, 128, 1709, t4=t3+(1, 6))	3	40
(935, 157, 1290, t1) & (441, 104, 2751, t2=t1+(0, 5)) & (441, 189, 935, t3=t2+(0, 6)) -> (935, 104, 935, t4=t3+(1, 8))	3	41
(3408, 33, 509, t1) & (684, 53, 1303, t2=t1+(0, 8)) & (1303, 142, 509, t3=t2+(0, 4)) -> (509, 53, 509, t4=t3+(1, 1))	3	42
(4410, 26, 3396, t1) & (2289, 3, 3074, t2=t1+(0, 3)) & (3074, 103, 4410, t3=t2+(0, 6)) -> (4410, 26, 3074, t4=t3+(1, 5))	3	43
(904, 182, 2540, t1) & (3360, 146, 3028, t2=t1+(0, 2)) & (3360, 126, 2540, t3=t2+(0, 2)) -> (904, 126, 3360, t4=t3+(1, 2))	3	44
(100, 80, 4603, t1) & (1716, 111, 1996, t2=t1+(0, 2)) & (100, 65, 1996, t3=t2+(0, 4)) -> (1996, 80, 100, t4=t3+(1, 6))	3	45
(1209, 148, 2884, t1) & (1789, 130, 1929, t2=t1+(0, 5)) & (2884, 173, 1789, t3=t2+(0, 4)) -> (1929, 173, 2884, t4=t3+(1, 9))	3	46
(3380, 148, 3455, t1) & (2564, 73, 526, t2=t1+(0, 5)) & (526, 3, 3455, t3=t2+(0, 2)) -> (3380, 73, 526, t4=t3+(1, 6))	3	47
(4727, 65, 2862, t1) & (1715, 37, 4882, t2=t1+(0, 4)) & (4882, 33, 2862, t3=t2+(0, 6)) -> (1715, 37, 2862, t4=t3+(1, 5))	3	48
(658, 17, 1441, t1) & (2066, 17, 3062, t2=t1+(0, 3)) & (1441, 32, 2066, t3=t2+(0, 7)) -> (1441, 32, 3062, t4=t3+(1, 7))	3	49
(4118, 34, 1055, t1) & (40, 136, 282, t2=t1+(0, 5)) & (282, 82, 1055, t3=t2+(0, 3)) -> (1055, 136, 282, t4=t3+(1, 3))	3	50
(2478, 183, 384, t1) & (796, 148, 3620, t2=t1+(0, 4)) & (2478, 80, 3620, t3=t2+(0, 4)) -> (3620, 183, 796, t4=t3+(1, 8))	3	51
(4002, 20, 1506, t1) & (1941, 128, 4988, t2=t1+(0, 11)) & (4002, 68, 4988, t3=t2+(0, 8)) -> (1941, 20, 1506, t4=t3+(1, 10))	3	52
(3978, 66, 2134, t1) & (2900, 32, 1950, t2=t1+(0, 2)) & (2900, 144, 3978, t3=t2+(0, 4)) -> (2134, 144, 3978, t4=t3+(1, 8))	3	53
(1162, 189, 3664, t1) & (2514, 17, 3195, t2=t1+(0, 4)) & (3195, 146, 3664, t3=t2+(0, 7)) -> (1162, 17, 3195, t4=t3+(1, 2))	3	54
(3801, 38, 2376, t1) & (1833, 185, 311, t2=t1+(0, 6)) & (2376, 136, 311, t3=t2+(0, 7)) -> (311, 185, 2376, t4=t3+(1, 8))	3	55
(4869, 159, 388, t1) & (3539, 59, 4717, t2=t1+(0, 4)) & (388, 156, 3539, t3=t2+(0, 6)) -> (3539, 159, 3539, t4=t3+(1, 8))	3	56
(1843, 26, 3125, t1) & (2104, 189, 2900, t2=t1+(0, 7)) & (3125, 164, 2900, t3=t2+(0, 11)) -> (2104, 26, 3125, t4=t3+(1, 6))	3	57
(1642, 90, 3310, t1) & (2175, 136, 3618, t2=t1+(0, 8)) & (3310, 142, 2175, t3=t2+(0, 2)) -> (2175, 136, 3310, t4=t3+(1, 8))	3	58
(18, 167, 3932, t1) & (4011, 103, 2727, t2=t1+(0, 5)) & (2727, 78, 3932, t3=t2+(0, 11)) -> (3932, 78, 18, t4=t3+(1, 9))	3	59
(1226, 135, 4534, t1) & (3487, 96, 2548, t2=t1+(0, 5)) & (4534, 133, 2548, t3=t2+(0, 5)) -> (2548, 96, 4534, t4=t3+(1, 4))	3	60
(4737, 20, 1777, t1) & (4718, 165, 1907, t2=t1+(0, 4)) & (4718, 135, 4737, t3=t2+(0, 3)) -> (4737, 135, 1777, t4=t3+(1, 2))	3	61
(4193, 130, 3257, t1) & (978, 36, 2270, t2=t1+(0, 5)) & (3257, 32, 2270, t3=t2+(0, 5)) -> (4193, 36, 2270, t4=t3+(1, 4))	3	62
(2891, 57, 1948, t1) & (1225, 197, 3439, t2=t1+(0, 4)) & (2891, 55, 1225, t3=t2+(0, 4)) -> (2891, 57, 2891, t4=t3+(1, 8))	3	63
(2419, 95, 3595, t1) & (4110, 87, 3605, t2=t1+(0, 1)) & (2419, 172, 3605, t3=t2+(0, 3)) -> (3605, 87, 3605, t4=t3+(1, 4))	3	64
(1296, 66, 4701, t1) & (189, 145, 3513, t2=t1+(0, 6)) & (4701, 193, 3513, t3=t2+(0, 3)) -> (4701, 193, 4701, t4=t3+(1, 1))	3	65
(34, 188, 3498, t1) & (4158, 187, 1740, t2=t1+(0, 6)) & (3498, 139, 4158, t3=t2+(0, 5)) -> (3498, 139, 34, t4=t3+(1, 6))	3	66
(1556, 110, 4636, t1) & (886, 190, 1648, t2=t1+(0, 8)) & (886, 155, 4636, t3=t2+(0, 9)) -> (886, 110, 1556, t4=t3+(1, 6))	3	67
(3919, 8, 738, t1) & (4033, 166, 2209, t2=t1+(0, 7)) & (738, 170, 2209, t3=t2+(0, 7)) -> (4033, 8, 738, t4=t3+(1, 4))	3	68
(258, 131, 2888, t1) & (3966, 188, 1505, t2=t1+(0, 5)) & (2888, 125, 1505, t3=t2+(0, 3)) -> (1505, 188, 1505, t4=t3+(1, 9))	3	69
(1430, 54, 1932, t1) & (1789, 129, 4823, t2=t1+(0, 6)) & (1430, 98, 4823, t3=t2+(0, 5)) -> (4823, 98, 1789, t4=t3+(1, 5))	3	70
(4502, 75, 2926, t1) & (909, 187, 2367, t2=t1+(0, 6)) & (2367, 107, 4502, t3=t2+(0, 5)) -> (2926, 75, 2367, t4=t3+(1, 3))	3	71
(4939, 170, 3895, t1) & (3576, 160, 4089, t2=t1+(0, 7)) & (4939, 89, 4089, t3=t2+(0, 3)) -> (4089, 160, 4939, t4=t3+(1, 5))	3	72
(4862, 192, 3872, t1) & (1496, 70, 3511, t2=t1+(0, 5)) & (3511, 102, 4862, t3=t2+(0, 9)) -> (3511, 192, 1496, t4=t3+(1, 6))	3	73
(4013, 32, 4475, t1) & (834, 161, 511, t2=t1+(0, 5)) & (4013, 13, 834, t3=t2+(0, 4)) -> (834, 32, 834, t4=t3+(1, 7))	3	74
(1053, 196, 3558, t1) & (2847, 70, 2117, t2=t1+(0, 4)) & (2117, 73, 3558, t3=t2+(0, 6)) -> (3558, 196, 2847, t4=t3+(1, 3))	3	75
(3480, 103, 4699, t1) & (4023, 135, 785, t2=t1+(0, 2)) & (4699, 108, 4023, t3=t2+(0, 5)) -> (4699, 135, 4023, t4=t3+(1, 1))	3	76
(2447, 26, 3289, t1) & (114, 197, 3637, t2=t1+(0, 4)) & (3289, 6, 114, t3=t2+(0, 4)) -> (114, 197, 114, t4=t3+(1, 6))	3	77
(2246, 127, 4917, t1) & (2640, 163, 108, t2=t1+(0, 3)) & (2246, 27, 2640, t3=t2+(0, 2)) -> (2640, 127, 2640, t4=t3+(1, 4))	3	78
(1996, 170, 891, t1) & (2715, 37, 2515, t2=t1+(0, 2)) & (891, 11, 2715, t3=t2+(0, 3)) -> (2515, 37, 2715, t4=t3+(1, 3))	3	79
(3410, 47, 2756, t1) & (4906, 70, 3201, t2=t1+(0, 6)) & (4906, 89, 2756, t3=t2+(0, 7)) -> (3201, 70, 4906, t4=t3+(1, 5))	3	80
(3726, 128, 3301, t1) & (3576, 30, 1030, t2=t1+(0, 5)) & (3726, 123, 3576, t3=t2+(0, 1)) -> (3301, 123, 3726, t4=t3+(1, 4))	3	81
(2990, 183, 1381, t1) & (3281, 156, 2516, t2=t1+(0, 1)) & (2516, 168, 1381, t3=t2+(0, 3)) -> (2516, 183, 2516, t4=t3+(1, 7))	3	82
(3117, 132, 2894, t1) & (3185, 154, 4189, t2=t1+(0, 8)) & (2894, 110, 4189, t3=t2+(0, 3)) -> (3117, 110, 3185, t4=t3+(1, 1))	3	83
(4986, 179, 293, t1) & (1135, 40, 4739, t2=t1+(0, 5)) & (4739, 19, 293, t3=t2+(0, 7)) -> (4739, 179, 1135, t4=t3+(1, 5))	3	84
(3819, 7, 2187, t1) & (520, 71, 597, t2=t1+(0, 5)) & (2187, 82, 597, t3=t2+(0, 2)) -> (2187, 82, 597, t4=t3+(1, 3))	3	85
(5, 123, 2247, t1) & (132, 149, 3163, t2=t1+(0, 3)) & (3163, 6, 5, t3=t2+(0, 6)) -> (3163, 149, 5, t4=t3+(1, 3))	3	86
(217, 165, 996, t1) & (2984, 116, 2007, t2=t1+(0, 4)) & (996, 121, 2007, t3=t2+(0, 11)) -> (996, 165, 2007, t4=t3+(1, 1))	3	87
(846, 171, 4965, t1) & (826, 129, 1696, t2=t1+(0, 6)) & (4965, 98, 1696, t3=t2+(0, 4)) -> (4965, 129, 1696, t4=t3+(1, 6))	3	88
(57, 30, 1473, t1) & (1123, 169, 2923, t2=t1+(0, 3)) & (2923, 132, 1473, t3=t2+(0, 5)) -> (1123, 30, 57, t4=t3+(1, 3))	3	89
(2826, 115, 1848, t1) & (2636, 94, 3855, t2=t1+(0, 5)) & (2636, 111, 2826, t3=t2+(0, 6)) -> (1848, 115, 3855, t4=t3+(1, 2))	3	90
(3408, 110, 3346, t1) & (3662, 82, 436, t2=t1+(0, 3)) & (3662, 89, 3408, t3=t2+(0, 6)) -> (3408, 110, 3662, t4=t3+(1, 3))	3	91
(970, 160, 3904, t1) & (1585, 115, 3578, t2=t1+(0, 4)) & (970, 74, 3578, t3=t2+(0, 6)) -> (970, 115, 3904, t4=t3+(1, 11))	3	92
(589, 105, 301, t1) & (1369, 52, 1849, t2=t1+(0, 6)) & (589, 14, 1369, t3=t2+(0, 9)) -> (589, 52, 589, t4=t3+(1, 5))	3	93
(1620, 168, 1320, t1) & (105, 123, 702, t2=t1+(0, 4)) & (1620, 181, 105, t3=t2+(0, 4)) -> (105, 181, 1620, t4=t3+(1, 3))	3	94
(2315, 120, 13, t1) & (2641, 141, 4296, t2=t1+(0, 4)) & (13, 56, 4296, t3=t2+(0, 4)) -> (4296, 56, 13, t4=t3+(1, 4))	3	95
(1212, 34, 1517, t1) & (792, 38, 3486, t2=t1+(0, 7)) & (3486, 153, 1517, t3=t2+(0, 5)) -> (3486, 34, 1212, t4=t3+(1, 9))	3	96
(4715, 132, 3729, t1) & (1274, 110, 1264, t2=t1+(0, 2)) & (1274, 82, 3729, t3=t2+(0, 3)) -> (3729, 132, 4715, t4=t3+(1, 6))	3	97
(4763, 9, 1082, t1) & (1276, 34, 3475, t2=t1+(0, 3)) & (4763, 132, 3475, t3=t2+(0, 4)) -> (4763, 132, 1082, t4=t3+(1, 4))	3	98
(253, 48, 4375, t1) & (1075, 169, 3046, t2=t1+(0, 3)) & (4375, 47, 1075, t3=t2+(0, 6)) -> (4375, 48, 4375, t4=t3+(1, 2))	3	99
(1896, 23, 3725, t1) & (2798, 45, 4474, t2=t1+(0, 3)) & (1896, 30, 2798, t3=t2+(0, 4)) -> (1896, 45, 4474, t4=t3+(1, 1))	3	100
(4700, 74, 1302, t1) & (2028, 142, 2500, t2=t1+(0, 5)) & (2028, 187, 1302, t3=t2+(0, 7)) -> (4700, 187, 2500, t4=t3+(1, 4))	3	101
(2741, 33, 4823, t1) & (241, 67, 2526, t2=t1+(0, 2)) & (241, 179, 2741, t3=t2+(0, 6)) -> (2741, 67, 2526, t4=t3+(1, 5))	3	102
(3339, 153, 4155, t1) & (4458, 65, 4717, t2=t1+(0, 6)) & (4717, 117, 3339, t3=t2+(0, 2)) -> (4717, 153, 3339, t4=t3+(1, 8))	3	103
(3096, 146, 1104, t1) & (2569, 120, 4932, t2=t1+(0, 5)) & (4932, 15, 3096, t3=t2+(0, 4)) -> (1104, 146, 1104, t4=t3+(1, 5))	3	104
(3622, 177, 1510, t1) & (3015, 168, 3417, t2=t1+(0, 1)) & (1510, 53, 3015, t3=t2+(0, 3)) -> (3015, 53, 3622, t4=t3+(1, 3))	3	105
(3604, 188, 4507, t1) & (2184, 125, 1006, t2=t1+(0, 5)) & (2184, 152, 4507, t3=t2+(0, 8)) -> (4507, 188, 2184, t4=t3+(1, 6))	3	106
(2667, 120, 4470, t1) & (4244, 58, 4559, t2=t1+(0, 3)) & (4470, 38, 4244, t3=t2+(0, 5)) -> (2667, 120, 4470, t4=t3+(1, 1))	3	107
(3384, 14, 351, t1) & (794, 34, 245, t2=t1+(0, 8)) & (245, 70, 351, t3=t2+(0, 6)) -> (245, 70, 245, t4=t3+(1, 5))	3	108
(4697, 76, 4385, t1) & (393, 54, 3420, t2=t1+(0, 7)) & (4697, 149, 393, t3=t2+(0, 6)) -> (393, 149, 393, t4=t3+(1, 6))	3	109
(2097, 30, 3397, t1) & (3231, 60, 2360, t2=t1+(0, 5)) & (2360, 64, 2097, t3=t2+(0, 3)) -> (2097, 64, 2360, t4=t3+(1, 10))	3	110
(695, 78, 475, t1) & (3283, 80, 4137, t2=t1+(0, 2)) & (475, 96, 3283, t3=t2+(0, 5)) -> (3283, 78, 3283, t4=t3+(1, 4))	3	111
(1161, 171, 3560, t1) & (1470, 99, 3104, t2=t1+(0, 6)) & (1470, 58, 3560, t3=t2+(0, 4)) -> (3104, 171, 3560, t4=t3+(1, 4))	3	112
(1944, 141, 949, t1) & (3880, 44, 3566, t2=t1+(0, 4)) & (1944, 26, 3880, t3=t2+(0, 3)) -> (3566, 26, 1944, t4=t3+(1, 3))	3	113
(1361, 79, 2249, t1) & (1110, 192, 2107, t2=t1+(0, 1)) & (2107, 142, 1361, t3=t2+(0, 4)) -> (1361, 142, 2107, t4=t3+(1, 4))	3	114
(3801, 26, 3247, t1) & (186, 26, 3989, t2=t1+(0, 3)) & (3247, 57, 3989, t3=t2+(0, 3)) -> (3247, 26, 3247, t4=t3+(1, 8))	3	115
(3288, 33, 4174, t1) & (4336, 44, 3443, t2=t1+(0, 6)) & (3288, 66, 3443, t3=t2+(0, 3)) -> (4336, 33, 3288, t4=t3+(1, 7))	3	116
(4335, 102, 3763, t1) & (641, 94, 4813, t2=t1+(0, 6)) & (4813, 144, 3763, t3=t2+(0, 4)) -> (3763, 94, 3763, t4=t3+(1, 2))	3	117
(4072, 112, 55, t1) & (3288, 20, 3416, t2=t1+(0, 4)) & (4072, 81, 3288, t3=t2+(0, 4)) -> (3288, 112, 3416, t4=t3+(1, 2))	3	118
(3022, 116, 677, t1) & (2650, 12, 2667, t2=t1+(0, 9)) & (677, 29, 2667, t3=t2+(0, 4)) -> (2667, 116, 677, t4=t3+(1, 2))	3	119
(4843, 29, 3299, t1) & (4327, 29, 4615, t2=t1+(0, 2)) & (4327, 47, 4843, t3=t2+(0, 5)) -> (4843, 47, 4327, t4=t3+(1, 7))	3	120
(492, 97, 2037, t1) & (4899, 113, 361, t2=t1+(0, 3)) & (4899, 194, 2037, t3=t2+(0, 1)) -> (2037, 113, 4899, t4=t3+(1, 2))	3	121
(1574, 147, 2212, t1) & (208, 184, 1602, t2=t1+(0, 7)) & (1574, 144, 208, t3=t2+(0, 6)) -> (1574, 184, 1574, t4=t3+(1, 6))	3	122
(871, 88, 246, t1) & (365, 139, 4255, t2=t1+(0, 5)) & (246, 120, 365, t3=t2+(0, 3)) -> (246, 88, 246, t4=t3+(1, 2))	3	123
(2621, 119, 2688, t1) & (2945, 109, 1690, t2=t1+(0, 8)) & (2621, 196, 1690, t3=t2+(0, 6)) -> (2621, 109, 1690, t4=t3+(1, 5))	3	124
(4548, 35, 1276, t1) & (933, 194, 2599, t2=t1+(0, 4)) & (2599, 53, 1276, t3=t2+(0, 7)) -> (1276, 35, 4548, t4=t3+(1, 7))	3	125
(1110, 151, 328, t1) & (2927, 7, 23, t2=t1+(0, 6)) & (23, 145, 328, t3=t2+(0, 4)) -> (328, 7, 2927, t4=t3+(1, 5))	3	126
(2927, 69, 1784, t1) & (4449, 174, 1211, t2=t1+(0, 5)) & (1784, 11, 1211, t3=t2+(0, 2)) -> (1211, 174, 1784, t4=t3+(1, 4))	3	127
(1918, 181, 2116, t1) & (2136, 9, 1422, t2=t1+(0, 2)) & (2116, 168, 1422, t3=t2+(0, 4)) -> (1422, 168, 2116, t4=t3+(1, 3))	3	128
(4259, 83, 3115, t1) & (1860, 22, 2493, t2=t1+(0, 10)) & (1860, 71, 3115, t3=t2+(0, 4)) -> (1860, 71, 1860, t4=t3+(1, 5))	3	129
(3045, 67, 4622, t1) & (2447, 88, 2282, t2=t1+(0, 5)) & (2282, 81, 3045, t3=t2+(0, 5)) -> (4622, 81, 2282, t4=t3+(1, 1))	3	130
(855, 193, 2, t1) & (2073, 61, 2056, t2=t1+(0, 2)) & (2, 179, 2073, t3=t2+(0, 1)) -> (2, 61, 855, t4=t3+(1, 3))	3	131
(2036, 180, 2592, t1) & (1274, 120, 2717, t2=t1+(0, 5)) & (1274, 117, 2592, t3=t2+(0, 3)) -> (2717, 120, 1274, t4=t3+(1, 7))	3	132
(316, 152, 2990, t1) & (3235, 56, 4080, t2=t1+(0, 7)) & (3235, 17, 316, t3=t2+(0, 5)) -> (3235, 152, 3235, t4=t3+(1, 8))	3	133
(933, 168, 1550, t1) & (4037, 4, 541, t2=t1+(0, 2)) & (933, 92, 541, t3=t2+(0, 8)) -> (933, 92, 1550, t4=t3+(1, 9))	3	134
(4447, 24, 197, t1) & (1444, 116, 2050, t2=t1+(0, 4)) & (4447, 117, 2050, t3=t2+(0, 4)) -> (1444, 116, 4447, t4=t3+(1, 2))	3	135
(2997, 36, 3379, t1) & (1529, 173, 4124, t2=t1+(0, 8)) & (2997, 175, 4124, t3=t2+(0, 4)) -> (2997, 173, 3379, t4=t3+(1, 5))	3	136
(2873, 97, 2743, t1) & (4366, 186, 2962, t2=t1+(0, 7)) & (2962, 67, 2873, t3=t2+(0, 4)) -> (2873, 186, 2743, t4=t3+(1, 7))	3	137
(4370, 179, 4289, t1) & (691, 25, 4958, t2=t1+(0, 5)) & (691, 26, 4289, t3=t2+(0, 3)) -> (4370, 179, 691, t4=t3+(1, 8))	3	138
(4909, 122, 4009, t1) & (3418, 133, 1084, t2=t1+(0, 5)) & (1084, 35, 4009, t3=t2+(0, 3)) -> (4009, 35, 1084, t4=t3+(1, 6))	3	139
(3224, 32, 3960, t1) & (208, 21, 4465, t2=t1+(0, 6)) & (208, 157, 3960, t3=t2+(0, 3)) -> (3960, 32, 208, t4=t3+(1, 3))	3	140
(2485, 37, 723, t1) & (1054, 127, 2268, t2=t1+(0, 4)) & (2485, 62, 1054, t3=t2+(0, 3)) -> (2268, 62, 1054, t4=t3+(1, 2))	3	141
(220, 156, 2493, t1) & (861, 39, 4645, t2=t1+(0, 6)) & (861, 162, 220, t3=t2+(0, 7)) -> (220, 162, 4645, t4=t3+(1, 8))	3	142
(4903, 31, 4917, t1) & (3305, 75, 2181, t2=t1+(0, 5)) & (4917, 87, 2181, t3=t2+(0, 5)) -> (4917, 87, 4903, t4=t3+(1, 3))	3	143
(3519, 48, 1271, t1) & (4573, 25, 2505, t2=t1+(0, 4)) & (3519, 85, 2505, t3=t2+(0, 7)) -> (4573, 85, 4573, t4=t3+(1, 7))	3	144
(419, 142, 1794, t1) & (2064, 164, 3071, t2=t1+(0, 4)) & (1794, 1, 2064, t3=t2+(0, 3)) -> (3071, 1, 1794, t4=t3+(1, 2))	3	145
(1258, 191, 486, t1) & (3183, 124, 4149, t2=t1+(0, 2)) & (4149, 68, 1258, t3=t2+(0, 7)) -> (486, 124, 3183, t4=t3+(1, 5))	3	146
(4274, 43, 1527, t1) & (1635, 130, 4620, t2=t1+(0, 5)) & (1527, 153, 1635, t3=t2+(0, 2)) -> (1527, 43, 1527, t4=t3+(1, 6))	3	147
(3214, 36, 918, t1) & (3178, 49, 4503, t2=t1+(0, 6)) & (3178, 134, 3214, t3=t2+(0, 7)) -> (918, 49, 3214, t4=t3+(1, 3))	3	148
(4611, 91, 1335, t1) & (698, 8, 589, t2=t1+(0, 4)) & (698, 127, 4611, t3=t2+(0, 4)) -> (4611, 127, 1335, t4=t3+(1, 8))	3	149
(2680, 77, 1622, t1) & (3297, 10, 2858, t2=t1+(0, 4)) & (2858, 26, 1622, t3=t2+(0, 3)) -> (1622, 10, 3297, t4=t3+(1, 5))	3	150
(4482, 8, 4665, t1) & (1208, 140, 2039, t2=t1+(0, 7)) & (4482, 89, 1208, t3=t2+(0, 8)) -> (2039, 89, 4665, t4=t3+(1, 5))	3	151
(978, 113, 3876, t1) & (2590, 21, 1987, t2=t1+(0, 6)) & (1987, 104, 3876, t3=t2+(0, 2)) -> (978, 113, 3876, t4=t3+(1, 7))	3	152
(3542, 194, 3756, t1) & (903, 7, 4334, t2=t1+(0, 4)) & (903, 176, 3542, t3=t2+(0, 7)) -> (4334, 7, 3542, t4=t3+(1, 6))	3	153
(610, 138, 4191, t1) & (2444, 74, 4150, t2=t1+(0, 5)) & (4191, 199, 4150, t3=t2+(0, 4)) -> (4191, 74, 610, t4=t3+(1, 5))	3	154
(4845, 110, 268, t1) & (4417, 89, 1360, t2=t1+(0, 8)) & (1360, 84, 268, t3=t2+(0, 4)) -> (268, 110, 268, t4=t3+(1, 3))	3	155
(1842, 188, 4202, t1) & (994, 158, 1647, t2=t1+(0, 4)) & (1647, 128, 1842, t3=t2+(0, 4)) -> (1842, 128, 1647, t4=t3+(1, 4))	3	156
(623, 193, 942, t1) & (3052, 184, 540, t2=t1+(0, 8)) & (540, 103, 942, t3=t2+(0, 4)) -> (942, 184, 540, t4=t3+(1, 3))	3	157
(1299, 89, 2501, t1) & (4987, 110, 2819, t2=t1+(0, 7)) & (2501, 146, 4987, t3=t2+(0, 2)) -> (4987, 89, 2501, t4=t3+(1, 9))	3	158
(3772, 102, 2254, t1) & (2577, 3, 4835, t2=t1+(0, 6)) & (3772, 47, 2577, t3=t2+(0, 4)) -> (3772, 102, 3772, t4=t3+(1, 2))	3	159
(2800, 142, 3694, t1) & (3802, 98, 3616, t2=t1+(0, 7)) & (3616, 191, 3694, t3=t2+(0, 7)) -> (3694, 142, 3802, t4=t3+(1, 3))	3	160
(4127, 136, 1079, t1) & (3120, 30, 1499, t2=t1+(0, 4)) & (3120, 0, 1079, t3=t2+(0, 3)) -> (4127, 136, 4127, t4=t3+(1, 3))	3	161
(1072, 156, 3002, t1) & (1118, 40, 2869, t2=t1+(0, 5)) & (3002, 181, 2869, t3=t2+(0, 5)) -> (3002, 181, 1072, t4=t3+(1, 5))	3	162
(3192, 122, 3004, t1) & (161, 180, 72, t2=t1+(0, 1)) & (3192, 182, 161, t3=t2+(0, 2)) -> (3192, 182, 161, t4=t3+(1, 1))	3	163
(4545, 22, 2867, t1) & (2043, 194, 3329, t2=t1+(0, 4)) & (4545, 102, 3329, t3=t2+(0, 5)) -> (2867, 22, 4545, t4=t3+(1, 3))	3	164
(4441, 87, 4888, t1) & (1392, 39, 4225, t2=t1+(0, 6)) & (4888, 81, 4225, t3=t2+(0, 5)) -> (1392, 81, 4441, t4=t3+(1, 6))	3	165
(1904, 100, 3418, t1) & (641, 17, 1411, t2=t1+(0, 1)) & (3418, 23, 1411, t3=t2+(0, 4)) -> (1904, 17, 641, t4=t3+(1, 3))	3	166
(4123, 129, 994, t1) & (255, 40, 3255, t2=t1+(0, 3)) & (3255, 128, 994, t3=t2+(0, 4)) -> (3255, 129, 4123, t4=t3+(1, 6))	3	167
(241, 32, 4346, t1) & (2499, 96, 579, t2=t1+(0, 8)) & (4346, 197, 579, t3=t2+(0, 6)) -> (2499, 32, 241, t4=t3+(1, 10))	3	168
(3895, 79, 2562, t1) & (382, 36, 4131, t2=t1+(0, 3)) & (2562, 160, 4131, t3=t2+(0, 1)) -> (4131, 79, 4131, t4=t3+(1, 5))	3	169
(2539, 155, 4532, t1) & (515, 0, 3765, t2=t1+(0, 5)) & (2539, 151, 515, t3=t2+(0, 7)) -> (515, 151, 515, t4=t3+(1, 6))	3	170
(3774, 82, 696, t1) & (2148, 16, 243, t2=t1+(0, 3)) & (696, 2, 243, t3=t2+(0, 7)) -> (696, 2, 243, t4=t3+(1, 4))	3	171
(3638, 13, 2530, t1) & (3460, 178, 3234, t2=t1+(0, 4)) & (3638, 121, 3234, t3=t2+(0, 2)) -> (3638, 178, 3234, t4=t3+(1, 7))	3	172
(4809, 18, 2267, t1) & (665, 143, 175, t2=t1+(0, 5)) & (4809, 67, 175, t3=t2+(0, 3)) -> (2267, 67, 2267, t4=t3+(1, 5))	3	173
(3929, 114, 310, t1) & (2687, 180, 522, t2=t1+(0, 6)) & (522, 139, 310, t3=t2+(0, 5)) -> (522, 114, 3929, t4=t3+(1, 4))	3	174
(1177, 145, 1113, t1) & (1525, 49, 2137, t2=t1+(0, 4)) & (1113, 19, 2137, t3=t2+(0, 4)) -> (1177, 49, 1113, t4=t3+(1, 1))	3	175
(4643, 61, 975, t1) & (757, 164, 550, t2=t1+(0, 5)) & (975, 126, 550, t3=t2+(0, 6)) -> (4643, 126, 975, t4=t3+(1, 3))	3	176
(1469, 92, 2791, t1) & (2929, 158, 718, t2=t1+(0, 5)) & (1469, 150, 718, t3=t2+(0, 5)) -> (2791, 92, 718, t4=t3+(1, 2))	3	177
(4792, 193, 1290, t1) & (3838, 78, 2396, t2=t1+(0, 1)) & (3838, 114, 1290, t3=t2+(0, 2)) -> (2396, 78, 3838, t4=t3+(1, 9))	3	178
(3425, 61, 4970, t1) & (2785, 186, 3632, t2=t1+(0, 5)) & (3425, 34, 2785, t3=t2+(0, 2)) -> (3425, 186, 2785, t4=t3+(1, 6))	3	179
(3172, 192, 1094, t1) & (1677, 154, 3308, t2=t1+(0, 3)) & (3172, 59, 3308, t3=t2+(0, 5)) -> (3172, 59, 3308, t4=t3+(1, 3))	3	180
(1048, 96, 3832, t1) & (300, 39, 3664, t2=t1+(0, 6)) & (3832, 78, 3664, t3=t2+(0, 5)) -> (3832, 96, 300, t4=t3+(1, 3))	3	181
(3565, 167, 2053, t1) & (1961, 152, 2832, t2=t1+(0, 4)) & (1961, 127, 2053, t3=t2+(0, 4)) -> (3565, 152, 1961, t4=t3+(1, 7))	3	182
(2639, 101, 4139, t1) & (3435, 123, 3691, t2=t1+(0, 7)) & (3435, 183, 2639, t3=t2+(0, 2)) -> (3435, 123, 2639, t4=t3+(1, 4))	3	183
(1249, 28, 249, t1) & (4031, 142, 3958, t2=t1+(0, 5)) & (249, 148, 4031, t3=t2+(0, 8)) -> (4031, 148, 3958, t4=t3+(1, 3))	3	184
(537, 181, 925, t1) & (3798, 159, 2997, t2=t1+(0, 4)) & (3798, 62, 537, t3=t2+(0, 3)) -> (3798, 181, 3798, t4=t3+(1, 5))	3	185
(3488, 54, 3673, t1) & (3868, 113, 4286, t2=t1+(0, 3)) & (3488, 147, 4286, t3=t2+(0, 3)) -> (3868, 147, 4286, t4=t3+(1, 10))	3	186
(461, 165, 535, t1) & (3351, 183, 1597, t2=t1+(0, 5)) & (461, 95, 3351, t3=t2+(0, 3)) -> (461, 95, 3351, t4=t3+(1, 7))	3	187
(113, 73, 1830, t1) & (1022, 69, 1061, t2=t1+(0, 5)) & (113, 180, 1061, t3=t2+(0, 4)) -> (1022, 180, 1061, t4=t3+(1, 6))	3	188
(1427, 195, 125, t1) & (4181, 90, 3483, t2=t1+(0, 5)) & (4181, 148, 125, t3=t2+(0, 8)) -> (125, 148, 125, t4=t3+(1, 1))	3	189
(4938, 66, 3979, t1) & (4469, 89, 898, t2=t1+(0, 4)) & (898, 151, 4938, t3=t2+(0, 3)) -> (4938, 89, 4938, t4=t3+(1, 4))	3	190
(1727, 49, 4333, t1) & (2182, 190, 4674, t2=t1+(0, 5)) & (4333, 90, 4674, t3=t2+(0, 3)) -> (4333, 90, 2182, t4=t3+(1, 5))	3	191
(2685, 84, 2950, t1) & (2504, 35, 3314, t2=t1+(0, 3)) & (3314, 66, 2685, t3=t2+(0, 2)) -> (3314, 66, 2950, t4=t3+(1, 5))	3	192
(2541, 58, 500, t1) & (106, 38, 3878, t2=t1+(0, 3)) & (106, 4, 500, t3=t2+(0, 7)) -> (3878, 38, 2541, t4=t3+(1, 3))	3	193
(343, 184, 3431, t1) & (2655, 107, 4059, t2=t1+(0, 7)) & (3431, 185, 2655, t3=t2+(0, 6)) -> (2655, 185, 4059, t4=t3+(1, 2))	3	194
(329, 39, 1312, t1) & (3556, 130, 131, t2=t1+(0, 5)) & (131, 108, 1312, t3=t2+(0, 5)) -> (1312, 108, 1312, t4=t3+(1, 6))	3	195
(3950, 45, 2795, t1) & (4147, 72, 3146, t2=t1+(0, 4)) & (3950, 49, 3146, t3=t2+(0, 6)) -> (3146, 72, 4147, t4=t3+(1, 10))	3	196
(3407, 9, 3704, t1) & (582, 31, 1154, t2=t1+(0, 2)) & (582, 133, 3704, t3=t2+(0, 6)) -> (3704, 9, 582, t4=t3+(1, 4))	3	197
(3428, 129, 3515, t1) & (4229, 107, 1937, t2=t1+(0, 1)) & (3428, 188, 4229, t3=t2+(0, 3)) -> (1937, 188, 1937, t4=t3+(1, 4))	3	198
(739, 134, 408, t1) & (4857, 1, 2252, t2=t1+(0, 4)) & (408, 125, 4857, t3=t2+(0, 5)) -> (4857, 1, 739, t4=t3+(1, 5))	3	199
(4078, 23, 3893, t1) & (4078, 156, 147, t2=t1+(0, 9)) -> (4078, 23, 147, t3=t2+(1, 4))	2	200
(224, 50, 1436, t1) & (224, 79, 1340, t2=t1+(0, 7)) -> (1436, 79, 224, t3=t2+(1, 6))	2	201
(4925, 123, 1248, t1) & (1713, 154, 1248, t2=t1+(0, 4)) -> (1713, 123, 1713, t3=t2+(1, 4))	2	202
(3591, 60, 4173, t1) & (4173, 150, 2078, t2=t1+(0, 5)) -> (3591, 150, 4173, t3=t2+(1, 9))	2	203
(1638, 61, 4510, t1) & (1638, 103, 1638, t2=t1+(0, 5)) -> (1638, 103, 1638, t3=t2+(1, 2))	2	204
(2858, 118, 422, t1) & (1546, 90, 422, t2=t1+(0, 7)) -> (422, 118, 2858, t3=t2+(1, 1))	2	205
(1895, 70, 2287, t1) & (2287, 2, 3286, t2=t1+(0, 4)) -> (1895, 2, 3286, t3=t2+(1, 5))	2	206
(1287, 2, 2819, t1) & (1287, 78, 1287, t2=t1+(0, 3)) -> (2819, 78, 1287, t3=t2+(1, 8))	2	207
(3706, 188, 273, t1) & (1199, 72, 3706, t2=t1+(0, 4)) -> (3706, 188, 1199, t3=t2+(1, 4))	2	208
(2613, 189, 4058, t1) & (276, 183, 4058, t2=t1+(0, 5)) -> (4058, 183, 4058, t3=t2+(1, 5))	2	209
(157, 53, 3794, t1) & (3794, 93, 1734, t2=t1+(0, 2)) -> (3794, 93, 157, t3=t2+(1, 9))	2	210
(4013, 158, 4819, t1) & (4819, 118, 3926, t2=t1+(0, 6)) -> (4819, 158, 4819, t3=t2+(1, 8))	2	211
(2782, 25, 3524, t1) & (3524, 58, 1639, t2=t1+(0, 4)) -> (3524, 58, 1639, t3=t2+(1, 7))	2	212
(4086, 21, 927, t1) & (3117, 91, 4086, t2=t1+(0, 4)) -> (3117, 21, 4086, t3=t2+(1, 2))	2	213
(2618, 194, 2001, t1) & (2266, 156, 2618, t2=t1+(0, 1)) -> (2266, 156, 2001, t3=t2+(1, 4))	2	214
(1730, 95, 2692, t1) & (2429, 62, 1730, t2=t1+(0, 3)) -> (1730, 62, 1730, t3=t2+(1, 2))	2	215
(4926, 143, 1483, t1) & (1483, 86, 1483, t2=t1+(0, 10)) -> (1483, 143, 4926, t3=t2+(1, 4))	2	216
(1979, 149, 1316, t1) & (1979, 62, 1316, t2=t1+(0, 3)) -> (1979, 149, 1316, t3=t2+(1, 8))	2	217
(2299, 9, 3100, t1) & (2299, 188, 4756, t2=t1+(0, 8)) -> (2299, 188, 4756, t3=t2+(1, 2))	2	218
(458, 126, 43, t1) & (494, 76, 458, t2=t1+(0, 4)) -> (43, 76, 494, t3=t2+(1, 5))	2	219
(3739, 130, 4304, t1) & (4304, 137, 2833, t2=t1+(0, 6)) -> (3739, 137, 4304, t3=t2+(1, 3))	2	220
(836, 73, 4124, t1) & (2041, 92, 836, t2=t1+(0, 8)) -> (4124, 92, 836, t3=t2+(1, 2))	2	221
(3816, 119, 3253, t1) & (3816, 181, 4388, t2=t1+(0, 5)) -> (3253, 119, 3816, t3=t2+(1, 7))	2	222
(46, 51, 3613, t1) & (1476, 11, 3613, t2=t1+(0, 2)) -> (3613, 51, 1476, t3=t2+(1, 6))	2	223
(1867, 59, 4788, t1) & (923, 44, 1867, t2=t1+(0, 3)) -> (923, 44, 4788, t3=t2+(1, 3))	2	224
(3151, 125, 4527, t1) & (4527, 175, 4398, t2=t1+(0, 5)) -> (4527, 175, 4527, t3=t2+(1, 4))	2	225
(3358, 98, 942, t1) & (942, 65, 3358, t2=t1+(0, 5)) -> (3358, 98, 942, t3=t2+(1, 12))	2	226
(3690, 55, 2524, t1) & (3690, 43, 1556, t2=t1+(0, 4)) -> (3690, 43, 3690, t3=t2+(1, 11))	2	227
(3365, 55, 2072, t1) & (590, 27, 2072, t2=t1+(0, 3)) -> (590, 27, 2072, t3=t2+(1, 5))	2	228
(194, 173, 1846, t1) & (2094, 25, 194, t2=t1+(0, 6)) -> (1846, 173, 194, t3=t2+(1, 7))	2	229
(1662, 162, 774, t1) & (4982, 52, 1662, t2=t1+(0, 4)) -> (1662, 162, 4982, t3=t2+(1, 6))	2	230
(2800, 145, 1753, t1) & (1753, 20, 1753, t2=t1+(0, 5)) -> (2800, 20, 2800, t3=t2+(1, 6))	2	231
(1201, 7, 197, t1) & (1201, 12, 1998, t2=t1+(0, 7)) -> (1201, 12, 1201, t3=t2+(1, 4))	2	232
(3309, 177, 902, t1) & (4549, 123, 902, t2=t1+(0, 6)) -> (3309, 177, 3309, t3=t2+(1, 5))	2	233
(393, 41, 4183, t1) & (1825, 111, 393, t2=t1+(0, 3)) -> (4183, 111, 1825, t3=t2+(1, 6))	2	234
(4791, 156, 368, t1) & (3422, 101, 368, t2=t1+(0, 1)) -> (3422, 101, 368, t3=t2+(1, 5))	2	235
(177, 132, 3031, t1) & (177, 108, 2225, t2=t1+(0, 8)) -> (3031, 132, 177, t3=t2+(1, 7))	2	236
(2953, 183, 2159, t1) & (2953, 110, 2649, t2=t1+(0, 6)) -> (2159, 183, 2649, t3=t2+(1, 6))	2	237
(1957, 12, 3738, t1) & (3738, 2, 2911, t2=t1+(0, 6)) -> (2911, 12, 3738, t3=t2+(1, 9))	2	238
(277, 43, 340, t1) & (621, 152, 277, t2=t1+(0, 10)) -> (277, 43, 340, t3=t2+(1, 5))	2	239
(2462, 95, 620, t1) & (620, 160, 620, t2=t1+(0, 3)) -> (620, 95, 620, t3=t2+(1, 9))	2	240
(4158, 103, 4626, t1) & (880, 97, 4626, t2=t1+(0, 6)) -> (4158, 97, 4158, t3=t2+(1, 3))	2	241
(3754, 11, 4800, t1) & (681, 41, 4800, t2=t1+(0, 6)) -> (4800, 11, 681, t3=t2+(1, 4))	2	242
(2776, 47, 89, t1) & (2637, 134, 89, t2=t1+(0, 6)) -> (2776, 134, 89, t3=t2+(1, 7))	2	243
(4522, 91, 574, t1) & (574, 125, 4522, t2=t1+(0, 5)) -> (574, 125, 4522, t3=t2+(1, 7))	2	244
(4734, 87, 1115, t1) & (4734, 195, 3711, t2=t1+(0, 6)) -> (1115, 87, 4734, t3=t2+(1, 5))	2	245
(3702, 191, 935, t1) & (249, 33, 3702, t2=t1+(0, 3)) -> (3702, 33, 3702, t3=t2+(1, 6))	2	246
(4515, 87, 318, t1) & (1991, 81, 318, t2=t1+(0, 4)) -> (4515, 81, 318, t3=t2+(1, 3))	2	247
(3854, 120, 4643, t1) & (2187, 19, 3854, t2=t1+(0, 5)) -> (4643, 120, 3854, t3=t2+(1, 7))	2	248
(4196, 137, 155, t1) & (155, 159, 2408, t2=t1+(0, 4)) -> (155, 137, 155, t3=t2+(1, 3))	2	249
(1564, 135, 33, t1) & (1564, 115, 1138, t2=t1+(0, 8)) -> (33, 115, 1138, t3=t2+(1, 7))	2	250
(1451, 156, 3519, t1) & (3519, 28, 1060, t2=t1+(0, 5)) -> (3519, 156, 1060, t3=t2+(1, 5))	2	251
(1946, 56, 1326, t1) & (1326, 5, 4635, t2=t1+(0, 3)) -> (4635, 5, 1946, t3=t2+(1, 10))	2	252
(2717, 18, 233, t1) & (3283, 72, 233, t2=t1+(0, 8)) -> (233, 72, 3283, t3=t2+(1, 11))	2	253
(4192, 126, 3137, t1) & (4192, 138, 4192, t2=t1+(0, 2)) -> (4192, 126, 4192, t3=t2+(1, 4))	2	254
(1218, 62, 2684, t1) & (1218, 138, 3067, t2=t1+(0, 4)) -> (1218, 62, 1218, t3=t2+(1, 5))	2	255
(1181, 43, 988, t1) & (1181, 156, 988, t2=t1+(0, 6)) -> (988, 43, 1181, t3=t2+(1, 4))	2	256
(2031, 43, 4456, t1) & (3013, 195, 4456, t2=t1+(0, 2)) -> (3013, 43, 2031, t3=t2+(1, 2))	2	257
(2692, 141, 2881, t1) & (2881, 78, 1622, t2=t1+(0, 4)) -> (1622, 78, 2881, t3=t2+(1, 8))	2	258
(1651, 114, 984, t1) & (1651, 120, 235, t2=t1+(0, 4)) -> (235, 120, 1651, t3=t2+(1, 5))	2	259
(1681, 168, 2505, t1) & (1681, 28, 4232, t2=t1+(0, 3)) -> (1681, 168, 1681, t3=t2+(1, 7))	2	260
(1667, 185, 2348, t1) & (3201, 17, 1667, t2=t1+(0, 7)) -> (3201, 185, 2348, t3=t2+(1, 3))	2	261
(3798, 64, 2616, t1) & (3798, 165, 3199, t2=t1+(0, 1)) -> (3798, 64, 3199, t3=t2+(1, 5))	2	262
(3906, 178, 2874, t1) & (2874, 51, 4180, t2=t1+(0, 7)) -> (2874, 178, 3906, t3=t2+(1, 7))	2	263
(4871, 174, 4465, t1) & (4465, 103, 2818, t2=t1+(0, 5)) -> (4871, 103, 4465, t3=t2+(1, 10))	2	264
(3200, 62, 963, t1) & (3200, 161, 963, t2=t1+(0, 7)) -> (3200, 62, 3200, t3=t2+(1, 2))	2	265
(206, 80, 1547, t1) & (206, 196, 816, t2=t1+(0, 4)) -> (816, 196, 206, t3=t2+(1, 8))	2	266
(4862, 155, 595, t1) & (1207, 48, 595, t2=t1+(0, 8)) -> (595, 48, 1207, t3=t2+(1, 7))	2	267
(1900, 169, 2892, t1) & (2892, 36, 2892, t2=t1+(0, 6)) -> (2892, 169, 2892, t3=t2+(1, 6))	2	268
(4668, 190, 4064, t1) & (4668, 28, 4668, t2=t1+(0, 4)) -> (4668, 190, 4064, t3=t2+(1, 4))	2	269
(2197, 50, 3584, t1) & (2197, 154, 3584, t2=t1+(0, 7)) -> (2197, 50, 3584, t3=t2+(1, 8))	2	270
(2471, 67, 4985, t1) & (2471, 60, 4985, t2=t1+(0, 6)) -> (4985, 67, 2471, t3=t2+(1, 6))	2	271
(4902, 61, 3897, t1) & (4429, 162, 3897, t2=t1+(0, 7)) -> (4429, 61, 4429, t3=t2+(1, 7))	2	272
(3142, 89, 3923, t1) & (1004, 188, 3142, t2=t1+(0, 3)) -> (3142, 89, 3142, t3=t2+(1, 6))	2	273
(188, 131, 2936, t1) & (3650, 132, 2936, t2=t1+(0, 1)) -> (3650, 132, 188, t3=t2+(1, 5))	2	274
(2440, 120, 2716, t1) & (2440, 66, 2440, t2=t1+(0, 2)) -> (2440, 66, 2440, t3=t2+(1, 1))	2	275
(510, 102, 4286, t1) & (510, 137, 510, t2=t1+(0, 4)) -> (510, 102, 510, t3=t2+(1, 8))	2	276
(4344, 191, 815, t1) & (4344, 90, 815, t2=t1+(0, 5)) -> (815, 90, 4344, t3=t2+(1, 7))	2	277
(482, 35, 317, t1) & (4767, 120, 482, t2=t1+(0, 0)) -> (482, 35, 317, t3=t2+(1, 3))	2	278
(4173, 112, 1974, t1) & (1974, 52, 1099, t2=t1+(0, 5)) -> (1974, 52, 4173, t3=t2+(1, 11))	2	279
(3994, 65, 2553, t1) & (3994, 123, 2002, t2=t1+(0, 6)) -> (2553, 123, 3994, t3=t2+(1, 6))	2	280
(3279, 133, 2742, t1) & (2599, 122, 2742, t2=t1+(0, 6)) -> (2742, 133, 3279, t3=t2+(1, 10))	2	281
(380, 170, 3717, t1) & (380, 167, 1204, t2=t1+(0, 8)) -> (380, 170, 380, t3=t2+(1, 6))	2	282
(1602, 107, 658, t1) & (242, 100, 1602, t2=t1+(0, 6)) -> (242, 107, 1602, t3=t2+(1, 5))	2	283
(376, 80, 4613, t1) & (4613, 116, 3434, t2=t1+(0, 3)) -> (4613, 80, 376, t3=t2+(1, 4))	2	284
(2439, 44, 4395, t1) & (2668, 135, 2439, t2=t1+(0, 3)) -> (2439, 135, 2439, t3=t2+(1, 11))	2	285
(51, 112, 2376, t1) & (2376, 152, 370, t2=t1+(0, 7)) -> (2376, 152, 370, t3=t2+(1, 5))	2	286
(3905, 90, 2847, t1) & (3905, 60, 4334, t2=t1+(0, 3)) -> (2847, 60, 2847, t3=t2+(1, 4))	2	287
(407, 141, 3540, t1) & (3540, 186, 4247, t2=t1+(0, 5)) -> (4247, 141, 407, t3=t2+(1, 2))	2	288
(3967, 73, 1635, t1) & (2601, 163, 1635, t2=t1+(0, 5)) -> (1635, 73, 1635, t3=t2+(1, 8))	2	289
(2304, 12, 4522, t1) & (4522, 124, 4522, t2=t1+(0, 3)) -> (4522, 12, 4522, t3=t2+(1, 4))	2	290
(912, 74, 2080, t1) & (2356, 13, 2080, t2=t1+(0, 6)) -> (2080, 13, 2356, t3=t2+(1, 2))	2	291
(4625, 98, 1114, t1) & (596, 168, 1114, t2=t1+(0, 4)) -> (4625, 98, 4625, t3=t2+(1, 8))	2	292
(4123, 66, 4261, t1) & (2308, 152, 4123, t2=t1+(0, 8)) -> (2308, 152, 4123, t3=t2+(1, 3))	2	293
(1609, 106, 1642, t1) & (1609, 193, 4525, t2=t1+(0, 9)) -> (1642, 106, 4525, t3=t2+(1, 7))	2	294
(300, 79, 1545, t1) & (1545, 118, 4724, t2=t1+(0, 4)) -> (1545, 118, 1545, t3=t2+(1, 2))	2	295
(3299, 90, 7, t1) & (2961, 51, 7, t2=t1+(0, 5)) -> (2961, 90, 2961, t3=t2+(1, 9))	2	296
(2934, 39, 4304, t1) & (4628, 21, 2934, t2=t1+(0, 3)) -> (4628, 21, 2934, t3=t2+(1, 6))	2	297
(2720, 29, 3420, t1) & (108, 164, 2720, t2=t1+(0, 4)) -> (2720, 29, 3420, t3=t2+(1, 6))	2	298
(2945, 148, 1571, t1) & (1287, 13, 2945, t2=t1+(0, 3)) -> (1287, 148, 2945, t3=t2+(1, 8))	2	299
(2107, 199, 4958, t1) -> (2107, 199, 4958, t2=t1+(1, 4))	1	300
(3487, 78, 4809, t1) -> (4809, 78, 3487, t2=t1+(1, 4))	1	301
(3637, 104, 1098, t1) -> (1098, 104, 1098, t2=t1+(1, 10))	1	302
(746, 16, 496, t1) -> (496, 16, 746, t2=t1+(1, 7))	1	303
(556, 112, 4138, t1) -> (4138, 112, 4138, t2=t1+(1, 4))	1	304
(1806, 42, 4598, t1) -> (1806, 42, 1806, t2=t1+(1, 8))	1	305
(168, 0, 3285, t1) -> (168, 0, 3285, t2=t1+(1, 5))	1	306
(538, 178, 4783, t1) -> (538, 178, 4783, t2=t1+(1, 6))	1	307
(4992, 15, 607, t1) -> (4992, 15, 607, t2=t1+(1, 7))	1	308
(312, 12, 3204, t1) -> (312, 12, 3204, t2=t1+(1, 2))	1	309
(3117, 97, 3584, t1) -> (3584, 97, 3584, t2=t1+(1, 6))	1	310
(321, 91, 1753, t1) -> (1753, 91, 321, t2=t1+(1, 5))	1	311
(2819, 83, 4621, t1) -> (4621, 83, 4621, t2=t1+(1, 6))	1	312
(852, 40, 2040, t1) -> (852, 40, 852, t2=t1+(1, 5))	1	313
(279, 2, 4555, t1) -> (279, 2, 279, t2=t1+(1, 5))	1	314
(2691, 110, 1380, t1) -> (1380, 110, 2691, t2=t1+(1, 3))	1	315
(1514, 24, 3952, t1) -> (3952, 24, 3952, t2=t1+(1, 5))	1	316
(4167, 188, 3767, t1) -> (3767, 188, 4167, t2=t1+(1, 5))	1	317
(1586, 147, 2171, t1) -> (2171, 147, 1586, t2=t1+(1, 6))	1	318
(4915, 14, 3708, t1) -> (4915, 14, 3708, t2=t1+(1, 8))	1	319
(2670, 153, 3189, t1) -> (3189, 153, 3189, t2=t1+(1, 3))	1	320
(478, 10, 3786, t1) -> (478, 10, 3786, t2=t1+(1, 9))	1	321
(4497, 78, 265, t1) -> (265, 78, 4497, t2=t1+(1, 8))	1	322
(3166, 51, 3000, t1) -> (3166, 51, 3000, t2=t1+(1, 5))	1	323
(953, 144, 349, t1) -> (349, 144, 349, t2=t1+(1, 4))	1	324
(1844, 18, 1248, t1) -> (1248, 18, 1844, t2=t1+(1, 2))	1	325
(4116, 199, 982, t1) -> (982, 199, 982, t2=t1+(1, 4))	1	326
(3103, 115, 2816, t1) -> (2816, 115, 3103, t2=t1+(1, 6))	1	327
(4317, 157, 343, t1) -> (4317, 157, 4317, t2=t1+(1, 5))	1	328
(1796, 126, 4870, t1) -> (4870, 126, 1796, t2=t1+(1, 5))	1	329
(1377, 121, 1590, t1) -> (1377, 121, 1590, t2=t1+(1, 1))	1	330
(1810, 6, 811, t1) -> (1810, 6, 1810, t2=t1+(1, 3))	1	331
(4351, 1, 1650, t1) -> (1650, 1, 1650, t2=t1+(1, 3))	1	332
(2617, 172, 1603, t1) -> (2617, 172, 2617, t2=t1+(1, 4))	1	333
(2245, 57, 2517, t1) -> (2245, 57, 2245, t2=t1+(1, 2))	1	334
(1182, 82, 424, t1) -> (424, 82, 424, t2=t1+(1, 5))	1	335
(3212, 38, 2, t1) -> (2, 38, 2, t2=t1+(1, 7))	1	336
(1205, 32, 861, t1) -> (861, 32, 861, t2=t1+(1, 4))	1	337
(2833, 70, 2357, t1) -> (2357, 70, 2833, t2=t1+(1, 5))	1	338
(3648, 77, 1167, t1) -> (3648, 77, 1167, t2=t1+(1, 7))	1	339
(615, 30, 2162, t1) -> (2162, 30, 2162, t2=t1+(1, 3))	1	340
(4214, 149, 3421, t1) -> (4214, 149, 3421, t2=t1+(1, 8))	1	341
(2783, 33, 2135, t1) -> (2135, 33, 2783, t2=t1+(1, 1))	1	342
(1951, 141, 3925, t1) -> (1951, 141, 1951, t2=t1+(1, 3))	1	343
(1306, 49, 2799, t1) -> (2799, 49, 2799, t2=t1+(1, 5))	1	344
(1717, 142, 225, t1) -> (1717, 142, 225, t2=t1+(1, 4))	1	345
(4090, 40, 4422, t1) -> (4422, 40, 4422, t2=t1+(1, 6))	1	346
(1257, 42, 4203, t1) -> (1257, 42, 4203, t2=t1+(1, 3))	1	347
(1237, 122, 420, t1) -> (420, 122, 420, t2=t1+(1, 9))	1	348
(1740, 160, 4413, t1) -> (4413, 160, 1740, t2=t1+(1, 6))	1	349
