(2432, 100, 1292, t1) & (2178, 184, 3960, t2=t1+(0, 6)) & (2178, 24, 1292, t3=t2+(0, 5)) -> (2178, 100, 2178, t4=t3+(1, 13))	3	0
(3515, 85, 4138, t1) & (1797, 194, 1876, t2=t1+(0, 5)) & (3515, 173, 1797, t3=t2+(0, 7)) -> (3515, 173, 1876, t4=t3+(1, 7))	3	1
(2155, 192, 3149, t1) & (843, 13, 4008, t2=t1+(0, 5)) & (3149, 196, 843, t3=t2+(0, 6)) -> (843, 13, 3149, t4=t3+(1, 3))	3	2
(2631, 113, 1288, t1) & (4297, 155, 2888, t2=t1+(0, 2)) & (2888, 39, 2631, t3=t2+(0, 6)) -> (4297, 39, 4297, t4=t3+(1, 5))	3	3
(4201, 193, 4880, t1) & (3358, 15, 4228, t2=t1+(0, 4)) & (4228, 47, 4201, t3=t2+(0, 10)) -> (4201, 15, 3358, t4=t3+(1, 8))	3	4
(658, 21, 364, t1) & (2422, 196, 4077, t2=t1+(0, 4)) & (4077, 179, 364, t3=t2+(0, 3)) -> (4077, 21, 4077, t4=t3+(1, 3))	3	5
(4050, 103, 2106, t1) & (3015, 137, 277, t2=t1+(0, 6)) & (4050, 56, 277, t3=t2+(0, 11)) -> (3015, 56, 277, t4=t3+(1, 2))	3	6
(4841, 102, 57, t1) & (3692, 73, 3272, t2=t1+(0, 3)) & (3692, 60, 4841, t3=t2+(0, 5)) -> (3692, 60, 3692, t4=t3+(1, 5))	3	7
(4151, 81, 1777, t1) & (4082, 9, 2158, t2=t1+(0, 5)) & (4151, 136, 4082, t3=t2+(0, 4)) -> (2158, 81, 1777, t4=t3+(1, 3))	3	8
(2494, 102, 3317, t1) & (819, 27, 4424, t2=t1+(0, 15)) & (819, 198, 2494, t3=t2+(0, 7)) -> (2494, 27, 2494, t4=t3+(1, 5))	3	9
(3626, 105, 952, t1) & (3468, 77, 32, t2=t1+(0, 4)) & (3468, 10, 952, t3=t2+(0, 7)) -> (3468, 105, 952, t4=t3+(1, 5))	3	10
(2820, 154, 4073, t1) & (1457, 27, 310, t2=t1+(0, 4)) & (2820, 139, 310, t3=t2+(0, 5)) -> (4073, 154, 310, t4=t3+(1, 7))	3	11
(2813, 45, 538, t1) & (1753, 40, 3303, t2=t1+(0, 4)) & (2813, 10, 3303, t3=t2+(0, 4)) -> (1753, 10, 1753, t4=t3+(1, 6))	3	12
(259, 45, 4616, t1) & (1008, 182, 76, t2=t1+(0, 3)) & (76, 14, 4616, t3=t2+(0, 7)) -> (4616, 14, 259, t4=t3+(1, 7))	3	13
(2339, 175, 4599, t1) & (99, 75, 1820, t2=t1+(0, 6)) & (1820, 188, 4599, t3=t2+(0, 5)) -> (99, 188, 1820, t4=t3+(1, 6))	3	14
(4293, 137, 233, t1) & (1926, 111, 1316, t2=t1+(0, 11)) & (233, 172, 1316, t3=t2+(0, 5)) -> (1316, 137, 233, t4=t3+(1, 1))	3	15
(4343, 157, 796, t1) & (2718, 119, 1582, t2=t1+(0, 3)) & (4343, 180, 2718, t3=t2+(0, 4)) -> (2718, 157, 1582, t4=t3+(1, 5))	3	16
(4222, 72, 4070, t1) & (1608, 193, 1109, t2=t1+(0, 7)) & (1608, 125, 4222, t3=t2+(0, 7)) -> (1109, 125, 4222, t4=t3+(1, 5))	3	17
(866, 19, 4355, t1) & (3219, 140, 1368, t2=t1+(0, 4)) & (1368, 188, 4355, t3=t2+(0, 4)) -> (3219, 140, 3219, t4=t3+(1, 8))	3	18
(2053, 166, 1599, t1) & (1776, 76, 3407, t2=t1+(0, 1)) & (3407, 33, 1599, t3=t2+(0, 8)) -> (1599, 33, 2053, t4=t3+(1, 6))	3	19
(4290, 158, 81, t1) & (1358, 17, 2349, t2=t1+(0, 4)) & (2349, 54, 81, t3=t2+(0, 10)) -> (2349, 158, 2349, t4=t3+(1, 6))	3	20
(3324, 0, 3814, t1) & (471, 79, 342, t2=t1+(0, 3)) & (342, 24, 3324, t3=t2+(0, 6)) -> (3324, 0, 471, t4=t3+(1, 2))	3	21
(2740, 136, 661, t1) & (2675, 5, 4855, t2=t1+(0, 3)) & (661, 170, 4855, t3=t2+(0, 6)) -> (4855, 136, 661, t4=t3+(1, 2))	3	22
(3779, 49, 1077, t1) & (3457, 53, 3562, t2=t1+(0, 7)) & (3779, 100, 3457, t3=t2+(0, 4)) -> (1077, 100, 3562, t4=t3+(1, 4))	3	23
(1231, 18, 2957, t1) & (2946, 157, 1463, t2=t1+(0, 3)) & (1231, 181, 2946, t3=t2+(0, 5)) -> (2946, 181, 2946, t4=t3+(1, 6))	3	24
(2424, 133, 3693, t1) & (80, 10, 2276, t2=t1+(0, 3)) & (2424, 166, 2276, t3=t2+(0, 5)) -> (2276, 166, 3693, t4=t3+(1, 6))	3	25
(1909, 43, 1588, t1) & (3354, 186, 2235, t2=t1+(0, 3)) & (3354, 55, 1909, t3=t2+(0, 5)) -> (1588, 186, 2235, t4=t3+(1, 6))	3	26
(933, 162, 4814, t1) & (3182, 70, 2519, t2=t1+(0, 2)) & (2519, 75, 4814, t3=t2+(0, 5)) -> (933, 70, 3182, t4=t3+(1, 5))	3	27
(4877, 19, 4498, t1) & (1626, 190, 2192, t2=t1+(0, 2)) & (4877, 183, 2192, t3=t2+(0, 1)) -> (4498, 183, 2192, t4=t3+(1, 3))	3	28
(100, 10, 4377, t1) & (3467, 54, 2997, t2=t1+(0, 9)) & (3467, 131, 4377, t3=t2+(0, 2)) -> (3467, 54, 4377, t4=t3+(1, 2))	3	29
(3172, 69, 1777, t1) & (1100, 156, 4418, t2=t1+(0, 6)) & (1777, 20, 4418, t3=t2+(0, 4)) -> (4418, 156, 1777, t4=t3+(1, 7))	3	30
(1461, 38, 839, t1) & (3588, 148, 2594, t2=t1+(0, 3)) & (1461, 142, 2594, t3=t2+(0, 5)) -> (1461, 148, 2594, t4=t3+(1, 4))	3	31
(482, 157, 298, t1) & (1902, 13, 3084, t2=t1+(0, 4)) & (1902, 197, 298, t3=t2+(0, 5)) -> (298, 157, 298, t4=t3+(1, 7))	3	32
(3745, 120, 3805, t1) & (293, 186, 2883, t2=t1+(0, 4)) & (3745, 162, 293, t3=t2+(0, 3)) -> (2883, 186, 2883, t4=t3+(1, 2))	3	33
(415, 108, 76, t1) & (1949, 20, 4677, t2=t1+(0, 5)) & (415, 163, 1949, t3=t2+(0, 6)) -> (4677, 163, 1949, t4=t3+(1, 6))	3	34
(2436, 106, 2046, t1) & (1191, 124, 4803, t2=t1+(0, 6)) & (2046, 42, 4803, t3=t2+(0, 7)) -> (2046, 42, 2436, t4=t3+(1, 3))	3	35
(4853, 115, 829, t1) & (1930, 169, 3704, t2=t1+(0, 4)) & (1930, 123, 829, t3=t2+(0, 6)) -> (829, 169, 829, t4=t3+(1, 5))	3	36
(3657, 125, 2825, t1) & (3561, 125, 2481, t2=t1+(0, 5)) & (2481, 22, 3657, t3=t2+(0, 6)) -> (2481, 125, 3561, t4=t3+(1, 7))	3	37
(2247, 1, 3437, t1) & (13, 80, 1402, t2=t1+(0, 5)) & (3437, 133, 1402, t3=t2+(0, 10)) -> (3437, 80, 3437, t4=t3+(1, 3))	3	38
(1936, 155, 3189, t1) & (52, 76, 1406, t2=t1+(0, 4)) & (1406, 71, 3189, t3=t2+(0, 6)) -> (3189, 155, 1406, t4=t3+(1, 3))	3	39
(1735, 132, 3249, t1) & (3059, 6, 2584, t2=t1+(0, 7)) & (1735, 103, 2584, t3=t2+(0, 4)) -> (1735, 132, 1735, t4=t3+(1, 1))	3	40
(1199, 34, 2167, t1) & (916, 51, 3801, t2=t1+(0, 1)) & (3801, 135, 1199, t3=t2+(0, 8)) -> (916, 135, 1199, t4=t3+(1, 7))	3	41
(1902, 109, 1027, t1) & (3189, 3, 2886, t2=t1+(0, 3)) & (2886, 45, 1027, t3=t2+(0, 4)) -> (1027, 3, 1902, t4=t3+(1, 3))	3	42
(412, 47, 515, t1) & (3539, 83, 4147, t2=t1+(0, 3)) & (515, 150, 3539, t3=t2+(0, 3)) -> (3539, 47, 3539, t4=t3+(1, 5))	3	43
(3208, 23, 1602, t1) & (2497, 17, 3111, t2=t1+(0, 8)) & (2497, 192, 1602, t3=t2+(0, 4)) -> (1602, 23, 1602, t4=t3+(1, 3))	3	44
(1611, 127, 1254, t1) & (2099, 13, 283, t2=t1+(0, 6)) & (1254, 183, 2099, t3=t2+(0, 8)) -> (2099, 127, 1254, t4=t3+(1, 2))	3	45
(143, 59, 3938, t1) & (3460, 123, 3310, t2=t1+(0, 9)) & (3460, 178, 143, t3=t2+(0, 11)) -> (143, 59, 143, t4=t3+(1, 9))	3	46
(2203, 154, 2145, t1) & (4229, 138, 1932, t2=t1+(0, 6)) & (1932, 137, 2145, t3=t2+(0, 8)) -> (1932, 154, 2145, t4=t3+(1, 6))	3	47
(685, 20, 4986, t1) & (44, 101, 1386, t2=t1+(0, 11)) & (4986, 188, 44, t3=t2+(0, 6)) -> (4986, 188, 685, t4=t3+(1, 3))	3	48
(1618, 59, 3235, t1) & (2953, 63, 2397, t2=t1+(0, 10)) & (2953, 82, 1618, t3=t2+(0, 4)) -> (1618, 63, 2397, t4=t3+(1, 5))	3	49
(2336, 98, 3549, t1) & (2336, 95, 3549, t2=t1+(0, 5)) -> (3549, 95, 3549, t3=t2+(1, 3))	2	50
(886, 108, 4296, t1) & (1603, 6, 886, t2=t1+(0, 2)) -> (886, 108, 886, t3=t2+(1, 5))	2	51
(3438, 119, 3655, t1) & (4688, 22, 3655, t2=t1+(0, 5)) -> (3655, 22, 3655, t3=t2+(1, 7))	2	52
(3542, 132, 2849, t1) & (2849, 13, 2190, t2=t1+(0, 5)) -> (2849, 13, 3542, t3=t2+(1, 5))	2	53
(2459, 87, 756, t1) & (756, 148, 756, t2=t1+(0, 4)) -> (756, 148, 756, t3=t2+(1, 5))	2	54
(4013, 110, 3020, t1) & (4013, 32, 3488, t2=t1+(0, 6)) -> (4013, 110, 3020, t3=t2+(1, 7))	2	55
(3759, 36, 1749, t1) & (3759, 59, 3759, t2=t1+(0, 7)) -> (3759, 36, 3759, t3=t2+(1, 2))	2	56
(1433, 131, 494, t1) & (494, 137, 4674, t2=t1+(0, 5)) -> (1433, 137, 1433, t3=t2+(1, 3))	2	57
(679, 70, 4004, t1) & (2016, 90, 4004, t2=t1+(0, 2)) -> (4004, 70, 679, t3=t2+(1, 4))	2	58
(2813, 169, 3840, t1) & (3840, 152, 850, t2=t1+(0, 1)) -> (3840, 152, 3840, t3=t2+(1, 5))	2	59
(3065, 123, 3917, t1) & (3917, 113, 3917, t2=t1+(0, 6)) -> (3917, 123, 3917, t3=t2+(1, 5))	2	60
(530, 91, 3025, t1) & (457, 37, 3025, t2=t1+(0, 11)) -> (530, 37, 3025, t3=t2+(1, 3))	2	61
(4053, 52, 1534, t1) & (4053, 87, 1534, t2=t1+(0, 3)) -> (4053, 87, 4053, t3=t2+(1, 3))	2	62
(4770, 32, 2659, t1) & (4657, 185, 4770, t2=t1+(0, 8)) -> (4770, 185, 4770, t3=t2+(1, 6))	2	63
(4876, 109, 826, t1) & (4876, 35, 4876, t2=t1+(0, 6)) -> (826, 109, 826, t3=t2+(1, 5))	2	64
(3573, 181, 3373, t1) & (3573, 128, 1620, t2=t1+(0, 2)) -> (3573, 181, 1620, t3=t2+(1, 5))	2	65
(2908, 3, 1354, t1) & (1354, 110, 1027, t2=t1+(0, 4)) -> (1027, 110, 1027, t3=t2+(1, 3))	2	66
(1887, 11, 4194, t1) & (4194, 96, 4568, t2=t1+(0, 1)) -> (4568, 96, 4194, t3=t2+(1, 6))	2	67
(4230, 89, 3287, t1) & (1236, 199, 3287, t2=t1+(0, 5)) -> (1236, 89, 3287, t3=t2+(1, 6))	2	68
(1578, 142, 4700, t1) & (1578, 155, 1578, t2=t1+(0, 6)) -> (1578, 142, 1578, t3=t2+(1, 12))	2	69
(3926, 8, 616, t1) & (3926, 11, 218, t2=t1+(0, 4)) -> (3926, 11, 3926, t3=t2+(1, 2))	2	70
(2560, 47, 2935, t1) & (2560, 98, 2935, t2=t1+(0, 5)) -> (2935, 98, 2935, t3=t2+(1, 6))	2	71
(1970, 76, 2644, t1) & (3735, 49, 1970, t2=t1+(0, 4)) -> (2644, 49, 1970, t3=t2+(1, 10))	2	72
(81, 166, 1436, t1) & (1436, 106, 1436, t2=t1+(0, 6)) -> (1436, 106, 1436, t3=t2+(1, 6))	2	73
(136, 188, 1960, t1) & (1960, 160, 1960, t2=t1+(0, 5)) -> (1960, 160, 1960, t3=t2+(1, 5))	2	74
(1034, 196, 4391, t1) & (4391, 30, 1034, t2=t1+(0, 7)) -> (4391, 30, 4391, t3=t2+(1, 6))	2	75
(2781, 146, 3603, t1) & (2781, 42, 3603, t2=t1+(0, 6)) -> (2781, 42, 2781, t3=t2+(1, 3))	2	76
(3082, 27, 4536, t1) & (4536, 190, 1330, t2=t1+(0, 8)) -> (4536, 27, 4536, t3=t2+(1, 5))	2	77
(24, 78, 3852, t1) & (24, 136, 3445, t2=t1+(0, 7)) -> (24, 78, 3852, t3=t2+(1, 5))	2	78
(893, 74, 651, t1) & (3658, 87, 893, t2=t1+(0, 5)) -> (651, 74, 893, t3=t2+(1, 8))	2	79
(1599, 141, 2861, t1) & (2861, 41, 850, t2=t1+(0, 5)) -> (2861, 141, 2861, t3=t2+(1, 6))	2	80
(2538, 120, 4350, t1) & (4350, 157, 4744, t2=t1+(0, 7)) -> (4350, 120, 4350, t3=t2+(1, 5))	2	81
(1785, 142, 162, t1) & (1701, 24, 1785, t2=t1+(0, 3)) -> (1785, 142, 1785, t3=t2+(1, 6))	2	82
(3312, 20, 163, t1) & (3312, 185, 163, t2=t1+(0, 5)) -> (163, 185, 3312, t3=t2+(1, 5))	2	83
(3800, 131, 1292, t1) & (1292, 10, 3552, t2=t1+(0, 3)) -> (1292, 10, 3552, t3=t2+(1, 5))	2	84
(4570, 51, 2823, t1) & (2823, 96, 4570, t2=t1+(0, 4)) -> (4570, 96, 2823, t3=t2+(1, 2))	2	85
(3120, 60, 548, t1) & (863, 172, 548, t2=t1+(0, 5)) -> (3120, 172, 548, t3=t2+(1, 4))	2	86
(185, 25, 2156, t1) & (4643, 82, 185, t2=t1+(0, 5)) -> (4643, 82, 4643, t3=t2+(1, 6))	2	87
(570, 113, 2331, t1) & (4708, 51, 2331, t2=t1+(0, 6)) -> (4708, 51, 2331, t3=t2+(1, 4))	2	88
(1041, 79, 2968, t1) & (1041, 119, 627, t2=t1+(0, 6)) -> (1041, 79, 1041, t3=t2+(1, 5))	2	89
(4034, 192, 3445, t1) & (4034, 120, 1201, t2=t1+(0, 4)) -> (4034, 120, 3445, t3=t2+(1, 5))	2	90
(4201, 116, 2827, t1) & (2827, 46, 4201, t2=t1+(0, 4)) -> (2827, 46, 2827, t3=t2+(1, 5))	2	91
(3559, 129, 1060, t1) & (4612, 170, 1060, t2=t1+(0, 6)) -> (3559, 170, 3559, t3=t2+(1, 6))	2	92
(4001, 19, 1211, t1) & (4001, 176, 4001, t2=t1+(0, 4)) -> (4001, 19, 1211, t3=t2+(1, 2))	2	93
(2298, 139, 1612, t1) & (2298, 171, 1612, t2=t1+(0, 3)) -> (1612, 139, 2298, t3=t2+(1, 6))	2	94
(2902, 47, 1931, t1) & (2902, 52, 2902, t2=t1+(0, 7)) -> (2902, 47, 1931, t3=t2+(1, 1))	2	95
(2372, 115, 424, t1) & (2372, 157, 1932, t2=t1+(0, 1)) -> (424, 157, 424, t3=t2+(1, 6))	2	96
(234, 55, 4058, t1) & (234, 52, 4942, t2=t1+(0, 4)) -> (4058, 52, 4942, t3=t2+(1, 3))	2	97
(1039, 94, 700, t1) & (700, 196, 2684, t2=t1+(0, 3)) -> (700, 94, 700, t3=t2+(1, 5))	2	98
(2386, 40, 2856, t1) & (2386, 127, 2933, t2=t1+(0, 2)) -> (2386, 40, 2386, t3=t2+(1, 6))	2	99
(4598, 70, 4546, t1) & (4598, 45, 3771, t2=t1+(0, 5)) -> (4546, 45, 4598, t3=t2+(1, 7))	2	100
(4664, 194, 2016, t1) & (2016, 58, 2271, t2=t1+(0, 4)) -> (2271, 194, 2016, t3=t2+(1, 6))	2	101
(3280, 74, 135, t1) & (3280, 105, 388, t2=t1+(0, 2)) -> (388, 105, 3280, t3=t2+(1, 5))	2	102
(25, 168, 217, t1) & (217, 82, 25, t2=t1+(0, 5)) -> (217, 82, 25, t3=t2+(1, 5))	2	103
(1875, 140, 218, t1) & (1626, 117, 1875, t2=t1+(0, 4)) -> (1875, 117, 1875, t3=t2+(1, 6))	2	104
(152, 127, 2993, t1) & (2993, 157, 4171, t2=t1+(0, 4)) -> (2993, 127, 2993, t3=t2+(1, 7))	2	105
(653, 18, 1327, t1) & (1327, 148, 4500, t2=t1+(0, 6)) -> (1327, 18, 1327, t3=t2+(1, 7))	2	106
(904, 43, 4146, t1) & (4146, 69, 4146, t2=t1+(0, 4)) -> (4146, 69, 904, t3=t2+(1, 7))	2	107
(1929, 139, 2857, t1) & (1929, 75, 934, t2=t1+(0, 6)) -> (934, 139, 2857, t3=t2+(1, 5))	2	108
(3026, 19, 4031, t1) & (3026, 119, 959, t2=t1+(0, 4)) -> (3026, 119, 3026, t3=t2+(1, 3))	2	109
(4676, 16, 2144, t1) & (2144, 25, 4676, t2=t1+(0, 8)) -> (2144, 25, 4676, t3=t2+(1, 1))	2	110
(4645, 65, 2159, t1) & (4129, 101, 2159, t2=t1+(0, 6)) -> (4129, 101, 4129, t3=t2+(1, 8))	2	111
(591, 187, 2906, t1) & (3464, 82, 591, t2=t1+(0, 2)) -> (3464, 187, 591, t3=t2+(1, 4))	2	112
(1544, 125, 4692, t1) & (4445, 87, 1544, t2=t1+(0, 3)) -> (1544, 125, 4445, t3=t2+(1, 5))	2	113
(4108, 109, 3752, t1) & (4715, 106, 3752, t2=t1+(0, 6)) -> (4715, 106, 4108, t3=t2+(1, 2))	2	114
(2018, 173, 4326, t1) & (931, 149, 4326, t2=t1+(0, 3)) -> (931, 173, 2018, t3=t2+(1, 5))	2	115
(3306, 103, 729, t1) & (3306, 51, 627, t2=t1+(0, 5)) -> (3306, 103, 3306, t3=t2+(1, 3))	2	116
(2363, 56, 1615, t1) & (1615, 3, 4300, t2=t1+(0, 5)) -> (1615, 56, 1615, t3=t2+(1, 9))	2	117
(3327, 27, 2847, t1) & (2847, 171, 3654, t2=t1+(0, 4)) -> (2847, 27, 3654, t3=t2+(1, 6))	2	118
(3579, 4, 19, t1) & (3579, 171, 1839, t2=t1+(0, 3)) -> (3579, 171, 19, t3=t2+(1, 5))	2	119
(1400, 9, 892, t1) & (892, 116, 892, t2=t1+(0, 6)) -> (892, 9, 892, t3=t2+(1, 5))	2	120
(3176, 139, 1411, t1) & (3176, 180, 3176, t2=t1+(0, 4)) -> (3176, 180, 3176, t3=t2+(1, 3))	2	121
(4420, 68, 2142, t1) & (2613, 70, 4420, t2=t1+(0, 3)) -> (2142, 68, 2613, t3=t2+(1, 2))	2	122
(3801, 33, 3056, t1) & (613, 197, 3056, t2=t1+(0, 2)) -> (613, 197, 3056, t3=t2+(1, 1))	2	123
(4485, 13, 3389, t1) & (4438, 23, 4485, t2=t1+(0, 2)) -> (3389, 13, 4485, t3=t2+(1, 4))	2	124
(1305, 184, 2377, t1) & (2377, 181, 1305, t2=t1+(0, 11)) -> (1305, 184, 2377, t3=t2+(1, 5))	2	125
(1330, 138, 2361, t1) & (2361, 115, 1552, t2=t1+(0, 11)) -> (1552, 115, 2361, t3=t2+(1, 5))	2	126
(2985, 78, 2959, t1) & (2959, 143, 4853, t2=t1+(0, 5)) -> (2959, 143, 2959, t3=t2+(1, 6))	2	127
(1994, 56, 2012, t1) & (2012, 81, 2012, t2=t1+(0, 7)) -> (1994, 81, 2012, t3=t2+(1, 5))	2	128
(3735, 17, 4465, t1) & (4465, 151, 620, t2=t1+(0, 3)) -> (4465, 151, 620, t3=t2+(1, 3))	2	129
(438, 52, 1545, t1) & (438, 34, 1041, t2=t1+(0, 11)) -> (1041, 52, 438, t3=t2+(1, 5))	2	130
(2836, 180, 3935, t1) & (2836, 183, 3935, t2=t1+(0, 10)) -> (3935, 180, 3935, t3=t2+(1, 8))	2	131
(2956, 148, 2624, t1) & (2956, 4, 2624, t2=t1+(0, 3)) -> (2956, 148, 2956, t3=t2+(1, 5))	2	132
(4416, 105, 1340, t1) & (1340, 109, 2535, t2=t1+(0, 3)) -> (2535, 109, 4416, t3=t2+(1, 8))	2	133
(4785, 79, 871, t1) & (4785, 99, 3251, t2=t1+(0, 5)) -> (3251, 99, 4785, t3=t2+(1, 6))	2	134
(1614, 64, 4244, t1) & (2615, 140, 1614, t2=t1+(0, 4)) -> (1614, 64, 1614, t3=t2+(1, 4))	2	135
(2920, 118, 1028, t1) & (4862, 112, 1028, t2=t1+(0, 3)) -> (2920, 118, 1028, t3=t2+(1, 5))	2	136
(1939, 159, 1093, t1) & (1093, 96, 4034, t2=t1+(0, 3)) -> (1093, 159, 1093, t3=t2+(1, 3))	2	137
(1477, 153, 3494, t1) & (3494, 61, 1477, t2=t1+(0, 2)) -> (3494, 61, 3494, t3=t2+(1, 9))	2	138
(3534, 55, 4527, t1) & (991, 172, 4527, t2=t1+(0, 5)) -> (4527, 55, 3534, t3=t2+(1, 3))	2	139
(2825, 31, 2392, t1) & (582, 79, 2825, t2=t1+(0, 12)) -> (2825, 31, 2825, t3=t2+(1, 7))	2	140
(3637, 197, 1559, t1) & (3637, 20, 1559, t2=t1+(0, 4)) -> (1559, 20, 3637, t3=t2+(1, 4))	2	141
(120, 118, 4644, t1) & (4644, 106, 1093, t2=t1+(0, 10)) -> (4644, 106, 120, t3=t2+(1, 3))	2	142
(966, 24, 3591, t1) & (966, 90, 966, t2=t1+(0, 3)) -> (966, 90, 966, t3=t2+(1, 9))	2	143
(4909, 150, 2167, t1) & (4909, 114, 4909, t2=t1+(0, 4)) -> (4909, 114, 4909, t3=t2+(1, 3))	2	144
(726, 105, 1517, t1) & (1166, 85, 1517, t2=t1+(0, 7)) -> (1517, 85, 1166, t3=t2+(1, 6))	2	145
(3704, 67, 1117, t1) & (1117, 121, 1292, t2=t1+(0, 4)) -> (3704, 121, 1117, t3=t2+(1, 4))	2	146
(1270, 114, 2166, t1) & (4386, 22, 2166, t2=t1+(0, 1)) -> (2166, 22, 2166, t3=t2+(1, 3))	2	147
(103, 176, 2455, t1) & (103, 83, 357, t2=t1+(0, 3)) -> (2455, 83, 2455, t3=t2+(1, 2))	2	148
(283, 47, 3674, t1) & (283, 60, 4284, t2=t1+(0, 5)) -> (283, 60, 283, t3=t2+(1, 6))	2	149
(2829, 189, 3694, t1) -> (3694, 189, 2829, t2=t1+(1, 6))	1	150
(4390, 7, 2251, t1) -> (2251, 7, 2251, t2=t1+(1, 6))	1	151
(314, 42, 2603, t1) -> (2603, 42, 2603, t2=t1+(1, 3))	1	152
(2677, 97, 1283, t1) -> (2677, 97, 2677, t2=t1+(1, 8))	1	153
(2679, 54, 1548, t1) -> (1548, 54, 2679, t2=t1+(1, 3))	1	154
(3336, 192, 3719, t1) -> (3719, 192, 3336, t2=t1+(1, 5))	1	155
(3826, 191, 4701, t1) -> (4701, 191, 3826, t2=t1+(1, 6))	1	156
(4144, 107, 3011, t1) -> (4144, 107, 3011, t2=t1+(1, 6))	1	157
(4264, 77, 848, t1) -> (4264, 77, 848, t2=t1+(1, 6))	1	158
(3698, 63, 3269, t1) -> (3269, 63, 3269, t2=t1+(1, 5))	1	159
(1166, 110, 1863, t1) -> (1863, 110, 1863, t2=t1+(1, 8))	1	160
(3828, 124, 2858, t1) -> (2858, 124, 2858, t2=t1+(1, 7))	1	161
(1661, 1, 2179, t1) -> (1661, 1, 1661, t2=t1+(1, 5))	1	162
(4031, 72, 1571, t1) -> (4031, 72, 1571, t2=t1+(1, 7))	1	163
(189, 62, 2419, t1) -> (189, 62, 189, t2=t1+(1, 5))	1	164
(1664, 130, 2137, t1) -> (2137, 130, 2137, t2=t1+(1, 2))	1	165
(2542, 197, 3013, t1) -> (2542, 197, 3013, t2=t1+(1, 7))	1	166
(1190, 133, 665, t1) -> (665, 133, 665, t2=t1+(1, 3))	1	167
(524, 1, 1211, t1) -> (1211, 1, 1211, t2=t1+(1, 6))	1	168
(3746, 88, 3587, t1) -> (3746, 88, 3746, t2=t1+(1, 5))	1	169
(1608, 122, 3214, t1) -> (3214, 122, 3214, t2=t1+(1, 5))	1	170
(2484, 35, 7, t1) -> (2484, 35, 7, t2=t1+(1, 7))	1	171
(4004, 161, 2644, t1) -> (2644, 161, 4004, t2=t1+(1, 4))	1	172
(4238, 76, 3527, t1) -> (3527, 76, 3527, t2=t1+(1, 3))	1	173
(1777, 137, 3058, t1) -> (1777, 137, 1777, t2=t1+(1, 7))	1	174
(520, 189, 3678, t1) -> (520, 189, 3678, t2=t1+(1, 7))	1	175
(926, 6, 2004, t1) -> (926, 6, 926, t2=t1+(1, 6))	1	176
(4198, 11, 245, t1) -> (245, 11, 4198, t2=t1+(1, 8))	1	177
(3427, 67, 3892, t1) -> (3892, 67, 3427, t2=t1+(1, 6))	1	178
(446, 143, 4453, t1) -> (446, 143, 4453, t2=t1+(1, 9))	1	179
(573, 171, 1194, t1) -> (1194, 171, 1194, t2=t1+(1, 3))	1	180
(4431, 17, 1063, t1) -> (1063, 17, 1063, t2=t1+(1, 6))	1	181
(1940, 129, 1765, t1) -> (1765, 129, 1940, t2=t1+(1, 9))	1	182
(59, 187, 4401, t1) -> (59, 187, 4401, t2=t1+(1, 4))	1	183
(4666, 176, 248, t1) -> (4666, 176, 248, t2=t1+(1, 6))	1	184
(3621, 121, 4673, t1) -> (4673, 121, 3621, t2=t1+(1, 5))	1	185
(3901, 10, 3228, t1) -> (3901, 10, 3901, t2=t1+(1, 2))	1	186
(1299, 1, 2560, t1) -> (1299, 1, 1299, t2=t1+(1, 2))	1	187
(2634, 124, 3557, t1) -> (2634, 124, 2634, t2=t1+(1, 3))	1	188
(1659, 135, 3123, t1) -> (3123, 135, 1659, t2=t1+(1, 6))	1	189
(3766, 114, 4454, t1) -> (3766, 114, 3766, t2=t1+(1, 8))	1	190
(845, 66, 3486, t1) -> (845, 66, 3486, t2=t1+(1, 3))	1	191
(3211, 117, 1895, t1) -> (1895, 117, 3211, t2=t1+(1, 6))	1	192
(4479, 170, 425, t1) -> (425, 170, 425, t2=t1+(1, 3))	1	193
(2290, 151, 1540, t1) -> (2290, 151, 1540, t2=t1+(1, 4))	1	194
(3914, 148, 2897, t1) -> (3914, 148, 2897, t2=t1+(1, 4))	1	195
(433, 62, 732, t1) -> (732, 62, 433, t2=t1+(1, 3))	1	196
(3553, 116, 275, t1) -> (3553, 116, 3553, t2=t1+(1, 2))	1	197
(757, 86, 2501, t1) -> (757, 86, 2501, t2=t1+(1, 2))	1	198
(4814, 192, 2188, t1) -> (4814, 192, 2188, t2=t1+(1, 3))	1	199
(4340, 19, 1588, t1) -> (1588, 19, 4340, t2=t1+(1, 5))	1	200
(187, 158, 3731, t1) -> (187, 158, 3731, t2=t1+(1, 4))	1	201
(3152, 128, 3477, t1) -> (3477, 128, 3477, t2=t1+(1, 8))	1	202
(3456, 185, 1698, t1) -> (1698, 185, 1698, t2=t1+(1, 5))	1	203
(3683, 64, 2094, t1) -> (2094, 64, 2094, t2=t1+(1, 4))	1	204
(3669, 104, 3183, t1) -> (3183, 104, 3669, t2=t1+(1, 3))	1	205
(4898, 110, 1385, t1) -> (1385, 110, 4898, t2=t1+(1, 4))	1	206
(1613, 194, 4913, t1) -> (1613, 194, 4913, t2=t1+(1, 8))	1	207
(4573, 26, 1789, t1) -> (1789, 26, 1789, t2=t1+(1, 4))	1	208
(621, 28, 163, t1) -> (621, 28, 163, t2=t1+(1, 6))	1	209
(1090, 86, 2829, t1) -> (2829, 86, 2829, t2=t1+(1, 11))	1	210
(2742, 94, 2224, t1) -> (2224, 94, 2742, t2=t1+(1, 3))	1	211
(3327, 51, 1598, t1) -> (1598, 51, 3327, t2=t1+(1, 2))	1	212
(1565, 85, 1834, t1) -> (1834, 85, 1834, t2=t1+(1, 6))	1	213
(3972, 173, 1356, t1) -> (1356, 173, 1356, t2=t1+(1, 6))	1	214
(4663, 178, 4718, t1) -> (4663, 178, 4663, t2=t1+(1, 5))	1	215
(2318, 197, 4689, t1) -> (2318, 197, 2318, t2=t1+(1, 4))	1	216
(4462, 66, 4138, t1) -> (4138, 66, 4138, t2=t1+(1, 5))	1	217
(1575, 45, 179, t1) -> (179, 45, 179, t2=t1+(1, 4))	1	218
(874, 137, 970, t1) -> (970, 137, 874, t2=t1+(1, 4))	1	219
(2076, 106, 1307, t1) -> (2076, 106, 1307, t2=t1+(1, 6))	1	220
(1883, 72, 4209, t1) -> (1883, 72, 4209, t2=t1+(1, 7))	1	221
(1348, 143, 2316, t1) -> (1348, 143, 2316, t2=t1+(1, 8))	1	222
(769, 199, 4785, t1) -> (769, 199, 4785, t2=t1+(1, 7))	1	223
(4162, 60, 3158, t1) -> (3158, 60, 3158, t2=t1+(1, 2))	1	224
(834, 66, 675, t1) -> (675, 66, 834, t2=t1+(1, 4))	1	225
(4359, 139, 1923, t1) -> (4359, 139, 4359, t2=t1+(1, 5))	1	226
(4246, 43, 268, t1) -> (268, 43, 4246, t2=t1+(1, 3))	1	227
(3848, 168, 2742, t1) -> (2742, 168, 3848, t2=t1+(1, 4))	1	228
(598, 83, 4537, t1) -> (598, 83, 4537, t2=t1+(1, 5))	1	229
(3493, 113, 256, t1) -> (3493, 113, 3493, t2=t1+(1, 4))	1	230
(284, 198, 1915, t1) -> (284, 198, 284, t2=t1+(1, 7))	1	231
(1173, 92, 1619, t1) -> (1619, 92, 1173, t2=t1+(1, 4))	1	232
(2790, 133, 3901, t1) -> (3901, 133, 3901, t2=t1+(1, 3))	1	233
(2449, 66, 4428, t1) -> (2449, 66, 2449, t2=t1+(1, 3))	1	234
(2488, 2, 3144, t1) -> (3144, 2, 2488, t2=t1+(1, 3))	1	235
(2994, 39, 1954, t1) -> (1954, 39, 1954, t2=t1+(1, 5))	1	236
(65, 105, 4892, t1) -> (4892, 105, 65, t2=t1+(1, 6))	1	237
(3816, 198, 3610, t1) -> (3816, 198, 3610, t2=t1+(1, 9))	1	238
(489, 71, 2762, t1) -> (489, 71, 2762, t2=t1+(1, 7))	1	239
(4989, 106, 391, t1) -> (391, 106, 391, t2=t1+(1, 2))	1	240
(4016, 128, 2152, t1) -> (2152, 128, 4016, t2=t1+(1, 2))	1	241
(2246, 30, 1662, t1) -> (1662, 30, 2246, t2=t1+(1, 8))	1	242
(3496, 191, 1683, t1) -> (3496, 191, 1683, t2=t1+(1, 1))	1	243
(459, 159, 2425, t1) -> (459, 159, 2425, t2=t1+(1, 6))	1	244
(1665, 10, 4768, t1) -> (1665, 10, 4768, t2=t1+(1, 4))	1	245
(1754, 194, 3273, t1) -> (3273, 194, 3273, t2=t1+(1, 7))	1	246
(804, 40, 4490, t1) -> (804, 40, 4490, t2=t1+(1, 5))	1	247
(465, 154, 1620, t1) -> (1620, 154, 465, t2=t1+(1, 2))	1	248
(3400, 119, 4635, t1) -> (4635, 119, 3400, t2=t1+(1, 8))	1	249
(4423, 36, 2248, t1) -> (4423, 36, 4423, t2=t1+(1, 1))	1	250
(760, 192, 2850, t1) -> (760, 192, 760, t2=t1+(1, 7))	1	251
(4163, 198, 1234, t1) -> (4163, 198, 4163, t2=t1+(1, 8))	1	252
(587, 124, 2903, t1) -> (2903, 124, 587, t2=t1+(1, 5))	1	253
(1362, 5, 1743, t1) -> (1362, 5, 1362, t2=t1+(1, 5))	1	254
(3599, 1, 2741, t1) -> (3599, 1, 2741, t2=t1+(1, 2))	1	255
(3607, 112, 1450, t1) -> (3607, 112, 3607, t2=t1+(1, 5))	1	256
(2189, 129, 3256, t1) -> (3256, 129, 3256, t2=t1+(1, 6))	1	257
(1584, 113, 4528, t1) -> (1584, 113, 1584, t2=t1+(1, 3))	1	258
(2599, 5, 1883, t1) -> (1883, 5, 1883, t2=t1+(1, 3))	1	259
(4325, 34, 3525, t1) -> (3525, 34, 4325, t2=t1+(1, 5))	1	260
(1352, 9, 774, t1) -> (1352, 9, 1352, t2=t1+(1, 8))	1	261
(3288, 127, 2439, t1) -> (3288, 127, 3288, t2=t1+(1, 2))	1	262
(4302, 98, 571, t1) -> (571, 98, 571, t2=t1+(1, 5))	1	263
(3924, 106, 525, t1) -> (3924, 106, 525, t2=t1+(1, 5))	1	264
(2864, 189, 2717, t1) -> (2864, 189, 2864, t2=t1+(1, 4))	1	265
(583, 115, 4706, t1) -> (4706, 115, 4706, t2=t1+(1, 5))	1	266
(2601, 157, 2114, t1) -> (2601, 157, 2114, t2=t1+(1, 5))	1	267
(1085, 106, 926, t1) -> (926, 106, 926, t2=t1+(1, 3))	1	268
(1699, 28, 1765, t1) -> (1699, 28, 1765, t2=t1+(1, 6))	1	269
(3934, 127, 4101, t1) -> (4101, 127, 3934, t2=t1+(1, 4))	1	270
(97, 153, 4576, t1) -> (97, 153, 97, t2=t1+(1, 5))	1	271
(1786, 164, 717, t1) -> (717, 164, 1786, t2=t1+(1, 4))	1	272
(42, 37, 4100, t1) -> (42, 37, 4100, t2=t1+(1, 8))	1	273
(3342, 101, 1145, t1) -> (3342, 101, 1145, t2=t1+(1, 9))	1	274
(4486, 186, 2547, t1) -> (4486, 186, 4486, t2=t1+(1, 6))	1	275
(1534, 103, 2271, t1) -> (1534, 103, 2271, t2=t1+(1, 1))	1	276
(1132, 67, 587, t1) -> (1132, 67, 1132, t2=t1+(1, 8))	1	277
(2366, 199, 245, t1) -> (2366, 199, 245, t2=t1+(1, 5))	1	278
(706, 171, 3962, t1) -> (706, 171, 3962, t2=t1+(1, 1))	1	279
(3608, 74, 1204, t1) -> (3608, 74, 3608, t2=t1+(1, 5))	1	280
(4739, 44, 4003, t1) -> (4003, 44, 4003, t2=t1+(1, 5))	1	281
(3919, 154, 2487, t1) -> (3919, 154, 2487, t2=t1+(1, 5))	1	282
(3131, 73, 2919, t1) -> (2919, 73, 3131, t2=t1+(1, 6))	1	283
(2357, 66, 4184, t1) -> (4184, 66, 2357, t2=t1+(1, 9))	1	284
(4483, 199, 1362, t1) -> (4483, 199, 4483, t2=t1+(1, 4))	1	285
(4962, 63, 868, t1) -> (868, 63, 868, t2=t1+(1, 7))	1	286
(1138, 144, 3839, t1) -> (3839, 144, 1138, t2=t1+(1, 9))	1	287
(1564, 171, 4939, t1) -> (4939, 171, 4939, t2=t1+(1, 7))	1	288
(3518, 191, 3658, t1) -> (3518, 191, 3518, t2=t1+(1, 4))	1	289
(3059, 155, 1478, t1) -> (1478, 155, 3059, t2=t1+(1, 8))	1	290
(948, 109, 4538, t1) -> (948, 109, 4538, t2=t1+(1, 7))	1	291
(2439, 109, 1249, t1) -> (2439, 109, 2439, t2=t1+(1, 3))	1	292
(4641, 48, 4988, t1) -> (4641, 48, 4641, t2=t1+(1, 4))	1	293
(1663, 51, 1730, t1) -> (1730, 51, 1730, t2=t1+(1, 5))	1	294
(3760, 197, 3002, t1) -> (3760, 197, 3760, t2=t1+(1, 9))	1	295
(3922, 178, 4854, t1) -> (3922, 178, 3922, t2=t1+(1, 4))	1	296
(204, 112, 669, t1) -> (669, 112, 204, t2=t1+(1, 9))	1	297
(1698, 142, 4841, t1) -> (4841, 142, 4841, t2=t1+(1, 4))	1	298
(532, 20, 3402, t1) -> (532, 20, 3402, t2=t1+(1, 3))	1	299
(3877, 108, 4565, t1) -> (3877, 108, 4565, t2=t1+(1, 8))	1	300
(2150, 118, 4883, t1) -> (2150, 118, 4883, t2=t1+(1, 4))	1	301
(4362, 46, 75, t1) -> (75, 46, 4362, t2=t1+(1, 6))	1	302
(3133, 147, 1618, t1) -> (1618, 147, 1618, t2=t1+(1, 7))	1	303
(3984, 66, 220, t1) -> (3984, 66, 220, t2=t1+(1, 4))	1	304
(2709, 72, 2236, t1) -> (2709, 72, 2236, t2=t1+(1, 3))	1	305
(464, 160, 986, t1) -> (464, 160, 986, t2=t1+(1, 2))	1	306
(581, 110, 2829, t1) -> (581, 110, 581, t2=t1+(1, 2))	1	307
(2444, 177, 795, t1) -> (795, 177, 795, t2=t1+(1, 8))	1	308
(1947, 146, 1204, t1) -> (1204, 146, 1204, t2=t1+(1, 6))	1	309
(738, 166, 4076, t1) -> (738, 166, 4076, t2=t1+(1, 7))	1	310
(844, 163, 3357, t1) -> (3357, 163, 844, t2=t1+(1, 2))	1	311
(4750, 111, 3302, t1) -> (4750, 111, 4750, t2=t1+(1, 4))	1	312
(2763, 16, 11, t1) -> (11, 16, 2763, t2=t1+(1, 2))	1	313
(1807, 129, 555, t1) -> (555, 129, 1807, t2=t1+(1, 1))	1	314
(2214, 188, 1556, t1) -> (2214, 188, 2214, t2=t1+(1, 5))	1	315
(774, 19, 846, t1) -> (774, 19, 846, t2=t1+(1, 11))	1	316
(2529, 163, 981, t1) -> (981, 163, 981, t2=t1+(1, 7))	1	317
(2874, 86, 3271, t1) -> (2874, 86, 3271, t2=t1+(1, 6))	1	318
(3471, 69, 4356, t1) -> (3471, 69, 3471, t2=t1+(1, 5))	1	319
(2228, 51, 2603, t1) -> (2603, 51, 2228, t2=t1+(1, 5))	1	320
(831, 12, 4647, t1) -> (4647, 12, 831, t2=t1+(1, 4))	1	321
(1467, 192, 4422, t1) -> (4422, 192, 1467, t2=t1+(1, 4))	1	322
(502, 87, 1880, t1) -> (502, 87, 502, t2=t1+(1, 7))	1	323
(4632, 93, 1450, t1) -> (1450, 93, 4632, t2=t1+(1, 5))	1	324
(494, 74, 4906, t1) -> (4906, 74, 4906, t2=t1+(1, 5))	1	325
(3867, 166, 4476, t1) -> (4476, 166, 3867, t2=t1+(1, 8))	1	326
(1217, 140, 4144, t1) -> (4144, 140, 1217, t2=t1+(1, 6))	1	327
(1773, 126, 3862, t1) -> (1773, 126, 3862, t2=t1+(1, 1))	1	328
(3999, 3, 1792, t1) -> (1792, 3, 1792, t2=t1+(1, 3))	1	329
(154, 146, 827, t1) -> (154, 146, 154, t2=t1+(1, 6))	1	330
(3109, 140, 2041, t1) -> (2041, 140, 2041, t2=t1+(1, 3))	1	331
(1251, 94, 1537, t1) -> (1537, 94, 1537, t2=t1+(1, 7))	1	332
(1885, 59, 1488, t1) -> (1488, 59, 1885, t2=t1+(1, 2))	1	333
(3200, 112, 2924, t1) -> (2924, 112, 2924, t2=t1+(1, 3))	1	334
(1777, 160, 3765, t1) -> (1777, 160, 1777, t2=t1+(1, 5))	1	335
(910, 62, 3530, t1) -> (910, 62, 3530, t2=t1+(1, 4))	1	336
(2363, 87, 3954, t1) -> (3954, 87, 2363, t2=t1+(1, 3))	1	337
(1625, 149, 245, t1) -> (1625, 149, 1625, t2=t1+(1, 7))	1	338
(3770, 26, 622, t1) -> (3770, 26, 622, t2=t1+(1, 3))	1	339
(2361, 8, 3114, t1) -> (2361, 8, 3114, t2=t1+(1, 4))	1	340
(1530, 110, 293, t1) -> (293, 110, 1530, t2=t1+(1, 4))	1	341
(399, 32, 256, t1) -> (256, 32, 256, t2=t1+(1, 5))	1	342
(4794, 167, 1096, t1) -> (1096, 167, 4794, t2=t1+(1, 5))	1	343
(4774, 183, 4587, t1) -> (4774, 183, 4774, t2=t1+(1, 4))	1	344
(550, 134, 2655, t1) -> (550, 134, 2655, t2=t1+(1, 5))	1	345
(1631, 99, 309, t1) -> (309, 99, 309, t2=t1+(1, 2))	1	346
(1284, 126, 2023, t1) -> (1284, 126, 2023, t2=t1+(1, 10))	1	347
(1753, 189, 763, t1) -> (763, 189, 1753, t2=t1+(1, 5))	1	348
(4583, 183, 261, t1) -> (261, 183, 261, t2=t1+(1, 5))	1	349
