(142, 95, 4200, t1) & (985, 140, 2157, t2=t1+(0, 4)) & (985, 11, 4200, t3=t2+(0, 7)) -> (4200, 140, 2157, t4=t3+(1, 6))	3	0
(43, 184, 4014, t1) & (4911, 41, 1283, t2=t1+(0, 5)) & (4014, 183, 4911, t3=t2+(0, 3)) -> (4014, 183, 4911, t4=t3+(1, 2))	3	1
(787, 143, 548, t1) & (3472, 183, 1522, t2=t1+(0, 6)) & (1522, 77, 548, t3=t2+(0, 4)) -> (3472, 77, 548, t4=t3+(1, 10))	3	2
(3934, 127, 1542, t1) & (1099, 103, 4385, t2=t1+(0, 5)) & (3934, 177, 4385, t3=t2+(0, 4)) -> (3934, 177, 3934, t4=t3+(1, 2))	3	3
(408, 140, 1771, t1) & (3725, 23, 3407, t2=t1+(0, 8)) & (3407, 96, 1771, t3=t2+(0, 12)) -> (1771, 96, 408, t4=t3+(1, 5))	3	4
(1635, 66, 2062, t1) & (2578, 39, 3825, t2=t1+(0, 6)) & (2578, 113, 2062, t3=t2+(0, 3)) -> (1635, 66, 3825, t4=t3+(1, 9))	3	5
(103, 194, 2224, t1) & (627, 83, 4948, t2=t1+(0, 3)) & (4948, 127, 2224, t3=t2+(0, 11)) -> (4948, 194, 2224, t4=t3+(1, 1))	3	6
(644, 68, 3080, t1) & (2370, 51, 4475, t2=t1+(0, 4)) & (3080, 130, 4475, t3=t2+(0, 6)) -> (2370, 130, 2370, t4=t3+(1, 7))	3	7
(2824, 29, 4662, t1) & (2971, 168, 2254, t2=t1+(0, 3)) & (2971, 10, 2824, t3=t2+(0, 10)) -> (4662, 168, 4662, t4=t3+(1, 6))	3	8
(3247, 71, 623, t1) & (4216, 85, 2216, t2=t1+(0, 10)) & (3247, 199, 4216, t3=t2+(0, 8)) -> (4216, 85, 4216, t4=t3+(1, 6))	3	9
(4570, 61, 4471, t1) & (480, 6, 1055, t2=t1+(0, 1)) & (4570, 154, 480, t3=t2+(0, 4)) -> (4570, 61, 4471, t4=t3+(1, 5))	3	10
(4307, 137, 3735, t1) & (2024, 192, 4544, t2=t1+(0, 3)) & (2024, 130, 4307, t3=t2+(0, 5)) -> (4544, 192, 2024, t4=t3+(1, 5))	3	11
(3851, 97, 594, t1) & (4475, 21, 3725, t2=t1+(0, 1)) & (3851, 159, 3725, t3=t2+(0, 3)) -> (594, 159, 4475, t4=t3+(1, 9))	3	12
(3333, 180, 1546, t1) & (839, 170, 2866, t2=t1+(0, 6)) & (3333, 176, 839, t3=t2+(0, 4)) -> (1546, 180, 2866, t4=t3+(1, 2))	3	13
(3811, 110, 2602, t1) & (3323, 156, 3179, t2=t1+(0, 6)) & (3323, 198, 2602, t3=t2+(0, 5)) -> (3323, 198, 2602, t4=t3+(1, 5))	3	14
(862, 185, 1557, t1) & (650, 79, 2925, t2=t1+(0, 3)) & (650, 107, 1557, t3=t2+(0, 3)) -> (650, 185, 1557, t4=t3+(1, 6))	3	15
(2259, 139, 1786, t1) & (2259, 97, 2267, t2=t1+(0, 7)) & (2267, 187, 2259, t3=t2+(0, 5)) -> (2259, 187, 2259, t4=t3+(1, 3))	3	16
(3131, 138, 421, t1) & (1666, 61, 3422, t2=t1+(0, 5)) & (3131, 176, 1666, t3=t2+(0, 1)) -> (3422, 61, 1666, t4=t3+(1, 5))	3	17
(3572, 30, 875, t1) & (3892, 58, 1305, t2=t1+(0, 2)) & (3892, 97, 3572, t3=t2+(0, 4)) -> (3572, 30, 3892, t4=t3+(1, 2))	3	18
(191, 107, 2752, t1) & (940, 75, 3451, t2=t1+(0, 7)) & (3451, 103, 191, t3=t2+(0, 3)) -> (191, 103, 2752, t4=t3+(1, 3))	3	19
(936, 107, 4510, t1) & (2901, 62, 1635, t2=t1+(0, 1)) & (1635, 99, 4510, t3=t2+(0, 2)) -> (1635, 62, 4510, t4=t3+(1, 4))	3	20
(2370, 11, 3934, t1) & (1361, 194, 2478, t2=t1+(0, 5)) & (1361, 183, 3934, t3=t2+(0, 5)) -> (3934, 183, 2478, t4=t3+(1, 9))	3	21
(1251, 62, 2216, t1) & (2136, 155, 3372, t2=t1+(0, 4)) & (1251, 168, 3372, t3=t2+(0, 2)) -> (1251, 62, 3372, t4=t3+(1, 5))	3	22
(2770, 46, 1012, t1) & (2264, 169, 788, t2=t1+(0, 5)) & (1012, 93, 788, t3=t2+(0, 8)) -> (1012, 46, 2264, t4=t3+(1, 6))	3	23
(4086, 7, 1198, t1) & (2048, 19, 2551, t2=t1+(0, 10)) & (2551, 113, 4086, t3=t2+(0, 6)) -> (2551, 7, 2551, t4=t3+(1, 3))	3	24
(627, 42, 4877, t1) & (367, 121, 4211, t2=t1+(0, 6)) & (367, 165, 627, t3=t2+(0, 4)) -> (367, 121, 627, t4=t3+(1, 2))	3	25
(863, 23, 2370, t1) & (1453, 130, 702, t2=t1+(0, 3)) & (863, 121, 702, t3=t2+(0, 3)) -> (1453, 121, 702, t4=t3+(1, 5))	3	26
(861, 66, 3441, t1) & (4260, 71, 3555, t2=t1+(0, 5)) & (861, 73, 4260, t3=t2+(0, 7)) -> (3441, 66, 861, t4=t3+(1, 3))	3	27
(2680, 6, 4906, t1) & (4968, 104, 359, t2=t1+(0, 7)) & (2680, 76, 359, t3=t2+(0, 4)) -> (2680, 104, 2680, t4=t3+(1, 4))	3	28
(3035, 30, 4510, t1) & (4315, 102, 536, t2=t1+(0, 9)) & (536, 30, 3035, t3=t2+(0, 4)) -> (4510, 102, 4315, t4=t3+(1, 9))	3	29
(689, 71, 827, t1) & (1283, 102, 4365, t2=t1+(0, 12)) & (1283, 103, 827, t3=t2+(0, 8)) -> (4365, 103, 827, t4=t3+(1, 2))	3	30
(423, 175, 1364, t1) & (2465, 81, 2817, t2=t1+(0, 6)) & (2465, 90, 1364, t3=t2+(0, 4)) -> (423, 81, 2465, t4=t3+(1, 4))	3	31
(2918, 54, 536, t1) & (2012, 170, 1607, t2=t1+(0, 3)) & (2012, 83, 2918, t3=t2+(0, 6)) -> (536, 83, 2012, t4=t3+(1, 9))	3	32
(2247, 70, 1171, t1) & (985, 175, 2801, t2=t1+(0, 3)) & (2247, 194, 2801, t3=t2+(0, 7)) -> (2247, 194, 1171, t4=t3+(1, 4))	3	33
(3654, 121, 1453, t1) & (3247, 94, 4014, t2=t1+(0, 2)) & (4014, 112, 3654, t3=t2+(0, 4)) -> (1453, 112, 3247, t4=t3+(1, 1))	3	34
(3248, 90, 764, t1) & (2186, 121, 1545, t2=t1+(0, 5)) & (3248, 7, 1545, t3=t2+(0, 10)) -> (3248, 121, 3248, t4=t3+(1, 4))	3	35
(3513, 30, 3892, t1) & (1364, 143, 3771, t2=t1+(0, 7)) & (3892, 168, 3771, t3=t2+(0, 10)) -> (3771, 143, 3892, t4=t3+(1, 4))	3	36
(4014, 121, 2038, t1) & (858, 58, 4314, t2=t1+(0, 5)) & (858, 81, 4014, t3=t2+(0, 7)) -> (858, 121, 4014, t4=t3+(1, 1))	3	37
(3735, 71, 1027, t1) & (689, 119, 1522, t2=t1+(0, 7)) & (1522, 117, 1027, t3=t2+(0, 6)) -> (1027, 119, 1522, t4=t3+(1, 7))	3	38
(3203, 138, 3834, t1) & (2250, 138, 2137, t2=t1+(0, 5)) & (2250, 168, 3834, t3=t2+(0, 5)) -> (3834, 138, 3834, t4=t3+(1, 5))	3	39
(1952, 19, 4314, t1) & (4852, 107, 3677, t2=t1+(0, 8)) & (4314, 128, 4852, t3=t2+(0, 4)) -> (4852, 107, 4852, t4=t3+(1, 3))	3	40
(4243, 127, 4322, t1) & (1036, 68, 3482, t2=t1+(0, 3)) & (1036, 92, 4243, t3=t2+(0, 6)) -> (4322, 92, 4322, t4=t3+(1, 8))	3	41
(3792, 121, 2136, t1) & (3892, 191, 3114, t2=t1+(0, 6)) & (3892, 103, 3792, t3=t2+(0, 4)) -> (3114, 191, 3792, t4=t3+(1, 5))	3	42
(646, 86, 3080, t1) & (1089, 29, 4483, t2=t1+(0, 7)) & (3080, 110, 4483, t3=t2+(0, 1)) -> (646, 86, 1089, t4=t3+(1, 3))	3	43
(337, 7, 288, t1) & (4322, 180, 2144, t2=t1+(0, 6)) & (288, 101, 4322, t3=t2+(0, 5)) -> (288, 101, 4322, t4=t3+(1, 4))	3	44
(1569, 125, 4042, t1) & (4483, 60, 4309, t2=t1+(0, 8)) & (4309, 124, 1569, t3=t2+(0, 5)) -> (4483, 125, 4309, t4=t3+(1, 6))	3	45
(3317, 102, 738, t1) & (4103, 186, 1666, t2=t1+(0, 7)) & (1666, 32, 738, t3=t2+(0, 7)) -> (738, 102, 738, t4=t3+(1, 2))	3	46
(1579, 107, 4014, t1) & (2796, 189, 1584, t2=t1+(0, 5)) & (2796, 128, 1579, t3=t2+(0, 8)) -> (2796, 128, 2796, t4=t3+(1, 2))	3	47
(1635, 99, 2370, t1) & (4911, 120, 1545, t2=t1+(0, 9)) & (1545, 96, 2370, t3=t2+(0, 3)) -> (2370, 99, 2370, t4=t3+(1, 8))	3	48
(3414, 22, 1806, t1) & (3851, 155, 1216, t2=t1+(0, 9)) & (3851, 112, 1806, t3=t2+(0, 7)) -> (3414, 22, 3414, t4=t3+(1, 6))	3	49
(2925, 170, 2090, t1) & (549, 138, 2217, t2=t1+(0, 5)) & (549, 93, 2090, t3=t2+(0, 2)) -> (549, 170, 2090, t4=t3+(1, 6))	3	50
(4091, 180, 3649, t1) & (3251, 96, 3131, t2=t1+(0, 5)) & (4091, 119, 3131, t3=t2+(0, 5)) -> (3251, 180, 3131, t4=t3+(1, 4))	3	51
(4307, 49, 291, t1) & (4976, 60, 4288, t2=t1+(0, 6)) & (4307, 196, 4976, t3=t2+(0, 6)) -> (4976, 49, 4976, t4=t3+(1, 4))	3	52
(1444, 22, 965, t1) & (3509, 190, 3994, t2=t1+(0, 3)) & (965, 8, 3509, t3=t2+(0, 1)) -> (965, 22, 1444, t4=t3+(1, 1))	3	53
(991, 107, 313, t1) & (1198, 7, 593, t2=t1+(0, 9)) & (991, 110, 593, t3=t2+(0, 5)) -> (991, 7, 991, t4=t3+(1, 5))	3	54
(278, 33, 2325, t1) & (1607, 90, 4436, t2=t1+(0, 7)) & (4436, 70, 278, t3=t2+(0, 3)) -> (2325, 90, 278, t4=t3+(1, 9))	3	55
(83, 126, 3080, t1) & (2370, 180, 4652, t2=t1+(0, 10)) & (3080, 192, 2370, t3=t2+(0, 8)) -> (2370, 180, 3080, t4=t3+(1, 8))	3	56
(1750, 47, 4227, t1) & (413, 194, 4723, t2=t1+(0, 5)) & (413, 144, 4227, t3=t2+(0, 3)) -> (4227, 194, 413, t4=t3+(1, 3))	3	57
(3994, 60, 3726, t1) & (3589, 168, 1943, t2=t1+(0, 3)) & (3994, 155, 3589, t3=t2+(0, 5)) -> (3589, 168, 1943, t4=t3+(1, 4))	3	58
(1247, 23, 4317, t1) & (3421, 138, 1395, t2=t1+(0, 2)) & (3421, 95, 4317, t3=t2+(0, 5)) -> (4317, 23, 3421, t4=t3+(1, 7))	3	59
(4853, 97, 1607, t1) & (4210, 125, 4000, t2=t1+(0, 5)) & (1607, 85, 4210, t3=t2+(0, 5)) -> (1607, 97, 4000, t4=t3+(1, 6))	3	60
(1005, 177, 895, t1) & (217, 35, 241, t2=t1+(0, 9)) & (241, 180, 895, t3=t2+(0, 6)) -> (241, 180, 895, t4=t3+(1, 4))	3	61
(145, 112, 4317, t1) & (1081, 107, 3555, t2=t1+(0, 6)) & (145, 42, 3555, t3=t2+(0, 6)) -> (1081, 107, 145, t4=t3+(1, 1))	3	62
(3667, 199, 522, t1) & (3916, 154, 1534, t2=t1+(0, 7)) & (3916, 112, 522, t3=t2+(0, 7)) -> (3916, 112, 522, t4=t3+(1, 7))	3	63
(4240, 180, 3317, t1) & (3758, 168, 3892, t2=t1+(0, 7)) & (3892, 152, 4240, t3=t2+(0, 6)) -> (3758, 152, 4240, t4=t3+(1, 3))	3	64
(1945, 168, 1527, t1) & (3592, 170, 2070, t2=t1+(0, 6)) & (3592, 180, 1527, t3=t2+(0, 4)) -> (2070, 168, 1945, t4=t3+(1, 2))	3	65
(2038, 61, 4672, t1) & (3396, 100, 4056, t2=t1+(0, 2)) & (2038, 41, 4056, t3=t2+(0, 6)) -> (4672, 41, 4056, t4=t3+(1, 8))	3	66
(4142, 19, 3257, t1) & (1005, 62, 2119, t2=t1+(0, 4)) & (2119, 107, 3257, t3=t2+(0, 4)) -> (3257, 62, 1005, t4=t3+(1, 3))	3	67
(262, 110, 3892, t1) & (673, 97, 806, t2=t1+(0, 2)) & (3892, 113, 806, t3=t2+(0, 3)) -> (806, 110, 673, t4=t3+(1, 3))	3	68
(2695, 66, 4059, t1) & (2974, 85, 4675, t2=t1+(0, 7)) & (4059, 33, 4675, t3=t2+(0, 4)) -> (4059, 66, 2974, t4=t3+(1, 7))	3	69
(599, 98, 3177, t1) & (43, 97, 1630, t2=t1+(0, 3)) & (599, 147, 43, t3=t2+(0, 6)) -> (599, 98, 43, t4=t3+(1, 6))	3	70
(2816, 124, 2782, t1) & (1414, 8, 702, t2=t1+(0, 5)) & (702, 98, 2782, t3=t2+(0, 3)) -> (702, 8, 702, t4=t3+(1, 10))	3	71
(1058, 166, 103, t1) & (797, 47, 4911, t2=t1+(0, 6)) & (1058, 30, 797, t3=t2+(0, 6)) -> (797, 30, 103, t4=t3+(1, 8))	3	72
(1856, 61, 1126, t1) & (3212, 97, 397, t2=t1+(0, 7)) & (397, 66, 1126, t3=t2+(0, 8)) -> (1126, 61, 397, t4=t3+(1, 1))	3	73
(4053, 105, 4385, t1) & (2489, 161, 669, t2=t1+(0, 2)) & (4053, 111, 669, t3=t2+(0, 1)) -> (4385, 105, 2489, t4=t3+(1, 4))	3	74
(735, 110, 4665, t1) & (2077, 95, 1635, t2=t1+(0, 4)) & (2077, 6, 735, t3=t2+(0, 5)) -> (4665, 6, 2077, t4=t3+(1, 10))	3	75
(4342, 60, 4436, t1) & (1806, 46, 273, t2=t1+(0, 3)) & (1806, 94, 4342, t3=t2+(0, 2)) -> (4342, 94, 4436, t4=t3+(1, 7))	3	76
(2652, 85, 482, t1) & (862, 154, 522, t2=t1+(0, 8)) & (522, 190, 2652, t3=t2+(0, 6)) -> (2652, 85, 522, t4=t3+(1, 3))	3	77
(2456, 145, 3422, t1) & (776, 110, 2599, t2=t1+(0, 6)) & (2599, 88, 2456, t3=t2+(0, 8)) -> (3422, 145, 2456, t4=t3+(1, 2))	3	78
(2604, 110, 1696, t1) & (3580, 90, 1689, t2=t1+(0, 4)) & (1689, 101, 2604, t3=t2+(0, 2)) -> (1696, 101, 2604, t4=t3+(1, 5))	3	79
(1444, 121, 1827, t1) & (522, 97, 4307, t2=t1+(0, 3)) & (4307, 41, 1444, t3=t2+(0, 3)) -> (4307, 41, 1444, t4=t3+(1, 3))	3	80
(4570, 121, 787, t1) & (806, 195, 3441, t2=t1+(0, 4)) & (806, 79, 787, t3=t2+(0, 2)) -> (3441, 121, 806, t4=t3+(1, 5))	3	81
(531, 68, 3748, t1) & (2381, 61, 4859, t2=t1+(0, 2)) & (531, 180, 2381, t3=t2+(0, 4)) -> (4859, 61, 3748, t4=t3+(1, 6))	3	82
(2370, 33, 2846, t1) & (809, 70, 3966, t2=t1+(0, 6)) & (2370, 176, 809, t3=t2+(0, 5)) -> (2370, 176, 2370, t4=t3+(1, 3))	3	83
(2451, 45, 2551, t1) & (3966, 61, 1109, t2=t1+(0, 5)) & (1109, 108, 2551, t3=t2+(0, 3)) -> (1109, 61, 3966, t4=t3+(1, 5))	3	84
(2824, 98, 3046, t1) & (4174, 138, 936, t2=t1+(0, 5)) & (3046, 74, 4174, t3=t2+(0, 4)) -> (936, 138, 3046, t4=t3+(1, 5))	3	85
(231, 140, 3080, t1) & (311, 158, 2325, t2=t1+(0, 4)) & (311, 170, 3080, t3=t2+(0, 4)) -> (311, 158, 311, t4=t3+(1, 5))	3	86
(3934, 145, 4140, t1) & (672, 195, 797, t2=t1+(0, 3)) & (672, 176, 3934, t3=t2+(0, 6)) -> (3934, 176, 3934, t4=t3+(1, 2))	3	87
(1154, 178, 1364, t1) & (3782, 90, 4937, t2=t1+(0, 4)) & (3782, 138, 1364, t3=t2+(0, 5)) -> (1364, 138, 1364, t4=t3+(1, 5))	3	88
(1856, 73, 2216, t1) & (1282, 27, 3635, t2=t1+(0, 3)) & (3635, 170, 2216, t3=t2+(0, 2)) -> (1282, 170, 1856, t4=t3+(1, 3))	3	89
(2942, 4, 3482, t1) & (1152, 110, 4352, t2=t1+(0, 7)) & (1152, 143, 2942, t3=t2+(0, 5)) -> (2942, 143, 2942, t4=t3+(1, 7))	3	90
(1410, 68, 3052, t1) & (3592, 77, 3275, t2=t1+(0, 5)) & (3592, 33, 1410, t3=t2+(0, 7)) -> (3052, 77, 1410, t4=t3+(1, 6))	3	91
(4483, 71, 4288, t1) & (3988, 82, 339, t2=t1+(0, 4)) & (4288, 121, 339, t3=t2+(0, 1)) -> (4288, 121, 3988, t4=t3+(1, 2))	3	92
(1542, 112, 3080, t1) & (4582, 29, 1922, t2=t1+(0, 8)) & (3080, 160, 1922, t3=t2+(0, 4)) -> (3080, 29, 1922, t4=t3+(1, 5))	3	93
(3290, 135, 490, t1) & (2512, 152, 2136, t2=t1+(0, 8)) & (490, 7, 2512, t3=t2+(0, 6)) -> (490, 7, 2512, t4=t3+(1, 6))	3	94
(4309, 25, 1364, t1) & (337, 135, 2827, t2=t1+(0, 4)) & (337, 119, 4309, t3=t2+(0, 6)) -> (337, 119, 337, t4=t3+(1, 4))	3	95
(1277, 71, 1859, t1) & (2692, 121, 4385, t2=t1+(0, 6)) & (4385, 149, 1859, t3=t2+(0, 5)) -> (1277, 121, 1277, t4=t3+(1, 7))	3	96
(1281, 43, 3412, t1) & (1417, 106, 3725, t2=t1+(0, 6)) & (3725, 67, 1281, t3=t2+(0, 6)) -> (1281, 67, 3725, t4=t3+(1, 10))	3	97
(408, 61, 339, t1) & (3248, 130, 585, t2=t1+(0, 5)) & (3248, 88, 339, t3=t2+(0, 4)) -> (339, 88, 339, t4=t3+(1, 2))	3	98
(2874, 90, 124, t1) & (2485, 94, 3485, t2=t1+(0, 6)) & (124, 30, 3485, t3=t2+(0, 8)) -> (124, 90, 3485, t4=t3+(1, 3))	3	99
(363, 180, 3994, t1) & (1165, 66, 363, t2=t1+(0, 4)) -> (363, 180, 363, t3=t2+(1, 5))	2	100
(3475, 101, 210, t1) & (2250, 186, 3475, t2=t1+(0, 3)) -> (3475, 186, 3475, t3=t2+(1, 2))	2	101
(2465, 196, 522, t1) & (4209, 95, 2465, t2=t1+(0, 3)) -> (2465, 196, 2465, t3=t2+(1, 4))	2	102
(3994, 32, 806, t1) & (2809, 180, 806, t2=t1+(0, 6)) -> (806, 180, 2809, t3=t2+(1, 6))	2	103
(3599, 87, 2179, t1) & (3599, 86, 4573, t2=t1+(0, 3)) -> (3599, 87, 2179, t3=t2+(1, 7))	2	104
(2956, 49, 339, t1) & (2012, 30, 2956, t2=t1+(0, 6)) -> (339, 30, 2956, t3=t2+(1, 3))	2	105
(3275, 31, 4365, t1) & (3275, 90, 3275, t2=t1+(0, 5)) -> (3275, 31, 3275, t3=t2+(1, 4))	2	106
(2403, 92, 395, t1) & (816, 148, 395, t2=t1+(0, 6)) -> (395, 148, 395, t3=t2+(1, 6))	2	107
(1005, 139, 3265, t1) & (1005, 140, 2680, t2=t1+(0, 3)) -> (2680, 140, 1005, t3=t2+(1, 6))	2	108
(1283, 6, 875, t1) & (940, 47, 875, t2=t1+(0, 4)) -> (1283, 47, 875, t3=t2+(1, 7))	2	109
(1534, 41, 3131, t1) & (1534, 158, 3592, t2=t1+(0, 2)) -> (3131, 158, 1534, t3=t2+(1, 1))	2	110
(262, 124, 1866, t1) & (262, 86, 262, t2=t1+(0, 7)) -> (262, 86, 262, t3=t2+(1, 7))	2	111
(2118, 99, 2062, t1) & (2118, 112, 2077, t2=t1+(0, 8)) -> (2062, 99, 2118, t3=t2+(1, 5))	2	112
(4766, 41, 1195, t1) & (4766, 54, 2236, t2=t1+(0, 3)) -> (2236, 54, 4766, t3=t2+(1, 4))	2	113
(3783, 94, 4646, t1) & (2402, 140, 3783, t2=t1+(0, 2)) -> (4646, 94, 3783, t3=t2+(1, 3))	2	114
(4986, 183, 1005, t1) & (1993, 3, 1005, t2=t1+(0, 7)) -> (1005, 3, 1005, t3=t2+(1, 6))	2	115
(3556, 65, 4433, t1) & (4433, 177, 3556, t2=t1+(0, 7)) -> (4433, 65, 4433, t3=t2+(1, 10))	2	116
(3967, 110, 3482, t1) & (3482, 7, 3482, t2=t1+(0, 3)) -> (3482, 7, 3482, t3=t2+(1, 8))	2	117
(2115, 21, 3215, t1) & (2115, 90, 3215, t2=t1+(0, 4)) -> (2115, 90, 2115, t3=t2+(1, 8))	2	118
(1408, 62, 3735, t1) & (1408, 186, 2797, t2=t1+(0, 5)) -> (3735, 62, 1408, t3=t2+(1, 6))	2	119
(2519, 79, 2739, t1) & (2519, 187, 2739, t2=t1+(0, 8)) -> (2519, 79, 2739, t3=t2+(1, 6))	2	120
(4158, 168, 4, t1) & (4544, 160, 4, t2=t1+(0, 4)) -> (4158, 160, 4, t3=t2+(1, 3))	2	121
(3551, 32, 2914, t1) & (985, 122, 3551, t2=t1+(0, 2)) -> (3551, 32, 2914, t3=t2+(1, 6))	2	122
(3892, 85, 1984, t1) & (3892, 166, 3892, t2=t1+(0, 1)) -> (3892, 85, 3892, t3=t2+(1, 5))	2	123
(855, 26, 2796, t1) & (2042, 165, 855, t2=t1+(0, 2)) -> (855, 26, 855, t3=t2+(1, 2))	2	124
(1198, 137, 2491, t1) & (1198, 14, 4693, t2=t1+(0, 7)) -> (1198, 137, 2491, t3=t2+(1, 5))	2	125
(291, 27, 813, t1) & (291, 73, 4875, t2=t1+(0, 3)) -> (4875, 73, 291, t3=t2+(1, 6))	2	126
(2824, 189, 3711, t1) & (3711, 61, 2824, t2=t1+(0, 4)) -> (2824, 189, 3711, t3=t2+(1, 7))	2	127
(1498, 177, 2940, t1) & (2940, 189, 2940, t2=t1+(0, 5)) -> (2940, 177, 2940, t3=t2+(1, 4))	2	128
(2145, 57, 2162, t1) & (632, 55, 2162, t2=t1+(0, 4)) -> (2145, 57, 2162, t3=t2+(1, 6))	2	129
(3179, 22, 3677, t1) & (3286, 183, 3179, t2=t1+(0, 3)) -> (3179, 22, 3179, t3=t2+(1, 4))	2	130
(1815, 77, 4653, t1) & (1815, 107, 4653, t2=t1+(0, 3)) -> (4653, 77, 1815, t3=t2+(1, 1))	2	131
(1581, 92, 2371, t1) & (2371, 183, 2508, t2=t1+(0, 3)) -> (1581, 183, 1581, t3=t2+(1, 1))	2	132
(1786, 33, 4366, t1) & (1786, 29, 4366, t2=t1+(0, 9)) -> (4366, 33, 1786, t3=t2+(1, 5))	2	133
(3306, 103, 291, t1) & (3306, 113, 3422, t2=t1+(0, 2)) -> (3306, 113, 3306, t3=t2+(1, 5))	2	134
(3521, 65, 4014, t1) & (1859, 30, 3521, t2=t1+(0, 7)) -> (3521, 65, 3521, t3=t2+(1, 3))	2	135
(4570, 97, 421, t1) & (862, 101, 421, t2=t1+(0, 6)) -> (862, 101, 421, t3=t2+(1, 3))	2	136
(2824, 140, 1806, t1) & (2824, 194, 888, t2=t1+(0, 2)) -> (2824, 140, 2824, t3=t2+(1, 5))	2	137
(4307, 46, 4307, t1) & (4307, 125, 4307, t2=t1+(0, 6)) -> (4307, 46, 4307, t3=t2+(1, 7))	2	138
(213, 7, 3129, t1) & (3129, 27, 3406, t2=t1+(0, 7)) -> (213, 27, 3129, t3=t2+(1, 5))	2	139
(775, 162, 4307, t1) & (3195, 60, 4307, t2=t1+(0, 4)) -> (4307, 60, 775, t3=t2+(1, 3))	2	140
(522, 42, 2863, t1) & (522, 170, 1126, t2=t1+(0, 5)) -> (522, 42, 2863, t3=t2+(1, 6))	2	141
(1546, 49, 1843, t1) & (4483, 180, 1843, t2=t1+(0, 2)) -> (1843, 180, 4483, t3=t2+(1, 6))	2	142
(3482, 79, 3748, t1) & (3482, 155, 4777, t2=t1+(0, 3)) -> (3482, 155, 4777, t3=t2+(1, 8))	2	143
(2824, 14, 337, t1) & (669, 90, 337, t2=t1+(0, 5)) -> (669, 90, 337, t3=t2+(1, 7))	2	144
(4656, 41, 2799, t1) & (2799, 176, 4103, t2=t1+(0, 2)) -> (2799, 41, 4103, t3=t2+(1, 10))	2	145
(1856, 119, 3244, t1) & (1856, 119, 1856, t2=t1+(0, 4)) -> (1856, 119, 1856, t3=t2+(1, 5))	2	146
(3014, 103, 1197, t1) & (3014, 149, 3014, t2=t1+(0, 5)) -> (1197, 103, 3014, t3=t2+(1, 3))	2	147
(407, 36, 686, t1) & (407, 152, 686, t2=t1+(0, 12)) -> (407, 36, 686, t3=t2+(1, 6))	2	148
(3114, 185, 185, t1) & (2264, 197, 3114, t2=t1+(0, 2)) -> (185, 185, 3114, t3=t2+(1, 9))	2	149
(3372, 183, 4159, t1) & (676, 46, 4159, t2=t1+(0, 6)) -> (676, 46, 4159, t3=t2+(1, 5))	2	150
(339, 170, 38, t1) & (741, 149, 339, t2=t1+(0, 4)) -> (741, 149, 339, t3=t2+(1, 2))	2	151
(4914, 30, 1514, t1) & (4914, 107, 4914, t2=t1+(0, 5)) -> (4914, 107, 4914, t3=t2+(1, 6))	2	152
(185, 21, 2157, t1) & (2157, 168, 2157, t2=t1+(0, 7)) -> (2157, 21, 2157, t3=t2+(1, 8))	2	153
(1444, 86, 2136, t1) & (1806, 170, 2136, t2=t1+(0, 7)) -> (1806, 170, 2136, t3=t2+(1, 8))	2	154
(745, 96, 211, t1) & (4142, 70, 211, t2=t1+(0, 6)) -> (4142, 70, 211, t3=t2+(1, 2))	2	155
(460, 88, 1409, t1) & (460, 51, 460, t2=t1+(0, 3)) -> (460, 88, 1409, t3=t2+(1, 4))	2	156
(1738, 130, 93, t1) & (1738, 154, 3532, t2=t1+(0, 9)) -> (1738, 130, 93, t3=t2+(1, 4))	2	157
(3595, 7, 4791, t1) & (3758, 191, 3595, t2=t1+(0, 9)) -> (3595, 7, 3758, t3=t2+(1, 2))	2	158
(2179, 126, 1535, t1) & (2179, 19, 4385, t2=t1+(0, 5)) -> (1535, 126, 2179, t3=t2+(1, 3))	2	159
(2254, 170, 3725, t1) & (3592, 110, 3725, t2=t1+(0, 6)) -> (3592, 170, 3725, t3=t2+(1, 3))	2	160
(2796, 11, 1806, t1) & (4288, 185, 1806, t2=t1+(0, 1)) -> (1806, 11, 4288, t3=t2+(1, 4))	2	161
(1522, 121, 4674, t1) & (1522, 52, 4019, t2=t1+(0, 3)) -> (1522, 121, 1522, t3=t2+(1, 5))	2	162
(3317, 173, 936, t1) & (1389, 2, 3317, t2=t1+(0, 2)) -> (1389, 2, 1389, t3=t2+(1, 8))	2	163
(2599, 190, 4307, t1) & (4307, 49, 2599, t2=t1+(0, 7)) -> (4307, 49, 2599, t3=t2+(1, 3))	2	164
(1258, 18, 4385, t1) & (4385, 7, 747, t2=t1+(0, 6)) -> (747, 7, 4385, t3=t2+(1, 6))	2	165
(4521, 29, 4307, t1) & (96, 7, 4307, t2=t1+(0, 1)) -> (4307, 7, 4521, t3=t2+(1, 3))	2	166
(3595, 107, 2371, t1) & (2371, 122, 2968, t2=t1+(0, 3)) -> (2968, 122, 2968, t3=t2+(1, 7))	2	167
(3426, 31, 3782, t1) & (1983, 124, 3782, t2=t1+(0, 4)) -> (1983, 124, 3426, t3=t2+(1, 1))	2	168
(3080, 19, 2478, t1) & (3080, 127, 2478, t2=t1+(0, 4)) -> (2478, 19, 2478, t3=t2+(1, 9))	2	169
(3241, 62, 3080, t1) & (3241, 149, 3080, t2=t1+(0, 3)) -> (3080, 149, 3080, t3=t2+(1, 6))	2	170
(3541, 97, 667, t1) & (565, 7, 3541, t2=t1+(0, 5)) -> (3541, 7, 3541, t3=t2+(1, 3))	2	171
(2732, 77, 1254, t1) & (839, 105, 1254, t2=t1+(0, 2)) -> (2732, 105, 2732, t3=t2+(1, 2))	2	172
(1364, 153, 3200, t1) & (3892, 45, 1364, t2=t1+(0, 6)) -> (1364, 45, 1364, t3=t2+(1, 5))	2	173
(3502, 110, 1305, t1) & (3502, 180, 627, t2=t1+(0, 3)) -> (3502, 180, 1305, t3=t2+(1, 6))	2	174
(4142, 125, 2991, t1) & (2991, 191, 4142, t2=t1+(0, 5)) -> (4142, 191, 4142, t3=t2+(1, 11))	2	175
(1778, 92, 303, t1) & (3298, 39, 303, t2=t1+(0, 6)) -> (1778, 92, 1778, t3=t2+(1, 4))	2	176
(1039, 33, 3592, t1) & (3748, 167, 3592, t2=t1+(0, 5)) -> (1039, 167, 3592, t3=t2+(1, 5))	2	177
(4227, 107, 309, t1) & (4352, 180, 4227, t2=t1+(0, 4)) -> (4227, 180, 4227, t3=t2+(1, 2))	2	178
(1701, 62, 1089, t1) & (1089, 14, 2197, t2=t1+(0, 5)) -> (1089, 62, 1701, t3=t2+(1, 4))	2	179
(4521, 46, 2658, t1) & (1511, 111, 2658, t2=t1+(0, 4)) -> (1511, 46, 1511, t3=t2+(1, 5))	2	180
(1922, 42, 217, t1) & (217, 143, 1922, t2=t1+(0, 4)) -> (1922, 143, 217, t3=t2+(1, 6))	2	181
(1433, 110, 4675, t1) & (4470, 154, 1433, t2=t1+(0, 6)) -> (1433, 110, 4470, t3=t2+(1, 4))	2	182
(421, 42, 1355, t1) & (2584, 74, 421, t2=t1+(0, 3)) -> (2584, 74, 2584, t3=t2+(1, 6))	2	183
(1427, 95, 3990, t1) & (936, 97, 3990, t2=t1+(0, 3)) -> (3990, 97, 3990, t3=t2+(1, 9))	2	184
(1701, 186, 2797, t1) & (2797, 196, 2797, t2=t1+(0, 8)) -> (2797, 186, 2797, t3=t2+(1, 7))	2	185
(4783, 186, 2991, t1) & (2991, 55, 2370, t2=t1+(0, 4)) -> (2991, 55, 4783, t3=t2+(1, 7))	2	186
(4014, 42, 2154, t1) & (1060, 189, 2154, t2=t1+(0, 5)) -> (1060, 42, 2154, t3=t2+(1, 3))	2	187
(4906, 90, 3687, t1) & (4906, 140, 3257, t2=t1+(0, 2)) -> (3257, 90, 3687, t3=t2+(1, 6))	2	188
(3670, 61, 4405, t1) & (1110, 52, 4405, t2=t1+(0, 2)) -> (3670, 61, 1110, t3=t2+(1, 4))	2	189
(3131, 107, 565, t1) & (4875, 97, 3131, t2=t1+(0, 6)) -> (3131, 97, 565, t3=t2+(1, 8))	2	190
(809, 153, 4350, t1) & (4350, 199, 809, t2=t1+(0, 7)) -> (809, 199, 809, t3=t2+(1, 7))	2	191
(1395, 180, 2782, t1) & (2782, 92, 2782, t2=t1+(0, 5)) -> (2782, 180, 1395, t3=t2+(1, 6))	2	192
(2157, 131, 3247, t1) & (3247, 103, 2216, t2=t1+(0, 2)) -> (3247, 103, 3247, t3=t2+(1, 2))	2	193
(4201, 168, 1666, t1) & (4738, 61, 1666, t2=t1+(0, 10)) -> (4738, 61, 1666, t3=t2+(1, 6))	2	194
(4882, 103, 2371, t1) & (4882, 46, 2991, t2=t1+(0, 1)) -> (2371, 103, 4882, t3=t2+(1, 6))	2	195
(4310, 31, 3635, t1) & (3853, 47, 3635, t2=t1+(0, 5)) -> (3635, 31, 3853, t3=t2+(1, 8))	2	196
(1458, 155, 1534, t1) & (1458, 55, 1534, t2=t1+(0, 6)) -> (1458, 155, 1534, t3=t2+(1, 9))	2	197
(4436, 152, 3595, t1) & (4436, 14, 4436, t2=t1+(0, 5)) -> (4436, 14, 4436, t3=t2+(1, 9))	2	198
(4602, 21, 2221, t1) & (4385, 136, 2221, t2=t1+(0, 7)) -> (2221, 136, 4385, t3=t2+(1, 10))	2	199
(2277, 71, 827, t1) -> (827, 71, 2277, t2=t1+(1, 5))	1	200
(1615, 195, 4020, t1) -> (1615, 195, 4020, t2=t1+(1, 1))	1	201
(3815, 180, 4977, t1) -> (3815, 180, 4977, t2=t1+(1, 6))	1	202
(4882, 189, 3782, t1) -> (4882, 189, 4882, t2=t1+(1, 8))	1	203
(2752, 153, 4385, t1) -> (2752, 153, 4385, t2=t1+(1, 3))	1	204
(1546, 145, 4521, t1) -> (4521, 145, 1546, t2=t1+(1, 7))	1	205
(2157, 73, 2692, t1) -> (2157, 73, 2692, t2=t1+(1, 9))	1	206
(4405, 45, 879, t1) -> (879, 45, 4405, t2=t1+(1, 1))	1	207
(4882, 180, 2941, t1) -> (2941, 180, 4882, t2=t1+(1, 7))	1	208
(3248, 111, 3509, t1) -> (3248, 111, 3509, t2=t1+(1, 8))	1	209
(3892, 103, 1508, t1) -> (1508, 103, 1508, t2=t1+(1, 4))	1	210
(3317, 90, 1000, t1) -> (3317, 90, 1000, t2=t1+(1, 3))	1	211
(1715, 74, 3892, t1) -> (3892, 74, 1715, t2=t1+(1, 5))	1	212
(4385, 136, 3532, t1) -> (4385, 136, 4385, t2=t1+(1, 5))	1	213
(204, 107, 3471, t1) -> (204, 107, 3471, t2=t1+(1, 6))	1	214
(1612, 155, 3771, t1) -> (3771, 155, 3771, t2=t1+(1, 2))	1	215
(566, 190, 2157, t1) -> (566, 190, 2157, t2=t1+(1, 5))	1	216
(3967, 97, 3967, t1) -> (3967, 97, 3967, t2=t1+(1, 9))	1	217
(1417, 51, 4484, t1) -> (1417, 51, 1417, t2=t1+(1, 7))	1	218
(1099, 41, 2602, t1) -> (1099, 41, 2602, t2=t1+(1, 7))	1	219
(4475, 131, 534, t1) -> (534, 131, 4475, t2=t1+(1, 5))	1	220
(1241, 42, 1283, t1) -> (1283, 42, 1283, t2=t1+(1, 6))	1	221
(4537, 112, 4917, t1) -> (4537, 112, 4537, t2=t1+(1, 2))	1	222
(1371, 110, 3407, t1) -> (1371, 110, 1371, t2=t1+(1, 2))	1	223
(3383, 150, 2133, t1) -> (2133, 150, 2133, t2=t1+(1, 6))	1	224
(1943, 61, 1055, t1) -> (1943, 61, 1055, t2=t1+(1, 4))	1	225
(2029, 85, 4468, t1) -> (4468, 85, 4468, t2=t1+(1, 8))	1	226
(2599, 183, 1283, t1) -> (2599, 183, 2599, t2=t1+(1, 4))	1	227
(1830, 128, 1922, t1) -> (1922, 128, 1830, t2=t1+(1, 3))	1	228
(1815, 7, 4967, t1) -> (1815, 7, 1815, t2=t1+(1, 6))	1	229
(2863, 39, 3725, t1) -> (2863, 39, 2863, t2=t1+(1, 2))	1	230
(1323, 192, 1154, t1) -> (1154, 192, 1323, t2=t1+(1, 4))	1	231
(1258, 98, 702, t1) -> (1258, 98, 702, t2=t1+(1, 4))	1	232
(4738, 107, 3475, t1) -> (4738, 107, 3475, t2=t1+(1, 5))	1	233
(4906, 96, 145, t1) -> (145, 96, 4906, t2=t1+(1, 4))	1	234
(2090, 113, 3114, t1) -> (3114, 113, 2090, t2=t1+(1, 9))	1	235
(4600, 138, 3290, t1) -> (3290, 138, 4600, t2=t1+(1, 5))	1	236
(2746, 47, 3217, t1) -> (3217, 47, 2746, t2=t1+(1, 8))	1	237
(4456, 77, 1943, t1) -> (4456, 77, 4456, t2=t1+(1, 8))	1	238
(494, 62, 337, t1) -> (337, 62, 494, t2=t1+(1, 6))	1	239
(2062, 180, 211, t1) -> (2062, 180, 2062, t2=t1+(1, 7))	1	240
(3521, 90, 4288, t1) -> (3521, 90, 3521, t2=t1+(1, 6))	1	241
(1326, 12, 1361, t1) -> (1326, 12, 1326, t2=t1+(1, 5))	1	242
(809, 95, 2940, t1) -> (2940, 95, 809, t2=t1+(1, 7))	1	243
(4470, 160, 1154, t1) -> (4470, 160, 1154, t2=t1+(1, 4))	1	244
(2899, 114, 2008, t1) -> (2008, 114, 2899, t2=t1+(1, 6))	1	245
(2370, 32, 37, t1) -> (2370, 32, 37, t2=t1+(1, 5))	1	246
(3453, 30, 3509, t1) -> (3453, 30, 3509, t2=t1+(1, 9))	1	247
(3244, 170, 2940, t1) -> (3244, 170, 2940, t2=t1+(1, 9))	1	248
(4672, 93, 3247, t1) -> (4672, 93, 4672, t2=t1+(1, 3))	1	249
(1414, 33, 4937, t1) -> (4937, 33, 4937, t2=t1+(1, 6))	1	250
(142, 103, 2861, t1) -> (142, 103, 2861, t2=t1+(1, 7))	1	251
(4668, 113, 3892, t1) -> (4668, 113, 4668, t2=t1+(1, 2))	1	252
(3298, 140, 4091, t1) -> (3298, 140, 4091, t2=t1+(1, 6))	1	253
(4091, 140, 1545, t1) -> (4091, 140, 1545, t2=t1+(1, 6))	1	254
(2062, 177, 1126, t1) -> (1126, 177, 2062, t2=t1+(1, 3))	1	255
(4984, 154, 3426, t1) -> (4984, 154, 3426, t2=t1+(1, 4))	1	256
(3412, 152, 954, t1) -> (954, 152, 3412, t2=t1+(1, 3))	1	257
(1725, 183, 1193, t1) -> (1193, 183, 1193, t2=t1+(1, 3))	1	258
(3212, 121, 33, t1) -> (3212, 121, 33, t2=t1+(1, 4))	1	259
(4243, 90, 4937, t1) -> (4243, 90, 4937, t2=t1+(1, 2))	1	260
(2512, 101, 1541, t1) -> (1541, 101, 1541, t2=t1+(1, 6))	1	261
(4995, 140, 2602, t1) -> (2602, 140, 2602, t2=t1+(1, 5))	1	262
(1258, 30, 4889, t1) -> (4889, 30, 1258, t2=t1+(1, 2))	1	263
(3108, 30, 2267, t1) -> (2267, 30, 2267, t2=t1+(1, 3))	1	264
(3123, 135, 1254, t1) -> (1254, 135, 1254, t2=t1+(1, 4))	1	265
(1100, 62, 3969, t1) -> (1100, 62, 3969, t2=t1+(1, 3))	1	266
(4544, 63, 2519, t1) -> (2519, 63, 4544, t2=t1+(1, 2))	1	267
(522, 170, 3589, t1) -> (3589, 170, 3589, t2=t1+(1, 6))	1	268
(4162, 105, 1350, t1) -> (1350, 105, 1350, t2=t1+(1, 5))	1	269
(1027, 125, 3286, t1) -> (3286, 125, 1027, t2=t1+(1, 3))	1	270
(3730, 65, 4342, t1) -> (3730, 65, 4342, t2=t1+(1, 4))	1	271
(4014, 7, 4582, t1) -> (4014, 7, 4014, t2=t1+(1, 10))	1	272
(3241, 145, 2153, t1) -> (2153, 145, 3241, t2=t1+(1, 5))	1	273
(4211, 103, 1371, t1) -> (4211, 103, 1371, t2=t1+(1, 6))	1	274
(57, 170, 4416, t1) -> (57, 170, 57, t2=t1+(1, 12))	1	275
(747, 21, 2325, t1) -> (2325, 21, 747, t2=t1+(1, 5))	1	276
(1048, 67, 2443, t1) -> (2443, 67, 1048, t2=t1+(1, 4))	1	277
(667, 71, 2060, t1) -> (2060, 71, 2060, t2=t1+(1, 7))	1	278
(3238, 178, 1035, t1) -> (3238, 178, 1035, t2=t1+(1, 6))	1	279
(105, 184, 1055, t1) -> (105, 184, 1055, t2=t1+(1, 5))	1	280
(560, 199, 2925, t1) -> (560, 199, 2925, t2=t1+(1, 5))	1	281
(4091, 97, 217, t1) -> (217, 97, 217, t2=t1+(1, 4))	1	282
(1461, 11, 3892, t1) -> (1461, 11, 1461, t2=t1+(1, 7))	1	283
(1417, 130, 1856, t1) -> (1856, 130, 1417, t2=t1+(1, 5))	1	284
(4210, 170, 4672, t1) -> (4210, 170, 4672, t2=t1+(1, 4))	1	285
(2602, 60, 1666, t1) -> (2602, 60, 2602, t2=t1+(1, 4))	1	286
(3426, 32, 922, t1) -> (922, 32, 3426, t2=t1+(1, 4))	1	287
(3967, 107, 1666, t1) -> (1666, 107, 3967, t2=t1+(1, 2))	1	288
(1103, 85, 3677, t1) -> (1103, 85, 1103, t2=t1+(1, 7))	1	289
(2247, 107, 4240, t1) -> (2247, 107, 4240, t2=t1+(1, 1))	1	290
(3248, 191, 1198, t1) -> (3248, 191, 1198, t2=t1+(1, 4))	1	291
(3654, 19, 3231, t1) -> (3231, 19, 3654, t2=t1+(1, 6))	1	292
(4521, 183, 2090, t1) -> (4521, 183, 4521, t2=t1+(1, 3))	1	293
(1208, 49, 3994, t1) -> (3994, 49, 3994, t2=t1+(1, 1))	1	294
(421, 138, 3552, t1) -> (3552, 138, 3552, t2=t1+(1, 8))	1	295
(4906, 30, 4159, t1) -> (4159, 30, 4159, t2=t1+(1, 7))	1	296
(3595, 8, 4741, t1) -> (3595, 8, 3595, t2=t1+(1, 4))	1	297
(4309, 181, 1928, t1) -> (1928, 181, 1928, t2=t1+(1, 6))	1	298
(2276, 177, 1055, t1) -> (1055, 177, 1055, t2=t1+(1, 6))	1	299
