(2910, 36, 2715, t1) & (2132, 13, 1868, t2=t1+(0, 6)) & (2910, 162, 2132, t3=t2+(0, 6)) -> (2132, 36, 1868, t4=t3+(1, 6))	3	0
(3825, 114, 2771, t1) & (676, 10, 2211, t2=t1+(0, 1)) & (3825, 59, 2211, t3=t2+(0, 6)) -> (2211, 10, 2771, t4=t3+(1, 8))	3	1
(3235, 152, 2977, t1) & (3576, 130, 3004, t2=t1+(0, 7)) & (3235, 9, 3576, t3=t2+(0, 4)) -> (2977, 152, 3576, t4=t3+(1, 7))	3	2
(184, 184, 2610, t1) & (1240, 47, 544, t2=t1+(0, 2)) & (544, 81, 184, t3=t2+(0, 10)) -> (544, 47, 184, t4=t3+(1, 8))	3	3
(4148, 117, 2304, t1) & (2984, 34, 910, t2=t1+(0, 8)) & (4148, 143, 2984, t3=t2+(0, 3)) -> (2984, 117, 4148, t4=t3+(1, 4))	3	4
(524, 62, 2741, t1) & (98, 167, 3824, t2=t1+(0, 2)) & (524, 98, 98, t3=t2+(0, 6)) -> (98, 62, 524, t4=t3+(1, 4))	3	5
(346, 194, 2188, t1) & (207, 3, 2747, t2=t1+(0, 6)) & (207, 91, 2188, t3=t2+(0, 6)) -> (207, 194, 346, t4=t3+(1, 9))	3	6
(3285, 112, 4183, t1) & (3185, 95, 4465, t2=t1+(0, 6)) & (4183, 22, 3185, t3=t2+(0, 4)) -> (3185, 95, 3285, t4=t3+(1, 7))	3	7
(1293, 41, 518, t1) & (2766, 9, 4679, t2=t1+(0, 9)) & (4679, 166, 1293, t3=t2+(0, 9)) -> (4679, 166, 1293, t4=t3+(1, 5))	3	8
(1704, 146, 1675, t1) & (1970, 90, 1621, t2=t1+(0, 2)) & (1704, 147, 1621, t3=t2+(0, 4)) -> (1704, 146, 1675, t4=t3+(1, 3))	3	9
(3390, 169, 4444, t1) & (562, 191, 3563, t2=t1+(0, 5)) & (3563, 66, 3390, t3=t2+(0, 5)) -> (3390, 169, 3563, t4=t3+(1, 3))	3	10
(1350, 117, 373, t1) & (1795, 136, 927, t2=t1+(0, 10)) & (1350, 16, 927, t3=t2+(0, 6)) -> (1350, 117, 927, t4=t3+(1, 2))	3	11
(1607, 87, 1648, t1) & (20, 45, 2301, t2=t1+(0, 3)) & (2301, 130, 1648, t3=t2+(0, 3)) -> (1648, 45, 2301, t4=t3+(1, 5))	3	12
(2849, 166, 3330, t1) & (4562, 79, 4554, t2=t1+(0, 9)) & (4554, 179, 2849, t3=t2+(0, 4)) -> (4562, 166, 4562, t4=t3+(1, 4))	3	13
(3766, 7, 4798, t1) & (1260, 143, 3297, t2=t1+(0, 5)) & (3297, 150, 3766, t3=t2+(0, 5)) -> (3297, 150, 3766, t4=t3+(1, 7))	3	14
(4741, 172, 1270, t1) & (2442, 22, 4125, t2=t1+(0, 7)) & (1270, 170, 2442, t3=t2+(0, 3)) -> (4741, 22, 4125, t4=t3+(1, 4))	3	15
(3935, 122, 4550, t1) & (1801, 66, 1968, t2=t1+(0, 9)) & (1968, 179, 4550, t3=t2+(0, 3)) -> (1968, 66, 3935, t4=t3+(1, 2))	3	16
(3622, 58, 110, t1) & (3873, 96, 1804, t2=t1+(0, 5)) & (3622, 77, 1804, t3=t2+(0, 5)) -> (1804, 77, 3622, t4=t3+(1, 4))	3	17
(3499, 61, 2636, t1) & (4604, 148, 601, t2=t1+(0, 7)) & (2636, 38, 4604, t3=t2+(0, 4)) -> (4604, 38, 2636, t4=t3+(1, 6))	3	18
(19, 74, 2745, t1) & (1401, 158, 4286, t2=t1+(0, 5)) & (4286, 96, 19, t3=t2+(0, 5)) -> (4286, 158, 4286, t4=t3+(1, 4))	3	19
(3578, 14, 603, t1) & (4378, 69, 2249, t2=t1+(0, 5)) & (4378, 107, 603, t3=t2+(0, 0)) -> (4378, 107, 2249, t4=t3+(1, 2))	3	20
(3463, 90, 3598, t1) & (222, 144, 4453, t2=t1+(0, 8)) & (3598, 143, 4453, t3=t2+(0, 7)) -> (3463, 143, 3463, t4=t3+(1, 11))	3	21
(2593, 62, 687, t1) & (1888, 139, 2505, t2=t1+(0, 5)) & (1888, 59, 2593, t3=t2+(0, 8)) -> (687, 59, 2593, t4=t3+(1, 13))	3	22
(3946, 17, 4088, t1) & (1379, 54, 383, t2=t1+(0, 2)) & (1379, 77, 4088, t3=t2+(0, 6)) -> (4088, 77, 4088, t4=t3+(1, 7))	3	23
(1518, 28, 1383, t1) & (2386, 89, 1175, t2=t1+(0, 6)) & (1175, 107, 1518, t3=t2+(0, 5)) -> (1518, 107, 1383, t4=t3+(1, 7))	3	24
(3082, 95, 347, t1) & (419, 63, 3759, t2=t1+(0, 4)) & (3082, 66, 419, t3=t2+(0, 3)) -> (3082, 66, 3759, t4=t3+(1, 5))	3	25
(527, 149, 4709, t1) & (828, 132, 3965, t2=t1+(0, 2)) & (828, 183, 527, t3=t2+(0, 4)) -> (527, 132, 4709, t4=t3+(1, 2))	3	26
(4659, 53, 4698, t1) & (726, 178, 3523, t2=t1+(0, 3)) & (4659, 60, 3523, t3=t2+(0, 7)) -> (4659, 60, 726, t4=t3+(1, 4))	3	27
(708, 4, 1323, t1) & (2834, 185, 2273, t2=t1+(0, 2)) & (2834, 117, 1323, t3=t2+(0, 3)) -> (2273, 4, 1323, t4=t3+(1, 8))	3	28
(2731, 158, 3307, t1) & (49, 115, 3381, t2=t1+(0, 7)) & (2731, 129, 49, t3=t2+(0, 5)) -> (49, 129, 3307, t4=t3+(1, 2))	3	29
(3137, 43, 954, t1) & (4374, 188, 1717, t2=t1+(0, 5)) & (1717, 45, 3137, t3=t2+(0, 7)) -> (3137, 43, 954, t4=t3+(1, 2))	3	30
(4253, 87, 4537, t1) & (625, 134, 4872, t2=t1+(0, 8)) & (625, 163, 4537, t3=t2+(0, 7)) -> (4253, 87, 4253, t4=t3+(1, 6))	3	31
(4181, 29, 3698, t1) & (1460, 122, 1156, t2=t1+(0, 6)) & (4181, 66, 1460, t3=t2+(0, 7)) -> (1460, 122, 3698, t4=t3+(1, 5))	3	32
(4063, 57, 1859, t1) & (2655, 22, 1856, t2=t1+(0, 2)) & (1856, 164, 4063, t3=t2+(0, 4)) -> (1856, 57, 2655, t4=t3+(1, 5))	3	33
(1816, 85, 3013, t1) & (1515, 175, 801, t2=t1+(0, 4)) & (801, 58, 1816, t3=t2+(0, 7)) -> (801, 58, 1816, t4=t3+(1, 6))	3	34
(2642, 52, 1282, t1) & (2657, 73, 147, t2=t1+(0, 8)) & (2642, 127, 147, t3=t2+(0, 9)) -> (147, 73, 2642, t4=t3+(1, 4))	3	35
(4596, 44, 1944, t1) & (1927, 106, 4101, t2=t1+(0, 3)) & (1927, 16, 1944, t3=t2+(0, 4)) -> (4101, 44, 4596, t4=t3+(1, 3))	3	36
(3641, 9, 1870, t1) & (2423, 87, 2950, t2=t1+(0, 5)) & (1870, 59, 2950, t3=t2+(0, 4)) -> (2423, 9, 2950, t4=t3+(1, 2))	3	37
(690, 6, 4309, t1) & (2293, 72, 470, t2=t1+(0, 2)) & (690, 53, 2293, t3=t2+(0, 5)) -> (2293, 53, 2293, t4=t3+(1, 5))	3	38
(3067, 6, 1709, t1) & (756, 31, 3443, t2=t1+(0, 8)) & (3067, 64, 756, t3=t2+(0, 4)) -> (3443, 31, 3067, t4=t3+(1, 2))	3	39
(2063, 142, 1720, t1) & (2837, 41, 2957, t2=t1+(0, 2)) & (2063, 181, 2837, t3=t2+(0, 3)) -> (2837, 41, 2063, t4=t3+(1, 7))	3	40
(2621, 173, 3134, t1) & (546, 132, 1578, t2=t1+(0, 4)) & (3134, 28, 1578, t3=t2+(0, 1)) -> (3134, 173, 2621, t4=t3+(1, 4))	3	41
(4440, 158, 3143, t1) & (3216, 164, 4909, t2=t1+(0, 5)) & (3216, 157, 3143, t3=t2+(0, 6)) -> (3216, 157, 3216, t4=t3+(1, 5))	3	42
(1594, 109, 4855, t1) & (3586, 100, 4338, t2=t1+(0, 6)) & (3586, 35, 4855, t3=t2+(0, 8)) -> (4338, 109, 4855, t4=t3+(1, 6))	3	43
(3903, 142, 117, t1) & (525, 65, 387, t2=t1+(0, 7)) & (525, 58, 3903, t3=t2+(0, 7)) -> (525, 58, 525, t4=t3+(1, 3))	3	44
(1428, 28, 2390, t1) & (4514, 70, 307, t2=t1+(0, 7)) & (2390, 7, 307, t3=t2+(0, 4)) -> (2390, 28, 307, t4=t3+(1, 3))	3	45
(4306, 187, 4023, t1) & (3586, 26, 2306, t2=t1+(0, 3)) & (2306, 58, 4023, t3=t2+(0, 6)) -> (3586, 58, 4023, t4=t3+(1, 3))	3	46
(729, 64, 1197, t1) & (580, 50, 2357, t2=t1+(0, 8)) & (729, 196, 2357, t3=t2+(0, 6)) -> (2357, 50, 1197, t4=t3+(1, 7))	3	47
(2504, 76, 2108, t1) & (4819, 17, 2949, t2=t1+(0, 5)) & (4819, 112, 2504, t3=t2+(0, 6)) -> (2108, 112, 2504, t4=t3+(1, 9))	3	48
(4865, 125, 2191, t1) & (4386, 37, 1182, t2=t1+(0, 3)) & (2191, 44, 4386, t3=t2+(0, 6)) -> (1182, 125, 1182, t4=t3+(1, 3))	3	49
(1487, 199, 4919, t1) & (1836, 4, 458, t2=t1+(0, 7)) & (4919, 64, 458, t3=t2+(0, 7)) -> (1487, 64, 458, t4=t3+(1, 8))	3	50
(1295, 190, 453, t1) & (4343, 150, 3483, t2=t1+(0, 2)) & (1295, 113, 3483, t3=t2+(0, 2)) -> (3483, 150, 3483, t4=t3+(1, 6))	3	51
(2326, 41, 3462, t1) & (3107, 185, 3794, t2=t1+(0, 3)) & (2326, 174, 3107, t3=t2+(0, 2)) -> (3107, 41, 3107, t4=t3+(1, 10))	3	52
(4289, 62, 942, t1) & (1385, 25, 3287, t2=t1+(0, 3)) & (1385, 125, 942, t3=t2+(0, 4)) -> (942, 25, 1385, t4=t3+(1, 4))	3	53
(179, 198, 3506, t1) & (854, 106, 544, t2=t1+(0, 4)) & (854, 96, 179, t3=t2+(0, 2)) -> (3506, 106, 3506, t4=t3+(1, 6))	3	54
(2126, 21, 2084, t1) & (351, 138, 605, t2=t1+(0, 7)) & (351, 85, 2084, t3=t2+(0, 9)) -> (2084, 138, 2084, t4=t3+(1, 4))	3	55
(4377, 38, 2255, t1) & (31, 12, 4687, t2=t1+(0, 8)) & (31, 163, 4377, t3=t2+(0, 4)) -> (4687, 12, 4377, t4=t3+(1, 4))	3	56
(184, 75, 3806, t1) & (2303, 45, 1309, t2=t1+(0, 5)) & (2303, 177, 3806, t3=t2+(0, 4)) -> (3806, 45, 3806, t4=t3+(1, 7))	3	57
(1141, 131, 1058, t1) & (1181, 9, 3347, t2=t1+(0, 6)) & (3347, 26, 1058, t3=t2+(0, 4)) -> (3347, 9, 1058, t4=t3+(1, 3))	3	58
(1393, 181, 1528, t1) & (2274, 133, 4401, t2=t1+(0, 2)) & (1393, 142, 2274, t3=t2+(0, 6)) -> (1528, 181, 2274, t4=t3+(1, 5))	3	59
(3746, 95, 4686, t1) & (3872, 159, 2741, t2=t1+(0, 5)) & (2741, 112, 3746, t3=t2+(0, 5)) -> (2741, 112, 2741, t4=t3+(1, 6))	3	60
(4205, 77, 19, t1) & (846, 50, 2714, t2=t1+(0, 7)) & (4205, 132, 846, t3=t2+(0, 2)) -> (19, 77, 4205, t4=t3+(1, 2))	3	61
(4936, 192, 2867, t1) & (2582, 49, 4204, t2=t1+(0, 6)) & (2582, 48, 4936, t3=t2+(0, 2)) -> (2582, 48, 4936, t4=t3+(1, 5))	3	62
(4709, 122, 3099, t1) & (3677, 142, 989, t2=t1+(0, 6)) & (4709, 49, 989, t3=t2+(0, 3)) -> (989, 142, 989, t4=t3+(1, 1))	3	63
(1665, 26, 2973, t1) & (4416, 104, 4252, t2=t1+(0, 5)) & (2973, 30, 4252, t3=t2+(0, 4)) -> (2973, 104, 4252, t4=t3+(1, 5))	3	64
(3300, 6, 3321, t1) & (2861, 125, 500, t2=t1+(0, 7)) & (500, 23, 3300, t3=t2+(0, 3)) -> (500, 125, 500, t4=t3+(1, 6))	3	65
(3918, 45, 1712, t1) & (4626, 9, 2354, t2=t1+(0, 7)) & (3918, 153, 2354, t3=t2+(0, 8)) -> (2354, 45, 1712, t4=t3+(1, 5))	3	66
(3405, 63, 4547, t1) & (4042, 155, 4613, t2=t1+(0, 4)) & (4613, 19, 4547, t3=t2+(0, 5)) -> (4042, 63, 4613, t4=t3+(1, 3))	3	67
(1704, 125, 2725, t1) & (3825, 54, 9, t2=t1+(0, 5)) & (1704, 85, 9, t3=t2+(0, 5)) -> (9, 54, 1704, t4=t3+(1, 5))	3	68
(1432, 115, 4025, t1) & (1394, 21, 1426, t2=t1+(0, 9)) & (1432, 140, 1426, t3=t2+(0, 7)) -> (1432, 115, 1394, t4=t3+(1, 5))	3	69
(3962, 109, 1978, t1) & (199, 103, 2043, t2=t1+(0, 8)) & (2043, 85, 3962, t3=t2+(0, 6)) -> (199, 103, 3962, t4=t3+(1, 9))	3	70
(2123, 184, 2944, t1) & (3334, 88, 3816, t2=t1+(0, 6)) & (3334, 198, 2944, t3=t2+(0, 3)) -> (3334, 198, 2944, t4=t3+(1, 6))	3	71
(668, 62, 722, t1) & (1106, 39, 2822, t2=t1+(0, 5)) & (722, 35, 1106, t3=t2+(0, 6)) -> (668, 35, 722, t4=t3+(1, 4))	3	72
(3437, 198, 2556, t1) & (4805, 147, 2000, t2=t1+(0, 3)) & (3437, 198, 2000, t3=t2+(0, 5)) -> (4805, 198, 4805, t4=t3+(1, 6))	3	73
(4263, 183, 2288, t1) & (3640, 133, 261, t2=t1+(0, 2)) & (2288, 78, 261, t3=t2+(0, 6)) -> (2288, 78, 2288, t4=t3+(1, 3))	3	74
(663, 153, 2953, t1) & (4845, 0, 1593, t2=t1+(0, 4)) & (663, 176, 1593, t3=t2+(0, 8)) -> (4845, 176, 2953, t4=t3+(1, 5))	3	75
(4905, 40, 385, t1) & (2343, 145, 1049, t2=t1+(0, 5)) & (1049, 32, 385, t3=t2+(0, 5)) -> (385, 40, 1049, t4=t3+(1, 3))	3	76
(2831, 95, 3194, t1) & (3026, 129, 2378, t2=t1+(0, 4)) & (2831, 4, 2378, t3=t2+(0, 0)) -> (3026, 129, 2378, t4=t3+(1, 7))	3	77
(3266, 153, 2941, t1) & (461, 161, 2776, t2=t1+(0, 6)) & (461, 50, 3266, t3=t2+(0, 10)) -> (3266, 50, 3266, t4=t3+(1, 3))	3	78
(92, 39, 1204, t1) & (77, 73, 3145, t2=t1+(0, 11)) & (77, 25, 92, t3=t2+(0, 6)) -> (77, 39, 3145, t4=t3+(1, 1))	3	79
(4656, 24, 2828, t1) & (4873, 108, 3694, t2=t1+(0, 4)) & (2828, 137, 4873, t3=t2+(0, 4)) -> (4873, 108, 4873, t4=t3+(1, 9))	3	80
(1620, 194, 2976, t1) & (3106, 16, 1196, t2=t1+(0, 3)) & (3106, 161, 1620, t3=t2+(0, 6)) -> (3106, 16, 1620, t4=t3+(1, 3))	3	81
(103, 140, 3777, t1) & (1528, 194, 4913, t2=t1+(0, 2)) & (3777, 132, 4913, t3=t2+(0, 6)) -> (4913, 140, 1528, t4=t3+(1, 1))	3	82
(3118, 43, 3421, t1) & (587, 109, 3824, t2=t1+(0, 8)) & (3421, 198, 3824, t3=t2+(0, 4)) -> (3421, 198, 3824, t4=t3+(1, 3))	3	83
(2765, 186, 1005, t1) & (2359, 21, 1469, t2=t1+(0, 4)) & (2765, 175, 2359, t3=t2+(0, 5)) -> (2359, 21, 2765, t4=t3+(1, 6))	3	84
(1829, 162, 4387, t1) & (4540, 70, 493, t2=t1+(0, 2)) & (4387, 182, 4540, t3=t2+(0, 4)) -> (1829, 70, 4540, t4=t3+(1, 3))	3	85
(3809, 39, 1261, t1) & (3326, 82, 4033, t2=t1+(0, 3)) & (1261, 32, 3326, t3=t2+(0, 3)) -> (1261, 82, 3326, t4=t3+(1, 3))	3	86
(1450, 32, 776, t1) & (3801, 91, 2142, t2=t1+(0, 6)) & (3801, 127, 1450, t3=t2+(0, 6)) -> (776, 32, 3801, t4=t3+(1, 4))	3	87
(485, 146, 3749, t1) & (4280, 79, 1944, t2=t1+(0, 5)) & (1944, 29, 3749, t3=t2+(0, 3)) -> (3749, 29, 3749, t4=t3+(1, 4))	3	88
(4652, 9, 1609, t1) & (2764, 179, 46, t2=t1+(0, 4)) & (4652, 93, 2764, t3=t2+(0, 6)) -> (4652, 93, 2764, t4=t3+(1, 1))	3	89
(1339, 184, 4092, t1) & (4381, 170, 3472, t2=t1+(0, 4)) & (1339, 64, 4381, t3=t2+(0, 3)) -> (4381, 64, 1339, t4=t3+(1, 6))	3	90
(3933, 193, 3119, t1) & (3608, 187, 3652, t2=t1+(0, 4)) & (3608, 9, 3933, t3=t2+(0, 6)) -> (3608, 187, 3652, t4=t3+(1, 2))	3	91
(266, 140, 2834, t1) & (163, 190, 905, t2=t1+(0, 4)) & (2834, 104, 905, t3=t2+(0, 4)) -> (266, 104, 905, t4=t3+(1, 6))	3	92
(462, 196, 1651, t1) & (4105, 21, 1705, t2=t1+(0, 6)) & (1651, 57, 1705, t3=t2+(0, 5)) -> (1705, 196, 1705, t4=t3+(1, 3))	3	93
(3727, 126, 9, t1) & (3480, 85, 2871, t2=t1+(0, 5)) & (3727, 159, 2871, t3=t2+(0, 9)) -> (3727, 126, 3480, t4=t3+(1, 5))	3	94
(1643, 194, 3310, t1) & (4244, 103, 737, t2=t1+(0, 7)) & (4244, 134, 1643, t3=t2+(0, 2)) -> (737, 194, 1643, t4=t3+(1, 3))	3	95
(3698, 199, 4358, t1) & (3638, 22, 4706, t2=t1+(0, 8)) & (4358, 47, 3638, t3=t2+(0, 3)) -> (4706, 22, 4358, t4=t3+(1, 5))	3	96
(108, 141, 1511, t1) & (3398, 89, 4693, t2=t1+(0, 3)) & (3398, 171, 1511, t3=t2+(0, 3)) -> (3398, 141, 3398, t4=t3+(1, 3))	3	97
(2839, 111, 1803, t1) & (2556, 171, 1706, t2=t1+(0, 6)) & (1803, 196, 1706, t3=t2+(0, 6)) -> (1803, 196, 1706, t4=t3+(1, 6))	3	98
(4125, 96, 2376, t1) & (2376, 59, 1122, t2=t1+(0, 3)) & (2376, 117, 2376, t3=t2+(0, 4)) -> (2376, 117, 4125, t4=t3+(1, 5))	3	99
(1046, 173, 3647, t1) & (547, 113, 3647, t2=t1+(0, 6)) -> (3647, 113, 547, t3=t2+(1, 1))	2	100
(2006, 24, 4724, t1) & (4724, 91, 2006, t2=t1+(0, 7)) -> (4724, 24, 2006, t3=t2+(1, 5))	2	101
(498, 143, 3454, t1) & (3454, 95, 3454, t2=t1+(0, 4)) -> (3454, 95, 498, t3=t2+(1, 5))	2	102
(983, 171, 620, t1) & (983, 54, 983, t2=t1+(0, 3)) -> (620, 171, 983, t3=t2+(1, 9))	2	103
(756, 44, 4006, t1) & (4006, 95, 32, t2=t1+(0, 6)) -> (756, 95, 4006, t3=t2+(1, 4))	2	104
(1420, 2, 4993, t1) & (4993, 68, 442, t2=t1+(0, 3)) -> (1420, 68, 4993, t3=t2+(1, 7))	2	105
(1218, 11, 2534, t1) & (1218, 24, 2534, t2=t1+(0, 5)) -> (1218, 24, 1218, t3=t2+(1, 6))	2	106
(1014, 98, 4483, t1) & (851, 193, 1014, t2=t1+(0, 5)) -> (4483, 98, 1014, t3=t2+(1, 5))	2	107
(25, 194, 1866, t1) & (25, 31, 25, t2=t1+(0, 7)) -> (1866, 31, 25, t3=t2+(1, 7))	2	108
(4965, 76, 1755, t1) & (2814, 7, 4965, t2=t1+(0, 3)) -> (4965, 76, 2814, t3=t2+(1, 9))	2	109
(1783, 119, 2906, t1) & (4679, 77, 2906, t2=t1+(0, 1)) -> (1783, 77, 2906, t3=t2+(1, 7))	2	110
(2361, 100, 2383, t1) & (2383, 199, 2383, t2=t1+(0, 6)) -> (2383, 199, 2383, t3=t2+(1, 4))	2	111
(2334, 77, 748, t1) & (2334, 120, 2334, t2=t1+(0, 5)) -> (2334, 77, 2334, t3=t2+(1, 3))	2	112
(2265, 60, 354, t1) & (354, 160, 1011, t2=t1+(0, 6)) -> (354, 60, 1011, t3=t2+(1, 2))	2	113
(3394, 120, 4706, t1) & (1033, 178, 3394, t2=t1+(0, 9)) -> (1033, 120, 4706, t3=t2+(1, 9))	2	114
(664, 105, 3046, t1) & (664, 84, 3693, t2=t1+(0, 5)) -> (664, 105, 664, t3=t2+(1, 5))	2	115
(2005, 17, 4521, t1) & (3290, 18, 2005, t2=t1+(0, 3)) -> (2005, 18, 4521, t3=t2+(1, 5))	2	116
(75, 128, 3478, t1) & (3250, 95, 3478, t2=t1+(0, 7)) -> (3250, 95, 3478, t3=t2+(1, 7))	2	117
(3743, 75, 3499, t1) & (463, 132, 3499, t2=t1+(0, 7)) -> (3743, 75, 3499, t3=t2+(1, 5))	2	118
(635, 199, 1313, t1) & (1313, 66, 868, t2=t1+(0, 3)) -> (1313, 66, 1313, t3=t2+(1, 3))	2	119
(3112, 58, 1670, t1) & (3112, 35, 225, t2=t1+(0, 9)) -> (3112, 35, 3112, t3=t2+(1, 3))	2	120
(4600, 96, 3974, t1) & (4600, 122, 4600, t2=t1+(0, 4)) -> (4600, 122, 4600, t3=t2+(1, 6))	2	121
(773, 145, 1550, t1) & (773, 90, 404, t2=t1+(0, 5)) -> (404, 90, 404, t3=t2+(1, 2))	2	122
(3093, 170, 1030, t1) & (3093, 155, 4177, t2=t1+(0, 2)) -> (1030, 155, 4177, t3=t2+(1, 7))	2	123
(2432, 76, 3863, t1) & (1638, 140, 3863, t2=t1+(0, 5)) -> (2432, 76, 1638, t3=t2+(1, 4))	2	124
(3932, 118, 1075, t1) & (3932, 16, 1075, t2=t1+(0, 5)) -> (3932, 118, 3932, t3=t2+(1, 5))	2	125
(452, 195, 909, t1) & (3283, 88, 452, t2=t1+(0, 6)) -> (452, 88, 452, t3=t2+(1, 2))	2	126
(4492, 104, 3637, t1) & (3637, 97, 4487, t2=t1+(0, 8)) -> (4492, 104, 3637, t3=t2+(1, 6))	2	127
(26, 164, 61, t1) & (61, 154, 4245, t2=t1+(0, 12)) -> (4245, 164, 61, t3=t2+(1, 5))	2	128
(2301, 94, 1670, t1) & (2362, 136, 2301, t2=t1+(0, 1)) -> (2301, 136, 1670, t3=t2+(1, 1))	2	129
(3820, 39, 1022, t1) & (2445, 109, 3820, t2=t1+(0, 4)) -> (3820, 39, 3820, t3=t2+(1, 7))	2	130
(1584, 179, 1364, t1) & (1528, 139, 1584, t2=t1+(0, 8)) -> (1528, 179, 1584, t3=t2+(1, 2))	2	131
(107, 173, 371, t1) & (371, 158, 371, t2=t1+(0, 4)) -> (371, 158, 371, t3=t2+(1, 4))	2	132
(2121, 97, 4082, t1) & (2121, 74, 4082, t2=t1+(0, 7)) -> (4082, 97, 4082, t3=t2+(1, 5))	2	133
(4868, 40, 106, t1) & (4868, 167, 2620, t2=t1+(0, 4)) -> (106, 167, 106, t3=t2+(1, 5))	2	134
(896, 112, 148, t1) & (148, 37, 148, t2=t1+(0, 6)) -> (148, 37, 148, t3=t2+(1, 5))	2	135
(620, 144, 1530, t1) & (2669, 132, 1530, t2=t1+(0, 4)) -> (2669, 132, 1530, t3=t2+(1, 6))	2	136
(4086, 197, 946, t1) & (946, 5, 4086, t2=t1+(0, 4)) -> (946, 197, 946, t3=t2+(1, 6))	2	137
(349, 143, 999, t1) & (999, 73, 782, t2=t1+(0, 3)) -> (999, 73, 782, t3=t2+(1, 9))	2	138
(1110, 149, 4657, t1) & (3158, 168, 4657, t2=t1+(0, 1)) -> (4657, 168, 3158, t3=t2+(1, 4))	2	139
(752, 98, 1408, t1) & (1408, 82, 3773, t2=t1+(0, 5)) -> (1408, 98, 752, t3=t2+(1, 3))	2	140
(450, 184, 4651, t1) & (4651, 147, 450, t2=t1+(0, 8)) -> (4651, 147, 4651, t3=t2+(1, 7))	2	141
(3953, 0, 2824, t1) & (3953, 26, 3217, t2=t1+(0, 8)) -> (3953, 26, 2824, t3=t2+(1, 7))	2	142
(218, 129, 1738, t1) & (218, 37, 1632, t2=t1+(0, 5)) -> (1738, 129, 218, t3=t2+(1, 6))	2	143
(3945, 184, 1247, t1) & (4952, 197, 1247, t2=t1+(0, 4)) -> (1247, 197, 1247, t3=t2+(1, 4))	2	144
(4545, 173, 2922, t1) & (4545, 134, 2922, t2=t1+(0, 11)) -> (2922, 173, 2922, t3=t2+(1, 3))	2	145
(2762, 155, 3429, t1) & (2762, 43, 3427, t2=t1+(0, 5)) -> (3427, 43, 3429, t3=t2+(1, 9))	2	146
(2469, 36, 1908, t1) & (4112, 58, 1908, t2=t1+(0, 7)) -> (2469, 36, 4112, t3=t2+(1, 2))	2	147
(3559, 4, 2144, t1) & (2144, 76, 2087, t2=t1+(0, 5)) -> (2087, 76, 2087, t3=t2+(1, 4))	2	148
(3923, 185, 3593, t1) & (3593, 171, 161, t2=t1+(0, 4)) -> (161, 185, 3923, t3=t2+(1, 7))	2	149
(2673, 76, 4176, t1) & (4176, 130, 4537, t2=t1+(0, 8)) -> (4537, 130, 4537, t3=t2+(1, 3))	2	150
(4265, 100, 219, t1) & (4265, 17, 219, t2=t1+(0, 5)) -> (219, 100, 219, t3=t2+(1, 4))	2	151
(1378, 16, 4546, t1) & (1418, 164, 1378, t2=t1+(0, 6)) -> (1378, 164, 1378, t3=t2+(1, 4))	2	152
(537, 74, 3396, t1) & (3396, 5, 4903, t2=t1+(0, 3)) -> (3396, 5, 537, t3=t2+(1, 8))	2	153
(4144, 118, 4169, t1) & (4144, 83, 4169, t2=t1+(0, 4)) -> (4169, 118, 4169, t3=t2+(1, 4))	2	154
(2352, 122, 4318, t1) & (2398, 182, 2352, t2=t1+(0, 8)) -> (2398, 122, 2398, t3=t2+(1, 6))	2	155
(4940, 67, 558, t1) & (4940, 0, 558, t2=t1+(0, 7)) -> (558, 0, 4940, t3=t2+(1, 6))	2	156
(2496, 95, 4853, t1) & (2496, 112, 1395, t2=t1+(0, 6)) -> (2496, 112, 2496, t3=t2+(1, 6))	2	157
(1681, 188, 3796, t1) & (4229, 153, 1681, t2=t1+(0, 4)) -> (3796, 153, 1681, t3=t2+(1, 1))	2	158
(2475, 174, 1573, t1) & (4625, 145, 2475, t2=t1+(0, 4)) -> (2475, 145, 2475, t3=t2+(1, 1))	2	159
(1983, 30, 4448, t1) & (1983, 178, 4448, t2=t1+(0, 3)) -> (1983, 178, 1983, t3=t2+(1, 7))	2	160
(4042, 178, 4172, t1) & (4042, 52, 4442, t2=t1+(0, 5)) -> (4042, 52, 4172, t3=t2+(1, 3))	2	161
(4860, 182, 2587, t1) & (2587, 161, 723, t2=t1+(0, 7)) -> (2587, 182, 2587, t3=t2+(1, 5))	2	162
(3983, 171, 427, t1) & (3983, 183, 3983, t2=t1+(0, 3)) -> (3983, 183, 3983, t3=t2+(1, 1))	2	163
(3041, 74, 4650, t1) & (3041, 116, 3041, t2=t1+(0, 4)) -> (3041, 74, 3041, t3=t2+(1, 5))	2	164
(3576, 1, 2858, t1) & (2858, 57, 3585, t2=t1+(0, 4)) -> (2858, 1, 3576, t3=t2+(1, 5))	2	165
(4911, 54, 4764, t1) & (4764, 83, 2345, t2=t1+(0, 3)) -> (2345, 83, 2345, t3=t2+(1, 4))	2	166
(1386, 174, 2196, t1) & (2196, 77, 4928, t2=t1+(0, 5)) -> (2196, 77, 4928, t3=t2+(1, 7))	2	167
(1734, 115, 19, t1) & (19, 83, 1734, t2=t1+(0, 8)) -> (19, 83, 19, t3=t2+(1, 5))	2	168
(2841, 121, 2855, t1) & (2855, 6, 2494, t2=t1+(0, 3)) -> (2855, 6, 2494, t3=t2+(1, 7))	2	169
(1676, 177, 4739, t1) & (1676, 82, 4663, t2=t1+(0, 5)) -> (1676, 82, 4739, t3=t2+(1, 5))	2	170
(3410, 147, 3370, t1) & (3410, 12, 3370, t2=t1+(0, 3)) -> (3410, 12, 3410, t3=t2+(1, 7))	2	171
(4305, 58, 1355, t1) & (142, 88, 1355, t2=t1+(0, 6)) -> (142, 88, 1355, t3=t2+(1, 6))	2	172
(4706, 26, 4871, t1) & (4706, 188, 4573, t2=t1+(0, 13)) -> (4573, 188, 4706, t3=t2+(1, 8))	2	173
(810, 13, 4365, t1) & (824, 137, 810, t2=t1+(0, 3)) -> (810, 13, 810, t3=t2+(1, 1))	2	174
(236, 35, 4076, t1) & (4076, 127, 4512, t2=t1+(0, 7)) -> (4512, 35, 4076, t3=t2+(1, 11))	2	175
(4118, 176, 230, t1) & (4118, 39, 4118, t2=t1+(0, 8)) -> (4118, 176, 4118, t3=t2+(1, 4))	2	176
(2583, 7, 72, t1) & (2583, 33, 72, t2=t1+(0, 3)) -> (72, 33, 2583, t3=t2+(1, 7))	2	177
(1425, 162, 4168, t1) & (823, 15, 1425, t2=t1+(0, 2)) -> (1425, 162, 4168, t3=t2+(1, 5))	2	178
(94, 114, 3510, t1) & (94, 45, 2231, t2=t1+(0, 8)) -> (2231, 45, 3510, t3=t2+(1, 7))	2	179
(2205, 88, 1606, t1) & (1606, 124, 2445, t2=t1+(0, 4)) -> (1606, 88, 2445, t3=t2+(1, 6))	2	180
(2084, 125, 2793, t1) & (3792, 149, 2793, t2=t1+(0, 7)) -> (2793, 125, 2084, t3=t2+(1, 1))	2	181
(2925, 126, 2343, t1) & (2925, 86, 2725, t2=t1+(0, 2)) -> (2343, 86, 2343, t3=t2+(1, 5))	2	182
(2922, 36, 1829, t1) & (2209, 29, 2922, t2=t1+(0, 5)) -> (2209, 36, 2209, t3=t2+(1, 2))	2	183
(2310, 73, 1901, t1) & (4460, 155, 1901, t2=t1+(0, 5)) -> (2310, 73, 2310, t3=t2+(1, 2))	2	184
(3070, 14, 3881, t1) & (1813, 70, 3070, t2=t1+(0, 6)) -> (3070, 14, 3070, t3=t2+(1, 3))	2	185
(2290, 13, 4143, t1) & (55, 11, 4143, t2=t1+(0, 6)) -> (4143, 13, 4143, t3=t2+(1, 4))	2	186
(1892, 25, 2727, t1) & (2727, 142, 3793, t2=t1+(0, 3)) -> (1892, 25, 2727, t3=t2+(1, 7))	2	187
(1282, 37, 862, t1) & (862, 41, 862, t2=t1+(0, 5)) -> (862, 41, 862, t3=t2+(1, 2))	2	188
(1493, 81, 4857, t1) & (3408, 102, 1493, t2=t1+(0, 5)) -> (4857, 81, 3408, t3=t2+(1, 5))	2	189
(3841, 164, 2895, t1) & (3841, 160, 2895, t2=t1+(0, 5)) -> (2895, 160, 2895, t3=t2+(1, 6))	2	190
(3591, 129, 4397, t1) & (4397, 115, 974, t2=t1+(0, 6)) -> (4397, 115, 4397, t3=t2+(1, 12))	2	191
(261, 85, 1441, t1) & (1441, 105, 416, t2=t1+(0, 6)) -> (416, 105, 416, t3=t2+(1, 4))	2	192
(2788, 123, 4953, t1) & (4953, 8, 4953, t2=t1+(0, 7)) -> (4953, 123, 4953, t3=t2+(1, 6))	2	193
(2817, 138, 3326, t1) & (2817, 31, 2817, t2=t1+(0, 7)) -> (3326, 31, 2817, t3=t2+(1, 6))	2	194
(3715, 34, 948, t1) & (948, 51, 948, t2=t1+(0, 3)) -> (948, 51, 948, t3=t2+(1, 1))	2	195
(173, 98, 1436, t1) & (1436, 5, 1436, t2=t1+(0, 7)) -> (173, 5, 173, t3=t2+(1, 4))	2	196
(3647, 84, 4637, t1) & (3647, 11, 2935, t2=t1+(0, 3)) -> (2935, 84, 3647, t3=t2+(1, 2))	2	197
(1617, 93, 1223, t1) & (1223, 199, 4484, t2=t1+(0, 6)) -> (1223, 199, 4484, t3=t2+(1, 6))	2	198
(3536, 102, 3356, t1) & (3356, 16, 4382, t2=t1+(0, 6)) -> (3536, 102, 3356, t3=t2+(1, 6))	2	199
(3274, 71, 843, t1) -> (3274, 71, 3274, t2=t1+(1, 4))	1	200
(2842, 159, 678, t1) -> (678, 159, 2842, t2=t1+(1, 2))	1	201
(2797, 35, 1617, t1) -> (1617, 35, 1617, t2=t1+(1, 4))	1	202
(2096, 164, 3436, t1) -> (2096, 164, 2096, t2=t1+(1, 3))	1	203
(4472, 111, 4367, t1) -> (4472, 111, 4472, t2=t1+(1, 8))	1	204
(650, 162, 2864, t1) -> (2864, 162, 2864, t2=t1+(1, 2))	1	205
(2071, 74, 3617, t1) -> (2071, 74, 2071, t2=t1+(1, 2))	1	206
(1697, 173, 779, t1) -> (779, 173, 779, t2=t1+(1, 3))	1	207
(2564, 162, 4420, t1) -> (2564, 162, 4420, t2=t1+(1, 1))	1	208
(3406, 176, 1091, t1) -> (3406, 176, 1091, t2=t1+(1, 12))	1	209
(3225, 114, 2570, t1) -> (3225, 114, 2570, t2=t1+(1, 5))	1	210
(2132, 171, 1345, t1) -> (2132, 171, 2132, t2=t1+(1, 6))	1	211
(1606, 37, 2854, t1) -> (1606, 37, 1606, t2=t1+(1, 9))	1	212
(1719, 193, 626, t1) -> (1719, 193, 626, t2=t1+(1, 7))	1	213
(4539, 77, 2378, t1) -> (2378, 77, 2378, t2=t1+(1, 10))	1	214
(2040, 129, 1258, t1) -> (2040, 129, 2040, t2=t1+(1, 3))	1	215
(961, 141, 2162, t1) -> (961, 141, 2162, t2=t1+(1, 4))	1	216
(4151, 26, 4959, t1) -> (4959, 26, 4151, t2=t1+(1, 6))	1	217
(3043, 153, 405, t1) -> (405, 153, 405, t2=t1+(1, 6))	1	218
(4957, 89, 1442, t1) -> (4957, 89, 4957, t2=t1+(1, 6))	1	219
(459, 155, 4181, t1) -> (459, 155, 4181, t2=t1+(1, 3))	1	220
(3688, 94, 1476, t1) -> (1476, 94, 1476, t2=t1+(1, 6))	1	221
(1789, 100, 967, t1) -> (967, 100, 967, t2=t1+(1, 8))	1	222
(2757, 173, 1385, t1) -> (2757, 173, 1385, t2=t1+(1, 5))	1	223
(4142, 185, 3522, t1) -> (3522, 185, 4142, t2=t1+(1, 12))	1	224
(2266, 185, 2347, t1) -> (2347, 185, 2347, t2=t1+(1, 7))	1	225
(3822, 167, 2431, t1) -> (2431, 167, 3822, t2=t1+(1, 6))	1	226
(4792, 164, 1287, t1) -> (1287, 164, 1287, t2=t1+(1, 4))	1	227
(3444, 188, 4972, t1) -> (4972, 188, 4972, t2=t1+(1, 4))	1	228
(4036, 68, 784, t1) -> (4036, 68, 784, t2=t1+(1, 5))	1	229
(499, 30, 4557, t1) -> (4557, 30, 499, t2=t1+(1, 4))	1	230
(1422, 185, 546, t1) -> (1422, 185, 546, t2=t1+(1, 6))	1	231
(2769, 144, 4092, t1) -> (4092, 144, 4092, t2=t1+(1, 3))	1	232
(1160, 175, 3026, t1) -> (1160, 175, 3026, t2=t1+(1, 5))	1	233
(1768, 44, 3893, t1) -> (3893, 44, 3893, t2=t1+(1, 4))	1	234
(4066, 153, 2533, t1) -> (2533, 153, 2533, t2=t1+(1, 5))	1	235
(4548, 8, 491, t1) -> (491, 8, 491, t2=t1+(1, 4))	1	236
(878, 15, 3962, t1) -> (878, 15, 878, t2=t1+(1, 6))	1	237
(3331, 109, 0, t1) -> (0, 109, 3331, t2=t1+(1, 5))	1	238
(206, 84, 4808, t1) -> (4808, 84, 206, t2=t1+(1, 6))	1	239
(3757, 81, 3143, t1) -> (3757, 81, 3757, t2=t1+(1, 7))	1	240
(1843, 36, 495, t1) -> (495, 36, 1843, t2=t1+(1, 6))	1	241
(821, 57, 3642, t1) -> (3642, 57, 821, t2=t1+(1, 1))	1	242
(396, 22, 4136, t1) -> (396, 22, 4136, t2=t1+(1, 4))	1	243
(883, 12, 1513, t1) -> (883, 12, 883, t2=t1+(1, 5))	1	244
(4005, 133, 2267, t1) -> (4005, 133, 4005, t2=t1+(1, 9))	1	245
(4306, 36, 1564, t1) -> (1564, 36, 1564, t2=t1+(1, 6))	1	246
(1185, 147, 1181, t1) -> (1185, 147, 1185, t2=t1+(1, 1))	1	247
(4564, 46, 1131, t1) -> (1131, 46, 1131, t2=t1+(1, 3))	1	248
(2886, 154, 4167, t1) -> (4167, 154, 2886, t2=t1+(1, 5))	1	249
(3065, 107, 862, t1) -> (3065, 107, 3065, t2=t1+(1, 3))	1	250
(2869, 69, 4358, t1) -> (4358, 69, 2869, t2=t1+(1, 6))	1	251
(1734, 105, 2507, t1) -> (2507, 105, 1734, t2=t1+(1, 5))	1	252
(2441, 198, 701, t1) -> (2441, 198, 2441, t2=t1+(1, 4))	1	253
(4607, 59, 958, t1) -> (958, 59, 4607, t2=t1+(1, 5))	1	254
(4475, 137, 96, t1) -> (96, 137, 4475, t2=t1+(1, 5))	1	255
(2819, 115, 3057, t1) -> (3057, 115, 3057, t2=t1+(1, 5))	1	256
(2502, 131, 741, t1) -> (2502, 131, 2502, t2=t1+(1, 3))	1	257
(610, 38, 3215, t1) -> (3215, 38, 3215, t2=t1+(1, 4))	1	258
(3945, 59, 3498, t1) -> (3498, 59, 3945, t2=t1+(1, 6))	1	259
(2317, 105, 1636, t1) -> (2317, 105, 1636, t2=t1+(1, 2))	1	260
(4500, 180, 3002, t1) -> (3002, 180, 4500, t2=t1+(1, 7))	1	261
(1721, 134, 1132, t1) -> (1132, 134, 1132, t2=t1+(1, 3))	1	262
(2542, 182, 4672, t1) -> (2542, 182, 4672, t2=t1+(1, 6))	1	263
(4008, 41, 1304, t1) -> (4008, 41, 1304, t2=t1+(1, 7))	1	264
(4172, 51, 3416, t1) -> (3416, 51, 3416, t2=t1+(1, 8))	1	265
(4961, 116, 309, t1) -> (309, 116, 4961, t2=t1+(1, 5))	1	266
(923, 154, 3431, t1) -> (923, 154, 923, t2=t1+(1, 3))	1	267
(2844, 135, 1311, t1) -> (1311, 135, 1311, t2=t1+(1, 1))	1	268
(4931, 190, 4346, t1) -> (4931, 190, 4931, t2=t1+(1, 7))	1	269
(3712, 170, 3465, t1) -> (3712, 170, 3465, t2=t1+(1, 5))	1	270
(3351, 82, 2828, t1) -> (2828, 82, 3351, t2=t1+(1, 4))	1	271
(1330, 46, 2562, t1) -> (2562, 46, 2562, t2=t1+(1, 4))	1	272
(2333, 158, 139, t1) -> (2333, 158, 2333, t2=t1+(1, 7))	1	273
(3410, 36, 3822, t1) -> (3410, 36, 3822, t2=t1+(1, 7))	1	274
(4198, 85, 3373, t1) -> (4198, 85, 3373, t2=t1+(1, 6))	1	275
(1403, 82, 883, t1) -> (883, 82, 883, t2=t1+(1, 5))	1	276
(3452, 106, 4557, t1) -> (4557, 106, 4557, t2=t1+(1, 10))	1	277
(3201, 48, 457, t1) -> (457, 48, 3201, t2=t1+(1, 5))	1	278
(4131, 158, 1782, t1) -> (4131, 158, 1782, t2=t1+(1, 6))	1	279
(1814, 85, 3781, t1) -> (1814, 85, 3781, t2=t1+(1, 7))	1	280
(1278, 183, 1292, t1) -> (1292, 183, 1292, t2=t1+(1, 6))	1	281
(3628, 52, 2663, t1) -> (2663, 52, 3628, t2=t1+(1, 5))	1	282
(85, 10, 1913, t1) -> (85, 10, 85, t2=t1+(1, 3))	1	283
(2492, 73, 2123, t1) -> (2492, 73, 2123, t2=t1+(1, 6))	1	284
(27, 34, 3183, t1) -> (27, 34, 3183, t2=t1+(1, 6))	1	285
(2135, 126, 28, t1) -> (28, 126, 28, t2=t1+(1, 6))	1	286
(1972, 147, 4215, t1) -> (1972, 147, 4215, t2=t1+(1, 3))	1	287
(3314, 41, 3750, t1) -> (3750, 41, 3750, t2=t1+(1, 6))	1	288
(2788, 20, 3454, t1) -> (2788, 20, 2788, t2=t1+(1, 7))	1	289
(1988, 41, 1512, t1) -> (1512, 41, 1512, t2=t1+(1, 1))	1	290
(3436, 87, 4035, t1) -> (3436, 87, 4035, t2=t1+(1, 7))	1	291
(1795, 70, 1123, t1) -> (1123, 70, 1123, t2=t1+(1, 3))	1	292
(2289, 0, 801, t1) -> (2289, 0, 2289, t2=t1+(1, 4))	1	293
(3082, 107, 1608, t1) -> (1608, 107, 1608, t2=t1+(1, 2))	1	294
(2836, 151, 440, t1) -> (2836, 151, 440, t2=t1+(1, 6))	1	295
(2457, 15, 933, t1) -> (2457, 15, 933, t2=t1+(1, 2))	1	296
(398, 49, 2858, t1) -> (398, 49, 2858, t2=t1+(1, 4))	1	297
(1611, 1, 2710, t1) -> (2710, 1, 1611, t2=t1+(1, 6))	1	298
(4782, 130, 4371, t1) -> (4782, 130, 4371, t2=t1+(1, 2))	1	299
