(143, 89, 29, t1) & (322, 19, 837, t2=t1+(0, 4)) & (29, 177, 837, t3=t2+(0, 1)) -> (29, 89, 837, t4=t3+(1, 8))	3	0
(2200, 136, 2288, t1) & (4639, 192, 166, t2=t1+(0, 3)) & (4639, 193, 2288, t3=t2+(0, 9)) -> (4639, 136, 2200, t4=t3+(1, 9))	3	1
(3734, 102, 1760, t1) & (1345, 38, 3145, t2=t1+(0, 2)) & (3145, 138, 1760, t3=t2+(0, 6)) -> (3145, 102, 3734, t4=t3+(1, 6))	3	2
(1065, 172, 3153, t1) & (1219, 130, 1194, t2=t1+(0, 4)) & (3153, 29, 1219, t3=t2+(0, 8)) -> (1194, 130, 1065, t4=t3+(1, 4))	3	3
(861, 111, 3316, t1) & (2588, 124, 1571, t2=t1+(0, 6)) & (1571, 93, 3316, t3=t2+(0, 5)) -> (1571, 111, 2588, t4=t3+(1, 5))	3	4
(1880, 15, 1606, t1) & (3325, 171, 3389, t2=t1+(0, 3)) & (1606, 199, 3325, t3=t2+(0, 4)) -> (3389, 199, 3325, t4=t3+(1, 5))	3	5
(1471, 126, 1078, t1) & (873, 85, 3435, t2=t1+(0, 3)) & (3435, 123, 1471, t3=t2+(0, 9)) -> (1471, 123, 1471, t4=t3+(1, 6))	3	6
(265, 67, 2614, t1) & (1621, 186, 1903, t2=t1+(0, 3)) & (265, 21, 1903, t3=t2+(0, 4)) -> (1903, 186, 265, t4=t3+(1, 6))	3	7
(2978, 85, 1932, t1) & (4585, 136, 356, t2=t1+(0, 1)) & (2978, 88, 356, t3=t2+(0, 4)) -> (2978, 136, 2978, t4=t3+(1, 1))	3	8
(3049, 88, 820, t1) & (4030, 85, 374, t2=t1+(0, 4)) & (820, 91, 4030, t3=t2+(0, 5)) -> (3049, 91, 820, t4=t3+(1, 2))	3	9
(1009, 22, 135, t1) & (391, 83, 1627, t2=t1+(0, 9)) & (1009, 27, 391, t3=t2+(0, 2)) -> (1009, 22, 1009, t4=t3+(1, 4))	3	10
(1834, 44, 203, t1) & (4361, 49, 3746, t2=t1+(0, 12)) & (203, 53, 3746, t3=t2+(0, 6)) -> (3746, 53, 4361, t4=t3+(1, 5))	3	11
(160, 156, 3671, t1) & (3243, 49, 150, t2=t1+(0, 4)) & (160, 16, 150, t3=t2+(0, 8)) -> (150, 156, 160, t4=t3+(1, 4))	3	12
(368, 76, 1420, t1) & (4310, 158, 968, t2=t1+(0, 4)) & (4310, 34, 368, t3=t2+(0, 5)) -> (368, 76, 1420, t4=t3+(1, 7))	3	13
(4320, 192, 2577, t1) & (3499, 128, 4085, t2=t1+(0, 4)) & (3499, 137, 4320, t3=t2+(0, 5)) -> (4320, 137, 4320, t4=t3+(1, 6))	3	14
(2631, 29, 265, t1) & (3528, 133, 762, t2=t1+(0, 7)) & (2631, 130, 762, t3=t2+(0, 3)) -> (265, 29, 3528, t4=t3+(1, 4))	3	15
(3435, 193, 1052, t1) & (3928, 167, 2954, t2=t1+(0, 2)) & (1052, 194, 2954, t3=t2+(0, 5)) -> (1052, 167, 1052, t4=t3+(1, 7))	3	16
(2100, 24, 160, t1) & (4610, 110, 2448, t2=t1+(0, 5)) & (2448, 127, 2100, t3=t2+(0, 1)) -> (2100, 127, 4610, t4=t3+(1, 7))	3	17
(2202, 145, 3432, t1) & (4023, 156, 1964, t2=t1+(0, 10)) & (3432, 79, 4023, t3=t2+(0, 7)) -> (2202, 145, 1964, t4=t3+(1, 4))	3	18
(3823, 44, 3611, t1) & (4728, 67, 2235, t2=t1+(0, 4)) & (4728, 35, 3823, t3=t2+(0, 5)) -> (2235, 44, 4728, t4=t3+(1, 7))	3	19
(177, 67, 2189, t1) & (2216, 126, 3874, t2=t1+(0, 0)) & (3874, 168, 2189, t3=t2+(0, 3)) -> (3874, 168, 177, t4=t3+(1, 4))	3	20
(3495, 95, 820, t1) & (635, 186, 2848, t2=t1+(0, 1)) & (3495, 85, 2848, t3=t2+(0, 2)) -> (3495, 186, 2848, t4=t3+(1, 8))	3	21
(160, 186, 282, t1) & (2647, 169, 1971, t2=t1+(0, 1)) & (160, 169, 1971, t3=t2+(0, 3)) -> (1971, 169, 1971, t4=t3+(1, 5))	3	22
(4585, 29, 1603, t1) & (1272, 54, 4030, t2=t1+(0, 9)) & (4030, 192, 1603, t3=t2+(0, 4)) -> (4585, 54, 4030, t4=t3+(1, 1))	3	23
(4678, 49, 942, t1) & (738, 113, 4468, t2=t1+(0, 2)) & (942, 53, 738, t3=t2+(0, 0)) -> (942, 53, 738, t4=t3+(1, 6))	3	24
(4969, 11, 4908, t1) & (1036, 177, 1379, t2=t1+(0, 4)) & (4969, 142, 1379, t3=t2+(0, 2)) -> (1379, 177, 1379, t4=t3+(1, 2))	3	25
(762, 190, 1169, t1) & (4097, 193, 4138, t2=t1+(0, 4)) & (4138, 191, 1169, t3=t2+(0, 13)) -> (762, 190, 4138, t4=t3+(1, 5))	3	26
(135, 130, 370, t1) & (5, 105, 2902, t2=t1+(0, 5)) & (2902, 194, 135, t3=t2+(0, 3)) -> (370, 105, 5, t4=t3+(1, 2))	3	27
(786, 52, 4172, t1) & (4843, 136, 969, t2=t1+(0, 8)) & (4172, 47, 969, t3=t2+(0, 5)) -> (4172, 52, 4172, t4=t3+(1, 2))	3	28
(637, 24, 2299, t1) & (4101, 175, 2189, t2=t1+(0, 3)) & (637, 101, 2189, t3=t2+(0, 4)) -> (4101, 101, 2299, t4=t3+(1, 6))	3	29
(1260, 135, 3611, t1) & (4809, 178, 1964, t2=t1+(0, 6)) & (4809, 102, 1260, t3=t2+(0, 5)) -> (1964, 178, 1260, t4=t3+(1, 5))	3	30
(3260, 97, 1252, t1) & (4744, 85, 564, t2=t1+(0, 7)) & (3260, 192, 4744, t3=t2+(0, 2)) -> (1252, 85, 4744, t4=t3+(1, 7))	3	31
(4097, 100, 2294, t1) & (4938, 193, 4745, t2=t1+(0, 5)) & (2294, 50, 4938, t3=t2+(0, 4)) -> (2294, 193, 4938, t4=t3+(1, 5))	3	32
(762, 24, 3145, t1) & (2190, 26, 820, t2=t1+(0, 2)) & (820, 196, 3145, t3=t2+(0, 8)) -> (3145, 24, 820, t4=t3+(1, 1))	3	33
(4344, 85, 3928, t1) & (4393, 18, 1932, t2=t1+(0, 8)) & (1932, 29, 4344, t3=t2+(0, 5)) -> (1932, 29, 4393, t4=t3+(1, 4))	3	34
(2566, 194, 910, t1) & (3960, 153, 2670, t2=t1+(0, 6)) & (2566, 3, 3960, t3=t2+(0, 4)) -> (3960, 194, 3960, t4=t3+(1, 6))	3	35
(1264, 146, 671, t1) & (601, 3, 1089, t2=t1+(0, 5)) & (1089, 169, 1264, t3=t2+(0, 3)) -> (1089, 169, 601, t4=t3+(1, 3))	3	36
(775, 50, 4213, t1) & (805, 12, 2435, t2=t1+(0, 5)) & (805, 26, 4213, t3=t2+(0, 2)) -> (4213, 50, 2435, t4=t3+(1, 7))	3	37
(1387, 192, 1471, t1) & (3350, 40, 1965, t2=t1+(0, 4)) & (1387, 30, 3350, t3=t2+(0, 3)) -> (1965, 192, 1965, t4=t3+(1, 8))	3	38
(386, 19, 409, t1) & (322, 169, 3671, t2=t1+(0, 5)) & (409, 62, 3671, t3=t2+(0, 6)) -> (409, 19, 3671, t4=t3+(1, 3))	3	39
(4309, 29, 4023, t1) & (2051, 100, 910, t2=t1+(0, 6)) & (2051, 194, 4309, t3=t2+(0, 4)) -> (2051, 194, 2051, t4=t3+(1, 7))	3	40
(3393, 186, 4138, t1) & (2032, 52, 1875, t2=t1+(0, 5)) & (3393, 110, 1875, t3=t2+(0, 4)) -> (1875, 186, 3393, t4=t3+(1, 3))	3	41
(762, 189, 1713, t1) & (1760, 123, 3689, t2=t1+(0, 9)) & (1713, 3, 1760, t3=t2+(0, 9)) -> (762, 189, 3689, t4=t3+(1, 2))	3	42
(601, 178, 1165, t1) & (4262, 60, 2294, t2=t1+(0, 4)) & (2294, 18, 1165, t3=t2+(0, 3)) -> (2294, 18, 601, t4=t3+(1, 2))	3	43
(265, 123, 1265, t1) & (1439, 111, 392, t2=t1+(0, 4)) & (1265, 136, 392, t3=t2+(0, 2)) -> (392, 123, 1439, t4=t3+(1, 5))	3	44
(166, 55, 80, t1) & (4728, 72, 1471, t2=t1+(0, 6)) & (4728, 196, 166, t3=t2+(0, 5)) -> (1471, 196, 4728, t4=t3+(1, 2))	3	45
(4217, 145, 4213, t1) & (786, 191, 4097, t2=t1+(0, 4)) & (4217, 85, 4097, t3=t2+(0, 6)) -> (4213, 145, 4217, t4=t3+(1, 9))	3	46
(951, 129, 368, t1) & (1194, 29, 4748, t2=t1+(0, 7)) & (368, 46, 4748, t3=t2+(0, 8)) -> (368, 46, 368, t4=t3+(1, 4))	3	47
(1922, 88, 2092, t1) & (1806, 178, 2594, t2=t1+(0, 4)) & (2092, 152, 2594, t3=t2+(0, 5)) -> (2594, 152, 2594, t4=t3+(1, 7))	3	48
(4219, 88, 2647, t1) & (1479, 128, 839, t2=t1+(0, 6)) & (2647, 130, 839, t3=t2+(0, 3)) -> (839, 130, 4219, t4=t3+(1, 2))	3	49
(141, 92, 22, t1) & (265, 28, 784, t2=t1+(0, 4)) & (141, 192, 784, t3=t2+(0, 8)) -> (22, 192, 22, t4=t3+(1, 6))	3	50
(869, 186, 1285, t1) & (3497, 18, 1717, t2=t1+(0, 4)) & (1717, 128, 869, t3=t2+(0, 3)) -> (3497, 128, 1285, t4=t3+(1, 4))	3	51
(3969, 90, 3145, t1) & (2111, 84, 3827, t2=t1+(0, 2)) & (3827, 28, 3969, t3=t2+(0, 6)) -> (3827, 28, 3145, t4=t3+(1, 5))	3	52
(735, 14, 3671, t1) & (762, 92, 3794, t2=t1+(0, 4)) & (735, 114, 3794, t3=t2+(0, 5)) -> (735, 14, 3794, t4=t3+(1, 4))	3	53
(1045, 190, 1065, t1) & (1628, 8, 4803, t2=t1+(0, 3)) & (1628, 59, 1065, t3=t2+(0, 8)) -> (1045, 59, 1045, t4=t3+(1, 7))	3	54
(3818, 181, 845, t1) & (4883, 147, 4698, t2=t1+(0, 7)) & (3818, 136, 4698, t3=t2+(0, 5)) -> (845, 136, 3818, t4=t3+(1, 7))	3	55
(4678, 196, 3301, t1) & (3550, 28, 1065, t2=t1+(0, 1)) & (3301, 185, 3550, t3=t2+(0, 8)) -> (3550, 28, 3301, t4=t3+(1, 1))	3	56
(2848, 45, 1057, t1) & (373, 114, 808, t2=t1+(0, 6)) & (2848, 194, 808, t3=t2+(0, 3)) -> (2848, 114, 1057, t4=t3+(1, 7))	3	57
(282, 67, 2502, t1) & (1928, 169, 4097, t2=t1+(0, 3)) & (2502, 31, 4097, t3=t2+(0, 7)) -> (2502, 67, 1928, t4=t3+(1, 4))	3	58
(4313, 3, 3528, t1) & (4582, 5, 4953, t2=t1+(0, 6)) & (4953, 130, 3528, t3=t2+(0, 6)) -> (4953, 3, 4313, t4=t3+(1, 5))	3	59
(3253, 58, 4097, t1) & (840, 18, 4369, t2=t1+(0, 2)) & (4097, 115, 4369, t3=t2+(0, 6)) -> (4369, 115, 4097, t4=t3+(1, 3))	3	60
(2198, 169, 1199, t1) & (4079, 91, 4030, t2=t1+(0, 5)) & (4030, 168, 2198, t3=t2+(0, 2)) -> (4079, 169, 4079, t4=t3+(1, 1))	3	61
(2096, 42, 4041, t1) & (779, 17, 4006, t2=t1+(0, 6)) & (2096, 191, 779, t3=t2+(0, 7)) -> (4041, 191, 4006, t4=t3+(1, 2))	3	62
(1108, 110, 265, t1) & (457, 17, 3167, t2=t1+(0, 7)) & (457, 53, 265, t3=t2+(0, 7)) -> (265, 110, 265, t4=t3+(1, 4))	3	63
(2281, 81, 1722, t1) & (4030, 90, 4831, t2=t1+(0, 3)) & (4030, 104, 1722, t3=t2+(0, 1)) -> (2281, 90, 4030, t4=t3+(1, 4))	3	64
(2183, 97, 4748, t1) & (3215, 49, 3049, t2=t1+(0, 4)) & (2183, 100, 3049, t3=t2+(0, 9)) -> (2183, 97, 2183, t4=t3+(1, 5))	3	65
(77, 8, 22, t1) & (4234, 42, 67, t2=t1+(0, 5)) & (22, 193, 67, t3=t2+(0, 6)) -> (22, 8, 22, t4=t3+(1, 4))	3	66
(4259, 88, 1713, t1) & (2127, 120, 2439, t2=t1+(0, 7)) & (4259, 194, 2439, t3=t2+(0, 6)) -> (2439, 120, 2127, t4=t3+(1, 5))	3	67
(2099, 63, 1065, t1) & (1800, 12, 4453, t2=t1+(0, 7)) & (1800, 192, 1065, t3=t2+(0, 3)) -> (1065, 12, 4453, t4=t3+(1, 6))	3	68
(900, 170, 1800, t1) & (537, 29, 2691, t2=t1+(0, 3)) & (900, 84, 2691, t3=t2+(0, 3)) -> (2691, 170, 900, t4=t3+(1, 4))	3	69
(2848, 44, 4489, t1) & (181, 21, 3955, t2=t1+(0, 4)) & (2848, 181, 3955, t3=t2+(0, 5)) -> (4489, 181, 3955, t4=t3+(1, 4))	3	70
(731, 196, 2200, t1) & (4219, 81, 4664, t2=t1+(0, 6)) & (4664, 98, 2200, t3=t2+(0, 5)) -> (2200, 81, 4219, t4=t3+(1, 3))	3	71
(409, 43, 3876, t1) & (4744, 128, 2978, t2=t1+(0, 0)) & (2978, 30, 3876, t3=t2+(0, 4)) -> (3876, 128, 409, t4=t3+(1, 5))	3	72
(4369, 134, 65, t1) & (3499, 115, 1923, t2=t1+(0, 6)) & (3499, 97, 4369, t3=t2+(0, 3)) -> (4369, 115, 1923, t4=t3+(1, 3))	3	73
(3248, 142, 1713, t1) & (277, 181, 2190, t2=t1+(0, 4)) & (1713, 84, 2190, t3=t2+(0, 3)) -> (3248, 84, 277, t4=t3+(1, 5))	3	74
(2051, 186, 4145, t1) & (4916, 136, 3579, t2=t1+(0, 2)) & (4145, 95, 3579, t3=t2+(0, 3)) -> (4145, 136, 3579, t4=t3+(1, 8))	3	75
(3229, 163, 4748, t1) & (4803, 145, 1610, t2=t1+(0, 3)) & (4748, 192, 4803, t3=t2+(0, 6)) -> (1610, 145, 1610, t4=t3+(1, 3))	3	76
(3062, 53, 2116, t1) & (2801, 174, 1479, t2=t1+(0, 8)) & (1479, 192, 3062, t3=t2+(0, 2)) -> (2116, 174, 2801, t4=t3+(1, 6))	3	77
(778, 52, 1438, t1) & (3928, 165, 657, t2=t1+(0, 6)) & (657, 75, 778, t3=t2+(0, 3)) -> (657, 165, 657, t4=t3+(1, 1))	3	78
(3471, 175, 1199, t1) & (476, 139, 1932, t2=t1+(0, 5)) & (476, 194, 1199, t3=t2+(0, 3)) -> (1199, 175, 1199, t4=t3+(1, 2))	3	79
(4023, 146, 4309, t1) & (1265, 78, 910, t2=t1+(0, 6)) & (1265, 12, 4309, t3=t2+(0, 2)) -> (1265, 12, 4309, t4=t3+(1, 3))	3	80
(1180, 58, 102, t1) & (4472, 81, 3611, t2=t1+(0, 10)) & (1180, 77, 4472, t3=t2+(0, 4)) -> (102, 81, 4472, t4=t3+(1, 5))	3	81
(4069, 190, 715, t1) & (1490, 29, 1760, t2=t1+(0, 7)) & (4069, 76, 1760, t3=t2+(0, 4)) -> (715, 29, 715, t4=t3+(1, 4))	3	82
(339, 3, 942, t1) & (762, 127, 302, t2=t1+(0, 6)) & (302, 67, 942, t3=t2+(0, 5)) -> (762, 3, 762, t4=t3+(1, 4))	3	83
(530, 131, 2848, t1) & (1065, 116, 1254, t2=t1+(0, 6)) & (1065, 167, 2848, t3=t2+(0, 7)) -> (1065, 131, 530, t4=t3+(1, 5))	3	84
(3611, 91, 3928, t1) & (1750, 84, 173, t2=t1+(0, 5)) & (3928, 146, 1750, t3=t2+(0, 5)) -> (3611, 91, 3928, t4=t3+(1, 5))	3	85
(1922, 136, 3471, t1) & (3554, 110, 2480, t2=t1+(0, 2)) & (3471, 53, 2480, t3=t2+(0, 7)) -> (3471, 53, 2480, t4=t3+(1, 6))	3	86
(3785, 129, 786, t1) & (2159, 93, 1853, t2=t1+(0, 4)) & (786, 98, 2159, t3=t2+(0, 4)) -> (786, 98, 3785, t4=t3+(1, 7))	3	87
(4344, 17, 4030, t1) & (4582, 66, 1902, t2=t1+(0, 5)) & (4030, 181, 4582, t3=t2+(0, 4)) -> (4030, 181, 4030, t4=t3+(1, 4))	3	88
(784, 85, 282, t1) & (3301, 116, 3647, t2=t1+(0, 2)) & (3647, 60, 784, t3=t2+(0, 7)) -> (3647, 60, 3647, t4=t3+(1, 6))	3	89
(166, 3, 1760, t1) & (2906, 113, 1580, t2=t1+(0, 7)) & (166, 188, 2906, t3=t2+(0, 4)) -> (2906, 188, 1580, t4=t3+(1, 2))	3	90
(2111, 67, 2183, t1) & (2760, 150, 564, t2=t1+(0, 5)) & (2183, 24, 2760, t3=t2+(0, 7)) -> (2183, 67, 2111, t4=t3+(1, 10))	3	91
(302, 54, 560, t1) & (1799, 12, 4393, t2=t1+(0, 6)) & (4393, 58, 302, t3=t2+(0, 5)) -> (560, 58, 302, t4=t3+(1, 6))	3	92
(3629, 72, 1633, t1) & (1971, 169, 1299, t2=t1+(0, 10)) & (3629, 88, 1299, t3=t2+(0, 4)) -> (1299, 169, 3629, t4=t3+(1, 4))	3	93
(683, 170, 4157, t1) & (3527, 18, 2435, t2=t1+(0, 5)) & (683, 192, 2435, t3=t2+(0, 1)) -> (683, 170, 2435, t4=t3+(1, 6))	3	94
(3615, 18, 873, t1) & (1932, 181, 604, t2=t1+(0, 4)) & (873, 168, 604, t3=t2+(0, 9)) -> (604, 18, 1932, t4=t3+(1, 6))	3	95
(1769, 194, 3554, t1) & (1272, 130, 2435, t2=t1+(0, 3)) & (1769, 29, 2435, t3=t2+(0, 3)) -> (2435, 194, 2435, t4=t3+(1, 5))	3	96
(4052, 78, 4706, t1) & (1254, 81, 561, t2=t1+(0, 3)) & (4052, 146, 1254, t3=t2+(0, 6)) -> (4052, 78, 561, t4=t3+(1, 6))	3	97
(2535, 127, 2238, t1) & (4052, 146, 2189, t2=t1+(0, 4)) & (2189, 193, 2535, t3=t2+(0, 3)) -> (2535, 146, 2535, t4=t3+(1, 7))	3	98
(4728, 44, 3253, t1) & (1074, 34, 1708, t2=t1+(0, 7)) & (4728, 192, 1708, t3=t2+(0, 3)) -> (3253, 44, 3253, t4=t3+(1, 4))	3	99
(3167, 52, 2200, t1) & (230, 142, 3167, t2=t1+(0, 4)) -> (3167, 142, 2200, t3=t2+(1, 5))	2	100
(1854, 172, 1339, t1) & (4097, 165, 1854, t2=t1+(0, 4)) -> (1854, 165, 1854, t3=t2+(1, 9))	2	101
(22, 166, 2510, t1) & (2510, 28, 1971, t2=t1+(0, 5)) -> (2510, 166, 22, t3=t2+(1, 6))	2	102
(2802, 140, 3697, t1) & (3697, 126, 3697, t2=t1+(0, 4)) -> (2802, 140, 3697, t3=t2+(1, 7))	2	103
(1252, 136, 1971, t1) & (4745, 30, 1971, t2=t1+(0, 8)) -> (4745, 30, 4745, t3=t2+(1, 4))	2	104
(4069, 3, 4030, t1) & (4069, 12, 3301, t2=t1+(0, 3)) -> (3301, 3, 4069, t3=t2+(1, 8))	2	105
(2190, 123, 2435, t1) & (2956, 40, 2190, t2=t1+(0, 3)) -> (2435, 123, 2435, t3=t2+(1, 7))	2	106
(3138, 88, 1479, t1) & (1479, 51, 3138, t2=t1+(0, 10)) -> (3138, 88, 1479, t3=t2+(1, 5))	2	107
(1474, 192, 302, t1) & (302, 32, 302, t2=t1+(0, 5)) -> (302, 32, 302, t3=t2+(1, 7))	2	108
(3331, 67, 1346, t1) & (1346, 83, 3216, t2=t1+(0, 8)) -> (3216, 83, 1346, t3=t2+(1, 3))	2	109
(2667, 0, 4047, t1) & (4047, 168, 2667, t2=t1+(0, 1)) -> (4047, 168, 2667, t3=t2+(1, 4))	2	110
(1562, 156, 2721, t1) & (1108, 169, 2721, t2=t1+(0, 5)) -> (2721, 156, 2721, t3=t2+(1, 2))	2	111
(1387, 49, 4310, t1) & (1387, 78, 1387, t2=t1+(0, 5)) -> (4310, 49, 4310, t3=t2+(1, 4))	2	112
(3671, 28, 4683, t1) & (3671, 192, 3671, t2=t1+(0, 4)) -> (3671, 192, 3671, t3=t2+(1, 4))	2	113
(4828, 83, 762, t1) & (4828, 72, 4828, t2=t1+(0, 2)) -> (762, 83, 4828, t3=t2+(1, 8))	2	114
(3350, 55, 1167, t1) & (1167, 2, 1167, t2=t1+(0, 5)) -> (1167, 55, 3350, t3=t2+(1, 8))	2	115
(4728, 145, 309, t1) & (1880, 171, 4728, t2=t1+(0, 6)) -> (309, 171, 309, t3=t2+(1, 3))	2	116
(635, 156, 762, t1) & (2588, 26, 762, t2=t1+(0, 6)) -> (762, 156, 635, t3=t2+(1, 6))	2	117
(3331, 181, 1541, t1) & (1541, 91, 3331, t2=t1+(0, 4)) -> (3331, 181, 3331, t3=t2+(1, 10))	2	118
(762, 187, 1853, t1) & (762, 137, 1750, t2=t1+(0, 3)) -> (762, 187, 1750, t3=t2+(1, 4))	2	119
(1785, 107, 3393, t1) & (1785, 189, 1785, t2=t1+(0, 6)) -> (1785, 107, 1785, t3=t2+(1, 6))	2	120
(762, 177, 384, t1) & (762, 24, 762, t2=t1+(0, 5)) -> (384, 177, 384, t3=t2+(1, 8))	2	121
(4138, 177, 1853, t1) & (1387, 142, 1853, t2=t1+(0, 2)) -> (4138, 142, 1853, t3=t2+(1, 9))	2	122
(1474, 123, 3471, t1) & (3471, 195, 3471, t2=t1+(0, 5)) -> (1474, 123, 3471, t3=t2+(1, 4))	2	123
(4582, 100, 203, t1) & (905, 31, 4582, t2=t1+(0, 7)) -> (4582, 100, 203, t3=t2+(1, 2))	2	124
(824, 88, 1632, t1) & (3875, 75, 824, t2=t1+(0, 12)) -> (3875, 88, 1632, t3=t2+(1, 5))	2	125
(840, 70, 683, t1) & (4030, 110, 683, t2=t1+(0, 8)) -> (683, 70, 683, t3=t2+(1, 1))	2	126
(3152, 89, 1441, t1) & (1441, 131, 1441, t2=t1+(0, 6)) -> (1441, 131, 1441, t3=t2+(1, 4))	2	127
(2189, 24, 3611, t1) & (3611, 130, 22, t2=t1+(0, 4)) -> (22, 24, 3611, t3=t2+(1, 9))	2	128
(1756, 78, 3671, t1) & (1756, 97, 3671, t2=t1+(0, 6)) -> (3671, 78, 3671, t3=t2+(1, 7))	2	129
(135, 14, 553, t1) & (553, 66, 1057, t2=t1+(0, 4)) -> (553, 66, 135, t3=t2+(1, 5))	2	130
(4713, 156, 2412, t1) & (4673, 45, 4713, t2=t1+(0, 11)) -> (2412, 45, 4673, t3=t2+(1, 4))	2	131
(885, 192, 1044, t1) & (1044, 193, 439, t2=t1+(0, 9)) -> (885, 193, 1044, t3=t2+(1, 8))	2	132
(805, 88, 1888, t1) & (805, 100, 1888, t2=t1+(0, 1)) -> (805, 100, 1888, t3=t2+(1, 4))	2	133
(1836, 29, 4361, t1) & (4361, 133, 4167, t2=t1+(0, 7)) -> (4361, 133, 4167, t3=t2+(1, 2))	2	134
(1044, 171, 4923, t1) & (1044, 145, 4097, t2=t1+(0, 6)) -> (1044, 171, 4097, t3=t2+(1, 4))	2	135
(868, 169, 2051, t1) & (561, 30, 2051, t2=t1+(0, 4)) -> (2051, 169, 2051, t3=t2+(1, 5))	2	136
(564, 18, 409, t1) & (409, 49, 409, t2=t1+(0, 1)) -> (409, 49, 409, t3=t2+(1, 5))	2	137
(2343, 153, 3128, t1) & (1272, 193, 3128, t2=t1+(0, 3)) -> (3128, 153, 2343, t3=t2+(1, 8))	2	138
(4364, 110, 2978, t1) & (2978, 20, 4364, t2=t1+(0, 7)) -> (4364, 20, 4364, t3=t2+(1, 1))	2	139
(2388, 191, 2596, t1) & (2388, 31, 2596, t2=t1+(0, 6)) -> (2388, 31, 2596, t3=t2+(1, 2))	2	140
(138, 145, 409, t1) & (409, 60, 1693, t2=t1+(0, 3)) -> (138, 60, 409, t3=t2+(1, 6))	2	141
(139, 123, 1265, t1) & (1964, 136, 1265, t2=t1+(0, 5)) -> (1265, 123, 139, t3=t2+(1, 6))	2	142
(2001, 1, 904, t1) & (3356, 169, 2001, t2=t1+(0, 8)) -> (2001, 1, 904, t3=t2+(1, 6))	2	143
(762, 61, 775, t1) & (775, 95, 762, t2=t1+(0, 7)) -> (762, 95, 775, t3=t2+(1, 7))	2	144
(910, 127, 4712, t1) & (910, 57, 800, t2=t1+(0, 3)) -> (910, 57, 910, t3=t2+(1, 3))	2	145
(3528, 192, 2492, t1) & (4344, 168, 2492, t2=t1+(0, 4)) -> (2492, 192, 3528, t3=t2+(1, 5))	2	146
(2994, 169, 1066, t1) & (1554, 0, 2994, t2=t1+(0, 7)) -> (1554, 169, 2994, t3=t2+(1, 5))	2	147
(1632, 102, 2159, t1) & (1632, 73, 2672, t2=t1+(0, 6)) -> (2672, 73, 1632, t3=t2+(1, 7))	2	148
(173, 137, 2492, t1) & (2492, 114, 2492, t2=t1+(0, 3)) -> (2492, 114, 2492, t3=t2+(1, 6))	2	149
(4664, 146, 4097, t1) & (4664, 83, 3126, t2=t1+(0, 4)) -> (3126, 83, 3126, t3=t2+(1, 3))	2	150
(904, 168, 4065, t1) & (904, 159, 904, t2=t1+(0, 6)) -> (904, 159, 4065, t3=t2+(1, 3))	2	151
(3049, 17, 2198, t1) & (2198, 129, 3722, t2=t1+(0, 5)) -> (2198, 17, 2198, t3=t2+(1, 5))	2	152
(2189, 158, 1935, t1) & (1935, 189, 2189, t2=t1+(0, 8)) -> (1935, 158, 1935, t3=t2+(1, 4))	2	153
(1632, 42, 553, t1) & (1632, 28, 553, t2=t1+(0, 4)) -> (1632, 28, 1632, t3=t2+(1, 3))	2	154
(840, 199, 3969, t1) & (840, 182, 3969, t2=t1+(0, 7)) -> (3969, 182, 3969, t3=t2+(1, 2))	2	155
(2848, 2, 762, t1) & (762, 192, 2848, t2=t1+(0, 6)) -> (2848, 2, 762, t3=t2+(1, 3))	2	156
(2124, 62, 709, t1) & (2124, 179, 4145, t2=t1+(0, 4)) -> (2124, 179, 709, t3=t2+(1, 5))	2	157
(4437, 91, 2019, t1) & (2019, 142, 1083, t2=t1+(0, 10)) -> (4437, 91, 2019, t3=t2+(1, 2))	2	158
(3325, 131, 564, t1) & (3325, 67, 3325, t2=t1+(0, 2)) -> (564, 131, 3325, t3=t2+(1, 4))	2	159
(1434, 92, 4085, t1) & (536, 88, 1434, t2=t1+(0, 3)) -> (1434, 92, 536, t3=t2+(1, 8))	2	160
(265, 127, 4158, t1) & (3528, 3, 265, t2=t1+(0, 2)) -> (4158, 3, 265, t3=t2+(1, 3))	2	161
(2388, 67, 4577, t1) & (2388, 136, 2388, t2=t1+(0, 8)) -> (2388, 136, 4577, t3=t2+(1, 5))	2	162
(150, 34, 3289, t1) & (3289, 194, 3289, t2=t1+(0, 3)) -> (3289, 194, 150, t3=t2+(1, 6))	2	163
(4097, 72, 3528, t1) & (3528, 114, 4097, t2=t1+(0, 1)) -> (4097, 114, 4097, t3=t2+(1, 3))	2	164
(4393, 170, 2912, t1) & (4393, 25, 2912, t2=t1+(0, 6)) -> (4393, 170, 4393, t3=t2+(1, 5))	2	165
(4883, 44, 4393, t1) & (4393, 165, 4883, t2=t1+(0, 5)) -> (4883, 44, 4393, t3=t2+(1, 3))	2	166
(2956, 168, 1328, t1) & (2686, 32, 1328, t2=t1+(0, 3)) -> (1328, 32, 2686, t3=t2+(1, 8))	2	167
(2670, 44, 3485, t1) & (4453, 24, 3485, t2=t1+(0, 6)) -> (3485, 24, 3485, t3=t2+(1, 2))	2	168
(3579, 167, 3948, t1) & (3579, 95, 2917, t2=t1+(0, 4)) -> (3579, 95, 3579, t3=t2+(1, 7))	2	169
(1621, 127, 1479, t1) & (1621, 186, 1479, t2=t1+(0, 4)) -> (1479, 127, 1621, t3=t2+(1, 7))	2	170
(762, 145, 3174, t1) & (762, 69, 22, t2=t1+(0, 7)) -> (762, 69, 762, t3=t2+(1, 3))	2	171
(409, 8, 4906, t1) & (1696, 130, 409, t2=t1+(0, 6)) -> (409, 8, 1696, t3=t2+(1, 8))	2	172
(2198, 134, 3010, t1) & (2198, 2, 2198, t2=t1+(0, 9)) -> (2198, 134, 3010, t3=t2+(1, 7))	2	173
(4713, 168, 3331, t1) & (4713, 177, 198, t2=t1+(0, 9)) -> (198, 168, 4713, t3=t2+(1, 7))	2	174
(2186, 21, 4745, t1) & (4745, 169, 3780, t2=t1+(0, 5)) -> (4745, 21, 4745, t3=t2+(1, 3))	2	175
(3528, 182, 4706, t1) & (209, 67, 3528, t2=t1+(0, 3)) -> (3528, 67, 3528, t3=t2+(1, 7))	2	176
(3535, 189, 302, t1) & (302, 163, 1717, t2=t1+(0, 7)) -> (302, 163, 302, t3=t2+(1, 2))	2	177
(2525, 91, 2972, t1) & (4453, 74, 2972, t2=t1+(0, 8)) -> (4453, 91, 2525, t3=t2+(1, 8))	2	178
(2928, 60, 615, t1) & (2928, 39, 3827, t2=t1+(0, 4)) -> (3827, 39, 2928, t3=t2+(1, 1))	2	179
(3338, 165, 1078, t1) & (3338, 91, 1078, t2=t1+(0, 7)) -> (1078, 91, 3338, t3=t2+(1, 6))	2	180
(4621, 116, 3332, t1) & (3579, 78, 4621, t2=t1+(0, 3)) -> (4621, 78, 4621, t3=t2+(1, 4))	2	181
(1001, 169, 1633, t1) & (1001, 196, 1001, t2=t1+(0, 4)) -> (1633, 196, 1001, t3=t2+(1, 9))	2	182
(1336, 125, 1611, t1) & (1336, 189, 1611, t2=t1+(0, 2)) -> (1611, 125, 1336, t3=t2+(1, 6))	2	183
(2189, 88, 1756, t1) & (2189, 84, 564, t2=t1+(0, 3)) -> (2189, 84, 2189, t3=t2+(1, 5))	2	184
(4138, 78, 2435, t1) & (2435, 86, 4138, t2=t1+(0, 4)) -> (4138, 86, 2435, t3=t2+(1, 10))	2	185
(4393, 126, 2099, t1) & (4393, 123, 2099, t2=t1+(0, 5)) -> (2099, 123, 2099, t3=t2+(1, 2))	2	186
(2131, 112, 868, t1) & (1280, 192, 2131, t2=t1+(0, 4)) -> (1280, 192, 2131, t3=t2+(1, 6))	2	187
(2705, 23, 3719, t1) & (3154, 123, 2705, t2=t1+(0, 7)) -> (2705, 23, 2705, t3=t2+(1, 5))	2	188
(4948, 1, 1379, t1) & (4948, 42, 4097, t2=t1+(0, 2)) -> (4948, 1, 1379, t3=t2+(1, 7))	2	189
(779, 92, 4309, t1) & (4309, 168, 1696, t2=t1+(0, 5)) -> (779, 92, 4309, t3=t2+(1, 6))	2	190
(282, 22, 2906, t1) & (282, 47, 2906, t2=t1+(0, 2)) -> (282, 22, 282, t3=t2+(1, 6))	2	191
(2848, 37, 2236, t1) & (2848, 25, 1130, t2=t1+(0, 6)) -> (1130, 25, 2848, t3=t2+(1, 4))	2	192
(4453, 125, 837, t1) & (971, 122, 4453, t2=t1+(0, 5)) -> (971, 122, 837, t3=t2+(1, 3))	2	193
(1397, 18, 1471, t1) & (1397, 163, 1397, t2=t1+(0, 8)) -> (1397, 163, 1397, t3=t2+(1, 7))	2	194
(1713, 172, 1663, t1) & (1663, 145, 1713, t2=t1+(0, 3)) -> (1663, 145, 1713, t3=t2+(1, 5))	2	195
(1081, 72, 4097, t1) & (2540, 61, 1081, t2=t1+(0, 7)) -> (4097, 72, 1081, t3=t2+(1, 8))	2	196
(786, 54, 995, t1) & (995, 169, 4097, t2=t1+(0, 5)) -> (4097, 169, 995, t3=t2+(1, 5))	2	197
(4310, 192, 1627, t1) & (1713, 3, 1627, t2=t1+(0, 7)) -> (4310, 192, 1627, t3=t2+(1, 6))	2	198
(4667, 72, 2204, t1) & (4667, 126, 2683, t2=t1+(0, 7)) -> (4667, 72, 4667, t3=t2+(1, 3))	2	199
(2216, 67, 4754, t1) -> (4754, 67, 4754, t2=t1+(1, 9))	1	200
(754, 186, 3253, t1) -> (3253, 186, 3253, t2=t1+(1, 4))	1	201
(3527, 128, 2721, t1) -> (2721, 128, 3527, t2=t1+(1, 4))	1	202
(282, 172, 391, t1) -> (282, 172, 282, t2=t1+(1, 2))	1	203
(3198, 102, 622, t1) -> (3198, 102, 3198, t2=t1+(1, 2))	1	204
(3840, 127, 2480, t1) -> (3840, 127, 2480, t2=t1+(1, 5))	1	205
(3719, 88, 1625, t1) -> (1625, 88, 1625, t2=t1+(1, 7))	1	206
(4858, 78, 3338, t1) -> (3338, 78, 3338, t2=t1+(1, 6))	1	207
(3554, 67, 265, t1) -> (265, 67, 265, t2=t1+(1, 5))	1	208
(2053, 182, 1167, t1) -> (2053, 182, 1167, t2=t1+(1, 6))	1	209
(409, 100, 2204, t1) -> (2204, 100, 409, t2=t1+(1, 5))	1	210
(3921, 45, 3431, t1) -> (3921, 45, 3921, t2=t1+(1, 5))	1	211
(2127, 192, 404, t1) -> (404, 192, 2127, t2=t1+(1, 2))	1	212
(2471, 198, 177, t1) -> (177, 198, 177, t2=t1+(1, 2))	1	213
(4219, 91, 2051, t1) -> (2051, 91, 2051, t2=t1+(1, 7))	1	214
(4145, 7, 409, t1) -> (409, 7, 409, t2=t1+(1, 7))	1	215
(3145, 66, 3719, t1) -> (3145, 66, 3719, t2=t1+(1, 3))	1	216
(3652, 192, 910, t1) -> (3652, 192, 910, t2=t1+(1, 6))	1	217
(3554, 170, 2051, t1) -> (2051, 170, 3554, t2=t1+(1, 2))	1	218
(2902, 123, 1339, t1) -> (1339, 123, 2902, t2=t1+(1, 5))	1	219
(2189, 100, 4040, t1) -> (4040, 100, 4040, t2=t1+(1, 5))	1	220
(1717, 114, 711, t1) -> (711, 114, 1717, t2=t1+(1, 3))	1	221
(4502, 42, 1898, t1) -> (1898, 42, 1898, t2=t1+(1, 5))	1	222
(4310, 76, 3154, t1) -> (4310, 76, 3154, t2=t1+(1, 3))	1	223
(564, 114, 2198, t1) -> (564, 114, 564, t2=t1+(1, 7))	1	224
(3049, 193, 1932, t1) -> (3049, 193, 3049, t2=t1+(1, 3))	1	225
(837, 131, 3953, t1) -> (837, 131, 837, t2=t1+(1, 8))	1	226
(4023, 83, 4157, t1) -> (4157, 83, 4157, t2=t1+(1, 5))	1	227
(3061, 52, 2051, t1) -> (2051, 52, 2051, t2=t1+(1, 1))	1	228
(3564, 72, 2386, t1) -> (2386, 72, 2386, t2=t1+(1, 8))	1	229
(220, 15, 1571, t1) -> (1571, 15, 1571, t2=t1+(1, 3))	1	230
(2277, 30, 3499, t1) -> (3499, 30, 2277, t2=t1+(1, 11))	1	231
(368, 131, 1272, t1) -> (368, 131, 1272, t2=t1+(1, 8))	1	232
(3077, 124, 1899, t1) -> (3077, 124, 1899, t2=t1+(1, 3))	1	233
(1923, 65, 4726, t1) -> (1923, 65, 1923, t2=t1+(1, 7))	1	234
(1903, 32, 1610, t1) -> (1610, 32, 1903, t2=t1+(1, 4))	1	235
(1610, 38, 3579, t1) -> (3579, 38, 1610, t2=t1+(1, 6))	1	236
(3855, 181, 3747, t1) -> (3747, 181, 3855, t2=t1+(1, 3))	1	237
(1971, 193, 4048, t1) -> (1971, 193, 4048, t2=t1+(1, 11))	1	238
(2895, 67, 2760, t1) -> (2895, 67, 2895, t2=t1+(1, 4))	1	239
(3528, 100, 4843, t1) -> (4843, 100, 4843, t2=t1+(1, 6))	1	240
(4000, 193, 1107, t1) -> (4000, 193, 1107, t2=t1+(1, 6))	1	241
(4664, 29, 368, t1) -> (4664, 29, 4664, t2=t1+(1, 3))	1	242
(1265, 172, 4683, t1) -> (4683, 172, 1265, t2=t1+(1, 5))	1	243
(3356, 130, 4225, t1) -> (4225, 130, 3356, t2=t1+(1, 5))	1	244
(1194, 62, 384, t1) -> (384, 62, 1194, t2=t1+(1, 5))	1	245
(1752, 122, 4158, t1) -> (4158, 122, 1752, t2=t1+(1, 6))	1	246
(536, 181, 2906, t1) -> (536, 181, 536, t2=t1+(1, 6))	1	247
(3331, 192, 1108, t1) -> (1108, 192, 1108, t2=t1+(1, 4))	1	248
(4348, 155, 762, t1) -> (4348, 155, 762, t2=t1+(1, 8))	1	249
(4867, 163, 1107, t1) -> (4867, 163, 4867, t2=t1+(1, 7))	1	250
(4476, 95, 1391, t1) -> (4476, 95, 4476, t2=t1+(1, 7))	1	251
(1252, 170, 3543, t1) -> (3543, 170, 1252, t2=t1+(1, 6))	1	252
(1693, 194, 2734, t1) -> (2734, 194, 1693, t2=t1+(1, 3))	1	253
(3320, 34, 4916, t1) -> (3320, 34, 4916, t2=t1+(1, 9))	1	254
(3497, 91, 1713, t1) -> (3497, 91, 3497, t2=t1+(1, 2))	1	255
(4923, 117, 4743, t1) -> (4923, 117, 4743, t2=t1+(1, 6))	1	256
(964, 75, 553, t1) -> (553, 75, 553, t2=t1+(1, 2))	1	257
(2189, 30, 2051, t1) -> (2189, 30, 2051, t2=t1+(1, 4))	1	258
(798, 49, 2198, t1) -> (2198, 49, 798, t2=t1+(1, 2))	1	259
(2582, 102, 3523, t1) -> (2582, 102, 2582, t2=t1+(1, 2))	1	260
(762, 192, 409, t1) -> (409, 192, 762, t2=t1+(1, 9))	1	261
(4016, 136, 230, t1) -> (230, 136, 4016, t2=t1+(1, 3))	1	262
(4406, 189, 4862, t1) -> (4406, 189, 4862, t2=t1+(1, 6))	1	263
(4138, 111, 2492, t1) -> (4138, 111, 4138, t2=t1+(1, 2))	1	264
(4334, 126, 3331, t1) -> (4334, 126, 3331, t2=t1+(1, 4))	1	265
(195, 166, 971, t1) -> (971, 166, 195, t2=t1+(1, 7))	1	266
(3827, 53, 3481, t1) -> (3827, 53, 3481, t2=t1+(1, 4))	1	267
(1199, 9, 4873, t1) -> (4873, 9, 1199, t2=t1+(1, 5))	1	268
(2041, 60, 2848, t1) -> (2041, 60, 2848, t2=t1+(1, 5))	1	269
(2845, 69, 302, t1) -> (2845, 69, 302, t2=t1+(1, 2))	1	270
(2212, 163, 762, t1) -> (762, 163, 762, t2=t1+(1, 4))	1	271
(1264, 192, 3527, t1) -> (1264, 192, 3527, t2=t1+(1, 3))	1	272
(2052, 88, 1226, t1) -> (2052, 88, 1226, t2=t1+(1, 6))	1	273
(3917, 137, 2549, t1) -> (2549, 137, 3917, t2=t1+(1, 4))	1	274
(910, 97, 561, t1) -> (910, 97, 910, t2=t1+(1, 3))	1	275
(1226, 186, 1260, t1) -> (1226, 186, 1260, t2=t1+(1, 3))	1	276
(4030, 85, 1057, t1) -> (1057, 85, 1057, t2=t1+(1, 4))	1	277
(2502, 84, 3719, t1) -> (3719, 84, 2502, t2=t1+(1, 7))	1	278
(1474, 52, 4157, t1) -> (4157, 52, 4157, t2=t1+(1, 11))	1	279
(3780, 110, 1756, t1) -> (1756, 110, 3780, t2=t1+(1, 9))	1	280
(3010, 3, 2435, t1) -> (2435, 3, 2435, t2=t1+(1, 5))	1	281
(4728, 126, 4085, t1) -> (4085, 126, 4085, t2=t1+(1, 6))	1	282
(1662, 125, 4927, t1) -> (4927, 125, 4927, t2=t1+(1, 6))	1	283
(995, 171, 2216, t1) -> (2216, 171, 995, t2=t1+(1, 8))	1	284
(4479, 36, 561, t1) -> (4479, 36, 561, t2=t1+(1, 2))	1	285
(1971, 105, 1065, t1) -> (1971, 105, 1065, t2=t1+(1, 8))	1	286
(2279, 189, 3233, t1) -> (3233, 189, 3233, t2=t1+(1, 6))	1	287
(3785, 108, 160, t1) -> (160, 108, 160, t2=t1+(1, 10))	1	288
(873, 94, 1509, t1) -> (1509, 94, 1509, t2=t1+(1, 5))	1	289
(3350, 81, 1696, t1) -> (1696, 81, 1696, t2=t1+(1, 6))	1	290
(1716, 40, 731, t1) -> (1716, 40, 731, t2=t1+(1, 1))	1	291
(1923, 128, 3785, t1) -> (1923, 128, 3785, t2=t1+(1, 1))	1	292
(2204, 136, 3525, t1) -> (2204, 136, 2204, t2=t1+(1, 3))	1	293
(3167, 72, 4348, t1) -> (3167, 72, 4348, t2=t1+(1, 3))	1	294
(2183, 155, 3167, t1) -> (2183, 155, 3167, t2=t1+(1, 4))	1	295
(826, 47, 2643, t1) -> (826, 47, 826, t2=t1+(1, 4))	1	296
(1722, 85, 3955, t1) -> (3955, 85, 3955, t2=t1+(1, 5))	1	297
(4604, 128, 4240, t1) -> (4604, 128, 4240, t2=t1+(1, 5))	1	298
(3707, 83, 2582, t1) -> (2582, 83, 3707, t2=t1+(1, 10))	1	299
