(4090, 23, 939, t1) & (3021, 162, 42, t2=t1+(0, 4)) & (42, 55, 4090, t3=t2+(0, 0)) -> (4090, 162, 3021, t4=t3+(1, 6))	3	0
(4735, 194, 391, t1) & (2765, 28, 2320, t2=t1+(0, 5)) & (4735, 153, 2765, t3=t2+(0, 7)) -> (391, 194, 4735, t4=t3+(1, 8))	3	1
(2395, 194, 619, t1) & (4280, 94, 954, t2=t1+(0, 5)) & (4280, 31, 2395, t3=t2+(0, 3)) -> (954, 94, 4280, t4=t3+(1, 6))	3	2
(2461, 141, 2208, t1) & (1420, 53, 1700, t2=t1+(0, 10)) & (1420, 185, 2461, t3=t2+(0, 7)) -> (1420, 53, 1700, t4=t3+(1, 4))	3	3
(4651, 194, 4123, t1) & (3928, 73, 3383, t2=t1+(0, 2)) & (4651, 120, 3928, t3=t2+(0, 5)) -> (3928, 194, 4651, t4=t3+(1, 8))	3	4
(2823, 126, 267, t1) & (407, 168, 3690, t2=t1+(0, 6)) & (3690, 101, 2823, t3=t2+(0, 9)) -> (3690, 101, 3690, t4=t3+(1, 4))	3	5
(4001, 29, 346, t1) & (2784, 28, 3294, t2=t1+(0, 2)) & (4001, 68, 2784, t3=t2+(0, 5)) -> (2784, 28, 3294, t4=t3+(1, 5))	3	6
(2922, 81, 3921, t1) & (4168, 175, 717, t2=t1+(0, 4)) & (3921, 137, 717, t3=t2+(0, 7)) -> (3921, 175, 3921, t4=t3+(1, 8))	3	7
(3959, 116, 1051, t1) & (530, 82, 153, t2=t1+(0, 3)) & (530, 37, 3959, t3=t2+(0, 2)) -> (530, 82, 1051, t4=t3+(1, 5))	3	8
(3661, 63, 2208, t1) & (800, 193, 3386, t2=t1+(0, 8)) & (2208, 50, 3386, t3=t2+(0, 4)) -> (3386, 193, 800, t4=t3+(1, 5))	3	9
(2110, 37, 4889, t1) & (1172, 63, 4478, t2=t1+(0, 5)) & (1172, 98, 2110, t3=t2+(0, 4)) -> (2110, 37, 4889, t4=t3+(1, 9))	3	10
(650, 169, 4114, t1) & (3390, 11, 1614, t2=t1+(0, 6)) & (1614, 192, 650, t3=t2+(0, 8)) -> (3390, 192, 650, t4=t3+(1, 5))	3	11
(753, 66, 3559, t1) & (514, 61, 802, t2=t1+(0, 5)) & (514, 105, 3559, t3=t2+(0, 8)) -> (514, 66, 753, t4=t3+(1, 4))	3	12
(4716, 37, 2453, t1) & (4018, 183, 160, t2=t1+(0, 6)) & (4716, 139, 4018, t3=t2+(0, 6)) -> (4018, 139, 4716, t4=t3+(1, 5))	3	13
(4392, 137, 966, t1) & (2, 85, 4193, t2=t1+(0, 5)) & (4193, 75, 966, t3=t2+(0, 2)) -> (2, 85, 4193, t4=t3+(1, 7))	3	14
(3245, 190, 1291, t1) & (3089, 66, 260, t2=t1+(0, 10)) & (1291, 173, 3089, t3=t2+(0, 3)) -> (1291, 173, 1291, t4=t3+(1, 5))	3	15
(474, 164, 333, t1) & (217, 70, 3774, t2=t1+(0, 2)) & (333, 55, 3774, t3=t2+(0, 8)) -> (217, 70, 3774, t4=t3+(1, 6))	3	16
(1337, 37, 113, t1) & (2189, 185, 428, t2=t1+(0, 2)) & (2189, 91, 113, t3=t2+(0, 1)) -> (2189, 91, 2189, t4=t3+(1, 11))	3	17
(2413, 103, 3412, t1) & (3350, 142, 4834, t2=t1+(0, 2)) & (4834, 103, 2413, t3=t2+(0, 7)) -> (4834, 103, 3412, t4=t3+(1, 3))	3	18
(2904, 46, 83, t1) & (2529, 105, 1906, t2=t1+(0, 4)) & (83, 105, 1906, t3=t2+(0, 1)) -> (1906, 105, 2904, t4=t3+(1, 6))	3	19
(2900, 109, 3162, t1) & (2462, 148, 91, t2=t1+(0, 5)) & (2900, 13, 91, t3=t2+(0, 4)) -> (3162, 109, 3162, t4=t3+(1, 7))	3	20
(2794, 58, 4811, t1) & (959, 28, 1044, t2=t1+(0, 5)) & (1044, 105, 4811, t3=t2+(0, 3)) -> (1044, 105, 4811, t4=t3+(1, 6))	3	21
(3645, 183, 302, t1) & (3789, 88, 1683, t2=t1+(0, 3)) & (3789, 12, 302, t3=t2+(0, 4)) -> (302, 88, 3789, t4=t3+(1, 8))	3	22
(3330, 167, 3303, t1) & (980, 37, 4826, t2=t1+(0, 4)) & (3330, 22, 980, t3=t2+(0, 5)) -> (4826, 37, 3303, t4=t3+(1, 2))	3	23
(2358, 150, 4019, t1) & (1009, 178, 1623, t2=t1+(0, 1)) & (4019, 180, 1009, t3=t2+(0, 6)) -> (1623, 180, 1009, t4=t3+(1, 4))	3	24
(2492, 51, 4993, t1) & (2869, 153, 1250, t2=t1+(0, 1)) & (2492, 162, 1250, t3=t2+(0, 3)) -> (2869, 51, 2492, t4=t3+(1, 2))	3	25
(4995, 167, 2281, t1) & (4667, 90, 3032, t2=t1+(0, 5)) & (4995, 52, 3032, t3=t2+(0, 5)) -> (3032, 167, 3032, t4=t3+(1, 7))	3	26
(3133, 168, 3293, t1) & (1563, 177, 2647, t2=t1+(0, 6)) & (2647, 37, 3133, t3=t2+(0, 4)) -> (2647, 37, 1563, t4=t3+(1, 7))	3	27
(487, 38, 3732, t1) & (898, 76, 1331, t2=t1+(0, 1)) & (898, 81, 487, t3=t2+(0, 4)) -> (898, 38, 487, t4=t3+(1, 5))	3	28
(3554, 61, 4008, t1) & (2015, 192, 3065, t2=t1+(0, 1)) & (3554, 148, 3065, t3=t2+(0, 7)) -> (3065, 61, 3554, t4=t3+(1, 4))	3	29
(4572, 91, 344, t1) & (30, 28, 1015, t2=t1+(0, 6)) & (344, 42, 1015, t3=t2+(0, 7)) -> (1015, 28, 1015, t4=t3+(1, 2))	3	30
(2838, 167, 2691, t1) & (2158, 60, 1589, t2=t1+(0, 3)) & (2691, 143, 2158, t3=t2+(0, 3)) -> (2158, 167, 2691, t4=t3+(1, 7))	3	31
(1598, 153, 2533, t1) & (4153, 13, 1078, t2=t1+(0, 3)) & (1078, 77, 2533, t3=t2+(0, 10)) -> (4153, 77, 4153, t4=t3+(1, 3))	3	32
(1341, 105, 96, t1) & (3301, 70, 597, t2=t1+(0, 5)) & (1341, 28, 3301, t3=t2+(0, 4)) -> (3301, 28, 3301, t4=t3+(1, 5))	3	33
(1070, 11, 2787, t1) & (50, 126, 1770, t2=t1+(0, 6)) & (1770, 51, 2787, t3=t2+(0, 4)) -> (50, 51, 1770, t4=t3+(1, 8))	3	34
(2254, 150, 2262, t1) & (2217, 83, 3301, t2=t1+(0, 7)) & (2254, 173, 2217, t3=t2+(0, 3)) -> (3301, 150, 3301, t4=t3+(1, 4))	3	35
(1149, 177, 1359, t1) & (461, 114, 3110, t2=t1+(0, 5)) & (461, 178, 1359, t3=t2+(0, 4)) -> (1149, 114, 1359, t4=t3+(1, 4))	3	36
(1212, 120, 3627, t1) & (1177, 52, 4807, t2=t1+(0, 5)) & (4807, 142, 3627, t3=t2+(0, 2)) -> (1177, 52, 1212, t4=t3+(1, 4))	3	37
(1038, 118, 4611, t1) & (968, 74, 2951, t2=t1+(0, 7)) & (2951, 143, 1038, t3=t2+(0, 4)) -> (1038, 143, 2951, t4=t3+(1, 1))	3	38
(4725, 152, 4995, t1) & (4731, 117, 1596, t2=t1+(0, 7)) & (4725, 3, 4731, t3=t2+(0, 9)) -> (4725, 117, 4995, t4=t3+(1, 3))	3	39
(2715, 160, 4283, t1) & (4659, 91, 3678, t2=t1+(0, 6)) & (4659, 183, 4283, t3=t2+(0, 4)) -> (4659, 183, 4659, t4=t3+(1, 5))	3	40
(523, 24, 2175, t1) & (4742, 180, 3372, t2=t1+(0, 8)) & (523, 104, 3372, t3=t2+(0, 6)) -> (4742, 24, 4742, t4=t3+(1, 7))	3	41
(1391, 136, 1000, t1) & (4686, 12, 4352, t2=t1+(0, 7)) & (1000, 13, 4352, t3=t2+(0, 4)) -> (1000, 136, 4686, t4=t3+(1, 3))	3	42
(2501, 51, 4234, t1) & (4778, 156, 4000, t2=t1+(0, 4)) & (4234, 24, 4778, t3=t2+(0, 5)) -> (4778, 156, 4778, t4=t3+(1, 2))	3	43
(559, 95, 1724, t1) & (3930, 70, 76, t2=t1+(0, 6)) & (3930, 13, 559, t3=t2+(0, 2)) -> (559, 13, 1724, t4=t3+(1, 3))	3	44
(210, 54, 1809, t1) & (2450, 145, 3401, t2=t1+(0, 2)) & (2450, 164, 210, t3=t2+(0, 4)) -> (210, 54, 3401, t4=t3+(1, 4))	3	45
(736, 121, 2987, t1) & (214, 167, 1439, t2=t1+(0, 3)) & (736, 126, 1439, t3=t2+(0, 6)) -> (1439, 126, 2987, t4=t3+(1, 4))	3	46
(593, 25, 3239, t1) & (919, 132, 3234, t2=t1+(0, 5)) & (3234, 116, 593, t3=t2+(0, 5)) -> (3239, 132, 3234, t4=t3+(1, 7))	3	47
(2905, 57, 2069, t1) & (2705, 70, 4981, t2=t1+(0, 5)) & (4981, 50, 2905, t3=t2+(0, 7)) -> (2705, 57, 4981, t4=t3+(1, 6))	3	48
(4579, 150, 2311, t1) & (126, 13, 3324, t2=t1+(0, 4)) & (4579, 109, 3324, t3=t2+(0, 7)) -> (2311, 150, 3324, t4=t3+(1, 8))	3	49
(3560, 52, 2018, t1) & (765, 28, 4174, t2=t1+(0, 5)) & (3560, 175, 4174, t3=t2+(0, 1)) -> (765, 28, 765, t4=t3+(1, 4))	3	50
(2808, 179, 3387, t1) & (1640, 81, 2592, t2=t1+(0, 4)) & (1640, 80, 2808, t3=t2+(0, 3)) -> (1640, 81, 2808, t4=t3+(1, 7))	3	51
(3744, 126, 1490, t1) & (2346, 143, 2746, t2=t1+(0, 6)) & (3744, 13, 2346, t3=t2+(0, 5)) -> (1490, 143, 2346, t4=t3+(1, 7))	3	52
(205, 155, 4372, t1) & (3963, 44, 3443, t2=t1+(0, 8)) & (4372, 148, 3443, t3=t2+(0, 5)) -> (3963, 148, 205, t4=t3+(1, 4))	3	53
(1338, 153, 3229, t1) & (2887, 66, 4787, t2=t1+(0, 4)) & (4787, 127, 3229, t3=t2+(0, 5)) -> (1338, 66, 4787, t4=t3+(1, 8))	3	54
(479, 105, 922, t1) & (3818, 74, 4404, t2=t1+(0, 3)) & (922, 50, 4404, t3=t2+(0, 2)) -> (3818, 105, 3818, t4=t3+(1, 3))	3	55
(4914, 34, 845, t1) & (3487, 175, 1410, t2=t1+(0, 7)) & (3487, 15, 845, t3=t2+(0, 8)) -> (3487, 175, 3487, t4=t3+(1, 4))	3	56
(1542, 69, 559, t1) & (293, 178, 1984, t2=t1+(0, 2)) & (1984, 167, 559, t3=t2+(0, 6)) -> (559, 167, 293, t4=t3+(1, 3))	3	57
(2320, 22, 2220, t1) & (710, 28, 3486, t2=t1+(0, 8)) & (3486, 180, 2320, t3=t2+(0, 5)) -> (3486, 28, 3486, t4=t3+(1, 6))	3	58
(1645, 38, 4103, t1) & (186, 193, 4224, t2=t1+(0, 3)) & (4224, 29, 1645, t3=t2+(0, 6)) -> (4103, 38, 4103, t4=t3+(1, 3))	3	59
(4389, 167, 1898, t1) & (4705, 7, 4185, t2=t1+(0, 3)) & (4185, 165, 4389, t3=t2+(0, 5)) -> (4185, 7, 4389, t4=t3+(1, 7))	3	60
(324, 105, 889, t1) & (669, 142, 207, t2=t1+(0, 8)) & (324, 167, 669, t3=t2+(0, 2)) -> (324, 105, 669, t4=t3+(1, 3))	3	61
(2114, 28, 2176, t1) & (2561, 142, 252, t2=t1+(0, 4)) & (2176, 125, 252, t3=t2+(0, 4)) -> (2176, 28, 252, t4=t3+(1, 1))	3	62
(4265, 13, 111, t1) & (3815, 185, 2812, t2=t1+(0, 3)) & (4265, 10, 2812, t3=t2+(0, 6)) -> (111, 10, 4265, t4=t3+(1, 9))	3	63
(3783, 103, 1640, t1) & (56, 179, 3796, t2=t1+(0, 4)) & (3796, 22, 1640, t3=t2+(0, 6)) -> (3796, 103, 3796, t4=t3+(1, 3))	3	64
(463, 24, 3315, t1) & (3201, 22, 4558, t2=t1+(0, 2)) & (3201, 77, 463, t3=t2+(0, 3)) -> (3201, 22, 3201, t4=t3+(1, 2))	3	65
(853, 55, 4895, t1) & (4, 37, 1902, t2=t1+(0, 4)) & (853, 70, 4, t3=t2+(0, 6)) -> (1902, 70, 4895, t4=t3+(1, 3))	3	66
(1500, 22, 4318, t1) & (36, 70, 3994, t2=t1+(0, 8)) & (36, 38, 4318, t3=t2+(0, 5)) -> (1500, 38, 36, t4=t3+(1, 1))	3	67
(1805, 70, 1198, t1) & (3708, 192, 2478, t2=t1+(0, 2)) & (2478, 77, 1198, t3=t2+(0, 4)) -> (2478, 192, 3708, t4=t3+(1, 4))	3	68
(1395, 37, 3644, t1) & (1451, 101, 3101, t2=t1+(0, 3)) & (1451, 117, 3644, t3=t2+(0, 5)) -> (3101, 37, 1451, t4=t3+(1, 7))	3	69
(2162, 21, 4502, t1) & (3712, 37, 1011, t2=t1+(0, 3)) & (4502, 158, 1011, t3=t2+(0, 1)) -> (2162, 158, 4502, t4=t3+(1, 6))	3	70
(2319, 169, 4096, t1) & (3842, 13, 4921, t2=t1+(0, 7)) & (3842, 66, 2319, t3=t2+(0, 6)) -> (3842, 13, 4921, t4=t3+(1, 3))	3	71
(3598, 62, 2778, t1) & (2206, 37, 393, t2=t1+(0, 4)) & (3598, 26, 393, t3=t2+(0, 7)) -> (393, 37, 393, t4=t3+(1, 7))	3	72
(2354, 182, 2041, t1) & (1568, 4, 3081, t2=t1+(0, 10)) & (1568, 139, 2041, t3=t2+(0, 6)) -> (1568, 182, 3081, t4=t3+(1, 3))	3	73
(3559, 52, 391, t1) & (1928, 52, 3586, t2=t1+(0, 5)) & (391, 185, 3586, t3=t2+(0, 4)) -> (391, 52, 3586, t4=t3+(1, 2))	3	74
(3478, 51, 723, t1) & (4842, 37, 4064, t2=t1+(0, 3)) & (723, 101, 4842, t3=t2+(0, 6)) -> (4842, 37, 4064, t4=t3+(1, 4))	3	75
(509, 119, 3146, t1) & (4400, 167, 3577, t2=t1+(0, 4)) & (509, 185, 4400, t3=t2+(0, 2)) -> (509, 185, 3146, t4=t3+(1, 1))	3	76
(3592, 192, 2163, t1) & (358, 83, 1604, t2=t1+(0, 4)) & (3592, 141, 358, t3=t2+(0, 8)) -> (358, 141, 3592, t4=t3+(1, 5))	3	77
(2575, 188, 465, t1) & (4955, 72, 3403, t2=t1+(0, 4)) & (4955, 37, 465, t3=t2+(0, 5)) -> (465, 188, 2575, t4=t3+(1, 3))	3	78
(1980, 117, 1160, t1) & (776, 168, 486, t2=t1+(0, 4)) & (486, 13, 1160, t3=t2+(0, 3)) -> (486, 117, 776, t4=t3+(1, 6))	3	79
(675, 86, 3537, t1) & (4235, 24, 555, t2=t1+(0, 6)) & (4235, 167, 3537, t3=t2+(0, 6)) -> (555, 24, 4235, t4=t3+(1, 2))	3	80
(517, 58, 1702, t1) & (2276, 74, 2960, t2=t1+(0, 2)) & (517, 19, 2960, t3=t2+(0, 5)) -> (2960, 58, 517, t4=t3+(1, 4))	3	81
(65, 153, 4542, t1) & (3627, 66, 3135, t2=t1+(0, 7)) & (4542, 102, 3627, t3=t2+(0, 5)) -> (3627, 66, 4542, t4=t3+(1, 2))	3	82
(2225, 26, 3123, t1) & (3371, 136, 4166, t2=t1+(0, 3)) & (3123, 170, 3371, t3=t2+(0, 5)) -> (4166, 26, 3123, t4=t3+(1, 3))	3	83
(412, 116, 2969, t1) & (4826, 105, 4071, t2=t1+(0, 0)) & (4826, 117, 412, t3=t2+(0, 11)) -> (2969, 105, 2969, t4=t3+(1, 6))	3	84
(318, 50, 4204, t1) & (4578, 51, 3766, t2=t1+(0, 9)) & (318, 42, 3766, t3=t2+(0, 4)) -> (318, 50, 318, t4=t3+(1, 2))	3	85
(2480, 70, 1244, t1) & (876, 173, 4945, t2=t1+(0, 4)) & (876, 93, 2480, t3=t2+(0, 5)) -> (1244, 173, 876, t4=t3+(1, 2))	3	86
(4447, 8, 505, t1) & (2042, 120, 1044, t2=t1+(0, 7)) & (505, 54, 1044, t3=t2+(0, 2)) -> (505, 120, 4447, t4=t3+(1, 4))	3	87
(1536, 98, 3123, t1) & (2005, 167, 2876, t2=t1+(0, 9)) & (2005, 28, 1536, t3=t2+(0, 9)) -> (1536, 98, 2005, t4=t3+(1, 4))	3	88
(3154, 154, 4972, t1) & (2665, 86, 3077, t2=t1+(0, 7)) & (4972, 160, 2665, t3=t2+(0, 4)) -> (2665, 160, 2665, t4=t3+(1, 2))	3	89
(2115, 178, 1641, t1) & (3229, 37, 1604, t2=t1+(0, 6)) & (3229, 124, 2115, t3=t2+(0, 2)) -> (1604, 37, 2115, t4=t3+(1, 4))	3	90
(906, 183, 785, t1) & (3946, 44, 1149, t2=t1+(0, 7)) & (906, 51, 1149, t3=t2+(0, 7)) -> (906, 183, 785, t4=t3+(1, 5))	3	91
(2781, 167, 1475, t1) & (1353, 167, 681, t2=t1+(0, 6)) & (681, 86, 2781, t3=t2+(0, 8)) -> (681, 167, 1475, t4=t3+(1, 9))	3	92
(2725, 5, 2332, t1) & (3221, 190, 3620, t2=t1+(0, 7)) & (2332, 13, 3620, t3=t2+(0, 3)) -> (3221, 13, 3620, t4=t3+(1, 1))	3	93
(2272, 37, 2358, t1) & (3419, 51, 3215, t2=t1+(0, 7)) & (3215, 130, 2358, t3=t2+(0, 3)) -> (2358, 130, 3419, t4=t3+(1, 1))	3	94
(2619, 16, 2657, t1) & (308, 94, 1622, t2=t1+(0, 4)) & (2619, 92, 308, t3=t2+(0, 7)) -> (2619, 94, 2657, t4=t3+(1, 2))	3	95
(2547, 55, 3854, t1) & (2668, 52, 4995, t2=t1+(0, 4)) & (2547, 156, 2668, t3=t2+(0, 3)) -> (4995, 52, 2547, t4=t3+(1, 5))	3	96
(2522, 50, 4621, t1) & (479, 7, 4584, t2=t1+(0, 5)) & (4584, 38, 2522, t3=t2+(0, 4)) -> (4621, 38, 4584, t4=t3+(1, 5))	3	97
(2347, 63, 750, t1) & (922, 145, 3924, t2=t1+(0, 3)) & (2347, 173, 3924, t3=t2+(0, 5)) -> (2347, 173, 750, t4=t3+(1, 7))	3	98
(888, 55, 3265, t1) & (2163, 61, 164, t2=t1+(0, 3)) & (3265, 182, 164, t3=t2+(0, 4)) -> (3265, 61, 3265, t4=t3+(1, 5))	3	99
(4713, 101, 2212, t1) & (4961, 105, 4713, t2=t1+(0, 10)) -> (4713, 101, 4713, t3=t2+(1, 3))	2	100
(423, 38, 793, t1) & (423, 192, 3640, t2=t1+(0, 4)) -> (793, 38, 423, t3=t2+(1, 5))	2	101
(1963, 116, 2106, t1) & (2106, 137, 3145, t2=t1+(0, 2)) -> (3145, 116, 1963, t3=t2+(1, 5))	2	102
(4460, 192, 62, t1) & (4460, 72, 4460, t2=t1+(0, 2)) -> (4460, 72, 4460, t3=t2+(1, 10))	2	103
(2585, 57, 680, t1) & (2585, 105, 2585, t2=t1+(0, 6)) -> (2585, 57, 2585, t3=t2+(1, 6))	2	104
(466, 98, 2490, t1) & (999, 125, 466, t2=t1+(0, 9)) -> (466, 125, 466, t3=t2+(1, 3))	2	105
(3745, 168, 244, t1) & (244, 38, 3814, t2=t1+(0, 5)) -> (244, 38, 3814, t3=t2+(1, 7))	2	106
(1435, 144, 1181, t1) & (1435, 51, 1846, t2=t1+(0, 8)) -> (1181, 144, 1435, t3=t2+(1, 7))	2	107
(2634, 62, 2541, t1) & (3539, 42, 2634, t2=t1+(0, 6)) -> (2634, 62, 2634, t3=t2+(1, 5))	2	108
(2522, 17, 2767, t1) & (2767, 101, 2522, t2=t1+(0, 8)) -> (2767, 101, 2522, t3=t2+(1, 3))	2	109
(2552, 81, 3919, t1) & (2655, 142, 2552, t2=t1+(0, 6)) -> (2655, 142, 2655, t3=t2+(1, 3))	2	110
(3929, 38, 1434, t1) & (1434, 0, 3929, t2=t1+(0, 6)) -> (1434, 38, 1434, t3=t2+(1, 4))	2	111
(300, 28, 1386, t1) & (266, 112, 1386, t2=t1+(0, 4)) -> (300, 28, 300, t3=t2+(1, 5))	2	112
(3862, 91, 1274, t1) & (1274, 190, 3893, t2=t1+(0, 5)) -> (3862, 91, 1274, t3=t2+(1, 9))	2	113
(3248, 197, 3410, t1) & (3248, 13, 4756, t2=t1+(0, 3)) -> (3410, 197, 3248, t3=t2+(1, 8))	2	114
(703, 107, 3257, t1) & (917, 22, 703, t2=t1+(0, 1)) -> (3257, 22, 917, t3=t2+(1, 7))	2	115
(3576, 176, 3528, t1) & (3893, 180, 3576, t2=t1+(0, 10)) -> (3528, 176, 3576, t3=t2+(1, 7))	2	116
(752, 149, 2169, t1) & (752, 23, 752, t2=t1+(0, 8)) -> (752, 149, 2169, t3=t2+(1, 5))	2	117
(738, 0, 494, t1) & (738, 162, 738, t2=t1+(0, 6)) -> (738, 0, 738, t3=t2+(1, 4))	2	118
(700, 168, 1091, t1) & (4438, 105, 700, t2=t1+(0, 6)) -> (700, 168, 700, t3=t2+(1, 8))	2	119
(3196, 31, 1071, t1) & (3196, 62, 3196, t2=t1+(0, 4)) -> (3196, 31, 3196, t3=t2+(1, 8))	2	120
(2800, 194, 3491, t1) & (2800, 38, 2800, t2=t1+(0, 5)) -> (2800, 38, 2800, t3=t2+(1, 5))	2	121
(1217, 37, 3189, t1) & (3189, 38, 1495, t2=t1+(0, 6)) -> (1217, 37, 3189, t3=t2+(1, 6))	2	122
(629, 145, 4115, t1) & (4901, 8, 629, t2=t1+(0, 1)) -> (629, 8, 629, t3=t2+(1, 4))	2	123
(4477, 6, 2593, t1) & (2593, 148, 1224, t2=t1+(0, 5)) -> (1224, 148, 2593, t3=t2+(1, 5))	2	124
(1204, 101, 3120, t1) & (3763, 31, 3120, t2=t1+(0, 4)) -> (3120, 31, 3763, t3=t2+(1, 3))	2	125
(2143, 116, 2572, t1) & (4770, 68, 2572, t2=t1+(0, 3)) -> (2143, 68, 2572, t3=t2+(1, 3))	2	126
(1014, 14, 3974, t1) & (3937, 86, 1014, t2=t1+(0, 4)) -> (1014, 14, 3974, t3=t2+(1, 8))	2	127
(3685, 190, 3473, t1) & (3473, 10, 3685, t2=t1+(0, 1)) -> (3473, 190, 3473, t3=t2+(1, 4))	2	128
(3302, 22, 522, t1) & (370, 134, 522, t2=t1+(0, 4)) -> (370, 134, 3302, t3=t2+(1, 4))	2	129
(3085, 155, 2972, t1) & (3005, 26, 2972, t2=t1+(0, 8)) -> (2972, 26, 3005, t3=t2+(1, 3))	2	130
(3116, 87, 3662, t1) & (3116, 22, 2212, t2=t1+(0, 4)) -> (3116, 87, 3662, t3=t2+(1, 4))	2	131
(3302, 185, 733, t1) & (1947, 28, 733, t2=t1+(0, 4)) -> (3302, 28, 733, t3=t2+(1, 5))	2	132
(1283, 25, 3600, t1) & (3600, 194, 4820, t2=t1+(0, 1)) -> (1283, 25, 3600, t3=t2+(1, 7))	2	133
(2585, 8, 3031, t1) & (3031, 167, 1895, t2=t1+(0, 4)) -> (2585, 167, 3031, t3=t2+(1, 4))	2	134
(3944, 24, 3064, t1) & (3064, 162, 4728, t2=t1+(0, 4)) -> (3064, 24, 3064, t3=t2+(1, 4))	2	135
(3560, 66, 1525, t1) & (1525, 77, 1662, t2=t1+(0, 4)) -> (3560, 77, 1662, t3=t2+(1, 2))	2	136
(2641, 86, 2767, t1) & (2641, 196, 2641, t2=t1+(0, 8)) -> (2767, 86, 2641, t3=t2+(1, 9))	2	137
(1272, 149, 3960, t1) & (3960, 122, 2591, t2=t1+(0, 6)) -> (3960, 122, 3960, t3=t2+(1, 4))	2	138
(2108, 144, 3812, t1) & (3812, 63, 2877, t2=t1+(0, 7)) -> (3812, 63, 2877, t3=t2+(1, 7))	2	139
(2470, 56, 2570, t1) & (3952, 52, 2570, t2=t1+(0, 8)) -> (3952, 56, 2470, t3=t2+(1, 1))	2	140
(2443, 136, 1324, t1) & (1324, 156, 3307, t2=t1+(0, 9)) -> (1324, 136, 1324, t3=t2+(1, 3))	2	141
(459, 185, 1437, t1) & (459, 132, 1437, t2=t1+(0, 1)) -> (1437, 132, 1437, t3=t2+(1, 8))	2	142
(3398, 146, 4019, t1) & (3398, 171, 1016, t2=t1+(0, 7)) -> (3398, 171, 1016, t3=t2+(1, 1))	2	143
(3262, 195, 3998, t1) & (3943, 55, 3998, t2=t1+(0, 5)) -> (3943, 55, 3943, t3=t2+(1, 6))	2	144
(2803, 118, 409, t1) & (1576, 51, 409, t2=t1+(0, 3)) -> (409, 118, 1576, t3=t2+(1, 4))	2	145
(3227, 13, 939, t1) & (1493, 17, 939, t2=t1+(0, 4)) -> (939, 17, 3227, t3=t2+(1, 5))	2	146
(2138, 78, 1873, t1) & (2138, 179, 2138, t2=t1+(0, 2)) -> (2138, 78, 2138, t3=t2+(1, 7))	2	147
(3894, 50, 337, t1) & (3894, 105, 3408, t2=t1+(0, 8)) -> (3894, 50, 3894, t3=t2+(1, 5))	2	148
(4516, 51, 1877, t1) & (1912, 134, 1877, t2=t1+(0, 5)) -> (4516, 51, 1877, t3=t2+(1, 11))	2	149
(4993, 190, 2898, t1) & (4993, 24, 4993, t2=t1+(0, 3)) -> (4993, 190, 4993, t3=t2+(1, 9))	2	150
(1170, 169, 4431, t1) & (4431, 38, 4431, t2=t1+(0, 4)) -> (4431, 38, 4431, t3=t2+(1, 5))	2	151
(1951, 153, 2608, t1) & (2608, 168, 1951, t2=t1+(0, 8)) -> (2608, 153, 1951, t3=t2+(1, 6))	2	152
(1859, 145, 2502, t1) & (1859, 168, 1859, t2=t1+(0, 8)) -> (1859, 168, 1859, t3=t2+(1, 4))	2	153
(4920, 183, 3214, t1) & (3214, 194, 321, t2=t1+(0, 2)) -> (321, 183, 321, t3=t2+(1, 4))	2	154
(2823, 58, 1409, t1) & (2823, 3, 3166, t2=t1+(0, 8)) -> (1409, 58, 2823, t3=t2+(1, 4))	2	155
(3921, 73, 47, t1) & (3921, 167, 702, t2=t1+(0, 2)) -> (3921, 167, 47, t3=t2+(1, 9))	2	156
(4405, 74, 3696, t1) & (4853, 119, 3696, t2=t1+(0, 7)) -> (4405, 119, 4853, t3=t2+(1, 3))	2	157
(3678, 142, 3905, t1) & (3678, 58, 2710, t2=t1+(0, 9)) -> (3678, 58, 2710, t3=t2+(1, 12))	2	158
(2666, 12, 286, t1) & (286, 73, 2666, t2=t1+(0, 4)) -> (2666, 73, 2666, t3=t2+(1, 4))	2	159
(1629, 37, 395, t1) & (3287, 28, 395, t2=t1+(0, 6)) -> (395, 28, 3287, t3=t2+(1, 6))	2	160
(4456, 195, 3832, t1) & (4456, 83, 3762, t2=t1+(0, 5)) -> (3762, 83, 3762, t3=t2+(1, 10))	2	161
(4319, 25, 2309, t1) & (4319, 187, 4319, t2=t1+(0, 4)) -> (4319, 25, 4319, t3=t2+(1, 8))	2	162
(2453, 44, 4560, t1) & (696, 86, 4560, t2=t1+(0, 3)) -> (2453, 86, 4560, t3=t2+(1, 5))	2	163
(775, 156, 4956, t1) & (1876, 142, 4956, t2=t1+(0, 5)) -> (1876, 142, 1876, t3=t2+(1, 3))	2	164
(3235, 73, 2558, t1) & (2558, 101, 4649, t2=t1+(0, 9)) -> (3235, 101, 3235, t3=t2+(1, 4))	2	165
(4987, 68, 1259, t1) & (3439, 13, 4987, t2=t1+(0, 7)) -> (3439, 68, 3439, t3=t2+(1, 4))	2	166
(1291, 21, 2987, t1) & (4462, 52, 1291, t2=t1+(0, 7)) -> (2987, 21, 1291, t3=t2+(1, 6))	2	167
(4124, 66, 1413, t1) & (4124, 116, 4124, t2=t1+(0, 1)) -> (1413, 66, 4124, t3=t2+(1, 5))	2	168
(4573, 31, 2575, t1) & (2575, 153, 4601, t2=t1+(0, 2)) -> (4601, 153, 4573, t3=t2+(1, 2))	2	169
(3845, 178, 4532, t1) & (4532, 81, 4532, t2=t1+(0, 5)) -> (3845, 81, 4532, t3=t2+(1, 3))	2	170
(719, 13, 2643, t1) & (2643, 16, 719, t2=t1+(0, 4)) -> (2643, 13, 719, t3=t2+(1, 5))	2	171
(3983, 31, 605, t1) & (605, 96, 605, t2=t1+(0, 6)) -> (3983, 31, 605, t3=t2+(1, 4))	2	172
(4178, 26, 3748, t1) & (3998, 52, 4178, t2=t1+(0, 2)) -> (3748, 52, 3998, t3=t2+(1, 5))	2	173
(2861, 171, 3724, t1) & (3059, 58, 3724, t2=t1+(0, 5)) -> (3059, 58, 3724, t3=t2+(1, 10))	2	174
(536, 12, 2367, t1) & (4014, 86, 2367, t2=t1+(0, 5)) -> (536, 12, 536, t3=t2+(1, 3))	2	175
(2972, 66, 4106, t1) & (2972, 33, 2972, t2=t1+(0, 4)) -> (4106, 66, 4106, t3=t2+(1, 8))	2	176
(2341, 58, 3328, t1) & (3328, 162, 2341, t2=t1+(0, 6)) -> (2341, 162, 3328, t3=t2+(1, 7))	2	177
(3603, 82, 4755, t1) & (3603, 198, 3620, t2=t1+(0, 4)) -> (3603, 82, 4755, t3=t2+(1, 7))	2	178
(3062, 116, 4587, t1) & (4587, 89, 4453, t2=t1+(0, 5)) -> (4453, 116, 4453, t3=t2+(1, 1))	2	179
(3935, 37, 4182, t1) & (3935, 58, 3935, t2=t1+(0, 4)) -> (3935, 58, 3935, t3=t2+(1, 7))	2	180
(4084, 197, 3717, t1) & (3717, 84, 3717, t2=t1+(0, 7)) -> (3717, 197, 3717, t3=t2+(1, 3))	2	181
(974, 58, 1860, t1) & (1860, 99, 4286, t2=t1+(0, 5)) -> (1860, 58, 1860, t3=t2+(1, 5))	2	182
(2644, 105, 1309, t1) & (2644, 74, 1309, t2=t1+(0, 4)) -> (1309, 105, 1309, t3=t2+(1, 6))	2	183
(2914, 150, 4292, t1) & (2530, 175, 2914, t2=t1+(0, 13)) -> (2914, 175, 4292, t3=t2+(1, 5))	2	184
(2878, 13, 3049, t1) & (2878, 82, 4633, t2=t1+(0, 4)) -> (2878, 82, 2878, t3=t2+(1, 4))	2	185
(3236, 185, 2754, t1) & (3236, 163, 3967, t2=t1+(0, 6)) -> (2754, 185, 3236, t3=t2+(1, 4))	2	186
(4022, 167, 4776, t1) & (4776, 105, 1116, t2=t1+(0, 6)) -> (4022, 105, 4776, t3=t2+(1, 8))	2	187
(4039, 55, 238, t1) & (4039, 24, 595, t2=t1+(0, 4)) -> (595, 55, 595, t3=t2+(1, 1))	2	188
(4023, 37, 4925, t1) & (4925, 62, 4925, t2=t1+(0, 8)) -> (4925, 37, 4925, t3=t2+(1, 2))	2	189
(183, 124, 2159, t1) & (2159, 0, 2159, t2=t1+(0, 4)) -> (183, 0, 2159, t3=t2+(1, 4))	2	190
(2817, 86, 2260, t1) & (2260, 55, 4534, t2=t1+(0, 5)) -> (2817, 86, 2260, t3=t2+(1, 5))	2	191
(3313, 13, 2328, t1) & (2328, 44, 3313, t2=t1+(0, 9)) -> (2328, 13, 2328, t3=t2+(1, 4))	2	192
(2102, 9, 4231, t1) & (2102, 51, 2102, t2=t1+(0, 5)) -> (2102, 51, 4231, t3=t2+(1, 5))	2	193
(1610, 183, 1723, t1) & (1610, 38, 1723, t2=t1+(0, 7)) -> (1610, 183, 1723, t3=t2+(1, 4))	2	194
(4889, 105, 3125, t1) & (2759, 120, 4889, t2=t1+(0, 2)) -> (4889, 105, 4889, t3=t2+(1, 5))	2	195
(2629, 148, 2732, t1) & (2629, 93, 3996, t2=t1+(0, 3)) -> (3996, 93, 2629, t3=t2+(1, 2))	2	196
(1318, 192, 1498, t1) & (1498, 178, 1498, t2=t1+(0, 3)) -> (1498, 192, 1498, t3=t2+(1, 6))	2	197
(2215, 164, 485, t1) & (2215, 120, 485, t2=t1+(0, 7)) -> (2215, 164, 2215, t3=t2+(1, 2))	2	198
(1357, 198, 1956, t1) & (4018, 156, 1357, t2=t1+(0, 6)) -> (1357, 156, 4018, t3=t2+(1, 6))	2	199
(3917, 167, 2910, t1) -> (2910, 167, 3917, t2=t1+(1, 6))	1	200
(73, 27, 2397, t1) -> (2397, 27, 2397, t2=t1+(1, 3))	1	201
(572, 22, 4725, t1) -> (572, 22, 572, t2=t1+(1, 2))	1	202
(3822, 136, 716, t1) -> (716, 136, 716, t2=t1+(1, 4))	1	203
(2834, 164, 19, t1) -> (19, 164, 2834, t2=t1+(1, 7))	1	204
(4418, 160, 1128, t1) -> (1128, 160, 1128, t2=t1+(1, 4))	1	205
(58, 101, 4417, t1) -> (4417, 101, 58, t2=t1+(1, 7))	1	206
(1101, 157, 2051, t1) -> (1101, 157, 1101, t2=t1+(1, 4))	1	207
(4601, 37, 4773, t1) -> (4601, 37, 4773, t2=t1+(1, 5))	1	208
(1995, 192, 4699, t1) -> (1995, 192, 4699, t2=t1+(1, 3))	1	209
(2782, 173, 4918, t1) -> (4918, 173, 4918, t2=t1+(1, 9))	1	210
(1693, 173, 3035, t1) -> (1693, 173, 1693, t2=t1+(1, 1))	1	211
(2398, 8, 2076, t1) -> (2398, 8, 2076, t2=t1+(1, 9))	1	212
(4640, 167, 3832, t1) -> (4640, 167, 3832, t2=t1+(1, 4))	1	213
(4435, 6, 1223, t1) -> (4435, 6, 1223, t2=t1+(1, 3))	1	214
(1518, 38, 987, t1) -> (1518, 38, 1518, t2=t1+(1, 5))	1	215
(4813, 120, 1484, t1) -> (1484, 120, 1484, t2=t1+(1, 9))	1	216
(4485, 130, 3979, t1) -> (4485, 130, 3979, t2=t1+(1, 6))	1	217
(3518, 183, 4828, t1) -> (4828, 183, 3518, t2=t1+(1, 2))	1	218
(1972, 186, 249, t1) -> (249, 186, 249, t2=t1+(1, 2))	1	219
(1238, 111, 921, t1) -> (1238, 111, 1238, t2=t1+(1, 5))	1	220
(1016, 28, 4769, t1) -> (1016, 28, 1016, t2=t1+(1, 4))	1	221
(4767, 30, 1868, t1) -> (1868, 30, 4767, t2=t1+(1, 3))	1	222
(1664, 49, 717, t1) -> (717, 49, 1664, t2=t1+(1, 4))	1	223
(1936, 70, 1591, t1) -> (1591, 70, 1936, t2=t1+(1, 8))	1	224
(3667, 66, 1716, t1) -> (3667, 66, 3667, t2=t1+(1, 6))	1	225
(3766, 161, 3113, t1) -> (3766, 161, 3113, t2=t1+(1, 5))	1	226
(4972, 153, 1662, t1) -> (1662, 153, 4972, t2=t1+(1, 11))	1	227
(4025, 119, 2894, t1) -> (2894, 119, 2894, t2=t1+(1, 5))	1	228
(2595, 176, 2059, t1) -> (2059, 176, 2059, t2=t1+(1, 2))	1	229
(156, 37, 735, t1) -> (156, 37, 735, t2=t1+(1, 5))	1	230
(883, 91, 2699, t1) -> (883, 91, 883, t2=t1+(1, 8))	1	231
(4156, 114, 4972, t1) -> (4972, 114, 4156, t2=t1+(1, 5))	1	232
(668, 46, 2270, t1) -> (2270, 46, 2270, t2=t1+(1, 9))	1	233
(2189, 13, 3677, t1) -> (2189, 13, 3677, t2=t1+(1, 4))	1	234
(816, 40, 1168, t1) -> (1168, 40, 1168, t2=t1+(1, 3))	1	235
(3421, 37, 4526, t1) -> (3421, 37, 3421, t2=t1+(1, 5))	1	236
(3596, 101, 1059, t1) -> (1059, 101, 3596, t2=t1+(1, 3))	1	237
(4517, 153, 448, t1) -> (448, 153, 4517, t2=t1+(1, 8))	1	238
(1086, 77, 1813, t1) -> (1086, 77, 1086, t2=t1+(1, 7))	1	239
(4463, 171, 2877, t1) -> (4463, 171, 4463, t2=t1+(1, 3))	1	240
(2706, 48, 2176, t1) -> (2176, 48, 2176, t2=t1+(1, 4))	1	241
(3272, 130, 487, t1) -> (487, 130, 487, t2=t1+(1, 6))	1	242
(986, 152, 2358, t1) -> (986, 152, 2358, t2=t1+(1, 11))	1	243
(2920, 162, 3836, t1) -> (2920, 162, 2920, t2=t1+(1, 2))	1	244
(220, 160, 2132, t1) -> (220, 160, 220, t2=t1+(1, 3))	1	245
(4404, 117, 3999, t1) -> (3999, 117, 3999, t2=t1+(1, 1))	1	246
(4298, 26, 4210, t1) -> (4210, 26, 4298, t2=t1+(1, 5))	1	247
(3793, 168, 1474, t1) -> (1474, 168, 3793, t2=t1+(1, 5))	1	248
(2994, 16, 308, t1) -> (2994, 16, 308, t2=t1+(1, 5))	1	249
(2056, 71, 1736, t1) -> (1736, 71, 1736, t2=t1+(1, 3))	1	250
(3646, 160, 112, t1) -> (112, 160, 112, t2=t1+(1, 2))	1	251
(3594, 142, 709, t1) -> (3594, 142, 709, t2=t1+(1, 7))	1	252
(1884, 118, 3042, t1) -> (1884, 118, 1884, t2=t1+(1, 5))	1	253
(429, 66, 2788, t1) -> (429, 66, 429, t2=t1+(1, 8))	1	254
(1780, 24, 3402, t1) -> (3402, 24, 1780, t2=t1+(1, 4))	1	255
(1947, 105, 1610, t1) -> (1947, 105, 1947, t2=t1+(1, 5))	1	256
(3877, 175, 2541, t1) -> (2541, 175, 2541, t2=t1+(1, 5))	1	257
(2059, 66, 3229, t1) -> (2059, 66, 2059, t2=t1+(1, 5))	1	258
(4656, 87, 2615, t1) -> (2615, 87, 2615, t2=t1+(1, 5))	1	259
(3359, 137, 4136, t1) -> (4136, 137, 4136, t2=t1+(1, 6))	1	260
(1341, 160, 18, t1) -> (1341, 160, 1341, t2=t1+(1, 5))	1	261
(3075, 178, 3224, t1) -> (3224, 178, 3224, t2=t1+(1, 4))	1	262
(1872, 37, 2300, t1) -> (1872, 37, 2300, t2=t1+(1, 5))	1	263
(3114, 63, 2974, t1) -> (3114, 63, 2974, t2=t1+(1, 6))	1	264
(2055, 137, 2570, t1) -> (2055, 137, 2055, t2=t1+(1, 5))	1	265
(3515, 157, 2014, t1) -> (3515, 157, 3515, t2=t1+(1, 10))	1	266
(4355, 170, 77, t1) -> (4355, 170, 77, t2=t1+(1, 6))	1	267
(1075, 195, 81, t1) -> (81, 195, 1075, t2=t1+(1, 6))	1	268
(3203, 116, 989, t1) -> (989, 116, 3203, t2=t1+(1, 6))	1	269
(4532, 52, 4317, t1) -> (4317, 52, 4532, t2=t1+(1, 7))	1	270
(465, 28, 3122, t1) -> (465, 28, 3122, t2=t1+(1, 10))	1	271
(1499, 13, 13, t1) -> (13, 13, 1499, t2=t1+(1, 3))	1	272
(2373, 119, 4480, t1) -> (2373, 119, 4480, t2=t1+(1, 1))	1	273
(2303, 102, 4490, t1) -> (2303, 102, 4490, t2=t1+(1, 5))	1	274
(3098, 144, 2061, t1) -> (2061, 144, 2061, t2=t1+(1, 5))	1	275
(869, 8, 2319, t1) -> (2319, 8, 869, t2=t1+(1, 4))	1	276
(4589, 142, 199, t1) -> (4589, 142, 4589, t2=t1+(1, 9))	1	277
(3158, 169, 2730, t1) -> (3158, 169, 2730, t2=t1+(1, 4))	1	278
(4514, 38, 2253, t1) -> (4514, 38, 4514, t2=t1+(1, 3))	1	279
(2017, 126, 47, t1) -> (2017, 126, 2017, t2=t1+(1, 6))	1	280
(4259, 73, 2408, t1) -> (2408, 73, 2408, t2=t1+(1, 4))	1	281
(1504, 58, 177, t1) -> (1504, 58, 177, t2=t1+(1, 2))	1	282
(354, 15, 1854, t1) -> (1854, 15, 354, t2=t1+(1, 3))	1	283
(4830, 18, 1088, t1) -> (4830, 18, 4830, t2=t1+(1, 4))	1	284
(1448, 194, 1209, t1) -> (1448, 194, 1209, t2=t1+(1, 4))	1	285
(544, 100, 3343, t1) -> (544, 100, 3343, t2=t1+(1, 7))	1	286
(785, 116, 3124, t1) -> (3124, 116, 3124, t2=t1+(1, 6))	1	287
(2230, 120, 2638, t1) -> (2230, 120, 2638, t2=t1+(1, 8))	1	288
(307, 124, 4297, t1) -> (307, 124, 307, t2=t1+(1, 5))	1	289
(2735, 28, 2523, t1) -> (2523, 28, 2523, t2=t1+(1, 5))	1	290
(2713, 50, 4263, t1) -> (2713, 50, 4263, t2=t1+(1, 4))	1	291
(473, 139, 2640, t1) -> (2640, 139, 2640, t2=t1+(1, 7))	1	292
(363, 149, 4947, t1) -> (363, 149, 4947, t2=t1+(1, 1))	1	293
(1683, 4, 1899, t1) -> (1683, 4, 1683, t2=t1+(1, 8))	1	294
(80, 120, 3591, t1) -> (80, 120, 3591, t2=t1+(1, 6))	1	295
(4460, 168, 1313, t1) -> (1313, 168, 1313, t2=t1+(1, 7))	1	296
(482, 87, 3718, t1) -> (3718, 87, 3718, t2=t1+(1, 5))	1	297
(3064, 4, 4828, t1) -> (3064, 4, 4828, t2=t1+(1, 3))	1	298
(3873, 4, 1999, t1) -> (1999, 4, 3873, t2=t1+(1, 4))	1	299
