(3278, 103, 245, t1) & (1655, 45, 1777, t2=t1+(0, 3)) & (1655, 181, 3278, t3=t2+(0, 4)) -> (3278, 181, 1777, t4=t3+(1, 9))	3	0
(619, 29, 3409, t1) & (2028, 178, 3693, t2=t1+(0, 5)) & (3409, 35, 3693, t3=t2+(0, 7)) -> (619, 35, 3693, t4=t3+(1, 9))	3	1
(492, 75, 4379, t1) & (3397, 50, 296, t2=t1+(0, 4)) & (3397, 159, 4379, t3=t2+(0, 5)) -> (3397, 50, 4379, t4=t3+(1, 5))	3	2
(1709, 137, 292, t1) & (2335, 115, 4360, t2=t1+(0, 8)) & (1709, 191, 4360, t3=t2+(0, 4)) -> (4360, 191, 4360, t4=t3+(1, 4))	3	3
(1072, 182, 235, t1) & (2213, 132, 2036, t2=t1+(0, 4)) & (2036, 121, 1072, t3=t2+(0, 1)) -> (2036, 132, 2036, t4=t3+(1, 5))	3	4
(21, 56, 2089, t1) & (2866, 186, 1551, t2=t1+(0, 1)) & (2089, 65, 1551, t3=t2+(0, 2)) -> (2089, 186, 1551, t4=t3+(1, 1))	3	5
(1194, 172, 4686, t1) & (393, 40, 3898, t2=t1+(0, 4)) & (3898, 36, 4686, t3=t2+(0, 3)) -> (1194, 40, 3898, t4=t3+(1, 7))	3	6
(2072, 185, 3970, t1) & (3519, 2, 3921, t2=t1+(0, 5)) & (3519, 177, 2072, t3=t2+(0, 2)) -> (3519, 185, 3519, t4=t3+(1, 2))	3	7
(1142, 91, 2202, t1) & (2427, 90, 74, t2=t1+(0, 1)) & (74, 10, 2202, t3=t2+(0, 3)) -> (2427, 91, 1142, t4=t3+(1, 5))	3	8
(3489, 184, 3043, t1) & (3685, 188, 3584, t2=t1+(0, 4)) & (3584, 84, 3043, t3=t2+(0, 5)) -> (3043, 84, 3489, t4=t3+(1, 2))	3	9
(2725, 88, 1436, t1) & (68, 28, 1057, t2=t1+(0, 3)) & (2725, 127, 68, t3=t2+(0, 3)) -> (2725, 88, 68, t4=t3+(1, 4))	3	10
(2164, 171, 478, t1) & (2854, 162, 4445, t2=t1+(0, 1)) & (2164, 3, 4445, t3=t2+(0, 7)) -> (2164, 3, 2164, t4=t3+(1, 9))	3	11
(4499, 154, 1223, t1) & (2390, 151, 1362, t2=t1+(0, 5)) & (2390, 2, 1223, t3=t2+(0, 7)) -> (1223, 2, 1223, t4=t3+(1, 5))	3	12
(4738, 44, 4812, t1) & (86, 34, 2876, t2=t1+(0, 4)) & (2876, 49, 4812, t3=t2+(0, 4)) -> (4812, 44, 4738, t4=t3+(1, 8))	3	13
(1207, 16, 4790, t1) & (4719, 94, 4342, t2=t1+(0, 2)) & (4342, 117, 4790, t3=t2+(0, 6)) -> (4790, 94, 4342, t4=t3+(1, 7))	3	14
(2068, 85, 3629, t1) & (2368, 174, 440, t2=t1+(0, 5)) & (440, 130, 3629, t3=t2+(0, 3)) -> (3629, 174, 3629, t4=t3+(1, 4))	3	15
(3319, 17, 3566, t1) & (2115, 64, 2099, t2=t1+(0, 4)) & (2115, 5, 3319, t3=t2+(0, 3)) -> (2115, 64, 3319, t4=t3+(1, 4))	3	16
(2419, 108, 2643, t1) & (4837, 56, 4288, t2=t1+(0, 6)) & (2643, 84, 4837, t3=t2+(0, 4)) -> (2643, 56, 2643, t4=t3+(1, 3))	3	17
(2732, 3, 751, t1) & (1781, 175, 3330, t2=t1+(0, 7)) & (2732, 25, 3330, t3=t2+(0, 4)) -> (751, 25, 3330, t4=t3+(1, 9))	3	18
(2471, 173, 3801, t1) & (1893, 94, 3360, t2=t1+(0, 6)) & (1893, 80, 2471, t3=t2+(0, 2)) -> (2471, 80, 1893, t4=t3+(1, 7))	3	19
(2308, 63, 4549, t1) & (224, 7, 2120, t2=t1+(0, 9)) & (4549, 135, 2120, t3=t2+(0, 4)) -> (2120, 63, 224, t4=t3+(1, 6))	3	20
(3404, 63, 2319, t1) & (1880, 43, 1923, t2=t1+(0, 3)) & (2319, 61, 1923, t3=t2+(0, 8)) -> (1923, 61, 2319, t4=t3+(1, 9))	3	21
(2693, 49, 1953, t1) & (78, 160, 3095, t2=t1+(0, 5)) & (3095, 146, 1953, t3=t2+(0, 7)) -> (3095, 49, 1953, t4=t3+(1, 4))	3	22
(1085, 159, 1599, t1) & (3098, 178, 4432, t2=t1+(0, 5)) & (4432, 18, 1085, t3=t2+(0, 3)) -> (4432, 178, 1085, t4=t3+(1, 2))	3	23
(2577, 121, 2990, t1) & (2912, 8, 2965, t2=t1+(0, 5)) & (2912, 70, 2577, t3=t2+(0, 10)) -> (2912, 70, 2577, t4=t3+(1, 1))	3	24
(775, 47, 2218, t1) & (2577, 109, 3808, t2=t1+(0, 5)) & (2218, 92, 2577, t3=t2+(0, 3)) -> (2577, 92, 2218, t4=t3+(1, 2))	3	25
(344, 93, 1496, t1) & (4300, 120, 2553, t2=t1+(0, 4)) & (2553, 4, 344, t3=t2+(0, 10)) -> (344, 4, 2553, t4=t3+(1, 3))	3	26
(2174, 157, 1512, t1) & (33, 174, 3777, t2=t1+(0, 4)) & (3777, 101, 2174, t3=t2+(0, 5)) -> (3777, 174, 2174, t4=t3+(1, 9))	3	27
(4213, 49, 4617, t1) & (752, 3, 4383, t2=t1+(0, 4)) & (4213, 106, 752, t3=t2+(0, 8)) -> (752, 106, 4617, t4=t3+(1, 8))	3	28
(3495, 59, 2640, t1) & (1525, 11, 792, t2=t1+(0, 4)) & (2640, 154, 1525, t3=t2+(0, 3)) -> (792, 154, 1525, t4=t3+(1, 3))	3	29
(937, 150, 4578, t1) & (931, 18, 1081, t2=t1+(0, 6)) & (937, 71, 931, t3=t2+(0, 4)) -> (931, 150, 931, t4=t3+(1, 3))	3	30
(3075, 62, 2287, t1) & (1325, 26, 3636, t2=t1+(0, 7)) & (3636, 99, 3075, t3=t2+(0, 6)) -> (1325, 26, 3636, t4=t3+(1, 5))	3	31
(4404, 142, 4963, t1) & (3652, 3, 1583, t2=t1+(0, 0)) & (4404, 19, 3652, t3=t2+(0, 7)) -> (3652, 142, 4404, t4=t3+(1, 4))	3	32
(3848, 173, 4582, t1) & (1936, 164, 367, t2=t1+(0, 8)) & (3848, 64, 367, t3=t2+(0, 8)) -> (367, 64, 367, t4=t3+(1, 6))	3	33
(4017, 166, 3551, t1) & (3339, 174, 45, t2=t1+(0, 5)) & (3551, 66, 45, t3=t2+(0, 4)) -> (4017, 66, 45, t4=t3+(1, 5))	3	34
(545, 107, 155, t1) & (1264, 58, 414, t2=t1+(0, 3)) & (414, 37, 155, t3=t2+(0, 5)) -> (155, 58, 155, t4=t3+(1, 2))	3	35
(4553, 161, 4208, t1) & (2387, 53, 3345, t2=t1+(0, 5)) & (4208, 3, 2387, t3=t2+(0, 7)) -> (2387, 53, 3345, t4=t3+(1, 2))	3	36
(3280, 167, 3500, t1) & (4065, 180, 3480, t2=t1+(0, 4)) & (3280, 163, 4065, t3=t2+(0, 2)) -> (4065, 163, 3280, t4=t3+(1, 2))	3	37
(1857, 23, 3855, t1) & (2017, 168, 2459, t2=t1+(0, 6)) & (3855, 18, 2017, t3=t2+(0, 3)) -> (3855, 168, 2017, t4=t3+(1, 7))	3	38
(2664, 118, 374, t1) & (4654, 18, 4759, t2=t1+(0, 5)) & (2664, 109, 4654, t3=t2+(0, 3)) -> (4759, 109, 4759, t4=t3+(1, 6))	3	39
(4703, 147, 2458, t1) & (15, 19, 4135, t2=t1+(0, 3)) & (15, 116, 2458, t3=t2+(0, 7)) -> (15, 19, 15, t4=t3+(1, 7))	3	40
(1074, 52, 463, t1) & (1486, 78, 3772, t2=t1+(0, 6)) & (1486, 181, 463, t3=t2+(0, 3)) -> (3772, 52, 1486, t4=t3+(1, 3))	3	41
(1795, 74, 3042, t1) & (4187, 143, 897, t2=t1+(0, 3)) & (3042, 36, 4187, t3=t2+(0, 9)) -> (3042, 74, 3042, t4=t3+(1, 8))	3	42
(1421, 90, 3192, t1) & (4209, 29, 4430, t2=t1+(0, 3)) & (3192, 178, 4430, t3=t2+(0, 5)) -> (4430, 178, 3192, t4=t3+(1, 5))	3	43
(1005, 153, 3549, t1) & (2450, 18, 2002, t2=t1+(0, 4)) & (2450, 69, 1005, t3=t2+(0, 6)) -> (2450, 69, 1005, t4=t3+(1, 5))	3	44
(1376, 85, 771, t1) & (570, 116, 303, t2=t1+(0, 2)) & (771, 167, 570, t3=t2+(0, 6)) -> (771, 167, 303, t4=t3+(1, 8))	3	45
(4941, 118, 2263, t1) & (2220, 72, 1289, t2=t1+(0, 5)) & (1289, 112, 4941, t3=t2+(0, 9)) -> (4941, 112, 4941, t4=t3+(1, 4))	3	46
(1086, 178, 2745, t1) & (3844, 121, 2860, t2=t1+(0, 6)) & (1086, 143, 3844, t3=t2+(0, 2)) -> (3844, 121, 2745, t4=t3+(1, 2))	3	47
(2717, 174, 1474, t1) & (3347, 110, 1739, t2=t1+(0, 3)) & (3347, 145, 1474, t3=t2+(0, 5)) -> (1474, 110, 3347, t4=t3+(1, 2))	3	48
(3109, 13, 4096, t1) & (610, 110, 1045, t2=t1+(0, 5)) & (1045, 115, 3109, t3=t2+(0, 5)) -> (3109, 115, 3109, t4=t3+(1, 7))	3	49
(839, 41, 4642, t1) & (839, 99, 4642, t2=t1+(0, 3)) -> (4642, 41, 839, t3=t2+(1, 4))	2	50
(2431, 196, 3595, t1) & (2289, 54, 2431, t2=t1+(0, 4)) -> (2431, 196, 2431, t3=t2+(1, 4))	2	51
(3780, 65, 441, t1) & (4982, 176, 3780, t2=t1+(0, 4)) -> (3780, 176, 3780, t3=t2+(1, 9))	2	52
(4530, 149, 842, t1) & (842, 188, 4738, t2=t1+(0, 6)) -> (4530, 188, 842, t3=t2+(1, 2))	2	53
(3896, 112, 1659, t1) & (3896, 50, 1222, t2=t1+(0, 4)) -> (1659, 112, 1222, t3=t2+(1, 4))	2	54
(907, 142, 4763, t1) & (907, 76, 626, t2=t1+(0, 4)) -> (907, 76, 4763, t3=t2+(1, 6))	2	55
(3457, 50, 2831, t1) & (2831, 105, 4423, t2=t1+(0, 5)) -> (2831, 50, 2831, t3=t2+(1, 5))	2	56
(2271, 132, 3506, t1) & (2271, 25, 1475, t2=t1+(0, 3)) -> (2271, 25, 1475, t3=t2+(1, 6))	2	57
(3659, 10, 4542, t1) & (4452, 130, 4542, t2=t1+(0, 2)) -> (4542, 130, 4452, t3=t2+(1, 6))	2	58
(2569, 39, 4975, t1) & (4975, 38, 3895, t2=t1+(0, 6)) -> (2569, 39, 2569, t3=t2+(1, 6))	2	59
(351, 90, 681, t1) & (681, 59, 3399, t2=t1+(0, 3)) -> (681, 90, 681, t3=t2+(1, 7))	2	60
(4818, 139, 1356, t1) & (1356, 16, 4084, t2=t1+(0, 4)) -> (4084, 139, 4818, t3=t2+(1, 7))	2	61
(627, 138, 4018, t1) & (627, 48, 1392, t2=t1+(0, 11)) -> (627, 138, 627, t3=t2+(1, 2))	2	62
(2011, 182, 836, t1) & (836, 82, 4437, t2=t1+(0, 6)) -> (4437, 82, 836, t3=t2+(1, 4))	2	63
(744, 148, 3414, t1) & (744, 134, 3590, t2=t1+(0, 7)) -> (744, 134, 744, t3=t2+(1, 4))	2	64
(4616, 33, 608, t1) & (3326, 165, 4616, t2=t1+(0, 7)) -> (3326, 33, 4616, t3=t2+(1, 1))	2	65
(3513, 159, 4489, t1) & (3513, 108, 1895, t2=t1+(0, 5)) -> (3513, 159, 4489, t3=t2+(1, 7))	2	66
(2112, 175, 2941, t1) & (2112, 150, 3072, t2=t1+(0, 1)) -> (2112, 175, 2941, t3=t2+(1, 3))	2	67
(3197, 164, 1546, t1) & (3197, 183, 1933, t2=t1+(0, 10)) -> (1933, 183, 1933, t3=t2+(1, 8))	2	68
(3313, 60, 1183, t1) & (3313, 137, 4577, t2=t1+(0, 9)) -> (3313, 137, 3313, t3=t2+(1, 5))	2	69
(544, 147, 2080, t1) & (2080, 93, 544, t2=t1+(0, 4)) -> (2080, 147, 544, t3=t2+(1, 3))	2	70
(4201, 81, 1291, t1) & (4201, 49, 4201, t2=t1+(0, 2)) -> (4201, 49, 1291, t3=t2+(1, 5))	2	71
(2429, 101, 4734, t1) & (2429, 88, 1013, t2=t1+(0, 6)) -> (2429, 101, 2429, t3=t2+(1, 4))	2	72
(476, 114, 3251, t1) & (2660, 90, 3251, t2=t1+(0, 5)) -> (3251, 90, 3251, t3=t2+(1, 8))	2	73
(1539, 9, 4338, t1) & (4088, 138, 4338, t2=t1+(0, 8)) -> (4088, 9, 1539, t3=t2+(1, 6))	2	74
(354, 4, 1779, t1) & (354, 165, 1779, t2=t1+(0, 4)) -> (354, 4, 354, t3=t2+(1, 5))	2	75
(1810, 84, 1812, t1) & (1812, 172, 4653, t2=t1+(0, 2)) -> (1812, 172, 1812, t3=t2+(1, 6))	2	76
(2807, 161, 1180, t1) & (2807, 118, 1180, t2=t1+(0, 3)) -> (2807, 118, 2807, t3=t2+(1, 7))	2	77
(3288, 154, 533, t1) & (4762, 99, 3288, t2=t1+(0, 3)) -> (533, 154, 3288, t3=t2+(1, 7))	2	78
(4084, 129, 676, t1) & (2938, 189, 4084, t2=t1+(0, 6)) -> (676, 129, 676, t3=t2+(1, 9))	2	79
(1311, 193, 2810, t1) & (1311, 27, 2007, t2=t1+(0, 6)) -> (1311, 27, 1311, t3=t2+(1, 4))	2	80
(2987, 29, 1076, t1) & (2987, 168, 1076, t2=t1+(0, 5)) -> (1076, 168, 1076, t3=t2+(1, 8))	2	81
(4112, 135, 2997, t1) & (1864, 154, 2997, t2=t1+(0, 6)) -> (4112, 135, 2997, t3=t2+(1, 9))	2	82
(764, 33, 2592, t1) & (764, 28, 2592, t2=t1+(0, 6)) -> (2592, 28, 764, t3=t2+(1, 4))	2	83
(4232, 168, 705, t1) & (1406, 101, 4232, t2=t1+(0, 3)) -> (705, 168, 4232, t3=t2+(1, 5))	2	84
(844, 117, 5, t1) & (844, 196, 844, t2=t1+(0, 3)) -> (5, 117, 844, t3=t2+(1, 5))	2	85
(757, 88, 52, t1) & (52, 70, 20, t2=t1+(0, 8)) -> (52, 88, 52, t3=t2+(1, 5))	2	86
(2729, 60, 4805, t1) & (4197, 51, 4805, t2=t1+(0, 4)) -> (2729, 51, 4805, t3=t2+(1, 7))	2	87
(3036, 157, 4518, t1) & (4518, 69, 4781, t2=t1+(0, 1)) -> (4781, 69, 3036, t3=t2+(1, 3))	2	88
(1471, 5, 4797, t1) & (1471, 57, 471, t2=t1+(0, 3)) -> (471, 57, 471, t3=t2+(1, 3))	2	89
(3475, 130, 3447, t1) & (3447, 169, 172, t2=t1+(0, 5)) -> (3447, 169, 172, t3=t2+(1, 2))	2	90
(3333, 62, 588, t1) & (776, 65, 588, t2=t1+(0, 0)) -> (588, 65, 588, t3=t2+(1, 8))	2	91
(4509, 134, 1829, t1) & (4509, 181, 1829, t2=t1+(0, 2)) -> (4509, 134, 4509, t3=t2+(1, 7))	2	92
(997, 22, 866, t1) & (866, 18, 997, t2=t1+(0, 8)) -> (866, 18, 997, t3=t2+(1, 3))	2	93
(3817, 189, 3316, t1) & (3817, 114, 3817, t2=t1+(0, 7)) -> (3316, 114, 3316, t3=t2+(1, 5))	2	94
(4904, 56, 4146, t1) & (1720, 55, 4904, t2=t1+(0, 8)) -> (4146, 55, 4904, t3=t2+(1, 4))	2	95
(2960, 29, 882, t1) & (2960, 142, 4697, t2=t1+(0, 5)) -> (882, 142, 2960, t3=t2+(1, 8))	2	96
(4291, 161, 3358, t1) & (4291, 20, 4291, t2=t1+(0, 6)) -> (3358, 20, 3358, t3=t2+(1, 3))	2	97
(22, 68, 1760, t1) & (4469, 101, 1760, t2=t1+(0, 4)) -> (4469, 68, 1760, t3=t2+(1, 9))	2	98
(3244, 12, 3869, t1) & (3869, 75, 3869, t2=t1+(0, 7)) -> (3869, 75, 3869, t3=t2+(1, 4))	2	99
(4142, 66, 49, t1) & (4142, 114, 4142, t2=t1+(0, 5)) -> (4142, 114, 49, t3=t2+(1, 4))	2	100
(865, 69, 3268, t1) & (3268, 99, 3247, t2=t1+(0, 5)) -> (865, 69, 3268, t3=t2+(1, 5))	2	101
(377, 17, 2459, t1) & (809, 130, 377, t2=t1+(0, 6)) -> (377, 17, 809, t3=t2+(1, 3))	2	102
(4226, 98, 3564, t1) & (4226, 17, 4226, t2=t1+(0, 5)) -> (4226, 17, 4226, t3=t2+(1, 4))	2	103
(3130, 119, 4601, t1) & (2720, 196, 3130, t2=t1+(0, 2)) -> (3130, 196, 3130, t3=t2+(1, 8))	2	104
(3522, 89, 4436, t1) & (4436, 17, 4436, t2=t1+(0, 2)) -> (4436, 89, 4436, t3=t2+(1, 3))	2	105
(2994, 199, 3798, t1) & (3798, 52, 2842, t2=t1+(0, 6)) -> (2842, 199, 2994, t3=t2+(1, 5))	2	106
(4695, 33, 4651, t1) & (4695, 185, 4651, t2=t1+(0, 7)) -> (4651, 33, 4695, t3=t2+(1, 4))	2	107
(1827, 110, 3913, t1) & (1958, 178, 1827, t2=t1+(0, 2)) -> (1958, 110, 3913, t3=t2+(1, 5))	2	108
(4405, 15, 4866, t1) & (4866, 147, 4866, t2=t1+(0, 3)) -> (4866, 15, 4405, t3=t2+(1, 6))	2	109
(2373, 177, 1751, t1) & (1751, 192, 3759, t2=t1+(0, 3)) -> (1751, 192, 1751, t3=t2+(1, 4))	2	110
(1540, 178, 4388, t1) & (4388, 150, 4359, t2=t1+(0, 6)) -> (1540, 150, 1540, t3=t2+(1, 6))	2	111
(4890, 4, 1272, t1) & (3085, 133, 4890, t2=t1+(0, 2)) -> (3085, 133, 4890, t3=t2+(1, 7))	2	112
(1724, 35, 3675, t1) & (1724, 23, 1724, t2=t1+(0, 4)) -> (1724, 23, 1724, t3=t2+(1, 6))	2	113
(1327, 77, 1207, t1) & (617, 73, 1207, t2=t1+(0, 4)) -> (1327, 73, 1207, t3=t2+(1, 8))	2	114
(4767, 136, 4966, t1) & (4966, 96, 1083, t2=t1+(0, 1)) -> (4966, 136, 4767, t3=t2+(1, 6))	2	115
(383, 127, 1543, t1) & (383, 130, 1543, t2=t1+(0, 3)) -> (383, 130, 1543, t3=t2+(1, 4))	2	116
(4426, 197, 4812, t1) & (4812, 160, 4812, t2=t1+(0, 4)) -> (4812, 160, 4812, t3=t2+(1, 2))	2	117
(1295, 79, 4903, t1) & (4903, 161, 4903, t2=t1+(0, 6)) -> (4903, 79, 4903, t3=t2+(1, 6))	2	118
(1973, 80, 3832, t1) & (3832, 64, 2504, t2=t1+(0, 3)) -> (1973, 64, 2504, t3=t2+(1, 4))	2	119
(3989, 77, 2327, t1) & (4872, 199, 3989, t2=t1+(0, 4)) -> (4872, 199, 2327, t3=t2+(1, 7))	2	120
(2997, 36, 3430, t1) & (3430, 41, 4709, t2=t1+(0, 6)) -> (2997, 41, 2997, t3=t2+(1, 2))	2	121
(3494, 30, 4338, t1) & (1498, 196, 4338, t2=t1+(0, 8)) -> (4338, 196, 1498, t3=t2+(1, 6))	2	122
(4163, 177, 3097, t1) & (4325, 94, 4163, t2=t1+(0, 2)) -> (4325, 177, 4163, t3=t2+(1, 12))	2	123
(2067, 62, 187, t1) & (4432, 0, 187, t2=t1+(0, 6)) -> (187, 62, 2067, t3=t2+(1, 6))	2	124
(3065, 135, 2909, t1) & (979, 143, 3065, t2=t1+(0, 5)) -> (2909, 135, 979, t3=t2+(1, 5))	2	125
(607, 38, 1731, t1) & (2301, 58, 1731, t2=t1+(0, 6)) -> (2301, 58, 1731, t3=t2+(1, 5))	2	126
(4952, 189, 3583, t1) & (3583, 164, 4698, t2=t1+(0, 8)) -> (3583, 164, 3583, t3=t2+(1, 3))	2	127
(3825, 131, 3449, t1) & (4495, 66, 3449, t2=t1+(0, 5)) -> (4495, 66, 3449, t3=t2+(1, 3))	2	128
(916, 28, 3976, t1) & (3403, 120, 3976, t2=t1+(0, 7)) -> (3976, 28, 3976, t3=t2+(1, 3))	2	129
(1706, 65, 4829, t1) & (1706, 79, 2464, t2=t1+(0, 5)) -> (2464, 65, 1706, t3=t2+(1, 2))	2	130
(2308, 163, 3331, t1) & (2308, 139, 2308, t2=t1+(0, 9)) -> (2308, 163, 2308, t3=t2+(1, 2))	2	131
(2649, 181, 3831, t1) & (3831, 78, 4185, t2=t1+(0, 7)) -> (2649, 181, 2649, t3=t2+(1, 4))	2	132
(2351, 105, 2573, t1) & (2209, 38, 2573, t2=t1+(0, 5)) -> (2209, 105, 2573, t3=t2+(1, 5))	2	133
(4447, 193, 1025, t1) & (1025, 156, 814, t2=t1+(0, 7)) -> (1025, 193, 4447, t3=t2+(1, 5))	2	134
(2253, 106, 3079, t1) & (2253, 146, 3079, t2=t1+(0, 4)) -> (2253, 106, 3079, t3=t2+(1, 10))	2	135
(1298, 198, 398, t1) & (398, 12, 1298, t2=t1+(0, 3)) -> (1298, 12, 398, t3=t2+(1, 6))	2	136
(1976, 80, 3253, t1) & (1976, 158, 1976, t2=t1+(0, 8)) -> (1976, 80, 1976, t3=t2+(1, 6))	2	137
(3078, 57, 1448, t1) & (1448, 129, 1448, t2=t1+(0, 7)) -> (1448, 57, 3078, t3=t2+(1, 7))	2	138
(4345, 90, 953, t1) & (4345, 174, 768, t2=t1+(0, 3)) -> (768, 174, 953, t3=t2+(1, 4))	2	139
(4869, 136, 1292, t1) & (4869, 86, 1065, t2=t1+(0, 8)) -> (1065, 136, 4869, t3=t2+(1, 4))	2	140
(2869, 70, 3179, t1) & (110, 30, 3179, t2=t1+(0, 4)) -> (3179, 70, 2869, t3=t2+(1, 4))	2	141
(2164, 84, 4229, t1) & (4229, 129, 2766, t2=t1+(0, 8)) -> (2164, 129, 4229, t3=t2+(1, 6))	2	142
(1686, 59, 1655, t1) & (1686, 123, 1655, t2=t1+(0, 5)) -> (1686, 123, 1655, t3=t2+(1, 6))	2	143
(2761, 23, 616, t1) & (1998, 193, 616, t2=t1+(0, 4)) -> (2761, 193, 1998, t3=t2+(1, 9))	2	144
(3075, 86, 517, t1) & (3075, 70, 517, t2=t1+(0, 5)) -> (3075, 70, 517, t3=t2+(1, 1))	2	145
(2864, 199, 1803, t1) & (2864, 121, 1803, t2=t1+(0, 8)) -> (1803, 199, 1803, t3=t2+(1, 4))	2	146
(211, 111, 4992, t1) & (4781, 104, 4992, t2=t1+(0, 7)) -> (4992, 111, 4781, t3=t2+(1, 4))	2	147
(478, 139, 4276, t1) & (762, 99, 478, t2=t1+(0, 3)) -> (762, 139, 4276, t3=t2+(1, 5))	2	148
(1349, 38, 1487, t1) & (1349, 147, 870, t2=t1+(0, 4)) -> (1349, 38, 1349, t3=t2+(1, 7))	2	149
(1909, 118, 604, t1) -> (1909, 118, 604, t2=t1+(1, 10))	1	150
(1331, 89, 1674, t1) -> (1331, 89, 1331, t2=t1+(1, 1))	1	151
(2370, 116, 1219, t1) -> (2370, 116, 1219, t2=t1+(1, 5))	1	152
(2035, 134, 2902, t1) -> (2035, 134, 2035, t2=t1+(1, 6))	1	153
(1782, 128, 2300, t1) -> (2300, 128, 1782, t2=t1+(1, 4))	1	154
(4703, 169, 2055, t1) -> (2055, 169, 4703, t2=t1+(1, 3))	1	155
(997, 107, 4509, t1) -> (997, 107, 4509, t2=t1+(1, 3))	1	156
(1751, 5, 2286, t1) -> (1751, 5, 1751, t2=t1+(1, 7))	1	157
(3471, 71, 4415, t1) -> (4415, 71, 4415, t2=t1+(1, 1))	1	158
(1553, 93, 1184, t1) -> (1553, 93, 1184, t2=t1+(1, 7))	1	159
(2546, 57, 761, t1) -> (761, 57, 2546, t2=t1+(1, 3))	1	160
(2315, 69, 633, t1) -> (2315, 69, 633, t2=t1+(1, 7))	1	161
(1032, 101, 2410, t1) -> (2410, 101, 1032, t2=t1+(1, 5))	1	162
(3484, 107, 3696, t1) -> (3696, 107, 3696, t2=t1+(1, 6))	1	163
(2866, 110, 595, t1) -> (595, 110, 2866, t2=t1+(1, 9))	1	164
(1298, 181, 1828, t1) -> (1298, 181, 1828, t2=t1+(1, 5))	1	165
(3040, 192, 3028, t1) -> (3040, 192, 3028, t2=t1+(1, 2))	1	166
(3703, 46, 3347, t1) -> (3347, 46, 3703, t2=t1+(1, 5))	1	167
(3959, 171, 1841, t1) -> (3959, 171, 1841, t2=t1+(1, 4))	1	168
(3432, 195, 1761, t1) -> (3432, 195, 3432, t2=t1+(1, 5))	1	169
(2115, 13, 3033, t1) -> (2115, 13, 3033, t2=t1+(1, 2))	1	170
(3036, 53, 1297, t1) -> (1297, 53, 3036, t2=t1+(1, 10))	1	171
(4876, 58, 1627, t1) -> (4876, 58, 1627, t2=t1+(1, 8))	1	172
(262, 4, 2675, t1) -> (2675, 4, 262, t2=t1+(1, 7))	1	173
(178, 159, 2579, t1) -> (178, 159, 2579, t2=t1+(1, 2))	1	174
(3422, 3, 3891, t1) -> (3422, 3, 3422, t2=t1+(1, 10))	1	175
(3234, 91, 4914, t1) -> (4914, 91, 4914, t2=t1+(1, 7))	1	176
(0, 78, 3752, t1) -> (3752, 78, 3752, t2=t1+(1, 3))	1	177
(1105, 172, 4432, t1) -> (4432, 172, 1105, t2=t1+(1, 5))	1	178
(4151, 176, 471, t1) -> (4151, 176, 471, t2=t1+(1, 8))	1	179
(812, 134, 2553, t1) -> (2553, 134, 2553, t2=t1+(1, 4))	1	180
(3462, 197, 1449, t1) -> (3462, 197, 3462, t2=t1+(1, 2))	1	181
(3823, 122, 2566, t1) -> (3823, 122, 2566, t2=t1+(1, 4))	1	182
(4346, 61, 4252, t1) -> (4346, 61, 4346, t2=t1+(1, 8))	1	183
(1927, 67, 1497, t1) -> (1497, 67, 1497, t2=t1+(1, 4))	1	184
(49, 15, 3587, t1) -> (3587, 15, 49, t2=t1+(1, 3))	1	185
(2927, 155, 3710, t1) -> (3710, 155, 2927, t2=t1+(1, 5))	1	186
(3217, 57, 4980, t1) -> (3217, 57, 3217, t2=t1+(1, 6))	1	187
(427, 153, 492, t1) -> (427, 153, 427, t2=t1+(1, 5))	1	188
(144, 106, 4850, t1) -> (144, 106, 144, t2=t1+(1, 5))	1	189
(2278, 28, 1479, t1) -> (1479, 28, 2278, t2=t1+(1, 7))	1	190
(413, 173, 2513, t1) -> (413, 173, 2513, t2=t1+(1, 7))	1	191
(4161, 101, 3309, t1) -> (3309, 101, 3309, t2=t1+(1, 3))	1	192
(1462, 156, 2833, t1) -> (2833, 156, 2833, t2=t1+(1, 4))	1	193
(2241, 119, 2649, t1) -> (2649, 119, 2241, t2=t1+(1, 5))	1	194
(910, 187, 2651, t1) -> (2651, 187, 2651, t2=t1+(1, 4))	1	195
(3880, 177, 2394, t1) -> (3880, 177, 2394, t2=t1+(1, 2))	1	196
(2031, 79, 1240, t1) -> (1240, 79, 1240, t2=t1+(1, 5))	1	197
(1224, 185, 32, t1) -> (1224, 185, 32, t2=t1+(1, 4))	1	198
(1346, 145, 1959, t1) -> (1346, 145, 1346, t2=t1+(1, 9))	1	199
(4858, 77, 3818, t1) -> (3818, 77, 3818, t2=t1+(1, 4))	1	200
(2544, 76, 2441, t1) -> (2544, 76, 2441, t2=t1+(1, 8))	1	201
(1703, 66, 3381, t1) -> (1703, 66, 3381, t2=t1+(1, 4))	1	202
(4281, 90, 950, t1) -> (950, 90, 4281, t2=t1+(1, 3))	1	203
(4221, 21, 1510, t1) -> (1510, 21, 4221, t2=t1+(1, 5))	1	204
(1858, 185, 2829, t1) -> (2829, 185, 1858, t2=t1+(1, 3))	1	205
(2716, 74, 208, t1) -> (2716, 74, 208, t2=t1+(1, 4))	1	206
(1577, 129, 2334, t1) -> (1577, 129, 1577, t2=t1+(1, 6))	1	207
(621, 106, 86, t1) -> (621, 106, 621, t2=t1+(1, 6))	1	208
(2831, 21, 3386, t1) -> (3386, 21, 3386, t2=t1+(1, 2))	1	209
(3277, 151, 203, t1) -> (203, 151, 3277, t2=t1+(1, 6))	1	210
(2927, 27, 4622, t1) -> (2927, 27, 4622, t2=t1+(1, 2))	1	211
(584, 54, 4882, t1) -> (584, 54, 584, t2=t1+(1, 6))	1	212
(1581, 69, 4435, t1) -> (4435, 69, 4435, t2=t1+(1, 3))	1	213
(1006, 68, 1679, t1) -> (1679, 68, 1006, t2=t1+(1, 8))	1	214
(481, 73, 822, t1) -> (822, 73, 481, t2=t1+(1, 5))	1	215
(754, 62, 4599, t1) -> (754, 62, 754, t2=t1+(1, 5))	1	216
(2574, 72, 3956, t1) -> (2574, 72, 2574, t2=t1+(1, 6))	1	217
(856, 3, 2657, t1) -> (2657, 3, 856, t2=t1+(1, 5))	1	218
(397, 181, 1732, t1) -> (397, 181, 397, t2=t1+(1, 6))	1	219
(49, 107, 3629, t1) -> (49, 107, 3629, t2=t1+(1, 6))	1	220
(156, 141, 3278, t1) -> (3278, 141, 156, t2=t1+(1, 4))	1	221
(2646, 182, 3833, t1) -> (3833, 182, 2646, t2=t1+(1, 4))	1	222
(2600, 147, 3872, t1) -> (3872, 147, 3872, t2=t1+(1, 3))	1	223
(787, 90, 1730, t1) -> (787, 90, 787, t2=t1+(1, 2))	1	224
(4053, 128, 2515, t1) -> (4053, 128, 4053, t2=t1+(1, 5))	1	225
(3616, 12, 130, t1) -> (3616, 12, 3616, t2=t1+(1, 8))	1	226
(4527, 108, 4478, t1) -> (4478, 108, 4478, t2=t1+(1, 6))	1	227
(1721, 174, 1616, t1) -> (1616, 174, 1721, t2=t1+(1, 7))	1	228
(4043, 82, 2693, t1) -> (4043, 82, 4043, t2=t1+(1, 5))	1	229
(306, 133, 3943, t1) -> (306, 133, 306, t2=t1+(1, 5))	1	230
(2192, 11, 745, t1) -> (745, 11, 2192, t2=t1+(1, 4))	1	231
(2550, 129, 4360, t1) -> (4360, 129, 2550, t2=t1+(1, 5))	1	232
(2081, 156, 2126, t1) -> (2126, 156, 2081, t2=t1+(1, 7))	1	233
(736, 9, 2066, t1) -> (736, 9, 736, t2=t1+(1, 4))	1	234
(2463, 68, 4708, t1) -> (2463, 68, 4708, t2=t1+(1, 1))	1	235
(3721, 73, 64, t1) -> (64, 73, 3721, t2=t1+(1, 6))	1	236
(1118, 111, 2040, t1) -> (1118, 111, 1118, t2=t1+(1, 6))	1	237
(3821, 138, 4275, t1) -> (4275, 138, 3821, t2=t1+(1, 2))	1	238
(543, 84, 3976, t1) -> (3976, 84, 3976, t2=t1+(1, 5))	1	239
(4108, 110, 809, t1) -> (809, 110, 809, t2=t1+(1, 6))	1	240
(2379, 98, 2070, t1) -> (2379, 98, 2379, t2=t1+(1, 4))	1	241
(1101, 119, 218, t1) -> (218, 119, 1101, t2=t1+(1, 5))	1	242
(222, 93, 2550, t1) -> (2550, 93, 2550, t2=t1+(1, 5))	1	243
(2059, 19, 3708, t1) -> (3708, 19, 2059, t2=t1+(1, 9))	1	244
(2649, 79, 302, t1) -> (302, 79, 2649, t2=t1+(1, 8))	1	245
(4495, 60, 2954, t1) -> (4495, 60, 2954, t2=t1+(1, 6))	1	246
(4269, 29, 3267, t1) -> (4269, 29, 4269, t2=t1+(1, 3))	1	247
(1858, 144, 1878, t1) -> (1878, 144, 1858, t2=t1+(1, 3))	1	248
(1025, 108, 4547, t1) -> (1025, 108, 1025, t2=t1+(1, 3))	1	249
(4180, 87, 1785, t1) -> (1785, 87, 1785, t2=t1+(1, 8))	1	250
(3931, 11, 3740, t1) -> (3740, 11, 3740, t2=t1+(1, 4))	1	251
(1130, 162, 2553, t1) -> (2553, 162, 2553, t2=t1+(1, 5))	1	252
(4097, 163, 2251, t1) -> (4097, 163, 2251, t2=t1+(1, 2))	1	253
(1769, 176, 2918, t1) -> (1769, 176, 2918, t2=t1+(1, 4))	1	254
(2883, 175, 4966, t1) -> (4966, 175, 2883, t2=t1+(1, 3))	1	255
(3777, 27, 3249, t1) -> (3777, 27, 3249, t2=t1+(1, 4))	1	256
(4996, 79, 899, t1) -> (899, 79, 899, t2=t1+(1, 6))	1	257
(410, 91, 2936, t1) -> (2936, 91, 410, t2=t1+(1, 3))	1	258
(2358, 11, 4089, t1) -> (2358, 11, 2358, t2=t1+(1, 9))	1	259
(1872, 187, 308, t1) -> (1872, 187, 308, t2=t1+(1, 6))	1	260
(1467, 152, 1558, t1) -> (1467, 152, 1558, t2=t1+(1, 3))	1	261
(1581, 199, 4493, t1) -> (4493, 199, 4493, t2=t1+(1, 6))	1	262
(1920, 89, 275, t1) -> (1920, 89, 275, t2=t1+(1, 6))	1	263
(2720, 140, 4731, t1) -> (4731, 140, 4731, t2=t1+(1, 6))	1	264
(1702, 1, 585, t1) -> (585, 1, 585, t2=t1+(1, 3))	1	265
(2313, 71, 643, t1) -> (2313, 71, 2313, t2=t1+(1, 2))	1	266
(88, 91, 2118, t1) -> (2118, 91, 2118, t2=t1+(1, 6))	1	267
(2077, 195, 3127, t1) -> (3127, 195, 3127, t2=t1+(1, 6))	1	268
(2982, 51, 797, t1) -> (2982, 51, 797, t2=t1+(1, 4))	1	269
(1439, 166, 1660, t1) -> (1439, 166, 1660, t2=t1+(1, 6))	1	270
(1054, 125, 2413, t1) -> (1054, 125, 1054, t2=t1+(1, 8))	1	271
(1862, 166, 4468, t1) -> (1862, 166, 1862, t2=t1+(1, 5))	1	272
(3959, 42, 4129, t1) -> (3959, 42, 4129, t2=t1+(1, 5))	1	273
(1299, 109, 4837, t1) -> (1299, 109, 4837, t2=t1+(1, 1))	1	274
(2947, 118, 1732, t1) -> (1732, 118, 1732, t2=t1+(1, 3))	1	275
(4694, 139, 2189, t1) -> (2189, 139, 2189, t2=t1+(1, 10))	1	276
(699, 169, 1578, t1) -> (1578, 169, 1578, t2=t1+(1, 6))	1	277
(3514, 182, 4951, t1) -> (4951, 182, 4951, t2=t1+(1, 6))	1	278
(3143, 100, 1300, t1) -> (3143, 100, 1300, t2=t1+(1, 2))	1	279
(752, 172, 1337, t1) -> (1337, 172, 1337, t2=t1+(1, 9))	1	280
(1923, 135, 4099, t1) -> (4099, 135, 4099, t2=t1+(1, 3))	1	281
(4045, 12, 4709, t1) -> (4045, 12, 4045, t2=t1+(1, 6))	1	282
(352, 152, 3911, t1) -> (352, 152, 3911, t2=t1+(1, 3))	1	283
(2296, 83, 990, t1) -> (990, 83, 2296, t2=t1+(1, 8))	1	284
(3638, 82, 1494, t1) -> (3638, 82, 1494, t2=t1+(1, 1))	1	285
(279, 82, 2737, t1) -> (279, 82, 2737, t2=t1+(1, 6))	1	286
(3577, 88, 2795, t1) -> (2795, 88, 2795, t2=t1+(1, 6))	1	287
(406, 25, 755, t1) -> (755, 25, 755, t2=t1+(1, 7))	1	288
(2540, 174, 4184, t1) -> (2540, 174, 4184, t2=t1+(1, 8))	1	289
(2060, 58, 1421, t1) -> (2060, 58, 2060, t2=t1+(1, 5))	1	290
(4109, 95, 505, t1) -> (4109, 95, 4109, t2=t1+(1, 7))	1	291
(3536, 158, 4343, t1) -> (3536, 158, 4343, t2=t1+(1, 5))	1	292
(475, 86, 1356, t1) -> (475, 86, 1356, t2=t1+(1, 8))	1	293
(4416, 3, 2021, t1) -> (2021, 3, 2021, t2=t1+(1, 4))	1	294
(4605, 80, 1015, t1) -> (4605, 80, 1015, t2=t1+(1, 2))	1	295
(559, 190, 175, t1) -> (175, 190, 175, t2=t1+(1, 5))	1	296
(1824, 176, 1675, t1) -> (1824, 176, 1824, t2=t1+(1, 4))	1	297
(4881, 162, 4475, t1) -> (4475, 162, 4475, t2=t1+(1, 2))	1	298
(3501, 50, 3681, t1) -> (3681, 50, 3681, t2=t1+(1, 5))	1	299
(418, 79, 1086, t1) -> (1086, 79, 418, t2=t1+(1, 6))	1	300
(510, 190, 4229, t1) -> (4229, 190, 510, t2=t1+(1, 5))	1	301
(919, 112, 602, t1) -> (919, 112, 919, t2=t1+(1, 5))	1	302
(4914, 61, 4873, t1) -> (4873, 61, 4873, t2=t1+(1, 4))	1	303
(4854, 13, 4482, t1) -> (4854, 13, 4854, t2=t1+(1, 7))	1	304
(2843, 70, 664, t1) -> (2843, 70, 2843, t2=t1+(1, 5))	1	305
(1174, 21, 1353, t1) -> (1353, 21, 1353, t2=t1+(1, 7))	1	306
(3099, 159, 991, t1) -> (3099, 159, 3099, t2=t1+(1, 6))	1	307
(3500, 14, 3786, t1) -> (3786, 14, 3500, t2=t1+(1, 9))	1	308
(736, 96, 993, t1) -> (993, 96, 736, t2=t1+(1, 5))	1	309
(2402, 196, 4059, t1) -> (4059, 196, 2402, t2=t1+(1, 3))	1	310
(2381, 172, 2800, t1) -> (2800, 172, 2381, t2=t1+(1, 6))	1	311
(4920, 155, 4249, t1) -> (4249, 155, 4920, t2=t1+(1, 10))	1	312
(1091, 98, 826, t1) -> (826, 98, 1091, t2=t1+(1, 3))	1	313
(1922, 39, 318, t1) -> (1922, 39, 1922, t2=t1+(1, 8))	1	314
(3349, 176, 599, t1) -> (599, 176, 599, t2=t1+(1, 7))	1	315
(813, 104, 3906, t1) -> (813, 104, 3906, t2=t1+(1, 3))	1	316
(3501, 111, 2472, t1) -> (2472, 111, 3501, t2=t1+(1, 4))	1	317
(240, 37, 3310, t1) -> (3310, 37, 240, t2=t1+(1, 7))	1	318
(4200, 187, 4928, t1) -> (4200, 187, 4200, t2=t1+(1, 7))	1	319
(1389, 137, 2879, t1) -> (2879, 137, 1389, t2=t1+(1, 9))	1	320
(3825, 176, 1294, t1) -> (1294, 176, 1294, t2=t1+(1, 3))	1	321
(2492, 194, 729, t1) -> (2492, 194, 729, t2=t1+(1, 5))	1	322
(2371, 121, 4361, t1) -> (4361, 121, 2371, t2=t1+(1, 1))	1	323
(638, 78, 1557, t1) -> (638, 78, 1557, t2=t1+(1, 5))	1	324
(4378, 32, 4242, t1) -> (4242, 32, 4378, t2=t1+(1, 3))	1	325
(2943, 125, 3417, t1) -> (3417, 125, 3417, t2=t1+(1, 3))	1	326
(988, 107, 2466, t1) -> (988, 107, 2466, t2=t1+(1, 5))	1	327
(3580, 65, 3129, t1) -> (3129, 65, 3580, t2=t1+(1, 5))	1	328
(3225, 37, 2952, t1) -> (3225, 37, 2952, t2=t1+(1, 3))	1	329
(1764, 36, 451, t1) -> (451, 36, 1764, t2=t1+(1, 6))	1	330
(524, 44, 1714, t1) -> (524, 44, 1714, t2=t1+(1, 3))	1	331
(2621, 57, 1157, t1) -> (1157, 57, 2621, t2=t1+(1, 7))	1	332
(4421, 106, 3453, t1) -> (4421, 106, 3453, t2=t1+(1, 9))	1	333
(3935, 165, 2053, t1) -> (2053, 165, 3935, t2=t1+(1, 3))	1	334
(3321, 23, 1223, t1) -> (1223, 23, 1223, t2=t1+(1, 7))	1	335
(4845, 132, 4316, t1) -> (4845, 132, 4316, t2=t1+(1, 2))	1	336
(1829, 168, 1499, t1) -> (1829, 168, 1829, t2=t1+(1, 3))	1	337
(1062, 134, 2627, t1) -> (2627, 134, 2627, t2=t1+(1, 3))	1	338
(1754, 116, 676, t1) -> (1754, 116, 1754, t2=t1+(1, 4))	1	339
(4913, 140, 2858, t1) -> (4913, 140, 2858, t2=t1+(1, 6))	1	340
(1449, 112, 3664, t1) -> (3664, 112, 1449, t2=t1+(1, 8))	1	341
(4243, 32, 4098, t1) -> (4243, 32, 4243, t2=t1+(1, 5))	1	342
(4107, 4, 1194, t1) -> (1194, 4, 4107, t2=t1+(1, 8))	1	343
(3466, 171, 4804, t1) -> (4804, 171, 3466, t2=t1+(1, 3))	1	344
(1436, 60, 4622, t1) -> (4622, 60, 1436, t2=t1+(1, 4))	1	345
(3394, 84, 1136, t1) -> (1136, 84, 3394, t2=t1+(1, 9))	1	346
(4966, 164, 3976, t1) -> (3976, 164, 4966, t2=t1+(1, 5))	1	347
(3060, 6, 4062, t1) -> (4062, 6, 3060, t2=t1+(1, 5))	1	348
(3017, 99, 75, t1) -> (75, 99, 75, t2=t1+(1, 6))	1	349
